5.450690e-01	7.617689e-01	-3.529018e-01
5.399994e-01	7.803611e-01	-3.383101e-01
5.359581e-01	7.804633e-01	-3.383173e-01
5.317459e-01	7.802287e-01	-3.382680e-01
5.512590e-01	7.801051e-01	-3.345733e-01
5.549660e-01	7.797914e-01	-3.346182e-01
5.592323e-01	7.791029e-01	-3.345326e-01
5.276456e-01	7.737623e-01	-2.304315e-01
5.642512e-01	7.715000e-01	-2.114575e-01
5.374883e-01	7.422372e-01	-3.110166e-01
5.516745e-01	7.430127e-01	-3.051190e-01
4.981877e-01	6.594926e-01	-1.628475e-01
5.920941e-01	6.654142e-01	-1.203673e-01
4.925907e-01	5.250041e-01	-1.424908e-01
6.000390e-01	5.372937e-01	-7.752942e-02
4.901904e-01	4.093647e-01	-2.271414e-01
6.010832e-01	4.125969e-01	-1.637425e-01
4.883616e-01	3.778996e-01	-2.623853e-01
6.050816e-01	3.744891e-01	-1.951216e-01
4.941012e-01	3.778380e-01	-2.950183e-01
5.992557e-01	3.756066e-01	-2.270877e-01
4.984311e-01	3.908553e-01	-2.433437e-01
5.940749e-01	3.900553e-01	-1.798665e-01
5.207888e-01	4.094021e-01	-1.602787e-02
5.702447e-01	4.054596e-01	1.609432e-02
5.145165e-01	2.522965e-01	1.973521e-02
5.793128e-01	2.510419e-01	8.216824e-02
5.111414e-01	1.133560e-01	2.379636e-01
5.749669e-01	1.093324e-01	3.104022e-01
5.210215e-01	9.116786e-02	2.534761e-01
5.667233e-01	8.824483e-02	3.264793e-01
4.903761e-01	5.134416e-02	1.493054e-01
6.064202e-01	5.468091e-02	2.254490e-01
5.455745e-01	7.620335e-01	-3.350897e-01
5.401159e-01	7.803749e-01	-3.184679e-01
5.361094e-01	7.805091e-01	-3.184731e-01
5.318490e-01	7.803640e-01	-3.184016e-01
5.514285e-01	7.800763e-01	-3.172876e-01
5.554395e-01	7.797623e-01	-3.173681e-01
5.595617e-01	7.790959e-01	-3.173195e-01
5.276879e-01	7.738830e-01	-2.063019e-01
5.644366e-01	7.716548e-01	-2.006927e-01
5.379069e-01	7.424521e-01	-2.919757e-01
5.519730e-01	7.430223e-01	-2.900231e-01
4.985496e-01	6.595937e-01	-1.398875e-01
5.920538e-01	6.654196e-01	-1.142501e-01
4.932037e-01	5.267739e-01	-1.222044e-01
5.994121e-01	5.361415e-01	-7.586104e-02
4.913560e-01	4.113332e-01	-2.034173e-01
6.007812e-01	4.096653e-01	-1.633349e-01
4.889594e-01	3.779151e-01	-2.367444e-01
6.047922e-01	3.732135e-01	-1.947007e-01
4.945132e-01	3.780670e-01	-2.662329e-01
5.993289e-01	3.730230e-01	-2.270612e-01
4.994741e-01	3.909788e-01	-2.181309e-01
5.942703e-01	3.858398e-01	-1.795282e-01
5.207882e-01	4.105297e-01	-1.338425e-02
5.700302e-01	4.096000e-01	1.345818e-02
5.145898e-01	2.522606e-01	2.605915e-02
5.801535e-01	2.521129e-01	6.197250e-02
5.117055e-01	1.119329e-01	2.307290e-01
5.750055e-01	1.093520e-01	2.650684e-01
5.208312e-01	9.104684e-02	2.435962e-01
5.668180e-01	8.896924e-02	2.776680e-01
4.908752e-01	5.143350e-02	1.354719e-01
6.062862e-01	5.465106e-02	1.677200e-01
5.459353e-01	7.620701e-01	-3.366053e-01
5.401592e-01	7.803781e-01	-3.205275e-01
5.361190e-01	7.805365e-01	-3.205244e-01
5.318722e-01	7.804056e-01	-3.204502e-01
5.515598e-01	7.800646e-01	-3.198208e-01
5.557690e-01	7.797562e-01	-3.199028e-01
5.597897e-01	7.790923e-01	-3.198497e-01
5.276461e-01	7.739111e-01	-2.088249e-01
5.644921e-01	7.717357e-01	-2.007931e-01
5.380569e-01	7.424511e-01	-2.933883e-01
5.522218e-01	7.429838e-01	-2.921049e-01
4.985788e-01	6.595897e-01	-1.360551e-01
5.920532e-01	6.654037e-01	-1.242376e-01
4.935085e-01	5.275559e-01	-1.105816e-01
5.993671e-01	5.335633e-01	-9.152381e-02
4.902563e-01	4.112504e-01	-1.863829e-01
6.007122e-01	3.998072e-01	-1.753249e-01
4.866537e-01	3.761217e-01	-2.176946e-01
6.047942e-01	3.655785e-01	-2.074721e-01
4.919054e-01	3.766719e-01	-2.486881e-01
5.994788e-01	3.632913e-01	-2.398466e-01
4.974036e-01	3.886167e-01	-2.016585e-01
5.944449e-01	3.762356e-01	-1.911534e-01
5.209743e-01	4.099949e-01	-6.868462e-03
5.703911e-01	4.097592e-01	6.936628e-03
5.146199e-01	2.522230e-01	5.202595e-02
5.801170e-01	2.524861e-01	6.876268e-02
5.119745e-01	1.118620e-01	2.570345e-01
5.750079e-01	1.095099e-01	2.810822e-01
5.208001e-01	9.113633e-02	2.706183e-01
5.668259e-01	8.980521e-02	2.961924e-01
4.910693e-01	5.148321e-02	1.651776e-01
6.052027e-01	5.442021e-02	1.911449e-01
5.459540e-01	7.624242e-01	-3.387474e-01
5.401573e-01	7.806979e-01	-3.229879e-01
5.360651e-01	7.809829e-01	-3.229838e-01
5.318698e-01	7.808838e-01	-3.229135e-01
5.515727e-01	7.801911e-01	-3.220871e-01
5.557925e-01	7.798871e-01	-3.221627e-01
5.598162e-01	7.791650e-01	-3.221034e-01
5.274590e-01	7.743038e-01	-2.116694e-01
5.644869e-01	7.718405e-01	-2.067923e-01
5.380358e-01	7.429633e-01	-2.955709e-01
5.522290e-01	7.431020e-01	-2.939894e-01
4.984861e-01	6.595552e-01	-1.362073e-01
5.918989e-01	6.653812e-01	-1.326939e-01
4.940864e-01	5.275430e-01	-1.057751e-01
5.988702e-01	5.318516e-01	-1.016169e-01
4.887172e-01	4.111026e-01	-1.770585e-01
6.009541e-01	3.978520e-01	-1.833225e-01
4.835395e-01	3.752711e-01	-2.065364e-01
6.058555e-01	3.627208e-01	-2.151141e-01
4.876559e-01	3.752138e-01	-2.394200e-01
6.010754e-01	3.594754e-01	-2.479228e-01
4.934216e-01	3.863500e-01	-1.931834e-01
5.958064e-01	3.729352e-01	-1.994626e-01
5.215557e-01	4.102153e-01	-3.330956e-03
5.712090e-01	4.111447e-01	3.401093e-03
5.146624e-01	2.522040e-01	5.730938e-02
5.802819e-01	2.529233e-01	6.964143e-02
5.119709e-01	1.118577e-01	2.682362e-01
5.750083e-01	1.099300e-01	2.883873e-01
5.203335e-01	9.132106e-02	2.825722e-01
5.668877e-01	9.078828e-02	3.036122e-01
4.911897e-01	5.155156e-02	1.773006e-01
6.046972e-01	5.442301e-02	1.951383e-01
5.455438e-01	7.626145e-01	-3.389159e-01
5.398805e-01	7.810385e-01	-3.242698e-01
5.356325e-01	7.813900e-01	-3.242670e-01
5.317456e-01	7.814380e-01	-3.242030e-01
5.514585e-01	7.803696e-01	-3.238442e-01
5.556524e-01	7.801009e-01	-3.239317e-01
5.597402e-01	7.793737e-01	-3.238893e-01
5.273312e-01	7.750506e-01	-2.130660e-01
5.644599e-01	7.720835e-01	-2.121521e-01
5.375533e-01	7.434716e-01	-2.972535e-01
5.520846e-01	7.432510e-01	-2.957298e-01
4.985583e-01	6.596745e-01	-1.346619e-01
5.918800e-01	6.652945e-01	-1.332540e-01
4.941646e-01	5.278279e-01	-9.997303e-02
5.978593e-01	5.310529e-01	-9.872775e-02
4.869935e-01	4.117849e-01	-1.738940e-01
6.016710e-01	3.987999e-01	-1.837452e-01
4.810312e-01	3.758186e-01	-2.034918e-01
6.069080e-01	3.634389e-01	-2.151737e-01
4.841917e-01	3.756125e-01	-2.370343e-01
6.024389e-01	3.608568e-01	-2.495066e-01
4.898694e-01	3.863784e-01	-1.904680e-01
5.971514e-01	3.743287e-01	-2.004809e-01
5.215799e-01	4.112968e-01	-3.871599e-03
5.712325e-01	4.127558e-01	3.944877e-03
5.146633e-01	2.523829e-01	5.445077e-02
5.802260e-01	2.541285e-01	7.272433e-02
5.120720e-01	1.120642e-01	2.622305e-01
5.750163e-01	1.102841e-01	2.916555e-01
5.202491e-01	9.197744e-02	2.761241e-01
5.669803e-01	9.171636e-02	3.068101e-01
4.916533e-01	5.178414e-02	1.695479e-01
6.043628e-01	5.451988e-02	1.945450e-01
5.455443e-01	7.627878e-01	-3.512007e-01
5.398878e-01	7.811401e-01	-3.348844e-01
5.356338e-01	7.815189e-01	-3.348922e-01
5.317658e-01	7.816474e-01	-3.348333e-01
5.514817e-01	7.804132e-01	-3.358928e-01
5.556898e-01	7.801532e-01	-3.359760e-01
5.597719e-01	7.794256e-01	-3.359468e-01
5.273474e-01	7.755264e-01	-2.161477e-01
5.644921e-01	7.721891e-01	-2.210460e-01
5.375444e-01	7.438602e-01	-3.054531e-01
5.520853e-01	7.434188e-01	-3.062254e-01
4.987391e-01	6.604060e-01	-1.352115e-01
5.916401e-01	6.653672e-01	-1.366832e-01
4.942297e-01	5.284418e-01	-9.540571e-02
5.974728e-01	5.311930e-01	-9.910056e-02
4.863437e-01	4.125252e-01	-1.683476e-01
6.030963e-01	4.032468e-01	-1.843852e-01
4.804862e-01	3.770489e-01	-1.969034e-01
6.090136e-01	3.669548e-01	-2.150799e-01
4.831333e-01	3.764158e-01	-2.301094e-01
6.054780e-01	3.638971e-01	-2.500045e-01
4.888495e-01	3.869437e-01	-1.848570e-01
6.002926e-01	3.765424e-01	-2.013513e-01
5.219965e-01	4.131492e-01	-3.194164e-03
5.714246e-01	4.145668e-01	3.255550e-03
5.146717e-01	2.524815e-01	5.466489e-02
5.802664e-01	2.550626e-01	7.287467e-02
5.120788e-01	1.125859e-01	2.683988e-01
5.750943e-01	1.106100e-01	2.972564e-01
5.200384e-01	9.320793e-02	2.825382e-01
5.674490e-01	9.237433e-02	3.121313e-01
4.920582e-01	5.220717e-02	1.695565e-01
6.043826e-01	5.462043e-02	1.971390e-01
5.455439e-01	7.631988e-01	-2.988159e-01
5.398991e-01	7.813663e-01	-2.821254e-01
5.356382e-01	7.817275e-01	-2.821334e-01
5.317956e-01	7.819617e-01	-2.820584e-01
5.514919e-01	7.805517e-01	-2.817854e-01
5.556963e-01	7.802710e-01	-2.818430e-01
5.597750e-01	7.795362e-01	-2.817963e-01
5.273818e-01	7.759036e-01	-1.720217e-01
5.644902e-01	7.722441e-01	-1.697523e-01
5.375426e-01	7.446269e-01	-2.566668e-01
5.520854e-01	7.438509e-01	-2.556164e-01
4.988504e-01	6.617264e-01	-1.001020e-01
5.912904e-01	6.657208e-01	-9.251936e-02
4.938439e-01	5.351242e-01	-7.241419e-02
5.972153e-01	5.344758e-01	-5.794169e-02
4.835710e-01	4.274955e-01	-1.507175e-01
6.054980e-01	4.162449e-01	-1.478311e-01
4.767411e-01	3.908201e-01	-1.789229e-01
6.117487e-01	3.782180e-01	-1.774305e-01
4.783959e-01	3.892726e-01	-2.125354e-01
6.077907e-01	3.769138e-01	-2.127843e-01
4.848175e-01	4.007350e-01	-1.672823e-01
6.029768e-01	3.903244e-01	-1.652234e-01
5.223985e-01	4.141754e-01	-3.813539e-03
5.714962e-01	4.153763e-01	3.882526e-03
5.146306e-01	2.526641e-01	3.867692e-02
5.802618e-01	2.556986e-01	5.306908e-02
5.120549e-01	1.138162e-01	2.178144e-01
5.750822e-01	1.109080e-01	2.398454e-01
5.196466e-01	9.466645e-02	2.282947e-01
5.674580e-01	9.285166e-02	2.503311e-01
4.921095e-01	5.336223e-02	1.162082e-01
6.043977e-01	5.511761e-02	1.338573e-01
5.453094e-01	7.636215e-01	-2.866481e-01
5.397907e-01	7.816001e-01	-2.692623e-01
5.354871e-01	7.819300e-01	-2.692761e-01
5.317590e-01	7.822534e-01	-2.692020e-01
5.514027e-01	7.807667e-01	-2.696533e-01
5.555771e-01	7.804550e-01	-2.697024e-01
5.596749e-01	7.797468e-01	-2.696598e-01
5.273333e-01	7.760763e-01	-1.574828e-01
5.644282e-01	7.722827e-01	-1.582378e-01
5.373107e-01	7.451830e-01	-2.439837e-01
5.519902e-01	7.441944e-01	-2.438148e-01
4.989459e-01	6.625200e-01	-8.305100e-02
5.910366e-01	6.664361e-01	-8.014121e-02
4.931666e-01	5.401443e-01	-4.881217e-02
5.971025e-01	5.392198e-01	-4.287896e-02
4.793650e-01	4.381732e-01	-1.297809e-01
6.071610e-01	4.293661e-01	-1.367590e-01
4.733935e-01	4.034230e-01	-1.577848e-01
6.139159e-01	3.915669e-01	-1.664770e-01
4.744332e-01	4.017446e-01	-1.916613e-01
6.108476e-01	3.927328e-01	-2.035977e-01
4.806660e-01	4.142029e-01	-1.465471e-01
6.061580e-01	4.058122e-01	-1.549924e-01
5.223403e-01	4.150078e-01	-3.634894e-03
5.714746e-01	4.156731e-01	3.703718e-03
5.143442e-01	2.531617e-01	2.979744e-02
5.802572e-01	2.558675e-01	4.205516e-02
5.114068e-01	1.146420e-01	2.098545e-01
5.749360e-01	1.114686e-01	2.278880e-01
5.179702e-01	9.572616e-02	2.201692e-01
5.673673e-01	9.368016e-02	2.381883e-01
4.920943e-01	5.477154e-02	1.060260e-01
6.043721e-01	5.559032e-02	1.196837e-01
5.449651e-01	7.638037e-01	-2.962996e-01
5.396210e-01	7.817149e-01	-2.789128e-01
5.352763e-01	7.820296e-01	-2.789302e-01
5.316857e-01	7.824002e-01	-2.788629e-01
5.512770e-01	7.808552e-01	-2.800739e-01
5.554199e-01	7.805240e-01	-2.801116e-01
5.595432e-01	7.798172e-01	-2.800710e-01
5.272342e-01	7.761164e-01	-1.632975e-01
5.643538e-01	7.722837e-01	-1.676099e-01
5.369586e-01	7.454390e-01	-2.519702e-01
5.518241e-01	7.442927e-01	-2.527397e-01
4.990667e-01	6.634287e-01	-7.369337e-02
5.905057e-01	6.679288e-01	-8.393175e-02
4.918648e-01	5.436918e-01	-8.153874e-03
5.971185e-01	5.479466e-01	-3.217524e-02
4.762278e-01	4.463673e-01	-6.511956e-02
6.086794e-01	4.461799e-01	-1.161145e-01
4.706659e-01	4.126892e-01	-8.642457e-02
6.157591e-01	4.100400e-01	-1.428642e-01
4.701164e-01	4.108545e-01	-1.226724e-01
6.138011e-01	4.112601e-01	-1.815735e-01
4.761438e-01	4.231889e-01	-8.223183e-02
6.084405e-01	4.237232e-01	-1.344513e-01
5.217071e-01	4.172620e-01	-2.199856e-04
5.712078e-01	4.175597e-01	2.610340e-04
5.135982e-01	2.540300e-01	2.673235e-02
5.803009e-01	2.569338e-01	2.684114e-02
5.112048e-01	1.157086e-01	2.104278e-01
5.749155e-01	1.126455e-01	2.121671e-01
5.176526e-01	9.684174e-02	2.207303e-01
5.673468e-01	9.499279e-02	2.220424e-01
4.919329e-01	5.582358e-02	1.037609e-01
6.043676e-01	5.642425e-02	9.941013e-02
5.450373e-01	7.644418e-01	-3.386366e-01
5.396230e-01	7.821687e-01	-3.218806e-01
5.352758e-01	7.823735e-01	-3.219264e-01
5.316858e-01	7.827883e-01	-3.219020e-01
5.512825e-01	7.814429e-01	-3.229816e-01
5.554277e-01	7.811211e-01	-3.230224e-01
5.595487e-01	7.806276e-01	-3.229720e-01
5.271966e-01	7.767460e-01	-2.035914e-01
5.643650e-01	7.734007e-01	-2.080011e-01
5.369670e-01	7.462257e-01	-2.925650e-01
5.518886e-01	7.452621e-01	-2.934947e-01
4.990899e-01	6.648034e-01	-1.100288e-01
5.903906e-01	6.703917e-01	-1.185691e-01
4.884527e-01	5.434418e-01	-5.407152e-02
5.977412e-01	5.488241e-01	-7.527155e-02
4.596203e-01	4.446433e-01	-1.453398e-01
6.120470e-01	4.485822e-01	-1.642137e-01
4.509431e-01	4.143133e-01	-1.678302e-01
6.199242e-01	4.137225e-01	-1.925586e-01
4.480107e-01	4.126768e-01	-2.103194e-01
6.194715e-01	4.143224e-01	-2.320327e-01
4.547867e-01	4.231594e-01	-1.660081e-01
6.129255e-01	4.241433e-01	-1.838968e-01
5.217100e-01	4.197408e-01	-3.913669e-04
5.712487e-01	4.211799e-01	4.277464e-04
5.136489e-01	2.551718e-01	2.864476e-02
5.808538e-01	2.578426e-01	3.830706e-02
5.112129e-01	1.165692e-01	2.311509e-01
5.752636e-01	1.135239e-01	2.407431e-01
5.177025e-01	9.760698e-02	2.434683e-01
5.675493e-01	9.556974e-02	2.526727e-01
4.919957e-01	5.725660e-02	1.234686e-01
6.044456e-01	5.750034e-02	1.347940e-01
5.453247e-01	7.662526e-01	-3.361781e-01
5.397489e-01	7.839184e-01	-3.196536e-01
5.354325e-01	7.840089e-01	-3.196904e-01
5.317711e-01	7.844286e-01	-3.196552e-01
5.514240e-01	7.831781e-01	-3.201502e-01
5.556992e-01	7.829077e-01	-3.201861e-01
5.597045e-01	7.826407e-01	-3.201277e-01
5.273025e-01	7.784014e-01	-2.028350e-01
5.645858e-01	7.756932e-01	-2.047420e-01
5.372772e-01	7.483125e-01	-2.908338e-01
5.522044e-01	7.472768e-01	-2.910048e-01
4.998847e-01	6.700866e-01	-1.124065e-01
5.902438e-01	6.752384e-01	-1.181133e-01
4.858767e-01	5.532472e-01	-6.610163e-02
6.016039e-01	5.580634e-01	-7.505055e-02
4.518791e-01	4.594029e-01	-1.500496e-01
6.299767e-01	4.694168e-01	-1.698284e-01
4.419239e-01	4.301322e-01	-1.751614e-01
6.403540e-01	4.434959e-01	-1.991004e-01
4.382345e-01	4.294867e-01	-2.140381e-01
6.436252e-01	4.490288e-01	-2.391267e-01
4.443037e-01	4.388708e-01	-1.689310e-01
6.370355e-01	4.565643e-01	-1.902287e-01
5.218687e-01	4.261594e-01	5.476859e-04
5.715286e-01	4.269280e-01	-5.273601e-04
5.140418e-01	2.577729e-01	3.005794e-02
5.804833e-01	2.602722e-01	3.719003e-02
5.114552e-01	1.169315e-01	2.274498e-01
5.758248e-01	1.143971e-01	2.315438e-01
5.180652e-01	9.788802e-02	2.388944e-01
5.681390e-01	9.592140e-02	2.419436e-01
4.922134e-01	5.901775e-02	1.238372e-01
6.046969e-01	5.885108e-02	1.230054e-01
5.457036e-01	7.675691e-01	-3.078903e-01
5.398877e-01	7.853410e-01	-2.894919e-01
5.356154e-01	7.853534e-01	-2.895483e-01
5.318659e-01	7.857279e-01	-2.895246e-01
5.516137e-01	7.846898e-01	-2.896098e-01
5.560333e-01	7.845339e-01	-2.896035e-01
5.599074e-01	7.843941e-01	-2.895120e-01
5.273825e-01	7.797095e-01	-1.675357e-01
5.648626e-01	7.777937e-01	-1.677558e-01
5.377487e-01	7.495373e-01	-2.612435e-01
5.526378e-01	7.486656e-01	-2.609745e-01
5.003933e-01	6.732051e-01	-7.960697e-02
5.902329e-01	6.800406e-01	-7.403263e-02
4.839420e-01	5.656675e-01	-2.321674e-02
6.062749e-01	5.723391e-01	-3.736828e-02
4.478082e-01	4.842236e-01	-1.044776e-01
6.403461e-01	5.022616e-01	-1.557456e-01
4.352250e-01	4.552678e-01	-1.287440e-01
6.542088e-01	4.851427e-01	-1.889620e-01
4.330147e-01	4.571777e-01	-1.727022e-01
6.565005e-01	4.877083e-01	-2.319640e-01
4.394288e-01	4.679330e-01	-1.254252e-01
6.497213e-01	4.936551e-01	-1.787380e-01
5.218692e-01	4.282937e-01	2.072167e-04
5.716904e-01	4.287848e-01	-1.740400e-04
5.141591e-01	2.597645e-01	2.865336e-02
5.798111e-01	2.620882e-01	3.372312e-02
5.115025e-01	1.174693e-01	2.245689e-01
5.759532e-01	1.156897e-01	2.315844e-01
5.183240e-01	9.810355e-02	2.358989e-01
5.681456e-01	9.643439e-02	2.418564e-01
4.924825e-01	6.053080e-02	1.200152e-01
6.048324e-01	6.040705e-02	1.198152e-01
5.457739e-01	7.690445e-01	-3.335783e-01
5.399240e-01	7.868375e-01	-3.164770e-01
5.356514e-01	7.868512e-01	-3.165257e-01
5.318937e-01	7.872315e-01	-3.165029e-01
5.516387e-01	7.862001e-01	-3.169725e-01
5.560737e-01	7.860314e-01	-3.169655e-01
5.599291e-01	7.859493e-01	-3.169108e-01
5.274044e-01	7.810966e-01	-1.880789e-01
5.649393e-01	7.792264e-01	-1.935489e-01
5.378892e-01	7.509539e-01	-2.849601e-01
5.527336e-01	7.500136e-01	-2.853361e-01
5.006534e-01	6.758420e-01	-8.445652e-02
5.902461e-01	6.826830e-01	-8.241639e-02
4.847259e-01	5.799341e-01	4.831875e-02
6.114990e-01	5.864698e-01	8.326846e-02
4.496863e-01	5.126975e-01	9.627611e-02
6.473774e-01	5.279089e-01	1.621624e-01
4.343781e-01	4.912524e-01	1.086890e-01
6.595843e-01	5.119324e-01	1.725270e-01
4.291350e-01	4.964436e-01	6.138672e-02
6.617342e-01	5.154917e-01	1.390874e-01
4.371406e-01	5.010890e-01	7.805009e-02
6.550419e-01	5.195187e-01	1.505690e-01
5.219122e-01	4.282339e-01	6.966487e-04
5.721844e-01	4.289201e-01	-7.634014e-04
5.144174e-01	2.602539e-01	4.256978e-02
5.794181e-01	2.633044e-01	3.509039e-02
5.115130e-01	1.177363e-01	2.413611e-01
5.760341e-01	1.167078e-01	2.562096e-01
5.184666e-01	9.831127e-02	2.541672e-01
5.681444e-01	9.697598e-02	2.692422e-01
4.925662e-01	6.084756e-02	1.432242e-01
6.048572e-01	6.140289e-02	1.500355e-01
5.457434e-01	7.702285e-01	-3.361658e-01
5.399207e-01	7.881173e-01	-3.178411e-01
5.356348e-01	7.881686e-01	-3.178898e-01
5.318938e-01	7.885334e-01	-3.178448e-01
5.516379e-01	7.873652e-01	-3.180198e-01
5.560749e-01	7.870505e-01	-3.180210e-01
5.599324e-01	7.868807e-01	-3.179608e-01
5.273947e-01	7.820715e-01	-1.888312e-01
5.649561e-01	7.796605e-01	-1.935455e-01
5.378721e-01	7.520366e-01	-2.881734e-01
5.527185e-01	7.507764e-01	-2.878710e-01
5.009033e-01	6.794160e-01	-7.557008e-02
5.901956e-01	6.818072e-01	-8.464740e-02
4.774695e-01	6.068898e-01	9.330927e-02
6.187024e-01	6.054202e-01	6.485008e-02
4.307760e-01	5.578142e-01	1.968895e-01
6.617410e-01	5.593116e-01	1.294050e-01
4.174732e-01	5.430658e-01	2.201251e-01
6.785127e-01	5.413903e-01	1.382882e-01
4.134014e-01	5.459163e-01	1.724040e-01
6.775838e-01	5.461037e-01	1.030769e-01
4.211234e-01	5.495358e-01	1.796867e-01
6.702117e-01	5.503179e-01	1.160816e-01
5.218376e-01	4.284950e-01	1.575548e-03
5.721799e-01	4.292522e-01	-1.695444e-03
5.145310e-01	2.612220e-01	5.414498e-02
5.786375e-01	2.647302e-01	5.926546e-02
5.115314e-01	1.177500e-01	2.403612e-01
5.760595e-01	1.176228e-01	2.811012e-01
5.185708e-01	9.828720e-02	2.527233e-01
5.681453e-01	9.715819e-02	2.946585e-01
4.927857e-01	6.082423e-02	1.423505e-01
6.048619e-01	6.275729e-02	1.804482e-01
5.457013e-01	7.713543e-01	-2.730777e-01
5.399066e-01	7.891027e-01	-2.542287e-01
5.355858e-01	7.891171e-01	-2.542589e-01
5.318813e-01	7.894014e-01	-2.542173e-01
5.516339e-01	7.882919e-01	-2.542686e-01
5.560741e-01	7.878297e-01	-2.542756e-01
5.599334e-01	7.875471e-01	-2.541676e-01
5.272574e-01	7.824988e-01	-1.359780e-01
5.649969e-01	7.798059e-01	-1.345648e-01
5.378161e-01	7.527899e-01	-2.286298e-01
5.527028e-01	7.512763e-01	-2.277879e-01
5.003332e-01	6.802114e-01	-5.750100e-02
5.911545e-01	6.810204e-01	-5.856364e-02
4.665326e-01	6.288767e-01	-8.282512e-02
6.302819e-01	6.209845e-01	-1.535794e-02
4.204493e-01	6.039586e-01	-2.354216e-01
6.761445e-01	5.956091e-01	-1.070245e-01
4.073241e-01	6.013035e-01	-2.632164e-01
6.931745e-01	5.905369e-01	-1.351578e-01
4.077151e-01	6.023462e-01	-2.955371e-01
6.912867e-01	5.963348e-01	-1.610024e-01
4.170672e-01	6.029540e-01	-2.548174e-01
6.826639e-01	5.949782e-01	-1.238826e-01
5.216084e-01	4.280325e-01	-1.723844e-03
5.722367e-01	4.287569e-01	1.815517e-03
5.148458e-01	2.619908e-01	6.655786e-02
5.786058e-01	2.653739e-01	1.019450e-01
5.115628e-01	1.178774e-01	2.337887e-01
5.760149e-01	1.184639e-01	3.059745e-01
5.186571e-01	9.825270e-02	2.423742e-01
5.680212e-01	9.737587e-02	3.176835e-01
4.927959e-01	6.082576e-02	1.315092e-01
6.048766e-01	6.335985e-02	2.066166e-01
5.450299e-01	7.724771e-01	-2.821982e-01
5.394927e-01	7.901037e-01	-2.649956e-01
5.350784e-01	7.901599e-01	-2.650476e-01
5.316643e-01	7.904322e-01	-2.650072e-01
5.514224e-01	7.895148e-01	-2.659858e-01
5.558609e-01	7.890125e-01	-2.659808e-01
5.598546e-01	7.886617e-01	-2.658892e-01
5.270439e-01	7.834830e-01	-1.489778e-01
5.649970e-01	7.805888e-01	-1.505763e-01
5.373473e-01	7.538300e-01	-2.374345e-01
5.523865e-01	7.521809e-01	-2.375675e-01
5.001532e-01	6.906801e-01	-6.015956e-02
5.927423e-01	6.827031e-01	-6.846870e-02
4.639464e-01	6.567309e-01	-6.053827e-02
6.436029e-01	6.403164e-01	-1.591293e-02
4.254988e-01	6.373908e-01	-1.430357e-01
6.984747e-01	6.345831e-01	-5.831182e-02
4.122037e-01	6.304036e-01	-1.598256e-01
7.150143e-01	6.410015e-01	-7.565691e-02
4.135207e-01	6.375820e-01	-1.931238e-01
7.174445e-01	6.448483e-01	-1.091571e-01
4.234370e-01	6.387157e-01	-1.603159e-01
7.092297e-01	6.404451e-01	-7.654816e-02
5.214595e-01	4.290226e-01	-1.660035e-03
5.723644e-01	4.293074e-01	1.751251e-03
5.148545e-01	2.622692e-01	6.802601e-02
5.783480e-01	2.656003e-01	1.049386e-01
5.115652e-01	1.178581e-01	2.286106e-01
5.759783e-01	1.190170e-01	3.096338e-01
5.186735e-01	9.817462e-02	2.365939e-01
5.679797e-01	9.777343e-02	3.222106e-01
4.927985e-01	6.063706e-02	1.222598e-01
6.047032e-01	6.343967e-02	2.113880e-01
5.446945e-01	7.733606e-01	-2.857162e-01
5.393149e-01	7.908767e-01	-2.677700e-01
5.348592e-01	7.909556e-01	-2.678275e-01
5.315408e-01	7.913029e-01	-2.678047e-01
5.513449e-01	7.902664e-01	-2.690244e-01
5.557997e-01	7.897012e-01	-2.690222e-01
5.598457e-01	7.892599e-01	-2.689258e-01
5.268595e-01	7.844512e-01	-1.497305e-01
5.650375e-01	7.809514e-01	-1.522451e-01
5.369062e-01	7.544580e-01	-2.401293e-01
5.521984e-01	7.528815e-01	-2.407656e-01
4.989908e-01	6.975655e-01	-7.066711e-02
5.945392e-01	6.858294e-01	-7.465167e-02
4.405484e-01	6.876022e-01	-1.482671e-01
6.516851e-01	6.725737e-01	-1.019909e-01
3.901627e-01	6.833887e-01	-3.302675e-01
7.000211e-01	6.813532e-01	-2.367543e-01
3.795698e-01	6.828845e-01	-3.656370e-01
7.208797e-01	6.907000e-01	-2.707348e-01
3.796455e-01	6.890297e-01	-3.958068e-01
7.189823e-01	6.976367e-01	-2.970217e-01
3.905464e-01	6.835127e-01	-3.507408e-01
7.100902e-01	6.933607e-01	-2.549674e-01
5.212713e-01	4.299676e-01	-4.103831e-03
5.723621e-01	4.296951e-01	4.248118e-03
5.149924e-01	2.625234e-01	7.161187e-02
5.783061e-01	2.656118e-01	1.128665e-01
5.115733e-01	1.178489e-01	2.288369e-01
5.759774e-01	1.191712e-01	3.206503e-01
5.186870e-01	9.815294e-02	2.362390e-01
5.679820e-01	9.790945e-02	3.322585e-01
4.928190e-01	6.008410e-02	1.084452e-01
6.046399e-01	6.339880e-02	2.116873e-01
5.439408e-01	7.750204e-01	-2.945059e-01
5.386499e-01	7.926801e-01	-2.771304e-01
5.343044e-01	7.928185e-01	-2.771770e-01
5.310923e-01	7.931077e-01	-2.771449e-01
5.509043e-01	7.920769e-01	-2.776609e-01
5.553363e-01	7.915660e-01	-2.776738e-01
5.595794e-01	7.909548e-01	-2.775973e-01
5.264897e-01	7.860352e-01	-1.580151e-01
5.650250e-01	7.823538e-01	-1.672622e-01
5.362648e-01	7.555544e-01	-2.492535e-01
5.517859e-01	7.544148e-01	-2.493106e-01
4.989269e-01	7.036358e-01	-8.065359e-02
5.963024e-01	6.926534e-01	-9.954839e-02
4.335888e-01	7.197758e-01	-1.497414e-01
6.603637e-01	7.087197e-01	-1.309852e-01
4.009255e-01	7.204557e-01	-2.967911e-01
7.098882e-01	7.305015e-01	-2.444869e-01
3.852671e-01	7.129915e-01	-3.297220e-01
7.242669e-01	7.437346e-01	-2.786488e-01
3.904149e-01	7.129806e-01	-3.554525e-01
7.217618e-01	7.532251e-01	-3.045544e-01
3.971913e-01	7.097107e-01	-3.145944e-01
7.131549e-01	7.415574e-01	-2.617546e-01
5.208656e-01	4.316471e-01	-4.043871e-03
5.722989e-01	4.303775e-01	4.191911e-03
5.150049e-01	2.629880e-01	8.768709e-02
5.779364e-01	2.657306e-01	1.169894e-01
5.115918e-01	1.178856e-01	2.538050e-01
5.759543e-01	1.191376e-01	3.309034e-01
5.188506e-01	9.813746e-02	2.619837e-01
5.679691e-01	9.793194e-02	3.434829e-01
4.928165e-01	6.004599e-02	1.344523e-01
6.045484e-01	6.335020e-02	2.246056e-01
5.420585e-01	7.754184e-01	-2.873189e-01
5.368176e-01	7.930543e-01	-2.708187e-01
5.330579e-01	7.931743e-01	-2.708505e-01
5.298668e-01	7.934372e-01	-2.708090e-01
5.494264e-01	7.925426e-01	-2.721158e-01
5.538031e-01	7.920716e-01	-2.721412e-01
5.583572e-01	7.914927e-01	-2.720692e-01
5.253324e-01	7.865207e-01	-1.583288e-01
5.643696e-01	7.832909e-01	-1.638512e-01
5.347170e-01	7.555332e-01	-2.434260e-01
5.501624e-01	7.546353e-01	-2.443778e-01
4.989368e-01	7.119896e-01	-8.167523e-02
5.961100e-01	7.028235e-01	-9.808548e-02
4.334034e-01	7.465777e-01	-1.799474e-01
6.574130e-01	7.340668e-01	-1.108545e-01
4.025427e-01	7.951674e-01	-3.444343e-01
7.006177e-01	7.799857e-01	-1.963389e-01
3.929883e-01	8.101450e-01	-3.794635e-01
7.170905e-01	7.990411e-01	-2.225949e-01
3.956084e-01	8.146892e-01	-3.926044e-01
7.137330e-01	8.049957e-01	-2.461200e-01
4.033167e-01	7.989224e-01	-3.584070e-01
7.088285e-01	7.991944e-01	-2.114267e-01
5.202606e-01	4.340635e-01	-4.309073e-03
5.721022e-01	4.316505e-01	4.433670e-03
5.147632e-01	2.631561e-01	7.553433e-02
5.779547e-01	2.656314e-01	1.020140e-01
5.114402e-01	1.178498e-01	2.496992e-01
5.760218e-01	1.189103e-01	3.127750e-01
5.187304e-01	9.805530e-02	2.592473e-01
5.682519e-01	9.784503e-02	3.252273e-01
4.927928e-01	5.998171e-02	1.346305e-01
6.046202e-01	6.276362e-02	2.068749e-01
5.413308e-01	7.767407e-01	-2.901972e-01
5.361639e-01	7.940022e-01	-2.728853e-01
5.324622e-01	7.941208e-01	-2.729355e-01
5.292926e-01	7.942603e-01	-2.728987e-01
5.486642e-01	7.939851e-01	-2.745919e-01
5.529217e-01	7.937588e-01	-2.746428e-01
5.573760e-01	7.933125e-01	-2.745896e-01
5.244863e-01	7.873465e-01	-1.618278e-01
5.636720e-01	7.857434e-01	-1.650739e-01
5.340871e-01	7.564988e-01	-2.472392e-01
5.491506e-01	7.566431e-01	-2.485615e-01
4.989469e-01	7.121164e-01	-9.745259e-02
5.954907e-01	7.076474e-01	-1.131685e-01
4.355370e-01	7.583182e-01	-1.584064e-01
6.524555e-01	7.562754e-01	-1.427752e-01
4.034045e-01	8.598999e-01	-2.681878e-01
6.961216e-01	8.372660e-01	-2.409358e-01
3.946516e-01	8.796178e-01	-3.022724e-01
7.113352e-01	8.566338e-01	-2.711466e-01
3.970110e-01	9.013794e-01	-3.180179e-01
7.084955e-01	8.696672e-01	-2.977693e-01
4.049824e-01	8.850448e-01	-2.830058e-01
7.025613e-01	8.609659e-01	-2.586744e-01
5.201225e-01	4.351816e-01	-4.272557e-03
5.720238e-01	4.327737e-01	4.394171e-03
5.146685e-01	2.635488e-01	7.109395e-02
5.780058e-01	2.655487e-01	9.540012e-02
5.114424e-01	1.178455e-01	2.553244e-01
5.760305e-01	1.187774e-01	3.070845e-01
5.187370e-01	9.812295e-02	2.660066e-01
5.685075e-01	9.782042e-02	3.211636e-01
4.927928e-01	5.995082e-02	1.429176e-01
6.047500e-01	6.236072e-02	1.937071e-01
5.401471e-01	7.768207e-01	-2.836397e-01
5.349904e-01	7.947928e-01	-2.667281e-01
5.315711e-01	7.946693e-01	-2.667883e-01
5.281196e-01	7.945865e-01	-2.667524e-01
5.472725e-01	7.954828e-01	-2.673157e-01
5.516605e-01	7.954832e-01	-2.673706e-01
5.559040e-01	7.952836e-01	-2.673228e-01
5.235580e-01	7.875807e-01	-1.607221e-01
5.630624e-01	7.878366e-01	-1.606725e-01
5.334109e-01	7.570664e-01	-2.426579e-01
5.479747e-01	7.583018e-01	-2.426645e-01
4.989544e-01	7.151235e-01	-1.072105e-01
5.942876e-01	7.122696e-01	-1.077074e-01
4.426941e-01	7.627271e-01	-1.952293e-01
6.498953e-01	7.760522e-01	-1.311378e-01
4.105319e-01	8.794107e-01	-3.379687e-01
6.957880e-01	8.691919e-01	-2.216988e-01
4.001012e-01	9.053469e-01	-3.797084e-01
7.106547e-01	8.987746e-01	-2.515740e-01
4.030049e-01	9.075617e-01	-3.946739e-01
7.080370e-01	9.095128e-01	-2.791483e-01
4.105148e-01	9.047410e-01	-3.537635e-01
7.023513e-01	9.023939e-01	-2.399776e-01
5.198197e-01	4.363265e-01	-4.256938e-03
5.719652e-01	4.348883e-01	4.366267e-03
5.145203e-01	2.637913e-01	6.924297e-02
5.780768e-01	2.654932e-01	8.903261e-02
5.115807e-01	1.175951e-01	2.514578e-01
5.761389e-01	1.181963e-01	2.937297e-01
5.193213e-01	9.792629e-02	2.621283e-01
5.688761e-01	9.759980e-02	3.076779e-01
4.923875e-01	5.966937e-02	1.408105e-01
6.047653e-01	6.123827e-02	1.838971e-01
5.402077e-01	7.771933e-01	-2.922929e-01
5.350090e-01	7.951262e-01	-2.743010e-01
5.314761e-01	7.949742e-01	-2.744115e-01
5.280724e-01	7.948223e-01	-2.744082e-01
5.473064e-01	7.958376e-01	-2.760589e-01
5.516180e-01	7.960159e-01	-2.761833e-01
5.557622e-01	7.960432e-01	-2.762113e-01
5.234669e-01	7.876561e-01	-1.704846e-01
5.627823e-01	7.887568e-01	-1.753685e-01
5.333589e-01	7.577625e-01	-2.519009e-01
5.479517e-01	7.588977e-01	-2.537335e-01
5.001140e-01	7.140920e-01	-1.183669e-01
5.927846e-01	7.123767e-01	-1.268630e-01
4.463090e-01	7.749242e-01	-1.563727e-01
6.479797e-01	7.847820e-01	-1.633900e-01
4.135222e-01	8.942090e-01	-3.090316e-01
6.926610e-01	8.940896e-01	-2.643476e-01
4.032268e-01	9.251969e-01	-3.109608e-01
7.057662e-01	9.278969e-01	-2.970102e-01
4.059999e-01	9.367698e-01	-3.613208e-01
7.021568e-01	9.356282e-01	-3.237092e-01
4.131543e-01	9.233917e-01	-3.472867e-01
6.970949e-01	9.265317e-01	-2.832082e-01
5.198277e-01	4.357967e-01	-3.672374e-03
5.719116e-01	4.345604e-01	3.736582e-03
5.145226e-01	2.637739e-01	7.428034e-02
5.782611e-01	2.651491e-01	8.984187e-02
5.117155e-01	1.175700e-01	2.729304e-01
5.763215e-01	1.176230e-01	3.122218e-01
5.196428e-01	9.790784e-02	2.852992e-01
5.692748e-01	9.739963e-02	3.276634e-01
4.920497e-01	5.963674e-02	1.676495e-01
6.048102e-01	6.025582e-02	2.081729e-01
5.402969e-01	7.800871e-01	-3.134107e-01
5.349569e-01	7.974485e-01	-2.961579e-01
5.312564e-01	7.970793e-01	-2.962685e-01
5.279126e-01	7.965990e-01	-2.962807e-01
5.473194e-01	7.979279e-01	-2.975771e-01
5.515710e-01	7.980936e-01	-2.976889e-01
5.556369e-01	7.982438e-01	-2.977073e-01
5.233155e-01	7.886238e-01	-1.906708e-01
5.626602e-01	7.902802e-01	-1.941079e-01
5.333748e-01	7.595229e-01	-2.717792e-01
5.480403e-01	7.606276e-01	-2.731256e-01
5.007620e-01	7.131934e-01	-1.367633e-01
5.920008e-01	7.153106e-01	-1.384004e-01
4.482256e-01	7.853743e-01	-1.699481e-01
6.459228e-01	7.918732e-01	-1.690936e-01
4.167988e-01	9.240459e-01	-2.576626e-01
6.922424e-01	9.151658e-01	-2.671075e-01
4.071021e-01	9.521331e-01	-2.839517e-01
7.030576e-01	9.499630e-01	-3.006695e-01
4.149554e-01	9.570190e-01	-3.099811e-01
6.958490e-01	9.572965e-01	-3.244720e-01
4.187199e-01	9.507571e-01	-2.788652e-01
6.901240e-01	9.480172e-01	-2.847441e-01
5.198268e-01	4.358612e-01	-4.653672e-03
5.718242e-01	4.353693e-01	4.672156e-03
5.146006e-01	2.643320e-01	7.165150e-02
5.783294e-01	2.647766e-01	8.905564e-02
5.116686e-01	1.173922e-01	2.634528e-01
5.765660e-01	1.157223e-01	3.038397e-01
5.196025e-01	9.770838e-02	2.749299e-01
5.697947e-01	9.532173e-02	3.183515e-01
4.917649e-01	5.891329e-02	1.566045e-01
6.049178e-01	5.861265e-02	1.967390e-01
5.403563e-01	7.813008e-01	-3.514726e-01
5.350344e-01	7.983627e-01	-3.362413e-01
5.311958e-01	7.980672e-01	-3.363365e-01
5.278319e-01	7.977090e-01	-3.363442e-01
5.473946e-01	7.986799e-01	-3.364663e-01
5.516402e-01	7.987556e-01	-3.365682e-01
5.556878e-01	7.988091e-01	-3.365669e-01
5.232267e-01	7.894964e-01	-2.300954e-01
5.624344e-01	7.911068e-01	-2.284032e-01
5.334197e-01	7.610347e-01	-3.086047e-01
5.481005e-01	7.613420e-01	-3.083269e-01
5.020122e-01	7.152290e-01	-1.677485e-01
5.894222e-01	7.186217e-01	-1.649165e-01
4.526448e-01	7.958465e-01	-2.005253e-01
6.449637e-01	8.026353e-01	-1.927420e-01
4.210714e-01	9.245330e-01	-2.814359e-01
6.751832e-01	9.281586e-01	-2.903853e-01
4.129884e-01	9.517772e-01	-3.166793e-01
6.827089e-01	9.616398e-01	-3.250883e-01
4.191896e-01	9.647635e-01	-3.345378e-01
6.759945e-01	9.727935e-01	-3.485708e-01
4.237377e-01	9.513534e-01	-2.973122e-01
6.719082e-01	9.606088e-01	-3.077038e-01
5.198320e-01	4.390160e-01	-4.644886e-03
5.716189e-01	4.395598e-01	4.653652e-03
5.147695e-01	2.681093e-01	8.414574e-02
5.781633e-01	2.651479e-01	8.726012e-02
5.110536e-01	1.178732e-01	2.763155e-01
5.765432e-01	1.151908e-01	2.897919e-01
5.189728e-01	9.753793e-02	2.873043e-01
5.699117e-01	9.370312e-02	3.017385e-01
4.913445e-01	5.862314e-02	1.603224e-01
6.049359e-01	5.793452e-02	1.694697e-01
5.407209e-01	7.817613e-01	-3.782835e-01
5.350598e-01	7.985962e-01	-3.625041e-01
5.312322e-01	7.983797e-01	-3.625971e-01
5.278513e-01	7.981507e-01	-3.625911e-01
5.474631e-01	7.986555e-01	-3.618737e-01
5.516753e-01	7.986149e-01	-3.619734e-01
5.557472e-01	7.985370e-01	-3.619450e-01
5.232229e-01	7.896069e-01	-2.521626e-01
5.623146e-01	7.908463e-01	-2.466408e-01
5.334362e-01	7.626604e-01	-3.340023e-01
5.484188e-01	7.621547e-01	-3.325761e-01
5.022064e-01	7.156833e-01	-1.870073e-01
5.870965e-01	7.206525e-01	-1.807826e-01
4.563802e-01	7.997569e-01	-2.229811e-01
6.364467e-01	8.092636e-01	-2.128578e-01
4.288951e-01	9.392291e-01	-3.044103e-01
6.607870e-01	9.360036e-01	-3.142432e-01
4.224523e-01	9.690000e-01	-3.432531e-01
6.686609e-01	9.693025e-01	-3.516582e-01
4.284860e-01	9.741855e-01	-3.598517e-01
6.597976e-01	9.767875e-01	-3.737997e-01
4.313313e-01	9.668286e-01	-3.195058e-01
6.551917e-01	9.679781e-01	-3.311864e-01
5.195537e-01	4.396358e-01	-4.849226e-03
5.709315e-01	4.408706e-01	4.835068e-03
5.147836e-01	2.686196e-01	8.554436e-02
5.780388e-01	2.655388e-01	8.406159e-02
5.109923e-01	1.189460e-01	2.835022e-01
5.765027e-01	1.148532e-01	2.857062e-01
5.188308e-01	9.752677e-02	2.949119e-01
5.701450e-01	9.301687e-02	2.973043e-01
4.909407e-01	5.860811e-02	1.665960e-01
6.048526e-01	5.791156e-02	1.658300e-01
5.408200e-01	7.822829e-01	-3.655457e-01
5.351227e-01	7.991717e-01	-3.498826e-01
5.312122e-01	7.991039e-01	-3.499699e-01
5.277867e-01	7.988858e-01	-3.499561e-01
5.474849e-01	7.989410e-01	-3.493033e-01
5.517060e-01	7.987975e-01	-3.493985e-01
5.557797e-01	7.986313e-01	-3.493702e-01
5.232019e-01	7.902216e-01	-2.422711e-01
5.622200e-01	7.913057e-01	-2.365402e-01
5.334586e-01	7.635601e-01	-3.224544e-01
5.485304e-01	7.630178e-01	-3.209431e-01
5.022177e-01	7.163684e-01	-1.822741e-01
5.859812e-01	7.235417e-01	-1.754937e-01
4.567750e-01	8.054215e-01	-2.240421e-01
6.311194e-01	8.222448e-01	-2.118241e-01
4.407567e-01	9.335871e-01	-3.038972e-01
6.511008e-01	9.518887e-01	-3.010428e-01
4.378355e-01	9.650867e-01	-3.431278e-01
6.585699e-01	9.826965e-01	-3.389664e-01
4.477000e-01	9.705657e-01	-3.580586e-01
6.477106e-01	9.868234e-01	-3.561350e-01
4.496856e-01	9.622736e-01	-3.178012e-01
6.434660e-01	9.781492e-01	-3.160548e-01
5.192553e-01	4.392678e-01	-4.720140e-03
5.709084e-01	4.405930e-01	4.684911e-03
5.148326e-01	2.684566e-01	8.139068e-02
5.782207e-01	2.654100e-01	7.669301e-02
5.107967e-01	1.193015e-01	2.748952e-01
5.765009e-01	1.148637e-01	2.776457e-01
5.183892e-01	9.736412e-02	2.860632e-01
5.701471e-01	9.291384e-02	2.889802e-01
4.906972e-01	5.835757e-02	1.608139e-01
6.048124e-01	5.792211e-02	1.616153e-01
5.422205e-01	7.825075e-01	-3.730482e-01
5.359697e-01	7.991829e-01	-3.580309e-01
5.318002e-01	7.991495e-01	-3.581173e-01
5.279866e-01	7.989703e-01	-3.581018e-01
5.485386e-01	7.988134e-01	-3.560942e-01
5.526905e-01	7.986339e-01	-3.562021e-01
5.570235e-01	7.984478e-01	-3.561902e-01
5.233867e-01	7.901875e-01	-2.545639e-01
5.623875e-01	7.912686e-01	-2.423069e-01
5.340295e-01	7.633757e-01	-3.315331e-01
5.495558e-01	7.629473e-01	-3.280991e-01
5.023914e-01	7.151419e-01	-2.024999e-01
5.858842e-01	7.228333e-01	-1.839658e-01
4.612753e-01	8.101903e-01	-2.717625e-01
6.257797e-01	8.193784e-01	-2.235904e-01
4.539868e-01	9.434885e-01	-3.618774e-01
6.388537e-01	9.506234e-01	-3.003418e-01
4.539352e-01	9.714165e-01	-4.040986e-01
6.456373e-01	9.842846e-01	-3.359957e-01
4.599826e-01	9.769709e-01	-4.135530e-01
6.340622e-01	9.931245e-01	-3.496728e-01
4.625279e-01	9.704658e-01	-3.742389e-01
6.306890e-01	9.794385e-01	-3.134203e-01
5.187700e-01	4.390139e-01	-5.440128e-03
5.708870e-01	4.402101e-01	5.371319e-03
5.149819e-01	2.684262e-01	7.235719e-02
5.782601e-01	2.653450e-01	7.459442e-02
5.108103e-01	1.201417e-01	2.723877e-01
5.764982e-01	1.150587e-01	2.772744e-01
5.183245e-01	9.743138e-02	2.844573e-01
5.701511e-01	9.294091e-02	2.889647e-01
4.905957e-01	5.811301e-02	1.563821e-01
6.046208e-01	5.790710e-02	1.647606e-01
5.421875e-01	7.823894e-01	-3.299384e-01
5.359939e-01	7.989718e-01	-3.143443e-01
5.318113e-01	7.989011e-01	-3.144091e-01
5.280069e-01	7.986890e-01	-3.143870e-01
5.485522e-01	7.986265e-01	-3.128481e-01
5.527000e-01	7.984880e-01	-3.129515e-01
5.570197e-01	7.983200e-01	-3.129371e-01
5.235935e-01	7.898341e-01	-2.178512e-01
5.623735e-01	7.911434e-01	-2.075022e-01
5.339888e-01	7.630293e-01	-2.915433e-01
5.494893e-01	7.628525e-01	-2.888270e-01
5.031657e-01	7.150350e-01	-1.766847e-01
5.860133e-01	7.219098e-01	-1.536330e-01
4.720087e-01	8.037046e-01	-2.354985e-01
6.224018e-01	8.062156e-01	-2.179395e-01
4.768272e-01	9.385281e-01	-3.201751e-01
6.269368e-01	9.369424e-01	-2.505933e-01
4.752598e-01	9.631954e-01	-3.602074e-01
6.263795e-01	9.693302e-01	-2.848038e-01
4.827229e-01	9.706291e-01	-3.699799e-01
6.180981e-01	9.775558e-01	-2.871110e-01
4.862211e-01	9.613563e-01	-3.318833e-01
6.161281e-01	9.646653e-01	-2.581235e-01
5.185574e-01	4.387941e-01	-6.665909e-03
5.709800e-01	4.404778e-01	6.594036e-03
5.156735e-01	2.692167e-01	5.666577e-02
5.782815e-01	2.659611e-01	5.961775e-02
5.113602e-01	1.212210e-01	2.361080e-01
5.764572e-01	1.152058e-01	2.456988e-01
5.184287e-01	9.791417e-02	2.465984e-01
5.701079e-01	9.296360e-02	2.563000e-01
4.906731e-01	5.812408e-02	1.250622e-01
6.043984e-01	5.764767e-02	1.372151e-01
5.422649e-01	7.821620e-01	-2.401353e-01
5.361811e-01	7.983305e-01	-2.219938e-01
5.320517e-01	7.981476e-01	-2.220583e-01
5.282009e-01	7.978733e-01	-2.220104e-01
5.486561e-01	7.982326e-01	-2.211625e-01
5.527812e-01	7.981951e-01	-2.212251e-01
5.571254e-01	7.980986e-01	-2.211832e-01
5.241700e-01	7.892378e-01	-1.243234e-01
5.624050e-01	7.910421e-01	-1.175182e-01
5.341846e-01	7.628754e-01	-2.031267e-01
5.495377e-01	7.627646e-01	-2.011094e-01
5.041242e-01	7.142760e-01	-1.148259e-01
5.860434e-01	7.207581e-01	-7.899731e-02
4.770292e-01	7.992021e-01	-2.176856e-01
6.166807e-01	7.984681e-01	-1.354192e-01
4.826652e-01	9.285445e-01	-3.165808e-01
6.162795e-01	9.271184e-01	-1.945362e-01
4.828135e-01	9.555712e-01	-3.619744e-01
6.166832e-01	9.575862e-01	-2.288242e-01
4.892402e-01	9.642546e-01	-3.666313e-01
6.094440e-01	9.647769e-01	-2.353460e-01
4.925060e-01	9.535476e-01	-3.269199e-01
6.065566e-01	9.525468e-01	-2.044311e-01
5.185620e-01	4.377809e-01	-1.060923e-02
5.712906e-01	4.404027e-01	1.057623e-02
5.158644e-01	2.691275e-01	3.019693e-02
5.790520e-01	2.659135e-01	4.774334e-02
5.114776e-01	1.214828e-01	2.011486e-01
5.764360e-01	1.153749e-01	2.257940e-01
5.184306e-01	9.794360e-02	2.105972e-01
5.700013e-01	9.298327e-02	2.354389e-01
4.906192e-01	5.795905e-02	8.989339e-02
6.043788e-01	5.759977e-02	1.192540e-01
5.421613e-01	7.821174e-01	-1.857141e-01
5.361983e-01	7.982498e-01	-1.661489e-01
5.320599e-01	7.980165e-01	-1.662177e-01
5.282136e-01	7.977877e-01	-1.661945e-01
5.486453e-01	7.981348e-01	-1.636237e-01
5.527681e-01	7.980800e-01	-1.636735e-01
5.570942e-01	7.979736e-01	-1.635890e-01
5.246273e-01	7.892213e-01	-7.021125e-02
5.624096e-01	7.909679e-01	-5.675345e-02
5.341913e-01	7.628219e-01	-1.507488e-01
5.495280e-01	7.630798e-01	-1.467375e-01
5.047035e-01	7.133207e-01	-8.561409e-02
5.856369e-01	7.195386e-01	-2.601947e-02
4.822442e-01	7.935435e-01	-2.216668e-01
6.121470e-01	7.925197e-01	-1.074955e-01
4.886273e-01	9.221886e-01	-3.311070e-01
6.108737e-01	9.077073e-01	-2.077647e-01
4.886684e-01	9.473327e-01	-3.801346e-01
6.109024e-01	9.358173e-01	-2.438696e-01
4.927950e-01	9.532272e-01	-3.818582e-01
6.056505e-01	9.420995e-01	-2.538915e-01
4.956885e-01	9.429135e-01	-3.400660e-01
6.027347e-01	9.312850e-01	-2.199879e-01
5.186485e-01	4.354593e-01	-1.529927e-02
5.713857e-01	4.384628e-01	1.532426e-02
5.161054e-01	2.690398e-01	1.981308e-02
5.799025e-01	2.657683e-01	4.946627e-02
5.114639e-01	1.216339e-01	1.923437e-01
5.763806e-01	1.156673e-01	2.277424e-01
5.181781e-01	9.795141e-02	2.018394e-01
5.699217e-01	9.320429e-02	2.373951e-01
4.906184e-01	5.787717e-02	7.968853e-02
6.043417e-01	5.754132e-02	1.225691e-01
5.428196e-01	7.827992e-01	-1.662027e-01
5.366169e-01	7.982647e-01	-1.434487e-01
5.324520e-01	7.980515e-01	-1.435513e-01
5.285155e-01	7.979055e-01	-1.435334e-01
5.492011e-01	7.981020e-01	-1.396958e-01
5.532540e-01	7.980084e-01	-1.397315e-01
5.577214e-01	7.978799e-01	-1.396613e-01
5.248517e-01	7.892799e-01	-4.183098e-02
5.626125e-01	7.909089e-01	-2.207186e-02
5.346157e-01	7.633089e-01	-1.300866e-01
5.500933e-01	7.634517e-01	-1.241972e-01
5.046870e-01	7.101302e-01	-6.143301e-02
5.851947e-01	7.091470e-01	1.787954e-02
4.865996e-01	7.893333e-01	-2.054306e-01
6.077487e-01	7.849667e-01	-1.525707e-02
4.921928e-01	9.102548e-01	-3.105194e-01
6.194488e-01	9.023536e-01	-6.194369e-02
4.941741e-01	9.330873e-01	-3.759615e-01
6.105060e-01	9.277737e-01	-8.955316e-02
4.961852e-01	9.443280e-01	-3.526666e-01
6.084531e-01	9.332019e-01	-1.016524e-01
4.978401e-01	9.346275e-01	-3.147632e-01
6.159694e-01	9.314969e-01	-7.470654e-02
5.186535e-01	4.305355e-01	-2.315968e-02
5.716624e-01	4.339983e-01	2.326405e-02
5.161296e-01	2.682224e-01	8.951912e-03
5.810804e-01	2.647660e-01	4.887299e-02
5.110139e-01	1.216275e-01	1.893716e-01
5.763017e-01	1.157444e-01	2.382607e-01
5.174270e-01	9.795843e-02	1.993420e-01
5.698486e-01	9.327008e-02	2.485376e-01
4.904459e-01	5.777984e-02	7.293019e-02
6.043205e-01	5.748553e-02	1.317371e-01
5.438144e-01	7.825072e-01	-1.695534e-01
5.372165e-01	7.979279e-01	-1.466651e-01
5.330479e-01	7.978190e-01	-1.467177e-01
5.289025e-01	7.977762e-01	-1.467119e-01
5.498017e-01	7.976147e-01	-1.446931e-01
5.538179e-01	7.974788e-01	-1.447541e-01
5.583517e-01	7.973418e-01	-1.447114e-01
5.250286e-01	7.892685e-01	-3.539497e-02
5.627622e-01	7.905304e-01	-2.639186e-02
5.354750e-01	7.628823e-01	-1.293819e-01
5.510197e-01	7.627176e-01	-1.263709e-01
5.045756e-01	7.090308e-01	-4.656971e-02
5.850168e-01	7.010534e-01	3.347377e-02
4.902976e-01	7.918587e-01	-1.887511e-01
5.980937e-01	7.026172e-01	5.809705e-02
4.983585e-01	9.063520e-01	-2.622344e-01
6.177007e-01	7.000909e-01	4.288685e-02
5.048233e-01	9.259776e-01	-3.043104e-01
6.200115e-01	6.975937e-01	3.104072e-02
5.074065e-01	9.299322e-01	-2.978099e-01
6.174654e-01	6.961408e-01	1.117344e-02
5.067171e-01	9.272040e-01	-2.686489e-01
6.184975e-01	6.971483e-01	3.096450e-02
5.180317e-01	4.266714e-01	-2.228235e-02
5.711292e-01	4.308115e-01	2.241865e-02
5.160338e-01	2.667480e-01	-9.797520e-04
5.810580e-01	2.633446e-01	3.534957e-02
5.106423e-01	1.216227e-01	2.038834e-01
5.755061e-01	1.157581e-01	2.438437e-01
5.170136e-01	9.795694e-02	2.147789e-01
5.691083e-01	9.328752e-02	2.545131e-01
4.903670e-01	5.768562e-02	9.002022e-02
6.039153e-01	5.748741e-02	1.359880e-01
5.423002e-01	7.803065e-01	-2.124118e-01
5.357447e-01	7.966180e-01	-1.921541e-01
5.316208e-01	7.965024e-01	-1.922200e-01
5.278934e-01	7.965080e-01	-1.922037e-01
5.487531e-01	7.968760e-01	-1.871970e-01
5.529627e-01	7.968666e-01	-1.872522e-01
5.573835e-01	7.968047e-01	-1.871805e-01
5.239519e-01	7.888133e-01	-7.974728e-02
5.627555e-01	7.892960e-01	-4.714449e-02
5.345324e-01	7.604061e-01	-1.712712e-01
5.501174e-01	7.602429e-01	-1.697553e-01
5.041122e-01	7.088325e-01	-7.531895e-02
5.846733e-01	7.010631e-01	-8.688609e-02
4.973490e-01	7.175807e-01	-3.736497e-01
5.853055e-01	6.943471e-01	-3.174115e-01
5.075064e-01	7.229580e-01	-6.440896e-01
5.752307e-01	6.963261e-01	-5.086951e-01
5.122691e-01	7.166274e-01	-7.093927e-01
5.718163e-01	6.980627e-01	-5.593326e-01
5.152767e-01	7.162661e-01	-7.060632e-01
5.715260e-01	6.998031e-01	-5.560929e-01
5.156642e-01	7.140941e-01	-6.538830e-01
5.714428e-01	6.985730e-01	-5.167286e-01
5.170979e-01	4.195143e-01	-5.247252e-03
5.701853e-01	4.235762e-01	5.274517e-03
5.153295e-01	2.664055e-01	3.616784e-02
5.808355e-01	2.630901e-01	4.085981e-02
5.104169e-01	1.211269e-01	2.676664e-01
5.753870e-01	1.153543e-01	2.464254e-01
5.170705e-01	9.744167e-02	2.823328e-01
5.689462e-01	9.287340e-02	2.570910e-01
4.893444e-01	5.767623e-02	1.565600e-01
6.039106e-01	5.740650e-02	1.321326e-01
5.423010e-01	7.805136e-01	-2.239645e-01
5.357786e-01	7.967157e-01	-2.047471e-01
5.316384e-01	7.965518e-01	-2.048136e-01
5.279132e-01	7.965147e-01	-2.048036e-01
5.487626e-01	7.970542e-01	-1.991027e-01
5.528904e-01	7.970309e-01	-1.991912e-01
5.572001e-01	7.969464e-01	-1.991033e-01
5.238752e-01	7.886758e-01	-9.195816e-02
5.627611e-01	7.893347e-01	-1.007044e-01
5.345551e-01	7.604027e-01	-1.810592e-01
5.500950e-01	7.602419e-01	-1.823309e-01
5.027776e-01	7.087879e-01	-4.188265e-02
5.862303e-01	6.926506e-01	-8.485760e-02
4.928594e-01	6.780986e-01	-1.158060e-01
5.837031e-01	6.410292e-01	2.538376e-02
5.076863e-01	6.348864e-01	-2.550299e-01
5.698022e-01	5.734403e-01	1.379700e-01
5.061790e-01	6.107239e-01	-2.904307e-01
5.668042e-01	5.511101e-01	1.346260e-01
5.127639e-01	6.118478e-01	-3.094924e-01
5.649856e-01	5.511461e-01	1.126421e-01
5.141659e-01	6.152982e-01	-2.685653e-01
5.654996e-01	5.584760e-01	1.307577e-01
5.162845e-01	4.192512e-01	-3.694193e-03
5.701529e-01	4.214790e-01	3.802880e-03
5.148355e-01	2.645498e-01	4.164968e-02
5.808254e-01	2.613282e-01	5.392944e-02
5.095032e-01	1.167505e-01	2.627175e-01
5.753862e-01	1.128296e-01	2.656472e-01
5.164416e-01	9.463893e-02	2.770187e-01
5.689129e-01	9.128583e-02	2.779700e-01
4.887348e-01	5.711403e-02	1.547761e-01
6.039761e-01	5.691680e-02	1.466536e-01
5.427674e-01	7.805033e-01	-3.741449e-01
5.363797e-01	7.967714e-01	-3.631141e-01
5.319085e-01	7.966487e-01	-3.631260e-01
5.281268e-01	7.965308e-01	-3.631405e-01
5.491101e-01	7.970294e-01	-3.645442e-01
5.531069e-01	7.970009e-01	-3.646293e-01
5.575172e-01	7.969153e-01	-3.646467e-01
5.238945e-01	7.886333e-01	-2.521721e-01
5.627912e-01	7.890455e-01	-2.613096e-01
5.349370e-01	7.602165e-01	-3.293753e-01
5.503267e-01	7.597978e-01	-3.311966e-01
4.993169e-01	6.917169e-01	-1.360607e-01
5.901844e-01	6.758143e-01	-1.394313e-01
5.000907e-01	5.916077e-01	3.569578e-02
5.910860e-01	5.532644e-01	3.759931e-02
5.153877e-01	4.800407e-01	1.841752e-01
5.867161e-01	4.246720e-01	1.489768e-01
5.185233e-01	4.458784e-01	2.044627e-01
5.876352e-01	3.897956e-01	1.583716e-01
5.185026e-01	4.466034e-01	1.753856e-01
5.856571e-01	3.871718e-01	1.312356e-01
5.196406e-01	4.534912e-01	1.767489e-01
5.832917e-01	4.023148e-01	1.411091e-01
5.163723e-01	4.170288e-01	1.217026e-03
5.705621e-01	4.178317e-01	-1.342307e-03
5.148420e-01	2.618428e-01	1.033744e-01
5.806756e-01	2.591759e-01	9.961467e-02
5.095446e-01	1.156980e-01	3.356533e-01
5.753290e-01	1.123716e-01	3.491702e-01
5.165691e-01	9.468663e-02	3.530170e-01
5.687626e-01	9.130406e-02	3.666070e-01
4.887357e-01	5.710126e-02	2.379979e-01
6.038704e-01	5.647068e-02	2.441678e-01
5.427917e-01	7.796217e-01	-3.583589e-01
5.368303e-01	7.966838e-01	-3.462941e-01
5.322291e-01	7.965775e-01	-3.463133e-01
5.284927e-01	7.964957e-01	-3.463400e-01
5.492324e-01	7.966939e-01	-3.468457e-01
5.531412e-01	7.965057e-01	-3.469101e-01
5.575355e-01	7.963359e-01	-3.468995e-01
5.239086e-01	7.883351e-01	-2.335142e-01
5.627968e-01	7.881183e-01	-2.375678e-01
5.349457e-01	7.597314e-01	-3.133796e-01
5.502652e-01	7.590007e-01	-3.137844e-01
4.963731e-01	6.781297e-01	-1.266095e-01
5.905234e-01	6.711211e-01	-1.178506e-01
4.987723e-01	5.594044e-01	3.847029e-02
5.939578e-01	5.533336e-01	6.776728e-02
5.213239e-01	4.917820e-01	1.652433e-01
5.847393e-01	4.450237e-01	1.765133e-01
5.256608e-01	4.706558e-01	1.799215e-01
5.857278e-01	4.183190e-01	1.851305e-01
5.264081e-01	4.647187e-01	1.512537e-01
5.852029e-01	4.138623e-01	1.585884e-01
5.271934e-01	4.781105e-01	1.575044e-01
5.836696e-01	4.208636e-01	1.687064e-01
5.175232e-01	4.171824e-01	2.675783e-03
5.708190e-01	4.188128e-01	-2.817013e-03
5.148475e-01	2.605435e-01	8.598755e-02
5.797837e-01	2.592442e-01	8.480065e-02
5.095630e-01	1.150790e-01	3.156205e-01
5.753271e-01	1.121243e-01	3.209305e-01
5.166529e-01	9.472413e-02	3.330516e-01
5.687547e-01	9.134381e-02	3.370019e-01
4.890049e-01	5.706258e-02	2.224619e-01
6.038455e-01	5.658945e-02	2.154830e-01
5.428933e-01	7.787997e-01	-3.608482e-01
5.369616e-01	7.963086e-01	-3.471642e-01
5.323368e-01	7.962049e-01	-3.471817e-01
5.286410e-01	7.961036e-01	-3.472067e-01
5.492489e-01	7.962481e-01	-3.481477e-01
5.531501e-01	7.960448e-01	-3.482037e-01
5.575414e-01	7.957228e-01	-3.481788e-01
5.239254e-01	7.871152e-01	-2.306834e-01
5.628030e-01	7.867661e-01	-2.371083e-01
5.351814e-01	7.586094e-01	-3.150899e-01
5.502808e-01	7.582036e-01	-3.162504e-01
4.959331e-01	6.696466e-01	-1.252225e-01
5.904080e-01	6.693811e-01	-1.194158e-01
4.968313e-01	5.403161e-01	-5.610488e-03
5.932666e-01	5.508823e-01	4.663144e-02
5.139300e-01	4.548503e-01	4.507663e-02
5.730485e-01	4.622963e-01	1.331164e-01
5.171699e-01	4.296156e-01	4.429642e-02
5.690809e-01	4.407340e-01	1.356852e-01
5.190787e-01	4.321597e-01	1.542101e-02
5.668055e-01	4.410253e-01	1.138735e-01
5.202025e-01	4.428461e-01	3.480354e-02
5.666655e-01	4.525520e-01	1.273488e-01
5.182594e-01	4.176276e-01	3.841593e-03
5.707958e-01	4.192962e-01	-4.007371e-03
5.147484e-01	2.606934e-01	8.205111e-02
5.778538e-01	2.606667e-01	7.987043e-02
5.095713e-01	1.168274e-01	3.077272e-01
5.748830e-01	1.125347e-01	3.050674e-01
5.166596e-01	9.738290e-02	3.241206e-01
5.682082e-01	9.214890e-02	3.199445e-01
4.895998e-01	5.810387e-02	2.111145e-01
6.036442e-01	5.761697e-02	1.972213e-01
5.430945e-01	7.786521e-01	-3.770763e-01
5.371457e-01	7.959446e-01	-3.669604e-01
5.324600e-01	7.959205e-01	-3.669894e-01
5.288551e-01	7.957599e-01	-3.670490e-01
5.492874e-01	7.954671e-01	-3.683177e-01
5.531898e-01	7.950780e-01	-3.683496e-01
5.576054e-01	7.945638e-01	-3.682882e-01
5.240730e-01	7.861072e-01	-2.628919e-01
5.628463e-01	7.854187e-01	-2.709540e-01
5.354785e-01	7.579324e-01	-3.352950e-01
5.503749e-01	7.576198e-01	-3.369396e-01
4.954773e-01	6.669369e-01	-1.582745e-01
5.904374e-01	6.635607e-01	-1.474254e-01
4.950047e-01	5.455739e-01	-2.013899e-02
5.921742e-01	5.418761e-01	3.104536e-02
5.030662e-01	4.455365e-01	6.744522e-02
5.777562e-01	4.454877e-01	1.365214e-01
5.055789e-01	4.174542e-01	7.579501e-02
5.751771e-01	4.195897e-01	1.446591e-01
5.095655e-01	4.174628e-01	4.484010e-02
5.739640e-01	4.183284e-01	1.212149e-01
5.142875e-01	4.290107e-01	5.785549e-02
5.732146e-01	4.309334e-01	1.304839e-01
5.177140e-01	4.199803e-01	2.776765e-03
5.699363e-01	4.206876e-01	-2.949350e-03
5.143780e-01	2.607658e-01	7.486862e-02
5.760163e-01	2.632532e-01	7.876171e-02
5.094346e-01	1.168497e-01	2.946243e-01
5.747542e-01	1.131509e-01	3.011873e-01
5.161951e-01	9.737725e-02	3.103100e-01
5.680721e-01	9.295958e-02	3.164418e-01
4.897881e-01	5.808310e-02	1.958690e-01
6.034051e-01	5.852935e-02	1.978094e-01
5.430983e-01	7.783086e-01	-3.693845e-01
5.371546e-01	7.956282e-01	-3.549166e-01
5.324840e-01	7.956453e-01	-3.549367e-01
5.289512e-01	7.955217e-01	-3.549313e-01
5.492979e-01	7.949020e-01	-3.571110e-01
5.531985e-01	7.944217e-01	-3.571675e-01
5.576093e-01	7.936512e-01	-3.571388e-01
5.241154e-01	7.853450e-01	-2.412801e-01
5.628492e-01	7.836263e-01	-2.515092e-01
5.354733e-01	7.577583e-01	-3.245252e-01
5.503713e-01	7.571337e-01	-3.271055e-01
4.953594e-01	6.654161e-01	-1.438925e-01
5.903734e-01	6.637431e-01	-1.528083e-01
4.942538e-01	5.422181e-01	-5.341179e-02
5.930806e-01	5.391017e-01	-7.149767e-02
4.923598e-01	4.345247e-01	-6.097905e-02
5.814273e-01	4.271427e-01	-1.171419e-01
4.914029e-01	3.981673e-01	-8.294618e-02
5.768747e-01	3.904891e-01	-1.382581e-01
4.948736e-01	3.986242e-01	-1.251152e-01
5.745958e-01	3.889546e-01	-1.708117e-01
5.007840e-01	4.110119e-01	-8.069881e-02
5.780050e-01	4.031964e-01	-1.311646e-01
5.172396e-01	4.204464e-01	3.234076e-03
5.692531e-01	4.215901e-01	-3.333278e-03
5.133312e-01	2.603211e-01	5.728325e-02
5.746855e-01	2.633106e-01	5.425550e-02
5.090135e-01	1.168623e-01	2.680663e-01
5.741721e-01	1.135556e-01	2.687810e-01
5.156862e-01	9.728128e-02	2.814947e-01
5.674050e-01	9.377352e-02	2.820681e-01
4.897321e-01	5.808459e-02	1.626768e-01
6.022953e-01	5.968680e-02	1.570438e-01
5.430835e-01	7.782176e-01	-3.495779e-01
5.371635e-01	7.952660e-01	-3.333936e-01
5.324944e-01	7.952271e-01	-3.334170e-01
5.290647e-01	7.951307e-01	-3.333940e-01
5.492892e-01	7.945591e-01	-3.346564e-01
5.531704e-01	7.939862e-01	-3.347271e-01
5.575725e-01	7.932571e-01	-3.346853e-01
5.242082e-01	7.845184e-01	-2.213343e-01
5.627474e-01	7.829847e-01	-2.274801e-01
5.354759e-01	7.577198e-01	-3.064606e-01
5.503571e-01	7.568952e-01	-3.076916e-01
4.955962e-01	6.645905e-01	-1.396803e-01
5.903097e-01	6.648923e-01	-1.434617e-01
4.936054e-01	5.391325e-01	-1.008237e-01
5.937887e-01	5.396030e-01	-1.065367e-01
4.870524e-01	4.240462e-01	-1.794038e-01
5.837721e-01	4.229158e-01	-1.877824e-01
4.845488e-01	3.876774e-01	-2.112094e-01
5.777171e-01	3.866034e-01	-2.177647e-01
4.894748e-01	3.869116e-01	-2.424655e-01
5.796453e-01	3.859815e-01	-2.499301e-01
4.946159e-01	3.990348e-01	-1.951688e-01
5.812585e-01	3.996900e-01	-2.028227e-01
5.174210e-01	4.224841e-01	2.944991e-03
5.692407e-01	4.232720e-01	-2.923905e-03
5.130117e-01	2.593930e-01	4.199899e-02
5.744926e-01	2.642871e-01	5.214916e-02
5.080926e-01	1.160105e-01	2.155676e-01
5.737057e-01	1.144220e-01	2.392157e-01
5.142025e-01	9.490049e-02	2.251006e-01
5.669061e-01	9.402528e-02	2.497000e-01
4.891723e-01	5.810721e-02	1.126112e-01
6.016963e-01	6.176036e-02	1.338622e-01
5.428805e-01	7.783564e-01	-3.470093e-01
5.371576e-01	7.953625e-01	-3.260926e-01
5.325048e-01	7.952554e-01	-3.260321e-01
5.291085e-01	7.951293e-01	-3.258521e-01
5.492225e-01	7.946745e-01	-3.245286e-01
5.530328e-01	7.940822e-01	-3.246330e-01
5.574645e-01	7.932809e-01	-3.244977e-01
5.243092e-01	7.843893e-01	-2.173766e-01
5.624399e-01	7.828653e-01	-2.169645e-01
5.353687e-01	7.579048e-01	-3.005610e-01
5.502052e-01	7.568988e-01	-3.046176e-01
4.957651e-01	6.645977e-01	-1.368913e-01
5.902907e-01	6.651436e-01	-1.331614e-01
4.933127e-01	5.323740e-01	-1.156157e-01
5.940822e-01	5.332619e-01	-1.006063e-01
4.859050e-01	4.175296e-01	-2.040705e-01
5.897129e-01	4.094996e-01	-1.889499e-01
4.813611e-01	3.816980e-01	-2.393830e-01
5.897763e-01	3.738039e-01	-2.214922e-01
4.886860e-01	3.800405e-01	-2.701288e-01
5.808781e-01	3.734329e-01	-2.536253e-01
4.938170e-01	3.927809e-01	-2.195686e-01
5.829093e-01	3.875569e-01	-2.041415e-01
5.176084e-01	4.226899e-01	-1.546425e-04
5.692078e-01	4.233724e-01	2.753368e-04
5.129638e-01	2.581584e-01	4.640939e-02
5.740085e-01	2.642613e-01	7.322367e-02
5.078224e-01	1.152941e-01	2.201819e-01
5.731698e-01	1.149640e-01	2.495865e-01
5.139741e-01	9.403692e-02	2.300788e-01
5.664023e-01	9.456827e-02	2.564633e-01
4.881603e-01	5.793470e-02	1.209127e-01
6.011790e-01	6.268620e-02	1.675613e-01
5.428838e-01	7.798167e-01	-3.315069e-01
5.372092e-01	7.962335e-01	-3.117263e-01
5.325781e-01	7.960630e-01	-3.116834e-01
5.292367e-01	7.958573e-01	-3.115355e-01
5.492613e-01	7.957131e-01	-3.101475e-01
5.531186e-01	7.951965e-01	-3.102342e-01
5.575082e-01	7.943709e-01	-3.100958e-01
5.244433e-01	7.846641e-01	-2.084126e-01
5.624428e-01	7.830552e-01	-2.033160e-01
5.353719e-01	7.589830e-01	-2.916513e-01
5.502074e-01	7.577772e-01	-2.918424e-01
4.961426e-01	6.653407e-01	-1.359309e-01
5.904418e-01	6.644517e-01	-1.323726e-01
4.930390e-01	5.322049e-01	-1.187908e-01
5.941887e-01	5.318425e-01	-9.209585e-02
4.854673e-01	4.132327e-01	-2.055517e-01
5.948914e-01	4.068854e-01	-1.828168e-01
4.800779e-01	3.775041e-01	-2.414198e-01
5.969712e-01	3.696305e-01	-2.161949e-01
4.882079e-01	3.756258e-01	-2.720563e-01
5.834841e-01	3.698141e-01	-2.487629e-01
4.931994e-01	3.885850e-01	-2.209001e-01
5.831639e-01	3.840534e-01	-1.984256e-01
5.176995e-01	4.225331e-01	-3.469136e-03
5.689912e-01	4.226648e-01	3.618237e-03
5.129538e-01	2.572436e-01	4.879037e-02
5.741424e-01	2.639070e-01	8.424666e-02
5.075597e-01	1.150237e-01	2.319188e-01
5.730366e-01	1.152608e-01	2.797847e-01
5.137479e-01	9.370726e-02	2.430477e-01
5.661757e-01	9.519454e-02	2.910916e-01
4.871736e-01	5.745442e-02	1.350922e-01
6.011528e-01	6.271577e-02	1.919632e-01
5.429213e-01	7.817901e-01	-3.312945e-01
5.373205e-01	7.974266e-01	-3.109786e-01
5.326562e-01	7.973058e-01	-3.109402e-01
5.293727e-01	7.971860e-01	-3.107952e-01
5.493587e-01	7.967113e-01	-3.091968e-01
5.533012e-01	7.960314e-01	-3.092757e-01
5.576264e-01	7.952552e-01	-3.091471e-01
5.244659e-01	7.858943e-01	-2.065844e-01
5.624446e-01	7.834155e-01	-1.983673e-01
5.354114e-01	7.605962e-01	-2.903021e-01
5.502422e-01	7.590563e-01	-2.907171e-01
4.964896e-01	6.670037e-01	-1.353254e-01
5.904567e-01	6.657162e-01	-1.228053e-01
4.929273e-01	5.402234e-01	-1.231256e-01
5.946721e-01	5.371711e-01	-8.304204e-02
4.860296e-01	4.231293e-01	-2.197786e-01
5.964805e-01	4.098587e-01	-1.766851e-01
4.806356e-01	3.847825e-01	-2.581354e-01
5.990282e-01	3.734781e-01	-2.099250e-01
4.888237e-01	3.834565e-01	-2.880291e-01
5.840260e-01	3.734164e-01	-2.438676e-01
4.936844e-01	3.973366e-01	-2.350167e-01
5.836764e-01	3.875512e-01	-1.926858e-01
5.177224e-01	4.225976e-01	-6.405176e-03
5.687138e-01	4.227617e-01	6.559762e-03
5.129381e-01	2.572417e-01	4.177012e-02
5.741026e-01	2.638902e-01	8.417989e-02
5.070642e-01	1.149636e-01	2.253569e-01
5.729712e-01	1.154525e-01	2.890589e-01
5.131431e-01	9.364063e-02	2.362361e-01
5.660539e-01	9.575740e-02	3.018586e-01
4.866082e-01	5.693535e-02	1.253742e-01
6.011041e-01	6.266671e-02	1.945790e-01
5.429170e-01	7.829480e-01	-3.237355e-01
5.373285e-01	7.982921e-01	-3.048761e-01
5.326672e-01	7.982272e-01	-3.048634e-01
5.293775e-01	7.980746e-01	-3.047658e-01
5.493631e-01	7.974837e-01	-3.032774e-01
5.533050e-01	7.967096e-01	-3.033512e-01
5.576285e-01	7.959750e-01	-3.032666e-01
5.244495e-01	7.866744e-01	-1.987996e-01
5.623053e-01	7.838778e-01	-1.913806e-01
5.354134e-01	7.614378e-01	-2.834284e-01
5.502401e-01	7.599307e-01	-2.818920e-01
4.970244e-01	6.677953e-01	-1.341530e-01
5.904227e-01	6.665393e-01	-1.126770e-01
4.931397e-01	5.381204e-01	-1.219202e-01
5.949618e-01	5.392346e-01	-7.736750e-02
4.862537e-01	4.212960e-01	-2.068779e-01
5.965364e-01	4.113163e-01	-1.656725e-01
4.818440e-01	3.848772e-01	-2.426424e-01
5.991483e-01	3.756168e-01	-1.968509e-01
4.890245e-01	3.840622e-01	-2.708949e-01
5.848948e-01	3.753909e-01	-2.300837e-01
4.944024e-01	3.975666e-01	-2.213350e-01
5.843796e-01	3.889447e-01	-1.813776e-01
5.180265e-01	4.226972e-01	-8.402577e-03
5.686048e-01	4.228243e-01	8.540465e-03
5.128266e-01	2.572674e-01	3.367509e-02
5.739397e-01	2.638647e-01	8.062724e-02
5.065960e-01	1.148713e-01	2.123297e-01
5.726458e-01	1.155048e-01	2.780108e-01
5.126549e-01	9.349127e-02	2.226442e-01
5.655860e-01	9.598940e-02	2.897270e-01
4.861944e-01	5.671406e-02	1.141153e-01
6.010288e-01	6.266552e-02	1.853431e-01
5.426499e-01	7.834612e-01	-3.302217e-01
5.371891e-01	7.984876e-01	-3.118887e-01
5.326048e-01	7.984633e-01	-3.118916e-01
5.293250e-01	7.982858e-01	-3.118084e-01
5.492648e-01	7.977212e-01	-3.111619e-01
5.531751e-01	7.969521e-01	-3.112467e-01
5.574770e-01	7.962166e-01	-3.111919e-01
5.242812e-01	7.869431e-01	-2.024787e-01
5.619406e-01	7.838961e-01	-1.980959e-01
5.351686e-01	7.617561e-01	-2.886705e-01
5.500120e-01	7.602622e-01	-2.878055e-01
4.970531e-01	6.681585e-01	-1.351016e-01
5.904131e-01	6.663945e-01	-1.190756e-01
4.928721e-01	5.403290e-01	-1.185303e-01
5.949881e-01	5.365731e-01	-8.800843e-02
4.863340e-01	4.220005e-01	-1.984395e-01
5.964990e-01	4.072298e-01	-1.778674e-01
4.829043e-01	3.850811e-01	-2.329066e-01
5.990511e-01	3.718466e-01	-2.088760e-01
4.905241e-01	3.853990e-01	-2.593470e-01
5.858704e-01	3.738136e-01	-2.412678e-01
4.959751e-01	3.990963e-01	-2.121967e-01
5.843670e-01	3.872116e-01	-1.929172e-01
5.178159e-01	4.226990e-01	-8.977612e-03
5.677766e-01	4.227672e-01	9.096792e-03
5.125923e-01	2.572883e-01	3.468659e-02
5.737358e-01	2.640432e-01	7.983692e-02
5.061485e-01	1.148093e-01	2.145551e-01
5.722237e-01	1.155658e-01	2.782392e-01
5.121254e-01	9.341899e-02	2.249465e-01
5.650870e-01	9.611847e-02	2.897632e-01
4.859064e-01	5.624882e-02	1.158379e-01
6.008070e-01	6.266615e-02	1.840044e-01
5.426539e-01	7.837408e-01	-3.008323e-01
5.371919e-01	7.985527e-01	-2.829631e-01
5.326087e-01	7.985028e-01	-2.829688e-01
5.293409e-01	7.983075e-01	-2.829054e-01
5.492674e-01	7.979040e-01	-2.823562e-01
5.531783e-01	7.971405e-01	-2.824258e-01
5.574801e-01	7.964421e-01	-2.823367e-01
5.242868e-01	7.870088e-01	-1.780601e-01
5.618786e-01	7.840853e-01	-1.756911e-01
5.352391e-01	7.619222e-01	-2.619323e-01
5.500343e-01	7.605155e-01	-2.610736e-01
4.976025e-01	6.677991e-01	-1.225464e-01
5.904382e-01	6.664811e-01	-1.040986e-01
4.941629e-01	5.374860e-01	-1.157175e-01
5.952154e-01	5.358424e-01	-8.120117e-02
4.869310e-01	4.231341e-01	-1.956092e-01
5.955251e-01	4.111387e-01	-1.654381e-01
4.838427e-01	3.857895e-01	-2.313336e-01
5.985283e-01	3.765726e-01	-1.976230e-01
4.907788e-01	3.861043e-01	-2.605385e-01
5.864827e-01	3.770523e-01	-2.299850e-01
4.960835e-01	3.984547e-01	-2.102795e-01
5.842224e-01	3.903291e-01	-1.808260e-01
5.179436e-01	4.248430e-01	-8.488145e-03
5.676481e-01	4.233586e-01	8.642322e-03
5.125228e-01	2.575297e-01	3.650419e-02
5.725526e-01	2.650680e-01	6.936918e-02
5.059928e-01	1.148149e-01	2.057926e-01
5.719312e-01	1.159339e-01	2.499716e-01
5.119492e-01	9.342889e-02	2.153472e-01
5.647177e-01	9.644112e-02	2.604461e-01
4.852362e-01	5.660791e-02	1.100884e-01
6.000754e-01	6.265228e-02	1.539604e-01
5.426512e-01	7.836285e-01	-3.023638e-01
5.371855e-01	7.983986e-01	-2.864068e-01
5.326144e-01	7.982890e-01	-2.864377e-01
5.293475e-01	7.980305e-01	-2.864184e-01
5.492575e-01	7.978700e-01	-2.851814e-01
5.531705e-01	7.971296e-01	-2.852638e-01
5.574742e-01	7.964368e-01	-2.852333e-01
5.242912e-01	7.865255e-01	-1.799051e-01
5.618300e-01	7.839519e-01	-1.794683e-01
5.352728e-01	7.617571e-01	-2.626078e-01
5.500445e-01	7.604309e-01	-2.633847e-01
4.979672e-01	6.665245e-01	-1.248062e-01
5.905891e-01	6.657465e-01	-1.102328e-01
4.947659e-01	5.349309e-01	-1.135878e-01
5.953776e-01	5.345796e-01	-8.688267e-02
4.874167e-01	4.211309e-01	-1.905917e-01
5.954845e-01	4.107900e-01	-1.737111e-01
4.840522e-01	3.840800e-01	-2.243890e-01
5.984170e-01	3.768666e-01	-2.047635e-01
4.910662e-01	3.835193e-01	-2.539973e-01
5.865506e-01	3.769344e-01	-2.374506e-01
4.961751e-01	3.958578e-01	-2.054483e-01
5.844413e-01	3.898355e-01	-1.890854e-01
5.184057e-01	4.263698e-01	-8.210415e-03
5.674807e-01	4.239936e-01	8.345034e-03
5.125036e-01	2.575578e-01	3.759640e-02
5.719746e-01	2.654894e-01	6.902421e-02
5.059835e-01	1.148609e-01	2.057915e-01
5.717452e-01	1.162966e-01	2.512101e-01
5.119343e-01	9.345444e-02	2.151547e-01
5.644829e-01	9.682082e-02	2.618641e-01
4.849772e-01	5.705083e-02	1.088981e-01
5.996104e-01	6.263899e-02	1.538837e-01
