5.212003e-01	6.974510e-01	-2.300571e-01
5.168422e-01	7.131497e-01	-2.164170e-01
5.136061e-01	7.133219e-01	-2.164485e-01
5.098907e-01	7.134165e-01	-2.164356e-01
5.270461e-01	7.135499e-01	-2.170467e-01
5.307910e-01	7.137702e-01	-2.170788e-01
5.342200e-01	7.136374e-01	-2.170033e-01
5.061758e-01	7.092842e-01	-1.253659e-01
5.396743e-01	7.075223e-01	-1.269085e-01
5.143708e-01	6.810703e-01	-1.949457e-01
5.270606e-01	6.822346e-01	-1.951575e-01
4.793171e-01	6.184137e-01	-5.870784e-02
5.624815e-01	6.108110e-01	-7.384745e-02
4.725207e-01	5.020909e-01	-1.681106e-02
5.672799e-01	4.962861e-01	-4.564952e-02
4.549448e-01	4.029098e-01	-7.940152e-02
5.698848e-01	3.884684e-01	-1.153196e-01
4.489587e-01	3.713142e-01	-1.011726e-01
5.739428e-01	3.538674e-01	-1.395248e-01
4.485607e-01	3.720868e-01	-1.338296e-01
5.689982e-01	3.547129e-01	-1.693986e-01
4.530429e-01	3.835381e-01	-9.415186e-02
5.653294e-01	3.678237e-01	-1.293796e-01
4.947502e-01	3.953584e-01	9.906052e-03
5.418909e-01	3.906476e-01	-9.874426e-03
4.899418e-01	2.386086e-01	1.966381e-02
5.462077e-01	2.374130e-01	-4.261334e-03
4.917338e-01	8.933994e-02	1.215718e-01
5.483294e-01	8.797446e-02	9.318601e-02
5.002451e-01	6.787020e-02	1.261947e-01
5.451634e-01	6.811219e-02	9.680383e-02
4.695161e-01	5.257094e-02	3.519219e-02
5.564567e-01	4.546094e-02	-3.815144e-03
5.211838e-01	6.981977e-01	-2.433277e-01
5.168362e-01	7.134444e-01	-2.295263e-01
5.134434e-01	7.136516e-01	-2.295558e-01
5.098773e-01	7.136670e-01	-2.295325e-01
5.270393e-01	7.136496e-01	-2.306078e-01
5.307597e-01	7.138231e-01	-2.306486e-01
5.342169e-01	7.136487e-01	-2.305911e-01
5.061584e-01	7.092179e-01	-1.364872e-01
5.396728e-01	7.073635e-01	-1.418967e-01
5.143614e-01	6.814432e-01	-2.075358e-01
5.271052e-01	6.822344e-01	-2.088235e-01
4.796036e-01	6.184058e-01	-7.537780e-02
5.630865e-01	6.105003e-01	-7.988402e-02
4.727667e-01	5.010309e-01	-4.116493e-02
5.679878e-01	4.937142e-01	-5.180579e-02
4.547645e-01	4.029268e-01	-1.064486e-01
5.713574e-01	3.832480e-01	-1.217104e-01
4.483157e-01	3.703198e-01	-1.283004e-01
5.756192e-01	3.497415e-01	-1.446494e-01
4.484466e-01	3.712578e-01	-1.612289e-01
5.708697e-01	3.502866e-01	-1.760983e-01
4.529850e-01	3.819709e-01	-1.215418e-01
5.671512e-01	3.628447e-01	-1.363607e-01
4.958163e-01	3.954446e-01	6.707555e-03
5.432946e-01	3.910955e-01	-6.634507e-03
4.898121e-01	2.383515e-01	6.441950e-03
5.462347e-01	2.370795e-01	-4.215976e-03
4.915851e-01	8.965595e-02	1.037984e-01
5.483702e-01	8.800063e-02	9.572072e-02
5.001756e-01	6.806175e-02	1.075981e-01
5.435713e-01	6.817304e-02	9.915366e-02
4.695877e-01	5.264470e-02	1.822642e-02
5.603963e-01	4.468486e-02	-2.045504e-04
5.211583e-01	6.986455e-01	-2.476596e-01
5.168333e-01	7.136464e-01	-2.338184e-01
5.133513e-01	7.138857e-01	-2.338528e-01
5.098742e-01	7.138536e-01	-2.338293e-01
5.270306e-01	7.137028e-01	-2.350068e-01
5.307225e-01	7.138438e-01	-2.350433e-01
5.342087e-01	7.136491e-01	-2.349884e-01
5.061592e-01	7.091869e-01	-1.402082e-01
5.396717e-01	7.071643e-01	-1.462151e-01
5.143498e-01	6.816775e-01	-2.116642e-01
5.271286e-01	6.822276e-01	-2.131238e-01
4.799770e-01	6.183636e-01	-7.915639e-02
5.634702e-01	6.097907e-01	-8.128373e-02
4.729983e-01	5.010244e-01	-4.470868e-02
5.688681e-01	4.925675e-01	-5.229707e-02
4.530294e-01	4.046341e-01	-1.088277e-01
5.746917e-01	3.822894e-01	-1.219214e-01
4.447098e-01	3.721919e-01	-1.296115e-01
5.805443e-01	3.483583e-01	-1.443170e-01
4.442785e-01	3.730047e-01	-1.625525e-01
5.768283e-01	3.482902e-01	-1.758158e-01
4.489620e-01	3.829425e-01	-1.240145e-01
5.727202e-01	3.609464e-01	-1.366961e-01
4.969183e-01	3.959152e-01	4.761799e-03
5.441470e-01	3.920239e-01	-4.678157e-03
4.895767e-01	2.385949e-01	-2.740888e-04
5.463051e-01	2.369581e-01	-6.740591e-03
4.911888e-01	9.045769e-02	9.475897e-02
5.483546e-01	8.770199e-02	8.944105e-02
4.996958e-01	6.859762e-02	9.820375e-02
5.417522e-01	6.753163e-02	9.198089e-02
4.699320e-01	5.310369e-02	7.952201e-03
5.624264e-01	4.351443e-02	-8.351335e-03
5.211948e-01	6.989354e-01	-2.613923e-01
5.168651e-01	7.138287e-01	-2.478867e-01
5.133507e-01	7.140947e-01	-2.479225e-01
5.098935e-01	7.140094e-01	-2.478949e-01
5.270510e-01	7.137656e-01	-2.489864e-01
5.307398e-01	7.138781e-01	-2.490149e-01
5.342382e-01	7.136526e-01	-2.489578e-01
5.061691e-01	7.091255e-01	-1.530415e-01
5.396941e-01	7.070761e-01	-1.585583e-01
5.143849e-01	6.818519e-01	-2.247032e-01
5.272492e-01	6.822249e-01	-2.260751e-01
4.803429e-01	6.183326e-01	-8.784777e-02
5.637819e-01	6.090695e-01	-8.834755e-02
4.729641e-01	5.009731e-01	-5.021824e-02
5.705038e-01	4.908502e-01	-5.693951e-02
4.496600e-01	4.052077e-01	-1.110101e-01
5.816704e-01	3.802207e-01	-1.282976e-01
4.396804e-01	3.723258e-01	-1.302286e-01
5.889549e-01	3.462705e-01	-1.490316e-01
4.398344e-01	3.729884e-01	-1.640768e-01
5.865249e-01	3.446113e-01	-1.833304e-01
4.448370e-01	3.828624e-01	-1.264581e-01
5.821984e-01	3.573259e-01	-1.442552e-01
4.975053e-01	3.959799e-01	4.484625e-03
5.448033e-01	3.928118e-01	-4.408118e-03
4.889404e-01	2.385850e-01	-3.262357e-03
5.463582e-01	2.367939e-01	-9.195359e-03
4.907646e-01	9.150974e-02	9.075515e-02
5.482308e-01	8.732472e-02	8.404773e-02
4.991915e-01	6.941703e-02	9.405441e-02
5.406402e-01	6.675766e-02	8.612220e-02
4.697050e-01	5.404345e-02	3.279705e-03
5.630264e-01	4.261293e-02	-1.538901e-02
5.213298e-01	6.991559e-01	-2.671176e-01
5.169525e-01	7.139945e-01	-2.534359e-01
5.133845e-01	7.142944e-01	-2.534738e-01
5.099591e-01	7.141783e-01	-2.534471e-01
5.271172e-01	7.138274e-01	-2.548246e-01
5.308253e-01	7.139149e-01	-2.548499e-01
5.343247e-01	7.136578e-01	-2.547872e-01
5.062137e-01	7.091027e-01	-1.573175e-01
5.397648e-01	7.070414e-01	-1.639265e-01
5.145220e-01	6.820188e-01	-2.298740e-01
5.274533e-01	6.822251e-01	-2.315985e-01
4.806060e-01	6.183314e-01	-8.861531e-02
5.640160e-01	6.088255e-01	-9.330036e-02
4.724932e-01	5.010566e-01	-4.930333e-02
5.728050e-01	4.904222e-01	-6.250749e-02
4.460889e-01	4.066980e-01	-1.116612e-01
5.890456e-01	3.804001e-01	-1.362343e-01
4.355803e-01	3.748806e-01	-1.306494e-01
5.968400e-01	3.465182e-01	-1.566955e-01
4.352961e-01	3.751625e-01	-1.647943e-01
5.951698e-01	3.453014e-01	-1.920460e-01
4.405381e-01	3.845460e-01	-1.271969e-01
5.908395e-01	3.580256e-01	-1.525639e-01
4.978129e-01	3.959286e-01	4.542074e-03
5.452703e-01	3.933882e-01	-4.467590e-03
4.886286e-01	2.380825e-01	7.383277e-04
5.463676e-01	2.364882e-01	-9.401037e-03
4.906067e-01	9.165591e-02	9.604906e-02
5.482187e-01	8.729582e-02	8.497230e-02
4.990823e-01	6.961710e-02	9.957061e-02
5.406998e-01	6.675629e-02	8.739297e-02
4.688832e-01	5.450800e-02	9.104310e-03
5.626033e-01	4.263593e-02	-1.373687e-02
5.215234e-01	6.993585e-01	-2.585568e-01
5.170467e-01	7.141384e-01	-2.450590e-01
5.134342e-01	7.144480e-01	-2.450946e-01
5.100306e-01	7.143053e-01	-2.450762e-01
5.272021e-01	7.139031e-01	-2.461214e-01
5.309308e-01	7.139650e-01	-2.461545e-01
5.344156e-01	7.136702e-01	-2.460939e-01
5.062520e-01	7.090870e-01	-1.526626e-01
5.398082e-01	7.070283e-01	-1.563248e-01
5.147083e-01	6.822094e-01	-2.223081e-01
5.277019e-01	6.822449e-01	-2.234066e-01
4.810204e-01	6.184060e-01	-8.588304e-02
5.640075e-01	6.090915e-01	-9.012002e-02
4.714316e-01	5.032355e-01	-4.384838e-02
5.745646e-01	4.916327e-01	-6.050598e-02
4.430583e-01	4.117612e-01	-1.080612e-01
5.949651e-01	3.870850e-01	-1.327519e-01
4.319289e-01	3.832440e-01	-1.275033e-01
6.031784e-01	3.521926e-01	-1.538391e-01
4.300961e-01	3.831917e-01	-1.614818e-01
6.021742e-01	3.497517e-01	-1.884533e-01
4.360425e-01	3.914515e-01	-1.235416e-01
5.978703e-01	3.614247e-01	-1.488388e-01
4.981651e-01	3.959582e-01	5.590263e-03
5.453743e-01	3.940620e-01	-5.528376e-03
4.886089e-01	2.378877e-01	2.838776e-03
5.463616e-01	2.362027e-01	-1.043316e-02
4.905373e-01	9.158643e-02	9.636880e-02
5.482567e-01	8.732358e-02	8.321265e-02
4.989865e-01	6.959240e-02	9.964602e-02
5.408537e-01	6.686918e-02	8.577182e-02
4.678178e-01	5.436763e-02	9.467607e-03
5.623167e-01	4.246191e-02	-1.448052e-02
5.216192e-01	6.994317e-01	-2.417215e-01
5.171368e-01	7.142127e-01	-2.262731e-01
5.135036e-01	7.145606e-01	-2.263063e-01
5.101143e-01	7.144374e-01	-2.262718e-01
5.272576e-01	7.139121e-01	-2.275323e-01
5.309826e-01	7.139680e-01	-2.275527e-01
5.344575e-01	7.136588e-01	-2.274719e-01
5.063758e-01	7.091005e-01	-1.292972e-01
5.398275e-01	7.069716e-01	-1.348200e-01
5.148382e-01	6.823669e-01	-2.048485e-01
5.278324e-01	6.822459e-01	-2.063450e-01
4.813291e-01	6.185632e-01	-6.614992e-02
5.640026e-01	6.093874e-01	-7.166158e-02
4.702146e-01	5.088196e-01	-3.647104e-02
5.772144e-01	4.942253e-01	-5.346007e-02
4.403892e-01	4.209447e-01	-1.053928e-01
6.006962e-01	3.935832e-01	-1.322552e-01
4.278885e-01	3.935956e-01	-1.254091e-01
6.099318e-01	3.602589e-01	-1.545520e-01
4.249773e-01	3.939976e-01	-1.594392e-01
6.098107e-01	3.587546e-01	-1.895042e-01
4.312012e-01	4.015103e-01	-1.208863e-01
6.056643e-01	3.688287e-01	-1.486944e-01
4.982062e-01	3.956863e-01	7.310879e-03
5.453143e-01	3.940826e-01	-7.248373e-03
4.886053e-01	2.368637e-01	1.096283e-02
5.463290e-01	2.357094e-01	-1.016184e-02
4.905066e-01	9.151875e-02	1.074790e-01
5.482643e-01	8.737809e-02	8.731749e-02
4.989547e-01	6.962014e-02	1.112120e-01
5.409737e-01	6.719247e-02	9.030718e-02
4.668837e-01	5.434690e-02	2.386616e-02
5.621165e-01	4.235156e-02	-8.808496e-03
5.216190e-01	6.994319e-01	-2.135492e-01
5.171387e-01	7.142152e-01	-1.973933e-01
5.135011e-01	7.145631e-01	-1.974300e-01
5.101223e-01	7.144426e-01	-1.973966e-01
5.272536e-01	7.139120e-01	-1.983449e-01
5.309588e-01	7.139654e-01	-1.983552e-01
5.344443e-01	7.136479e-01	-1.982587e-01
5.064352e-01	7.091188e-01	-1.014991e-01
5.398058e-01	7.069626e-01	-1.057312e-01
5.148660e-01	6.824069e-01	-1.777560e-01
5.278605e-01	6.822366e-01	-1.788116e-01
4.817678e-01	6.192788e-01	-4.794065e-02
5.639847e-01	6.099492e-01	-4.357033e-02
4.683887e-01	5.166354e-01	-2.928459e-02
5.793219e-01	4.980993e-01	-2.896133e-02
4.359815e-01	4.340401e-01	-1.077963e-01
6.064650e-01	4.068059e-01	-1.211637e-01
4.217142e-01	4.072907e-01	-1.303766e-01
6.163581e-01	3.776714e-01	-1.455517e-01
4.185514e-01	4.097104e-01	-1.646176e-01
6.168984e-01	3.779462e-01	-1.817272e-01
4.246130e-01	4.171877e-01	-1.237321e-01
6.128381e-01	3.862004e-01	-1.388794e-01
4.981771e-01	3.956825e-01	6.758859e-03
5.452679e-01	3.944397e-01	-6.691840e-03
4.885982e-01	2.366664e-01	1.138945e-02
5.462636e-01	2.356933e-01	-6.315458e-03
4.903940e-01	9.151216e-02	1.077165e-01
5.480948e-01	8.739764e-02	9.189890e-02
4.987646e-01	6.965490e-02	1.114292e-01
5.407189e-01	6.726161e-02	9.479790e-02
4.666778e-01	5.470560e-02	2.357890e-02
5.629949e-01	4.235945e-02	-4.059489e-03
5.215636e-01	6.982418e-01	-2.140989e-01
5.171366e-01	7.134174e-01	-1.978519e-01
5.134879e-01	7.139402e-01	-1.978950e-01
5.101241e-01	7.140526e-01	-1.978650e-01
5.272328e-01	7.128057e-01	-1.992356e-01
5.309168e-01	7.128166e-01	-1.992424e-01
5.344285e-01	7.126463e-01	-1.991440e-01
5.065137e-01	7.091073e-01	-9.944233e-02
5.398042e-01	7.066262e-01	-1.055351e-01
5.148657e-01	6.817468e-01	-1.771768e-01
5.278576e-01	6.812581e-01	-1.787322e-01
4.822940e-01	6.203646e-01	-4.084131e-02
5.639385e-01	6.107541e-01	-4.302537e-02
4.662832e-01	5.226735e-01	-1.785844e-02
5.821840e-01	5.030013e-01	-2.959293e-02
4.311482e-01	4.472910e-01	-1.074011e-01
6.123511e-01	4.184574e-01	-1.220222e-01
4.164130e-01	4.237593e-01	-1.285872e-01
6.247058e-01	3.913630e-01	-1.473018e-01
4.123763e-01	4.287630e-01	-1.621485e-01
6.249117e-01	3.915414e-01	-1.839588e-01
4.180097e-01	4.350794e-01	-1.224942e-01
6.196415e-01	3.985096e-01	-1.405302e-01
4.981493e-01	3.959044e-01	7.402761e-03
5.450128e-01	3.951001e-01	-7.327928e-03
4.886491e-01	2.366732e-01	1.230066e-02
5.461897e-01	2.358124e-01	-6.814891e-03
4.903408e-01	9.148299e-02	1.075984e-01
5.480466e-01	8.789025e-02	8.920643e-02
4.986795e-01	6.965414e-02	1.111748e-01
5.407127e-01	6.802281e-02	9.183795e-02
4.664049e-01	5.485613e-02	2.347070e-02
5.634259e-01	4.266317e-02	-6.716420e-03
5.216082e-01	6.970937e-01	-2.148144e-01
5.171875e-01	7.127180e-01	-1.976116e-01
5.135397e-01	7.133106e-01	-1.976650e-01
5.101794e-01	7.136023e-01	-1.976415e-01
5.272754e-01	7.120084e-01	-1.995708e-01
5.310019e-01	7.120239e-01	-1.995753e-01
5.345291e-01	7.119316e-01	-1.994735e-01
5.066022e-01	7.090247e-01	-9.480634e-02
5.399498e-01	7.063723e-01	-1.035990e-01
5.149884e-01	6.809203e-01	-1.764187e-01
5.279506e-01	6.803641e-01	-1.787112e-01
4.824875e-01	6.209189e-01	-3.127761e-02
5.639403e-01	6.121716e-01	-4.168295e-02
4.641922e-01	5.264966e-01	-5.869203e-03
5.856524e-01	5.097586e-01	-3.128681e-02
4.241067e-01	4.620116e-01	-1.041234e-01
6.181115e-01	4.327469e-01	-1.322908e-01
4.093521e-01	4.401220e-01	-1.281960e-01
6.326441e-01	4.067450e-01	-1.594551e-01
4.061432e-01	4.462245e-01	-1.609919e-01
6.334581e-01	4.085811e-01	-1.971494e-01
4.111674e-01	4.521996e-01	-1.221050e-01
6.275836e-01	4.150150e-01	-1.516394e-01
4.978190e-01	3.964690e-01	1.080080e-02
5.444044e-01	3.953872e-01	-1.072283e-02
4.886855e-01	2.366992e-01	1.432488e-02
5.460830e-01	2.358139e-01	-1.206517e-02
4.903300e-01	9.144637e-02	1.079959e-01
5.480691e-01	8.787835e-02	8.221139e-02
4.986807e-01	6.946985e-02	1.114351e-01
5.407611e-01	6.795127e-02	8.457097e-02
4.657571e-01	5.535615e-02	2.353426e-02
5.628396e-01	4.266459e-02	-1.588055e-02
5.217751e-01	6.958649e-01	-2.117203e-01
5.172880e-01	7.119486e-01	-1.945605e-01
5.136572e-01	7.125782e-01	-1.946216e-01
5.102839e-01	7.130502e-01	-1.945973e-01
5.273814e-01	7.111256e-01	-1.960652e-01
5.311672e-01	7.111266e-01	-1.960641e-01
5.346934e-01	7.111062e-01	-1.959634e-01
5.067264e-01	7.088434e-01	-9.144083e-02
5.400290e-01	7.060536e-01	-9.788773e-02
5.152065e-01	6.798956e-01	-1.730742e-01
5.281157e-01	6.792851e-01	-1.748025e-01
4.827155e-01	6.216709e-01	-2.759775e-02
5.637407e-01	6.144623e-01	-3.293278e-02
4.630136e-01	5.305814e-01	-4.045276e-03
5.890891e-01	5.192873e-01	-2.427284e-02
4.173257e-01	4.759698e-01	-1.032994e-01
6.269860e-01	4.458983e-01	-1.312158e-01
4.024919e-01	4.588608e-01	-1.278816e-01
6.424719e-01	4.244705e-01	-1.573288e-01
3.988938e-01	4.670526e-01	-1.605175e-01
6.437983e-01	4.257924e-01	-1.945918e-01
4.049651e-01	4.712057e-01	-1.211615e-01
6.373265e-01	4.316721e-01	-1.501296e-01
4.978119e-01	3.973517e-01	1.083484e-02
5.437291e-01	3.958828e-01	-1.075694e-02
4.889088e-01	2.373159e-01	1.215890e-02
5.460791e-01	2.360546e-01	-1.582792e-02
4.903347e-01	9.143274e-02	1.037388e-01
5.481095e-01	8.738487e-02	7.680561e-02
4.986950e-01	6.922632e-02	1.070450e-01
5.407550e-01	6.710105e-02	7.898703e-02
4.657189e-01	5.568092e-02	1.936587e-02
5.624159e-01	4.266964e-02	-2.205491e-02
5.222613e-01	6.945006e-01	-1.741988e-01
5.175468e-01	7.109714e-01	-1.573849e-01
5.140160e-01	7.115989e-01	-1.574506e-01
5.105390e-01	7.122563e-01	-1.574279e-01
5.277168e-01	7.099943e-01	-1.583661e-01
5.316375e-01	7.099843e-01	-1.583613e-01
5.350705e-01	7.099885e-01	-1.582641e-01
5.068871e-01	7.084982e-01	-5.863275e-02
5.402108e-01	7.054805e-01	-6.280667e-02
5.156225e-01	6.787499e-01	-1.373914e-01
5.284308e-01	6.781968e-01	-1.384311e-01
4.830070e-01	6.228449e-01	2.287993e-04
5.636016e-01	6.171845e-01	-5.324997e-03
4.623241e-01	5.361894e-01	2.441823e-02
5.926634e-01	5.295859e-01	1.116091e-03
4.129197e-01	4.912800e-01	-6.794406e-02
6.338449e-01	4.642587e-01	-1.063390e-01
3.981538e-01	4.770373e-01	-8.977620e-02
6.492548e-01	4.468172e-01	-1.334727e-01
3.950517e-01	4.882085e-01	-1.274109e-01
6.507417e-01	4.497667e-01	-1.687437e-01
4.015466e-01	4.925072e-01	-8.641097e-02
6.441634e-01	4.547960e-01	-1.253006e-01
4.978298e-01	3.979129e-01	1.158649e-02
5.435796e-01	3.965055e-01	-1.149416e-02
4.891403e-01	2.378564e-01	1.014423e-02
5.460758e-01	2.363723e-01	-2.197973e-02
4.903286e-01	9.155299e-02	1.008913e-01
5.481222e-01	8.727210e-02	6.862447e-02
4.986402e-01	6.922505e-02	1.043273e-01
5.409355e-01	6.708325e-02	7.064922e-02
4.654223e-01	5.612505e-02	1.695094e-02
5.601878e-01	4.311264e-02	-3.079216e-02
5.225824e-01	6.939535e-01	-1.516086e-01
5.177509e-01	7.103559e-01	-1.348129e-01
5.142934e-01	7.109075e-01	-1.348768e-01
5.107280e-01	7.116024e-01	-1.348460e-01
5.278979e-01	7.093040e-01	-1.359264e-01
5.318533e-01	7.092413e-01	-1.359183e-01
5.352522e-01	7.092353e-01	-1.358153e-01
5.069614e-01	7.079294e-01	-3.799896e-02
5.402945e-01	7.048648e-01	-4.277252e-02
5.159475e-01	6.780932e-01	-1.156894e-01
5.285980e-01	6.775164e-01	-1.168435e-01
4.832304e-01	6.238509e-01	1.851121e-02
5.632852e-01	6.180472e-01	8.842829e-03
4.602821e-01	5.420976e-01	3.817242e-02
5.964347e-01	5.385956e-01	1.484580e-02
4.103012e-01	5.144519e-01	-5.131701e-02
6.428181e-01	4.829585e-01	-8.432325e-02
3.943385e-01	5.000280e-01	-7.138129e-02
6.577383e-01	4.706235e-01	-1.101986e-01
3.913308e-01	5.116753e-01	-1.087578e-01
6.590469e-01	4.753276e-01	-1.446281e-01
3.983375e-01	5.160661e-01	-6.981008e-02
6.530588e-01	4.781746e-01	-1.031723e-01
4.978186e-01	3.978434e-01	1.254288e-02
5.432674e-01	3.964423e-01	-1.243965e-02
4.892621e-01	2.380378e-01	1.041068e-02
5.460700e-01	2.364170e-01	-2.401257e-02
4.903250e-01	9.155758e-02	1.048207e-01
5.481325e-01	8.651070e-02	6.984325e-02
4.986171e-01	6.911892e-02	1.089212e-01
5.409592e-01	6.622083e-02	7.225206e-02
4.650106e-01	5.644531e-02	2.261033e-02
5.589700e-01	4.331616e-02	-2.930259e-02
5.228986e-01	6.933242e-01	-1.629333e-01
5.179831e-01	7.098268e-01	-1.463201e-01
5.145844e-01	7.103510e-01	-1.463804e-01
5.109308e-01	7.110859e-01	-1.463419e-01
5.281536e-01	7.086856e-01	-1.473748e-01
5.321174e-01	7.086012e-01	-1.473651e-01
5.354553e-01	7.085738e-01	-1.472671e-01
5.070566e-01	7.075565e-01	-4.818354e-02
5.404100e-01	7.042033e-01	-5.276444e-02
5.162164e-01	6.774995e-01	-1.264069e-01
5.287489e-01	6.769141e-01	-1.274777e-01
4.833489e-01	6.241268e-01	1.360674e-02
5.631668e-01	6.180835e-01	6.892037e-04
4.579165e-01	5.451866e-01	3.614066e-02
6.005872e-01	5.460503e-01	7.676975e-03
4.069905e-01	5.309988e-01	-5.336536e-02
6.483673e-01	5.037253e-01	-8.935069e-02
3.900371e-01	5.223226e-01	-7.245793e-02
6.641173e-01	4.920597e-01	-1.141395e-01
3.873465e-01	5.338359e-01	-1.104708e-01
6.650296e-01	4.963094e-01	-1.490591e-01
3.944443e-01	5.356162e-01	-7.222009e-02
6.582878e-01	4.986697e-01	-1.083277e-01
4.978057e-01	3.974203e-01	1.336580e-02
5.429262e-01	3.959865e-01	-1.325858e-02
4.894221e-01	2.381820e-01	1.326877e-02
5.462276e-01	2.364625e-01	-2.318691e-02
4.903682e-01	9.156790e-02	1.153663e-01
5.482339e-01	8.571239e-02	7.271352e-02
4.986848e-01	6.907216e-02	1.200414e-01
5.409728e-01	6.501274e-02	7.521012e-02
4.649221e-01	5.678974e-02	3.343128e-02
5.598415e-01	4.333652e-02	-2.614817e-02
5.230706e-01	6.926782e-01	-1.639438e-01
5.181305e-01	7.092972e-01	-1.471884e-01
5.147854e-01	7.097868e-01	-1.472453e-01
5.110985e-01	7.105332e-01	-1.471991e-01
5.282660e-01	7.080972e-01	-1.485598e-01
5.321977e-01	7.079794e-01	-1.485591e-01
5.355288e-01	7.079452e-01	-1.484697e-01
5.071807e-01	7.070789e-01	-4.887042e-02
5.404449e-01	7.035452e-01	-5.521790e-02
5.164236e-01	6.768760e-01	-1.272533e-01
5.288243e-01	6.762972e-01	-1.288759e-01
4.835349e-01	6.241294e-01	1.751806e-02
5.630441e-01	6.184042e-01	-5.830505e-03
4.554390e-01	5.507959e-01	4.867532e-02
6.062057e-01	5.568402e-01	-2.187036e-03
4.032456e-01	5.510563e-01	-2.601809e-02
6.563426e-01	5.259562e-01	-9.747128e-02
3.864108e-01	5.480410e-01	-4.136438e-02
6.726899e-01	5.131959e-01	-1.216360e-01
3.843268e-01	5.562721e-01	-7.848146e-02
6.726090e-01	5.170604e-01	-1.558611e-01
3.903868e-01	5.570225e-01	-4.432211e-02
6.658769e-01	5.195227e-01	-1.158964e-01
4.979760e-01	3.970978e-01	1.727130e-02
5.429072e-01	3.959737e-01	-1.716503e-02
4.896289e-01	2.382294e-01	1.579316e-02
5.462412e-01	2.366021e-01	-3.017764e-02
4.904077e-01	9.151891e-02	1.176941e-01
5.483254e-01	8.491112e-02	6.661864e-02
4.987446e-01	6.887456e-02	1.221540e-01
5.410362e-01	6.361151e-02	6.945632e-02
4.647952e-01	5.679190e-02	3.592106e-02
5.602061e-01	4.314666e-02	-3.383107e-02
5.230840e-01	6.916143e-01	-1.769798e-01
5.181566e-01	7.084540e-01	-1.605743e-01
5.148286e-01	7.088760e-01	-1.606284e-01
5.111616e-01	7.095621e-01	-1.605899e-01
5.282804e-01	7.073438e-01	-1.618688e-01
5.322020e-01	7.072251e-01	-1.618716e-01
5.355548e-01	7.072259e-01	-1.617814e-01
5.072649e-01	7.062054e-01	-6.162070e-02
5.405058e-01	7.029014e-01	-6.799200e-02
5.165066e-01	6.759499e-01	-1.401274e-01
5.288385e-01	6.754219e-01	-1.416623e-01
4.837262e-01	6.240912e-01	6.611491e-03
5.631135e-01	6.198728e-01	-1.440814e-02
4.518780e-01	5.578247e-01	3.012471e-02
6.119329e-01	5.687895e-01	-1.168913e-02
4.006252e-01	5.732353e-01	-4.629882e-02
6.645733e-01	5.463842e-01	-1.102429e-01
3.834516e-01	5.706855e-01	-6.717480e-02
6.831273e-01	5.405133e-01	-1.305106e-01
3.821391e-01	5.803225e-01	-1.047083e-01
6.818300e-01	5.436901e-01	-1.630474e-01
3.884981e-01	5.814068e-01	-6.434020e-02
6.745301e-01	5.422250e-01	-1.286013e-01
4.988866e-01	3.966096e-01	1.752198e-02
5.433780e-01	3.956630e-01	-1.742374e-02
4.899535e-01	2.381969e-01	2.173985e-02
5.463882e-01	2.362114e-01	-2.693607e-02
4.904172e-01	9.131768e-02	1.246593e-01
5.483440e-01	8.376006e-02	6.836791e-02
4.987572e-01	6.851967e-02	1.290897e-01
5.409091e-01	6.193457e-02	7.012723e-02
4.647498e-01	5.663583e-02	4.142278e-02
5.611605e-01	4.261993e-02	-3.048887e-02
5.229213e-01	6.903642e-01	-1.818151e-01
5.181012e-01	7.075272e-01	-1.655298e-01
5.147550e-01	7.079623e-01	-1.655835e-01
5.111490e-01	7.086211e-01	-1.655467e-01
5.282156e-01	7.064691e-01	-1.667968e-01
5.321093e-01	7.063792e-01	-1.668006e-01
5.355299e-01	7.063949e-01	-1.667106e-01
5.072678e-01	7.054475e-01	-6.506270e-02
5.405073e-01	7.023003e-01	-7.249708e-02
5.164777e-01	6.751304e-01	-1.447651e-01
5.287204e-01	6.745942e-01	-1.464325e-01
4.838201e-01	6.246481e-01	3.378760e-03
5.631764e-01	6.219616e-01	-1.779983e-02
4.477142e-01	5.699499e-01	8.608372e-03
6.144732e-01	5.790857e-01	-1.798010e-02
3.964446e-01	5.911793e-01	-9.516160e-02
6.699509e-01	5.684339e-01	-1.194935e-01
3.802871e-01	5.932714e-01	-1.162514e-01
6.898936e-01	5.668009e-01	-1.400097e-01
3.792920e-01	6.020986e-01	-1.462527e-01
6.886067e-01	5.716273e-01	-1.732331e-01
3.853633e-01	6.010531e-01	-1.119919e-01
6.811544e-01	5.694515e-01	-1.379758e-01
5.000978e-01	3.965153e-01	1.711635e-02
5.441348e-01	3.956541e-01	-1.702419e-02
4.904732e-01	2.381768e-01	2.441900e-02
5.463881e-01	2.361958e-01	-2.579751e-02
4.905663e-01	9.127370e-02	1.283251e-01
5.483412e-01	8.357912e-02	7.216974e-02
4.988498e-01	6.843472e-02	1.329201e-01
5.409206e-01	6.169587e-02	7.545139e-02
4.652154e-01	5.686287e-02	4.398521e-02
5.611107e-01	4.289036e-02	-2.896701e-02
5.226936e-01	6.894352e-01	-1.870318e-01
5.179888e-01	7.068738e-01	-1.704375e-01
5.146160e-01	7.073363e-01	-1.704995e-01
5.111172e-01	7.079759e-01	-1.704635e-01
5.280876e-01	7.058007e-01	-1.724014e-01
5.319551e-01	7.057327e-01	-1.724176e-01
5.354633e-01	7.057031e-01	-1.723293e-01
5.072700e-01	7.048556e-01	-6.519698e-02
5.405091e-01	7.016769e-01	-7.754019e-02
5.164385e-01	6.746360e-01	-1.474714e-01
5.286134e-01	6.739748e-01	-1.506531e-01
4.838256e-01	6.262509e-01	-1.096425e-03
5.634578e-01	6.234112e-01	-2.124582e-02
4.426830e-01	5.823553e-01	-8.871118e-03
6.177520e-01	5.910139e-01	-2.650707e-02
3.920316e-01	6.184788e-01	-1.106659e-01
6.768944e-01	5.943782e-01	-1.266599e-01
3.759983e-01	6.255715e-01	-1.307482e-01
6.958010e-01	5.931815e-01	-1.457472e-01
3.765270e-01	6.355429e-01	-1.566322e-01
6.950880e-01	5.981752e-01	-1.784792e-01
3.824384e-01	6.340166e-01	-1.259148e-01
6.882742e-01	5.969319e-01	-1.447329e-01
5.013574e-01	3.963570e-01	1.701888e-02
5.448167e-01	3.956089e-01	-1.694483e-02
4.911507e-01	2.380432e-01	2.460996e-02
5.463974e-01	2.359875e-01	-2.165861e-02
4.906866e-01	9.122969e-02	1.258622e-01
5.483350e-01	8.357529e-02	7.676400e-02
4.988715e-01	6.842471e-02	1.300894e-01
5.408512e-01	6.180079e-02	8.040267e-02
4.667170e-01	5.713916e-02	4.020976e-02
5.613002e-01	4.295755e-02	-2.619950e-02
5.226421e-01	6.892537e-01	-1.912505e-01
5.179779e-01	7.067207e-01	-1.742943e-01
5.146091e-01	7.071713e-01	-1.743601e-01
5.111185e-01	7.077855e-01	-1.743238e-01
5.280753e-01	7.056841e-01	-1.770560e-01
5.319473e-01	7.056171e-01	-1.770877e-01
5.354690e-01	7.055842e-01	-1.770015e-01
5.073088e-01	7.047149e-01	-6.810486e-02
5.406591e-01	7.015419e-01	-8.482786e-02
5.164379e-01	6.745518e-01	-1.511956e-01
5.285855e-01	6.738978e-01	-1.557439e-01
4.838243e-01	6.285326e-01	-2.679684e-03
5.644077e-01	6.251618e-01	-3.191318e-02
4.379604e-01	5.945177e-01	-1.887604e-02
6.204704e-01	6.049070e-01	-4.117354e-02
3.886833e-01	6.413013e-01	-1.167436e-01
6.808571e-01	6.213804e-01	-1.380968e-01
3.736585e-01	6.532881e-01	-1.362284e-01
6.999629e-01	6.195685e-01	-1.568066e-01
3.746989e-01	6.637905e-01	-1.590890e-01
6.988050e-01	6.253906e-01	-1.874142e-01
3.808794e-01	6.611126e-01	-1.307547e-01
6.920551e-01	6.242806e-01	-1.552802e-01
5.014042e-01	3.963104e-01	1.665394e-02
5.448679e-01	3.956056e-01	-1.657913e-02
4.912906e-01	2.380377e-01	2.622602e-02
5.463995e-01	2.359637e-01	-2.109697e-02
4.906889e-01	9.112682e-02	1.253418e-01
5.483298e-01	8.356212e-02	7.658628e-02
4.988080e-01	6.822161e-02	1.294224e-01
5.408565e-01	6.184094e-02	8.019345e-02
4.671460e-01	5.759792e-02	3.904063e-02
5.588127e-01	4.300210e-02	-2.567883e-02
5.224155e-01	6.893170e-01	-1.918391e-01
5.178988e-01	7.067301e-01	-1.747253e-01
5.144950e-01	7.071674e-01	-1.747954e-01
5.110823e-01	7.077514e-01	-1.747647e-01
5.279807e-01	7.057063e-01	-1.779851e-01
5.318487e-01	7.056284e-01	-1.780176e-01
5.354429e-01	7.055665e-01	-1.779323e-01
5.073110e-01	7.045686e-01	-6.956066e-02
5.407348e-01	7.012864e-01	-8.683629e-02
5.163404e-01	6.745873e-01	-1.512876e-01
5.284437e-01	6.739302e-01	-1.567126e-01
4.836853e-01	6.318653e-01	-4.101132e-03
5.648688e-01	6.267286e-01	-3.471202e-02
4.335937e-01	6.069701e-01	-1.926077e-02
6.239429e-01	6.195011e-01	-4.506587e-02
3.874202e-01	6.576824e-01	-1.104263e-01
6.830455e-01	6.404642e-01	-1.415070e-01
3.730382e-01	6.743633e-01	-1.292423e-01
7.010910e-01	6.461542e-01	-1.601616e-01
3.736769e-01	6.821211e-01	-1.528598e-01
7.004727e-01	6.528742e-01	-1.910526e-01
3.796800e-01	6.776003e-01	-1.246426e-01
6.941020e-01	6.491794e-01	-1.589841e-01
5.013312e-01	3.962353e-01	1.569108e-02
5.448749e-01	3.955935e-01	-1.561366e-02
4.914405e-01	2.379874e-01	2.584877e-02
5.465374e-01	2.356151e-01	-2.098922e-02
4.907238e-01	9.112095e-02	1.226428e-01
5.483690e-01	8.306042e-02	7.481271e-02
4.988228e-01	6.824046e-02	1.259996e-01
5.408257e-01	6.161467e-02	7.788790e-02
4.676523e-01	5.774860e-02	3.117474e-02
5.609917e-01	4.296033e-02	-2.975688e-02
5.220821e-01	6.893489e-01	-1.894030e-01
5.177259e-01	7.067498e-01	-1.720297e-01
5.142692e-01	7.071834e-01	-1.720982e-01
5.109874e-01	7.077352e-01	-1.720752e-01
5.278040e-01	7.057352e-01	-1.750127e-01
5.316741e-01	7.056569e-01	-1.750459e-01
5.353615e-01	7.055693e-01	-1.749615e-01
5.072958e-01	7.044727e-01	-6.885483e-02
5.407922e-01	7.010800e-01	-8.389905e-02
5.160907e-01	6.746273e-01	-1.498676e-01
5.282177e-01	6.739708e-01	-1.543961e-01
4.835322e-01	6.347178e-01	-4.857289e-03
5.650550e-01	6.290554e-01	-3.412257e-02
4.326883e-01	6.161990e-01	-2.705997e-02
6.241128e-01	6.301284e-01	-4.055570e-02
3.886716e-01	6.718105e-01	-1.165373e-01
6.817353e-01	6.611152e-01	-1.353880e-01
3.745409e-01	6.921155e-01	-1.353526e-01
6.996478e-01	6.723270e-01	-1.587403e-01
3.754410e-01	7.023928e-01	-1.553595e-01
6.984891e-01	6.799917e-01	-1.855547e-01
3.820155e-01	6.965262e-01	-1.298651e-01
6.916941e-01	6.747817e-01	-1.532751e-01
5.012497e-01	3.961990e-01	1.261565e-02
5.449942e-01	3.955886e-01	-1.252387e-02
4.915064e-01	2.377531e-01	1.862088e-02
5.467000e-01	2.355678e-01	-2.042200e-02
4.906890e-01	9.076976e-02	1.180140e-01
5.486702e-01	8.279528e-02	7.707625e-02
4.987206e-01	6.819580e-02	1.214807e-01
5.408729e-01	6.160621e-02	8.001927e-02
4.676289e-01	5.734917e-02	2.479562e-02
5.647451e-01	4.239545e-02	-2.868970e-02
5.220665e-01	6.893955e-01	-1.892676e-01
5.177240e-01	7.068160e-01	-1.715572e-01
5.142682e-01	7.072414e-01	-1.716270e-01
5.109876e-01	7.077515e-01	-1.716111e-01
5.277954e-01	7.058333e-01	-1.747024e-01
5.316657e-01	7.057734e-01	-1.747402e-01
5.353618e-01	7.056609e-01	-1.746574e-01
5.073196e-01	7.044787e-01	-6.821175e-02
5.410122e-01	7.010895e-01	-8.365308e-02
5.160928e-01	6.747809e-01	-1.498490e-01
5.282066e-01	6.740597e-01	-1.543265e-01
4.833620e-01	6.368077e-01	-4.657663e-03
5.656708e-01	6.319611e-01	-3.464837e-02
4.307531e-01	6.316801e-01	-2.882377e-02
6.274686e-01	6.414934e-01	-5.001990e-02
3.875769e-01	6.936952e-01	-1.191797e-01
6.819848e-01	6.856948e-01	-1.390339e-01
3.736152e-01	7.165267e-01	-1.384936e-01
6.994933e-01	6.987770e-01	-1.584549e-01
3.748740e-01	7.259740e-01	-1.556309e-01
6.980518e-01	7.082752e-01	-1.859865e-01
3.815331e-01	7.172608e-01	-1.315732e-01
6.914596e-01	7.028595e-01	-1.556381e-01
5.012089e-01	3.969451e-01	1.239984e-02
5.452179e-01	3.966878e-01	-1.230509e-02
4.914884e-01	2.375331e-01	1.607650e-02
5.466045e-01	2.356189e-01	-2.154040e-02
4.906634e-01	8.981366e-02	1.137814e-01
5.486685e-01	8.350389e-02	7.676207e-02
4.987180e-01	6.765688e-02	1.174079e-01
5.409514e-01	6.394546e-02	7.988416e-02
4.675897e-01	5.675779e-02	2.147983e-02
5.633136e-01	4.284626e-02	-2.847839e-02
5.221409e-01	6.891143e-01	-1.954602e-01
5.177581e-01	7.068388e-01	-1.766663e-01
5.142966e-01	7.072614e-01	-1.767477e-01
5.109996e-01	7.077681e-01	-1.767358e-01
5.278505e-01	7.058559e-01	-1.800511e-01
5.317609e-01	7.058198e-01	-1.800978e-01
5.354596e-01	7.057092e-01	-1.800196e-01
5.073684e-01	7.043619e-01	-6.984282e-02
5.413213e-01	7.010596e-01	-8.620149e-02
5.162017e-01	6.747049e-01	-1.549448e-01
5.282411e-01	6.739606e-01	-1.595848e-01
4.832594e-01	6.375635e-01	-6.539918e-03
5.666016e-01	6.340662e-01	-3.833215e-02
4.266882e-01	6.464583e-01	-3.830751e-02
6.274198e-01	6.526541e-01	-6.127107e-02
3.866473e-01	7.163934e-01	-1.302501e-01
6.812673e-01	7.114639e-01	-1.534444e-01
3.734577e-01	7.373434e-01	-1.510625e-01
6.975111e-01	7.275175e-01	-1.726831e-01
3.754683e-01	7.442572e-01	-1.642308e-01
6.958407e-01	7.357124e-01	-1.988427e-01
3.819993e-01	7.363803e-01	-1.415174e-01
6.897385e-01	7.297028e-01	-1.693687e-01
5.011898e-01	3.969955e-01	1.104017e-02
5.457037e-01	3.966691e-01	-1.094378e-02
4.914283e-01	2.376867e-01	1.504568e-02
5.465161e-01	2.356093e-01	-1.903354e-02
4.905655e-01	8.979457e-02	1.139403e-01
5.486808e-01	8.350250e-02	8.420149e-02
4.985220e-01	6.761939e-02	1.176193e-01
5.409673e-01	6.401552e-02	8.762740e-02
4.683098e-01	5.700304e-02	2.053113e-02
5.630146e-01	4.286089e-02	-2.297327e-02
5.222906e-01	6.891549e-01	-2.060948e-01
5.178838e-01	7.071517e-01	-1.869407e-01
5.144528e-01	7.075953e-01	-1.870275e-01
5.110724e-01	7.079853e-01	-1.870278e-01
5.280396e-01	7.061285e-01	-1.903802e-01
5.320100e-01	7.060553e-01	-1.904346e-01
5.356560e-01	7.059165e-01	-1.903749e-01
5.075362e-01	7.043704e-01	-7.852422e-02
5.416306e-01	7.010650e-01	-9.459512e-02
5.163135e-01	6.747202e-01	-1.650475e-01
5.283110e-01	6.739817e-01	-1.696497e-01
4.831348e-01	6.391307e-01	-1.336543e-02
5.669500e-01	6.343977e-01	-4.919589e-02
4.249933e-01	6.579488e-01	-4.551971e-02
6.262357e-01	6.597099e-01	-7.582881e-02
3.854411e-01	7.327096e-01	-1.359576e-01
6.804676e-01	7.287608e-01	-1.687722e-01
3.725774e-01	7.558380e-01	-1.576513e-01
6.965470e-01	7.478197e-01	-1.897909e-01
3.748561e-01	7.623209e-01	-1.720107e-01
6.945661e-01	7.576910e-01	-2.160298e-01
3.811744e-01	7.518566e-01	-1.480196e-01
6.887580e-01	7.509963e-01	-1.849277e-01
5.011507e-01	3.973390e-01	1.106319e-02
5.458169e-01	3.967949e-01	-1.096549e-02
4.914170e-01	2.377547e-01	1.376881e-02
5.465290e-01	2.355184e-01	-2.052322e-02
4.905192e-01	8.898964e-02	1.148080e-01
5.487251e-01	8.290256e-02	8.342538e-02
4.985161e-01	6.669806e-02	1.186870e-01
5.409721e-01	6.365247e-02	8.677024e-02
4.679905e-01	5.656260e-02	2.172347e-02
5.629924e-01	4.247038e-02	-2.471827e-02
5.226302e-01	6.890849e-01	-2.151360e-01
5.181604e-01	7.070986e-01	-1.953208e-01
5.147969e-01	7.075680e-01	-1.954111e-01
5.112723e-01	7.079737e-01	-1.954137e-01
5.283669e-01	7.060168e-01	-1.985292e-01
5.322807e-01	7.059703e-01	-1.985887e-01
5.358608e-01	7.058916e-01	-1.985435e-01
5.077250e-01	7.043573e-01	-8.383744e-02
5.418614e-01	7.010697e-01	-9.821258e-02
5.165530e-01	6.746943e-01	-1.728665e-01
5.284282e-01	6.738450e-01	-1.769955e-01
4.831001e-01	6.409383e-01	-1.610459e-02
5.672990e-01	6.351190e-01	-5.302007e-02
4.257625e-01	6.654666e-01	-4.026625e-02
6.251842e-01	6.694044e-01	-7.832608e-02
3.869407e-01	7.398167e-01	-1.274769e-01
6.785012e-01	7.453848e-01	-1.721303e-01
3.742634e-01	7.603573e-01	-1.491288e-01
6.943856e-01	7.660459e-01	-1.947838e-01
3.759092e-01	7.645041e-01	-1.668905e-01
6.925958e-01	7.761770e-01	-2.221272e-01
3.823042e-01	7.550662e-01	-1.407489e-01
6.867587e-01	7.693552e-01	-1.889075e-01
5.010679e-01	3.981903e-01	1.110360e-02
5.458101e-01	3.971360e-01	-1.100686e-02
4.914082e-01	2.377502e-01	1.389814e-02
5.465328e-01	2.352306e-01	-2.238754e-02
4.903642e-01	8.802407e-02	1.163783e-01
5.487519e-01	8.231827e-02	8.292384e-02
4.983280e-01	6.537080e-02	1.202311e-01
5.409445e-01	6.290765e-02	8.623807e-02
4.671829e-01	5.539941e-02	2.186466e-02
5.628287e-01	4.048949e-02	-2.794771e-02
5.228633e-01	6.893866e-01	-2.156100e-01
5.184096e-01	7.072040e-01	-1.953637e-01
5.150630e-01	7.076585e-01	-1.954630e-01
5.114556e-01	7.080606e-01	-1.954747e-01
5.285910e-01	7.061218e-01	-1.983396e-01
5.324212e-01	7.060649e-01	-1.983988e-01
5.359640e-01	7.060099e-01	-1.983683e-01
5.078940e-01	7.043955e-01	-8.345543e-02
5.419430e-01	7.010752e-01	-9.662545e-02
5.166554e-01	6.748523e-01	-1.731918e-01
5.284808e-01	6.738951e-01	-1.769324e-01
4.830844e-01	6.414042e-01	-1.728382e-02
5.675689e-01	6.354682e-01	-5.227159e-02
4.272745e-01	6.701096e-01	-3.858113e-02
6.240292e-01	6.801324e-01	-7.683217e-02
3.881086e-01	7.472535e-01	-1.268195e-01
6.768481e-01	7.600795e-01	-1.711835e-01
3.750340e-01	7.653018e-01	-1.503045e-01
6.937087e-01	7.803659e-01	-1.949081e-01
3.774843e-01	7.683686e-01	-1.701129e-01
6.922008e-01	7.913635e-01	-2.227253e-01
3.832445e-01	7.621404e-01	-1.413643e-01
6.860417e-01	7.846475e-01	-1.884197e-01
5.010532e-01	3.987032e-01	1.113350e-02
5.458015e-01	3.973089e-01	-1.103682e-02
4.913935e-01	2.377786e-01	1.403920e-02
5.465486e-01	2.352631e-01	-2.242606e-02
4.903458e-01	8.782789e-02	1.191623e-01
5.487825e-01	8.215731e-02	8.452798e-02
4.983850e-01	6.497470e-02	1.231896e-01
5.409433e-01	6.257835e-02	8.802876e-02
4.663336e-01	5.570057e-02	2.237723e-02
5.628027e-01	4.051948e-02	-2.776500e-02
5.238184e-01	6.893818e-01	-2.191457e-01
5.190576e-01	7.070184e-01	-1.991799e-01
5.156203e-01	7.075030e-01	-1.992831e-01
5.118417e-01	7.079040e-01	-1.993016e-01
5.294004e-01	7.060429e-01	-2.005747e-01
5.331919e-01	7.060081e-01	-2.006328e-01
5.365612e-01	7.059867e-01	-2.005974e-01
5.079190e-01	7.043481e-01	-8.809983e-02
5.421964e-01	7.010763e-01	-9.529305e-02
5.171856e-01	6.747438e-01	-1.772707e-01
5.290542e-01	6.737393e-01	-1.787567e-01
4.830989e-01	6.447266e-01	-2.881076e-02
5.675833e-01	6.371948e-01	-5.091118e-02
4.287423e-01	6.762800e-01	-6.052070e-02
6.232936e-01	6.879411e-01	-6.841242e-02
3.907055e-01	7.477055e-01	-1.543418e-01
6.743553e-01	7.715484e-01	-1.628837e-01
3.802988e-01	7.596534e-01	-1.824433e-01
6.878031e-01	7.965521e-01	-1.865766e-01
3.832874e-01	7.661046e-01	-2.014185e-01
6.858791e-01	8.073291e-01	-2.143529e-01
3.886146e-01	7.586378e-01	-1.689545e-01
6.803443e-01	7.991351e-01	-1.800793e-01
5.009472e-01	3.998696e-01	5.118552e-03
5.458741e-01	3.980160e-01	-4.993216e-03
4.913404e-01	2.385477e-01	8.410841e-03
5.468199e-01	2.353179e-01	-1.365003e-02
4.901412e-01	8.776745e-02	1.191012e-01
5.488731e-01	8.150223e-02	9.983952e-02
4.983730e-01	6.473734e-02	1.230742e-01
5.409411e-01	6.147631e-02	1.033091e-01
4.654403e-01	5.563251e-02	1.831139e-02
5.640221e-01	3.997292e-02	-1.508070e-02
5.242305e-01	6.892701e-01	-2.230814e-01
5.193150e-01	7.066696e-01	-2.038777e-01
5.158380e-01	7.071936e-01	-2.039835e-01
5.119480e-01	7.075684e-01	-2.040073e-01
5.297015e-01	7.057867e-01	-2.042412e-01
5.334910e-01	7.058563e-01	-2.043043e-01
5.367774e-01	7.059020e-01	-2.042864e-01
5.079104e-01	7.042165e-01	-9.474698e-02
5.422831e-01	7.010719e-01	-9.535770e-02
5.174736e-01	6.742637e-01	-1.816406e-01
5.293344e-01	6.730362e-01	-1.815948e-01
4.831204e-01	6.460897e-01	-3.571482e-02
5.676712e-01	6.391166e-01	-4.831964e-02
4.295161e-01	6.848514e-01	-6.876020e-02
6.230423e-01	6.982599e-01	-6.682894e-02
3.953626e-01	7.567919e-01	-1.642118e-01
6.702390e-01	7.884218e-01	-1.608492e-01
3.858996e-01	7.748267e-01	-1.926434e-01
6.806548e-01	8.154067e-01	-1.854137e-01
3.894215e-01	7.786331e-01	-2.110425e-01
6.784673e-01	8.244264e-01	-2.113406e-01
3.952958e-01	7.730693e-01	-1.787463e-01
6.739963e-01	8.163770e-01	-1.775194e-01
5.009767e-01	4.008161e-01	2.751854e-03
5.462164e-01	3.986052e-01	-2.635617e-03
4.913718e-01	2.390070e-01	8.850338e-03
5.467995e-01	2.354365e-01	-8.858172e-03
4.901407e-01	8.776358e-02	1.206598e-01
5.486402e-01	8.136602e-02	1.074067e-01
4.983934e-01	6.469801e-02	1.250197e-01
5.405506e-01	6.121378e-02	1.114603e-01
4.656712e-01	5.480922e-02	1.916905e-02
5.632750e-01	3.981755e-02	-5.942566e-03
5.248727e-01	6.885211e-01	-2.365277e-01
5.197609e-01	7.059717e-01	-2.173671e-01
5.161983e-01	7.067122e-01	-2.174843e-01
5.122661e-01	7.072598e-01	-2.175169e-01
5.301199e-01	7.046573e-01	-2.182061e-01
5.337573e-01	7.047413e-01	-2.182743e-01
5.370145e-01	7.048451e-01	-2.182730e-01
5.079178e-01	7.041703e-01	-1.061452e-01
5.422888e-01	7.008578e-01	-1.072090e-01
5.177952e-01	6.734955e-01	-1.938697e-01
5.295737e-01	6.717571e-01	-1.943202e-01
4.832254e-01	6.480526e-01	-3.968228e-02
5.675331e-01	6.401500e-01	-6.014447e-02
4.310228e-01	6.924210e-01	-6.602812e-02
6.206411e-01	7.037985e-01	-8.562396e-02
4.001080e-01	7.613810e-01	-1.587848e-01
6.649420e-01	7.981547e-01	-1.777814e-01
3.917335e-01	7.791841e-01	-1.861919e-01
6.748909e-01	8.271619e-01	-2.045199e-01
3.957947e-01	7.825438e-01	-2.055800e-01
6.722432e-01	8.369406e-01	-2.274364e-01
4.010218e-01	7.779052e-01	-1.736294e-01
6.678885e-01	8.283435e-01	-1.933285e-01
5.005567e-01	4.024113e-01	2.871215e-03
5.460584e-01	4.000997e-01	-2.779282e-03
4.912628e-01	2.392097e-01	9.394197e-03
5.466599e-01	2.356433e-01	-1.355692e-02
4.901487e-01	8.776223e-02	1.201921e-01
5.486413e-01	8.120710e-02	9.357863e-02
4.986613e-01	6.398621e-02	1.245268e-01
5.407046e-01	6.075432e-02	9.661976e-02
4.654137e-01	5.393730e-02	1.860605e-02
5.605506e-01	3.901427e-02	-2.403953e-02
5.248485e-01	6.884215e-01	-2.095985e-01
5.197151e-01	7.058545e-01	-1.894109e-01
5.161193e-01	7.065167e-01	-1.895482e-01
5.121911e-01	7.069722e-01	-1.895866e-01
5.300802e-01	7.046410e-01	-1.907518e-01
5.336171e-01	7.047148e-01	-1.908414e-01
5.368170e-01	7.047911e-01	-1.908538e-01
5.079120e-01	7.033454e-01	-8.264159e-02
5.421249e-01	7.004520e-01	-8.554178e-02
5.177889e-01	6.731966e-01	-1.692228e-01
5.295707e-01	6.715041e-01	-1.701268e-01
4.841318e-01	6.478372e-01	-2.721235e-02
5.667092e-01	6.395850e-01	-5.788858e-02
4.376070e-01	6.951811e-01	-6.398021e-02
6.161861e-01	7.072853e-01	-8.061838e-02
4.057660e-01	7.667477e-01	-1.533931e-01
6.558784e-01	8.057871e-01	-1.714269e-01
3.970141e-01	7.846435e-01	-1.745349e-01
6.665226e-01	8.371419e-01	-1.986175e-01
4.022749e-01	7.887312e-01	-1.985158e-01
6.633002e-01	8.471527e-01	-2.204480e-01
4.066612e-01	7.830837e-01	-1.690392e-01
6.585100e-01	8.378764e-01	-1.867148e-01
5.005119e-01	4.038627e-01	5.560257e-03
5.460519e-01	4.012578e-01	-5.488069e-03
4.909213e-01	2.393447e-01	1.598437e-02
5.464305e-01	2.362134e-01	-1.569983e-02
4.901174e-01	8.843409e-02	1.200574e-01
5.481930e-01	8.144990e-02	8.190665e-02
4.986235e-01	6.417247e-02	1.243367e-01
5.408232e-01	6.158499e-02	8.492172e-02
4.658632e-01	5.303785e-02	1.881000e-02
5.525363e-01	3.910813e-02	-3.004766e-02
5.248919e-01	6.884291e-01	-1.938376e-01
5.197268e-01	7.058650e-01	-1.751108e-01
5.161172e-01	7.065235e-01	-1.752400e-01
5.121910e-01	7.069601e-01	-1.752706e-01
5.300655e-01	7.047350e-01	-1.747548e-01
5.335944e-01	7.047767e-01	-1.748308e-01
5.367364e-01	7.048000e-01	-1.748270e-01
5.078953e-01	7.030809e-01	-7.308714e-02
5.420524e-01	7.002180e-01	-6.812292e-02
5.178362e-01	6.731766e-01	-1.550332e-01
5.296026e-01	6.715328e-01	-1.536656e-01
4.842805e-01	6.477476e-01	-1.812446e-02
5.648254e-01	6.394125e-01	-4.181118e-02
4.389266e-01	7.039604e-01	-5.790696e-02
6.116146e-01	7.089720e-01	-7.677516e-02
4.089105e-01	7.841781e-01	-1.530451e-01
6.464660e-01	8.099337e-01	-1.703460e-01
4.022392e-01	8.037720e-01	-1.696192e-01
6.562240e-01	8.414763e-01	-1.934413e-01
4.061663e-01	8.106067e-01	-1.955149e-01
6.528379e-01	8.509584e-01	-2.146372e-01
4.108984e-01	8.057216e-01	-1.661657e-01
6.478416e-01	8.417619e-01	-1.826510e-01
5.005025e-01	4.049557e-01	6.232610e-03
5.461450e-01	4.036894e-01	-6.170823e-03
4.907923e-01	2.393893e-01	1.589073e-02
5.463192e-01	2.379308e-01	-1.840091e-02
4.901316e-01	8.970048e-02	1.147150e-01
5.481383e-01	8.227748e-02	7.670490e-02
4.986259e-01	6.559793e-02	1.182419e-01
5.414420e-01	6.314418e-02	7.972907e-02
4.669524e-01	5.259211e-02	1.301776e-02
5.492744e-01	3.967232e-02	-3.377392e-02
5.248653e-01	6.884370e-01	-1.875265e-01
5.196952e-01	7.058749e-01	-1.690665e-01
5.160596e-01	7.065250e-01	-1.691879e-01
5.121360e-01	7.069488e-01	-1.692186e-01
5.299302e-01	7.047468e-01	-1.685336e-01
5.333090e-01	7.047952e-01	-1.686032e-01
5.363569e-01	7.047834e-01	-1.685911e-01
5.078971e-01	7.028959e-01	-6.686594e-02
5.419077e-01	6.995877e-01	-6.156152e-02
5.178293e-01	6.731859e-01	-1.485040e-01
5.295749e-01	6.715804e-01	-1.470811e-01
4.845358e-01	6.476731e-01	-1.388766e-02
5.644346e-01	6.393808e-01	-2.818746e-02
4.410794e-01	7.011391e-01	-5.359630e-02
6.080905e-01	7.097377e-01	-6.177161e-02
4.156205e-01	7.879458e-01	-1.465199e-01
6.395553e-01	8.096092e-01	-1.580414e-01
4.109387e-01	8.080780e-01	-1.714419e-01
6.488273e-01	8.401074e-01	-1.881189e-01
4.147399e-01	8.146794e-01	-1.907332e-01
6.442965e-01	8.499393e-01	-2.030521e-01
4.188705e-01	8.093986e-01	-1.601652e-01
6.393845e-01	8.398107e-01	-1.700077e-01
5.003515e-01	4.066165e-01	6.299826e-03
5.461615e-01	4.052244e-01	-6.225235e-03
4.903781e-01	2.401651e-01	1.509066e-02
5.464606e-01	2.383010e-01	-1.843153e-02
4.901274e-01	9.207372e-02	1.146529e-01
5.483947e-01	8.237775e-02	7.739048e-02
4.986259e-01	6.708293e-02	1.182965e-01
5.418003e-01	6.314468e-02	8.039415e-02
4.677040e-01	5.261819e-02	1.330569e-02
5.504050e-01	3.989139e-02	-3.229323e-02
5.249397e-01	6.869099e-01	-1.764069e-01
5.198551e-01	7.040745e-01	-1.595964e-01
5.162212e-01	7.047480e-01	-1.597107e-01
5.123534e-01	7.052702e-01	-1.597407e-01
5.299478e-01	7.030294e-01	-1.587474e-01
5.333008e-01	7.030065e-01	-1.588178e-01
5.363454e-01	7.028098e-01	-1.588156e-01
5.081038e-01	7.025229e-01	-6.289731e-02
5.416718e-01	6.988015e-01	-5.648849e-02
5.179368e-01	6.722031e-01	-1.390665e-01
5.296361e-01	6.709620e-01	-1.373584e-01
4.846068e-01	6.474814e-01	-1.282079e-02
5.637845e-01	6.398951e-01	-2.488446e-02
4.414785e-01	7.060831e-01	-5.344873e-02
6.044199e-01	7.109760e-01	-6.091431e-02
4.206733e-01	8.017493e-01	-1.435679e-01
6.307841e-01	8.085014e-01	-1.526919e-01
4.155142e-01	8.290489e-01	-1.701329e-01
6.394707e-01	8.401220e-01	-1.828057e-01
4.224887e-01	8.349921e-01	-1.890677e-01
6.344656e-01	8.503377e-01	-1.953318e-01
4.246662e-01	8.267645e-01	-1.582255e-01
6.302499e-01	8.399342e-01	-1.641106e-01
5.000203e-01	4.083733e-01	6.539957e-03
5.458261e-01	4.065756e-01	-6.464984e-03
4.903699e-01	2.409550e-01	8.375337e-03
5.456933e-01	2.391720e-01	-2.192819e-02
4.901142e-01	9.201775e-02	9.840157e-02
5.464557e-01	8.235435e-02	6.555120e-02
4.983046e-01	6.665388e-02	1.019135e-01
5.418123e-01	6.318260e-02	6.817855e-02
4.681670e-01	5.241157e-02	2.290806e-03
5.438003e-01	4.059728e-02	-4.097582e-02
5.250289e-01	6.867495e-01	-1.677461e-01
5.198880e-01	7.035190e-01	-1.516820e-01
5.162517e-01	7.040609e-01	-1.517824e-01
5.124081e-01	7.045028e-01	-1.517993e-01
5.299405e-01	7.028275e-01	-1.506482e-01
5.332897e-01	7.028471e-01	-1.507151e-01
5.363174e-01	7.026810e-01	-1.506998e-01
5.082705e-01	7.021946e-01	-5.805870e-02
5.415490e-01	6.987954e-01	-5.095823e-02
5.181798e-01	6.718675e-01	-1.315484e-01
5.298482e-01	6.709287e-01	-1.296586e-01
4.847061e-01	6.471584e-01	-1.136482e-02
5.629619e-01	6.397312e-01	-2.156979e-02
4.436428e-01	7.026761e-01	-5.854685e-02
5.994946e-01	7.058504e-01	-5.973555e-02
4.282570e-01	7.980240e-01	-1.461903e-01
6.190193e-01	8.038370e-01	-1.446311e-01
4.209785e-01	8.227000e-01	-1.769084e-01
6.270975e-01	8.346369e-01	-1.747396e-01
4.296640e-01	8.380548e-01	-1.904673e-01
6.221255e-01	8.426083e-01	-1.859001e-01
4.327317e-01	8.295541e-01	-1.590141e-01
6.169075e-01	8.310305e-01	-1.555409e-01
4.996789e-01	4.081349e-01	6.579456e-03
5.456429e-01	4.064115e-01	-6.505807e-03
4.902577e-01	2.409475e-01	8.485183e-03
5.456846e-01	2.391342e-01	-1.989788e-02
4.900547e-01	9.199953e-02	9.915463e-02
5.464996e-01	8.239955e-02	6.731849e-02
4.981338e-01	6.652247e-02	1.030534e-01
5.419277e-01	6.324086e-02	7.053105e-02
4.681953e-01	5.228724e-02	9.106046e-03
5.458239e-01	4.052306e-02	-3.325959e-02
5.259362e-01	6.866753e-01	-1.359850e-01
5.207885e-01	7.029837e-01	-1.227469e-01
5.170881e-01	7.034547e-01	-1.228226e-01
5.133437e-01	7.038874e-01	-1.228103e-01
5.306132e-01	7.022779e-01	-1.204026e-01
5.338729e-01	7.021883e-01	-1.204442e-01
5.369083e-01	7.019318e-01	-1.203751e-01
5.089885e-01	7.014409e-01	-3.962933e-02
5.416286e-01	6.983691e-01	-2.655160e-02
5.189272e-01	6.716878e-01	-1.038556e-01
5.307220e-01	6.709006e-01	-1.000577e-01
4.853619e-01	6.438271e-01	-1.036985e-02
5.625104e-01	6.396837e-01	-9.171301e-03
4.470387e-01	6.983211e-01	-1.321120e-01
5.944476e-01	7.019521e-01	-9.071393e-02
4.326883e-01	7.836612e-01	-2.818709e-01
6.098582e-01	7.969645e-01	-2.096286e-01
4.262660e-01	8.070616e-01	-3.228891e-01
6.158994e-01	8.278424e-01	-2.439832e-01
4.335703e-01	8.180349e-01	-3.267047e-01
6.100615e-01	8.346323e-01	-2.493633e-01
4.375108e-01	8.094117e-01	-2.911435e-01
6.058356e-01	8.231539e-01	-2.190919e-01
4.996579e-01	4.054501e-01	5.747101e-03
5.456438e-01	4.039009e-01	-5.684304e-03
4.902773e-01	2.399590e-01	8.998184e-03
5.456871e-01	2.386275e-01	-1.292521e-02
4.900275e-01	9.168965e-02	1.024954e-01
5.464605e-01	8.277702e-02	7.042088e-02
4.979668e-01	6.643727e-02	1.064015e-01
5.419326e-01	6.419366e-02	7.386447e-02
4.695897e-01	5.073177e-02	8.084007e-03
5.457857e-01	4.090849e-02	-3.090006e-02
5.261323e-01	6.867496e-01	-1.549215e-01
5.212554e-01	7.029952e-01	-1.405184e-01
5.175331e-01	7.034527e-01	-1.405916e-01
5.138338e-01	7.038839e-01	-1.405842e-01
5.309107e-01	7.022635e-01	-1.383742e-01
5.341134e-01	7.021117e-01	-1.384135e-01
5.371577e-01	7.017818e-01	-1.383398e-01
5.093204e-01	7.008606e-01	-4.993458e-02
5.416529e-01	6.975854e-01	-4.060614e-02
5.189956e-01	6.716962e-01	-1.210902e-01
5.309163e-01	6.709095e-01	-1.176261e-01
4.859519e-01	6.418664e-01	-4.824236e-02
5.616118e-01	6.384727e-01	-3.739612e-02
4.520980e-01	6.890749e-01	-2.809513e-01
5.893958e-01	6.986099e-01	-2.405841e-01
4.388331e-01	7.803686e-01	-4.946678e-01
5.996811e-01	7.955458e-01	-4.391833e-01
4.307407e-01	7.998796e-01	-5.459402e-01
6.024832e-01	8.219187e-01	-4.850853e-01
4.384448e-01	8.095881e-01	-5.419459e-01
5.966442e-01	8.296860e-01	-4.816532e-01
4.435593e-01	8.023437e-01	-5.021761e-01
5.936893e-01	8.215370e-01	-4.475399e-01
4.997682e-01	4.030118e-01	5.809710e-03
5.456691e-01	4.010554e-01	-5.777024e-03
4.903320e-01	2.395122e-01	3.125112e-03
5.456907e-01	2.384673e-01	-1.347367e-02
4.899533e-01	9.166759e-02	1.035428e-01
5.463078e-01	8.315777e-02	7.752503e-02
4.976204e-01	6.642454e-02	1.078248e-01
5.420133e-01	6.520566e-02	8.122934e-02
4.701049e-01	5.018421e-02	6.124685e-03
5.442876e-01	4.138513e-02	-2.610629e-02
5.262845e-01	6.861284e-01	-1.632555e-01
5.214723e-01	7.019438e-01	-1.476717e-01
5.177144e-01	7.024123e-01	-1.477585e-01
5.140219e-01	7.029178e-01	-1.477599e-01
5.312608e-01	7.009120e-01	-1.464526e-01
5.345370e-01	7.005178e-01	-1.464990e-01
5.376249e-01	6.999679e-01	-1.464411e-01
5.094370e-01	6.994381e-01	-5.364386e-02
5.418220e-01	6.954523e-01	-4.720325e-02
5.190206e-01	6.708656e-01	-1.277379e-01
5.310383e-01	6.698575e-01	-1.255135e-01
4.868109e-01	6.392534e-01	-5.600443e-02
5.611675e-01	6.355455e-01	-5.049626e-02
4.564787e-01	6.700352e-01	-3.028864e-01
5.827537e-01	6.837256e-01	-2.831161e-01
4.440100e-01	7.569532e-01	-5.240195e-01
5.885928e-01	7.681865e-01	-5.133591e-01
4.359528e-01	7.819062e-01	-5.773936e-01
5.888537e-01	7.993748e-01	-5.647731e-01
4.435569e-01	7.907441e-01	-5.734182e-01
5.829842e-01	8.053734e-01	-5.590299e-01
4.485750e-01	7.796845e-01	-5.319332e-01
5.806397e-01	7.933313e-01	-5.219105e-01
4.999518e-01	4.012572e-01	5.828481e-03
5.458601e-01	3.999390e-01	-5.807621e-03
4.904616e-01	2.399032e-01	1.736171e-03
5.456125e-01	2.387644e-01	-1.385400e-02
4.897437e-01	9.348144e-02	1.044923e-01
5.458727e-01	8.520338e-02	8.479664e-02
4.961010e-01	6.959398e-02	1.095181e-01
5.420479e-01	6.909086e-02	8.845764e-02
4.713281e-01	5.058546e-02	6.495730e-03
5.446783e-01	4.233680e-02	-2.402014e-02
5.252039e-01	6.840926e-01	-1.655258e-01
5.206901e-01	6.992276e-01	-1.493185e-01
5.170768e-01	6.998520e-01	-1.493904e-01
5.135593e-01	7.005635e-01	-1.493799e-01
5.308381e-01	6.985133e-01	-1.494727e-01
5.342824e-01	6.984332e-01	-1.495160e-01
5.375285e-01	6.982323e-01	-1.494441e-01
5.094402e-01	6.984788e-01	-5.152870e-02
5.418392e-01	6.946827e-01	-4.823510e-02
5.180494e-01	6.694126e-01	-1.287694e-01
5.305499e-01	6.684024e-01	-1.284539e-01
4.895416e-01	6.381456e-01	-4.895564e-02
5.610889e-01	6.333227e-01	-6.885977e-02
4.618839e-01	6.531274e-01	-3.037920e-01
5.765641e-01	6.672065e-01	-3.247297e-01
4.507014e-01	7.205974e-01	-5.469738e-01
5.782740e-01	7.450494e-01	-5.467163e-01
4.427423e-01	7.504057e-01	-6.025586e-01
5.767902e-01	7.755083e-01	-5.980880e-01
4.515060e-01	7.582747e-01	-5.989555e-01
5.703327e-01	7.785698e-01	-5.927815e-01
4.572155e-01	7.457430e-01	-5.554667e-01
5.676143e-01	7.643043e-01	-5.549989e-01
5.000418e-01	3.996906e-01	1.253077e-02
5.458925e-01	3.976615e-01	-1.253642e-02
4.904093e-01	2.398432e-01	2.066540e-03
5.456092e-01	2.387355e-01	-2.014156e-02
4.897684e-01	9.366066e-02	1.085604e-01
5.461312e-01	8.541469e-02	7.512914e-02
4.962670e-01	7.038902e-02	1.134199e-01
5.421302e-01	6.920893e-02	7.823835e-02
4.710537e-01	5.059916e-02	1.055957e-02
5.453149e-01	4.257724e-02	-3.538801e-02
5.250173e-01	6.841557e-01	-1.557661e-01
5.204784e-01	6.999874e-01	-1.398692e-01
5.169442e-01	7.007281e-01	-1.399367e-01
5.134121e-01	7.014914e-01	-1.399314e-01
5.307153e-01	6.993437e-01	-1.410307e-01
5.342350e-01	6.994511e-01	-1.410573e-01
5.375176e-01	6.994766e-01	-1.409664e-01
5.094386e-01	6.989540e-01	-4.346438e-02
5.418406e-01	6.953849e-01	-4.671402e-02
5.179334e-01	6.694442e-01	-1.193443e-01
5.304239e-01	6.684412e-01	-1.202651e-01
4.913412e-01	6.345841e-01	-4.361615e-02
5.602642e-01	6.304847e-01	-6.386562e-02
4.693149e-01	6.309326e-01	-2.979743e-01
5.716942e-01	6.525580e-01	-3.195484e-01
4.578357e-01	6.868796e-01	-5.440986e-01
5.675420e-01	7.169085e-01	-5.425453e-01
4.493982e-01	7.195346e-01	-5.995438e-01
5.633620e-01	7.423378e-01	-5.939587e-01
4.576825e-01	7.259905e-01	-5.966656e-01
5.582922e-01	7.416713e-01	-5.881022e-01
4.643393e-01	7.118545e-01	-5.523748e-01
5.569330e-01	7.292241e-01	-5.503547e-01
5.004321e-01	3.995610e-01	1.435356e-02
5.467146e-01	3.977137e-01	-1.436703e-02
4.904052e-01	2.398410e-01	2.277103e-04
5.456105e-01	2.386222e-01	-2.460447e-02
4.897153e-01	9.368204e-02	9.769712e-02
5.461599e-01	8.561383e-02	6.009301e-02
4.962927e-01	7.030984e-02	1.015052e-01
5.424310e-01	6.915547e-02	6.221837e-02
4.699039e-01	5.208930e-02	2.083889e-03
5.438567e-01	4.280541e-02	-4.869526e-02
5.249065e-01	6.842235e-01	-1.435765e-01
5.203160e-01	7.001851e-01	-1.270442e-01
5.168632e-01	7.009497e-01	-1.271019e-01
5.133523e-01	7.017990e-01	-1.270952e-01
5.306588e-01	6.995381e-01	-1.308025e-01
5.342243e-01	6.998356e-01	-1.308321e-01
5.375363e-01	7.002454e-01	-1.307331e-01
5.094492e-01	6.992503e-01	-2.438176e-02
5.420589e-01	6.961913e-01	-4.121673e-02
5.179347e-01	6.692163e-01	-1.043403e-01
5.304186e-01	6.679819e-01	-1.089495e-01
4.920642e-01	6.329341e-01	-8.674390e-03
5.608259e-01	6.295885e-01	-6.158814e-02
4.726830e-01	6.114317e-01	-2.433685e-01
5.681114e-01	6.241240e-01	-3.246030e-01
4.636296e-01	6.546417e-01	-4.801989e-01
5.575907e-01	6.834213e-01	-5.477100e-01
4.571047e-01	6.822572e-01	-5.300823e-01
5.524623e-01	7.090201e-01	-5.989238e-01
4.639809e-01	6.887798e-01	-5.272962e-01
5.486723e-01	7.087466e-01	-5.896963e-01
4.705106e-01	6.743062e-01	-4.875764e-01
5.481409e-01	6.958153e-01	-5.531999e-01
5.012532e-01	3.991877e-01	2.237955e-02
5.474846e-01	3.975379e-01	-2.238573e-02
4.905767e-01	2.397520e-01	9.099709e-04
5.456479e-01	2.382476e-01	-3.595590e-02
4.896673e-01	9.151315e-02	9.988700e-02
5.465170e-01	8.501677e-02	4.403520e-02
4.963223e-01	6.720565e-02	1.038618e-01
5.429820e-01	6.568069e-02	4.578129e-02
4.651280e-01	5.288431e-02	6.561351e-03
5.461648e-01	4.217274e-02	-6.508368e-02
5.247824e-01	6.804054e-01	-1.522363e-01
5.202989e-01	6.986136e-01	-1.355489e-01
5.168610e-01	6.996166e-01	-1.356192e-01
5.133478e-01	7.007045e-01	-1.356154e-01
5.306615e-01	6.977667e-01	-1.319244e-01
5.343372e-01	6.981406e-01	-1.320214e-01
5.377232e-01	6.986101e-01	-1.319122e-01
5.095261e-01	6.991757e-01	-3.507940e-02
5.433863e-01	6.958977e-01	-5.561979e-02
5.179388e-01	6.658469e-01	-1.136915e-01
5.304145e-01	6.645089e-01	-1.158009e-01
4.918764e-01	6.327854e-01	-1.119087e-02
5.626774e-01	6.285653e-01	-6.971946e-02
4.757127e-01	6.109915e-01	-2.444138e-01
5.664697e-01	6.100273e-01	-3.272310e-01
4.704411e-01	6.231569e-01	-5.102186e-01
5.514803e-01	6.408491e-01	-5.677710e-01
4.636927e-01	6.426804e-01	-5.650374e-01
5.494734e-01	6.423126e-01	-6.224060e-01
4.705270e-01	6.471472e-01	-5.654379e-01
5.444394e-01	6.528908e-01	-6.176299e-01
4.766060e-01	6.377355e-01	-5.194640e-01
5.438691e-01	6.486456e-01	-5.752075e-01
5.015861e-01	3.954895e-01	2.349733e-02
5.488477e-01	3.950948e-01	-2.348253e-02
4.909371e-01	2.389890e-01	4.447700e-03
5.464482e-01	2.372613e-01	-3.336778e-02
4.896587e-01	9.105589e-02	1.127968e-01
5.476299e-01	8.450829e-02	5.256402e-02
4.963456e-01	6.721049e-02	1.169789e-01
5.431092e-01	6.529161e-02	5.450691e-02
4.654230e-01	5.331273e-02	1.722244e-02
5.538518e-01	4.173359e-02	-5.365468e-02
5.248715e-01	6.807189e-01	-1.544247e-01
5.203866e-01	6.987069e-01	-1.382267e-01
5.170543e-01	6.997168e-01	-1.383065e-01
5.134794e-01	7.007777e-01	-1.383068e-01
5.309373e-01	6.977389e-01	-1.383493e-01
5.348719e-01	6.981045e-01	-1.384133e-01
5.382369e-01	6.984714e-01	-1.383249e-01
5.096066e-01	6.991513e-01	-3.326839e-02
5.442047e-01	6.955920e-01	-5.344319e-02
5.180537e-01	6.659713e-01	-1.143781e-01
5.306522e-01	6.642501e-01	-1.180274e-01
4.900326e-01	6.300423e-01	-1.198344e-02
5.630057e-01	6.245657e-01	-6.375425e-02
4.735652e-01	6.039844e-01	-2.483514e-01
5.648261e-01	6.022200e-01	-3.221191e-01
4.736814e-01	6.004607e-01	-5.138558e-01
5.512113e-01	6.123272e-01	-5.765484e-01
4.721762e-01	5.985099e-01	-5.700446e-01
5.536231e-01	6.140707e-01	-6.339646e-01
4.797025e-01	6.019676e-01	-5.709567e-01
5.498256e-01	6.162302e-01	-6.300279e-01
4.834389e-01	5.997459e-01	-5.232953e-01
5.472171e-01	6.140664e-01	-5.848449e-01
5.018690e-01	3.921458e-01	2.144145e-02
5.495142e-01	3.930631e-01	-2.142696e-02
4.916149e-01	2.384474e-01	4.094708e-03
5.471504e-01	2.360288e-01	-3.140210e-02
4.897282e-01	9.028947e-02	1.160383e-01
5.493321e-01	8.467326e-02	7.789896e-02
4.964033e-01	6.700663e-02	1.204050e-01
5.442060e-01	6.564011e-02	8.178183e-02
4.656215e-01	5.382894e-02	1.652642e-02
5.567687e-01	4.209781e-02	-3.578475e-02
5.253730e-01	6.809406e-01	-1.390569e-01
5.208763e-01	6.987526e-01	-1.237519e-01
5.175596e-01	6.998276e-01	-1.238145e-01
5.141557e-01	7.009869e-01	-1.237858e-01
5.317667e-01	6.978312e-01	-1.279642e-01
5.357317e-01	6.981581e-01	-1.279926e-01
5.392545e-01	6.985304e-01	-1.279446e-01
5.101564e-01	6.995824e-01	-1.743339e-02
5.450751e-01	6.959156e-01	-3.945937e-02
5.185644e-01	6.660373e-01	-9.768120e-02
5.315169e-01	6.644225e-01	-1.032011e-01
4.899026e-01	6.303769e-01	1.643587e-02
5.639850e-01	6.246213e-01	-5.169669e-02
4.754574e-01	5.831978e-01	-1.991322e-01
5.629416e-01	5.971872e-01	-2.831274e-01
4.784103e-01	5.766625e-01	-4.654563e-01
5.464414e-01	5.797977e-01	-4.933154e-01
4.750586e-01	5.746529e-01	-5.183131e-01
5.464847e-01	5.742709e-01	-5.425845e-01
4.817289e-01	5.779619e-01	-5.198811e-01
5.388463e-01	5.788692e-01	-5.418669e-01
4.856321e-01	5.767872e-01	-4.747265e-01
5.369613e-01	5.791917e-01	-5.021180e-01
5.018560e-01	3.925345e-01	2.137564e-02
5.494627e-01	3.931144e-01	-2.135559e-02
4.916885e-01	2.384391e-01	4.316638e-03
5.474731e-01	2.352739e-01	-3.010203e-02
4.897356e-01	9.011467e-02	1.102608e-01
5.496794e-01	8.468015e-02	7.643128e-02
4.965089e-01	6.668815e-02	1.138911e-01
5.446149e-01	6.567931e-02	8.016677e-02
4.647669e-01	5.424368e-02	1.080500e-02
5.558450e-01	4.210140e-02	-3.646053e-02
5.258342e-01	6.814503e-01	-1.158340e-01
5.214487e-01	6.996467e-01	-9.996599e-02
5.180684e-01	7.009353e-01	-1.000129e-01
5.147610e-01	7.023075e-01	-9.997023e-02
5.324773e-01	6.981720e-01	-1.048820e-01
5.363715e-01	6.983421e-01	-1.049053e-01
5.399519e-01	6.986679e-01	-1.048815e-01
5.106274e-01	7.013521e-01	3.253990e-03
5.453160e-01	6.959978e-01	-1.822761e-02
5.187644e-01	6.669139e-01	-7.605524e-02
5.318155e-01	6.644498e-01	-8.173651e-02
4.894133e-01	6.288609e-01	4.159721e-02
5.639668e-01	6.251443e-01	-3.319645e-02
4.776677e-01	5.600409e-01	-1.311062e-01
5.645294e-01	5.831560e-01	-2.231012e-01
4.805006e-01	5.397523e-01	-3.703801e-01
5.453957e-01	5.504618e-01	-4.087978e-01
4.769167e-01	5.257604e-01	-4.189564e-01
5.419681e-01	5.323733e-01	-4.557796e-01
4.820189e-01	5.319100e-01	-4.272318e-01
5.320123e-01	5.370032e-01	-4.569879e-01
4.875777e-01	5.380305e-01	-3.814197e-01
5.317247e-01	5.408239e-01	-4.156243e-01
5.018775e-01	3.929388e-01	2.291157e-02
5.493999e-01	3.926633e-01	-2.285896e-02
4.916840e-01	2.386457e-01	-9.613482e-04
5.476201e-01	2.348066e-01	-3.064334e-02
4.897049e-01	8.987056e-02	8.842085e-02
5.497025e-01	8.468212e-02	7.154296e-02
4.965162e-01	6.649495e-02	9.112905e-02
5.444596e-01	6.567601e-02	7.502765e-02
4.646208e-01	5.457444e-02	-6.317084e-03
5.577005e-01	4.210525e-02	-3.666182e-02
5.259424e-01	6.825942e-01	-6.736444e-02
5.216093e-01	7.006335e-01	-4.947128e-02
5.182213e-01	7.019199e-01	-4.950444e-02
5.148854e-01	7.032542e-01	-4.944509e-02
5.326810e-01	6.990845e-01	-5.280655e-02
5.365945e-01	6.991259e-01	-5.282219e-02
5.401621e-01	6.993824e-01	-5.271767e-02
5.107337e-01	7.019255e-01	5.172006e-02
5.454323e-01	6.961980e-01	3.663509e-02
5.187751e-01	6.680204e-01	-2.950421e-02
5.319121e-01	6.652690e-01	-3.352797e-02
4.877071e-01	6.268634e-01	7.375826e-02
5.644198e-01	6.234417e-01	2.829755e-02
4.768243e-01	5.599968e-01	-5.422442e-02
5.624108e-01	5.649277e-01	-1.486884e-01
4.799642e-01	4.973973e-01	-2.400991e-01
5.430744e-01	5.192060e-01	-3.497663e-01
4.764939e-01	4.744401e-01	-2.841349e-01
5.392532e-01	4.909792e-01	-3.993663e-01
4.842940e-01	4.771553e-01	-2.984713e-01
5.286869e-01	4.924194e-01	-4.025878e-01
4.890819e-01	4.833277e-01	-2.513029e-01
5.280163e-01	4.996040e-01	-3.573683e-01
5.016186e-01	3.967797e-01	1.455349e-02
5.490066e-01	3.950074e-01	-1.442447e-02
4.916803e-01	2.393955e-01	-1.508331e-02
5.477188e-01	2.349504e-01	-2.994199e-02
4.897037e-01	8.966026e-02	6.353278e-02
5.496921e-01	8.524945e-02	5.887309e-02
4.965290e-01	6.640214e-02	6.533958e-02
5.440143e-01	6.598856e-02	6.060685e-02
4.660088e-01	5.457171e-02	-3.141482e-02
5.613809e-01	4.208245e-02	-4.521755e-02
5.264269e-01	6.853948e-01	-8.033722e-02
5.223777e-01	7.034670e-01	-6.128712e-02
5.188161e-01	7.047411e-01	-6.132130e-02
5.155282e-01	7.058928e-01	-6.127770e-02
5.332955e-01	7.016358e-01	-6.589322e-02
5.370206e-01	7.015647e-01	-6.592536e-02
5.405963e-01	7.013726e-01	-6.582487e-02
5.111902e-01	7.030322e-01	3.966589e-02
5.456913e-01	6.970707e-01	1.890650e-02
5.190309e-01	6.708804e-01	-4.282134e-02
5.323038e-01	6.679663e-01	-4.858419e-02
4.875616e-01	6.260439e-01	7.522033e-02
5.646759e-01	6.203210e-01	1.728663e-02
4.766337e-01	5.369408e-01	1.656185e-02
5.593747e-01	5.320164e-01	-9.301495e-02
4.808301e-01	4.610158e-01	-1.151972e-01
5.380247e-01	4.672913e-01	-2.440523e-01
4.779807e-01	4.304111e-01	-1.504387e-01
5.344164e-01	4.399645e-01	-2.864323e-01
4.843268e-01	4.326771e-01	-1.708973e-01
5.253569e-01	4.432223e-01	-2.977189e-01
4.888715e-01	4.422841e-01	-1.275672e-01
5.251673e-01	4.526572e-01	-2.528921e-01
5.013782e-01	3.977617e-01	1.471254e-02
5.475589e-01	3.950604e-01	-1.456929e-02
4.917539e-01	2.395555e-01	-1.249164e-02
5.477123e-01	2.349427e-01	-3.815693e-02
4.898721e-01	8.947335e-02	6.647830e-02
5.498576e-01	8.462285e-02	3.999599e-02
4.969581e-01	6.639758e-02	6.831855e-02
5.440739e-01	6.550384e-02	4.119406e-02
4.660489e-01	5.421877e-02	-2.442495e-02
5.603654e-01	4.193174e-02	-6.190741e-02
5.264714e-01	6.891881e-01	-1.629161e-01
5.224071e-01	7.073996e-01	-1.455646e-01
5.189040e-01	7.081727e-01	-1.455770e-01
5.155640e-01	7.087151e-01	-1.455291e-01
5.332971e-01	7.056379e-01	-1.482311e-01
5.370415e-01	7.051563e-01	-1.482946e-01
5.405713e-01	7.046399e-01	-1.482212e-01
5.113217e-01	7.045138e-01	-5.124850e-02
5.456809e-01	6.989741e-01	-6.374222e-02
5.190499e-01	6.752291e-01	-1.279126e-01
5.323159e-01	6.731582e-01	-1.313998e-01
4.874240e-01	6.247502e-01	6.845193e-03
5.652038e-01	6.163834e-01	-3.567988e-02
4.767365e-01	5.162175e-01	9.373670e-03
5.596361e-01	5.087241e-01	-6.794882e-02
4.792596e-01	4.232576e-01	-6.734956e-02
5.372752e-01	4.222594e-01	-1.632881e-01
4.764755e-01	3.885818e-01	-9.662805e-02
5.371958e-01	3.892684e-01	-1.983847e-01
4.847545e-01	3.936514e-01	-1.235033e-01
5.251418e-01	3.934920e-01	-2.179930e-01
4.899221e-01	4.034860e-01	-8.052529e-02
5.233466e-01	4.035085e-01	-1.734919e-01
4.999003e-01	3.990049e-01	1.282580e-02
5.456277e-01	3.950912e-01	-1.267773e-02
4.918326e-01	2.411172e-01	-8.225306e-03
5.474545e-01	2.349704e-01	-3.245823e-02
4.899874e-01	8.977476e-02	7.582911e-02
5.498356e-01	8.365453e-02	4.591822e-02
4.972723e-01	6.666960e-02	7.868575e-02
5.438914e-01	6.444436e-02	4.687241e-02
4.670141e-01	5.492391e-02	-7.474695e-04
5.596201e-01	4.174756e-02	-4.508787e-02
5.263809e-01	6.906701e-01	-2.191136e-01
5.223778e-01	7.085265e-01	-2.050801e-01
5.188925e-01	7.091806e-01	-2.050932e-01
5.155288e-01	7.094812e-01	-2.050593e-01
5.332120e-01	7.070674e-01	-2.066545e-01
5.370291e-01	7.064433e-01	-2.067182e-01
5.404985e-01	7.058445e-01	-2.066609e-01
5.113207e-01	7.050149e-01	-1.162701e-01
5.456641e-01	6.995429e-01	-1.238988e-01
5.189630e-01	6.765551e-01	-1.853339e-01
5.321442e-01	6.748562e-01	-1.873063e-01
4.861674e-01	6.222978e-01	-5.888064e-02
5.657462e-01	6.091855e-01	-8.101828e-02
4.761714e-01	5.045465e-01	-3.784180e-02
5.607039e-01	4.890659e-01	-7.608547e-02
4.764760e-01	4.037452e-01	-1.077613e-01
5.411033e-01	3.911020e-01	-1.493257e-01
4.733297e-01	3.658647e-01	-1.350078e-01
5.409378e-01	3.549752e-01	-1.787342e-01
4.806930e-01	3.678295e-01	-1.635508e-01
5.306953e-01	3.591094e-01	-2.033369e-01
4.857597e-01	3.788199e-01	-1.210624e-01
5.285150e-01	3.723177e-01	-1.609896e-01
4.984928e-01	3.977616e-01	9.716326e-03
5.453767e-01	3.928958e-01	-9.605157e-03
4.919316e-01	2.405256e-01	1.009400e-02
5.469599e-01	2.345571e-01	-8.912124e-03
4.904195e-01	9.007441e-02	1.063890e-01
5.497082e-01	8.343672e-02	8.382668e-02
4.981894e-01	6.757108e-02	1.108389e-01
5.434520e-01	6.437105e-02	8.690362e-02
4.672512e-01	5.572738e-02	3.182659e-02
5.616904e-01	4.149967e-02	-5.358321e-03
5.258285e-01	6.916296e-01	-2.458033e-01
5.219889e-01	7.090399e-01	-2.316294e-01
5.185976e-01	7.095703e-01	-2.316433e-01
5.151755e-01	7.098142e-01	-2.316167e-01
5.326723e-01	7.078587e-01	-2.335977e-01
5.365959e-01	7.074034e-01	-2.336612e-01
5.401208e-01	7.068853e-01	-2.336085e-01
5.112969e-01	7.054441e-01	-1.391262e-01
5.455095e-01	7.005301e-01	-1.488324e-01
5.186533e-01	6.771272e-01	-2.104383e-01
5.317658e-01	6.758676e-01	-2.129767e-01
4.855852e-01	6.201183e-01	-7.701126e-02
5.663143e-01	6.047847e-01	-9.745921e-02
4.758903e-01	5.007173e-01	-4.856317e-02
5.613141e-01	4.790649e-01	-8.111137e-02
4.750967e-01	3.940587e-01	-1.151234e-01
5.446640e-01	3.743441e-01	-1.501459e-01
4.715246e-01	3.561289e-01	-1.413508e-01
5.425621e-01	3.369829e-01	-1.778388e-01
4.787002e-01	3.558081e-01	-1.705669e-01
5.348964e-01	3.412869e-01	-2.036770e-01
4.837466e-01	3.680509e-01	-1.285353e-01
5.331999e-01	3.543579e-01	-1.619877e-01
4.973865e-01	3.944669e-01	9.392140e-03
5.448468e-01	3.899361e-01	-9.290004e-03
4.918929e-01	2.367737e-01	1.913988e-02
5.470465e-01	2.339267e-01	-2.407799e-03
4.911160e-01	8.992796e-02	1.195914e-01
5.500687e-01	8.314665e-02	9.461219e-02
4.994108e-01	6.709521e-02	1.244039e-01
5.436296e-01	6.374512e-02	9.804913e-02
4.672793e-01	5.567930e-02	4.294135e-02
5.623191e-01	4.060373e-02	2.947000e-03
5.257174e-01	6.925874e-01	-2.407714e-01
5.219237e-01	7.093750e-01	-2.264559e-01
5.185793e-01	7.098537e-01	-2.264683e-01
5.151163e-01	7.102027e-01	-2.264377e-01
5.324821e-01	7.080918e-01	-2.285831e-01
5.364189e-01	7.076688e-01	-2.286530e-01
5.399017e-01	7.071625e-01	-2.286046e-01
5.112820e-01	7.057358e-01	-1.354340e-01
5.454341e-01	7.007508e-01	-1.455211e-01
5.185037e-01	6.775239e-01	-2.060891e-01
5.315325e-01	6.763681e-01	-2.087598e-01
4.846940e-01	6.178998e-01	-7.648359e-02
5.670966e-01	6.030264e-01	-9.701575e-02
4.755063e-01	4.979455e-01	-5.299315e-02
5.653655e-01	4.741534e-01	-8.275686e-02
4.746996e-01	3.891465e-01	-1.219733e-01
5.536790e-01	3.675845e-01	-1.542039e-01
4.701818e-01	3.528056e-01	-1.489462e-01
5.565242e-01	3.301016e-01	-1.823330e-01
4.772250e-01	3.518902e-01	-1.773699e-01
5.450822e-01	3.334399e-01	-2.089700e-01
4.823326e-01	3.642877e-01	-1.352122e-01
5.405608e-01	3.455932e-01	-1.665176e-01
4.972490e-01	3.905838e-01	8.972962e-03
5.447024e-01	3.862006e-01	-8.868247e-03
4.918572e-01	2.336394e-01	1.939776e-02
5.470258e-01	2.334173e-01	-2.089094e-04
4.916668e-01	8.982126e-02	1.223573e-01
5.501825e-01	8.336611e-02	9.813312e-02
5.000693e-01	6.694886e-02	1.275177e-01
5.437262e-01	6.377105e-02	1.017627e-01
4.689651e-01	5.566320e-02	4.806710e-02
5.621157e-01	3.971164e-02	7.600075e-03
5.256009e-01	6.948377e-01	-2.198418e-01
5.218063e-01	7.104055e-01	-2.052205e-01
5.184836e-01	7.108418e-01	-2.052325e-01
5.149692e-01	7.111539e-01	-2.052019e-01
5.321527e-01	7.090091e-01	-2.067256e-01
5.361164e-01	7.085003e-01	-2.067911e-01
5.395254e-01	7.079273e-01	-2.067406e-01
5.111946e-01	7.060168e-01	-1.170148e-01
5.451821e-01	7.012494e-01	-1.240890e-01
5.184276e-01	6.785458e-01	-1.866745e-01
5.313817e-01	6.774454e-01	-1.884927e-01
4.839256e-01	6.166394e-01	-6.554224e-02
5.672865e-01	6.033707e-01	-8.009530e-02
4.754775e-01	5.011635e-01	-4.822558e-02
5.703249e-01	4.783777e-01	-6.335071e-02
4.730375e-01	3.903751e-01	-1.194301e-01
5.646109e-01	3.708127e-01	-1.360967e-01
4.671028e-01	3.546417e-01	-1.468916e-01
5.673145e-01	3.336069e-01	-1.641774e-01
4.742750e-01	3.539940e-01	-1.754593e-01
5.558861e-01	3.360129e-01	-1.917834e-01
4.792576e-01	3.661330e-01	-1.326415e-01
5.511741e-01	3.488241e-01	-1.491196e-01
4.973496e-01	3.895052e-01	8.621426e-03
5.447499e-01	3.859303e-01	-8.512995e-03
4.918524e-01	2.331856e-01	1.656166e-02
5.466740e-01	2.332218e-01	-1.772649e-03
4.920604e-01	8.980999e-02	1.186245e-01
5.503060e-01	8.343932e-02	9.582561e-02
5.005119e-01	6.692783e-02	1.236568e-01
5.440136e-01	6.378472e-02	9.931559e-02
4.697075e-01	5.571393e-02	4.304736e-02
5.622909e-01	3.903222e-02	4.081266e-03
5.250241e-01	6.959905e-01	-2.037357e-01
5.214700e-01	7.109017e-01	-1.887026e-01
5.180669e-01	7.113824e-01	-1.887207e-01
5.146353e-01	7.117014e-01	-1.886882e-01
5.314982e-01	7.095385e-01	-1.903190e-01
5.353255e-01	7.090253e-01	-1.903787e-01
5.388241e-01	7.084468e-01	-1.903222e-01
5.111195e-01	7.062756e-01	-1.000001e-01
5.447256e-01	7.016527e-01	-1.066851e-01
5.181084e-01	6.793168e-01	-1.702886e-01
5.309990e-01	6.782082e-01	-1.720763e-01
4.836558e-01	6.168507e-01	-5.294144e-02
5.674474e-01	6.044394e-01	-7.274844e-02
4.752339e-01	5.042482e-01	-3.861437e-02
5.746939e-01	4.821701e-01	-4.667193e-02
4.708668e-01	3.987010e-01	-1.127515e-01
5.729247e-01	3.720960e-01	-1.232107e-01
4.636351e-01	3.625917e-01	-1.393918e-01
5.769654e-01	3.358203e-01	-1.508874e-01
4.710144e-01	3.621300e-01	-1.681184e-01
5.678112e-01	3.364627e-01	-1.787737e-01
4.761141e-01	3.732730e-01	-1.260988e-01
5.627315e-01	3.495261e-01	-1.366228e-01
4.977526e-01	3.895524e-01	7.948508e-03
5.451697e-01	3.863292e-01	-7.835560e-03
4.916032e-01	2.333771e-01	1.511843e-02
5.466636e-01	2.331896e-01	-4.276142e-03
4.922528e-01	8.980554e-02	1.158601e-01
5.505038e-01	8.383989e-02	9.103416e-02
5.006346e-01	6.693484e-02	1.201352e-01
5.444081e-01	6.394926e-02	9.430351e-02
4.698365e-01	5.570487e-02	3.560661e-02
5.622710e-01	3.828129e-02	-1.554539e-03
5.235265e-01	6.979197e-01	-1.827068e-01
5.205373e-01	7.120606e-01	-1.671079e-01
5.169703e-01	7.124174e-01	-1.671222e-01
5.139732e-01	7.125662e-01	-1.670948e-01
5.303533e-01	7.108068e-01	-1.689885e-01
5.337819e-01	7.102473e-01	-1.690488e-01
5.375574e-01	7.095066e-01	-1.689959e-01
5.108330e-01	7.063909e-01	-8.513947e-02
5.438787e-01	7.018559e-01	-9.302004e-02
5.169079e-01	6.808058e-01	-1.522539e-01
5.300649e-01	6.793197e-01	-1.545220e-01
4.835209e-01	6.167943e-01	-4.281705e-02
5.674281e-01	6.048332e-01	-4.994400e-02
4.750508e-01	5.072938e-01	-1.700775e-02
5.766224e-01	4.837851e-01	-3.415259e-02
4.698625e-01	4.048361e-01	-9.033627e-02
5.768694e-01	3.793590e-01	-1.101863e-01
4.620690e-01	3.698027e-01	-1.156524e-01
5.825090e-01	3.438122e-01	-1.374453e-01
4.685601e-01	3.697035e-01	-1.445421e-01
5.752135e-01	3.433467e-01	-1.655852e-01
4.740067e-01	3.803111e-01	-1.038479e-01
5.702974e-01	3.566428e-01	-1.237978e-01
4.983447e-01	3.898644e-01	8.321619e-03
5.456919e-01	3.866553e-01	-8.213583e-03
4.912328e-01	2.335184e-01	1.116615e-02
5.466720e-01	2.332012e-01	-5.387410e-03
4.922548e-01	8.978403e-02	1.039252e-01
5.506030e-01	8.399048e-02	9.090293e-02
5.005844e-01	6.693233e-02	1.078021e-01
5.447956e-01	6.403290e-02	9.406542e-02
4.698014e-01	5.569869e-02	2.467004e-02
5.620525e-01	3.803851e-02	-5.693654e-03
5.229160e-01	6.986872e-01	-1.670194e-01
5.201268e-01	7.126593e-01	-1.511428e-01
5.164909e-01	7.129973e-01	-1.511626e-01
5.136325e-01	7.130744e-01	-1.511338e-01
5.298528e-01	7.113453e-01	-1.532000e-01
5.331482e-01	7.107332e-01	-1.532525e-01
5.370130e-01	7.098780e-01	-1.532012e-01
5.105976e-01	7.064734e-01	-6.621875e-02
5.433660e-01	7.019038e-01	-7.534631e-02
5.163000e-01	6.815160e-01	-1.356089e-01
5.295917e-01	6.797922e-01	-1.381222e-01
4.835235e-01	6.167924e-01	-2.366768e-02
5.674321e-01	6.055648e-01	-3.497938e-02
4.749696e-01	5.093637e-01	-4.654208e-03
5.781024e-01	4.877688e-01	-2.310593e-02
4.698358e-01	4.105509e-01	-7.796949e-02
5.801205e-01	3.835899e-01	-9.898157e-02
4.620810e-01	3.766316e-01	-1.029237e-01
5.870839e-01	3.485319e-01	-1.257866e-01
4.679748e-01	3.765802e-01	-1.312421e-01
5.798880e-01	3.479463e-01	-1.536908e-01
4.734955e-01	3.875349e-01	-9.133035e-02
5.751312e-01	3.610531e-01	-1.124318e-01
4.991778e-01	3.899631e-01	8.418287e-03
5.470290e-01	3.867575e-01	-8.315193e-03
4.910333e-01	2.336674e-01	6.526586e-03
5.468838e-01	2.329083e-01	-1.027821e-02
4.922869e-01	8.975253e-02	9.396490e-02
5.506006e-01	8.397848e-02	8.076620e-02
5.005494e-01	6.693379e-02	9.729316e-02
5.448090e-01	6.403792e-02	8.349399e-02
4.701266e-01	5.578147e-02	1.008497e-02
5.620129e-01	3.772335e-02	-1.644868e-02
5.224706e-01	6.988672e-01	-1.624727e-01
5.197583e-01	7.129489e-01	-1.467661e-01
5.160760e-01	7.133052e-01	-1.467877e-01
5.133374e-01	7.133667e-01	-1.467609e-01
5.294710e-01	7.115740e-01	-1.490612e-01
5.326992e-01	7.109470e-01	-1.491113e-01
5.366234e-01	7.100574e-01	-1.490593e-01
5.103702e-01	7.066120e-01	-6.096830e-02
5.429666e-01	7.019629e-01	-7.133418e-02
5.158523e-01	6.817954e-01	-1.306634e-01
5.292400e-01	6.799157e-01	-1.334971e-01
4.835114e-01	6.169800e-01	-1.862054e-02
5.674876e-01	6.060466e-01	-3.125121e-02
4.751570e-01	5.118659e-01	-1.850777e-03
5.794213e-01	4.889023e-01	-2.001813e-02
4.698213e-01	4.142981e-01	-7.646710e-02
5.826396e-01	3.868997e-01	-9.593406e-02
4.621015e-01	3.815033e-01	-1.014911e-01
5.893412e-01	3.518166e-01	-1.225401e-01
4.676495e-01	3.819847e-01	-1.297158e-01
5.829829e-01	3.508983e-01	-1.505507e-01
4.730897e-01	3.925797e-01	-8.975743e-02
5.784175e-01	3.639272e-01	-1.094022e-01
4.998794e-01	3.899989e-01	8.581573e-03
5.484681e-01	3.868643e-01	-8.481154e-03
4.911071e-01	2.337290e-01	5.709247e-03
5.472800e-01	2.326228e-01	-1.053396e-02
4.924765e-01	8.970210e-02	9.199412e-02
5.506383e-01	8.431046e-02	8.189432e-02
5.005860e-01	6.692633e-02	9.521894e-02
5.451534e-01	6.467240e-02	8.489440e-02
4.719795e-01	5.582561e-02	6.233588e-03
5.603387e-01	3.791836e-02	-1.474813e-02
