4.590650e-01	8.040223e-01	-3.040274e-01
4.525668e-01	8.203930e-01	-2.847453e-01
4.478927e-01	8.205017e-01	-2.847948e-01
4.438954e-01	8.200580e-01	-2.847602e-01
4.652373e-01	8.201069e-01	-2.853812e-01
4.693965e-01	8.197730e-01	-2.854419e-01
4.739665e-01	8.190414e-01	-2.854187e-01
4.379792e-01	8.095207e-01	-1.666940e-01
4.784043e-01	8.072751e-01	-1.678967e-01
4.501584e-01	7.821736e-01	-2.593837e-01
4.666244e-01	7.821885e-01	-2.597390e-01
4.086612e-01	6.772159e-01	-9.119775e-02
5.102015e-01	6.820447e-01	-9.233580e-02
3.996711e-01	5.348300e-01	-5.580050e-02
5.257465e-01	5.389894e-01	-5.580162e-02
3.847698e-01	4.000131e-01	-1.571951e-01
5.441094e-01	4.029622e-01	-1.603798e-01
3.798077e-01	3.552579e-01	-1.898940e-01
5.562367e-01	3.599571e-01	-1.935019e-01
3.809707e-01	3.513336e-01	-2.291055e-01
5.501615e-01	3.568455e-01	-2.364240e-01
3.855452e-01	3.696488e-01	-1.755250e-01
5.428772e-01	3.725123e-01	-1.803509e-01
4.352707e-01	4.030175e-01	-2.057364e-03
4.945040e-01	4.091282e-01	2.138740e-03
4.473767e-01	1.808018e-01	-5.008956e-02
4.927273e-01	1.852869e-01	-2.673474e-02
4.650757e-01	1.336783e-03	1.372152e-01
4.888144e-01	6.198734e-03	1.440708e-01
4.687565e-01	-1.501140e-02	1.469027e-01
4.833836e-01	-7.725984e-03	1.532045e-01
4.636464e-01	-7.914460e-02	6.915710e-03
4.925451e-01	-7.335526e-02	1.293081e-02
4.591592e-01	8.036389e-01	-3.011975e-01
4.525982e-01	8.203005e-01	-2.834665e-01
4.480552e-01	8.203745e-01	-2.835234e-01
4.439241e-01	8.199451e-01	-2.835042e-01
4.652580e-01	8.199490e-01	-2.835834e-01
4.695513e-01	8.195100e-01	-2.836271e-01
4.739942e-01	8.186667e-01	-2.836098e-01
4.381639e-01	8.094212e-01	-1.677767e-01
4.787180e-01	8.071932e-01	-1.679670e-01
4.502800e-01	7.818515e-01	-2.579558e-01
4.666358e-01	7.818463e-01	-2.577998e-01
4.082447e-01	6.782871e-01	-9.858599e-02
5.101876e-01	6.838537e-01	-8.656108e-02
3.974080e-01	5.352021e-01	-5.509721e-02
5.258380e-01	5.415490e-01	-3.389560e-02
3.842520e-01	4.078534e-01	-1.382344e-01
5.442383e-01	4.091416e-01	-1.239335e-01
3.781446e-01	3.610104e-01	-1.649339e-01
5.558950e-01	3.667998e-01	-1.513977e-01
3.796193e-01	3.593562e-01	-2.021579e-01
5.516546e-01	3.619006e-01	-1.927705e-01
3.846775e-01	3.757689e-01	-1.546116e-01
5.448096e-01	3.771064e-01	-1.432569e-01
4.353015e-01	4.038221e-01	-3.888901e-03
4.949989e-01	4.117910e-01	3.949282e-03
4.460357e-01	1.789051e-01	-4.103602e-02
4.927242e-01	1.865077e-01	-2.608151e-02
4.627466e-01	1.630388e-03	1.370231e-01
4.880386e-01	5.543502e-03	1.347989e-01
4.669560e-01	-9.755788e-03	1.466746e-01
4.834060e-01	-7.556443e-03	1.432557e-01
4.632750e-01	-6.342864e-02	1.429564e-02
4.894365e-01	-5.948388e-02	1.162761e-02
4.592311e-01	8.035662e-01	-3.005818e-01
4.526412e-01	8.202997e-01	-2.832236e-01
4.482062e-01	8.203697e-01	-2.832823e-01
4.439690e-01	8.199437e-01	-2.832680e-01
4.652788e-01	8.199303e-01	-2.831792e-01
4.696662e-01	8.194502e-01	-2.832183e-01
4.740116e-01	8.185591e-01	-2.832029e-01
4.383096e-01	8.094238e-01	-1.687603e-01
4.788966e-01	8.071922e-01	-1.681859e-01
4.503687e-01	7.818223e-01	-2.576917e-01
4.666370e-01	7.818093e-01	-2.573773e-01
4.080320e-01	6.794288e-01	-1.012564e-01
5.101709e-01	6.856692e-01	-8.515185e-02
3.963660e-01	5.352749e-01	-5.474013e-02
5.258659e-01	5.439063e-01	-3.110176e-02
3.840194e-01	4.105986e-01	-1.348163e-01
5.442462e-01	4.130270e-01	-1.205025e-01
3.773221e-01	3.632790e-01	-1.612808e-01
5.554701e-01	3.713660e-01	-1.479165e-01
3.790017e-01	3.620604e-01	-1.987703e-01
5.523547e-01	3.653334e-01	-1.894899e-01
3.842931e-01	3.780008e-01	-1.512267e-01
5.455924e-01	3.805822e-01	-1.399256e-01
4.353180e-01	4.047574e-01	-4.568984e-03
4.953168e-01	4.137888e-01	4.621174e-03
4.452271e-01	1.779478e-01	-3.746718e-02
4.927242e-01	1.875826e-01	-2.577743e-02
4.616579e-01	1.704886e-03	1.359928e-01
4.876778e-01	5.320510e-03	1.311894e-01
4.660534e-01	-7.756117e-03	1.453331e-01
4.834614e-01	-7.289320e-03	1.393913e-01
4.627903e-01	-5.851182e-02	1.448052e-02
4.884421e-01	-5.337113e-02	9.862378e-03
4.592495e-01	8.035419e-01	-2.467180e-01
4.526471e-01	8.203001e-01	-2.285722e-01
4.482696e-01	8.203667e-01	-2.286307e-01
4.439796e-01	8.199417e-01	-2.286193e-01
4.652800e-01	8.199264e-01	-2.288094e-01
4.697205e-01	8.194311e-01	-2.288320e-01
4.740160e-01	8.185182e-01	-2.287884e-01
4.384159e-01	8.094263e-01	-1.198163e-01
4.789615e-01	8.072048e-01	-1.204378e-01
4.504112e-01	7.818152e-01	-2.058609e-01
4.666363e-01	7.818058e-01	-2.059897e-01
4.081067e-01	6.806406e-01	-6.677883e-02
5.101336e-01	6.875883e-01	-4.154973e-02
3.960237e-01	5.394508e-01	-2.808281e-02
5.263432e-01	5.475610e-01	9.836674e-03
3.827948e-01	4.237964e-01	-1.181725e-01
5.483145e-01	4.201065e-01	-8.782758e-02
3.745843e-01	3.801601e-01	-1.468470e-01
5.579928e-01	3.775415e-01	-1.171744e-01
3.768536e-01	3.811556e-01	-1.840859e-01
5.565716e-01	3.737063e-01	-1.585451e-01
3.829617e-01	3.954855e-01	-1.344682e-01
5.508857e-01	3.883196e-01	-1.075895e-01
4.353105e-01	4.047940e-01	-5.412843e-03
4.953942e-01	4.139622e-01	5.477011e-03
4.447358e-01	1.775842e-01	-3.880941e-02
4.927246e-01	1.881617e-01	-2.627875e-02
4.613841e-01	2.385699e-03	1.323104e-01
4.874949e-01	5.305072e-03	1.318201e-01
4.658224e-01	-5.016704e-03	1.421189e-01
4.835327e-01	-6.579608e-03	1.405829e-01
4.627651e-01	-5.519804e-02	1.402592e-02
4.877512e-01	-5.139160e-02	1.134624e-02
4.593915e-01	8.035311e-01	-2.248984e-01
4.526991e-01	8.203022e-01	-2.068404e-01
4.483928e-01	8.203633e-01	-2.069002e-01
4.440364e-01	8.199387e-01	-2.068934e-01
4.653126e-01	8.199254e-01	-2.063163e-01
4.698216e-01	8.194198e-01	-2.063299e-01
4.740360e-01	8.184969e-01	-2.062728e-01
4.385466e-01	8.094274e-01	-1.002378e-01
4.789837e-01	8.072395e-01	-9.735744e-02
4.505792e-01	7.818146e-01	-1.849787e-01
4.666943e-01	7.818186e-01	-1.841211e-01
4.081983e-01	6.813489e-01	-5.028367e-02
5.098294e-01	6.899112e-01	-2.265967e-02
3.949779e-01	5.432504e-01	-1.490779e-02
5.268954e-01	5.516522e-01	2.506836e-02
3.774987e-01	4.324782e-01	-1.098458e-01
5.503987e-01	4.304384e-01	-7.627140e-02
3.673716e-01	3.913246e-01	-1.395148e-01
5.593396e-01	3.903591e-01	-1.068652e-01
3.684849e-01	3.943390e-01	-1.783054e-01
5.585973e-01	3.884475e-01	-1.480208e-01
3.752455e-01	4.080601e-01	-1.270058e-01
5.528289e-01	4.021525e-01	-9.645847e-02
4.358539e-01	4.050439e-01	-6.180579e-03
4.958563e-01	4.142869e-01	6.265608e-03
4.445342e-01	1.773214e-01	-4.644342e-02
4.927304e-01	1.884395e-01	-3.288128e-02
4.612114e-01	2.856721e-03	1.220201e-01
4.873525e-01	5.289557e-03	1.271608e-01
4.657319e-01	-3.370806e-03	1.318807e-01
4.835398e-01	-5.995197e-03	1.364763e-01
4.627612e-01	-5.472260e-02	8.526697e-03
4.873860e-01	-5.069464e-02	1.101333e-02
4.593925e-01	8.032797e-01	-2.105574e-01
4.526920e-01	8.201692e-01	-1.921311e-01
4.483951e-01	8.202475e-01	-1.921952e-01
4.440162e-01	8.198584e-01	-1.921898e-01
4.653150e-01	8.196498e-01	-1.923008e-01
4.698999e-01	8.190275e-01	-1.923120e-01
4.740601e-01	8.180377e-01	-1.922464e-01
4.385529e-01	8.094115e-01	-8.643784e-02
4.791344e-01	8.071641e-01	-8.647345e-02
4.505807e-01	7.815990e-01	-1.711266e-01
4.666899e-01	7.815201e-01	-1.710926e-01
4.082244e-01	6.815647e-01	-3.945256e-02
5.096682e-01	6.906826e-01	-1.398806e-02
3.924016e-01	5.471377e-01	-3.801963e-03
5.289387e-01	5.531743e-01	3.365421e-02
3.705265e-01	4.414524e-01	-9.292082e-02
5.527554e-01	4.356576e-01	-6.275938e-02
3.596248e-01	4.018330e-01	-1.212964e-01
5.617493e-01	3.958299e-01	-9.225346e-02
3.594691e-01	4.052264e-01	-1.599534e-01
5.608500e-01	3.939476e-01	-1.328221e-01
3.663124e-01	4.189596e-01	-1.101001e-01
5.545267e-01	4.080625e-01	-8.278767e-02
4.358536e-01	4.050773e-01	-7.120528e-03
4.959041e-01	4.146382e-01	7.233421e-03
4.442239e-01	1.763599e-01	-5.150064e-02
4.927526e-01	1.886232e-01	-3.506368e-02
4.609290e-01	3.102478e-03	1.101273e-01
4.871751e-01	5.075906e-03	1.214006e-01
4.653444e-01	-2.890985e-03	1.192036e-01
4.833976e-01	-5.998637e-03	1.303446e-01
4.627604e-01	-5.389508e-02	-2.270950e-03
4.875233e-01	-5.091527e-02	8.613145e-03
4.593875e-01	8.030990e-01	-2.202326e-01
4.526672e-01	8.200483e-01	-2.015368e-01
4.483938e-01	8.201330e-01	-2.016212e-01
4.439754e-01	8.197552e-01	-2.016380e-01
4.653148e-01	8.194514e-01	-2.031704e-01
4.699437e-01	8.187661e-01	-2.031811e-01
4.740701e-01	8.177204e-01	-2.031197e-01
4.385543e-01	8.093448e-01	-9.181446e-02
4.793025e-01	8.070613e-01	-9.830021e-02
4.505796e-01	7.813789e-01	-1.789432e-01
4.666761e-01	7.812843e-01	-1.807742e-01
4.082274e-01	6.824733e-01	-3.518307e-02
5.098056e-01	6.906230e-01	-2.015018e-02
3.901756e-01	5.609271e-01	2.201087e-02
5.330686e-01	5.548434e-01	3.794747e-02
3.623189e-01	4.612505e-01	-5.109153e-02
5.542883e-01	4.454600e-01	-4.854951e-02
3.514781e-01	4.224283e-01	-7.573201e-02
5.624438e-01	4.074283e-01	-7.491884e-02
3.519667e-01	4.254193e-01	-1.140213e-01
5.616558e-01	4.069338e-01	-1.160243e-01
3.584111e-01	4.390335e-01	-6.747387e-02
5.551685e-01	4.213922e-01	-6.816924e-02
4.356081e-01	4.050136e-01	-7.033135e-03
4.959064e-01	4.147258e-01	7.140981e-03
4.441434e-01	1.760383e-01	-5.021533e-02
4.927513e-01	1.886960e-01	-3.495187e-02
4.605270e-01	3.226238e-03	1.152456e-01
4.869270e-01	4.469845e-03	1.186867e-01
4.649138e-01	-2.704038e-03	1.244887e-01
4.832176e-01	-6.324696e-03	1.273848e-01
4.625738e-01	-5.403701e-02	-3.698766e-04
4.875225e-01	-5.195082e-02	3.954368e-03
4.593533e-01	8.028895e-01	-1.944130e-01
4.526238e-01	8.198035e-01	-1.762743e-01
4.483884e-01	8.199073e-01	-1.763658e-01
4.439381e-01	8.195516e-01	-1.763849e-01
4.652833e-01	8.191313e-01	-1.778353e-01
4.699464e-01	8.184155e-01	-1.778331e-01
4.740641e-01	8.173366e-01	-1.777653e-01
4.385609e-01	8.092667e-01	-7.065900e-02
4.793515e-01	8.069257e-01	-7.699855e-02
4.505723e-01	7.812183e-01	-1.547996e-01
4.666175e-01	7.810924e-01	-1.565172e-01
4.082274e-01	6.840305e-01	-1.825058e-02
5.097976e-01	6.906161e-01	-2.566725e-03
3.872175e-01	5.751240e-01	4.282951e-02
5.346509e-01	5.618075e-01	5.548665e-02
3.558598e-01	4.864178e-01	-1.323487e-02
5.581813e-01	4.624546e-01	-2.457879e-02
3.436845e-01	4.534582e-01	-3.611952e-02
5.655664e-01	4.290961e-01	-5.150395e-02
3.414313e-01	4.562272e-01	-7.527923e-02
5.650290e-01	4.272764e-01	-9.120215e-02
3.481100e-01	4.670664e-01	-3.008872e-02
5.588472e-01	4.408039e-01	-4.404186e-02
4.356211e-01	4.048781e-01	-6.958549e-03
4.959408e-01	4.147215e-01	7.070893e-03
4.440110e-01	1.760493e-01	-5.164205e-02
4.927423e-01	1.889377e-01	-3.436499e-02
4.601911e-01	3.396737e-03	1.178799e-01
4.867517e-01	3.983871e-03	1.200929e-01
4.645356e-01	-2.528950e-03	1.273401e-01
4.830808e-01	-6.563404e-03	1.287734e-01
4.625420e-01	-5.408020e-02	1.558683e-03
4.875702e-01	-5.256860e-02	4.288781e-03
4.593243e-01	8.027952e-01	-1.916536e-01
4.525822e-01	8.196853e-01	-1.736807e-01
4.483791e-01	8.198003e-01	-1.737714e-01
4.438992e-01	8.194547e-01	-1.737896e-01
4.652539e-01	8.189729e-01	-1.751748e-01
4.699490e-01	8.182399e-01	-1.751714e-01
4.740588e-01	8.171403e-01	-1.751031e-01
4.385638e-01	8.092382e-01	-6.871311e-02
4.793819e-01	8.068644e-01	-7.476985e-02
4.505661e-01	7.811576e-01	-1.522681e-01
4.665800e-01	7.810097e-01	-1.539008e-01
4.082268e-01	6.849856e-01	-1.654491e-02
5.097970e-01	6.907339e-01	-6.790108e-04
3.860932e-01	5.783167e-01	4.567259e-02
5.351932e-01	5.644500e-01	5.787260e-02
3.544127e-01	4.899111e-01	-7.654540e-03
5.593832e-01	4.652226e-01	-2.050363e-02
3.420165e-01	4.572210e-01	-3.007408e-02
5.664846e-01	4.307376e-01	-4.717161e-02
3.394022e-01	4.596184e-01	-6.930096e-02
5.661047e-01	4.303112e-01	-8.679806e-02
3.461226e-01	4.704451e-01	-2.448040e-02
5.600324e-01	4.435488e-01	-3.989109e-02
4.356460e-01	4.048257e-01	-6.903307e-03
4.959965e-01	4.148280e-01	7.018560e-03
4.439434e-01	1.760692e-01	-5.267705e-02
4.927409e-01	1.891116e-01	-3.402442e-02
4.599937e-01	3.501403e-03	1.187000e-01
4.866400e-01	3.576748e-03	1.205955e-01
4.642870e-01	-2.419991e-03	1.284682e-01
4.829976e-01	-6.786346e-03	1.293228e-01
4.625279e-01	-5.413552e-02	1.703394e-03
4.876045e-01	-5.298274e-02	4.542020e-03
4.593083e-01	8.027903e-01	-2.099309e-01
4.525432e-01	8.196820e-01	-1.926342e-01
4.483688e-01	8.197957e-01	-1.926618e-01
4.438702e-01	8.194406e-01	-1.926283e-01
4.652227e-01	8.189701e-01	-1.911899e-01
4.699499e-01	8.182375e-01	-1.912342e-01
4.740519e-01	8.171381e-01	-1.911795e-01
4.385653e-01	8.092158e-01	-8.797316e-02
4.794080e-01	8.068618e-01	-8.631954e-02
4.505630e-01	7.811450e-01	-1.718732e-01
4.665601e-01	7.810075e-01	-1.708389e-01
4.082390e-01	6.860611e-01	-2.605252e-02
5.099778e-01	6.907864e-01	-1.651257e-02
3.794230e-01	5.827188e-01	6.558801e-02
5.382310e-01	5.709711e-01	4.336933e-02
3.427865e-01	5.070572e-01	3.422045e-02
5.640175e-01	4.752860e-01	-3.419166e-02
3.307902e-01	4.781975e-01	1.888622e-02
5.716797e-01	4.452940e-01	-5.828805e-02
3.292407e-01	4.799657e-01	-2.256710e-02
5.720840e-01	4.474601e-01	-9.933601e-02
3.357762e-01	4.894019e-01	1.708053e-02
5.660399e-01	4.586594e-01	-5.385671e-02
4.356120e-01	4.048531e-01	-5.932229e-03
4.957807e-01	4.146264e-01	6.064563e-03
4.438314e-01	1.763295e-01	-4.861164e-02
4.926237e-01	1.891623e-01	-3.166106e-02
4.598079e-01	3.535645e-03	1.305073e-01
4.864594e-01	3.318035e-03	1.245767e-01
4.640784e-01	-2.428747e-03	1.411781e-01
4.827673e-01	-6.897480e-03	1.333722e-01
4.624051e-01	-5.353369e-02	1.461491e-02
4.861767e-01	-5.948342e-02	5.661061e-03
4.592627e-01	8.027742e-01	-1.685056e-01
4.524822e-01	8.196582e-01	-1.476817e-01
4.483320e-01	8.197727e-01	-1.477726e-01
4.438092e-01	8.194177e-01	-1.477630e-01
4.651644e-01	8.188983e-01	-1.498843e-01
4.699366e-01	8.181422e-01	-1.498749e-01
4.740374e-01	8.170116e-01	-1.498338e-01
4.385426e-01	8.091920e-01	-3.091535e-02
4.794136e-01	8.067659e-01	-3.977076e-02
4.505444e-01	7.811406e-01	-1.253042e-01
4.665096e-01	7.809988e-01	-1.275716e-01
4.083149e-01	6.878987e-01	2.047317e-02
5.099969e-01	6.948764e-01	2.751447e-02
3.778156e-01	5.927487e-01	4.521421e-02
5.387612e-01	5.814247e-01	6.117953e-02
3.333936e-01	5.435475e-01	-1.456954e-01
5.705289e-01	4.937362e-01	-3.791275e-02
3.191188e-01	5.239341e-01	-1.839900e-01
5.811569e-01	4.658002e-01	-6.799394e-02
3.176941e-01	5.304952e-01	-2.220111e-01
5.824634e-01	4.686951e-01	-1.078402e-01
3.256398e-01	5.363325e-01	-1.665179e-01
5.758291e-01	4.799638e-01	-5.826633e-02
4.356102e-01	4.062113e-01	-6.131197e-03
4.957766e-01	4.149310e-01	6.293870e-03
4.437469e-01	1.771804e-01	-5.662710e-02
4.926204e-01	1.895851e-01	-3.898842e-02
4.597011e-01	3.456692e-03	1.136045e-01
4.863674e-01	2.956077e-03	1.061314e-01
4.639539e-01	-2.499239e-03	1.230870e-01
4.825707e-01	-7.319733e-03	1.128050e-01
4.622321e-01	-5.342601e-02	-4.560865e-03
4.862529e-01	-5.583682e-02	-1.771615e-02
4.590783e-01	8.026720e-01	-1.619717e-01
4.523316e-01	8.195109e-01	-1.389958e-01
4.481774e-01	8.196371e-01	-1.391243e-01
4.436412e-01	8.192823e-01	-1.391725e-01
4.649812e-01	8.186508e-01	-1.418762e-01
4.698049e-01	8.178839e-01	-1.418712e-01
4.739467e-01	8.167429e-01	-1.418415e-01
4.383973e-01	8.090459e-01	-1.111802e-02
4.794015e-01	8.066390e-01	-2.305350e-02
4.504009e-01	7.810599e-01	-1.147548e-01
4.663133e-01	7.808629e-01	-1.179277e-01
4.084436e-01	6.917573e-01	3.619443e-02
5.099901e-01	6.973535e-01	4.820314e-02
3.753846e-01	6.009774e-01	-4.740018e-03
5.402640e-01	5.895395e-01	4.731173e-02
3.283839e-01	5.701880e-01	-2.359898e-01
5.689574e-01	5.364867e-01	-9.732270e-02
3.134360e-01	5.525697e-01	-2.808903e-01
5.773658e-01	5.189039e-01	-1.355342e-01
3.130249e-01	5.621004e-01	-3.172572e-01
5.775415e-01	5.285944e-01	-1.648940e-01
3.219575e-01	5.672849e-01	-2.570543e-01
5.710951e-01	5.374324e-01	-1.157651e-01
4.348056e-01	4.074165e-01	-6.326886e-03
4.952571e-01	4.155965e-01	6.522906e-03
4.436372e-01	1.780318e-01	-6.472706e-02
4.925082e-01	1.899090e-01	-4.428946e-02
4.596201e-01	3.332861e-03	9.790323e-02
4.862375e-01	2.497942e-03	8.950555e-02
4.638645e-01	-2.948167e-03	1.061986e-01
4.823854e-01	-8.173073e-03	9.388421e-02
4.619204e-01	-5.367079e-02	-2.951982e-02
4.863331e-01	-5.433240e-02	-4.821937e-02
4.590845e-01	8.024641e-01	-1.853993e-01
4.523284e-01	8.190069e-01	-1.612595e-01
4.481766e-01	8.190830e-01	-1.613799e-01
4.436155e-01	8.187068e-01	-1.613888e-01
4.649808e-01	8.179244e-01	-1.642781e-01
4.698182e-01	8.170969e-01	-1.643011e-01
4.739504e-01	8.160017e-01	-1.642679e-01
4.382638e-01	8.082179e-01	-2.405112e-02
4.794057e-01	8.061441e-01	-3.744796e-02
4.503778e-01	7.802441e-01	-1.363073e-01
4.663072e-01	7.801059e-01	-1.396949e-01
4.082687e-01	6.916485e-01	3.384906e-02
5.100154e-01	6.970647e-01	2.229615e-02
3.684254e-01	6.143277e-01	-6.388877e-02
5.489056e-01	6.044698e-01	-8.098181e-02
3.219602e-01	5.991387e-01	-3.307248e-01
5.669709e-01	5.719928e-01	-3.198327e-01
3.064647e-01	5.890152e-01	-3.861826e-01
5.755753e-01	5.505577e-01	-3.749421e-01
3.113161e-01	6.012592e-01	-4.155682e-01
5.653316e-01	5.661841e-01	-3.924685e-01
3.196474e-01	6.020188e-01	-3.509073e-01
5.628419e-01	5.795250e-01	-3.348916e-01
4.338062e-01	4.074275e-01	-3.428428e-03
4.943619e-01	4.147466e-01	3.716134e-03
4.432848e-01	1.783232e-01	-6.367342e-02
4.922279e-01	1.899567e-01	-4.330495e-02
4.594850e-01	2.557386e-03	1.034319e-01
4.860603e-01	1.920407e-03	9.839977e-02
4.637467e-01	-3.813543e-03	1.132484e-01
4.821663e-01	-8.724215e-03	1.037927e-01
4.621206e-01	-7.467533e-02	-2.353112e-02
4.862579e-01	-5.433207e-02	-4.394291e-02
4.592585e-01	8.011756e-01	-1.785841e-01
4.523807e-01	8.170753e-01	-1.535020e-01
4.482650e-01	8.169474e-01	-1.535939e-01
4.436471e-01	8.164856e-01	-1.535749e-01
4.650525e-01	8.161305e-01	-1.568992e-01
4.698839e-01	8.155318e-01	-1.569372e-01
4.739834e-01	8.146678e-01	-1.568664e-01
4.382489e-01	8.063098e-01	-1.809897e-02
4.794074e-01	8.051377e-01	-3.251271e-02
4.504477e-01	7.781287e-01	-1.290645e-01
4.663611e-01	7.782328e-01	-1.331062e-01
4.083986e-01	6.922213e-01	3.843078e-02
5.100082e-01	6.970377e-01	1.188468e-02
3.618619e-01	6.278147e-01	-8.190196e-02
5.510810e-01	6.054128e-01	-1.305806e-01
3.084283e-01	6.303440e-01	-3.435416e-01
5.621637e-01	5.869320e-01	-3.841071e-01
2.915272e-01	6.427784e-01	-3.991536e-01
5.644851e-01	5.797192e-01	-4.417171e-01
2.968909e-01	6.508631e-01	-4.233476e-01
5.588635e-01	5.923764e-01	-4.525865e-01
3.057646e-01	6.437785e-01	-3.620781e-01
5.577751e-01	6.016709e-01	-3.964738e-01
4.332615e-01	4.074444e-01	8.015707e-04
4.938482e-01	4.143397e-01	-4.942685e-04
4.428667e-01	1.783889e-01	-4.246884e-02
4.920112e-01	1.899789e-01	-4.104272e-02
4.593770e-01	2.089410e-03	1.313460e-01
4.859102e-01	1.524734e-03	1.021813e-01
4.637089e-01	-4.285992e-03	1.409061e-01
4.820194e-01	-8.971272e-03	1.069542e-01
4.620401e-01	-8.073992e-02	5.650817e-04
4.860241e-01	-5.440003e-02	-3.136974e-02
4.594034e-01	8.003440e-01	-1.754391e-01
4.524231e-01	8.159140e-01	-1.501704e-01
4.483321e-01	8.156564e-01	-1.502593e-01
4.436730e-01	8.151201e-01	-1.502367e-01
4.651257e-01	8.150854e-01	-1.538487e-01
4.699582e-01	8.146105e-01	-1.538871e-01
4.740260e-01	8.138618e-01	-1.538112e-01
4.382386e-01	8.050460e-01	-1.483476e-02
4.794138e-01	8.044988e-01	-3.057176e-02
4.505188e-01	7.767808e-01	-1.258387e-01
4.664350e-01	7.770573e-01	-1.302804e-01
4.084791e-01	6.924125e-01	4.094460e-02
5.100087e-01	6.971260e-01	8.204992e-03
3.605380e-01	6.302125e-01	-8.277224e-02
5.512525e-01	6.084859e-01	-1.368083e-01
3.067502e-01	6.322740e-01	-3.446564e-01
5.598439e-01	5.879620e-01	-3.908402e-01
2.900862e-01	6.447317e-01	-4.003533e-01
5.608005e-01	5.817471e-01	-4.486160e-01
2.952946e-01	6.516775e-01	-4.245257e-01
5.567261e-01	5.939510e-01	-4.597835e-01
3.039461e-01	6.453224e-01	-3.632785e-01
5.556548e-01	6.031076e-01	-4.034337e-01
4.328344e-01	4.074402e-01	3.031295e-03
4.934618e-01	4.138075e-01	-2.724566e-03
4.426057e-01	1.783759e-01	-3.745363e-02
4.918020e-01	1.899109e-01	-4.091725e-02
4.593616e-01	1.430831e-03	1.367252e-01
4.857163e-01	1.230872e-03	1.033950e-01
4.637054e-01	-4.881324e-03	1.461318e-01
4.818166e-01	-9.096623e-03	1.089958e-01
4.619761e-01	-8.234680e-02	7.305738e-03
4.859184e-01	-5.445608e-02	-2.740284e-02
4.597378e-01	7.995354e-01	-1.672691e-01
4.525391e-01	8.148959e-01	-1.429224e-01
4.484486e-01	8.145716e-01	-1.430163e-01
4.437382e-01	8.139865e-01	-1.429901e-01
4.653389e-01	8.140951e-01	-1.463171e-01
4.701560e-01	8.137462e-01	-1.463506e-01
4.741703e-01	8.130591e-01	-1.462747e-01
4.382365e-01	8.041236e-01	-9.354681e-03
4.794294e-01	8.038248e-01	-2.368317e-02
4.506977e-01	7.758842e-01	-1.179417e-01
4.666858e-01	7.762885e-01	-1.219604e-01
4.089079e-01	6.936023e-01	4.595365e-02
5.098861e-01	6.971372e-01	1.242956e-02
3.576770e-01	6.383157e-01	-8.381227e-02
5.505868e-01	6.191102e-01	-1.319442e-01
3.079668e-01	6.565608e-01	-3.381234e-01
5.759877e-01	6.083704e-01	-3.951255e-01
2.900874e-01	6.653138e-01	-3.899247e-01
5.869169e-01	5.966337e-01	-4.520523e-01
2.958721e-01	6.735070e-01	-4.135244e-01
5.862957e-01	6.133589e-01	-4.690799e-01
3.028697e-01	6.683211e-01	-3.566893e-01
5.772970e-01	6.150279e-01	-4.115624e-01
4.327310e-01	4.076135e-01	4.197516e-03
4.932672e-01	4.138039e-01	-3.925703e-03
4.425991e-01	1.783911e-01	-3.830607e-02
4.917851e-01	1.899135e-01	-4.061982e-02
4.593638e-01	9.485771e-04	1.336622e-01
4.856607e-01	1.082706e-03	1.028372e-01
4.637110e-01	-5.375132e-03	1.432814e-01
4.817809e-01	-9.168472e-03	1.085545e-01
4.617811e-01	-8.130327e-02	5.927836e-03
4.859191e-01	-5.446144e-02	-3.485491e-02
4.599064e-01	7.990386e-01	-1.743555e-01
4.525498e-01	8.142275e-01	-1.489195e-01
4.484543e-01	8.137978e-01	-1.490288e-01
4.437287e-01	8.131847e-01	-1.491470e-01
4.654466e-01	8.134800e-01	-1.527513e-01
4.702786e-01	8.132067e-01	-1.527416e-01
4.742770e-01	8.125673e-01	-1.526634e-01
4.381235e-01	8.033658e-01	-2.285160e-02
4.794307e-01	8.034129e-01	-3.606630e-02
4.507674e-01	7.753133e-01	-1.278164e-01
4.668455e-01	7.757971e-01	-1.315285e-01
4.089098e-01	6.940184e-01	3.385641e-02
5.098016e-01	6.977680e-01	2.079991e-03
3.564166e-01	6.482173e-01	-1.265816e-01
5.559312e-01	6.479642e-01	-1.526732e-01
3.114959e-01	6.816357e-01	-3.855926e-01
6.035522e-01	6.483194e-01	-4.186049e-01
2.964034e-01	6.882728e-01	-4.369071e-01
6.252279e-01	6.426241e-01	-4.739927e-01
2.992123e-01	6.985776e-01	-4.549955e-01
6.194333e-01	6.552445e-01	-4.934118e-01
3.080315e-01	6.912798e-01	-4.020747e-01
6.136985e-01	6.551847e-01	-4.367166e-01
4.327450e-01	4.069435e-01	3.645737e-03
4.932351e-01	4.133215e-01	-3.405213e-03
4.426022e-01	1.784061e-01	-3.496603e-02
4.917802e-01	1.898906e-01	-3.243057e-02
4.593694e-01	8.199470e-04	1.367570e-01
4.856595e-01	1.089456e-03	1.115515e-01
4.637750e-01	-5.500486e-03	1.458675e-01
4.817851e-01	-9.091845e-03	1.173658e-01
4.623541e-01	-8.169662e-02	1.082139e-02
4.859327e-01	-5.441943e-02	-2.779261e-02
4.600443e-01	7.987028e-01	-1.800091e-01
4.525523e-01	8.139187e-01	-1.527334e-01
4.484562e-01	8.134091e-01	-1.528922e-01
4.437202e-01	8.127461e-01	-1.530522e-01
4.655088e-01	8.132576e-01	-1.549434e-01
4.703723e-01	8.130272e-01	-1.548574e-01
4.743640e-01	8.124137e-01	-1.547659e-01
4.380696e-01	8.029584e-01	-2.443769e-02
4.794372e-01	8.034052e-01	-4.512057e-02
4.508851e-01	7.748730e-01	-1.336446e-01
4.670709e-01	7.756033e-01	-1.364774e-01
4.089636e-01	6.966044e-01	3.073486e-02
5.097562e-01	6.989615e-01	-1.907733e-02
3.543369e-01	6.584904e-01	-1.442770e-01
5.593131e-01	6.583325e-01	-2.031642e-01
3.146825e-01	6.988798e-01	-4.015587e-01
6.044185e-01	6.716360e-01	-4.907746e-01
3.013195e-01	7.096882e-01	-4.504101e-01
6.217248e-01	6.779196e-01	-5.491055e-01
3.039237e-01	7.174886e-01	-4.642543e-01
6.157919e-01	6.883709e-01	-5.614558e-01
3.119478e-01	7.112256e-01	-4.160935e-01
6.098441e-01	6.817277e-01	-5.066956e-01
4.327036e-01	4.068004e-01	5.995471e-03
4.930639e-01	4.130992e-01	-5.831445e-03
4.426346e-01	1.785036e-01	-1.569579e-02
4.917790e-01	1.898812e-01	-2.817298e-02
4.593734e-01	7.785198e-04	1.573010e-01
4.856465e-01	1.088916e-03	1.153320e-01
4.638046e-01	-5.567190e-03	1.665652e-01
4.817821e-01	-9.076207e-03	1.215382e-01
4.622336e-01	-8.077562e-02	3.646156e-02
4.859074e-01	-5.442957e-02	-2.450646e-02
4.601296e-01	7.986186e-01	-1.824025e-01
4.525542e-01	8.138435e-01	-1.583208e-01
4.484577e-01	8.133289e-01	-1.584398e-01
4.437117e-01	8.126748e-01	-1.585028e-01
4.655586e-01	8.131672e-01	-1.608081e-01
4.704577e-01	8.129277e-01	-1.607824e-01
4.744435e-01	8.123075e-01	-1.607090e-01
4.380401e-01	8.028946e-01	-3.114983e-02
4.794642e-01	8.033094e-01	-4.641543e-02
4.509610e-01	7.748224e-01	-1.355551e-01
4.671910e-01	7.755009e-01	-1.391957e-01
4.090187e-01	6.980315e-01	2.620575e-02
5.097494e-01	6.997460e-01	-2.836533e-02
3.509366e-01	6.689661e-01	-1.133320e-01
5.597212e-01	6.711406e-01	-2.156216e-01
3.085462e-01	7.355943e-01	-3.349191e-01
6.073993e-01	6.966210e-01	-5.042878e-01
2.960605e-01	7.512056e-01	-3.778585e-01
6.219283e-01	7.090703e-01	-5.609826e-01
2.979134e-01	7.613466e-01	-3.973913e-01
6.181206e-01	7.127145e-01	-5.736092e-01
3.047358e-01	7.543666e-01	-3.503361e-01
6.121161e-01	7.070629e-01	-5.208517e-01
4.330454e-01	4.062181e-01	1.250951e-02
4.931842e-01	4.124526e-01	-1.240951e-02
4.427189e-01	1.785075e-01	3.397384e-04
4.917792e-01	1.898798e-01	-2.888012e-02
4.593919e-01	7.458943e-04	1.600568e-01
4.856314e-01	1.083496e-03	1.101665e-01
4.639112e-01	-5.605395e-03	1.680249e-01
4.817836e-01	-9.066634e-03	1.160480e-01
4.621626e-01	-8.058712e-02	3.866392e-02
4.857692e-01	-5.444585e-02	-2.783054e-02
4.601917e-01	7.986340e-01	-1.841640e-01
4.525602e-01	8.138636e-01	-1.596229e-01
4.484643e-01	8.133553e-01	-1.597639e-01
4.437122e-01	8.127059e-01	-1.598110e-01
4.655868e-01	8.131838e-01	-1.624367e-01
4.705035e-01	8.129340e-01	-1.623877e-01
4.744855e-01	8.123071e-01	-1.623013e-01
4.380324e-01	8.029048e-01	-4.114016e-02
4.795104e-01	8.032924e-01	-5.464587e-02
4.510106e-01	7.748486e-01	-1.371434e-01
4.672524e-01	7.755163e-01	-1.406983e-01
4.086579e-01	7.034025e-01	1.354759e-02
5.097932e-01	7.013505e-01	-3.177487e-02
3.437536e-01	6.898952e-01	-1.508649e-01
5.607145e-01	6.840287e-01	-2.054535e-01
3.099987e-01	7.628952e-01	-3.851985e-01
6.080444e-01	7.137038e-01	-4.770161e-01
2.993323e-01	7.774630e-01	-4.306398e-01
6.236423e-01	7.188528e-01	-5.323482e-01
3.013905e-01	7.854730e-01	-4.425177e-01
6.216573e-01	7.267563e-01	-5.444365e-01
3.080699e-01	7.789317e-01	-3.991882e-01
6.144933e-01	7.195244e-01	-4.931052e-01
4.330463e-01	4.064932e-01	1.069520e-02
4.931483e-01	4.128467e-01	-1.056786e-02
4.427977e-01	1.785989e-01	-1.453303e-03
4.917840e-01	1.899026e-01	-2.246232e-02
4.594358e-01	5.716575e-04	1.537142e-01
4.856234e-01	7.873126e-04	1.093629e-01
4.640711e-01	-5.960118e-03	1.613008e-01
4.818166e-01	-9.331285e-03	1.144148e-01
4.621670e-01	-8.129700e-02	3.023325e-02
4.857191e-01	-5.468493e-02	-2.932641e-02
4.602197e-01	7.986354e-01	-1.842695e-01
4.525611e-01	8.138664e-01	-1.616162e-01
4.484655e-01	8.133588e-01	-1.617469e-01
4.437118e-01	8.127245e-01	-1.617739e-01
4.655916e-01	8.131866e-01	-1.644785e-01
4.705098e-01	8.129333e-01	-1.644549e-01
4.744963e-01	8.123070e-01	-1.643791e-01
4.380106e-01	8.029229e-01	-4.589588e-02
4.795133e-01	8.032223e-01	-5.813328e-02
4.510142e-01	7.748729e-01	-1.381774e-01
4.672537e-01	7.755125e-01	-1.416732e-01
4.083070e-01	7.055589e-01	8.336572e-03
5.098044e-01	7.023322e-01	-3.430340e-02
3.425793e-01	6.923563e-01	-1.586389e-01
5.611209e-01	6.870034e-01	-2.094809e-01
3.115904e-01	7.624740e-01	-3.989401e-01
6.083935e-01	7.145306e-01	-4.804154e-01
3.010539e-01	7.792521e-01	-4.453104e-01
6.239441e-01	7.187144e-01	-5.359325e-01
3.028838e-01	7.863013e-01	-4.566570e-01
6.221194e-01	7.239368e-01	-5.482543e-01
3.098714e-01	7.803425e-01	-4.129351e-01
6.149936e-01	7.195770e-01	-4.967462e-01
4.330090e-01	4.067899e-01	1.030366e-02
4.930802e-01	4.133721e-01	-1.016501e-02
4.428533e-01	1.786041e-01	6.600958e-04
4.917897e-01	1.899180e-01	-2.145424e-02
4.594616e-01	3.790051e-04	1.502610e-01
4.856215e-01	3.384992e-04	1.047424e-01
4.642019e-01	-6.619120e-03	1.578631e-01
4.818714e-01	-1.002289e-02	1.087710e-01
4.615046e-01	-8.129115e-02	2.675153e-02
4.856714e-01	-5.533641e-02	-3.389696e-02
4.603365e-01	7.987183e-01	-1.819612e-01
4.525773e-01	8.138745e-01	-1.606984e-01
4.484667e-01	8.133754e-01	-1.607936e-01
4.437064e-01	8.127455e-01	-1.607963e-01
4.656840e-01	8.132117e-01	-1.625218e-01
4.705939e-01	8.129632e-01	-1.625710e-01
4.745907e-01	8.123360e-01	-1.625118e-01
4.378133e-01	8.029301e-01	-4.429288e-02
4.795496e-01	8.032104e-01	-5.277425e-02
4.510272e-01	7.749698e-01	-1.369041e-01
4.674427e-01	7.755760e-01	-1.395379e-01
4.076490e-01	7.077394e-01	8.969718e-03
5.097317e-01	7.051455e-01	-2.970362e-02
3.363391e-01	7.147332e-01	-1.303138e-01
5.639950e-01	7.032969e-01	-1.738343e-01
3.116255e-01	8.214474e-01	-3.111892e-01
6.103525e-01	7.464399e-01	-4.220164e-01
3.017035e-01	8.465483e-01	-3.462593e-01
6.258032e-01	7.516299e-01	-4.772779e-01
3.064137e-01	8.520230e-01	-3.469009e-01
6.210459e-01	7.602729e-01	-5.111684e-01
3.102489e-01	8.400969e-01	-3.184683e-01
6.145400e-01	7.468653e-01	-4.396412e-01
4.329678e-01	4.089537e-01	9.600764e-03
4.926858e-01	4.174179e-01	-9.451393e-03
4.430426e-01	1.790375e-01	-1.988826e-03
4.917994e-01	1.906857e-01	-2.129143e-02
4.595566e-01	3.847196e-04	1.480093e-01
4.856327e-01	2.086019e-04	1.042129e-01
4.643052e-01	-6.821130e-03	1.537899e-01
4.820570e-01	-1.034492e-02	1.084244e-01
4.612499e-01	-6.893457e-02	2.557180e-02
4.856053e-01	-5.539533e-02	-3.244199e-02
4.609576e-01	7.987934e-01	-1.828837e-01
4.530977e-01	8.139086e-01	-1.615966e-01
4.487228e-01	8.134156e-01	-1.616914e-01
4.439804e-01	8.127552e-01	-1.616860e-01
4.659988e-01	8.133284e-01	-1.624918e-01
4.707124e-01	8.130739e-01	-1.625582e-01
4.747231e-01	8.124692e-01	-1.625043e-01
4.377960e-01	8.028586e-01	-4.456918e-02
4.795498e-01	8.031911e-01	-4.604902e-02
4.514027e-01	7.751120e-01	-1.372028e-01
4.679364e-01	7.759308e-01	-1.402185e-01
4.075391e-01	7.076747e-01	8.664703e-03
5.097039e-01	7.068436e-01	-3.391055e-03
3.328222e-01	7.375500e-01	-9.165481e-02
5.653552e-01	7.263455e-01	-4.785370e-02
3.121493e-01	8.417857e-01	-2.188717e-01
6.149738e-01	8.076864e-01	-1.821043e-01
3.025804e-01	8.678261e-01	-2.559360e-01
6.305126e-01	8.253266e-01	-2.183336e-01
3.097072e-01	8.767219e-01	-2.592768e-01
6.284950e-01	8.307393e-01	-2.370447e-01
3.127697e-01	8.646612e-01	-2.282091e-01
6.225376e-01	8.226392e-01	-1.973573e-01
4.333031e-01	4.112413e-01	2.314825e-03
4.926898e-01	4.195776e-01	-2.123240e-03
4.430672e-01	1.808362e-01	-6.975131e-03
4.917734e-01	1.918945e-01	-1.390578e-02
4.596356e-01	2.430857e-04	1.384366e-01
4.856477e-01	1.923337e-04	1.112013e-01
4.644406e-01	-7.291246e-03	1.443053e-01
4.822187e-01	-1.035462e-02	1.156570e-01
4.612051e-01	-6.939834e-02	1.267098e-02
4.854706e-01	-5.543740e-02	-1.968674e-02
4.610177e-01	7.987689e-01	-1.834175e-01
4.532214e-01	8.140343e-01	-1.619685e-01
4.487663e-01	8.135203e-01	-1.620655e-01
4.440112e-01	8.128226e-01	-1.620549e-01
4.660412e-01	8.136771e-01	-1.623622e-01
4.707130e-01	8.133994e-01	-1.624417e-01
4.747286e-01	8.128381e-01	-1.623908e-01
4.377730e-01	8.028462e-01	-4.450383e-02
4.795843e-01	8.033074e-01	-4.285493e-02
4.514133e-01	7.751172e-01	-1.379846e-01
4.679605e-01	7.760516e-01	-1.407377e-01
4.075682e-01	7.096969e-01	7.015093e-03
5.099329e-01	7.086989e-01	4.813825e-03
3.343186e-01	7.558070e-01	-7.755516e-02
5.662741e-01	7.493192e-01	-2.973367e-02
3.140341e-01	8.693098e-01	-1.951068e-01
6.123983e-01	8.378687e-01	-1.517971e-01
3.116318e-01	9.028152e-01	-2.344302e-01
6.274707e-01	8.522583e-01	-1.886373e-01
3.195787e-01	9.077797e-01	-2.372565e-01
6.236507e-01	8.571935e-01	-2.059169e-01
3.224129e-01	8.972427e-01	-2.045552e-01
6.185458e-01	8.502251e-01	-1.665035e-01
4.332798e-01	4.130457e-01	-2.833692e-03
4.927000e-01	4.204783e-01	3.044378e-03
4.430670e-01	1.816298e-01	-9.331067e-03
4.917527e-01	1.922891e-01	-7.258568e-03
4.597136e-01	1.655676e-04	1.385130e-01
4.856665e-01	1.378071e-04	1.262553e-01
4.645174e-01	-7.815457e-03	1.444197e-01
4.822935e-01	-1.062910e-02	1.319070e-01
4.616064e-01	-7.775649e-02	1.278247e-02
4.854910e-01	-5.544389e-02	-2.960430e-03
4.610353e-01	7.987452e-01	-1.840844e-01
4.533542e-01	8.143485e-01	-1.624319e-01
4.488623e-01	8.138421e-01	-1.625274e-01
4.441084e-01	8.132175e-01	-1.625153e-01
4.660625e-01	8.140656e-01	-1.630107e-01
4.706974e-01	8.137408e-01	-1.630915e-01
4.747211e-01	8.131456e-01	-1.630450e-01
4.377703e-01	8.031008e-01	-4.430589e-02
4.796017e-01	8.033823e-01	-4.337769e-02
4.514144e-01	7.752001e-01	-1.393254e-01
4.678730e-01	7.762889e-01	-1.409477e-01
4.076727e-01	7.132797e-01	3.119889e-03
5.097621e-01	7.107655e-01	2.162540e-03
3.371152e-01	7.762363e-01	-6.493829e-02
5.660955e-01	7.677795e-01	-3.510785e-02
3.242636e-01	8.998794e-01	-1.610249e-01
6.089399e-01	8.651438e-01	-1.413774e-01
3.256589e-01	9.307013e-01	-1.992329e-01
6.235865e-01	8.842818e-01	-1.763900e-01
3.363089e-01	9.395220e-01	-2.022522e-01
6.203757e-01	8.913940e-01	-1.944622e-01
3.387309e-01	9.287447e-01	-1.698854e-01
6.145226e-01	8.820511e-01	-1.560746e-01
4.335035e-01	4.158019e-01	-4.005047e-03
4.928154e-01	4.227956e-01	4.196990e-03
4.429631e-01	1.820023e-01	-1.072481e-02
4.917507e-01	1.924150e-01	-9.455093e-03
4.599561e-01	-3.162536e-04	1.363365e-01
4.856917e-01	-5.833702e-04	1.239244e-01
4.647521e-01	-8.767248e-03	1.425309e-01
4.823291e-01	-1.204047e-02	1.298044e-01
4.616048e-01	-7.205084e-02	7.602394e-03
4.908925e-01	-7.254873e-02	-6.821036e-03
4.615437e-01	7.986282e-01	-2.327667e-01
4.539141e-01	8.144406e-01	-2.095724e-01
4.492834e-01	8.140632e-01	-2.097049e-01
4.445847e-01	8.135121e-01	-2.097192e-01
4.663320e-01	8.142396e-01	-2.090673e-01
4.707900e-01	8.139981e-01	-2.091852e-01
4.747990e-01	8.134984e-01	-2.091926e-01
4.377704e-01	8.032809e-01	-8.722021e-02
4.795949e-01	8.034161e-01	-8.247557e-02
4.517142e-01	7.752138e-01	-1.868192e-01
4.679159e-01	7.763987e-01	-1.861430e-01
4.077230e-01	7.140492e-01	-3.966055e-02
5.092517e-01	7.120572e-01	-3.286520e-02
3.386709e-01	7.914209e-01	-9.018291e-02
5.655141e-01	7.855295e-01	-6.638867e-02
3.341678e-01	9.322435e-01	-1.894420e-01
6.068369e-01	8.865424e-01	-1.746355e-01
3.376383e-01	9.635503e-01	-2.299831e-01
6.190051e-01	9.123563e-01	-2.118180e-01
3.474185e-01	9.742339e-01	-2.344655e-01
6.148046e-01	9.193884e-01	-2.318066e-01
3.497622e-01	9.611875e-01	-1.991781e-01
6.096802e-01	9.095834e-01	-1.904695e-01
4.339711e-01	4.194520e-01	-4.904252e-03
4.933571e-01	4.259877e-01	5.082737e-03
4.427793e-01	1.831044e-01	-1.114035e-02
4.918078e-01	1.923309e-01	-6.145853e-03
4.602014e-01	-2.255302e-04	1.444831e-01
4.856864e-01	-6.736611e-04	1.367774e-01
4.648930e-01	-8.806700e-03	1.518208e-01
4.823218e-01	-1.236901e-02	1.437166e-01
4.631797e-01	-7.947065e-02	1.292436e-02
4.922778e-01	-7.727993e-02	3.395167e-03
4.614332e-01	7.963527e-01	-2.190034e-01
4.538413e-01	8.126279e-01	-1.968174e-01
4.492036e-01	8.126422e-01	-1.969299e-01
4.444056e-01	8.124329e-01	-1.969229e-01
4.663328e-01	8.119185e-01	-1.967497e-01
4.707835e-01	8.118173e-01	-1.968565e-01
4.747936e-01	8.115598e-01	-1.968435e-01
4.375533e-01	8.029662e-01	-7.631646e-02
4.795710e-01	8.024613e-01	-7.423387e-02
4.516307e-01	7.736760e-01	-1.736408e-01
4.675884e-01	7.733266e-01	-1.735893e-01
4.080103e-01	7.152246e-01	-3.109796e-02
5.081151e-01	7.117376e-01	-2.915174e-02
3.394993e-01	7.947721e-01	-9.548414e-02
5.652964e-01	7.846587e-01	-8.503091e-02
3.384280e-01	9.319825e-01	-1.845635e-01
6.013095e-01	8.796428e-01	-2.300655e-01
3.416105e-01	9.627489e-01	-2.229907e-01
6.146829e-01	9.095429e-01	-2.716520e-01
3.505916e-01	9.706399e-01	-2.249380e-01
6.107217e-01	9.157301e-01	-2.879741e-01
3.533030e-01	9.587880e-01	-1.929792e-01
6.053342e-01	9.039040e-01	-2.452687e-01
4.343663e-01	4.219415e-01	-4.775614e-03
4.934384e-01	4.299434e-01	4.935545e-03
4.424132e-01	1.860522e-01	-1.272957e-02
4.918080e-01	1.928567e-01	-8.547368e-03
4.602433e-01	9.074823e-04	1.335197e-01
4.856536e-01	-2.434709e-04	1.269241e-01
4.651713e-01	-8.134820e-03	1.400344e-01
4.824981e-01	-1.175887e-02	1.321570e-01
4.622008e-01	-6.846623e-02	5.103901e-03
4.904732e-01	-7.611641e-02	-6.392247e-03
4.615144e-01	7.959589e-01	-2.631398e-01
4.538813e-01	8.123590e-01	-2.424204e-01
4.492113e-01	8.124332e-01	-2.425671e-01
4.444150e-01	8.122464e-01	-2.426017e-01
4.663423e-01	8.117493e-01	-2.411780e-01
4.707691e-01	8.116684e-01	-2.413090e-01
4.747828e-01	8.114600e-01	-2.413580e-01
4.375242e-01	8.027988e-01	-1.239283e-01
4.795335e-01	8.023760e-01	-1.150196e-01
4.518072e-01	7.733749e-01	-2.174691e-01
4.675985e-01	7.731064e-01	-2.153594e-01
4.085500e-01	7.167064e-01	-7.855235e-02
5.076696e-01	7.136118e-01	-6.571861e-02
3.490340e-01	8.033028e-01	-1.397785e-01
5.644883e-01	8.032883e-01	-1.018370e-01
3.441573e-01	9.459919e-01	-2.106975e-01
5.963802e-01	9.250574e-01	-2.110621e-01
3.467741e-01	9.788573e-01	-2.494794e-01
6.097964e-01	9.545599e-01	-2.486341e-01
3.551578e-01	9.831069e-01	-2.573160e-01
6.055655e-01	9.637261e-01	-2.668477e-01
3.582060e-01	9.729146e-01	-2.212289e-01
5.994530e-01	9.524804e-01	-2.264838e-01
4.344293e-01	4.261791e-01	-6.312390e-03
4.935583e-01	4.341861e-01	6.447616e-03
4.418191e-01	1.875504e-01	-1.306925e-02
4.918079e-01	1.933498e-01	-4.342868e-03
4.602981e-01	9.963377e-04	1.330615e-01
4.855633e-01	-1.624977e-04	1.260684e-01
4.654757e-01	-8.122698e-03	1.396009e-01
4.826352e-01	-1.155765e-02	1.314496e-01
4.620642e-01	-6.760498e-02	3.982509e-03
4.887663e-01	-7.428312e-02	-6.583643e-03
4.615208e-01	7.958663e-01	-3.287510e-01
4.539728e-01	8.123900e-01	-3.107660e-01
4.492667e-01	8.124362e-01	-3.109070e-01
4.444507e-01	8.122364e-01	-3.109606e-01
4.663450e-01	8.117995e-01	-3.082145e-01
4.707352e-01	8.117082e-01	-3.083612e-01
4.747260e-01	8.114884e-01	-3.084462e-01
4.374203e-01	8.026197e-01	-1.930095e-01
4.793222e-01	8.023079e-01	-1.781086e-01
4.518072e-01	7.734031e-01	-2.820336e-01
4.675499e-01	7.731941e-01	-2.781598e-01
4.085971e-01	7.174181e-01	-1.357228e-01
5.071364e-01	7.174600e-01	-1.181767e-01
3.581797e-01	8.140269e-01	-1.946706e-01
5.621009e-01	8.163506e-01	-1.471966e-01
3.507669e-01	9.605753e-01	-2.793218e-01
5.859640e-01	9.442148e-01	-2.331136e-01
3.499082e-01	9.883087e-01	-3.228854e-01
5.952418e-01	9.739260e-01	-2.725117e-01
3.580528e-01	9.969275e-01	-3.332881e-01
5.902461e-01	9.838442e-01	-2.897864e-01
3.609981e-01	9.858067e-01	-2.916777e-01
5.854288e-01	9.735636e-01	-2.482725e-01
4.339705e-01	4.315587e-01	-6.647856e-03
4.934378e-01	4.394043e-01	6.761028e-03
4.415881e-01	1.906284e-01	-1.277115e-02
4.917705e-01	1.946145e-01	-2.088955e-03
4.603030e-01	4.109491e-03	1.462231e-01
4.855143e-01	-1.639454e-04	1.288297e-01
4.655152e-01	-4.660015e-03	1.549010e-01
4.827560e-01	-1.143431e-02	1.345654e-01
4.620340e-01	-5.439190e-02	2.128364e-02
4.876354e-01	-6.870338e-02	-4.595573e-03
4.614984e-01	7.970958e-01	-3.866933e-01
4.539463e-01	8.132238e-01	-3.689084e-01
4.492272e-01	8.132302e-01	-3.690601e-01
4.443931e-01	8.129997e-01	-3.691191e-01
4.663254e-01	8.125867e-01	-3.671419e-01
4.706791e-01	8.123859e-01	-3.673037e-01
4.746892e-01	8.121214e-01	-3.673929e-01
4.374136e-01	8.026946e-01	-2.483983e-01
4.793213e-01	8.025534e-01	-2.376306e-01
4.517990e-01	7.750031e-01	-3.386403e-01
4.675504e-01	7.749519e-01	-3.359334e-01
4.089211e-01	7.170261e-01	-1.853759e-01
5.071586e-01	7.199391e-01	-1.749415e-01
3.667375e-01	8.121466e-01	-2.502922e-01
5.565526e-01	8.281084e-01	-2.048016e-01
3.532720e-01	9.632902e-01	-3.553446e-01
5.783598e-01	9.621074e-01	-2.806541e-01
3.493925e-01	9.931536e-01	-4.010530e-01
5.853280e-01	9.865056e-01	-3.175639e-01
3.562165e-01	9.989226e-01	-4.137078e-01
5.810924e-01	9.982846e-01	-3.360595e-01
3.612446e-01	9.930723e-01	-3.689412e-01
5.761322e-01	9.885198e-01	-2.954194e-01
4.329651e-01	4.339048e-01	-6.489012e-03
4.930893e-01	4.393627e-01	6.657708e-03
4.411627e-01	1.929015e-01	2.310747e-03
4.914347e-01	1.963374e-01	8.606740e-03
4.603083e-01	6.159556e-03	1.739887e-01
4.855132e-01	3.377594e-04	1.437008e-01
4.655928e-01	-2.925965e-03	1.840870e-01
4.828230e-01	-1.083856e-02	1.499974e-01
4.620811e-01	-5.198843e-02	5.345904e-02
4.876301e-01	-6.493437e-02	1.185122e-02
4.603696e-01	7.971514e-01	-3.794987e-01
4.529206e-01	8.133258e-01	-3.599101e-01
4.478769e-01	8.133839e-01	-3.600673e-01
4.430043e-01	8.132083e-01	-3.601335e-01
4.657862e-01	8.126063e-01	-3.587990e-01
4.702114e-01	8.124000e-01	-3.589782e-01
4.743912e-01	8.121369e-01	-3.590779e-01
4.365684e-01	8.027876e-01	-2.368433e-01
4.793334e-01	8.025268e-01	-2.292404e-01
4.505292e-01	7.751662e-01	-3.309363e-01
4.669709e-01	7.750419e-01	-3.291769e-01
4.089126e-01	7.187944e-01	-1.804465e-01
5.065664e-01	7.225472e-01	-1.700938e-01
3.720678e-01	8.334845e-01	-2.435545e-01
5.498710e-01	8.323912e-01	-2.053439e-01
3.602299e-01	9.860816e-01	-3.326120e-01
5.701416e-01	9.723705e-01	-2.820889e-01
3.549470e-01	1.010437e+00	-3.766729e-01
5.755323e-01	9.936373e-01	-3.193111e-01
3.632105e-01	1.021609e+00	-3.866231e-01
5.708953e-01	1.003162e+00	-3.355537e-01
3.674093e-01	1.010473e+00	-3.451364e-01
5.667653e-01	9.935421e-01	-2.960003e-01
4.319538e-01	4.333018e-01	-6.091139e-03
4.929650e-01	4.391847e-01	6.250247e-03
4.410725e-01	1.926450e-01	5.484029e-03
4.914033e-01	1.967821e-01	1.238792e-02
4.603691e-01	6.396702e-03	1.890342e-01
4.855119e-01	3.446751e-04	1.594142e-01
4.658418e-01	-2.212703e-03	2.002720e-01
4.828261e-01	-1.075118e-02	1.672255e-01
4.632198e-01	-5.380919e-02	6.852969e-02
4.877504e-01	-6.480887e-02	2.899420e-02
4.603628e-01	7.971572e-01	-3.577498e-01
4.528515e-01	8.133541e-01	-3.543071e-01
4.477981e-01	8.134460e-01	-3.540966e-01
4.428222e-01	8.133485e-01	-3.538475e-01
4.657897e-01	8.126243e-01	-3.449483e-01
4.702326e-01	8.124157e-01	-3.456799e-01
4.744823e-01	8.121484e-01	-3.465516e-01
4.363160e-01	8.028653e-01	-2.247781e-01
4.794830e-01	8.025497e-01	-1.805181e-01
4.505309e-01	7.751589e-01	-3.049157e-01
4.669747e-01	7.750321e-01	-3.214768e-01
4.088172e-01	7.190291e-01	-1.231850e-01
5.064889e-01	7.245005e-01	-1.528055e-01
3.765120e-01	8.395990e-01	-1.959936e-01
5.444362e-01	8.422205e-01	-1.665291e-01
3.697873e-01	9.888838e-01	-2.890995e-01
5.615839e-01	9.830083e-01	-2.176624e-01
3.663014e-01	1.007869e+00	-3.384739e-01
5.673819e-01	1.006078e+00	-2.556460e-01
3.746467e-01	1.020160e+00	-3.371251e-01
5.622852e-01	1.021780e+00	-2.681031e-01
3.778191e-01	1.005931e+00	-2.978246e-01
5.580404e-01	1.004086e+00	-2.305259e-01
4.319348e-01	4.326544e-01	-6.218466e-03
4.930295e-01	4.382576e-01	6.354879e-03
4.408389e-01	1.931041e-01	1.651232e-03
4.913925e-01	1.969043e-01	1.191785e-02
4.604708e-01	6.530751e-03	1.749573e-01
4.852605e-01	-6.423887e-04	1.581956e-01
4.665033e-01	-1.793219e-03	1.850681e-01
4.827150e-01	-1.183154e-02	1.665844e-01
4.634704e-01	-5.202330e-02	5.473857e-02
4.863051e-01	-8.073755e-02	2.413912e-02
4.602219e-01	7.971839e-01	-3.192928e-01
4.527318e-01	8.133393e-01	-3.019946e-01
4.477050e-01	8.134417e-01	-3.020475e-01
4.426921e-01	8.133581e-01	-3.020295e-01
4.656874e-01	8.125943e-01	-2.966627e-01
4.701031e-01	8.123790e-01	-2.972656e-01
4.744066e-01	8.121398e-01	-2.979585e-01
4.362456e-01	8.028575e-01	-1.801056e-01
4.794881e-01	8.025250e-01	-1.517463e-01
4.504831e-01	7.751331e-01	-2.712540e-01
4.668873e-01	7.749303e-01	-2.794176e-01
4.088215e-01	7.196559e-01	-1.070298e-01
5.062975e-01	7.249188e-01	-1.307143e-01
3.781509e-01	8.446432e-01	-1.820771e-01
5.427423e-01	8.422922e-01	-1.578598e-01
3.721204e-01	9.945135e-01	-2.626086e-01
5.600418e-01	9.827569e-01	-2.099946e-01
3.684098e-01	1.013247e+00	-3.080641e-01
5.666090e-01	1.008127e+00	-2.468563e-01
3.767894e-01	1.025928e+00	-3.092769e-01
5.616005e-01	1.018299e+00	-2.592663e-01
3.796422e-01	1.009650e+00	-2.719418e-01
5.569599e-01	1.004326e+00	-2.227504e-01
4.319699e-01	4.315435e-01	-5.149930e-03
4.934676e-01	4.378185e-01	5.257850e-03
4.403565e-01	1.936990e-01	-8.191818e-03
4.913931e-01	1.972080e-01	-9.907458e-03
4.604569e-01	7.818361e-03	1.697400e-01
4.849835e-01	-5.741531e-04	1.326778e-01
4.666583e-01	9.408760e-04	1.803960e-01
4.826759e-01	-1.182693e-02	1.407862e-01
4.634576e-01	-5.072690e-02	5.519324e-02
4.845125e-01	-8.505596e-02	1.342711e-03
4.601741e-01	7.963010e-01	-3.017061e-01
4.527323e-01	8.125919e-01	-2.854306e-01
4.477127e-01	8.126955e-01	-2.855408e-01
4.427035e-01	8.126723e-01	-2.855758e-01
4.656440e-01	8.119109e-01	-2.791298e-01
4.700086e-01	8.117204e-01	-2.796583e-01
4.743372e-01	8.115393e-01	-2.803113e-01
4.363363e-01	8.022705e-01	-1.683727e-01
4.794893e-01	8.017994e-01	-1.469264e-01
4.504929e-01	7.739440e-01	-2.604719e-01
4.668436e-01	7.736017e-01	-2.613046e-01
4.095403e-01	7.204801e-01	-1.050633e-01
5.059344e-01	7.253376e-01	-1.086825e-01
3.809689e-01	8.486112e-01	-1.803437e-01
5.397676e-01	8.453776e-01	-1.515803e-01
3.761774e-01	9.908001e-01	-2.590759e-01
5.559534e-01	9.887507e-01	-2.071213e-01
3.732571e-01	1.013792e+00	-3.022887e-01
5.624818e-01	1.013309e+00	-2.422705e-01
3.813091e-01	1.018837e+00	-3.040774e-01
5.553585e-01	1.023752e+00	-2.535274e-01
3.837136e-01	1.008537e+00	-2.681399e-01
5.506366e-01	1.010296e+00	-2.191136e-01
4.320100e-01	4.301128e-01	-4.404887e-03
4.935996e-01	4.373474e-01	4.474717e-03
4.397131e-01	1.940152e-01	-1.530692e-02
4.913689e-01	1.975326e-01	-1.785838e-02
4.604650e-01	8.139941e-03	1.612580e-01
4.845270e-01	-5.045823e-04	1.149519e-01
4.671728e-01	1.820131e-03	1.734239e-01
4.825754e-01	-1.181903e-02	1.217893e-01
4.634535e-01	-5.052635e-02	4.954695e-02
4.826480e-01	-8.551208e-02	-1.317270e-02
4.603205e-01	7.949567e-01	-2.923618e-01
4.530501e-01	8.122717e-01	-2.733368e-01
4.480348e-01	8.124466e-01	-2.734594e-01
4.430989e-01	8.124725e-01	-2.734920e-01
4.659456e-01	8.114000e-01	-2.700976e-01
4.703593e-01	8.110555e-01	-2.704421e-01
4.747957e-01	8.106079e-01	-2.708031e-01
4.365234e-01	8.019273e-01	-1.581208e-01
4.798340e-01	7.994074e-01	-1.423546e-01
4.506003e-01	7.722377e-01	-2.482847e-01
4.668824e-01	7.708445e-01	-2.484988e-01
4.098136e-01	7.214037e-01	-1.176812e-01
5.051103e-01	7.249357e-01	-1.073087e-01
3.832597e-01	8.493576e-01	-1.935083e-01
5.363225e-01	8.470718e-01	-1.597062e-01
3.780511e-01	9.942888e-01	-2.604556e-01
5.482559e-01	9.974465e-01	-2.186601e-01
3.756058e-01	1.018283e+00	-3.041068e-01
5.542384e-01	1.026386e+00	-2.548844e-01
3.830264e-01	1.026978e+00	-3.076099e-01
5.477628e-01	1.039025e+00	-2.649267e-01
3.850536e-01	1.012119e+00	-2.708288e-01
5.420396e-01	1.020167e+00	-2.303688e-01
4.321004e-01	4.286840e-01	-4.151776e-03
4.936076e-01	4.372741e-01	4.191666e-03
4.395418e-01	1.940144e-01	-1.660988e-02
4.911765e-01	1.979980e-01	-1.729582e-02
4.607066e-01	8.420336e-03	1.565758e-01
4.838966e-01	-9.956557e-04	1.117635e-01
4.681457e-01	2.746758e-03	1.689108e-01
4.824888e-01	-1.236360e-02	1.182076e-01
4.635137e-01	-4.943695e-02	4.674054e-02
4.800614e-01	-8.801006e-02	-1.571346e-02
4.605869e-01	7.949505e-01	-2.541418e-01
4.537433e-01	8.122886e-01	-2.352564e-01
4.488834e-01	8.124795e-01	-2.353979e-01
4.441887e-01	8.125205e-01	-2.354378e-01
4.661129e-01	8.114041e-01	-2.317450e-01
4.704718e-01	8.110116e-01	-2.319302e-01
4.749014e-01	8.104226e-01	-2.321053e-01
4.371919e-01	8.019122e-01	-1.319283e-01
4.798687e-01	7.981043e-01	-1.123568e-01
4.509707e-01	7.722291e-01	-2.142166e-01
4.669756e-01	7.706809e-01	-2.099698e-01
4.107103e-01	7.212667e-01	-1.129432e-01
5.045424e-01	7.247513e-01	-9.446418e-02
3.888487e-01	8.384363e-01	-1.873021e-01
5.319589e-01	8.481839e-01	-1.592672e-01
3.817717e-01	9.823382e-01	-2.619102e-01
5.414318e-01	9.974375e-01	-2.041745e-01
3.780931e-01	1.005632e+00	-3.051189e-01
5.464165e-01	1.026459e+00	-2.383648e-01
3.837943e-01	1.011718e+00	-3.085975e-01
5.413966e-01	1.034714e+00	-2.463081e-01
3.863280e-01	1.000048e+00	-2.720684e-01
5.364715e-01	1.018866e+00	-2.147716e-01
4.332132e-01	4.275689e-01	-4.102905e-03
4.938503e-01	4.363036e-01	4.149709e-03
4.395479e-01	1.939818e-01	-2.531370e-02
4.911682e-01	1.980714e-01	-2.134090e-02
4.607109e-01	9.125263e-03	1.337856e-01
4.837641e-01	-8.024143e-04	9.897549e-02
4.683837e-01	3.752193e-03	1.441937e-01
4.824921e-01	-1.223951e-02	1.045695e-01
4.632809e-01	-4.966646e-02	2.718742e-02
4.788406e-01	-8.623180e-02	-2.627169e-02
4.607046e-01	7.949874e-01	-2.574967e-01
4.540416e-01	8.123574e-01	-2.378020e-01
4.493163e-01	8.125643e-01	-2.379427e-01
4.448195e-01	8.126205e-01	-2.379761e-01
4.661313e-01	8.114142e-01	-2.350388e-01
4.704713e-01	8.110192e-01	-2.352083e-01
4.748941e-01	8.103804e-01	-2.353381e-01
4.377069e-01	8.018196e-01	-1.315320e-01
4.797814e-01	7.973838e-01	-1.148024e-01
4.510874e-01	7.722307e-01	-2.163264e-01
4.669815e-01	7.706928e-01	-2.125525e-01
4.112551e-01	7.209402e-01	-1.091401e-01
5.042663e-01	7.246893e-01	-9.414656e-02
3.897091e-01	8.392628e-01	-1.850226e-01
5.294217e-01	8.520562e-01	-1.569399e-01
3.858786e-01	9.874711e-01	-2.530228e-01
5.370654e-01	9.966944e-01	-2.100763e-01
3.824131e-01	1.013243e+00	-2.948052e-01
5.419058e-01	1.024875e+00	-2.456090e-01
3.872728e-01	1.017753e+00	-2.967382e-01
5.363318e-01	1.032127e+00	-2.537394e-01
3.905215e-01	1.007020e+00	-2.618007e-01
5.315638e-01	1.016685e+00	-2.209025e-01
4.350630e-01	4.266362e-01	-4.002160e-03
4.947399e-01	4.353495e-01	4.037590e-03
4.397058e-01	1.942720e-01	-1.798660e-02
4.911714e-01	1.980667e-01	-1.667670e-02
4.607104e-01	1.022246e-02	1.414007e-01
4.837610e-01	1.007080e-04	1.026294e-01
4.683973e-01	5.303826e-03	1.522745e-01
4.824884e-01	-1.091187e-02	1.086904e-01
4.632570e-01	-4.613506e-02	3.884998e-02
4.791083e-01	-8.522703e-02	-1.573205e-02
4.606981e-01	7.943153e-01	-2.300425e-01
4.540968e-01	8.121389e-01	-2.095787e-01
4.494298e-01	8.122809e-01	-2.097141e-01
4.449874e-01	8.123026e-01	-2.097337e-01
4.661086e-01	8.111404e-01	-2.070397e-01
4.703762e-01	8.106390e-01	-2.071840e-01
4.747457e-01	8.097846e-01	-2.072580e-01
4.379984e-01	8.001714e-01	-1.058419e-01
4.795808e-01	7.958001e-01	-9.075657e-02
4.510917e-01	7.714589e-01	-1.909748e-01
4.668930e-01	7.700127e-01	-1.870511e-01
4.115853e-01	7.180312e-01	-9.300526e-02
5.038121e-01	7.217873e-01	-7.688381e-02
3.908669e-01	8.352404e-01	-1.744274e-01
5.243535e-01	8.479373e-01	-1.440803e-01
3.915703e-01	9.795231e-01	-2.359607e-01
5.298907e-01	9.854803e-01	-1.979138e-01
3.886453e-01	1.004372e+00	-2.782201e-01
5.344518e-01	1.011712e+00	-2.354819e-01
3.948349e-01	1.009938e+00	-2.804429e-01
5.284420e-01	1.018734e+00	-2.421283e-01
3.981897e-01	9.990197e-01	-2.443800e-01
5.239722e-01	1.003758e+00	-2.083823e-01
4.356063e-01	4.264615e-01	-3.965092e-03
4.952331e-01	4.350545e-01	4.004056e-03
4.394990e-01	1.945483e-01	-1.831538e-02
4.911188e-01	1.983159e-01	-1.665194e-02
4.603577e-01	1.109925e-02	1.433610e-01
4.837360e-01	1.868477e-03	1.070958e-01
4.681178e-01	6.001880e-03	1.539570e-01
4.823691e-01	-8.988879e-03	1.132608e-01
4.630151e-01	-4.461313e-02	3.873415e-02
4.792779e-01	-7.916154e-02	-1.499340e-02
4.606882e-01	7.938913e-01	-2.233582e-01
4.541330e-01	8.119900e-01	-2.029217e-01
4.495040e-01	8.120844e-01	-2.030549e-01
4.450933e-01	8.120780e-01	-2.030752e-01
4.660886e-01	8.109694e-01	-2.004976e-01
4.703050e-01	8.104041e-01	-2.006400e-01
4.746413e-01	8.094177e-01	-2.007079e-01
4.382006e-01	7.992142e-01	-9.933685e-02
4.794354e-01	7.948761e-01	-8.512463e-02
4.510976e-01	7.709959e-01	-1.844478e-01
4.668283e-01	7.695853e-01	-1.806679e-01
4.118257e-01	7.164445e-01	-8.646303e-02
5.035010e-01	7.204447e-01	-7.058330e-02
3.912031e-01	8.330632e-01	-1.703359e-01
5.229856e-01	8.462105e-01	-1.374875e-01
3.928257e-01	9.756998e-01	-2.332663e-01
5.288686e-01	9.812632e-01	-1.944096e-01
3.900495e-01	1.000144e+00	-2.755578e-01
5.329584e-01	1.006946e+00	-2.321628e-01
3.966104e-01	1.005959e+00	-2.781398e-01
5.267936e-01	1.013628e+00	-2.389112e-01
4.000395e-01	9.950025e-01	-2.417820e-01
5.223362e-01	9.988468e-01	-2.049440e-01
4.358216e-01	4.263687e-01	-3.946172e-03
4.955747e-01	4.348522e-01	3.988614e-03
4.392634e-01	1.948306e-01	-1.828607e-02
4.910183e-01	1.986353e-01	-1.679372e-02
4.600599e-01	1.158420e-02	1.426731e-01
4.836535e-01	2.326461e-03	1.068465e-01
4.678104e-01	6.195980e-03	1.528813e-01
4.821188e-01	-8.655462e-03	1.127358e-01
4.620689e-01	-4.386794e-02	3.671313e-02
4.794016e-01	-7.680162e-02	-1.686255e-02
4.606972e-01	7.915719e-01	-1.576985e-01
4.542404e-01	8.111438e-01	-1.368524e-01
4.496180e-01	8.111743e-01	-1.369688e-01
4.451760e-01	8.111325e-01	-1.369670e-01
4.661053e-01	8.099397e-01	-1.352991e-01
4.703073e-01	8.091815e-01	-1.354256e-01
4.746401e-01	8.079085e-01	-1.354941e-01
4.382010e-01	7.978581e-01	-3.745263e-02
4.793607e-01	7.927250e-01	-2.656960e-02
4.511147e-01	7.688180e-01	-1.207900e-01
4.667826e-01	7.673774e-01	-1.178143e-01
4.121077e-01	7.140680e-01	-3.681735e-02
5.026653e-01	7.144294e-01	-2.989855e-02
3.899499e-01	8.316749e-01	-1.578906e-01
5.177567e-01	8.434840e-01	-1.144645e-01
3.914360e-01	9.744443e-01	-2.389189e-01
5.233079e-01	9.753862e-01	-1.722929e-01
3.899484e-01	9.978190e-01	-2.765954e-01
5.277580e-01	1.005434e+00	-2.095926e-01
3.963796e-01	1.003968e+00	-2.854188e-01
5.220812e-01	1.010498e+00	-2.152410e-01
3.999546e-01	9.934313e-01	-2.484848e-01
5.176585e-01	9.948506e-01	-1.822885e-01
4.357562e-01	4.256134e-01	-3.846525e-03
4.955415e-01	4.344436e-01	3.892682e-03
4.389916e-01	1.948279e-01	-3.617062e-02
4.909815e-01	1.987110e-01	-3.241317e-02
4.597993e-01	1.227432e-02	1.276184e-01
4.834068e-01	2.590784e-03	8.889611e-02
4.674826e-01	6.577828e-03	1.384169e-01
4.817332e-01	-8.514388e-03	9.455593e-02
4.607882e-01	-4.186989e-02	2.557814e-02
4.793247e-01	-7.647701e-02	-3.560355e-02
4.606075e-01	7.895837e-01	-1.169007e-01
4.542354e-01	8.102608e-01	-9.616219e-02
4.496147e-01	8.102317e-01	-9.625797e-02
4.451491e-01	8.101425e-01	-9.624775e-02
4.660869e-01	8.089536e-01	-9.467749e-02
4.702837e-01	8.080376e-01	-9.480090e-02
4.746272e-01	8.065302e-01	-9.486555e-02
4.381630e-01	7.970325e-01	4.474464e-03
4.793139e-01	7.908512e-01	1.469924e-02
4.511148e-01	7.668506e-01	-7.970513e-02
4.666346e-01	7.652457e-01	-7.664921e-02
4.130275e-01	7.121792e-01	-1.330015e-02
5.018647e-01	7.061009e-01	1.987531e-03
3.944905e-01	8.312806e-01	-2.040752e-01
5.152978e-01	8.224544e-01	-1.561112e-01
3.973412e-01	9.664797e-01	-3.539740e-01
5.203618e-01	9.432936e-01	-2.988987e-01
3.968609e-01	9.926709e-01	-4.046390e-01
5.236414e-01	9.824296e-01	-3.418386e-01
4.025673e-01	9.987079e-01	-3.967848e-01
5.181437e-01	9.846340e-01	-3.421781e-01
4.066513e-01	9.867653e-01	-3.604724e-01
5.142583e-01	9.708659e-01	-3.082123e-01
4.353167e-01	4.246099e-01	-3.969614e-03
4.952731e-01	4.318433e-01	4.014986e-03
4.384139e-01	1.948198e-01	-5.198934e-02
4.904087e-01	1.987078e-01	-4.017920e-02
4.594111e-01	1.334067e-02	1.094636e-01
4.830452e-01	2.932623e-03	7.357402e-02
4.670021e-01	7.163129e-03	1.195590e-01
4.814595e-01	-8.427215e-03	7.849579e-02
4.599800e-01	-3.902484e-02	1.870584e-03
4.793927e-01	-7.638522e-02	-5.446961e-02
4.603476e-01	7.894105e-01	-1.203646e-01
4.542067e-01	8.097600e-01	-9.949229e-02
4.495730e-01	8.096908e-01	-9.957418e-02
4.450651e-01	8.095693e-01	-9.954716e-02
4.660686e-01	8.086120e-01	-9.949918e-02
4.702733e-01	8.077139e-01	-9.962516e-02
4.746255e-01	8.061907e-01	-9.967985e-02
4.381581e-01	7.966160e-01	5.825360e-03
4.796449e-01	7.899115e-01	8.292444e-03
4.509892e-01	7.663331e-01	-8.130122e-02
4.664810e-01	7.647979e-01	-8.033262e-02
4.148065e-01	7.107182e-01	-1.203017e-02
5.016121e-01	7.014154e-01	-9.795793e-03
3.981102e-01	8.229286e-01	-2.440053e-01
5.120059e-01	8.097945e-01	-2.172635e-01
3.965118e-01	9.360094e-01	-4.337896e-01
5.207086e-01	9.077334e-01	-3.930926e-01
3.946246e-01	9.658199e-01	-4.878391e-01
5.229283e-01	9.431817e-01	-4.368598e-01
4.000769e-01	9.677985e-01	-4.793590e-01
5.190045e-01	9.435409e-01	-4.396240e-01
4.041975e-01	9.565936e-01	-4.407762e-01
5.155469e-01	9.316388e-01	-4.034251e-01
4.352067e-01	4.219208e-01	-2.839677e-03
4.952262e-01	4.272451e-01	2.860640e-03
4.382201e-01	1.936069e-01	-5.757582e-02
4.902564e-01	1.972680e-01	-4.911624e-02
4.594098e-01	1.315451e-02	9.651653e-02
4.828852e-01	2.713478e-03	5.654765e-02
4.669597e-01	6.863693e-03	1.055134e-01
4.814072e-01	-8.535331e-03	6.079668e-02
4.599353e-01	-3.969501e-02	-1.444785e-02
4.785706e-01	-7.828660e-02	-7.583901e-02
4.592963e-01	7.905288e-01	-1.151976e-01
4.533566e-01	8.097481e-01	-9.269840e-02
4.486725e-01	8.096988e-01	-9.277339e-02
4.439064e-01	8.095937e-01	-9.276548e-02
4.658940e-01	8.085088e-01	-9.683731e-02
4.702445e-01	8.076019e-01	-9.697822e-02
4.746282e-01	8.061529e-01	-9.705491e-02
4.377055e-01	7.970316e-01	2.501084e-02
4.797474e-01	7.900603e-01	6.993163e-03
4.495524e-01	7.678116e-01	-7.129562e-02
4.660910e-01	7.654389e-01	-7.611477e-02
4.157665e-01	7.114346e-01	1.909830e-02
5.007059e-01	6.983561e-01	-1.701544e-02
3.999922e-01	8.238913e-01	-2.236747e-01
5.106349e-01	7.543423e-01	-2.977875e-01
3.986261e-01	9.313293e-01	-4.139422e-01
5.225760e-01	8.169801e-01	-5.499659e-01
3.974661e-01	9.568116e-01	-4.656578e-01
5.244347e-01	8.382362e-01	-6.029558e-01
4.019485e-01	9.569255e-01	-4.584504e-01
5.216155e-01	8.425564e-01	-6.021015e-01
4.048549e-01	9.476874e-01	-4.223024e-01
5.187593e-01	8.347467e-01	-5.605608e-01
4.348802e-01	4.224246e-01	6.360722e-03
4.950000e-01	4.272856e-01	-6.415176e-03
4.376856e-01	1.922525e-01	-5.636524e-02
4.898043e-01	1.957988e-01	-6.757425e-02
4.594929e-01	1.062623e-02	8.651359e-02
4.828807e-01	6.519043e-04	3.640843e-02
4.669830e-01	2.856485e-03	9.311809e-02
4.814301e-01	-9.927237e-03	4.023433e-02
4.599476e-01	-4.285726e-02	-3.850354e-02
4.793472e-01	-7.511015e-02	-1.074013e-01
4.591150e-01	7.906543e-01	-1.314439e-01
4.527379e-01	8.096439e-01	-1.087617e-01
4.481053e-01	8.096631e-01	-1.088609e-01
4.431835e-01	8.095933e-01	-1.088782e-01
4.658638e-01	8.083490e-01	-1.100425e-01
4.703386e-01	8.074576e-01	-1.101498e-01
4.748910e-01	8.060811e-01	-1.101936e-01
4.374331e-01	7.978832e-01	8.952520e-03
4.804842e-01	7.904920e-01	4.026665e-03
4.493902e-01	7.680797e-01	-8.816557e-02
4.661517e-01	7.657982e-01	-8.918875e-02
4.161937e-01	7.115229e-01	-1.054080e-02
5.007197e-01	6.993632e-01	-9.550894e-03
4.037167e-01	8.202057e-01	-3.228245e-01
5.108448e-01	7.233065e-01	-3.018656e-01
3.983447e-01	9.065750e-01	-5.725434e-01
5.222083e-01	7.853661e-01	-5.812401e-01
3.991500e-01	9.270453e-01	-6.390887e-01
5.227033e-01	7.992237e-01	-6.417413e-01
4.026844e-01	9.282739e-01	-6.306936e-01
5.218200e-01	7.997330e-01	-6.410775e-01
4.040180e-01	9.251904e-01	-5.819830e-01
5.198995e-01	7.955180e-01	-5.936791e-01
4.331920e-01	4.226485e-01	4.554092e-03
4.935891e-01	4.273251e-01	-4.642331e-03
4.374132e-01	1.882324e-01	-7.200349e-02
4.895138e-01	1.937399e-01	-5.666203e-02
4.598076e-01	7.249547e-03	9.221207e-02
4.828998e-01	-1.381845e-03	5.806345e-02
4.669893e-01	-1.338586e-04	1.003329e-01
4.814260e-01	-1.148713e-02	6.288378e-02
4.611472e-01	-5.246015e-02	-3.636710e-02
4.820826e-01	-7.363252e-02	-8.021049e-02
4.590557e-01	7.906939e-01	-1.278598e-01
4.526283e-01	8.093940e-01	-1.059904e-01
4.480440e-01	8.095455e-01	-1.060990e-01
4.431030e-01	8.095564e-01	-1.061275e-01
4.658635e-01	8.078846e-01	-1.066859e-01
4.704407e-01	8.069649e-01	-1.067768e-01
4.750941e-01	8.056486e-01	-1.068015e-01
4.374287e-01	7.985481e-01	1.242865e-02
4.810434e-01	7.905960e-01	1.032367e-02
4.493533e-01	7.682250e-01	-8.405146e-02
4.661887e-01	7.658246e-01	-8.424611e-02
4.166716e-01	7.106822e-01	-1.330044e-02
5.007362e-01	6.985788e-01	-2.101310e-03
4.083144e-01	7.640933e-01	-3.336899e-01
5.099524e-01	7.133937e-01	-3.018647e-01
4.045885e-01	8.282838e-01	-6.137401e-01
5.202093e-01	7.784370e-01	-5.896320e-01
4.042906e-01	8.576834e-01	-6.827244e-01
5.208501e-01	7.930749e-01	-6.509155e-01
4.065641e-01	8.584791e-01	-6.758257e-01
5.211645e-01	7.928737e-01	-6.482946e-01
4.092183e-01	8.413498e-01	-6.233108e-01
5.181509e-01	7.882648e-01	-6.012672e-01
4.317200e-01	4.224572e-01	3.609349e-03
4.922592e-01	4.269827e-01	-3.708736e-03
4.367257e-01	1.862299e-01	-6.995018e-02
4.893614e-01	1.925874e-01	-5.387667e-02
4.597228e-01	7.309567e-03	1.004317e-01
4.828998e-01	-2.850024e-03	6.365684e-02
4.667842e-01	-3.100309e-05	1.093568e-01
4.814617e-01	-1.260354e-02	6.868048e-02
4.609258e-01	-5.263032e-02	-2.147092e-02
4.811685e-01	-8.672145e-02	-7.628602e-02
4.595098e-01	7.905958e-01	-9.052609e-02
4.527125e-01	8.093396e-01	-6.616820e-02
4.481262e-01	8.095249e-01	-6.626461e-02
4.431354e-01	8.095472e-01	-6.628368e-02
4.660600e-01	8.077676e-01	-6.774362e-02
4.707344e-01	8.068107e-01	-6.782518e-02
4.753285e-01	8.054342e-01	-6.785531e-02
4.374278e-01	7.986853e-01	5.826467e-02
4.809749e-01	7.908307e-01	5.264965e-02
4.496920e-01	7.682427e-01	-4.525856e-02
4.665153e-01	7.659159e-01	-4.668445e-02
4.157482e-01	7.060817e-01	4.303804e-02
5.018300e-01	6.969525e-01	4.984983e-02
4.118276e-01	7.009191e-01	-2.396904e-01
5.113156e-01	6.330345e-01	-1.583891e-01
4.130661e-01	7.352976e-01	-5.074559e-01
5.093116e-01	6.097791e-01	-3.910422e-01
4.137739e-01	7.668073e-01	-5.746358e-01
5.021732e-01	6.063449e-01	-4.484850e-01
4.162546e-01	7.710940e-01	-5.734543e-01
5.011820e-01	6.098006e-01	-4.541697e-01
4.189759e-01	7.507027e-01	-5.180672e-01
5.012836e-01	6.100789e-01	-4.016109e-01
4.312392e-01	4.212687e-01	-2.312253e-03
4.917355e-01	4.260612e-01	2.378233e-03
4.367326e-01	1.864012e-01	-8.292143e-02
4.892372e-01	1.919284e-01	-5.095652e-02
4.594689e-01	7.350355e-03	1.033482e-01
4.827547e-01	-4.072336e-03	6.720415e-02
4.657210e-01	2.770567e-05	1.132549e-01
4.810888e-01	-1.344517e-02	7.217785e-02
4.614721e-01	-5.219571e-02	-1.739879e-02
4.821735e-01	-8.778226e-02	-7.099542e-02
4.595409e-01	7.902204e-01	-1.731711e-01
4.527199e-01	8.088521e-01	-1.492227e-01
4.481464e-01	8.089427e-01	-1.493400e-01
4.431438e-01	8.089288e-01	-1.493767e-01
4.660500e-01	8.075314e-01	-1.553809e-01
4.706889e-01	8.066611e-01	-1.554175e-01
4.752648e-01	8.053830e-01	-1.554679e-01
4.374785e-01	7.986647e-01	-4.242055e-04
4.805817e-01	7.911445e-01	-3.217200e-02
4.498495e-01	7.682725e-01	-1.182677e-01
4.665162e-01	7.659872e-01	-1.258059e-01
4.123615e-01	7.040871e-01	2.723546e-02
5.058419e-01	6.947685e-01	2.180185e-02
4.089819e-01	6.505476e-01	-6.669044e-02
5.141848e-01	5.976113e-01	7.001564e-02
4.186216e-01	6.260986e-01	-2.655021e-01
5.058311e-01	5.298391e-01	8.359023e-02
4.195708e-01	6.310287e-01	-3.122949e-01
4.967809e-01	4.917900e-01	7.019054e-02
4.218945e-01	6.309799e-01	-3.269534e-01
4.953622e-01	4.924570e-01	4.470420e-02
4.235682e-01	6.279524e-01	-2.784811e-01
4.958538e-01	5.109041e-01	7.331311e-02
4.297896e-01	4.173769e-01	-4.257171e-03
4.913178e-01	4.200556e-01	4.447234e-03
4.366069e-01	1.863462e-01	-8.304042e-02
4.891007e-01	1.915169e-01	-5.157589e-02
4.591690e-01	8.066503e-03	1.257973e-01
4.831038e-01	-1.027377e-03	1.176487e-01
4.650756e-01	1.108133e-03	1.406554e-01
4.812005e-01	-9.912584e-03	1.288362e-01
4.615369e-01	-5.215341e-02	6.528249e-03
4.831436e-01	-7.012727e-02	-1.337955e-02
4.594816e-01	7.901925e-01	-2.063226e-01
4.527250e-01	8.088548e-01	-1.824941e-01
4.481532e-01	8.089529e-01	-1.826097e-01
4.431491e-01	8.089318e-01	-1.826562e-01
4.659471e-01	8.075291e-01	-1.859813e-01
4.705008e-01	8.066500e-01	-1.860188e-01
4.750085e-01	8.053436e-01	-1.860761e-01
4.375519e-01	7.985551e-01	-3.891660e-02
4.802434e-01	7.912030e-01	-5.542362e-02
4.498609e-01	7.682887e-01	-1.521901e-01
4.664373e-01	7.660125e-01	-1.562575e-01
4.120786e-01	7.009521e-01	2.030865e-02
5.069527e-01	6.952261e-01	2.339461e-02
4.073694e-01	6.017050e-01	6.510782e-03
5.152438e-01	5.898277e-01	8.958796e-02
4.398007e-01	5.528092e-01	-1.258747e-01
5.076609e-01	5.336521e-01	5.029966e-02
4.442011e-01	5.159816e-01	-1.655141e-01
5.031323e-01	5.129951e-01	2.817568e-02
4.529871e-01	5.313029e-01	-1.827623e-01
4.984868e-01	5.212243e-01	-7.387358e-04
4.461793e-01	5.371339e-01	-1.366025e-01
4.972645e-01	5.411679e-01	3.793900e-02
4.311661e-01	4.172916e-01	-5.382303e-03
4.919276e-01	4.192797e-01	5.561370e-03
4.378284e-01	1.860998e-01	-7.779146e-02
4.892282e-01	1.915615e-01	-5.403034e-02
4.593837e-01	7.839310e-03	1.279091e-01
4.833197e-01	2.632111e-03	1.256997e-01
4.650482e-01	1.010933e-03	1.420049e-01
4.812030e-01	-6.484831e-03	1.381661e-01
4.628834e-01	-5.325320e-02	1.088360e-02
4.839054e-01	-5.722185e-02	6.034746e-03
4.594928e-01	7.904893e-01	-2.949865e-01
4.527732e-01	8.088728e-01	-2.753113e-01
4.483288e-01	8.089899e-01	-2.753884e-01
4.433354e-01	8.090234e-01	-2.754189e-01
4.659365e-01	8.075441e-01	-2.744598e-01
4.704317e-01	8.067163e-01	-2.745162e-01
4.748665e-01	8.056173e-01	-2.745971e-01
4.378114e-01	7.994434e-01	-1.420953e-01
4.798237e-01	7.928842e-01	-1.384790e-01
4.499803e-01	7.688169e-01	-2.439411e-01
4.663828e-01	7.665525e-01	-2.426178e-01
4.101419e-01	6.936775e-01	-5.355867e-02
5.078830e-01	6.942018e-01	-2.685457e-02
4.065376e-01	5.562844e-01	6.834652e-03
5.164877e-01	5.652216e-01	4.833119e-02
4.378137e-01	4.515898e-01	-5.090757e-02
5.102200e-01	4.596832e-01	-1.947501e-02
4.455273e-01	4.149854e-01	-7.830413e-02
5.058449e-01	4.236071e-01	-4.378968e-02
4.508680e-01	4.220906e-01	-1.051629e-01
5.011709e-01	4.301963e-01	-7.435666e-02
4.493639e-01	4.362084e-01	-6.290929e-02
5.003959e-01	4.454989e-01	-3.273041e-02
4.324058e-01	4.173201e-01	-5.769691e-03
4.929157e-01	4.196498e-01	5.896620e-03
4.388761e-01	1.852667e-01	-7.384522e-02
4.900188e-01	1.912533e-01	-5.147707e-02
4.603520e-01	3.783311e-03	1.221658e-01
4.839117e-01	2.543367e-03	1.208521e-01
4.659365e-01	-5.528031e-03	1.337425e-01
4.815463e-01	-7.739584e-03	1.307961e-01
4.667324e-01	-7.740799e-02	-6.909733e-03
4.892616e-01	-6.334022e-02	-7.294769e-03
4.596438e-01	7.921058e-01	-3.149026e-01
4.528583e-01	8.099522e-01	-2.946984e-01
4.485473e-01	8.101377e-01	-2.947817e-01
4.435460e-01	8.101563e-01	-2.948070e-01
4.659352e-01	8.082851e-01	-2.955415e-01
4.704372e-01	8.073694e-01	-2.956111e-01
4.748493e-01	8.063084e-01	-2.956819e-01
4.379535e-01	8.001629e-01	-1.609668e-01
4.797591e-01	7.947780e-01	-1.643435e-01
4.503016e-01	7.703085e-01	-2.635539e-01
4.663983e-01	7.679519e-01	-2.643591e-01
4.095419e-01	6.876977e-01	-6.457003e-02
5.085684e-01	6.893495e-01	-6.399356e-02
4.056600e-01	5.543850e-01	6.724191e-03
5.171608e-01	5.498561e-01	7.883738e-03
4.292820e-01	4.344020e-01	-5.697029e-02
5.109934e-01	4.369590e-01	-6.471663e-02
4.347466e-01	3.948759e-01	-8.173621e-02
5.074199e-01	4.011008e-01	-8.879215e-02
4.400093e-01	4.034901e-01	-1.102225e-01
5.038137e-01	4.069444e-01	-1.208378e-01
4.394473e-01	4.135319e-01	-6.998420e-02
5.025933e-01	4.177521e-01	-7.860626e-02
4.325507e-01	4.148585e-01	-3.888414e-03
4.929090e-01	4.186567e-01	3.962152e-03
4.390916e-01	1.853946e-01	-6.432450e-02
4.893421e-01	1.912829e-01	-5.074466e-02
4.605656e-01	3.909571e-03	1.267662e-01
4.841831e-01	2.588018e-03	1.140385e-01
4.662545e-01	-5.145611e-03	1.377188e-01
4.820337e-01	-7.802529e-03	1.229907e-01
4.652803e-01	-7.387528e-02	3.872106e-04
4.886876e-01	-5.466023e-02	-1.643129e-02
4.596361e-01	7.932163e-01	-3.143156e-01
4.529188e-01	8.114722e-01	-2.940846e-01
4.486171e-01	8.117449e-01	-2.941676e-01
4.436644e-01	8.117580e-01	-2.941877e-01
4.658740e-01	8.098102e-01	-2.948411e-01
4.702486e-01	8.089446e-01	-2.949145e-01
4.744874e-01	8.077973e-01	-2.949933e-01
4.379860e-01	8.011920e-01	-1.618138e-01
4.795138e-01	7.959285e-01	-1.646223e-01
4.503046e-01	7.720423e-01	-2.636532e-01
4.662063e-01	7.700251e-01	-2.643075e-01
4.085331e-01	6.850178e-01	-6.853243e-02
5.090029e-01	6.865714e-01	-6.832313e-02
4.039888e-01	5.507953e-01	-4.175734e-04
5.179749e-01	5.461551e-01	2.251787e-03
4.259013e-01	4.347871e-01	-6.804217e-02
5.135334e-01	4.362410e-01	-7.159884e-02
4.298238e-01	3.958673e-01	-9.294911e-02
5.126336e-01	4.021451e-01	-9.573086e-02
4.350222e-01	4.056020e-01	-1.212348e-01
5.039793e-01	4.062305e-01	-1.286067e-01
4.351690e-01	4.143201e-01	-8.115134e-02
5.029622e-01	4.163968e-01	-8.588948e-02
4.328452e-01	4.121239e-01	-3.664977e-03
4.932595e-01	4.177551e-01	3.721908e-03
4.398134e-01	1.854590e-01	-5.734699e-02
4.893073e-01	1.932092e-01	-4.727510e-02
4.605811e-01	3.974473e-03	1.301484e-01
4.846140e-01	5.465697e-03	1.223184e-01
4.662817e-01	-4.858632e-03	1.406273e-01
4.824615e-01	-6.132885e-03	1.317832e-01
4.645771e-01	-6.630258e-02	3.106699e-03
4.882655e-01	-4.677494e-02	-7.814066e-03
4.600362e-01	7.948584e-01	-1.866807e-01
4.533452e-01	8.133591e-01	-1.657130e-01
4.491370e-01	8.135149e-01	-1.657794e-01
4.443156e-01	8.133965e-01	-1.657784e-01
4.661065e-01	8.117082e-01	-1.671111e-01
4.704514e-01	8.108699e-01	-1.671576e-01
4.745355e-01	8.097510e-01	-1.670635e-01
4.384893e-01	8.023100e-01	-5.617607e-02
4.795224e-01	7.977976e-01	-6.282127e-02
4.505385e-01	7.739726e-01	-1.467928e-01
4.663173e-01	7.722074e-01	-1.485904e-01
4.086746e-01	6.857313e-01	-2.578679e-03
5.090297e-01	6.844291e-01	-3.059970e-03
4.010658e-01	5.656680e-01	2.705317e-02
5.180643e-01	5.495859e-01	3.264927e-02
3.978532e-01	4.528829e-01	-7.434369e-02
5.223763e-01	4.432538e-01	-6.970051e-02
3.910804e-01	4.087473e-01	-1.098422e-01
5.260704e-01	4.058861e-01	-1.051037e-01
3.984679e-01	4.107816e-01	-1.445729e-01
5.182265e-01	4.066610e-01	-1.387942e-01
4.054231e-01	4.248271e-01	-9.072941e-02
5.152510e-01	4.208795e-01	-8.649987e-02
4.330758e-01	4.106008e-01	-1.832805e-03
4.933301e-01	4.169756e-01	1.980542e-03
4.405500e-01	1.852364e-01	-5.220856e-02
4.892765e-01	1.947064e-01	-5.449342e-02
4.614825e-01	5.377219e-03	1.171106e-01
4.868494e-01	7.948765e-03	9.862209e-02
4.672726e-01	-3.957229e-03	1.253830e-01
4.844370e-01	-4.041282e-03	1.062564e-01
4.639785e-01	-6.021905e-02	-2.002504e-03
4.910883e-01	-4.361100e-02	-2.021427e-02
4.604289e-01	7.956545e-01	-2.499886e-01
4.536439e-01	8.145354e-01	-2.304448e-01
4.494290e-01	8.144485e-01	-2.305005e-01
4.446421e-01	8.141544e-01	-2.304897e-01
4.664261e-01	8.131964e-01	-2.321116e-01
4.707701e-01	8.122509e-01	-2.321621e-01
4.746848e-01	8.111392e-01	-2.321108e-01
4.388685e-01	8.027318e-01	-1.172011e-01
4.796458e-01	7.994189e-01	-1.244967e-01
4.507845e-01	7.746009e-01	-2.079492e-01
4.666867e-01	7.735242e-01	-2.100329e-01
4.087755e-01	6.816837e-01	-4.455609e-02
5.099646e-01	6.822416e-01	-5.503873e-02
4.007550e-01	5.483142e-01	-5.144773e-03
5.180433e-01	5.451683e-01	-6.764212e-03
3.954522e-01	4.268588e-01	-9.306830e-02
5.281525e-01	4.288356e-01	-1.064039e-01
3.896374e-01	3.770932e-01	-1.225086e-01
5.324675e-01	3.891572e-01	-1.390558e-01
3.952451e-01	3.779316e-01	-1.583171e-01
5.265561e-01	3.884014e-01	-1.703703e-01
4.017548e-01	3.933842e-01	-1.096206e-01
5.229583e-01	4.032221e-01	-1.224554e-01
4.331675e-01	4.104797e-01	-1.039146e-03
4.933125e-01	4.167912e-01	1.177122e-03
4.412331e-01	1.850227e-01	-4.693893e-02
4.895188e-01	1.949278e-01	-5.325573e-02
4.617728e-01	5.469083e-03	1.124290e-01
4.873287e-01	1.226680e-02	1.082308e-01
4.674602e-01	-3.768906e-03	1.196124e-01
4.844867e-01	8.063621e-04	1.167732e-01
4.638060e-01	-6.767903e-02	-8.526241e-03
4.920677e-01	-4.174400e-02	-8.563353e-03
4.609730e-01	7.983479e-01	-2.704487e-01
4.540997e-01	8.163370e-01	-2.518580e-01
4.497346e-01	8.161805e-01	-2.518982e-01
4.450471e-01	8.157459e-01	-2.518608e-01
4.668453e-01	8.154142e-01	-2.536823e-01
4.711353e-01	8.145412e-01	-2.537562e-01
4.750009e-01	8.136746e-01	-2.536995e-01
4.391989e-01	8.040744e-01	-1.417472e-01
4.797688e-01	8.016595e-01	-1.501838e-01
4.511099e-01	7.766184e-01	-2.293473e-01
4.672585e-01	7.763703e-01	-2.316832e-01
4.088615e-01	6.794863e-01	-7.376263e-02
5.115432e-01	6.820168e-01	-8.595752e-02
4.007851e-01	5.311135e-01	-3.066501e-02
5.180700e-01	5.363657e-01	-4.385491e-02
3.951741e-01	4.065792e-01	-1.290248e-01
5.314628e-01	4.055654e-01	-1.363024e-01
3.877763e-01	3.587837e-01	-1.615950e-01
5.370035e-01	3.619934e-01	-1.704331e-01
3.955643e-01	3.573862e-01	-1.961943e-01
5.331847e-01	3.577646e-01	-2.123327e-01
4.017191e-01	3.733984e-01	-1.454034e-01
5.281118e-01	3.753609e-01	-1.559353e-01
4.328774e-01	4.093536e-01	2.405969e-03
4.932603e-01	4.152614e-01	-2.293115e-03
4.418952e-01	1.820132e-01	-2.834863e-02
4.905039e-01	1.949187e-01	-3.531452e-02
4.617580e-01	4.729750e-03	1.176480e-01
4.879927e-01	1.390524e-02	1.111117e-01
4.674467e-01	-4.581932e-03	1.226858e-01
4.848875e-01	2.846000e-03	1.185359e-01
4.612691e-01	-6.855151e-02	-4.248451e-03
4.928613e-01	-3.826123e-02	-1.109854e-02
4.611610e-01	8.008810e-01	-2.666459e-01
4.542445e-01	8.175894e-01	-2.479121e-01
4.498838e-01	8.175212e-01	-2.479420e-01
4.451997e-01	8.170749e-01	-2.479031e-01
4.669993e-01	8.165312e-01	-2.482023e-01
4.713236e-01	8.158361e-01	-2.482931e-01
4.751405e-01	8.150569e-01	-2.482714e-01
4.393407e-01	8.056346e-01	-1.403730e-01
4.797772e-01	8.032472e-01	-1.412709e-01
4.512213e-01	7.785513e-01	-2.266851e-01
4.673479e-01	7.782153e-01	-2.269508e-01
4.088413e-01	6.765475e-01	-8.234680e-02
5.113696e-01	6.824207e-01	-7.810708e-02
4.007857e-01	5.258127e-01	-3.396001e-02
5.180912e-01	5.370375e-01	-4.341124e-02
3.946259e-01	3.944600e-01	-1.444453e-01
5.310948e-01	4.040669e-01	-1.367818e-01
3.876667e-01	3.508372e-01	-1.777712e-01
5.374078e-01	3.551175e-01	-1.706486e-01
3.943129e-01	3.487335e-01	-2.106582e-01
5.339801e-01	3.491779e-01	-2.103073e-01
4.001951e-01	3.643143e-01	-1.604909e-01
5.279505e-01	3.711728e-01	-1.559420e-01
4.330376e-01	4.061036e-01	2.086583e-03
4.932076e-01	4.129951e-01	-1.970835e-03
4.425600e-01	1.783284e-01	-3.650797e-02
4.918755e-01	1.947532e-01	-3.497095e-02
4.615811e-01	9.325436e-03	1.408132e-01
4.879612e-01	1.440794e-02	1.177481e-01
4.673318e-01	5.564953e-04	1.512305e-01
4.848410e-01	3.657500e-03	1.258103e-01
4.615092e-01	-5.486531e-02	2.993104e-02
4.926822e-01	-3.721492e-02	-4.600863e-03
4.613486e-01	8.010635e-01	-2.693347e-01
4.543169e-01	8.175786e-01	-2.506788e-01
4.499705e-01	8.174978e-01	-2.506974e-01
4.452870e-01	8.170427e-01	-2.506496e-01
4.672325e-01	8.165466e-01	-2.511063e-01
4.716521e-01	8.159718e-01	-2.512118e-01
4.754935e-01	8.152305e-01	-2.511951e-01
4.394990e-01	8.057728e-01	-1.429069e-01
4.800642e-01	8.041503e-01	-1.451800e-01
4.514839e-01	7.786534e-01	-2.292541e-01
4.678010e-01	7.783629e-01	-2.298992e-01
4.087926e-01	6.752999e-01	-8.450191e-02
5.116914e-01	6.826147e-01	-8.150314e-02
4.007927e-01	5.245212e-01	-3.729927e-02
5.181283e-01	5.358698e-01	-4.551382e-02
3.952372e-01	3.948845e-01	-1.503120e-01
5.315961e-01	4.017651e-01	-1.404393e-01
3.883310e-01	3.513975e-01	-1.842132e-01
5.378324e-01	3.528372e-01	-1.747849e-01
3.946275e-01	3.495587e-01	-2.158242e-01
5.338765e-01	3.474847e-01	-2.143165e-01
4.004277e-01	3.651970e-01	-1.664869e-01
5.278704e-01	3.692676e-01	-1.595294e-01
4.331384e-01	4.044722e-01	1.869306e-03
4.932019e-01	4.122317e-01	-1.753789e-03
4.431174e-01	1.766170e-01	-3.987790e-02
4.924865e-01	1.947138e-01	-3.483486e-02
4.612688e-01	1.282964e-02	1.444041e-01
4.879214e-01	1.512034e-02	1.220860e-01
4.669594e-01	3.996472e-03	1.553986e-01
4.848048e-01	4.408442e-03	1.304839e-01
4.618128e-01	-4.899149e-02	3.348658e-02
4.923436e-01	-3.591073e-02	-5.651737e-04
4.613614e-01	8.018255e-01	-2.852116e-01
4.543151e-01	8.182714e-01	-2.687350e-01
4.499827e-01	8.182455e-01	-2.687754e-01
4.452891e-01	8.179070e-01	-2.687498e-01
4.672601e-01	8.169116e-01	-2.671434e-01
4.717700e-01	8.162625e-01	-2.671987e-01
4.755808e-01	8.154277e-01	-2.671604e-01
4.395089e-01	8.065642e-01	-1.655312e-01
4.801540e-01	8.049011e-01	-1.584315e-01
4.515350e-01	7.793778e-01	-2.462885e-01
4.678357e-01	7.788285e-01	-2.441959e-01
4.084684e-01	6.737366e-01	-1.114306e-01
5.116173e-01	6.828606e-01	-8.147418e-02
4.016878e-01	5.189726e-01	-7.439777e-02
5.181451e-01	5.391823e-01	-4.087881e-02
3.949158e-01	3.847450e-01	-1.564519e-01
5.321575e-01	4.065068e-01	-1.279245e-01
3.887171e-01	3.417600e-01	-1.863962e-01
5.380294e-01	3.610201e-01	-1.581489e-01
3.952985e-01	3.404649e-01	-2.247490e-01
5.352136e-01	3.575738e-01	-1.977553e-01
4.006233e-01	3.566016e-01	-1.736591e-01
5.292959e-01	3.776227e-01	-1.466997e-01
4.341605e-01	4.033164e-01	-3.836526e-03
4.939383e-01	4.110709e-01	3.932467e-03
4.438906e-01	1.760042e-01	-4.052711e-02
4.936036e-01	1.940435e-01	-1.826400e-02
4.603595e-01	1.278802e-02	1.392390e-01
4.883158e-01	1.475506e-02	1.298207e-01
4.653388e-01	3.956341e-03	1.496729e-01
4.847788e-01	3.953085e-03	1.372997e-01
4.617016e-01	-4.933055e-02	2.551475e-02
4.938879e-01	-3.766327e-02	9.598790e-03
4.613606e-01	8.018733e-01	-2.739588e-01
4.543188e-01	8.186507e-01	-2.574780e-01
4.500058e-01	8.186178e-01	-2.575132e-01
4.453079e-01	8.183365e-01	-2.574802e-01
4.672623e-01	8.171765e-01	-2.566001e-01
4.718010e-01	8.163954e-01	-2.566536e-01
4.755936e-01	8.154634e-01	-2.566223e-01
4.395157e-01	8.068952e-01	-1.571391e-01
4.801773e-01	8.050294e-01	-1.527967e-01
4.515495e-01	7.794423e-01	-2.355106e-01
4.678334e-01	7.787209e-01	-2.342507e-01
4.077594e-01	6.728731e-01	-1.047916e-01
5.115314e-01	6.817060e-01	-8.049954e-02
4.022064e-01	5.207599e-01	-7.357826e-02
5.186912e-01	5.354937e-01	-4.069269e-02
3.948101e-01	3.848991e-01	-1.551303e-01
5.336419e-01	3.994407e-01	-1.230719e-01
3.885180e-01	3.425028e-01	-1.842726e-01
5.410820e-01	3.549634e-01	-1.521937e-01
3.949443e-01	3.410105e-01	-2.200139e-01
5.386692e-01	3.504519e-01	-1.888934e-01
4.004475e-01	3.572797e-01	-1.710552e-01
5.326441e-01	3.687976e-01	-1.405207e-01
4.345710e-01	4.017566e-01	-4.937086e-03
4.944676e-01	4.085642e-01	5.019178e-03
4.438407e-01	1.761541e-01	-3.803936e-02
4.939435e-01	1.940318e-01	-7.632480e-03
4.590100e-01	1.293032e-02	1.375338e-01
4.886889e-01	1.489726e-02	1.389888e-01
4.635456e-01	4.047195e-03	1.468022e-01
4.848567e-01	3.829760e-03	1.466298e-01
4.607336e-01	-4.897540e-02	2.183344e-02
4.943601e-01	-3.789309e-02	2.304722e-02
