5.421353e-01	7.759830e-01	-2.976556e-01
5.354205e-01	7.938233e-01	-2.802805e-01
5.307803e-01	7.935363e-01	-2.803202e-01
5.268328e-01	7.929700e-01	-2.802955e-01
5.480021e-01	7.931569e-01	-2.813768e-01
5.527070e-01	7.925628e-01	-2.814589e-01
5.566890e-01	7.914773e-01	-2.814379e-01
5.213223e-01	7.812198e-01	-1.708962e-01
5.619387e-01	7.814964e-01	-1.759744e-01
5.332348e-01	7.539169e-01	-2.562559e-01
5.491100e-01	7.529554e-01	-2.574924e-01
4.925802e-01	6.618905e-01	-9.561963e-02
5.872531e-01	6.609260e-01	-1.071657e-01
4.824754e-01	5.184833e-01	-5.732448e-02
5.940383e-01	5.136104e-01	-7.025507e-02
4.765688e-01	3.867524e-01	-1.226013e-01
6.035059e-01	3.803029e-01	-1.521493e-01
4.733829e-01	3.477972e-01	-1.482050e-01
6.087823e-01	3.356875e-01	-1.814053e-01
4.807123e-01	3.406055e-01	-1.815524e-01
6.072311e-01	3.322248e-01	-2.187390e-01
4.843919e-01	3.536985e-01	-1.384087e-01
6.019530e-01	3.468065e-01	-1.699436e-01
5.111995e-01	3.896505e-01	6.326447e-03
5.653192e-01	3.895123e-01	-6.274304e-03
5.005537e-01	2.102079e-01	2.166382e-02
5.794193e-01	2.032315e-01	9.158116e-03
4.950860e-01	4.837999e-02	1.821730e-01
5.780628e-01	3.778458e-02	1.643002e-01
5.034024e-01	2.435309e-02	1.909395e-01
5.719165e-01	2.172571e-02	1.714816e-01
4.734548e-01	-2.424836e-03	8.108699e-02
5.852427e-01	-1.035765e-02	4.739837e-02
5.421764e-01	7.771621e-01	-2.962798e-01
5.354683e-01	7.945904e-01	-2.794870e-01
5.309078e-01	7.941982e-01	-2.795273e-01
5.268573e-01	7.937689e-01	-2.795014e-01
5.480911e-01	7.939064e-01	-2.796549e-01
5.528399e-01	7.933143e-01	-2.797417e-01
5.567561e-01	7.923981e-01	-2.797374e-01
5.214728e-01	7.830443e-01	-1.715333e-01
5.619721e-01	7.817214e-01	-1.731711e-01
5.333238e-01	7.547844e-01	-2.558523e-01
5.491856e-01	7.536811e-01	-2.558197e-01
4.920371e-01	6.629689e-01	-9.947730e-02
5.873131e-01	6.603877e-01	-1.036875e-01
4.806353e-01	5.209441e-01	-6.505819e-02
5.940166e-01	5.123671e-01	-6.345144e-02
4.759638e-01	3.981580e-01	-1.285975e-01
6.045953e-01	3.789916e-01	-1.417783e-01
4.732402e-01	3.531140e-01	-1.541842e-01
6.096873e-01	3.357245e-01	-1.704591e-01
4.790065e-01	3.517810e-01	-1.867534e-01
6.073176e-01	3.323527e-01	-2.073198e-01
4.836958e-01	3.632630e-01	-1.439290e-01
6.022941e-01	3.468191e-01	-1.596038e-01
5.111626e-01	3.909009e-01	4.438538e-03
5.652658e-01	3.905251e-01	-4.379334e-03
4.997824e-01	2.095208e-01	2.167387e-02
5.792062e-01	2.022531e-01	1.446523e-02
4.942370e-01	4.832020e-02	1.786320e-01
5.779467e-01	3.715952e-02	1.643739e-01
5.013562e-01	2.436675e-02	1.866218e-01
5.714036e-01	2.011054e-02	1.714589e-01
4.746717e-01	-2.515853e-03	7.268748e-02
5.873024e-01	-1.035515e-02	4.716486e-02
5.422199e-01	7.778959e-01	-2.942172e-01
5.355161e-01	7.953147e-01	-2.776258e-01
5.310139e-01	7.948635e-01	-2.776698e-01
5.268832e-01	7.945411e-01	-2.776432e-01
5.482063e-01	7.945474e-01	-2.770044e-01
5.530097e-01	7.939488e-01	-2.770913e-01
5.568521e-01	7.931169e-01	-2.770952e-01
5.215372e-01	7.845967e-01	-1.710492e-01
5.619939e-01	7.820210e-01	-1.679669e-01
5.333670e-01	7.554746e-01	-2.542246e-01
5.492612e-01	7.541568e-01	-2.529143e-01
4.915118e-01	6.651209e-01	-9.973964e-02
5.873200e-01	6.607613e-01	-9.823028e-02
4.778609e-01	5.246985e-01	-7.383388e-02
5.945259e-01	5.133690e-01	-6.019706e-02
4.736870e-01	4.113480e-01	-1.475369e-01
6.077467e-01	3.836332e-01	-1.407770e-01
4.703005e-01	3.689202e-01	-1.754515e-01
6.120346e-01	3.410512e-01	-1.700704e-01
4.748226e-01	3.688634e-01	-2.073120e-01
6.089820e-01	3.388424e-01	-2.062918e-01
4.797339e-01	3.815421e-01	-1.628764e-01
6.046438e-01	3.533559e-01	-1.584351e-01
5.112080e-01	3.923135e-01	2.912353e-03
5.652713e-01	3.921325e-01	-2.846059e-03
4.995078e-01	2.088285e-01	2.161910e-02
5.786997e-01	2.020594e-01	1.647036e-02
4.936776e-01	4.834141e-02	1.743257e-01
5.778326e-01	3.715145e-02	1.645600e-01
5.002413e-01	2.454263e-02	1.817999e-01
5.710779e-01	1.961730e-02	1.714883e-01
4.755762e-01	-2.609008e-03	6.688081e-02
5.881480e-01	-1.027628e-02	4.753275e-02
5.422326e-01	7.783597e-01	-2.765965e-01
5.355338e-01	7.957988e-01	-2.599556e-01
5.310549e-01	7.953429e-01	-2.600106e-01
5.268891e-01	7.950920e-01	-2.599829e-01
5.482798e-01	7.949467e-01	-2.593113e-01
5.531038e-01	7.943256e-01	-2.593890e-01
5.569108e-01	7.935159e-01	-2.593994e-01
5.215533e-01	7.855814e-01	-1.552178e-01
5.620049e-01	7.820837e-01	-1.508835e-01
5.333805e-01	7.559600e-01	-2.370599e-01
5.492808e-01	7.544819e-01	-2.354829e-01
4.913467e-01	6.680083e-01	-8.910792e-02
5.873164e-01	6.618857e-01	-8.238544e-02
4.761533e-01	5.357470e-01	-7.251752e-02
5.958568e-01	5.176886e-01	-4.744234e-02
4.722082e-01	4.279685e-01	-1.576259e-01
6.130632e-01	3.955791e-01	-1.314180e-01
4.686094e-01	3.865329e-01	-1.864964e-01
6.160299e-01	3.548006e-01	-1.609353e-01
4.719943e-01	3.875405e-01	-2.176387e-01
6.144245e-01	3.551947e-01	-1.969554e-01
4.778523e-01	4.011948e-01	-1.730498e-01
6.102701e-01	3.682289e-01	-1.492973e-01
5.111743e-01	3.929968e-01	1.560257e-03
5.652497e-01	3.928534e-01	-1.485044e-03
4.991019e-01	2.086812e-01	2.060259e-02
5.778738e-01	2.020306e-01	1.648158e-02
4.933163e-01	4.859214e-02	1.665636e-01
5.774324e-01	3.719448e-02	1.610090e-01
4.996924e-01	2.492217e-02	1.735777e-01
5.702779e-01	1.962091e-02	1.670977e-01
4.761626e-01	-2.670301e-03	5.989781e-02
5.882707e-01	-1.026955e-02	4.529233e-02
5.422323e-01	7.786393e-01	-2.742380e-01
5.355404e-01	7.961228e-01	-2.574170e-01
5.310704e-01	7.957065e-01	-2.574653e-01
5.268900e-01	7.954956e-01	-2.574333e-01
5.483149e-01	7.951819e-01	-2.564875e-01
5.531291e-01	7.945122e-01	-2.565596e-01
5.569215e-01	7.936822e-01	-2.565819e-01
5.215495e-01	7.861679e-01	-1.523403e-01
5.619834e-01	7.820708e-01	-1.467115e-01
5.333752e-01	7.563540e-01	-2.345963e-01
5.492789e-01	7.547027e-01	-2.327054e-01
4.911509e-01	6.686280e-01	-8.628716e-02
5.873296e-01	6.632115e-01	-7.691618e-02
4.744290e-01	5.343538e-01	-7.091029e-02
5.971570e-01	5.221949e-01	-4.278751e-02
4.676978e-01	4.255181e-01	-1.493019e-01
6.178052e-01	4.068278e-01	-1.321408e-01
4.628193e-01	3.859710e-01	-1.769911e-01
6.227192e-01	3.683116e-01	-1.625899e-01
4.668128e-01	3.878560e-01	-2.084623e-01
6.225797e-01	3.688849e-01	-1.989311e-01
4.733557e-01	3.967741e-01	-1.644611e-01
6.183499e-01	3.816487e-01	-1.506124e-01
5.106788e-01	3.929726e-01	2.370618e-04
5.651728e-01	3.928359e-01	-1.600282e-04
4.984336e-01	2.081051e-01	1.755926e-02
5.776041e-01	2.015719e-01	1.773084e-02
4.930200e-01	4.858444e-02	1.676431e-01
5.770894e-01	3.701317e-02	1.676454e-01
4.992527e-01	2.492280e-02	1.744318e-01
5.695016e-01	1.930596e-02	1.738745e-01
4.765530e-01	-2.734350e-03	6.352817e-02
5.887233e-01	-1.026969e-02	5.084942e-02
5.421291e-01	7.789565e-01	-2.544975e-01
5.355198e-01	7.964391e-01	-2.359888e-01
5.310445e-01	7.960368e-01	-2.360471e-01
5.268579e-01	7.958300e-01	-2.360114e-01
5.483142e-01	7.954547e-01	-2.357305e-01
5.531245e-01	7.947156e-01	-2.357802e-01
5.569183e-01	7.938317e-01	-2.357667e-01
5.214909e-01	7.863300e-01	-1.268905e-01
5.619552e-01	7.819130e-01	-1.241792e-01
5.332730e-01	7.566440e-01	-2.139745e-01
5.492043e-01	7.547953e-01	-2.129129e-01
4.908462e-01	6.685350e-01	-6.376480e-02
5.872162e-01	6.637537e-01	-5.831241e-02
4.739830e-01	5.405920e-01	-7.002880e-02
6.004057e-01	5.265046e-01	-3.311792e-02
4.641293e-01	4.409795e-01	-1.910774e-01
6.233072e-01	4.199781e-01	-1.314645e-01
4.586245e-01	4.039448e-01	-2.252493e-01
6.291097e-01	3.845716e-01	-1.641140e-01
4.621982e-01	4.056643e-01	-2.579207e-01
6.273136e-01	3.856193e-01	-2.004095e-01
4.668999e-01	4.184369e-01	-2.081149e-01
6.226122e-01	3.980723e-01	-1.503299e-01
5.102007e-01	3.927194e-01	3.263859e-04
5.649810e-01	3.925785e-01	-2.397928e-04
4.977266e-01	2.077959e-01	1.743830e-02
5.773214e-01	2.008785e-01	1.781908e-02
4.927770e-01	4.857254e-02	1.696384e-01
5.769774e-01	3.680814e-02	1.674888e-01
4.990470e-01	2.492329e-02	1.769997e-01
5.694537e-01	1.910063e-02	1.737247e-01
4.768827e-01	-2.766094e-03	6.490313e-02
5.886704e-01	-1.035312e-02	5.059315e-02
5.411760e-01	7.791130e-01	-2.465815e-01
5.350918e-01	7.966437e-01	-2.272985e-01
5.304608e-01	7.962926e-01	-2.273454e-01
5.264775e-01	7.960786e-01	-2.272946e-01
5.479208e-01	7.956152e-01	-2.264232e-01
5.526002e-01	7.948213e-01	-2.264697e-01
5.565809e-01	7.938506e-01	-2.264452e-01
5.210013e-01	7.863855e-01	-1.158779e-01
5.614430e-01	7.815911e-01	-1.104312e-01
5.324104e-01	7.567517e-01	-2.056378e-01
5.485282e-01	7.547851e-01	-2.038521e-01
4.902049e-01	6.679486e-01	-5.592645e-02
5.870640e-01	6.649979e-01	-4.751706e-02
4.727824e-01	5.428076e-01	-8.045536e-02
6.044912e-01	5.330335e-01	-3.799912e-02
4.607693e-01	4.443637e-01	-2.363891e-01
6.282147e-01	4.318115e-01	-1.612974e-01
4.561317e-01	4.093930e-01	-2.769033e-01
6.345956e-01	3.967495e-01	-2.035580e-01
4.585750e-01	4.156459e-01	-3.102902e-01
6.324230e-01	3.980560e-01	-2.374751e-01
4.641804e-01	4.250386e-01	-2.543679e-01
6.282516e-01	4.093930e-01	-1.805705e-01
5.098369e-01	3.916595e-01	1.408473e-05
5.649731e-01	3.915462e-01	9.414776e-05
4.975046e-01	2.059852e-01	1.616077e-02
5.767730e-01	1.992303e-01	1.835882e-02
4.926152e-01	4.856628e-02	1.880290e-01
5.769712e-01	3.595444e-02	1.794895e-01
4.987072e-01	2.501668e-02	1.984444e-01
5.694700e-01	1.883134e-02	1.868926e-01
4.785385e-01	-2.876890e-03	8.507611e-02
5.874869e-01	-1.085858e-02	6.150020e-02
5.400594e-01	7.790645e-01	-2.202153e-01
5.344326e-01	7.966220e-01	-2.016329e-01
5.297136e-01	7.962592e-01	-2.016936e-01
5.259385e-01	7.959875e-01	-2.016719e-01
5.470787e-01	7.956172e-01	-2.008827e-01
5.513985e-01	7.948275e-01	-2.009028e-01
5.556041e-01	7.938353e-01	-2.008609e-01
5.204845e-01	7.859817e-01	-9.233428e-02
5.602252e-01	7.811258e-01	-8.788948e-02
5.315331e-01	7.567088e-01	-1.799793e-01
5.476372e-01	7.547029e-01	-1.783742e-01
4.901176e-01	6.676388e-01	-3.384186e-02
5.866280e-01	6.661648e-01	-1.785264e-02
4.714445e-01	5.531971e-01	-4.430566e-02
6.076962e-01	5.455079e-01	1.981740e-02
4.549725e-01	4.725616e-01	-1.938064e-01
6.351144e-01	4.535282e-01	-8.885059e-02
4.458754e-01	4.376760e-01	-2.282736e-01
6.441551e-01	4.185691e-01	-1.262826e-01
4.481903e-01	4.453873e-01	-2.633295e-01
6.436697e-01	4.204741e-01	-1.640798e-01
4.557701e-01	4.560988e-01	-2.110964e-01
6.386250e-01	4.310916e-01	-1.092735e-01
5.092043e-01	3.910576e-01	-9.557034e-04
5.647358e-01	3.912465e-01	1.092718e-03
4.969451e-01	2.041111e-01	5.144938e-03
5.756518e-01	1.970688e-01	1.142227e-02
4.924699e-01	4.858113e-02	1.862422e-01
5.769107e-01	3.405505e-02	1.703427e-01
4.984381e-01	2.552242e-02	1.967018e-01
5.694528e-01	1.810217e-02	1.778138e-01
4.797145e-01	-2.883085e-03	8.327555e-02
5.859005e-01	-1.185856e-02	4.952163e-02
5.383984e-01	7.790604e-01	-2.559898e-01
5.328587e-01	7.966162e-01	-2.387768e-01
5.282756e-01	7.962123e-01	-2.388553e-01
5.246233e-01	7.958404e-01	-2.388627e-01
5.457610e-01	7.956746e-01	-2.387981e-01
5.498976e-01	7.949027e-01	-2.388259e-01
5.543357e-01	7.938652e-01	-2.388030e-01
5.192997e-01	7.846985e-01	-1.106409e-01
5.591624e-01	7.807088e-01	-1.119965e-01
5.302912e-01	7.565870e-01	-2.085572e-01
5.467349e-01	7.546598e-01	-2.078164e-01
4.900553e-01	6.675566e-01	-4.654494e-02
5.864435e-01	6.672028e-01	-4.364147e-02
4.717943e-01	5.596476e-01	4.199159e-02
6.087744e-01	5.541399e-01	5.652960e-02
4.541563e-01	4.938617e-01	3.330045e-02
6.408045e-01	4.697171e-01	3.633229e-02
4.427473e-01	4.626894e-01	2.472145e-02
6.504167e-01	4.352606e-01	1.928589e-02
4.427199e-01	4.645470e-01	-1.792304e-02
6.501689e-01	4.366334e-01	-2.085698e-02
4.493202e-01	4.723899e-01	1.585539e-02
6.450374e-01	4.469072e-01	1.783253e-02
5.080674e-01	3.903906e-01	-8.466637e-04
5.642334e-01	3.908658e-01	9.626847e-04
4.967392e-01	2.031097e-01	6.379086e-03
5.746529e-01	1.953873e-01	7.365004e-03
4.922393e-01	4.868776e-02	2.122503e-01
5.768825e-01	3.204128e-02	1.765676e-01
4.980615e-01	2.614251e-02	2.256835e-01
5.693992e-01	1.680401e-02	1.855591e-01
4.805073e-01	-2.887852e-03	1.141532e-01
5.854388e-01	-1.309518e-02	5.479052e-02
5.366282e-01	7.789227e-01	-2.301290e-01
5.307454e-01	7.964233e-01	-2.114621e-01
5.267106e-01	7.957916e-01	-2.115263e-01
5.228192e-01	7.950748e-01	-2.115103e-01
5.437232e-01	7.956834e-01	-2.114221e-01
5.478469e-01	7.949205e-01	-2.114450e-01
5.522147e-01	7.938918e-01	-2.114092e-01
5.177675e-01	7.828213e-01	-9.550803e-02
5.574903e-01	7.805725e-01	-9.482512e-02
5.290263e-01	7.560118e-01	-1.870286e-01
5.456527e-01	7.545525e-01	-1.863051e-01
4.899589e-01	6.675249e-01	-2.688204e-02
5.860631e-01	6.679399e-01	-1.960801e-02
4.716192e-01	5.649105e-01	-6.704631e-03
6.124917e-01	5.618904e-01	5.900552e-02
4.494379e-01	5.167765e-01	-9.182097e-02
6.462830e-01	4.828326e-01	9.688922e-03
4.373930e-01	4.872005e-01	-1.211427e-01
6.585401e-01	4.529664e-01	-1.460126e-02
4.383187e-01	5.010994e-01	-1.640033e-01
6.584864e-01	4.552087e-01	-5.265141e-02
4.468502e-01	5.094174e-01	-1.150591e-01
6.528334e-01	4.651511e-01	-9.220497e-03
5.065990e-01	3.901618e-01	-6.868914e-04
5.630695e-01	3.905264e-01	8.126477e-04
4.963275e-01	2.017226e-01	6.692012e-03
5.735837e-01	1.942446e-01	7.043573e-03
4.916410e-01	4.881397e-02	2.020544e-01
5.767809e-01	3.071048e-02	1.696893e-01
4.971675e-01	2.676014e-02	2.137290e-01
5.693116e-01	1.608197e-02	1.784517e-01
4.805996e-01	-2.892300e-03	1.029833e-01
5.836352e-01	-1.430031e-02	5.066657e-02
5.350952e-01	7.771839e-01	-2.246293e-01
5.288171e-01	7.942225e-01	-2.057490e-01
5.253344e-01	7.931536e-01	-2.058200e-01
5.210428e-01	7.918975e-01	-2.057801e-01
5.416390e-01	7.950522e-01	-2.055630e-01
5.460499e-01	7.944786e-01	-2.055907e-01
5.501557e-01	7.936020e-01	-2.055873e-01
5.164317e-01	7.801548e-01	-8.992548e-02
5.560043e-01	7.803270e-01	-8.788062e-02
5.281073e-01	7.541068e-01	-1.817153e-01
5.446489e-01	7.536659e-01	-1.807142e-01
4.899624e-01	6.674587e-01	-2.877408e-02
5.858659e-01	6.689339e-01	-1.956376e-02
4.714746e-01	5.684907e-01	-1.062180e-01
6.183361e-01	5.686249e-01	-1.494362e-03
4.475136e-01	5.479606e-01	-3.443833e-01
6.539617e-01	4.969253e-01	-1.461336e-01
4.326752e-01	5.389606e-01	-3.925246e-01
6.673610e-01	4.673069e-01	-1.853713e-01
4.387801e-01	5.567625e-01	-4.225539e-01
6.666008e-01	4.697955e-01	-2.154881e-01
4.438078e-01	5.577451e-01	-3.638708e-01
6.609733e-01	4.790441e-01	-1.646657e-01
5.059507e-01	3.901202e-01	-6.071788e-04
5.622178e-01	3.904511e-01	7.483849e-04
4.960977e-01	2.009035e-01	5.529438e-04
5.731025e-01	1.934938e-01	7.054443e-03
4.915347e-01	4.874805e-02	1.880650e-01
5.766107e-01	3.005373e-02	1.653288e-01
4.967998e-01	2.692005e-02	2.007146e-01
5.692350e-01	1.560860e-02	1.732712e-01
4.815540e-01	-2.895486e-03	8.559017e-02
5.827284e-01	-1.499428e-02	4.337291e-02
5.338559e-01	7.745016e-01	-2.285613e-01
5.276179e-01	7.913976e-01	-2.083476e-01
5.243730e-01	7.902074e-01	-2.084175e-01
5.199053e-01	7.888271e-01	-2.083681e-01
5.401415e-01	7.935729e-01	-2.085269e-01
5.448148e-01	7.934090e-01	-2.085569e-01
5.487893e-01	7.927780e-01	-2.085228e-01
5.157002e-01	7.782328e-01	-8.642102e-02
5.551074e-01	7.800432e-01	-8.667448e-02
5.273280e-01	7.517242e-01	-1.838666e-01
5.436248e-01	7.522264e-01	-1.835195e-01
4.899660e-01	6.675382e-01	-1.992033e-02
5.856657e-01	6.694162e-01	-1.834654e-02
4.627094e-01	5.786740e-01	-8.474325e-02
6.201935e-01	5.807975e-01	-2.307279e-02
4.285595e-01	5.600509e-01	-2.922561e-01
6.572653e-01	5.233741e-01	-1.735965e-01
4.165258e-01	5.500400e-01	-3.342708e-01
6.744480e-01	4.978632e-01	-2.147104e-01
4.173061e-01	5.612585e-01	-3.677197e-01
6.733797e-01	5.035942e-01	-2.428691e-01
4.268641e-01	5.645716e-01	-3.122293e-01
6.658500e-01	5.104727e-01	-1.916624e-01
5.059219e-01	3.895151e-01	-5.630657e-04
5.620248e-01	3.897738e-01	7.218352e-04
4.960673e-01	1.999376e-01	2.884507e-03
5.725822e-01	1.934534e-01	8.553804e-03
4.915342e-01	4.855308e-02	1.905325e-01
5.765157e-01	2.974064e-02	1.705349e-01
4.967635e-01	2.693578e-02	2.033054e-01
5.692495e-01	1.523124e-02	1.787030e-01
4.822505e-01	-3.322229e-03	8.902526e-02
5.823367e-01	-1.495971e-02	4.913262e-02
5.331459e-01	7.710288e-01	-2.092963e-01
5.269609e-01	7.876516e-01	-1.897371e-01
5.237898e-01	7.865257e-01	-1.897925e-01
5.193210e-01	7.852632e-01	-1.897423e-01
5.392153e-01	7.905362e-01	-1.897803e-01
5.440292e-01	7.908789e-01	-1.897949e-01
5.479870e-01	7.907034e-01	-1.897511e-01
5.153230e-01	7.755792e-01	-7.236133e-02
5.546351e-01	7.793615e-01	-7.168057e-02
5.270161e-01	7.489958e-01	-1.658559e-01
5.429894e-01	7.502503e-01	-1.652824e-01
4.899779e-01	6.678677e-01	-1.306053e-02
5.856290e-01	6.706366e-01	-1.275981e-03
4.614705e-01	5.934452e-01	-7.586309e-02
6.223578e-01	6.002243e-01	4.859509e-02
4.253429e-01	5.720236e-01	-2.747941e-01
6.657759e-01	5.504221e-01	-1.457099e-03
4.115940e-01	5.629651e-01	-3.130881e-01
6.837320e-01	5.292079e-01	-2.656087e-02
4.125455e-01	5.724300e-01	-3.478224e-01
6.835262e-01	5.368481e-01	-5.749043e-02
4.231027e-01	5.761734e-01	-2.952021e-01
6.751927e-01	5.412937e-01	-1.836822e-02
5.058528e-01	3.887194e-01	-2.593930e-03
5.617679e-01	3.892331e-01	2.843865e-03
4.960819e-01	1.998916e-01	2.622013e-03
5.722461e-01	1.934774e-01	9.776094e-03
4.915390e-01	4.844634e-02	1.874049e-01
5.765076e-01	2.798806e-02	1.663732e-01
4.966608e-01	2.699203e-02	2.003659e-01
5.693852e-01	1.310637e-02	1.737305e-01
4.831180e-01	-3.795712e-03	8.815888e-02
5.823938e-01	-1.519599e-02	4.637337e-02
5.321857e-01	7.677324e-01	-1.928709e-01
5.262755e-01	7.846559e-01	-1.746978e-01
5.230667e-01	7.835907e-01	-1.747468e-01
5.185760e-01	7.824038e-01	-1.747031e-01
5.381866e-01	7.875673e-01	-1.758706e-01
5.431141e-01	7.880945e-01	-1.758896e-01
5.471619e-01	7.882684e-01	-1.758707e-01
5.149078e-01	7.731006e-01	-6.122302e-02
5.542827e-01	7.785439e-01	-6.509665e-02
5.264822e-01	7.460839e-01	-1.502889e-01
5.422067e-01	7.479280e-01	-1.510747e-01
4.903278e-01	6.707574e-01	-7.134580e-03
5.857783e-01	6.725483e-01	-3.201710e-03
4.636968e-01	6.130182e-01	-8.903611e-02
6.272687e-01	6.123872e-01	2.375816e-02
4.321756e-01	5.955442e-01	-3.000594e-01
6.766946e-01	5.717621e-01	-4.898968e-02
4.172780e-01	5.951723e-01	-3.401557e-01
6.970454e-01	5.586396e-01	-7.872829e-02
4.231399e-01	5.995791e-01	-3.709077e-01
6.948661e-01	5.652573e-01	-1.102271e-01
4.273039e-01	6.001506e-01	-3.194975e-01
6.860899e-01	5.669717e-01	-6.683370e-02
5.057625e-01	3.887098e-01	-2.476192e-03
5.617962e-01	3.891852e-01	2.732584e-03
4.960614e-01	1.999576e-01	1.687651e-03
5.719153e-01	1.934524e-01	7.988408e-03
4.915035e-01	4.848167e-02	1.807439e-01
5.764933e-01	2.740521e-02	1.526715e-01
4.964095e-01	2.753248e-02	1.923937e-01
5.695151e-01	1.238138e-02	1.587951e-01
4.836001e-01	-4.037810e-03	7.694440e-02
5.820956e-01	-1.600938e-02	2.789490e-02
5.310146e-01	7.657692e-01	-2.102003e-01
5.254495e-01	7.830809e-01	-1.913087e-01
5.219774e-01	7.821581e-01	-1.913651e-01
5.174528e-01	7.810557e-01	-1.913271e-01
5.373002e-01	7.855947e-01	-1.927689e-01
5.422942e-01	7.859827e-01	-1.928000e-01
5.465737e-01	7.861288e-01	-1.927846e-01
5.139464e-01	7.718843e-01	-7.392564e-02
5.540639e-01	7.773431e-01	-8.018709e-02
5.253943e-01	7.443211e-01	-1.663837e-01
5.413260e-01	7.462457e-01	-1.676928e-01
4.900252e-01	6.710469e-01	-3.557886e-03
5.862926e-01	6.729098e-01	-1.521518e-02
4.668182e-01	6.195784e-01	-2.297300e-02
6.293899e-01	6.194885e-01	1.512055e-02
4.365489e-01	6.083547e-01	-1.172521e-01
6.886600e-01	5.977728e-01	-3.358706e-02
4.233606e-01	6.109806e-01	-1.361425e-01
7.095231e-01	5.942078e-01	-5.575532e-02
4.286694e-01	6.123200e-01	-1.679430e-01
7.090898e-01	5.987219e-01	-9.285057e-02
4.332941e-01	6.109097e-01	-1.345841e-01
7.007310e-01	5.977803e-01	-5.332699e-02
5.055385e-01	3.874321e-01	-1.260049e-03
5.618860e-01	3.876161e-01	1.515135e-03
4.960702e-01	1.987006e-01	1.107945e-02
5.718373e-01	1.910854e-01	8.145365e-03
4.914672e-01	4.837294e-02	1.861948e-01
5.764325e-01	2.564914e-02	1.511526e-01
4.962730e-01	2.754012e-02	1.977211e-01
5.695068e-01	1.164918e-02	1.575579e-01
4.834738e-01	-4.222343e-03	9.075119e-02
5.821597e-01	-1.976735e-02	3.057744e-02
5.302641e-01	7.637357e-01	-1.896117e-01
5.248061e-01	7.812676e-01	-1.709923e-01
5.211201e-01	7.804978e-01	-1.710495e-01
5.165935e-01	7.793620e-01	-1.710075e-01
5.365504e-01	7.836190e-01	-1.721211e-01
5.415202e-01	7.840502e-01	-1.721280e-01
5.459749e-01	7.841431e-01	-1.720929e-01
5.131065e-01	7.704929e-01	-5.688392e-02
5.536326e-01	7.761031e-01	-6.062914e-02
5.247504e-01	7.419829e-01	-1.470173e-01
5.406660e-01	7.443872e-01	-1.477989e-01
4.897373e-01	6.713443e-01	-1.107932e-02
5.863082e-01	6.750728e-01	-3.379298e-03
4.587785e-01	6.286172e-01	-1.654309e-01
6.379644e-01	6.302583e-01	-4.748347e-02
4.218015e-01	6.297284e-01	-4.484164e-01
6.980047e-01	6.293002e-01	-2.055889e-01
4.060038e-01	6.352398e-01	-5.008642e-01
7.194067e-01	6.278703e-01	-2.472711e-01
4.134707e-01	6.381469e-01	-5.256413e-01
7.188789e-01	6.356288e-01	-2.754311e-01
4.208958e-01	6.359147e-01	-4.680187e-01
7.105205e-01	6.340442e-01	-2.252618e-01
5.055770e-01	3.869416e-01	-1.679884e-03
5.618995e-01	3.865655e-01	1.911498e-03
4.961139e-01	1.984897e-01	8.250153e-03
5.718997e-01	1.902739e-01	8.263217e-03
4.914578e-01	4.810735e-02	1.832899e-01
5.763883e-01	2.533307e-02	1.526255e-01
4.962967e-01	2.728255e-02	1.942843e-01
5.695082e-01	1.136966e-02	1.589824e-01
4.834191e-01	-4.298144e-03	8.039184e-02
5.821739e-01	-1.979434e-02	2.883472e-02
5.297977e-01	7.615780e-01	-2.015090e-01
5.243592e-01	7.796083e-01	-1.825952e-01
5.205323e-01	7.789148e-01	-1.826576e-01
5.160623e-01	7.778426e-01	-1.826211e-01
5.360860e-01	7.821127e-01	-1.836177e-01
5.410909e-01	7.826970e-01	-1.836312e-01
5.456383e-01	7.827263e-01	-1.835952e-01
5.127751e-01	7.694837e-01	-6.677039e-02
5.533896e-01	7.752517e-01	-7.024675e-02
5.244347e-01	7.399783e-01	-1.583502e-01
5.401561e-01	7.428978e-01	-1.590634e-01
4.895857e-01	6.719948e-01	-1.188632e-02
5.868581e-01	6.762670e-01	-1.151856e-02
4.551414e-01	6.404455e-01	-1.923749e-01
6.429162e-01	6.434250e-01	-8.681829e-02
4.090408e-01	6.501084e-01	-4.787976e-01
7.049717e-01	6.603028e-01	-2.621357e-01
3.914348e-01	6.611319e-01	-5.309412e-01
7.266265e-01	6.616133e-01	-3.058868e-01
3.989045e-01	6.683086e-01	-5.557677e-01
7.263336e-01	6.697199e-01	-3.317869e-01
4.082038e-01	6.609966e-01	-4.986879e-01
7.173257e-01	6.686023e-01	-2.817007e-01
5.063783e-01	3.861463e-01	-1.510380e-03
5.624747e-01	3.857269e-01	1.714192e-03
4.962072e-01	1.984129e-01	1.380535e-02
5.719436e-01	1.903328e-01	1.303613e-02
4.914618e-01	4.793989e-02	1.973134e-01
5.765216e-01	2.590090e-02	1.660121e-01
4.962974e-01	2.725807e-02	2.093329e-01
5.701305e-01	1.190887e-02	1.738904e-01
4.833504e-01	-4.209845e-03	9.479028e-02
5.821075e-01	-1.972050e-02	4.315735e-02
5.297552e-01	7.610362e-01	-2.178243e-01
5.242245e-01	7.792155e-01	-1.960776e-01
5.203630e-01	7.785240e-01	-1.961201e-01
5.158667e-01	7.774757e-01	-1.960665e-01
5.361104e-01	7.816876e-01	-1.984406e-01
5.411121e-01	7.822548e-01	-1.985057e-01
5.456444e-01	7.821807e-01	-1.984731e-01
5.125312e-01	7.691393e-01	-7.756496e-02
5.532994e-01	7.747316e-01	-8.786183e-02
5.242270e-01	7.393122e-01	-1.738842e-01
5.399408e-01	7.423944e-01	-1.769766e-01
4.891780e-01	6.719579e-01	-2.604773e-02
5.869865e-01	6.784608e-01	-3.681200e-02
4.309327e-01	6.583079e-01	-1.574189e-01
6.497490e-01	6.604087e-01	-7.137825e-02
3.817505e-01	7.002376e-01	-3.762246e-01
7.140884e-01	6.902793e-01	-1.874508e-01
3.725232e-01	7.166800e-01	-4.180130e-01
7.335149e-01	6.936341e-01	-2.203571e-01
3.740430e-01	7.311546e-01	-4.377795e-01
7.322688e-01	7.047316e-01	-2.481161e-01
3.798891e-01	7.172233e-01	-3.935384e-01
7.243514e-01	7.034871e-01	-2.054768e-01
5.075930e-01	3.853833e-01	-9.711309e-04
5.627036e-01	3.851241e-01	1.158820e-03
4.964579e-01	1.979157e-01	2.823669e-02
5.719475e-01	1.900931e-01	1.914517e-02
4.915044e-01	4.780176e-02	2.117004e-01
5.765802e-01	2.575819e-02	1.780849e-01
4.963088e-01	2.729171e-02	2.236686e-01
5.705024e-01	1.156758e-02	1.862913e-01
4.834751e-01	-4.233168e-03	1.096775e-01
5.817332e-01	-2.037270e-02	5.567055e-02
5.293680e-01	7.607087e-01	-2.392802e-01
5.239576e-01	7.786981e-01	-2.166066e-01
5.200326e-01	7.779503e-01	-2.166537e-01
5.155588e-01	7.769566e-01	-2.166127e-01
5.358093e-01	7.812587e-01	-2.197147e-01
5.408125e-01	7.818593e-01	-2.197927e-01
5.454308e-01	7.817007e-01	-2.197383e-01
5.122756e-01	7.684240e-01	-9.564924e-02
5.532779e-01	7.740215e-01	-1.089279e-01
5.239231e-01	7.385457e-01	-1.944682e-01
5.393275e-01	7.418300e-01	-1.984523e-01
4.891602e-01	6.725029e-01	-3.928765e-02
5.869259e-01	6.802143e-01	-5.483611e-02
4.096760e-01	6.956912e-01	-1.477701e-01
6.549618e-01	6.736925e-01	-8.130329e-02
3.754993e-01	7.665069e-01	-3.330927e-01
7.154988e-01	7.201945e-01	-1.858528e-01
3.670082e-01	8.036836e-01	-3.717668e-01
7.353646e-01	7.319984e-01	-2.154266e-01
3.733796e-01	8.081127e-01	-4.108953e-01
7.336899e-01	7.446409e-01	-2.416223e-01
3.794987e-01	7.969747e-01	-3.498601e-01
7.255096e-01	7.411343e-01	-2.027713e-01
5.083395e-01	3.841220e-01	-4.502091e-04
5.630419e-01	3.847062e-01	6.203048e-04
4.969344e-01	1.973389e-01	4.139006e-02
5.718961e-01	1.899973e-01	2.761219e-02
4.915909e-01	4.742311e-02	2.226862e-01
5.766390e-01	2.573850e-02	1.880372e-01
4.964346e-01	2.716246e-02	2.344814e-01
5.708157e-01	1.127597e-02	1.963379e-01
4.833974e-01	-4.266307e-03	1.218071e-01
5.815046e-01	-2.078566e-02	6.763350e-02
5.290450e-01	7.598283e-01	-2.681409e-01
5.238252e-01	7.778639e-01	-2.445039e-01
5.199311e-01	7.771380e-01	-2.445722e-01
5.154577e-01	7.763387e-01	-2.445325e-01
5.355396e-01	7.805057e-01	-2.508256e-01
5.405421e-01	7.812438e-01	-2.509307e-01
5.452405e-01	7.812073e-01	-2.508958e-01
5.122977e-01	7.677974e-01	-1.166236e-01
5.533329e-01	7.736993e-01	-1.463151e-01
5.237948e-01	7.377791e-01	-2.201916e-01
5.389315e-01	7.413033e-01	-2.290422e-01
4.892521e-01	6.728672e-01	-4.539877e-02
5.879545e-01	6.818429e-01	-9.023193e-02
4.065877e-01	7.137481e-01	-1.060691e-01
6.647421e-01	6.871418e-01	-1.272700e-01
3.760106e-01	8.475432e-01	-2.041035e-01
7.177087e-01	7.584907e-01	-2.395301e-01
3.681754e-01	9.093168e-01	-2.315923e-01
7.371830e-01	7.732024e-01	-2.686358e-01
3.734934e-01	9.205943e-01	-2.394962e-01
7.344067e-01	7.850872e-01	-2.919801e-01
3.785932e-01	9.080501e-01	-2.148622e-01
7.260990e-01	7.805037e-01	-2.555210e-01
5.086398e-01	3.837956e-01	4.014045e-03
5.634016e-01	3.845542e-01	-3.870526e-03
4.978477e-01	1.971177e-01	3.594349e-02
5.718749e-01	1.895292e-01	2.015652e-02
4.919189e-01	4.732209e-02	2.383824e-01
5.767841e-01	2.580297e-02	1.991443e-01
4.965223e-01	2.748164e-02	2.524421e-01
5.714835e-01	1.168334e-02	2.103718e-01
4.842201e-01	-4.180799e-03	1.382072e-01
5.803480e-01	-2.116543e-02	7.667942e-02
5.288941e-01	7.540370e-01	-2.701757e-01
5.237581e-01	7.740464e-01	-2.467720e-01
5.199236e-01	7.733767e-01	-2.468522e-01
5.154485e-01	7.724855e-01	-2.468140e-01
5.354115e-01	7.766155e-01	-2.530118e-01
5.403916e-01	7.773919e-01	-2.531205e-01
5.451065e-01	7.776453e-01	-2.531161e-01
5.123718e-01	7.650949e-01	-1.200804e-01
5.533836e-01	7.715557e-01	-1.487961e-01
5.238445e-01	7.337336e-01	-2.225948e-01
5.386433e-01	7.373927e-01	-2.311522e-01
4.895752e-01	6.743040e-01	-4.929903e-02
5.883271e-01	6.823665e-01	-9.793448e-02
4.119556e-01	7.277258e-01	-9.096432e-02
6.675072e-01	7.002175e-01	-1.417753e-01
3.712836e-01	8.844114e-01	-1.821816e-01
7.171506e-01	7.864888e-01	-2.484759e-01
3.682419e-01	9.088233e-01	-2.077920e-01
7.342793e-01	8.066067e-01	-2.773086e-01
3.749100e-01	9.223350e-01	-2.197344e-01
7.321174e-01	8.178986e-01	-2.986278e-01
3.767084e-01	9.095649e-01	-1.949841e-01
7.244502e-01	8.103531e-01	-2.637502e-01
5.086333e-01	3.829658e-01	6.758336e-03
5.631372e-01	3.843307e-01	-6.623205e-03
4.980954e-01	1.964156e-01	3.616724e-02
5.711914e-01	1.885808e-01	8.738496e-03
4.920537e-01	4.615608e-02	2.298205e-01
5.767815e-01	2.257212e-02	1.889842e-01
4.965019e-01	2.745941e-02	2.425501e-01
5.714948e-01	1.026724e-02	2.028948e-01
4.857458e-01	-5.489468e-03	1.265051e-01
5.787470e-01	-2.911768e-02	5.751085e-02
5.290359e-01	7.530873e-01	-2.645069e-01
5.237771e-01	7.735149e-01	-2.340973e-01
5.201093e-01	7.727848e-01	-2.342344e-01
5.156812e-01	7.719325e-01	-2.342344e-01
5.355935e-01	7.759941e-01	-2.453260e-01
5.406138e-01	7.766731e-01	-2.455890e-01
5.452966e-01	7.769209e-01	-2.456824e-01
5.125692e-01	7.644635e-01	-9.303398e-02
5.538343e-01	7.705211e-01	-1.280268e-01
5.240092e-01	7.330981e-01	-2.145999e-01
5.386630e-01	7.362297e-01	-2.261863e-01
4.904961e-01	6.768562e-01	-3.011008e-02
5.885578e-01	6.830583e-01	-8.210084e-02
4.160922e-01	7.425874e-01	-6.882442e-02
6.676804e-01	7.179667e-01	-1.043868e-01
3.764947e-01	8.923513e-01	-1.622475e-01
7.147433e-01	8.161994e-01	-2.105571e-01
3.752015e-01	9.292245e-01	-1.911190e-01
7.306135e-01	8.382446e-01	-2.413553e-01
3.818283e-01	9.361789e-01	-2.023805e-01
7.280024e-01	8.531386e-01	-2.635753e-01
3.849271e-01	9.244836e-01	-1.749562e-01
7.205404e-01	8.456156e-01	-2.260036e-01
5.085710e-01	3.812571e-01	6.556270e-03
5.626906e-01	3.828473e-01	-6.395563e-03
4.980905e-01	1.922854e-01	3.528723e-02
5.709451e-01	1.825117e-01	-5.043571e-03
4.924420e-01	4.174903e-02	2.248791e-01
5.764818e-01	9.676350e-03	1.564523e-01
4.966206e-01	2.541507e-02	2.381581e-01
5.714176e-01	-1.176395e-03	1.662493e-01
4.872847e-01	-1.064040e-02	1.232322e-01
5.781242e-01	-4.382551e-02	2.358848e-02
5.300261e-01	7.487150e-01	-2.648609e-01
5.243620e-01	7.691002e-01	-2.385278e-01
5.208134e-01	7.687014e-01	-2.386465e-01
5.168890e-01	7.683035e-01	-2.386576e-01
5.364962e-01	7.707735e-01	-2.448248e-01
5.413175e-01	7.717084e-01	-2.449687e-01
5.458995e-01	7.725602e-01	-2.449929e-01
5.137824e-01	7.625440e-01	-1.038076e-01
5.547354e-01	7.681014e-01	-1.297866e-01
5.251505e-01	7.294800e-01	-2.158167e-01
5.394667e-01	7.314011e-01	-2.233278e-01
4.929665e-01	6.787341e-01	-4.797959e-02
5.900607e-01	6.846119e-01	-7.638443e-02
4.220994e-01	7.546449e-01	-7.914051e-02
6.684348e-01	7.414519e-01	-1.106486e-01
3.830809e-01	9.068666e-01	-1.838587e-01
7.134833e-01	8.464803e-01	-2.141669e-01
3.781983e-01	9.336928e-01	-2.162683e-01
7.292549e-01	8.782266e-01	-2.455916e-01
3.841205e-01	9.377188e-01	-2.297357e-01
7.272596e-01	8.910108e-01	-2.666425e-01
3.867999e-01	9.278540e-01	-1.977630e-01
7.204340e-01	8.811818e-01	-2.302354e-01
5.085412e-01	3.807218e-01	5.552310e-03
5.626639e-01	3.818854e-01	-5.388313e-03
4.980863e-01	1.908266e-01	3.376385e-02
5.709544e-01	1.816685e-01	-1.481469e-03
4.932381e-01	4.191178e-02	2.343128e-01
5.764780e-01	1.091720e-02	1.746185e-01
4.975540e-01	2.585908e-02	2.492426e-01
5.714184e-01	1.675866e-04	1.860421e-01
4.886485e-01	-1.077478e-02	1.354246e-01
5.782710e-01	-4.120898e-02	4.591733e-02
5.316485e-01	7.490728e-01	-2.898609e-01
5.252979e-01	7.690750e-01	-2.639393e-01
5.215235e-01	7.686315e-01	-2.640810e-01
5.178760e-01	7.681562e-01	-2.641107e-01
5.383089e-01	7.704064e-01	-2.686550e-01
5.428817e-01	7.711140e-01	-2.687816e-01
5.474441e-01	7.718863e-01	-2.688087e-01
5.143409e-01	7.621707e-01	-1.295145e-01
5.559021e-01	7.662007e-01	-1.492862e-01
5.261798e-01	7.284915e-01	-2.398207e-01
5.408900e-01	7.294741e-01	-2.456917e-01
4.945134e-01	6.786292e-01	-7.789354e-02
5.909552e-01	6.847244e-01	-9.598369e-02
4.247491e-01	7.586260e-01	-1.097496e-01
6.649392e-01	7.507408e-01	-1.379134e-01
3.863721e-01	9.060771e-01	-2.053719e-01
7.119275e-01	8.710452e-01	-2.406976e-01
3.794343e-01	9.314117e-01	-2.399342e-01
7.273380e-01	9.054084e-01	-2.742989e-01
3.852896e-01	9.359927e-01	-2.562242e-01
7.257062e-01	9.206278e-01	-2.973384e-01
3.901435e-01	9.271901e-01	-2.208267e-01
7.193795e-01	9.074786e-01	-2.586650e-01
5.084876e-01	3.798470e-01	3.945070e-03
5.626541e-01	3.810020e-01	-3.791377e-03
4.981995e-01	1.895915e-01	3.210712e-02
5.709091e-01	1.814858e-01	1.054992e-02
4.934565e-01	3.976273e-02	2.491622e-01
5.761012e-01	1.227655e-02	2.069266e-01
4.978222e-01	2.545391e-02	2.644601e-01
5.707261e-01	8.878869e-04	2.194193e-01
4.898244e-01	-1.372732e-02	1.437993e-01
5.774889e-01	-3.996433e-02	8.027589e-02
5.330817e-01	7.498253e-01	-3.090193e-01
5.264981e-01	7.690903e-01	-2.834010e-01
5.223640e-01	7.687082e-01	-2.835427e-01
5.189996e-01	7.682309e-01	-2.835726e-01
5.398649e-01	7.703149e-01	-2.874972e-01
5.442042e-01	7.708938e-01	-2.876138e-01
5.486510e-01	7.714620e-01	-2.876226e-01
5.155145e-01	7.616390e-01	-1.479201e-01
5.567578e-01	7.651070e-01	-1.646102e-01
5.272617e-01	7.286398e-01	-2.581384e-01
5.420047e-01	7.293281e-01	-2.632117e-01
4.960101e-01	6.792845e-01	-9.307700e-02
5.922747e-01	6.844658e-01	-1.087237e-01
4.249307e-01	7.698377e-01	-1.236668e-01
6.652158e-01	7.626711e-01	-1.517384e-01
3.878189e-01	9.126731e-01	-2.145175e-01
7.102050e-01	8.923643e-01	-2.578854e-01
3.786805e-01	9.379208e-01	-2.504612e-01
7.259586e-01	9.308069e-01	-2.932523e-01
3.839624e-01	9.423252e-01	-2.676593e-01
7.241067e-01	9.462268e-01	-3.161208e-01
3.900933e-01	9.350309e-01	-2.304512e-01
7.177305e-01	9.331480e-01	-2.760172e-01
5.085705e-01	3.787220e-01	1.956802e-03
5.629185e-01	3.788231e-01	-1.811500e-03
4.988193e-01	1.888030e-01	3.073326e-02
5.709637e-01	1.806288e-01	1.929331e-02
4.935586e-01	3.983777e-02	2.681725e-01
5.760571e-01	1.279501e-02	2.308335e-01
4.981180e-01	2.715099e-02	2.856777e-01
5.707369e-01	1.167803e-03	2.448570e-01
4.906658e-01	-1.345844e-02	1.669248e-01
5.774432e-01	-3.850551e-02	1.073860e-01
5.350560e-01	7.484169e-01	-3.182990e-01
5.278757e-01	7.687129e-01	-2.943462e-01
5.233335e-01	7.682223e-01	-2.944977e-01
5.199926e-01	7.676241e-01	-2.945365e-01
5.415955e-01	7.699225e-01	-2.971156e-01
5.458070e-01	7.703835e-01	-2.972353e-01
5.502311e-01	7.707520e-01	-2.972464e-01
5.166713e-01	7.602812e-01	-1.629436e-01
5.579598e-01	7.634627e-01	-1.731378e-01
5.289573e-01	7.274548e-01	-2.683305e-01
5.437539e-01	7.278949e-01	-2.715564e-01
4.968652e-01	6.791090e-01	-1.083268e-01
5.921470e-01	6.833848e-01	-1.169568e-01
4.349782e-01	7.677938e-01	-1.413582e-01
6.644377e-01	7.633031e-01	-1.595833e-01
3.881340e-01	9.075701e-01	-2.161994e-01
7.088353e-01	9.055623e-01	-2.649208e-01
3.796024e-01	9.394886e-01	-2.571180e-01
7.227243e-01	9.422880e-01	-3.008587e-01
3.840793e-01	9.461905e-01	-2.739255e-01
7.197121e-01	9.547356e-01	-3.245150e-01
3.909034e-01	9.366500e-01	-2.338111e-01
7.144479e-01	9.415210e-01	-2.837186e-01
5.087815e-01	3.767475e-01	9.237480e-04
5.639197e-01	3.760329e-01	-8.005958e-04
4.991745e-01	1.869261e-01	3.260550e-02
5.712222e-01	1.774067e-01	2.438734e-02
4.935619e-01	3.926876e-02	2.714692e-01
5.758796e-01	8.321479e-03	2.298158e-01
4.982038e-01	2.714305e-02	2.886334e-01
5.704523e-01	-9.938584e-04	2.429637e-01
4.911129e-01	-1.526787e-02	1.698753e-01
5.769531e-01	-4.343294e-02	1.055597e-01
5.379106e-01	7.480966e-01	-3.157048e-01
5.301045e-01	7.687101e-01	-2.927547e-01
5.250616e-01	7.681317e-01	-2.929037e-01
5.213836e-01	7.674738e-01	-2.929449e-01
5.438095e-01	7.700151e-01	-2.939757e-01
5.478995e-01	7.704022e-01	-2.941034e-01
5.524791e-01	7.705062e-01	-2.941199e-01
5.174856e-01	7.595887e-01	-1.641905e-01
5.589341e-01	7.616217e-01	-1.673991e-01
5.307047e-01	7.269364e-01	-2.667143e-01
5.459264e-01	7.272390e-01	-2.678931e-01
4.970171e-01	6.789809e-01	-1.103628e-01
5.920647e-01	6.822932e-01	-1.090224e-01
4.398340e-01	7.626517e-01	-1.497411e-01
6.599554e-01	7.619537e-01	-1.489161e-01
3.925437e-01	9.005910e-01	-2.391068e-01
7.023166e-01	9.058495e-01	-2.606830e-01
3.804742e-01	9.343652e-01	-2.815627e-01
7.139105e-01	9.441800e-01	-2.981299e-01
3.850752e-01	9.432646e-01	-2.995323e-01
7.109681e-01	9.591295e-01	-3.220643e-01
3.921413e-01	9.312877e-01	-2.565529e-01
7.051985e-01	9.441861e-01	-2.797382e-01
5.089482e-01	3.730422e-01	-1.352472e-03
5.648514e-01	3.722838e-01	1.481151e-03
4.995143e-01	1.848529e-01	3.354796e-02
5.720237e-01	1.717037e-01	2.808403e-02
4.935835e-01	3.365096e-02	2.730604e-01
5.755980e-01	6.156534e-03	2.289873e-01
4.982159e-01	2.315809e-02	2.903096e-01
5.703915e-01	-1.883344e-03	2.415653e-01
4.915850e-01	-1.702262e-02	1.724539e-01
5.770352e-01	-4.677578e-02	1.035357e-01
5.392219e-01	7.468633e-01	-3.118600e-01
5.314253e-01	7.677351e-01	-2.887647e-01
5.263599e-01	7.673583e-01	-2.889085e-01
5.224575e-01	7.670244e-01	-2.889388e-01
5.450939e-01	7.686699e-01	-2.893626e-01
5.492967e-01	7.687530e-01	-2.894916e-01
5.539500e-01	7.685174e-01	-2.895065e-01
5.185694e-01	7.595375e-01	-1.596127e-01
5.602162e-01	7.591972e-01	-1.601541e-01
5.316194e-01	7.263125e-01	-2.626717e-01
5.470867e-01	7.263505e-01	-2.629250e-01
4.969021e-01	6.790134e-01	-1.040045e-01
5.918821e-01	6.806831e-01	-1.014810e-01
4.424322e-01	7.633702e-01	-1.472476e-01
6.567409e-01	7.639046e-01	-1.413483e-01
3.966478e-01	9.027034e-01	-2.476497e-01
6.945963e-01	9.054801e-01	-2.571402e-01
3.813096e-01	9.334590e-01	-2.908084e-01
7.079631e-01	9.466691e-01	-2.959860e-01
3.860137e-01	9.397860e-01	-3.085771e-01
7.040231e-01	9.597585e-01	-3.180020e-01
3.924158e-01	9.307812e-01	-2.649861e-01
6.963171e-01	9.459182e-01	-2.753610e-01
5.090945e-01	3.715886e-01	-3.536221e-03
5.652238e-01	3.705281e-01	3.692983e-03
4.997188e-01	1.837702e-01	3.328867e-02
5.735652e-01	1.688482e-01	3.009415e-02
4.935218e-01	3.056898e-02	2.703769e-01
5.754935e-01	5.296489e-03	2.308858e-01
4.982777e-01	1.999004e-02	2.871909e-01
5.703720e-01	-2.317385e-03	2.433338e-01
4.913377e-01	-1.907931e-02	1.674365e-01
5.771051e-01	-4.764749e-02	1.040177e-01
5.404029e-01	7.464902e-01	-3.042397e-01
5.327510e-01	7.670934e-01	-2.780755e-01
5.278729e-01	7.668771e-01	-2.782808e-01
5.236658e-01	7.666875e-01	-2.783205e-01
5.461081e-01	7.676348e-01	-2.748629e-01
5.503334e-01	7.675267e-01	-2.749944e-01
5.548762e-01	7.670632e-01	-2.749874e-01
5.197273e-01	7.595967e-01	-1.408779e-01
5.613242e-01	7.582546e-01	-1.319870e-01
5.325214e-01	7.261065e-01	-2.510204e-01
5.480102e-01	7.263117e-01	-2.464329e-01
4.967881e-01	6.789975e-01	-8.033875e-02
5.917827e-01	6.804672e-01	-7.410861e-02
4.436414e-01	7.620326e-01	-1.049453e-01
6.548351e-01	7.638742e-01	-1.149551e-01
4.002405e-01	9.023704e-01	-1.994857e-01
6.853709e-01	9.057379e-01	-2.450363e-01
3.820546e-01	9.296246e-01	-2.407628e-01
7.017282e-01	9.455572e-01	-2.880701e-01
3.872196e-01	9.374523e-01	-2.607285e-01
6.958963e-01	9.587793e-01	-3.054617e-01
3.944042e-01	9.284030e-01	-2.170014e-01
6.864594e-01	9.437457e-01	-2.603372e-01
5.093981e-01	3.713511e-01	-3.373264e-03
5.660845e-01	3.694321e-01	3.541910e-03
4.997131e-01	1.820632e-01	2.419729e-02
5.745414e-01	1.658155e-01	1.626232e-02
4.931429e-01	2.410787e-02	2.660752e-01
5.753942e-01	2.189685e-03	2.114766e-01
4.979832e-01	1.470053e-02	2.809385e-01
5.703572e-01	-4.770608e-03	2.231099e-01
4.912016e-01	-2.353395e-02	1.640080e-01
5.771269e-01	-4.930422e-02	8.128565e-02
5.429539e-01	7.461188e-01	-2.746108e-01
5.354552e-01	7.662138e-01	-2.498978e-01
5.307844e-01	7.661427e-01	-2.500635e-01
5.263477e-01	7.660986e-01	-2.500814e-01
5.485217e-01	7.662898e-01	-2.479677e-01
5.528516e-01	7.659892e-01	-2.480636e-01
5.572620e-01	7.652532e-01	-2.480295e-01
5.217090e-01	7.591466e-01	-1.188195e-01
5.636367e-01	7.569576e-01	-1.102474e-01
5.348939e-01	7.256148e-01	-2.244527e-01
5.500380e-01	7.258692e-01	-2.212446e-01
4.967611e-01	6.788716e-01	-6.323098e-02
5.918959e-01	6.768830e-01	-5.317848e-02
4.433573e-01	7.619769e-01	-8.829512e-02
6.507058e-01	7.563508e-01	-8.681815e-02
4.031993e-01	9.072061e-01	-1.774594e-01
6.777868e-01	8.903761e-01	-2.129821e-01
3.848195e-01	9.345188e-01	-2.176697e-01
6.936380e-01	9.251566e-01	-2.566977e-01
3.911931e-01	9.413078e-01	-2.360386e-01
6.876415e-01	9.370887e-01	-2.723306e-01
3.999310e-01	9.327704e-01	-1.940204e-01
6.786474e-01	9.227830e-01	-2.290886e-01
5.094349e-01	3.688749e-01	-4.969784e-03
5.664771e-01	3.642043e-01	5.175589e-03
4.998051e-01	1.792628e-01	6.708671e-03
5.770432e-01	1.629278e-01	1.634365e-02
4.931522e-01	2.365639e-02	2.624670e-01
5.753658e-01	2.393100e-03	2.392548e-01
4.979891e-01	1.447368e-02	2.802452e-01
5.702621e-01	-2.619107e-03	2.547494e-01
4.918071e-01	-2.657575e-02	1.663394e-01
5.781143e-01	-4.692958e-02	1.249730e-01
5.443031e-01	7.459955e-01	-2.524118e-01
5.372708e-01	7.657629e-01	-2.295096e-01
5.326571e-01	7.657679e-01	-2.296298e-01
5.282205e-01	7.658331e-01	-2.296220e-01
5.499154e-01	7.654252e-01	-2.278062e-01
5.541502e-01	7.649543e-01	-2.278871e-01
5.583805e-01	7.640442e-01	-2.278455e-01
5.228857e-01	7.588235e-01	-1.063277e-01
5.643510e-01	7.557381e-01	-9.584858e-02
5.359411e-01	7.254010e-01	-2.056944e-01
5.507578e-01	7.256292e-01	-2.027150e-01
4.967122e-01	6.787647e-01	-5.049536e-02
5.918796e-01	6.744930e-01	-4.394373e-02
4.431490e-01	7.586282e-01	-6.893912e-02
6.469945e-01	7.526589e-01	-7.444368e-02
4.054218e-01	9.032111e-01	-1.423908e-01
6.686208e-01	8.737365e-01	-1.882603e-01
3.870079e-01	9.281892e-01	-1.767395e-01
6.818138e-01	9.069772e-01	-2.277420e-01
3.935558e-01	9.343392e-01	-1.936517e-01
6.746627e-01	9.176432e-01	-2.407083e-01
4.036137e-01	9.258900e-01	-1.575859e-01
6.674792e-01	9.046668e-01	-2.026911e-01
5.096651e-01	3.660831e-01	-5.248035e-03
5.668691e-01	3.608671e-01	5.461556e-03
4.998462e-01	1.781542e-01	5.645747e-03
5.778658e-01	1.613285e-01	1.806878e-02
4.931788e-01	2.476234e-02	2.621748e-01
5.751987e-01	4.584271e-03	2.328625e-01
4.979898e-01	1.640678e-02	2.811618e-01
5.702611e-01	-4.613779e-04	2.470335e-01
4.931140e-01	-2.568159e-02	1.736450e-01
5.783831e-01	-4.479817e-02	1.189443e-01
5.448341e-01	7.461306e-01	-2.484906e-01
5.379999e-01	7.658764e-01	-2.260932e-01
5.333971e-01	7.658765e-01	-2.261793e-01
5.288944e-01	7.659252e-01	-2.261614e-01
5.505498e-01	7.654676e-01	-2.248113e-01
5.546895e-01	7.649168e-01	-2.249001e-01
5.588068e-01	7.639262e-01	-2.248398e-01
5.234960e-01	7.588828e-01	-1.052904e-01
5.645261e-01	7.555285e-01	-9.696321e-02
5.365058e-01	7.255338e-01	-2.030294e-01
5.511311e-01	7.257604e-01	-2.008882e-01
4.965357e-01	6.785054e-01	-4.789532e-02
5.918109e-01	6.725881e-01	-4.714743e-02
4.419359e-01	7.477210e-01	-7.327258e-02
6.428830e-01	7.351568e-01	-8.110351e-02
4.088356e-01	8.939075e-01	-1.417150e-01
6.614872e-01	8.434380e-01	-2.138355e-01
3.920410e-01	9.193079e-01	-1.732154e-01
6.712084e-01	8.774171e-01	-2.566796e-01
4.032369e-01	9.256521e-01	-1.857640e-01
6.634190e-01	8.841354e-01	-2.578738e-01
4.105090e-01	9.164134e-01	-1.548063e-01
6.572784e-01	8.705356e-01	-2.242175e-01
5.100359e-01	3.654842e-01	-5.425563e-03
5.670580e-01	3.610459e-01	5.650559e-03
5.003541e-01	1.784088e-01	8.822445e-03
5.778795e-01	1.620677e-01	2.075190e-02
4.933542e-01	2.522154e-02	2.584202e-01
5.749558e-01	8.965787e-03	2.278545e-01
4.979924e-01	1.913274e-02	2.768176e-01
5.702640e-01	2.771494e-03	2.415523e-01
4.948774e-01	-2.509088e-02	1.683858e-01
5.784804e-01	-4.233675e-02	1.109300e-01
5.453221e-01	7.463531e-01	-2.330061e-01
5.383097e-01	7.661063e-01	-2.122210e-01
5.337337e-01	7.661043e-01	-2.122866e-01
5.292274e-01	7.660792e-01	-2.122895e-01
5.507482e-01	7.655489e-01	-2.078866e-01
5.549170e-01	7.650006e-01	-2.079809e-01
5.589644e-01	7.640732e-01	-2.078646e-01
5.236470e-01	7.588767e-01	-9.480917e-02
5.643551e-01	7.557157e-01	-7.339506e-02
5.368215e-01	7.260602e-01	-1.894096e-01
5.513428e-01	7.259941e-01	-1.833720e-01
4.965035e-01	6.776179e-01	-5.087482e-02
5.914834e-01	6.713889e-01	-2.653368e-02
4.419423e-01	7.317557e-01	-1.705316e-01
6.358894e-01	7.053661e-01	-1.496148e-01
4.181203e-01	8.519018e-01	-2.894679e-01
6.571490e-01	7.958862e-01	-3.905220e-01
4.051829e-01	8.908654e-01	-3.315288e-01
6.647681e-01	8.205321e-01	-4.462812e-01
4.131075e-01	8.969504e-01	-3.413718e-01
6.586117e-01	8.311017e-01	-4.496439e-01
4.202614e-01	8.879920e-01	-3.018187e-01
6.542509e-01	8.215414e-01	-4.047640e-01
5.108160e-01	3.635176e-01	-8.238506e-03
5.683081e-01	3.595891e-01	8.526168e-03
5.009080e-01	1.785948e-01	9.928966e-03
5.792906e-01	1.617135e-01	2.913281e-02
4.934928e-01	2.685763e-02	2.417221e-01
5.748217e-01	1.039959e-02	2.172860e-01
4.979951e-01	2.169979e-02	2.574181e-01
5.701572e-01	3.912120e-03	2.272028e-01
4.959663e-01	-2.475587e-02	1.522135e-01
5.786819e-01	-4.088373e-02	1.091096e-01
5.454501e-01	7.496464e-01	-2.258405e-01
5.382601e-01	7.701609e-01	-2.077909e-01
5.337176e-01	7.697657e-01	-2.078651e-01
5.291281e-01	7.691207e-01	-2.078542e-01
5.508586e-01	7.698132e-01	-2.041019e-01
5.553362e-01	7.688783e-01	-2.041494e-01
5.593174e-01	7.674984e-01	-2.040356e-01
5.236101e-01	7.592735e-01	-9.413825e-02
5.646672e-01	7.557847e-01	-7.622688e-02
5.367717e-01	7.280940e-01	-1.836478e-01
5.515417e-01	7.274764e-01	-1.780670e-01
4.964589e-01	6.766686e-01	-9.360801e-02
5.901620e-01	6.679015e-01	-4.063921e-02
4.541204e-01	6.941789e-01	-4.010739e-01
6.240969e-01	6.606695e-01	-3.332897e-01
4.364371e-01	7.363545e-01	-6.983232e-01
6.474813e-01	7.131844e-01	-6.841519e-01
4.281878e-01	7.600846e-01	-7.718275e-01
6.569163e-01	7.376573e-01	-7.606541e-01
4.336991e-01	7.647665e-01	-7.749652e-01
6.522874e-01	7.450854e-01	-7.643343e-01
4.398564e-01	7.529466e-01	-7.116444e-01
6.470756e-01	7.333834e-01	-7.021831e-01
5.112408e-01	3.596942e-01	-8.144065e-03
5.686539e-01	3.568583e-01	8.385173e-03
5.011782e-01	1.773463e-01	-1.570232e-02
5.802327e-01	1.612788e-01	1.562386e-02
4.936740e-01	2.724004e-02	2.147574e-01
5.747344e-01	1.105120e-02	1.866601e-01
4.980093e-01	2.126167e-02	2.299270e-01
5.698845e-01	4.483711e-03	1.951767e-01
4.960084e-01	-2.497092e-02	1.163397e-01
5.787410e-01	-4.008355e-02	6.653906e-02
5.451937e-01	7.522494e-01	-2.312753e-01
5.380429e-01	7.709016e-01	-2.124602e-01
5.335079e-01	7.704141e-01	-2.125451e-01
5.289606e-01	7.698013e-01	-2.125354e-01
5.506487e-01	7.707242e-01	-2.113190e-01
5.551311e-01	7.699394e-01	-2.113733e-01
5.591779e-01	7.690102e-01	-2.112965e-01
5.235389e-01	7.601185e-01	-9.261544e-02
5.646728e-01	7.575744e-01	-8.551329e-02
5.366276e-01	7.290081e-01	-1.863620e-01
5.514487e-01	7.283454e-01	-1.841143e-01
4.964525e-01	6.727537e-01	-9.195338e-02
5.897376e-01	6.652520e-01	-7.198686e-02
4.567649e-01	6.785367e-01	-3.974364e-01
6.181305e-01	6.454585e-01	-3.801112e-01
4.528529e-01	6.754978e-01	-6.995408e-01
6.343316e-01	6.659873e-01	-7.250281e-01
4.469057e-01	6.841031e-01	-7.729392e-01
6.433504e-01	6.758348e-01	-8.016768e-01
4.573519e-01	6.843234e-01	-7.743647e-01
6.402603e-01	6.807549e-01	-8.028971e-01
4.599978e-01	6.811507e-01	-7.117841e-01
6.341956e-01	6.724380e-01	-7.412546e-01
5.111420e-01	3.600261e-01	-5.693880e-03
5.686203e-01	3.575913e-01	5.801071e-03
5.005900e-01	1.755687e-01	-2.513279e-02
5.796929e-01	1.615884e-01	-9.509359e-03
4.935747e-01	1.946335e-02	1.897869e-01
5.744885e-01	1.108884e-02	1.585845e-01
4.978396e-01	1.253365e-02	2.025637e-01
5.698206e-01	4.592448e-03	1.664953e-01
4.951110e-01	-2.712969e-02	7.472973e-02
5.787354e-01	-3.903382e-02	2.516558e-02
5.450794e-01	7.531989e-01	-2.279270e-01
5.378990e-01	7.709085e-01	-2.101962e-01
5.334671e-01	7.704140e-01	-2.102710e-01
5.288424e-01	7.697973e-01	-2.102433e-01
5.505177e-01	7.709149e-01	-2.087139e-01
5.550566e-01	7.703369e-01	-2.087684e-01
5.590984e-01	7.696577e-01	-2.087160e-01
5.235353e-01	7.601277e-01	-8.968706e-02
5.646599e-01	7.581273e-01	-8.185018e-02
5.365721e-01	7.292467e-01	-1.826159e-01
5.514942e-01	7.290370e-01	-1.797799e-01
4.964336e-01	6.700332e-01	-8.581219e-02
5.899116e-01	6.616110e-01	-6.454115e-02
4.705282e-01	6.446411e-01	-3.589019e-01
6.236342e-01	6.357257e-01	-3.299803e-01
4.644581e-01	6.260383e-01	-6.674939e-01
6.259000e-01	6.373098e-01	-6.583289e-01
4.570282e-01	6.201060e-01	-7.394894e-01
6.272683e-01	6.273602e-01	-7.302083e-01
4.683698e-01	6.241018e-01	-7.449900e-01
6.200576e-01	6.333071e-01	-7.277340e-01
4.734378e-01	6.238015e-01	-6.799134e-01
6.182719e-01	6.343200e-01	-6.710511e-01
5.103608e-01	3.604613e-01	-5.161484e-03
5.684465e-01	3.578497e-01	5.251689e-03
5.003605e-01	1.757686e-01	-2.363166e-02
5.784969e-01	1.618589e-01	-7.017682e-03
4.935827e-01	2.075063e-02	2.014793e-01
5.733123e-01	1.151128e-02	1.729161e-01
4.978512e-01	1.329116e-02	2.158823e-01
5.677190e-01	5.460096e-03	1.825179e-01
4.940439e-01	-2.694167e-02	8.433639e-02
5.775844e-01	-3.787237e-02	4.025295e-02
5.449694e-01	7.541002e-01	-1.748863e-01
5.378328e-01	7.726213e-01	-1.554812e-01
5.334505e-01	7.722126e-01	-1.555353e-01
5.287861e-01	7.716907e-01	-1.555078e-01
5.504700e-01	7.724666e-01	-1.560154e-01
5.549963e-01	7.719887e-01	-1.560736e-01
5.590368e-01	7.715313e-01	-1.560134e-01
5.235177e-01	7.619270e-01	-3.402017e-02
5.646456e-01	7.600000e-01	-3.543149e-02
5.365530e-01	7.313696e-01	-1.291448e-01
5.514718e-01	7.310986e-01	-1.293153e-01
4.948682e-01	6.653626e-01	1.205303e-02
5.898673e-01	6.580979e-01	1.283527e-02
4.666110e-01	5.844851e-01	-1.326821e-01
6.228477e-01	5.722953e-01	-1.392335e-01
4.605558e-01	6.018680e-01	-3.949031e-01
6.253008e-01	6.004037e-01	-4.154990e-01
4.559693e-01	5.996289e-01	-4.520904e-01
6.257964e-01	5.975014e-01	-4.797537e-01
4.643273e-01	6.090446e-01	-4.631145e-01
6.213428e-01	6.161868e-01	-4.777229e-01
4.696779e-01	6.087956e-01	-4.055827e-01
6.177121e-01	6.168374e-01	-4.230933e-01
5.093540e-01	3.625950e-01	-5.144854e-03
5.668998e-01	3.585340e-01	5.241039e-03
5.003375e-01	1.755277e-01	-2.262516e-02
5.765883e-01	1.619875e-01	-4.046454e-03
4.928358e-01	2.159876e-02	1.969327e-01
5.719664e-01	4.654214e-03	1.659609e-01
4.965903e-01	1.381039e-02	2.127404e-01
5.659657e-01	-1.372825e-04	1.756067e-01
4.918830e-01	-2.726625e-02	9.486905e-02
5.773638e-01	-4.381367e-02	3.894888e-02
5.448830e-01	7.560381e-01	-1.884274e-01
5.377887e-01	7.748387e-01	-1.669326e-01
5.333894e-01	7.741081e-01	-1.669985e-01
5.287697e-01	7.729169e-01	-1.669724e-01
5.504364e-01	7.753699e-01	-1.674405e-01
5.549496e-01	7.748361e-01	-1.674984e-01
5.589917e-01	7.739351e-01	-1.674415e-01
5.233091e-01	7.621333e-01	-4.163608e-02
5.644556e-01	7.621753e-01	-4.329094e-02
5.365244e-01	7.334826e-01	-1.421166e-01
5.514123e-01	7.343531e-01	-1.424049e-01
4.937333e-01	6.556380e-01	4.520890e-03
5.900171e-01	6.531297e-01	9.772986e-03
4.645846e-01	5.622330e-01	-1.253794e-01
6.228706e-01	5.530033e-01	-1.292341e-01
4.590805e-01	5.757297e-01	-3.771874e-01
6.240331e-01	5.768723e-01	-3.958121e-01
4.548949e-01	5.763460e-01	-4.342933e-01
6.224328e-01	5.735987e-01	-4.587134e-01
4.633083e-01	5.918502e-01	-4.477973e-01
6.148537e-01	5.921544e-01	-4.595469e-01
4.687380e-01	5.907720e-01	-3.892208e-01
6.130577e-01	5.894960e-01	-4.044201e-01
5.084464e-01	3.625407e-01	-5.711521e-03
5.661672e-01	3.588152e-01	5.846451e-03
5.001923e-01	1.750619e-01	-2.207307e-02
5.750406e-01	1.621325e-01	-1.191182e-03
4.915584e-01	1.928490e-02	2.021698e-01
5.711331e-01	1.056573e-03	1.698036e-01
4.946030e-01	1.039462e-02	2.184084e-01
5.653464e-01	-3.960716e-03	1.766085e-01
4.910978e-01	-2.729066e-02	1.015220e-01
5.772583e-01	-4.393435e-02	4.582304e-02
5.448319e-01	7.561899e-01	-1.864831e-01
5.377372e-01	7.748178e-01	-1.639453e-01
5.333453e-01	7.741110e-01	-1.640143e-01
5.287054e-01	7.729426e-01	-1.640001e-01
5.502442e-01	7.753410e-01	-1.646527e-01
5.546814e-01	7.748538e-01	-1.646946e-01
5.588502e-01	7.740234e-01	-1.646546e-01
5.232711e-01	7.621250e-01	-3.783359e-02
5.642602e-01	7.629561e-01	-4.037823e-02
5.364864e-01	7.336776e-01	-1.405256e-01
5.513977e-01	7.345876e-01	-1.410490e-01
4.931753e-01	6.517099e-01	5.494785e-03
5.901546e-01	6.507221e-01	1.911330e-02
4.647908e-01	5.488502e-01	-9.099465e-02
6.181393e-01	5.477122e-01	-8.788844e-02
4.609947e-01	5.317793e-01	-3.294772e-01
6.231745e-01	5.395966e-01	-3.483015e-01
4.584221e-01	5.250872e-01	-3.870841e-01
6.179825e-01	5.481622e-01	-4.122525e-01
4.648483e-01	5.229425e-01	-4.120230e-01
6.120324e-01	5.753325e-01	-4.235342e-01
4.715691e-01	5.488336e-01	-3.455693e-01
6.111305e-01	5.704072e-01	-3.611461e-01
5.077552e-01	3.626532e-01	-6.744727e-03
5.644735e-01	3.588697e-01	6.924654e-03
4.989486e-01	1.751424e-01	-2.889340e-02
5.729423e-01	1.622385e-01	3.791405e-04
4.906526e-01	1.907957e-02	1.844054e-01
5.700861e-01	7.214873e-04	1.739338e-01
4.933888e-01	8.892169e-03	1.988406e-01
5.645098e-01	-5.497169e-03	1.825199e-01
4.901381e-01	-2.719465e-02	7.853504e-02
5.769189e-01	-4.375641e-02	4.832323e-02
5.447673e-01	7.597998e-01	-1.760539e-01
5.377086e-01	7.763401e-01	-1.547848e-01
5.332724e-01	7.754560e-01	-1.548243e-01
5.286537e-01	7.743044e-01	-1.548012e-01
5.500933e-01	7.768560e-01	-1.521742e-01
5.544381e-01	7.763393e-01	-1.522197e-01
5.586546e-01	7.754416e-01	-1.521371e-01
5.232597e-01	7.627476e-01	-4.391445e-02
5.636853e-01	7.645122e-01	-3.362698e-02
5.364341e-01	7.355899e-01	-1.371849e-01
5.513557e-01	7.366128e-01	-1.338939e-01
4.930443e-01	6.486540e-01	-1.119641e-02
5.899841e-01	6.495152e-01	3.513564e-02
4.645124e-01	5.345187e-01	-4.852337e-02
6.148994e-01	5.443794e-01	3.179762e-02
4.565171e-01	4.278826e-01	-2.055082e-01
6.244830e-01	4.554537e-01	-1.399707e-01
4.513053e-01	3.787899e-01	-2.526144e-01
6.253838e-01	4.055932e-01	-1.902666e-01
4.598694e-01	3.797169e-01	-2.892056e-01
6.156794e-01	4.104491e-01	-2.200986e-01
4.660729e-01	3.976063e-01	-2.231620e-01
6.120924e-01	4.225763e-01	-1.583446e-01
5.066528e-01	3.650583e-01	-8.930205e-03
5.633019e-01	3.594372e-01	9.168114e-03
4.976836e-01	1.760298e-01	-2.754673e-02
5.728478e-01	1.623017e-01	-2.650530e-03
4.899645e-01	1.881953e-02	1.759747e-01
5.689021e-01	-3.264895e-04	1.462708e-01
4.925644e-01	7.960710e-03	1.891115e-01
5.635587e-01	-6.399184e-03	1.521371e-01
4.892531e-01	-2.717513e-02	7.034619e-02
5.760532e-01	-4.530131e-02	1.737565e-02
5.446723e-01	7.611555e-01	-1.890350e-01
5.376188e-01	7.775474e-01	-1.670601e-01
5.331181e-01	7.766985e-01	-1.671044e-01
5.285868e-01	7.755408e-01	-1.670823e-01
5.499365e-01	7.776679e-01	-1.650037e-01
5.542239e-01	7.771206e-01	-1.650591e-01
5.585045e-01	7.760748e-01	-1.649691e-01
5.232116e-01	7.632739e-01	-5.317772e-02
5.635065e-01	7.650468e-01	-4.536352e-02
5.362968e-01	7.370445e-01	-1.484571e-01
5.512460e-01	7.376944e-01	-1.460127e-01
4.924962e-01	6.460415e-01	-1.982243e-02
5.900043e-01	6.473494e-01	1.564375e-02
4.656224e-01	5.151177e-01	-8.110365e-02
6.099119e-01	5.205723e-01	-9.634555e-04
4.568005e-01	3.948254e-01	-2.475169e-01
6.204963e-01	4.102657e-01	-1.721073e-01
4.512386e-01	3.437120e-01	-2.985407e-01
6.247360e-01	3.561248e-01	-2.247166e-01
4.619424e-01	3.438499e-01	-3.348591e-01
6.146106e-01	3.564734e-01	-2.568900e-01
4.676445e-01	3.597107e-01	-2.658136e-01
6.104599e-01	3.732074e-01	-1.918528e-01
5.051206e-01	3.652815e-01	-8.944770e-03
5.625602e-01	3.595161e-01	9.187577e-03
4.957775e-01	1.762105e-01	-2.563613e-02
5.728868e-01	1.626477e-01	-1.724947e-03
4.896765e-01	1.906289e-02	1.847526e-01
5.676900e-01	-3.217131e-04	1.560603e-01
4.924238e-01	7.853893e-03	1.981294e-01
5.620710e-01	-6.593439e-03	1.627422e-01
4.876817e-01	-2.713576e-02	8.276420e-02
5.758241e-01	-4.567180e-02	3.114764e-02
5.446551e-01	7.610382e-01	-2.112776e-01
5.375703e-01	7.775707e-01	-1.898334e-01
5.330216e-01	7.767646e-01	-1.898502e-01
5.285705e-01	7.756311e-01	-1.898229e-01
5.497992e-01	7.775996e-01	-1.868452e-01
5.539563e-01	7.770689e-01	-1.869281e-01
5.582576e-01	7.760265e-01	-1.868605e-01
5.231255e-01	7.633159e-01	-8.488487e-02
5.629296e-01	7.650366e-01	-7.324852e-02
5.362782e-01	7.372935e-01	-1.749257e-01
5.511832e-01	7.378221e-01	-1.713104e-01
4.924690e-01	6.460949e-01	-5.188861e-02
5.897395e-01	6.450223e-01	-8.116174e-03
4.683364e-01	5.050958e-01	-8.791951e-02
6.087976e-01	5.042212e-01	-2.440804e-03
4.603640e-01	3.763339e-01	-2.342691e-01
6.198387e-01	3.759819e-01	-1.181410e-01
4.544432e-01	3.284386e-01	-2.815052e-01
6.228967e-01	3.283655e-01	-1.605932e-01
4.664298e-01	3.263723e-01	-3.167078e-01
6.129824e-01	3.276492e-01	-1.956488e-01
4.720129e-01	3.408548e-01	-2.516295e-01
6.084476e-01	3.430150e-01	-1.368690e-01
5.048667e-01	3.655057e-01	-8.460386e-03
5.622674e-01	3.596276e-01	8.707074e-03
4.932775e-01	1.767903e-01	-7.462592e-03
5.724534e-01	1.638701e-01	2.834209e-03
4.892095e-01	1.951175e-02	1.897450e-01
5.676870e-01	2.886912e-05	1.571905e-01
4.923568e-01	8.112520e-03	2.032363e-01
5.620891e-01	-6.630752e-03	1.640372e-01
4.855247e-01	-2.578139e-02	8.741795e-02
5.748538e-01	-4.616149e-02	3.402582e-02
5.445479e-01	7.608851e-01	-2.478152e-01
5.374942e-01	7.776495e-01	-2.265145e-01
5.328931e-01	7.769127e-01	-2.265390e-01
5.285569e-01	7.758741e-01	-2.265087e-01
5.496702e-01	7.776156e-01	-2.247152e-01
5.537633e-01	7.770878e-01	-2.248039e-01
5.580720e-01	7.760994e-01	-2.247424e-01
5.230930e-01	7.634394e-01	-1.165473e-01
5.625521e-01	7.651197e-01	-1.095961e-01
5.362560e-01	7.374509e-01	-2.089181e-01
5.511505e-01	7.378088e-01	-2.067161e-01
4.922391e-01	6.439725e-01	-7.428446e-02
5.897236e-01	6.438938e-01	-4.283699e-02
4.715860e-01	4.974206e-01	-8.893196e-02
6.083025e-01	4.954545e-01	-2.556184e-02
4.636369e-01	3.636768e-01	-2.221339e-01
6.186867e-01	3.628923e-01	-1.408289e-01
4.578754e-01	3.184832e-01	-2.666872e-01
6.214393e-01	3.163169e-01	-1.820295e-01
4.686472e-01	3.152163e-01	-3.017370e-01
6.128911e-01	3.160698e-01	-2.171064e-01
4.743321e-01	3.303161e-01	-2.391027e-01
6.082230e-01	3.324341e-01	-1.591567e-01
5.049802e-01	3.655136e-01	-6.043186e-03
5.623029e-01	3.597270e-01	6.259972e-03
4.928134e-01	1.769117e-01	1.691671e-02
5.713547e-01	1.639922e-01	1.450837e-02
4.890795e-01	2.031686e-02	2.111038e-01
5.678174e-01	3.201940e-04	1.661424e-01
4.923042e-01	8.281652e-03	2.244370e-01
5.622470e-01	-6.366764e-03	1.734424e-01
4.841132e-01	-2.413269e-02	1.185723e-01
5.738415e-01	-4.679440e-02	4.945466e-02
5.444567e-01	7.628081e-01	-2.599915e-01
5.374712e-01	7.795499e-01	-2.394760e-01
5.328061e-01	7.785838e-01	-2.394941e-01
5.285438e-01	7.774686e-01	-2.394532e-01
5.496524e-01	7.800888e-01	-2.380195e-01
5.537449e-01	7.794257e-01	-2.381171e-01
5.580582e-01	7.783778e-01	-2.380730e-01
5.230666e-01	7.645139e-01	-1.311037e-01
5.625015e-01	7.664999e-01	-1.257353e-01
5.362182e-01	7.392859e-01	-2.212782e-01
5.511191e-01	7.390348e-01	-2.195799e-01
4.922990e-01	6.407435e-01	-8.428032e-02
5.897754e-01	6.443528e-01	-6.137260e-02
4.739609e-01	4.886450e-01	-7.785775e-02
6.096247e-01	4.937456e-01	-4.062098e-02
4.659721e-01	3.551114e-01	-1.787979e-01
6.179492e-01	3.555631e-01	-1.496036e-01
4.602251e-01	3.118454e-01	-2.175747e-01
6.211271e-01	3.113739e-01	-1.884742e-01
4.706951e-01	3.082468e-01	-2.514488e-01
6.119673e-01	3.112482e-01	-2.212696e-01
4.761632e-01	3.231141e-01	-1.946680e-01
6.071377e-01	3.274947e-01	-1.664157e-01
5.061183e-01	3.656323e-01	-5.102299e-03
5.636069e-01	3.605371e-01	5.284953e-03
4.935176e-01	1.767872e-01	2.106258e-02
5.713643e-01	1.652108e-01	1.969724e-02
4.895371e-01	2.111309e-02	2.129605e-01
5.686461e-01	2.765255e-03	1.734752e-01
4.929214e-01	8.575782e-03	2.261554e-01
5.630270e-01	-4.611435e-03	1.817272e-01
4.841835e-01	-2.235050e-02	1.209258e-01
5.738600e-01	-4.628349e-02	5.889643e-02
5.446867e-01	7.630654e-01	-2.703771e-01
5.376974e-01	7.807684e-01	-2.505046e-01
5.332555e-01	7.798511e-01	-2.505183e-01
5.287609e-01	7.786060e-01	-2.504679e-01
5.500019e-01	7.811334e-01	-2.490559e-01
5.544720e-01	7.802883e-01	-2.491405e-01
5.583956e-01	7.792469e-01	-2.490910e-01
5.236437e-01	7.657166e-01	-1.428991e-01
5.632977e-01	7.669429e-01	-1.371731e-01
5.363926e-01	7.397738e-01	-2.316812e-01
5.516038e-01	7.391161e-01	-2.299065e-01
4.929040e-01	6.395628e-01	-9.545106e-02
5.917414e-01	6.434572e-01	-7.189952e-02
4.775593e-01	4.872864e-01	-9.198553e-02
6.101674e-01	4.887678e-01	-4.881421e-02
4.723513e-01	3.526276e-01	-2.047958e-01
6.167332e-01	3.521495e-01	-1.571989e-01
4.669459e-01	3.094484e-01	-2.456187e-01
6.204144e-01	3.090727e-01	-1.970840e-01
4.771469e-01	3.082256e-01	-2.781116e-01
6.112987e-01	3.085209e-01	-2.292134e-01
4.823253e-01	3.231946e-01	-2.206188e-01
6.065003e-01	3.247209e-01	-1.737137e-01
5.079159e-01	3.660289e-01	-4.894584e-03
5.661088e-01	3.618115e-01	5.057110e-03
4.968599e-01	1.768007e-01	1.681628e-02
5.718368e-01	1.677246e-01	2.441314e-02
4.913055e-01	2.485084e-02	2.213120e-01
5.719200e-01	8.174902e-03	1.982925e-01
4.944805e-01	1.138033e-02	2.359266e-01
5.679446e-01	1.605121e-05	2.092225e-01
4.850273e-01	-2.188597e-02	1.306374e-01
5.749447e-01	-4.313393e-02	8.733769e-02
5.454568e-01	7.636857e-01	-2.540987e-01
5.386232e-01	7.822687e-01	-2.330874e-01
5.343857e-01	7.815136e-01	-2.331261e-01
5.297937e-01	7.802999e-01	-2.330948e-01
5.510727e-01	7.823954e-01	-2.318713e-01
5.556232e-01	7.814366e-01	-2.319507e-01
5.592055e-01	7.804409e-01	-2.318905e-01
5.248636e-01	7.675849e-01	-1.230348e-01
5.644647e-01	7.676725e-01	-1.164522e-01
5.371422e-01	7.408288e-01	-2.131168e-01
5.527050e-01	7.397949e-01	-2.112720e-01
4.944848e-01	6.405436e-01	-8.147712e-02
5.933043e-01	6.432809e-01	-5.621921e-02
4.800930e-01	4.922423e-01	-8.939591e-02
6.102659e-01	4.880130e-01	-3.494797e-02
4.763047e-01	3.570322e-01	-2.085023e-01
6.162606e-01	3.520294e-01	-1.408865e-01
4.709047e-01	3.133625e-01	-2.496583e-01
6.203288e-01	3.091143e-01	-1.801604e-01
4.814176e-01	3.112329e-01	-2.811268e-01
6.113085e-01	3.084602e-01	-2.122840e-01
4.865243e-01	3.264343e-01	-2.240562e-01
6.063670e-01	3.243512e-01	-1.574505e-01
5.101946e-01	3.660530e-01	-4.903196e-03
5.682972e-01	3.619556e-01	5.064824e-03
4.998818e-01	1.763344e-01	1.469196e-02
5.734382e-01	1.688871e-01	2.157330e-02
4.941043e-01	2.484726e-02	2.016412e-01
5.739428e-01	1.068910e-02	1.940995e-01
4.980656e-01	1.136594e-02	2.151313e-01
5.698055e-01	1.718653e-03	2.038771e-01
4.862067e-01	-2.286985e-02	1.166110e-01
5.769398e-01	-3.982098e-02	7.643019e-02
5.463293e-01	7.635494e-01	-2.402159e-01
5.396926e-01	7.824621e-01	-2.219728e-01
5.354356e-01	7.818327e-01	-2.219843e-01
5.308434e-01	7.807428e-01	-2.219409e-01
5.524158e-01	7.824160e-01	-2.192960e-01
5.568087e-01	7.814820e-01	-2.193741e-01
5.603642e-01	7.804912e-01	-2.193516e-01
5.259306e-01	7.684555e-01	-1.153702e-01
5.658097e-01	7.678158e-01	-1.121028e-01
5.379407e-01	7.408222e-01	-2.065558e-01
5.538426e-01	7.397416e-01	-2.024856e-01
4.954210e-01	6.414036e-01	-7.519654e-02
5.944377e-01	6.428025e-01	-5.070830e-02
4.811207e-01	4.963807e-01	-8.906992e-02
6.099296e-01	4.878353e-01	-2.310770e-02
4.779414e-01	3.636001e-01	-2.137887e-01
6.157373e-01	3.535198e-01	-1.290388e-01
4.729437e-01	3.176706e-01	-2.554803e-01
6.205165e-01	3.100122e-01	-1.679598e-01
4.832801e-01	3.156326e-01	-2.869233e-01
6.119697e-01	3.095689e-01	-2.013229e-01
4.884704e-01	3.315495e-01	-2.292743e-01
6.067303e-01	3.261676e-01	-1.461334e-01
5.115824e-01	3.661084e-01	-4.957695e-03
5.698178e-01	3.620491e-01	5.112405e-03
5.016496e-01	1.752300e-01	1.226421e-02
5.743872e-01	1.690893e-01	1.689547e-02
4.959376e-01	2.242654e-02	1.767298e-01
5.750183e-01	1.005154e-02	1.569310e-01
4.997756e-01	8.167474e-03	1.877992e-01
5.705778e-01	1.876599e-04	1.638070e-01
4.881780e-01	-2.448243e-02	8.318538e-02
5.777943e-01	-4.152705e-02	4.231457e-02
