5.171722e-01	6.916817e-01	-2.467241e-01
5.128059e-01	7.083908e-01	-2.321507e-01
5.090356e-01	7.095716e-01	-2.322020e-01
5.054756e-01	7.106264e-01	-2.321895e-01
5.220159e-01	7.065144e-01	-2.325354e-01
5.253277e-01	7.061106e-01	-2.325700e-01
5.284014e-01	7.052541e-01	-2.324900e-01
4.994289e-01	7.047905e-01	-1.391457e-01
5.305587e-01	6.983317e-01	-1.377646e-01
5.088938e-01	6.764627e-01	-2.111875e-01
5.210278e-01	6.740433e-01	-2.105489e-01
4.704446e-01	6.086737e-01	-6.294158e-02
5.552676e-01	6.020088e-01	-9.800692e-02
4.666774e-01	4.976456e-01	-2.566143e-02
5.655990e-01	4.867095e-01	-8.191907e-02
4.534220e-01	3.926927e-01	-1.021093e-01
5.699074e-01	3.768507e-01	-1.547658e-01
4.495836e-01	3.569298e-01	-1.273312e-01
5.757280e-01	3.447392e-01	-1.838520e-01
4.495229e-01	3.538418e-01	-1.602186e-01
5.699555e-01	3.416349e-01	-2.104590e-01
4.525551e-01	3.664616e-01	-1.174582e-01
5.646788e-01	3.511774e-01	-1.678744e-01
4.961473e-01	3.756555e-01	2.303740e-02
5.394955e-01	3.750100e-01	-2.304593e-02
4.844016e-01	2.321942e-01	6.754913e-02
5.377777e-01	2.247036e-01	1.167889e-02
4.874388e-01	8.519116e-02	1.972054e-01
5.421670e-01	7.827765e-02	1.370778e-01
4.968042e-01	6.147691e-02	2.056008e-01
5.393955e-01	5.824456e-02	1.448006e-01
4.624872e-01	4.193929e-02	1.217082e-01
5.458767e-01	3.621912e-02	5.050939e-02
5.170674e-01	6.926054e-01	-1.824677e-01
5.125999e-01	7.086745e-01	-1.681865e-01
5.088760e-01	7.096579e-01	-1.682031e-01
5.052149e-01	7.106122e-01	-1.681744e-01
5.219944e-01	7.070467e-01	-1.682046e-01
5.253294e-01	7.066520e-01	-1.682370e-01
5.284537e-01	7.059132e-01	-1.681388e-01
4.994820e-01	7.045036e-01	-8.552787e-02
5.312773e-01	6.994228e-01	-8.494139e-02
5.089709e-01	6.768421e-01	-1.516098e-01
5.213149e-01	6.753212e-01	-1.512220e-01
4.711711e-01	6.092669e-01	-4.058844e-02
5.555385e-01	6.023070e-01	-4.261301e-02
4.664420e-01	4.983070e-01	-2.214358e-02
5.647637e-01	4.867026e-01	-2.379029e-02
4.530784e-01	3.941264e-01	-9.523953e-02
5.702348e-01	3.763953e-01	-9.716402e-02
4.482001e-01	3.580657e-01	-1.199969e-01
5.756958e-01	3.430358e-01	-1.232499e-01
4.493326e-01	3.570372e-01	-1.504149e-01
5.702432e-01	3.405986e-01	-1.523689e-01
4.528498e-01	3.699388e-01	-1.094001e-01
5.655609e-01	3.511685e-01	-1.115429e-01
4.911054e-01	3.804390e-01	1.155351e-02
5.380015e-01	3.780488e-01	-1.150841e-02
4.838133e-01	2.319182e-01	2.599086e-02
5.398878e-01	2.261421e-01	5.550925e-03
4.866037e-01	8.541699e-02	1.245387e-01
5.417477e-01	7.979973e-02	1.053478e-01
4.950551e-01	6.232486e-02	1.291092e-01
5.375619e-01	5.903373e-02	1.091785e-01
4.605564e-01	4.417749e-02	4.127490e-02
5.466114e-01	3.612216e-02	1.250472e-02
5.168068e-01	6.927988e-01	-2.090414e-01
5.124065e-01	7.088163e-01	-1.943168e-01
5.085231e-01	7.096837e-01	-1.943473e-01
5.049853e-01	7.105907e-01	-1.943234e-01
5.219941e-01	7.073706e-01	-1.949236e-01
5.253261e-01	7.069932e-01	-1.949576e-01
5.285717e-01	7.063523e-01	-1.948672e-01
4.995020e-01	7.045065e-01	-1.046697e-01
5.318865e-01	7.002039e-01	-1.062289e-01
5.089668e-01	6.769094e-01	-1.751703e-01
5.214459e-01	6.756344e-01	-1.754024e-01
4.715339e-01	6.101630e-01	-4.684945e-02
5.557584e-01	6.026189e-01	-6.164365e-02
4.664276e-01	4.982382e-01	-2.235892e-02
5.646183e-01	4.864753e-01	-4.205703e-02
4.523504e-01	3.941536e-01	-9.300087e-02
5.712903e-01	3.747848e-01	-1.158013e-01
4.467281e-01	3.585140e-01	-1.164118e-01
5.761333e-01	3.406311e-01	-1.416425e-01
4.478931e-01	3.584108e-01	-1.473569e-01
5.714797e-01	3.387188e-01	-1.715471e-01
4.523271e-01	3.707873e-01	-1.072876e-01
5.676408e-01	3.505440e-01	-1.302244e-01
4.894416e-01	3.848334e-01	1.186697e-02
5.370739e-01	3.806404e-01	-1.181805e-02
4.832668e-01	2.320436e-01	2.527348e-02
5.402437e-01	2.276624e-01	-2.612887e-03
4.863808e-01	8.526015e-02	1.239203e-01
5.415857e-01	7.980995e-02	9.045146e-02
4.949889e-01	6.224243e-02	1.285039e-01
5.374042e-01	5.878471e-02	9.377046e-02
4.594782e-01	4.413413e-02	4.314822e-02
5.479024e-01	3.530735e-02	-3.915464e-03
5.167499e-01	6.933364e-01	-2.085979e-01
5.123714e-01	7.091981e-01	-1.939505e-01
5.084501e-01	7.098756e-01	-1.939778e-01
5.049728e-01	7.106429e-01	-1.939504e-01
5.220479e-01	7.078113e-01	-1.944993e-01
5.253407e-01	7.073509e-01	-1.945369e-01
5.287091e-01	7.067043e-01	-1.944557e-01
4.995796e-01	7.046142e-01	-1.044085e-01
5.324273e-01	7.004696e-01	-1.066051e-01
5.089756e-01	6.774344e-01	-1.747862e-01
5.216526e-01	6.762886e-01	-1.751916e-01
4.718363e-01	6.110498e-01	-4.924046e-02
5.557889e-01	6.032004e-01	-5.763036e-02
4.664613e-01	4.991271e-01	-2.371860e-02
5.644540e-01	4.865519e-01	-3.651534e-02
4.521291e-01	3.984995e-01	-9.391691e-02
5.720709e-01	3.745803e-01	-1.096469e-01
4.461898e-01	3.647361e-01	-1.172784e-01
5.769829e-01	3.402540e-01	-1.340635e-01
4.472478e-01	3.650497e-01	-1.484305e-01
5.729295e-01	3.387357e-01	-1.648999e-01
4.520443e-01	3.767847e-01	-1.083194e-01
5.695584e-01	3.505863e-01	-1.244360e-01
4.892096e-01	3.877465e-01	8.996765e-03
5.368814e-01	3.830852e-01	-8.928720e-03
4.833335e-01	2.321224e-01	1.240639e-02
5.411479e-01	2.278917e-01	-4.517785e-03
4.862367e-01	8.492129e-02	1.042513e-01
5.415767e-01	8.019749e-02	9.076910e-02
4.947963e-01	6.223720e-02	1.081203e-01
5.372425e-01	5.916242e-02	9.416921e-02
4.593534e-01	4.587053e-02	2.138475e-02
5.503753e-01	3.623305e-02	-2.901592e-03
5.166731e-01	6.934014e-01	-2.137463e-01
5.122553e-01	7.092424e-01	-1.992958e-01
5.083686e-01	7.098800e-01	-1.993252e-01
5.049396e-01	7.106365e-01	-1.993030e-01
5.220740e-01	7.079187e-01	-1.999543e-01
5.253632e-01	7.074425e-01	-1.999909e-01
5.287920e-01	7.068203e-01	-1.999148e-01
4.996037e-01	7.046948e-01	-1.085266e-01
5.328586e-01	7.006543e-01	-1.111134e-01
5.089737e-01	6.775648e-01	-1.792202e-01
5.217235e-01	6.764376e-01	-1.797689e-01
4.719854e-01	6.120471e-01	-5.046824e-02
5.558616e-01	6.041355e-01	-6.071935e-02
4.665912e-01	5.006216e-01	-2.364257e-02
5.644012e-01	4.881644e-01	-3.952736e-02
4.519026e-01	4.034879e-01	-9.307317e-02
5.733113e-01	3.778140e-01	-1.134362e-01
4.455443e-01	3.709354e-01	-1.158980e-01
5.785311e-01	3.419336e-01	-1.379569e-01
4.463783e-01	3.717287e-01	-1.476802e-01
5.747034e-01	3.408598e-01	-1.689204e-01
4.515013e-01	3.826998e-01	-1.076680e-01
5.713043e-01	3.529622e-01	-1.282150e-01
4.895237e-01	3.892648e-01	9.051226e-03
5.370076e-01	3.851840e-01	-8.981841e-03
4.834928e-01	2.321234e-01	1.109301e-02
5.418180e-01	2.284979e-01	-5.508714e-03
4.862434e-01	8.492066e-02	1.050522e-01
5.425996e-01	8.020572e-02	9.365059e-02
4.947119e-01	6.245391e-02	1.090334e-01
5.373719e-01	5.921536e-02	9.730332e-02
4.594528e-01	5.032812e-02	2.134760e-02
5.534017e-01	3.622878e-02	-1.033632e-03
5.166302e-01	6.936530e-01	-2.107405e-01
5.122131e-01	7.093715e-01	-1.962785e-01
5.083556e-01	7.099249e-01	-1.963136e-01
5.049382e-01	7.106423e-01	-1.963025e-01
5.221001e-01	7.081462e-01	-1.968834e-01
5.253967e-01	7.076259e-01	-1.969181e-01
5.288542e-01	7.070051e-01	-1.968510e-01
4.996783e-01	7.047209e-01	-1.062491e-01
5.331891e-01	7.007223e-01	-1.088427e-01
5.089750e-01	6.778224e-01	-1.765700e-01
5.217765e-01	6.766427e-01	-1.771125e-01
4.723397e-01	6.123345e-01	-5.064038e-02
5.558614e-01	6.048174e-01	-5.710549e-02
4.665937e-01	5.010058e-01	-2.301159e-02
5.644042e-01	4.899280e-01	-3.378675e-02
4.506941e-01	4.046623e-01	-9.036600e-02
5.754678e-01	3.824714e-01	-1.058167e-01
4.434038e-01	3.738544e-01	-1.120741e-01
5.810252e-01	3.458913e-01	-1.289681e-01
4.441572e-01	3.743783e-01	-1.441008e-01
5.777794e-01	3.451117e-01	-1.607348e-01
4.496059e-01	3.843070e-01	-1.049046e-01
5.742980e-01	3.567893e-01	-1.209406e-01
4.897970e-01	3.912424e-01	8.434541e-03
5.377731e-01	3.873706e-01	-8.368640e-03
4.838651e-01	2.321378e-01	1.534351e-03
5.420458e-01	2.292207e-01	-1.307792e-02
4.862745e-01	8.490867e-02	8.757713e-02
5.436953e-01	8.029325e-02	7.522049e-02
4.946414e-01	6.252675e-02	9.067883e-02
5.383960e-01	5.953338e-02	7.773986e-02
4.617656e-01	5.028146e-02	1.557406e-03
5.538675e-01	3.681407e-02	-2.155670e-02
5.166280e-01	6.939395e-01	-1.941989e-01
5.122010e-01	7.095860e-01	-1.796971e-01
5.083553e-01	7.100432e-01	-1.797301e-01
5.049402e-01	7.106943e-01	-1.797169e-01
5.221418e-01	7.084373e-01	-1.800002e-01
5.254541e-01	7.078811e-01	-1.800320e-01
5.289479e-01	7.072815e-01	-1.799576e-01
4.998085e-01	7.047847e-01	-9.240674e-02
5.334993e-01	7.009368e-01	-9.391721e-02
5.090416e-01	6.780631e-01	-1.614214e-01
5.219275e-01	6.768862e-01	-1.616080e-01
4.730648e-01	6.129264e-01	-4.648801e-02
5.558615e-01	6.053473e-01	-4.094958e-02
4.665482e-01	5.027700e-01	-2.302394e-02
5.646308e-01	4.905078e-01	-1.777256e-02
4.495527e-01	4.117671e-01	-9.072539e-02
5.788694e-01	3.857320e-01	-9.188751e-02
4.414818e-01	3.813446e-01	-1.130900e-01
5.845642e-01	3.502403e-01	-1.151616e-01
4.418058e-01	3.827891e-01	-1.453674e-01
5.825897e-01	3.492357e-01	-1.471464e-01
4.470825e-01	3.918242e-01	-1.055153e-01
5.787657e-01	3.604617e-01	-1.073561e-01
4.900138e-01	3.918882e-01	6.297426e-03
5.377889e-01	3.883285e-01	-6.221167e-03
4.840464e-01	2.321684e-01	3.548604e-03
5.419479e-01	2.297048e-01	-1.047735e-02
4.864162e-01	8.519610e-02	9.306219e-02
5.436488e-01	8.147851e-02	8.099961e-02
4.946853e-01	6.307959e-02	9.668300e-02
5.379251e-01	6.103405e-02	8.382872e-02
4.617774e-01	5.211335e-02	9.925121e-03
5.544173e-01	3.803159e-02	-1.317249e-02
5.166576e-01	6.941026e-01	-1.755223e-01
5.122112e-01	7.097236e-01	-1.603231e-01
5.083930e-01	7.101361e-01	-1.603597e-01
5.049924e-01	7.107533e-01	-1.603453e-01
5.222245e-01	7.085714e-01	-1.611400e-01
5.255551e-01	7.079878e-01	-1.611658e-01
5.290439e-01	7.073874e-01	-1.610884e-01
5.000223e-01	7.049332e-01	-7.248217e-02
5.336843e-01	7.010762e-01	-7.619119e-02
5.091742e-01	6.782168e-01	-1.427328e-01
5.221413e-01	6.770160e-01	-1.435952e-01
4.735582e-01	6.133307e-01	-2.823074e-02
5.560646e-01	6.063963e-01	-2.736950e-02
4.662428e-01	5.045735e-01	-8.799808e-03
5.648603e-01	4.921167e-01	-7.447951e-03
4.458008e-01	4.156223e-01	-8.309446e-02
5.818965e-01	3.917160e-01	-8.753239e-02
4.368692e-01	3.852414e-01	-1.062769e-01
5.889515e-01	3.573281e-01	-1.119618e-01
4.362497e-01	3.867478e-01	-1.380282e-01
5.877135e-01	3.573936e-01	-1.444062e-01
4.415984e-01	3.955801e-01	-9.785727e-02
5.832067e-01	3.685382e-01	-1.033871e-01
4.900998e-01	3.917395e-01	7.120749e-03
5.378385e-01	3.888841e-01	-7.048541e-03
4.842308e-01	2.321682e-01	2.008018e-03
5.418853e-01	2.296975e-01	-1.572971e-02
4.864958e-01	8.515252e-02	8.904537e-02
5.436080e-01	8.139333e-02	7.205094e-02
4.946930e-01	6.317657e-02	9.232324e-02
5.378279e-01	6.114320e-02	7.449207e-02
4.617741e-01	5.200335e-02	5.432137e-03
5.539538e-01	3.807342e-02	-2.286568e-02
5.166978e-01	6.942056e-01	-1.632797e-01
5.122386e-01	7.097681e-01	-1.479284e-01
5.084653e-01	7.101628e-01	-1.479730e-01
5.050720e-01	7.107693e-01	-1.479641e-01
5.222766e-01	7.086375e-01	-1.489343e-01
5.256388e-01	7.080491e-01	-1.489598e-01
5.290896e-01	7.074498e-01	-1.488838e-01
5.001631e-01	7.050597e-01	-6.081995e-02
5.337728e-01	7.011573e-01	-6.511783e-02
5.092744e-01	6.783469e-01	-1.308246e-01
5.222394e-01	6.770847e-01	-1.319012e-01
4.738745e-01	6.148866e-01	-1.692168e-02
5.560859e-01	6.081012e-01	-1.996024e-02
4.657980e-01	5.099117e-01	4.461992e-04
5.658982e-01	4.943236e-01	-4.137542e-03
4.438987e-01	4.236030e-01	-7.715221e-02
5.854048e-01	3.986118e-01	-8.796444e-02
4.344067e-01	3.926142e-01	-1.006751e-01
5.929323e-01	3.663253e-01	-1.134275e-01
4.331046e-01	3.939861e-01	-1.319772e-01
5.917555e-01	3.668330e-01	-1.456437e-01
4.386319e-01	4.034805e-01	-9.185646e-02
5.870684e-01	3.774412e-01	-1.039842e-01
4.903165e-01	3.917040e-01	7.925330e-03
5.381981e-01	3.905512e-01	-7.859997e-03
4.844429e-01	2.322450e-01	1.359275e-03
5.418773e-01	2.302673e-01	-1.901006e-02
4.865350e-01	8.515831e-02	8.511994e-02
5.435786e-01	8.168209e-02	6.831256e-02
4.946570e-01	6.367286e-02	8.805224e-02
5.378958e-01	6.247001e-02	7.072852e-02
4.611488e-01	5.425688e-02	9.091902e-04
5.529127e-01	3.997790e-02	-2.614539e-02
5.167785e-01	6.943369e-01	-1.363550e-01
5.122836e-01	7.098440e-01	-1.207072e-01
5.085450e-01	7.102098e-01	-1.207530e-01
5.051619e-01	7.107928e-01	-1.207434e-01
5.223700e-01	7.087608e-01	-1.217446e-01
5.257498e-01	7.081668e-01	-1.217698e-01
5.291739e-01	7.075698e-01	-1.216797e-01
5.003238e-01	7.051716e-01	-3.685937e-02
5.338876e-01	7.012948e-01	-4.109612e-02
5.094316e-01	6.784567e-01	-1.055416e-01
5.224210e-01	6.771784e-01	-1.065815e-01
4.746118e-01	6.170965e-01	-1.640574e-04
5.560799e-01	6.098664e-01	-3.039926e-04
4.653205e-01	5.153382e-01	1.476116e-02
5.670476e-01	4.989104e-01	1.303572e-02
4.414695e-01	4.302413e-01	-5.747714e-02
5.875917e-01	4.073663e-01	-6.831198e-02
4.311954e-01	3.996419e-01	-8.035686e-02
5.962785e-01	3.769270e-01	-9.376102e-02
4.296103e-01	4.004806e-01	-1.112423e-01
5.965502e-01	3.778808e-01	-1.252337e-01
4.349481e-01	4.102141e-01	-7.200898e-02
5.916961e-01	3.873106e-01	-8.435210e-02
4.904413e-01	3.938133e-01	7.790198e-03
5.381626e-01	3.933537e-01	-7.707761e-03
4.844258e-01	2.330296e-01	-2.724828e-03
5.418085e-01	2.308681e-01	-2.312741e-02
4.863472e-01	8.557367e-02	8.168887e-02
5.429103e-01	8.187697e-02	5.680444e-02
4.937309e-01	6.490872e-02	8.462108e-02
5.374922e-01	6.309650e-02	5.829040e-02
4.620927e-01	5.393811e-02	-3.839429e-03
5.507039e-01	4.006533e-02	-4.100188e-02
5.167798e-01	6.941327e-01	-1.175880e-01
5.122600e-01	7.097054e-01	-1.019952e-01
5.085508e-01	7.101009e-01	-1.020446e-01
5.051638e-01	7.106813e-01	-1.020376e-01
5.223721e-01	7.086558e-01	-1.035813e-01
5.257832e-01	7.081121e-01	-1.035989e-01
5.291795e-01	7.075236e-01	-1.034966e-01
5.004264e-01	7.051798e-01	-1.917776e-02
5.339385e-01	7.012998e-01	-2.609640e-02
5.094810e-01	6.782717e-01	-8.713493e-02
5.224320e-01	6.769673e-01	-8.894469e-02
4.751440e-01	6.186782e-01	1.692519e-02
5.560595e-01	6.125845e-01	1.160275e-02
4.650232e-01	5.196459e-01	3.422119e-02
5.684144e-01	5.048835e-01	2.373974e-02
4.392963e-01	4.388571e-01	-3.433970e-02
5.911861e-01	4.193111e-01	-5.687342e-02
4.276864e-01	4.100072e-01	-5.647243e-02
6.014676e-01	3.902952e-01	-8.258443e-02
4.257162e-01	4.101245e-01	-8.759559e-02
6.014985e-01	3.914810e-01	-1.134628e-01
4.316271e-01	4.188574e-01	-4.900132e-02
5.964580e-01	3.995369e-01	-7.273204e-02
4.905310e-01	3.946463e-01	8.089537e-03
5.381656e-01	3.948677e-01	-8.020965e-03
4.842592e-01	2.338136e-01	-6.880820e-03
5.417925e-01	2.310839e-01	-2.841198e-02
4.862957e-01	8.557503e-02	7.499006e-02
5.427654e-01	8.186416e-02	5.078657e-02
4.933891e-01	6.493500e-02	7.788803e-02
5.374633e-01	6.314616e-02	5.235097e-02
4.618580e-01	5.568426e-02	-7.038632e-03
5.505578e-01	4.034480e-02	-4.463250e-02
5.167276e-01	6.938797e-01	-1.289185e-01
5.121240e-01	7.094715e-01	-1.123298e-01
5.085291e-01	7.099142e-01	-1.123845e-01
5.050997e-01	7.104906e-01	-1.123761e-01
5.222925e-01	7.084733e-01	-1.141551e-01
5.257836e-01	7.080117e-01	-1.141731e-01
5.291504e-01	7.074389e-01	-1.140683e-01
5.004479e-01	7.051771e-01	-2.361950e-02
5.339507e-01	7.012998e-01	-3.190150e-02
5.094801e-01	6.779810e-01	-9.628643e-02
5.224031e-01	6.766635e-01	-9.845051e-02
4.756667e-01	6.196377e-01	1.774298e-02
5.560588e-01	6.144344e-01	9.637962e-03
4.642705e-01	5.225723e-01	3.664021e-02
5.699703e-01	5.110304e-01	1.639089e-02
4.359459e-01	4.468531e-01	-4.050943e-02
5.944007e-01	4.277451e-01	-7.435503e-02
4.235309e-01	4.222237e-01	-6.425727e-02
6.054409e-01	4.008845e-01	-1.008426e-01
4.208740e-01	4.239963e-01	-9.724285e-02
6.055825e-01	4.026064e-01	-1.316148e-01
4.269236e-01	4.314315e-01	-5.621244e-02
6.003717e-01	4.094559e-01	-9.017543e-02
4.905398e-01	3.945154e-01	8.444279e-03
5.379345e-01	3.943973e-01	-8.351193e-03
4.843258e-01	2.343767e-01	-1.413964e-04
5.417851e-01	2.310791e-01	-2.431673e-02
4.861505e-01	8.574738e-02	8.815620e-02
5.426013e-01	8.198594e-02	6.229242e-02
4.932576e-01	6.498869e-02	9.183156e-02
5.372537e-01	6.361830e-02	6.452887e-02
4.615559e-01	5.580971e-02	5.852478e-03
5.503143e-01	4.093740e-02	-3.345376e-02
5.167278e-01	6.937227e-01	-1.160016e-01
5.120817e-01	7.093816e-01	-9.960707e-02
5.085279e-01	7.098547e-01	-9.966214e-02
5.050752e-01	7.104351e-01	-9.964912e-02
5.222915e-01	7.083980e-01	-1.005800e-01
5.258184e-01	7.079743e-01	-1.005869e-01
5.291557e-01	7.074077e-01	-1.004708e-01
5.004635e-01	7.052101e-01	-1.158229e-02
5.340248e-01	7.013174e-01	-1.602306e-02
5.094851e-01	6.778135e-01	-8.366733e-02
5.224077e-01	6.764893e-01	-8.470230e-02
4.758698e-01	6.214784e-01	2.573780e-02
5.560317e-01	6.157041e-01	2.730345e-02
4.633409e-01	5.258348e-01	3.550210e-02
5.718216e-01	5.140942e-01	3.117348e-02
4.328846e-01	4.575188e-01	-4.870033e-02
5.994397e-01	4.359514e-01	-6.843011e-02
4.193761e-01	4.358109e-01	-7.380237e-02
6.112270e-01	4.102145e-01	-9.770850e-02
4.158266e-01	4.400646e-01	-1.067445e-01
6.122028e-01	4.136396e-01	-1.281826e-01
4.221412e-01	4.465514e-01	-6.464566e-02
6.067910e-01	4.198769e-01	-8.499052e-02
4.899780e-01	3.943894e-01	7.795001e-03
5.375686e-01	3.940026e-01	-7.671597e-03
4.843256e-01	2.345435e-01	-2.297350e-03
5.418299e-01	2.310600e-01	-2.303029e-02
4.860881e-01	8.572046e-02	9.105311e-02
5.426151e-01	8.200108e-02	6.595474e-02
4.932036e-01	6.499244e-02	9.507679e-02
5.372459e-01	6.377211e-02	6.820563e-02
4.613957e-01	5.644441e-02	9.690453e-03
5.508801e-01	4.104974e-02	-2.989016e-02
5.167232e-01	6.934431e-01	-1.021021e-01
5.120295e-01	7.091588e-01	-8.587668e-02
5.085214e-01	7.097102e-01	-8.594111e-02
5.050339e-01	7.103396e-01	-8.593117e-02
5.222736e-01	7.081151e-01	-8.616666e-02
5.258299e-01	7.077783e-01	-8.615594e-02
5.291560e-01	7.072366e-01	-8.602472e-02
5.004604e-01	7.052733e-01	1.047740e-03
5.340341e-01	7.013031e-01	-6.216543e-05
5.094861e-01	6.776286e-01	-7.027698e-02
5.223970e-01	6.761941e-01	-7.033709e-02
4.759146e-01	6.233691e-01	3.256110e-02
5.555467e-01	6.164793e-01	4.358243e-02
4.630333e-01	5.300593e-01	2.680008e-02
5.735183e-01	5.191894e-01	4.223879e-02
4.281166e-01	4.696684e-01	-7.446927e-02
6.046508e-01	4.484908e-01	-6.171466e-02
4.150178e-01	4.495408e-01	-1.037030e-01
6.168782e-01	4.263362e-01	-9.185810e-02
4.118423e-01	4.554093e-01	-1.367202e-01
6.181370e-01	4.292006e-01	-1.221751e-01
4.176390e-01	4.614651e-01	-9.135410e-02
6.130791e-01	4.348384e-01	-7.885313e-02
4.895732e-01	3.950436e-01	6.417700e-03
5.372428e-01	3.945706e-01	-6.266633e-03
4.843213e-01	2.348113e-01	-8.732866e-03
5.417796e-01	2.315980e-01	-2.197885e-02
4.859444e-01	8.571602e-02	8.259197e-02
5.425179e-01	8.247299e-02	6.817313e-02
4.930657e-01	6.498870e-02	8.645178e-02
5.370793e-01	6.449462e-02	7.047654e-02
4.613473e-01	5.670846e-02	-1.731468e-04
5.505417e-01	4.139322e-02	-2.762943e-02
5.166222e-01	6.931264e-01	-1.020274e-01
5.119063e-01	7.088797e-01	-8.619254e-02
5.084718e-01	7.095511e-01	-8.626896e-02
5.049260e-01	7.102699e-01	-8.626647e-02
5.221499e-01	7.076600e-01	-8.665089e-02
5.258062e-01	7.074228e-01	-8.663803e-02
5.290924e-01	7.069408e-01	-8.651843e-02
5.004396e-01	7.054149e-01	3.801034e-04
5.340075e-01	7.012565e-01	-1.128904e-03
5.094303e-01	6.775682e-01	-7.010289e-02
5.222405e-01	6.760085e-01	-7.029542e-02
4.760117e-01	6.255159e-01	3.396181e-02
5.549040e-01	6.179159e-01	4.242068e-02
4.626030e-01	5.338506e-01	2.852620e-02
5.760627e-01	5.248406e-01	4.703511e-02
4.206272e-01	4.854889e-01	-7.525276e-02
6.096566e-01	4.588414e-01	-4.921122e-02
4.081069e-01	4.662479e-01	-1.031650e-01
6.233253e-01	4.404592e-01	-7.828452e-02
4.051926e-01	4.733270e-01	-1.365018e-01
6.244683e-01	4.445963e-01	-1.099995e-01
4.106356e-01	4.796346e-01	-9.223901e-02
6.189808e-01	4.498525e-01	-6.712768e-02
4.896092e-01	3.963111e-01	6.642943e-03
5.369512e-01	3.955003e-01	-6.498328e-03
4.841278e-01	2.358695e-01	-8.075048e-03
5.415505e-01	2.327116e-01	-2.160424e-02
4.857953e-01	8.639885e-02	8.306452e-02
5.421841e-01	8.315652e-02	6.925576e-02
4.930426e-01	6.578512e-02	8.699974e-02
5.368527e-01	6.632250e-02	7.173268e-02
4.609048e-01	5.715678e-02	-8.276220e-05
5.489294e-01	4.154878e-02	-2.612852e-02
5.165805e-01	6.927435e-01	-9.525149e-02
5.118220e-01	7.084098e-01	-7.969601e-02
5.084446e-01	7.091310e-01	-7.977043e-02
5.048640e-01	7.099252e-01	-7.976526e-02
5.220101e-01	7.071405e-01	-7.976284e-02
5.257343e-01	7.069873e-01	-7.974645e-02
5.289729e-01	7.065753e-01	-7.963444e-02
5.004261e-01	7.054099e-01	6.763981e-03
5.338769e-01	7.011321e-01	7.130129e-03
5.094296e-01	6.773563e-01	-6.334568e-02
5.221621e-01	6.757765e-01	-6.298238e-02
4.761933e-01	6.268563e-01	4.074962e-02
5.538788e-01	6.189696e-01	5.276768e-02
4.619677e-01	5.388837e-01	2.871506e-02
5.778863e-01	5.337086e-01	5.668920e-02
4.165164e-01	5.028219e-01	-8.192728e-02
6.153622e-01	4.727798e-01	-4.172023e-02
4.020170e-01	4.830658e-01	-1.094471e-01
6.304663e-01	4.583064e-01	-7.003739e-02
3.992527e-01	4.921984e-01	-1.432737e-01
6.317167e-01	4.628841e-01	-1.021642e-01
4.050051e-01	4.984064e-01	-9.945223e-02
6.258907e-01	4.667886e-01	-5.999181e-02
4.897615e-01	3.967821e-01	6.101516e-03
5.367187e-01	3.958401e-01	-5.951301e-03
4.840946e-01	2.367997e-01	-8.643235e-03
5.412777e-01	2.336868e-01	-2.430107e-02
4.857519e-01	8.729066e-02	8.624506e-02
5.417573e-01	8.310986e-02	6.656179e-02
4.930179e-01	6.637837e-02	9.037148e-02
5.363789e-01	6.627895e-02	6.860904e-02
4.612145e-01	5.712183e-02	2.819667e-03
5.489454e-01	4.160140e-02	-3.202121e-02
5.165752e-01	6.921507e-01	-9.269329e-02
5.117931e-01	7.078428e-01	-7.685976e-02
5.084407e-01	7.085629e-01	-7.692460e-02
5.048524e-01	7.093537e-01	-7.690763e-02
5.219478e-01	7.066249e-01	-7.698641e-02
5.256944e-01	7.065545e-01	-7.696469e-02
5.288988e-01	7.062074e-01	-7.685070e-02
5.004241e-01	7.052584e-01	1.153185e-02
5.337635e-01	7.009284e-01	1.154167e-02
5.094371e-01	6.767246e-01	-6.014661e-02
5.221251e-01	6.753003e-01	-5.984874e-02
4.763055e-01	6.268024e-01	4.594028e-02
5.536380e-01	6.194068e-01	5.697361e-02
4.610623e-01	5.423042e-01	2.536582e-02
5.821159e-01	5.381319e-01	4.876748e-02
4.126450e-01	5.168364e-01	-1.000572e-01
6.225262e-01	4.854807e-01	-5.443744e-02
3.970960e-01	5.004848e-01	-1.280735e-01
6.384613e-01	4.730691e-01	-8.139227e-02
3.934928e-01	5.104740e-01	-1.619900e-01
6.393575e-01	4.785163e-01	-1.132715e-01
4.002754e-01	5.146990e-01	-1.181541e-01
6.333740e-01	4.810327e-01	-7.115714e-02
4.898304e-01	3.967230e-01	5.171078e-03
5.366331e-01	3.956469e-01	-5.012759e-03
4.840736e-01	2.371550e-01	-1.158501e-02
5.409616e-01	2.344683e-01	-2.580589e-02
4.857048e-01	8.729325e-02	8.758739e-02
5.407924e-01	8.299644e-02	6.778211e-02
4.930256e-01	6.636069e-02	9.186506e-02
5.344763e-01	6.584733e-02	6.995849e-02
4.625094e-01	5.682556e-02	2.509864e-03
5.491438e-01	4.212787e-02	-3.175114e-02
5.165782e-01	6.918694e-01	-9.758908e-02
5.117793e-01	7.076204e-01	-8.198122e-02
5.084364e-01	7.082994e-01	-8.204205e-02
5.048336e-01	7.090279e-01	-8.202197e-02
5.219363e-01	7.064394e-01	-8.166935e-02
5.256894e-01	7.063954e-01	-8.164884e-02
5.288771e-01	7.060555e-01	-8.154000e-02
5.004064e-01	7.050174e-01	5.801571e-03
5.336946e-01	7.007294e-01	7.610141e-03
5.094492e-01	6.762270e-01	-6.536057e-02
5.221244e-01	6.750062e-01	-6.453432e-02
4.763536e-01	6.264099e-01	4.332878e-02
5.535691e-01	6.191584e-01	5.390034e-02
4.580235e-01	5.452662e-01	2.756058e-02
5.858034e-01	5.466512e-01	4.627965e-02
4.078978e-01	5.291483e-01	-9.174016e-02
6.295971e-01	5.032455e-01	-5.930041e-02
3.921396e-01	5.156199e-01	-1.196570e-01
6.455696e-01	4.922698e-01	-8.627733e-02
3.880114e-01	5.252609e-01	-1.515211e-01
6.467355e-01	4.975861e-01	-1.175472e-01
3.952981e-01	5.286021e-01	-1.082904e-01
6.399679e-01	4.998458e-01	-7.472216e-02
4.898070e-01	3.966025e-01	5.022265e-03
5.363404e-01	3.955047e-01	-4.859019e-03
4.839846e-01	2.371461e-01	-1.096268e-02
5.407912e-01	2.345702e-01	-2.731338e-02
4.855229e-01	8.710473e-02	8.855729e-02
5.398782e-01	8.265673e-02	6.689722e-02
4.928973e-01	6.608076e-02	9.264053e-02
5.332701e-01	6.499007e-02	6.895914e-02
4.626537e-01	5.670343e-02	3.978077e-03
5.490829e-01	4.241627e-02	-3.452074e-02
5.166419e-01	6.918639e-01	-1.036141e-01
5.117776e-01	7.075719e-01	-8.848113e-02
5.084352e-01	7.082151e-01	-8.853757e-02
5.048154e-01	7.088882e-01	-8.851309e-02
5.219362e-01	7.064063e-01	-8.822648e-02
5.256901e-01	7.063590e-01	-8.822076e-02
5.288674e-01	7.060118e-01	-8.812109e-02
5.003378e-01	7.047498e-01	-2.150292e-03
5.336339e-01	7.005334e-01	-7.638765e-04
5.094744e-01	6.760753e-01	-7.180291e-02
5.221491e-01	6.749615e-01	-7.108434e-02
4.763413e-01	6.261264e-01	4.124713e-02
5.534424e-01	6.189315e-01	4.311448e-02
4.538355e-01	5.480797e-01	5.428157e-02
5.900754e-01	5.527211e-01	4.076744e-02
4.020980e-01	5.448798e-01	-1.917271e-02
6.351020e-01	5.206577e-01	-7.209065e-02
3.858157e-01	5.370873e-01	-3.631094e-02
6.511486e-01	5.126898e-01	-9.956795e-02
3.826805e-01	5.453065e-01	-7.263340e-02
6.523641e-01	5.176798e-01	-1.302290e-01
3.895865e-01	5.478678e-01	-3.716991e-02
6.454501e-01	5.187060e-01	-9.023632e-02
4.898117e-01	3.965741e-01	6.496281e-03
5.361515e-01	3.952372e-01	-6.323317e-03
4.838947e-01	2.371274e-01	-6.049993e-03
5.403541e-01	2.345645e-01	-2.856251e-02
4.849877e-01	8.708432e-02	1.013008e-01
5.391786e-01	8.243859e-02	6.722272e-02
4.922299e-01	6.607343e-02	1.060791e-01
5.325205e-01	6.468661e-02	6.947055e-02
4.626260e-01	5.662338e-02	1.659118e-02
5.489732e-01	4.286943e-02	-3.407390e-02
5.166720e-01	6.918431e-01	-1.155134e-01
5.117689e-01	7.075000e-01	-1.002599e-01
5.084244e-01	7.081074e-01	-1.003031e-01
5.047723e-01	7.087225e-01	-1.002497e-01
5.219370e-01	7.063268e-01	-9.877253e-02
5.256947e-01	7.062668e-01	-9.877388e-02
5.288666e-01	7.058957e-01	-9.870712e-02
5.002252e-01	7.043148e-01	-1.127909e-02
5.336035e-01	7.001456e-01	-1.400309e-03
5.094756e-01	6.758505e-01	-8.250178e-02
5.221527e-01	6.747983e-01	-8.013682e-02
4.763145e-01	6.260480e-01	3.598417e-02
5.533471e-01	6.187955e-01	3.840797e-02
4.483053e-01	5.527085e-01	4.343643e-02
5.944338e-01	5.632953e-01	3.816855e-02
3.979622e-01	5.618207e-01	-4.256061e-02
6.424409e-01	5.363883e-01	-5.375769e-02
3.806521e-01	5.545716e-01	-3.854114e-02
6.583310e-01	5.305459e-01	-7.636919e-02
3.784710e-01	5.623665e-01	-7.362393e-02
6.591251e-01	5.366521e-01	-1.080182e-01
3.854302e-01	5.647498e-01	-6.332104e-02
6.526574e-01	5.364166e-01	-7.202042e-02
4.898261e-01	3.965227e-01	6.517162e-03
5.359333e-01	3.950292e-01	-6.341373e-03
4.838786e-01	2.371325e-01	-1.777238e-03
5.399756e-01	2.345659e-01	-2.755022e-02
4.843062e-01	8.707854e-02	1.068716e-01
5.385989e-01	8.228935e-02	6.895216e-02
4.911334e-01	6.606507e-02	1.118483e-01
5.316922e-01	6.445603e-02	7.161833e-02
4.627654e-01	5.656349e-02	2.076593e-02
5.489728e-01	4.328556e-02	-3.294820e-02
5.166594e-01	6.917332e-01	-1.382836e-01
5.117167e-01	7.073048e-01	-1.219710e-01
5.083735e-01	7.078526e-01	-1.220181e-01
5.046909e-01	7.083996e-01	-1.219705e-01
5.218970e-01	7.061447e-01	-1.212571e-01
5.256693e-01	7.060757e-01	-1.212663e-01
5.288464e-01	7.057161e-01	-1.211908e-01
5.000604e-01	7.037580e-01	-2.731840e-02
5.335670e-01	6.998020e-01	-2.307497e-02
5.094730e-01	6.754744e-01	-1.030370e-01
5.221275e-01	6.744469e-01	-1.019855e-01
4.761856e-01	6.258584e-01	3.200908e-02
5.533547e-01	6.194185e-01	2.663470e-02
4.430090e-01	5.593029e-01	4.304407e-02
5.990956e-01	5.721730e-01	2.399276e-02
3.919784e-01	5.741462e-01	-5.340024e-02
6.508942e-01	5.538499e-01	-7.385097e-02
3.741837e-01	5.701135e-01	-6.747364e-02
6.667919e-01	5.528395e-01	-9.505163e-02
3.721754e-01	5.793771e-01	-1.017421e-01
6.667770e-01	5.567876e-01	-1.263973e-01
3.788571e-01	5.804286e-01	-7.202749e-02
6.602584e-01	5.547701e-01	-9.200512e-02
4.900059e-01	3.966571e-01	7.165796e-03
5.358611e-01	3.951539e-01	-7.002349e-03
4.838356e-01	2.371237e-01	-1.492333e-05
5.397398e-01	2.345430e-01	-2.957084e-02
4.836360e-01	8.701355e-02	1.074157e-01
5.383061e-01	8.144134e-02	6.782932e-02
4.901195e-01	6.601857e-02	1.121102e-01
5.312722e-01	6.347928e-02	7.055403e-02
4.627525e-01	5.655874e-02	1.964861e-02
5.491365e-01	4.328806e-02	-3.671542e-02
5.165371e-01	6.916936e-01	-1.398614e-01
5.116372e-01	7.071626e-01	-1.238473e-01
5.082836e-01	7.076820e-01	-1.239011e-01
5.045778e-01	7.082155e-01	-1.238641e-01
5.217513e-01	7.059993e-01	-1.233649e-01
5.254714e-01	7.059128e-01	-1.233739e-01
5.286869e-01	7.055894e-01	-1.232888e-01
4.999725e-01	7.035574e-01	-3.070117e-02
5.333573e-01	6.996295e-01	-2.815590e-02
5.093987e-01	6.754278e-01	-1.050877e-01
5.219730e-01	6.743843e-01	-1.043819e-01
4.756225e-01	6.258246e-01	3.055839e-02
5.533491e-01	6.200863e-01	2.104508e-02
4.389490e-01	5.693594e-01	3.699756e-02
6.016439e-01	5.829924e-01	2.391571e-02
3.877726e-01	5.893704e-01	-4.883695e-02
6.576741e-01	5.736054e-01	-7.103044e-02
3.703375e-01	5.871760e-01	-6.550814e-02
6.738065e-01	5.792912e-01	-9.059557e-02
3.686993e-01	5.967707e-01	-9.806529e-02
6.741942e-01	5.826358e-01	-1.225065e-01
3.751395e-01	5.970265e-01	-6.626670e-02
6.683031e-01	5.785155e-01	-8.947612e-02
4.901471e-01	3.965853e-01	8.842974e-03
5.356642e-01	3.952930e-01	-8.702598e-03
4.838046e-01	2.370494e-01	5.562452e-03
5.393980e-01	2.345217e-01	-2.936315e-02
4.831969e-01	8.690334e-02	1.107588e-01
5.382486e-01	8.133671e-02	6.683379e-02
4.895445e-01	6.601100e-02	1.155127e-01
5.314623e-01	6.345323e-02	6.976049e-02
4.615898e-01	5.660968e-02	2.403322e-02
5.481079e-01	4.326602e-02	-3.667045e-02
5.163676e-01	6.914560e-01	-1.720738e-01
5.114889e-01	7.069591e-01	-1.556391e-01
5.081186e-01	7.074381e-01	-1.557057e-01
5.044153e-01	7.079507e-01	-1.556760e-01
5.215667e-01	7.058396e-01	-1.564692e-01
5.252689e-01	7.057671e-01	-1.564867e-01
5.285476e-01	7.055002e-01	-1.563993e-01
4.998824e-01	7.034305e-01	-5.756288e-02
5.332252e-01	6.996260e-01	-6.171069e-02
5.093296e-01	6.752650e-01	-1.349670e-01
5.217875e-01	6.743013e-01	-1.361865e-01
4.753233e-01	6.261255e-01	8.171004e-03
5.535820e-01	6.208519e-01	-1.106429e-02
4.326740e-01	5.791351e-01	6.013881e-03
6.083317e-01	5.928845e-01	-1.170133e-02
3.825369e-01	6.104664e-01	-8.821965e-02
6.674029e-01	5.999517e-01	-1.082512e-01
3.647540e-01	6.108124e-01	-1.073695e-01
6.872035e-01	6.053120e-01	-1.282208e-01
3.645299e-01	6.222197e-01	-1.351898e-01
6.855547e-01	6.116682e-01	-1.605967e-01
3.707049e-01	6.224170e-01	-1.042383e-01
6.784733e-01	6.083506e-01	-1.263029e-01
4.913349e-01	3.965355e-01	1.303298e-02
5.358130e-01	3.953159e-01	-1.294343e-02
4.837925e-01	2.370610e-01	1.877685e-02
5.390440e-01	2.345650e-01	-2.808661e-02
4.830919e-01	8.689736e-02	1.169251e-01
5.381360e-01	8.161779e-02	6.709988e-02
4.895093e-01	6.600814e-02	1.212066e-01
5.317443e-01	6.402469e-02	6.998225e-02
4.613718e-01	5.659046e-02	3.164104e-02
5.426300e-01	4.328642e-02	-3.604866e-02
5.163509e-01	6.913905e-01	-1.886416e-01
5.114757e-01	7.069022e-01	-1.724122e-01
5.081096e-01	7.073781e-01	-1.724814e-01
5.043980e-01	7.078776e-01	-1.724526e-01
5.215212e-01	7.057735e-01	-1.732526e-01
5.252174e-01	7.056977e-01	-1.732641e-01
5.285058e-01	7.054405e-01	-1.731680e-01
4.998590e-01	7.034022e-01	-7.346409e-02
5.331736e-01	6.996244e-01	-7.751922e-02
5.093282e-01	6.752362e-01	-1.510305e-01
5.217140e-01	6.742983e-01	-1.522520e-01
4.747580e-01	6.268995e-01	-6.493201e-03
5.537162e-01	6.218383e-01	-2.443694e-02
4.256519e-01	5.910589e-01	-1.095283e-02
6.110550e-01	6.074247e-01	-2.819669e-02
3.761649e-01	6.317499e-01	-1.015338e-01
6.702124e-01	6.205187e-01	-1.275409e-01
3.590825e-01	6.339149e-01	-1.208709e-01
6.877733e-01	6.267386e-01	-1.474030e-01
3.585586e-01	6.437037e-01	-1.476158e-01
6.867077e-01	6.334838e-01	-1.792444e-01
3.651436e-01	6.432911e-01	-1.170560e-01
6.806256e-01	6.286268e-01	-1.453327e-01
4.916080e-01	3.964848e-01	1.273906e-02
5.357925e-01	3.957041e-01	-1.265214e-02
4.837901e-01	2.374993e-01	1.788993e-02
5.387370e-01	2.351552e-01	-2.259584e-02
4.828829e-01	8.689181e-02	1.150993e-01
5.380554e-01	8.190963e-02	7.073807e-02
4.894221e-01	6.599756e-02	1.191381e-01
5.318546e-01	6.405702e-02	7.396054e-02
4.601530e-01	5.657764e-02	2.868402e-02
5.426723e-01	4.347234e-02	-3.180658e-02
5.163506e-01	6.914809e-01	-1.881866e-01
5.114720e-01	7.069417e-01	-1.712276e-01
5.081071e-01	7.074174e-01	-1.713028e-01
5.043848e-01	7.079108e-01	-1.712808e-01
5.215178e-01	7.057875e-01	-1.723842e-01
5.252162e-01	7.057053e-01	-1.724011e-01
5.285046e-01	7.054416e-01	-1.723006e-01
4.998330e-01	7.034246e-01	-7.089894e-02
5.331730e-01	6.996682e-01	-7.645423e-02
5.093252e-01	6.753716e-01	-1.502825e-01
5.216882e-01	6.744769e-01	-1.519306e-01
4.741478e-01	6.277347e-01	-5.901270e-03
5.540366e-01	6.229008e-01	-2.701556e-02
4.228002e-01	6.013889e-01	-1.435928e-02
6.123884e-01	6.171818e-01	-3.470941e-02
3.742025e-01	6.452389e-01	-9.959098e-02
6.707605e-01	6.397693e-01	-1.328851e-01
3.567967e-01	6.543346e-01	-1.187776e-01
6.880155e-01	6.497332e-01	-1.528663e-01
3.564941e-01	6.632656e-01	-1.446438e-01
6.874461e-01	6.567376e-01	-1.844864e-01
3.632593e-01	6.608987e-01	-1.148512e-01
6.812781e-01	6.511562e-01	-1.509175e-01
4.911647e-01	3.963172e-01	1.256661e-02
5.349140e-01	3.956937e-01	-1.247689e-02
4.833566e-01	2.375733e-01	1.660744e-02
5.383826e-01	2.354389e-01	-2.176661e-02
4.825125e-01	8.594747e-02	1.133674e-01
5.378785e-01	8.167220e-02	7.036634e-02
4.891264e-01	6.506312e-02	1.173123e-01
5.318903e-01	6.285762e-02	7.343554e-02
4.572507e-01	5.597977e-02	2.675017e-02
5.432241e-01	4.346820e-02	-3.263893e-02
5.163103e-01	6.914799e-01	-1.890622e-01
5.114245e-01	7.069427e-01	-1.712613e-01
5.080508e-01	7.074174e-01	-1.713364e-01
5.043031e-01	7.079125e-01	-1.713157e-01
5.214887e-01	7.057867e-01	-1.729188e-01
5.251956e-01	7.057033e-01	-1.729490e-01
5.284964e-01	7.054393e-01	-1.728569e-01
4.997506e-01	7.034314e-01	-6.916871e-02
5.331807e-01	6.996954e-01	-7.679418e-02
5.092646e-01	6.753709e-01	-1.504939e-01
5.215714e-01	6.745065e-01	-1.527678e-01
4.731236e-01	6.292178e-01	-3.077617e-03
5.544284e-01	6.248951e-01	-3.225086e-02
4.196526e-01	6.135703e-01	-1.525129e-02
6.134493e-01	6.302148e-01	-4.781949e-02
3.724197e-01	6.610592e-01	-1.026015e-01
6.691713e-01	6.626987e-01	-1.466643e-01
3.555226e-01	6.762620e-01	-1.223353e-01
6.867886e-01	6.753249e-01	-1.676423e-01
3.556451e-01	6.838213e-01	-1.458108e-01
6.852413e-01	6.827521e-01	-1.979770e-01
3.626191e-01	6.795359e-01	-1.172606e-01
6.788592e-01	6.765758e-01	-1.643237e-01
4.906639e-01	3.954464e-01	1.331020e-02
5.347129e-01	3.956771e-01	-1.320909e-02
4.829740e-01	2.375204e-01	1.822341e-02
5.383354e-01	2.354632e-01	-2.184139e-02
4.822849e-01	8.502893e-02	1.180522e-01
5.379011e-01	8.104556e-02	7.019655e-02
4.889983e-01	6.398985e-02	1.219867e-01
5.319294e-01	6.080654e-02	7.320817e-02
4.563119e-01	5.590627e-02	2.996971e-02
5.434802e-01	4.317406e-02	-3.461225e-02
5.155435e-01	6.908423e-01	-2.135049e-01
5.109503e-01	7.067229e-01	-1.950160e-01
5.074923e-01	7.071936e-01	-1.950975e-01
5.038803e-01	7.077249e-01	-1.950957e-01
5.210106e-01	7.056464e-01	-1.978327e-01
5.246885e-01	7.055793e-01	-1.978794e-01
5.281637e-01	7.053475e-01	-1.978017e-01
4.995058e-01	7.034090e-01	-8.862270e-02
5.330905e-01	6.995612e-01	-1.013579e-01
5.086393e-01	6.750273e-01	-1.732020e-01
5.208699e-01	6.742675e-01	-1.769696e-01
4.724281e-01	6.299754e-01	-1.712052e-02
5.547333e-01	6.265780e-01	-5.654697e-02
4.172370e-01	6.296053e-01	-3.110898e-02
6.157190e-01	6.420723e-01	-7.532521e-02
3.710867e-01	6.854501e-01	-1.204468e-01
6.693553e-01	6.888891e-01	-1.691878e-01
3.544049e-01	6.996088e-01	-1.397335e-01
6.871186e-01	7.017698e-01	-1.892196e-01
3.541967e-01	7.078842e-01	-1.609481e-01
6.856114e-01	7.112884e-01	-2.190774e-01
3.612151e-01	7.026784e-01	-1.343068e-01
6.790733e-01	7.054916e-01	-1.865048e-01
4.902413e-01	3.953143e-01	1.644375e-02
5.343667e-01	3.956643e-01	-1.635449e-02
4.826242e-01	2.374833e-01	2.392497e-02
5.380762e-01	2.351988e-01	-2.322264e-02
4.821287e-01	8.491295e-02	1.221713e-01
5.376104e-01	7.819497e-02	6.460617e-02
4.889897e-01	6.332437e-02	1.261327e-01
5.318615e-01	5.797367e-02	6.720306e-02
4.552866e-01	5.574790e-02	3.537948e-02
5.418677e-01	4.157090e-02	-4.195660e-02
5.153362e-01	6.907380e-01	-2.101979e-01
5.107200e-01	7.067229e-01	-1.915842e-01
5.072107e-01	7.071891e-01	-1.916648e-01
5.036262e-01	7.077017e-01	-1.916606e-01
5.208179e-01	7.056795e-01	-1.943541e-01
5.244887e-01	7.056051e-01	-1.943962e-01
5.280298e-01	7.053700e-01	-1.943183e-01
4.991904e-01	7.033799e-01	-8.551235e-02
5.329589e-01	6.995591e-01	-9.799015e-02
5.084040e-01	6.749898e-01	-1.700375e-01
5.206572e-01	6.742668e-01	-1.737009e-01
4.722061e-01	6.323211e-01	-1.691698e-02
5.551385e-01	6.283425e-01	-5.196475e-02
4.156347e-01	6.459264e-01	-3.413512e-02
6.148629e-01	6.529958e-01	-7.208780e-02
3.700046e-01	7.054579e-01	-1.234037e-01
6.686546e-01	7.113609e-01	-1.658867e-01
3.537955e-01	7.201229e-01	-1.434457e-01
6.852559e-01	7.265821e-01	-1.860161e-01
3.538966e-01	7.277514e-01	-1.623571e-01
6.836250e-01	7.362175e-01	-2.145468e-01
3.612784e-01	7.220742e-01	-1.365403e-01
6.774526e-01	7.305679e-01	-1.826642e-01
4.900528e-01	3.954050e-01	1.591271e-02
5.342197e-01	3.956421e-01	-1.581755e-02
4.821691e-01	2.376087e-01	2.133113e-02
5.378758e-01	2.350640e-01	-2.177732e-02
4.814691e-01	8.492231e-02	1.215793e-01
5.372156e-01	7.803474e-02	7.233347e-02
4.887648e-01	6.333126e-02	1.256882e-01
5.314447e-01	5.797524e-02	7.533407e-02
4.528189e-01	5.599214e-02	3.351595e-02
5.429431e-01	4.168598e-02	-3.540703e-02
5.147322e-01	6.914161e-01	-2.060283e-01
5.103060e-01	7.072054e-01	-1.864856e-01
5.067216e-01	7.075744e-01	-1.865743e-01
5.032565e-01	7.079934e-01	-1.865738e-01
5.202883e-01	7.063755e-01	-1.897786e-01
5.238262e-01	7.062882e-01	-1.898280e-01
5.273951e-01	7.060316e-01	-1.897628e-01
4.989838e-01	7.034259e-01	-7.966222e-02
5.325437e-01	6.996779e-01	-9.412843e-02
5.079364e-01	6.755494e-01	-1.657796e-01
5.201174e-01	6.750593e-01	-1.701119e-01
4.720336e-01	6.346067e-01	-1.534723e-02
5.555160e-01	6.294560e-01	-5.362269e-02
4.142961e-01	6.571845e-01	-3.784272e-02
6.139997e-01	6.636983e-01	-8.221112e-02
3.702067e-01	7.238410e-01	-1.279712e-01
6.683224e-01	7.286572e-01	-1.734944e-01
3.534006e-01	7.398381e-01	-1.493368e-01
6.832334e-01	7.462282e-01	-1.946327e-01
3.540353e-01	7.479270e-01	-1.660328e-01
6.815613e-01	7.568424e-01	-2.212048e-01
3.620370e-01	7.411880e-01	-1.406905e-01
6.760449e-01	7.500548e-01	-1.897914e-01
4.900464e-01	3.958694e-01	1.558776e-02
5.341620e-01	3.958033e-01	-1.549108e-02
4.819600e-01	2.376316e-01	1.999550e-02
5.377370e-01	2.351263e-01	-2.186131e-02
4.808887e-01	8.400406e-02	1.196996e-01
5.366445e-01	7.916573e-02	7.456764e-02
4.881814e-01	6.222143e-02	1.237942e-01
5.311596e-01	5.843601e-02	7.790787e-02
4.519020e-01	5.604450e-02	3.291070e-02
5.400082e-01	4.215018e-02	-3.205157e-02
5.147303e-01	6.916766e-01	-2.044806e-01
5.102724e-01	7.076715e-01	-1.839900e-01
5.066859e-01	7.079588e-01	-1.840851e-01
5.032052e-01	7.081813e-01	-1.840883e-01
5.202484e-01	7.071148e-01	-1.873032e-01
5.237845e-01	7.070102e-01	-1.873510e-01
5.273624e-01	7.066410e-01	-1.872978e-01
4.988798e-01	7.034041e-01	-7.471400e-02
5.325106e-01	6.996832e-01	-8.852981e-02
5.079122e-01	6.757953e-01	-1.631075e-01
5.200623e-01	6.754133e-01	-1.673807e-01
4.720104e-01	6.371924e-01	-1.114421e-02
5.557274e-01	6.323107e-01	-4.921145e-02
4.146933e-01	6.686580e-01	-2.829699e-02
6.123981e-01	6.734561e-01	-7.720190e-02
3.718998e-01	7.353184e-01	-1.185949e-01
6.656793e-01	7.439601e-01	-1.723862e-01
3.550250e-01	7.540981e-01	-1.409075e-01
6.817172e-01	7.619162e-01	-1.953422e-01
3.558400e-01	7.595558e-01	-1.609699e-01
6.801227e-01	7.730207e-01	-2.230704e-01
3.636436e-01	7.519748e-01	-1.328490e-01
6.742573e-01	7.666070e-01	-1.892946e-01
4.900105e-01	3.966852e-01	1.536857e-02
5.340123e-01	3.958845e-01	-1.527064e-02
4.815755e-01	2.376885e-01	1.982572e-02
5.377234e-01	2.346282e-01	-2.190390e-02
4.802147e-01	8.335740e-02	1.220212e-01
5.363553e-01	7.911226e-02	7.874630e-02
4.878984e-01	6.150552e-02	1.260635e-01
5.308017e-01	5.839990e-02	8.235840e-02
4.517044e-01	5.580070e-02	3.166027e-02
5.404997e-01	4.201030e-02	-3.011053e-02
5.147372e-01	6.919407e-01	-2.037830e-01
5.102741e-01	7.081878e-01	-1.827839e-01
5.066888e-01	7.084072e-01	-1.828851e-01
5.032053e-01	7.084600e-01	-1.828952e-01
5.202471e-01	7.077935e-01	-1.857702e-01
5.237840e-01	7.076643e-01	-1.858221e-01
5.273507e-01	7.072238e-01	-1.857853e-01
4.988725e-01	7.034185e-01	-7.202335e-02
5.324323e-01	6.997975e-01	-8.412345e-02
5.079050e-01	6.762936e-01	-1.617027e-01
5.200127e-01	6.759830e-01	-1.653998e-01
4.720271e-01	6.408727e-01	-9.072231e-03
5.557109e-01	6.352484e-01	-4.523849e-02
4.170829e-01	6.737333e-01	-2.622180e-02
6.111274e-01	6.834160e-01	-7.486456e-02
3.739722e-01	7.423232e-01	-1.192432e-01
6.637504e-01	7.607875e-01	-1.722777e-01
3.553749e-01	7.607642e-01	-1.435630e-01
6.772340e-01	7.800781e-01	-1.968523e-01
3.591672e-01	7.648315e-01	-1.651013e-01
6.751617e-01	7.918065e-01	-2.240852e-01
3.649234e-01	7.578219e-01	-1.345574e-01
6.697190e-01	7.852358e-01	-1.892229e-01
4.898507e-01	3.994641e-01	1.531033e-02
5.339967e-01	3.976271e-01	-1.521417e-02
4.808498e-01	2.384778e-01	2.022009e-02
5.376104e-01	2.348295e-01	-2.239497e-02
4.795712e-01	8.448959e-02	1.223489e-01
5.351468e-01	7.945276e-02	7.792042e-02
4.874509e-01	6.173873e-02	1.262688e-01
5.296863e-01	5.843867e-02	8.133861e-02
4.511422e-01	5.516878e-02	3.024081e-02
5.398760e-01	4.202827e-02	-3.174136e-02
5.147435e-01	6.929078e-01	-1.998635e-01
5.102971e-01	7.090428e-01	-1.795025e-01
5.067135e-01	7.091948e-01	-1.796023e-01
5.032154e-01	7.091218e-01	-1.796110e-01
5.202470e-01	7.086805e-01	-1.814060e-01
5.237564e-01	7.085232e-01	-1.814564e-01
5.272776e-01	7.081476e-01	-1.814204e-01
4.988644e-01	7.035481e-01	-7.102500e-02
5.320402e-01	7.004384e-01	-8.130164e-02
5.078875e-01	6.772486e-01	-1.592105e-01
5.199423e-01	6.770937e-01	-1.613350e-01
4.719366e-01	6.417945e-01	-1.512897e-02
5.556918e-01	6.375890e-01	-4.299257e-02
4.186323e-01	6.794971e-01	-4.565783e-02
6.099977e-01	6.949180e-01	-6.384799e-02
3.763427e-01	7.525917e-01	-1.431344e-01
6.591321e-01	7.778981e-01	-1.626514e-01
3.626836e-01	7.717230e-01	-1.723193e-01
6.696490e-01	8.005764e-01	-1.888353e-01
3.666541e-01	7.775877e-01	-1.929206e-01
6.675445e-01	8.103591e-01	-2.153055e-01
3.724283e-01	7.680286e-01	-1.588984e-01
6.631780e-01	8.030464e-01	-1.797663e-01
4.894722e-01	4.017637e-01	7.705285e-03
5.340003e-01	3.991797e-01	-7.569151e-03
4.803528e-01	2.387158e-01	1.725948e-02
5.374516e-01	2.348481e-01	-1.428584e-02
4.788871e-01	8.510864e-02	1.240143e-01
5.348745e-01	7.870730e-02	9.616172e-02
4.868059e-01	6.187414e-02	1.280992e-01
5.288002e-01	5.694686e-02	9.964430e-02
4.514405e-01	5.492327e-02	2.375488e-02
5.433258e-01	4.001523e-02	-2.207185e-02
5.145649e-01	6.929737e-01	-1.974141e-01
5.101031e-01	7.090390e-01	-1.773110e-01
5.064324e-01	7.091901e-01	-1.774123e-01
5.029608e-01	7.091268e-01	-1.774234e-01
5.200443e-01	7.086740e-01	-1.790207e-01
5.234526e-01	7.085260e-01	-1.790693e-01
5.269262e-01	7.081934e-01	-1.790290e-01
4.983796e-01	7.035574e-01	-7.008082e-02
5.316825e-01	7.006763e-01	-7.702118e-02
5.076700e-01	6.773540e-01	-1.572311e-01
5.196925e-01	6.771001e-01	-1.590639e-01
4.719390e-01	6.432318e-01	-1.489941e-02
5.549964e-01	6.386060e-01	-3.998607e-02
4.193206e-01	6.855667e-01	-4.389726e-02
6.044129e-01	7.015696e-01	-6.227817e-02
3.826522e-01	7.546505e-01	-1.402622e-01
6.519710e-01	7.900530e-01	-1.599118e-01
3.737870e-01	7.730709e-01	-1.692709e-01
6.617440e-01	8.155949e-01	-1.873051e-01
3.784402e-01	7.773490e-01	-1.893439e-01
6.595450e-01	8.256089e-01	-2.120435e-01
3.833193e-01	7.705678e-01	-1.556304e-01
6.555454e-01	8.179605e-01	-1.765652e-01
4.888621e-01	4.029242e-01	7.366932e-03
5.338183e-01	4.004205e-01	-7.239797e-03
4.793626e-01	2.387268e-01	1.714567e-02
5.372871e-01	2.350690e-01	-1.524168e-02
4.777967e-01	8.483867e-02	1.234875e-01
5.341912e-01	7.867339e-02	9.139880e-02
4.855749e-01	6.130581e-02	1.276112e-01
5.279849e-01	5.666691e-02	9.476241e-02
4.498187e-01	5.395639e-02	2.287588e-02
5.427274e-01	3.879414e-02	-2.352419e-02
5.147017e-01	6.930349e-01	-2.023177e-01
5.101405e-01	7.090303e-01	-1.824619e-01
5.064471e-01	7.091948e-01	-1.825790e-01
5.029608e-01	7.091432e-01	-1.826002e-01
5.200461e-01	7.086571e-01	-1.822327e-01
5.234274e-01	7.085069e-01	-1.822944e-01
5.268122e-01	7.081829e-01	-1.822842e-01
4.982172e-01	7.035636e-01	-7.504819e-02
5.312819e-01	7.008463e-01	-7.567818e-02
5.077313e-01	6.773524e-01	-1.620090e-01
5.196944e-01	6.769674e-01	-1.611475e-01
4.719500e-01	6.444127e-01	-1.996361e-02
5.537050e-01	6.400719e-01	-3.940947e-02
4.226850e-01	6.929334e-01	-5.334055e-02
5.995803e-01	7.080884e-01	-6.083016e-02
3.889991e-01	7.630959e-01	-1.478629e-01
6.438053e-01	8.049760e-01	-1.598906e-01
3.814991e-01	7.817066e-01	-1.787127e-01
6.556333e-01	8.325800e-01	-1.882682e-01
3.857093e-01	7.857369e-01	-1.967709e-01
6.530026e-01	8.440448e-01	-2.122270e-01
3.912327e-01	7.818934e-01	-1.627832e-01
6.480837e-01	8.348375e-01	-1.764248e-01
4.882936e-01	4.034792e-01	3.531814e-03
5.335917e-01	4.011182e-01	-3.396684e-03
4.779626e-01	2.387358e-01	8.271993e-03
5.372544e-01	2.349340e-01	-1.331014e-02
4.768041e-01	8.477430e-02	1.169000e-01
5.339536e-01	7.713928e-02	9.373173e-02
4.847333e-01	6.103516e-02	1.206916e-01
5.266745e-01	5.481690e-02	9.686323e-02
4.499318e-01	5.234006e-02	9.069188e-03
5.445300e-01	3.725849e-02	-2.320526e-02
5.142422e-01	6.934610e-01	-2.021908e-01
5.097641e-01	7.090447e-01	-1.828288e-01
5.059736e-01	7.092097e-01	-1.829486e-01
5.025144e-01	7.091575e-01	-1.829742e-01
5.195771e-01	7.086451e-01	-1.822289e-01
5.226918e-01	7.084674e-01	-1.822937e-01
5.258981e-01	7.081311e-01	-1.822898e-01
4.977254e-01	7.034746e-01	-7.828910e-02
5.302442e-01	7.006665e-01	-7.558740e-02
5.073219e-01	6.774403e-01	-1.628473e-01
5.191946e-01	6.769233e-01	-1.613000e-01
4.719862e-01	6.436485e-01	-2.591526e-02
5.521384e-01	6.400111e-01	-3.757532e-02
4.259373e-01	7.000254e-01	-6.219804e-02
5.957083e-01	7.118700e-01	-6.078471e-02
3.927551e-01	7.682762e-01	-1.567178e-01
6.355971e-01	8.117722e-01	-1.574120e-01
3.847515e-01	7.806907e-01	-1.873247e-01
6.470557e-01	8.433872e-01	-1.846711e-01
3.890768e-01	7.910670e-01	-2.041880e-01
6.446405e-01	8.534968e-01	-2.105817e-01
3.938365e-01	7.815128e-01	-1.712467e-01
6.397198e-01	8.432129e-01	-1.743897e-01
4.881866e-01	4.045167e-01	1.710198e-03
5.335695e-01	4.030943e-01	-1.590267e-03
4.774866e-01	2.387015e-01	5.124108e-03
5.370826e-01	2.356897e-01	-1.281037e-02
4.768393e-01	8.480383e-02	1.109826e-01
5.340123e-01	7.717578e-02	9.456269e-02
4.848229e-01	6.105187e-02	1.142570e-01
5.268783e-01	5.490420e-02	9.766577e-02
4.527119e-01	5.126010e-02	-2.286635e-03
5.445364e-01	3.724873e-02	-2.319562e-02
5.138456e-01	6.934678e-01	-2.007923e-01
5.091009e-01	7.089559e-01	-1.820878e-01
5.051996e-01	7.090661e-01	-1.821825e-01
5.017838e-01	7.089691e-01	-1.821906e-01
5.189506e-01	7.085720e-01	-1.820005e-01
5.219191e-01	7.083873e-01	-1.820426e-01
5.248690e-01	7.080320e-01	-1.819946e-01
4.969147e-01	7.026179e-01	-7.715346e-02
5.291256e-01	7.000495e-01	-7.280480e-02
5.070196e-01	6.771659e-01	-1.619221e-01
5.188674e-01	6.764873e-01	-1.610621e-01
4.722346e-01	6.431428e-01	-2.275559e-02
5.507952e-01	6.397780e-01	-3.678770e-02
4.306770e-01	7.027900e-01	-5.194870e-02
5.922847e-01	7.166605e-01	-6.606296e-02
3.987369e-01	7.751840e-01	-1.451679e-01
6.295058e-01	8.168440e-01	-1.601817e-01
3.912253e-01	7.931635e-01	-1.742098e-01
6.402677e-01	8.492461e-01	-1.893248e-01
3.946027e-01	7.992574e-01	-1.923050e-01
6.365829e-01	8.595191e-01	-2.109242e-01
3.995338e-01	7.949665e-01	-1.598182e-01
6.313973e-01	8.483816e-01	-1.756551e-01
4.879359e-01	4.047368e-01	2.523944e-03
5.331993e-01	4.037542e-01	-2.431756e-03
4.774951e-01	2.388909e-01	6.187275e-03
5.370477e-01	2.361933e-01	-1.828546e-02
4.766769e-01	8.480715e-02	1.094770e-01
5.339774e-01	7.722431e-02	8.095741e-02
4.846548e-01	6.100607e-02	1.125873e-01
5.269632e-01	5.499237e-02	8.332445e-02
4.527442e-01	5.038601e-02	2.038535e-03
5.427009e-01	3.732884e-02	-3.549358e-02
5.138562e-01	6.933704e-01	-2.022154e-01
5.091072e-01	7.089249e-01	-1.841767e-01
5.052242e-01	7.090527e-01	-1.842903e-01
5.017863e-01	7.089598e-01	-1.843146e-01
5.189515e-01	7.083352e-01	-1.832147e-01
5.218858e-01	7.078603e-01	-1.832743e-01
5.247825e-01	7.070525e-01	-1.832615e-01
4.967450e-01	7.024646e-01	-8.295348e-02
5.287439e-01	6.980153e-01	-7.422063e-02
5.069411e-01	6.771625e-01	-1.637131e-01
5.187827e-01	6.763025e-01	-1.617489e-01
4.721933e-01	6.431147e-01	-2.852173e-02
5.493389e-01	6.394572e-01	-4.002327e-02
4.304925e-01	7.085514e-01	-6.342359e-02
5.891005e-01	7.205740e-01	-6.938143e-02
4.021109e-01	7.904215e-01	-1.531785e-01
6.238012e-01	8.212513e-01	-1.616746e-01
3.950081e-01	8.098028e-01	-1.833515e-01
6.338533e-01	8.550320e-01	-1.910902e-01
4.016724e-01	8.256641e-01	-1.989284e-01
6.299580e-01	8.653366e-01	-2.110312e-01
4.040474e-01	8.135382e-01	-1.666683e-01
6.252199e-01	8.535897e-01	-1.763857e-01
4.874736e-01	4.053251e-01	3.081608e-03
5.330005e-01	4.045044e-01	-3.039042e-03
4.773785e-01	2.392085e-01	6.346965e-03
5.359386e-01	2.368544e-01	-1.886663e-02
4.762792e-01	8.497456e-02	1.079906e-01
5.336578e-01	7.725484e-02	7.528455e-02
4.840600e-01	6.087679e-02	1.112799e-01
5.270688e-01	5.508133e-02	7.768317e-02
4.526813e-01	4.915659e-02	4.092616e-03
5.339260e-01	3.678469e-02	-3.799125e-02
5.144780e-01	6.932459e-01	-1.851697e-01
5.097297e-01	7.088851e-01	-1.686589e-01
5.057722e-01	7.090392e-01	-1.687730e-01
5.020807e-01	7.089584e-01	-1.687959e-01
5.192302e-01	7.080187e-01	-1.640151e-01
5.219790e-01	7.073632e-01	-1.640815e-01
5.248119e-01	7.063684e-01	-1.640778e-01
4.967334e-01	7.025446e-01	-7.788723e-02
5.285122e-01	6.975786e-01	-5.164645e-02
5.070269e-01	6.771396e-01	-1.499590e-01
5.188392e-01	6.762402e-01	-1.429693e-01
4.720765e-01	6.440822e-01	-2.670484e-02
5.480953e-01	6.396070e-01	-2.093701e-02
4.303328e-01	7.159752e-01	-7.913043e-02
5.836903e-01	7.212775e-01	-5.303860e-02
4.064071e-01	8.064942e-01	-1.693420e-01
6.138813e-01	8.227597e-01	-1.382049e-01
3.993494e-01	8.298771e-01	-2.021341e-01
6.238637e-01	8.581908e-01	-1.682178e-01
4.067806e-01	8.374949e-01	-2.149461e-01
6.201731e-01	8.671269e-01	-1.837676e-01
4.090500e-01	8.312446e-01	-1.819608e-01
6.161516e-01	8.560580e-01	-1.514146e-01
4.872401e-01	4.053209e-01	1.303119e-03
5.330003e-01	4.047724e-01	-1.239671e-03
4.770461e-01	2.393777e-01	6.686340e-03
5.355466e-01	2.370109e-01	-1.053993e-02
4.759148e-01	8.558122e-02	1.086480e-01
5.336682e-01	7.807955e-02	9.311631e-02
4.831403e-01	6.088540e-02	1.114916e-01
5.271380e-01	5.691681e-02	9.663821e-02
4.526927e-01	4.854528e-02	6.272844e-03
5.354094e-01	3.544585e-02	-1.656220e-02
5.144506e-01	6.930166e-01	-1.785069e-01
5.097315e-01	7.082680e-01	-1.614485e-01
5.057839e-01	7.085645e-01	-1.615576e-01
5.020894e-01	7.086786e-01	-1.615771e-01
5.191239e-01	7.073075e-01	-1.573826e-01
5.217856e-01	7.066754e-01	-1.574459e-01
5.244676e-01	7.057584e-01	-1.574434e-01
4.967536e-01	7.027545e-01	-6.891064e-02
5.279716e-01	6.975553e-01	-4.571659e-02
5.069981e-01	6.770816e-01	-1.427940e-01
5.186235e-01	6.762281e-01	-1.365612e-01
4.720488e-01	6.453211e-01	-2.506177e-02
5.479530e-01	6.403322e-01	-1.396061e-02
4.302306e-01	7.209970e-01	-7.334153e-02
5.808522e-01	7.249439e-01	-4.650586e-02
4.140072e-01	8.188140e-01	-1.630298e-01
6.057675e-01	8.258034e-01	-1.289982e-01
4.076123e-01	8.391773e-01	-1.954321e-01
6.133276e-01	8.612263e-01	-1.588958e-01
4.161806e-01	8.464781e-01	-2.085457e-01
6.095984e-01	8.675318e-01	-1.719892e-01
4.182781e-01	8.417155e-01	-1.755302e-01
6.054609e-01	8.552048e-01	-1.408875e-01
4.872398e-01	4.065879e-01	1.992853e-03
5.329727e-01	4.068251e-01	-1.918275e-03
4.770924e-01	2.397067e-01	6.230879e-03
5.355386e-01	2.372328e-01	-1.092796e-02
4.759757e-01	8.684779e-02	1.074152e-01
5.336818e-01	7.809299e-02	8.785740e-02
4.830156e-01	6.163382e-02	1.109540e-01
5.276150e-01	5.732864e-02	9.072290e-02
4.527047e-01	4.856721e-02	5.100979e-03
5.358287e-01	3.496908e-02	-2.394766e-02
5.135221e-01	6.909229e-01	-1.678284e-01
5.085012e-01	7.062417e-01	-1.509338e-01
5.044810e-01	7.064981e-01	-1.510453e-01
5.008319e-01	7.065992e-01	-1.510450e-01
5.182144e-01	7.058125e-01	-1.493258e-01
5.210103e-01	7.055446e-01	-1.493821e-01
5.237801e-01	7.050239e-01	-1.493554e-01
4.963147e-01	7.021163e-01	-5.770022e-02
5.276052e-01	6.977109e-01	-4.607816e-02
5.065926e-01	6.749846e-01	-1.319825e-01
5.180755e-01	6.749082e-01	-1.290334e-01
4.720833e-01	6.458099e-01	-2.226347e-02
5.477985e-01	6.410185e-01	-1.367107e-02
4.323772e-01	7.129264e-01	-6.769587e-02
5.773769e-01	7.244486e-01	-4.993468e-02
4.182154e-01	8.097087e-01	-1.573702e-01
5.987672e-01	8.275484e-01	-1.345185e-01
4.122325e-01	8.342022e-01	-1.870220e-01
6.042464e-01	8.608661e-01	-1.625958e-01
4.209009e-01	8.420328e-01	-2.044379e-01
5.991923e-01	8.665106e-01	-1.782436e-01
4.238847e-01	8.330817e-01	-1.735370e-01
5.954124e-01	8.535321e-01	-1.468461e-01
4.861680e-01	4.070116e-01	1.124076e-03
5.321216e-01	4.071062e-01	-1.046269e-03
4.770930e-01	2.399799e-01	6.188031e-03
5.347836e-01	2.372995e-01	-1.063693e-02
4.756925e-01	8.979162e-02	1.079342e-01
5.337015e-01	7.931221e-02	8.955275e-02
4.818204e-01	6.429552e-02	1.116154e-01
5.280295e-01	6.038714e-02	9.254006e-02
4.572807e-01	4.884365e-02	3.334482e-03
5.359579e-01	3.505873e-02	-2.211977e-02
5.128089e-01	6.897420e-01	-1.534422e-01
5.079291e-01	7.051027e-01	-1.372445e-01
5.039710e-01	7.053893e-01	-1.373328e-01
5.003598e-01	7.055697e-01	-1.373200e-01
5.177344e-01	7.046586e-01	-1.363581e-01
5.206266e-01	7.044799e-01	-1.364157e-01
5.234679e-01	7.041115e-01	-1.363622e-01
4.962545e-01	7.014450e-01	-4.803824e-02
5.274020e-01	6.977339e-01	-4.139261e-02
5.062681e-01	6.738648e-01	-1.195941e-01
5.174578e-01	6.737930e-01	-1.179091e-01
4.722758e-01	6.456094e-01	-2.067013e-02
5.468355e-01	6.409405e-01	-1.497171e-02
4.348482e-01	7.106794e-01	-7.751506e-02
5.720075e-01	7.197897e-01	-9.494375e-02
4.229953e-01	8.051000e-01	-1.558906e-01
5.889367e-01	8.259307e-01	-1.924246e-01
4.174276e-01	8.306273e-01	-1.869704e-01
5.927884e-01	8.558025e-01	-2.264502e-01
4.258084e-01	8.404037e-01	-2.003658e-01
5.871271e-01	8.609828e-01	-2.328601e-01
4.295992e-01	8.287059e-01	-1.688501e-01
5.838894e-01	8.496715e-01	-2.019931e-01
4.855646e-01	4.068919e-01	2.862541e-03
5.314581e-01	4.069379e-01	-2.844565e-03
4.771430e-01	2.405326e-01	7.201259e-03
5.335146e-01	2.374526e-01	-1.089696e-02
4.757427e-01	9.052395e-02	1.079991e-01
5.332328e-01	8.128489e-02	8.532067e-02
4.819588e-01	6.427629e-02	1.117565e-01
5.280455e-01	6.230891e-02	8.834629e-02
4.565368e-01	5.032308e-02	4.257479e-03
5.356525e-01	3.969526e-02	-2.248617e-02
5.121438e-01	6.889321e-01	-1.368386e-01
5.073780e-01	7.042361e-01	-1.210411e-01
5.034747e-01	7.045301e-01	-1.211216e-01
4.999011e-01	7.047484e-01	-1.211104e-01
5.172795e-01	7.037614e-01	-1.193935e-01
5.202604e-01	7.036233e-01	-1.194509e-01
5.231639e-01	7.033494e-01	-1.193854e-01
4.960595e-01	7.007246e-01	-3.412191e-02
5.269638e-01	6.977463e-01	-2.473350e-02
5.057838e-01	6.731973e-01	-1.041098e-01
5.168083e-01	6.729756e-01	-1.014724e-01
4.722602e-01	6.449372e-01	-1.721803e-02
5.455694e-01	6.399076e-01	-1.297562e-02
4.375910e-01	7.085965e-01	-1.137417e-01
5.665642e-01	7.168604e-01	-1.224180e-01
4.277558e-01	8.027089e-01	-2.141687e-01
5.792924e-01	8.196375e-01	-2.554232e-01
4.223319e-01	8.289653e-01	-2.502959e-01
5.820163e-01	8.497185e-01	-2.946303e-01
4.290972e-01	8.394504e-01	-2.556565e-01
5.763877e-01	8.552967e-01	-2.966661e-01
4.331908e-01	8.279176e-01	-2.231410e-01
5.729899e-01	8.439602e-01	-2.642768e-01
4.855990e-01	4.059504e-01	3.071631e-03
5.314853e-01	4.066285e-01	-3.038933e-03
4.771744e-01	2.405676e-01	1.010134e-02
5.335679e-01	2.372748e-01	-9.400865e-03
4.751856e-01	9.073240e-02	1.112624e-01
5.331176e-01	8.140071e-02	8.672269e-02
4.814809e-01	6.424448e-02	1.153622e-01
5.281769e-01	6.249379e-02	8.985653e-02
4.565131e-01	5.033693e-02	7.017820e-03
5.355002e-01	4.029099e-02	-2.123194e-02
5.111910e-01	6.883584e-01	-1.271262e-01
5.066071e-01	7.032982e-01	-1.119866e-01
5.028037e-01	7.035846e-01	-1.120564e-01
4.993600e-01	7.038772e-01	-1.120502e-01
5.164613e-01	7.028560e-01	-1.104522e-01
5.195054e-01	7.027684e-01	-1.104982e-01
5.224601e-01	7.025497e-01	-1.104043e-01
4.957475e-01	7.000257e-01	-2.634714e-02
5.262506e-01	6.974252e-01	-1.825006e-02
5.049446e-01	6.729624e-01	-9.484018e-02
5.159049e-01	6.725603e-01	-9.238704e-02
4.722374e-01	6.439216e-01	-1.843232e-02
5.438393e-01	6.385026e-01	-1.481036e-02
4.409397e-01	7.066066e-01	-1.840951e-01
5.598957e-01	7.155591e-01	-2.007323e-01
4.324758e-01	7.987000e-01	-3.270857e-01
5.679419e-01	8.148765e-01	-3.919351e-01
4.266752e-01	8.252401e-01	-3.680602e-01
5.703527e-01	8.437918e-01	-4.369853e-01
4.331397e-01	8.353368e-01	-3.674513e-01
5.652115e-01	8.504652e-01	-4.338434e-01
4.373936e-01	8.235955e-01	-3.341219e-01
5.615426e-01	8.405039e-01	-4.001113e-01
4.856145e-01	4.058026e-01	4.576301e-03
5.314984e-01	4.066002e-01	-4.607726e-03
4.771417e-01	2.408567e-01	8.092867e-03
5.336044e-01	2.372236e-01	-1.224250e-02
4.750230e-01	9.100718e-02	1.028816e-01
5.331093e-01	8.161890e-02	7.740609e-02
4.812699e-01	6.422196e-02	1.067348e-01
5.282038e-01	6.279587e-02	8.021785e-02
4.554315e-01	5.091853e-02	3.097401e-03
5.347973e-01	4.204969e-02	-2.732204e-02
5.109346e-01	6.875117e-01	-1.264082e-01
5.063806e-01	7.016794e-01	-1.110677e-01
5.026944e-01	7.017605e-01	-1.111435e-01
4.992936e-01	7.018365e-01	-1.111429e-01
5.159397e-01	7.014842e-01	-1.098025e-01
5.188962e-01	7.014567e-01	-1.098401e-01
5.217707e-01	7.012950e-01	-1.097412e-01
4.956586e-01	6.967366e-01	-2.623277e-02
5.249530e-01	6.963453e-01	-1.953813e-02
5.047294e-01	6.722661e-01	-9.450559e-02
5.156116e-01	6.720074e-01	-9.245675e-02
4.725820e-01	6.388520e-01	-2.299623e-02
5.421017e-01	6.355950e-01	-2.003876e-02
4.442794e-01	6.984926e-01	-1.982971e-01
5.552427e-01	7.140895e-01	-2.063392e-01
4.380058e-01	7.973496e-01	-3.435059e-01
5.582263e-01	8.092555e-01	-3.832414e-01
4.326476e-01	8.202119e-01	-3.849748e-01
5.589932e-01	8.390828e-01	-4.264901e-01
4.384705e-01	8.298481e-01	-3.833353e-01
5.549368e-01	8.424810e-01	-4.245063e-01
4.428943e-01	8.193745e-01	-3.500026e-01
5.523993e-01	8.306818e-01	-3.915216e-01
4.859340e-01	4.049804e-01	5.531363e-03
5.316267e-01	4.064410e-01	-5.599896e-03
4.771613e-01	2.410672e-01	1.475317e-03
5.335253e-01	2.372241e-01	-1.603675e-02
4.750531e-01	9.157585e-02	9.435916e-02
5.331158e-01	8.223727e-02	7.304265e-02
4.813292e-01	6.427602e-02	9.818722e-02
5.282315e-01	6.335802e-02	7.566663e-02
4.553813e-01	5.219346e-02	-3.215479e-03
5.350233e-01	4.273403e-02	-3.106902e-02
5.102521e-01	6.860498e-01	-1.377513e-01
5.058204e-01	6.997843e-01	-1.213863e-01
5.023072e-01	6.997609e-01	-1.214766e-01
4.990352e-01	6.998261e-01	-1.214812e-01
5.152203e-01	6.998787e-01	-1.195932e-01
5.182586e-01	6.999892e-01	-1.196444e-01
5.212295e-01	6.999674e-01	-1.195955e-01
4.956021e-01	6.951340e-01	-2.900423e-02
5.244426e-01	6.953163e-01	-2.764433e-02
5.041847e-01	6.709465e-01	-1.031192e-01
5.151174e-01	6.710115e-01	-9.989767e-02
4.732287e-01	6.351473e-01	-4.357611e-02
5.416254e-01	6.342186e-01	-4.678611e-02
4.462276e-01	6.876666e-01	-2.570229e-01
5.510461e-01	7.078201e-01	-2.530810e-01
4.435824e-01	7.840161e-01	-4.312351e-01
5.500236e-01	7.915584e-01	-4.332202e-01
4.393394e-01	8.119916e-01	-4.777797e-01
5.493253e-01	8.199275e-01	-4.772219e-01
4.468765e-01	8.194817e-01	-4.708776e-01
5.448990e-01	8.211105e-01	-4.725624e-01
4.507276e-01	8.082938e-01	-4.365014e-01
5.428430e-01	8.095723e-01	-4.405351e-01
4.864952e-01	4.038086e-01	6.750010e-03
5.317513e-01	4.061673e-01	-6.841513e-03
4.771748e-01	2.410653e-01	-1.174054e-02
5.335535e-01	2.376336e-01	-2.303854e-02
4.749619e-01	9.160062e-02	8.130436e-02
5.331769e-01	8.257344e-02	6.751148e-02
4.809185e-01	6.466988e-02	8.484156e-02
5.285627e-01	6.390576e-02	6.980450e-02
4.566795e-01	5.218569e-02	-1.975295e-02
5.333365e-01	4.284192e-02	-4.061028e-02
5.103107e-01	6.860971e-01	-1.630356e-01
5.058435e-01	6.997399e-01	-1.460683e-01
5.024025e-01	6.997585e-01	-1.461512e-01
4.991234e-01	6.998526e-01	-1.461440e-01
5.152776e-01	6.998308e-01	-1.460918e-01
5.183125e-01	6.999148e-01	-1.461241e-01
5.212866e-01	6.998870e-01	-1.460175e-01
4.956720e-01	6.952506e-01	-4.985118e-02
5.245262e-01	6.950480e-01	-5.171059e-02
5.041969e-01	6.709591e-01	-1.274113e-01
5.151579e-01	6.710271e-01	-1.269141e-01
4.737021e-01	6.335013e-01	-5.659732e-02
5.417997e-01	6.323817e-01	-7.324611e-02
4.491159e-01	6.728736e-01	-3.083930e-01
5.460041e-01	7.029923e-01	-3.158321e-01
4.479895e-01	7.577648e-01	-5.262381e-01
5.415904e-01	7.679386e-01	-5.161080e-01
4.432584e-01	7.842284e-01	-5.792539e-01
5.399945e-01	7.932195e-01	-5.645393e-01
4.513847e-01	7.893099e-01	-5.725487e-01
5.351075e-01	7.944765e-01	-5.581037e-01
4.554718e-01	7.777114e-01	-5.323266e-01
5.329611e-01	7.829422e-01	-5.232988e-01
4.868822e-01	4.025043e-01	1.646802e-02
5.320699e-01	4.047624e-01	-1.653275e-02
4.771465e-01	2.409936e-01	-7.025000e-03
5.337469e-01	2.372031e-01	-3.211769e-02
4.749794e-01	9.116223e-02	8.858955e-02
5.331860e-01	8.244628e-02	6.226338e-02
4.810042e-01	6.449493e-02	9.368323e-02
5.287064e-01	6.363035e-02	6.470143e-02
4.524484e-01	5.176272e-02	-3.538649e-03
5.325420e-01	4.076199e-02	-4.825286e-02
5.100149e-01	6.877114e-01	-1.619464e-01
5.053427e-01	7.012714e-01	-1.458094e-01
5.018536e-01	7.010919e-01	-1.459010e-01
4.985893e-01	7.010289e-01	-1.459027e-01
5.148023e-01	7.017781e-01	-1.448447e-01
5.177996e-01	7.019440e-01	-1.448821e-01
5.209300e-01	7.020484e-01	-1.447875e-01
4.945480e-01	6.960726e-01	-4.400307e-02
5.242589e-01	6.954405e-01	-5.062587e-02
5.039440e-01	6.720887e-01	-1.266341e-01
5.151136e-01	6.720463e-01	-1.258445e-01
4.745518e-01	6.311666e-01	-4.585459e-02
5.417913e-01	6.309943e-01	-7.146278e-02
4.512312e-01	6.583340e-01	-2.823230e-01
5.439970e-01	6.785897e-01	-3.161397e-01
4.524044e-01	7.315162e-01	-5.035303e-01
5.327004e-01	7.405506e-01	-5.082450e-01
4.504037e-01	7.537537e-01	-5.554023e-01
5.270604e-01	7.619898e-01	-5.559195e-01
4.562607e-01	7.585004e-01	-5.483657e-01
5.238076e-01	7.659196e-01	-5.491258e-01
4.599121e-01	7.491140e-01	-5.094842e-01
5.233796e-01	7.551835e-01	-5.146013e-01
4.869648e-01	4.013303e-01	2.004502e-02
5.326267e-01	4.040082e-01	-2.008367e-02
4.771613e-01	2.409201e-01	-4.918331e-03
5.339236e-01	2.372015e-01	-3.666655e-02
4.750044e-01	8.925122e-02	9.185220e-02
5.333625e-01	8.170234e-02	5.124437e-02
4.819147e-01	6.266516e-02	9.646474e-02
5.289875e-01	6.026420e-02	5.303962e-02
4.503832e-01	4.913708e-02	-3.162814e-03
5.327796e-01	3.807135e-02	-6.368457e-02
5.073859e-01	6.875699e-01	-1.320412e-01
5.035590e-01	7.021189e-01	-1.136211e-01
5.004102e-01	7.025567e-01	-1.136913e-01
4.976532e-01	7.033372e-01	-1.136859e-01
5.124930e-01	7.019147e-01	-1.194350e-01
5.155659e-01	7.020171e-01	-1.194865e-01
5.184744e-01	7.020828e-01	-1.194075e-01
4.936618e-01	6.998018e-01	-8.470273e-03
5.237056e-01	6.954588e-01	-3.648727e-02
5.019720e-01	6.720861e-01	-9.245194e-02
5.128669e-01	6.714747e-01	-9.989267e-02
4.745634e-01	6.316290e-01	9.019513e-03
5.418271e-01	6.309722e-01	-6.005457e-02
4.539394e-01	6.266549e-01	-2.281535e-01
5.427793e-01	6.363625e-01	-2.966154e-01
4.584559e-01	6.922164e-01	-4.347818e-01
5.266837e-01	6.994289e-01	-4.837111e-01
4.586728e-01	7.217633e-01	-4.811307e-01
5.222813e-01	7.176703e-01	-5.298257e-01
4.640917e-01	7.255687e-01	-4.726399e-01
5.189766e-01	7.165121e-01	-5.202485e-01
4.664245e-01	7.138253e-01	-4.396785e-01
5.175115e-01	7.098505e-01	-4.879409e-01
4.870528e-01	4.022056e-01	2.522798e-02
5.327694e-01	4.047208e-01	-2.524443e-02
4.771682e-01	2.409324e-01	-4.408867e-03
5.339822e-01	2.374502e-01	-4.937804e-02
4.750194e-01	8.889866e-02	8.524524e-02
5.331693e-01	8.139872e-02	2.822141e-02
4.822302e-01	6.277245e-02	8.836970e-02
5.281295e-01	5.902546e-02	2.886568e-02
4.487359e-01	4.884363e-02	-1.164968e-02
5.329403e-01	3.740554e-02	-8.903178e-02
5.102000e-01	6.873432e-01	-1.396063e-01
5.061945e-01	7.023647e-01	-1.205871e-01
5.029950e-01	7.030711e-01	-1.206571e-01
5.000067e-01	7.040375e-01	-1.206375e-01
5.144963e-01	7.019199e-01	-1.245473e-01
5.172433e-01	7.020187e-01	-1.246071e-01
5.197785e-01	7.020839e-01	-1.245289e-01
4.943042e-01	7.002116e-01	-2.110443e-02
5.237454e-01	6.963842e-01	-3.698563e-02
5.038335e-01	6.720645e-01	-1.020904e-01
5.138601e-01	6.710391e-01	-1.054963e-01
4.743722e-01	6.319308e-01	-6.054742e-03
5.419408e-01	6.308146e-01	-4.791021e-02
4.560592e-01	6.074663e-01	-2.535575e-01
5.409303e-01	6.125140e-01	-2.780196e-01
4.624936e-01	6.630285e-01	-4.888079e-01
5.319051e-01	6.664902e-01	-5.122918e-01
4.652811e-01	6.869560e-01	-5.400032e-01
5.321611e-01	6.742229e-01	-5.651119e-01
4.698675e-01	6.914186e-01	-5.343529e-01
5.287778e-01	6.803505e-01	-5.585093e-01
4.721110e-01	6.798522e-01	-4.945980e-01
5.270957e-01	6.737009e-01	-5.195130e-01
4.868789e-01	4.022105e-01	2.252725e-02
5.327882e-01	4.047070e-01	-2.254079e-02
4.771661e-01	2.409160e-01	-7.407626e-03
5.340680e-01	2.373212e-01	-4.339945e-02
4.750751e-01	8.909205e-02	8.889826e-02
5.331896e-01	8.038848e-02	4.308638e-02
4.832555e-01	6.331892e-02	9.234703e-02
5.278373e-01	5.753660e-02	4.447542e-02
4.486997e-01	4.921246e-02	-1.006761e-02
5.384567e-01	3.679074e-02	-7.336506e-02
5.104076e-01	6.871739e-01	-1.240774e-01
5.062488e-01	7.023671e-01	-1.082874e-01
5.030233e-01	7.031032e-01	-1.083684e-01
5.000000e-01	7.041560e-01	-1.083548e-01
5.149038e-01	7.015973e-01	-1.104586e-01
5.178205e-01	7.016653e-01	-1.104822e-01
5.205571e-01	7.017860e-01	-1.104220e-01
4.943151e-01	7.008880e-01	-5.545665e-03
5.243250e-01	6.965631e-01	-1.476191e-02
5.038615e-01	6.718169e-01	-8.458478e-02
5.141602e-01	6.702344e-01	-8.676873e-02
4.733521e-01	6.363541e-01	1.431902e-02
5.422814e-01	6.308200e-01	-8.433013e-03
4.579626e-01	5.973390e-01	-2.234285e-01
5.394388e-01	6.099723e-01	-2.183608e-01
4.662229e-01	6.222762e-01	-4.461009e-01
5.278117e-01	6.289350e-01	-4.493529e-01
4.691830e-01	6.402739e-01	-4.986853e-01
5.267898e-01	6.328188e-01	-4.913940e-01
4.732230e-01	6.455707e-01	-4.963940e-01
5.252301e-01	6.424356e-01	-4.884005e-01
4.752007e-01	6.372236e-01	-4.533414e-01
5.238811e-01	6.397750e-01	-4.573277e-01
4.861595e-01	4.027053e-01	1.644570e-02
5.326861e-01	4.049063e-01	-1.634692e-02
4.771714e-01	2.414404e-01	-1.427037e-02
5.340715e-01	2.375578e-01	-4.192319e-02
4.750639e-01	8.999805e-02	8.327989e-02
5.326624e-01	8.067354e-02	4.408273e-02
4.832505e-01	6.510229e-02	8.593494e-02
5.268219e-01	5.763906e-02	4.824869e-02
4.501863e-01	5.062794e-02	-2.700790e-02
5.389622e-01	3.689476e-02	-6.644515e-02
5.103289e-01	6.871701e-01	-1.312125e-01
5.061299e-01	7.025626e-01	-1.149062e-01
5.027767e-01	7.033803e-01	-1.150130e-01
4.996201e-01	7.043318e-01	-1.150393e-01
5.149862e-01	7.017019e-01	-1.139520e-01
5.182313e-01	7.017818e-01	-1.139343e-01
5.213032e-01	7.018806e-01	-1.139411e-01
4.942997e-01	7.009940e-01	-1.519713e-02
5.259789e-01	6.967621e-01	-2.616673e-02
5.037453e-01	6.718220e-01	-9.481879e-02
5.143065e-01	6.701316e-01	-9.414916e-02
4.727361e-01	6.347967e-01	6.002960e-03
5.441442e-01	6.308427e-01	-4.293839e-02
4.601168e-01	5.939831e-01	-2.235229e-01
5.408338e-01	6.068490e-01	-3.086047e-01
4.678389e-01	6.053314e-01	-4.779177e-01
5.291491e-01	6.059697e-01	-5.575433e-01
4.696305e-01	6.118497e-01	-5.327266e-01
5.300940e-01	6.052524e-01	-6.142051e-01
4.746466e-01	6.137100e-01	-5.335503e-01
5.271043e-01	6.062685e-01	-6.104192e-01
4.763262e-01	6.090949e-01	-4.870958e-01
5.246444e-01	6.042025e-01	-5.653387e-01
4.850822e-01	4.027130e-01	2.003787e-02
5.324734e-01	4.047529e-01	-1.999338e-02
4.771487e-01	2.416026e-01	-5.789321e-03
5.341243e-01	2.376283e-01	-3.955019e-02
4.750962e-01	9.025858e-02	9.913433e-02
5.326711e-01	8.076225e-02	4.529334e-02
4.833408e-01	6.598980e-02	1.022564e-01
5.267957e-01	5.821647e-02	4.843006e-02
4.484609e-01	5.173313e-02	-8.789847e-03
5.395082e-01	3.703108e-02	-6.310301e-02
5.101335e-01	6.893886e-01	-1.207679e-01
5.060029e-01	7.057620e-01	-1.043453e-01
5.026137e-01	7.062789e-01	-1.044130e-01
4.994007e-01	7.069292e-01	-1.043873e-01
5.149928e-01	7.047915e-01	-1.076791e-01
5.183766e-01	7.046043e-01	-1.077060e-01
5.216583e-01	7.043374e-01	-1.076928e-01
4.943117e-01	7.027252e-01	-2.703985e-03
5.269355e-01	6.983331e-01	-1.901932e-02
5.035303e-01	6.739881e-01	-8.225761e-02
5.143665e-01	6.718724e-01	-8.595671e-02
4.721553e-01	6.332706e-01	1.294392e-02
5.455152e-01	6.299350e-01	-3.589730e-02
4.617131e-01	5.840058e-01	-2.118876e-01
5.383710e-01	5.915641e-01	-2.810640e-01
4.785216e-01	5.813602e-01	-4.500425e-01
5.166277e-01	5.771934e-01	-5.144518e-01
4.789561e-01	5.787761e-01	-5.032309e-01
5.131721e-01	5.740415e-01	-5.600558e-01
4.868225e-01	5.844576e-01	-5.015141e-01
5.114145e-01	5.774997e-01	-5.613431e-01
4.869827e-01	5.830135e-01	-4.576129e-01
5.148267e-01	5.768046e-01	-5.445253e-01
4.841849e-01	4.021983e-01	1.802768e-02
5.316448e-01	4.031028e-01	-1.797860e-02
4.771848e-01	2.416096e-01	-7.810206e-03
5.341655e-01	2.376390e-01	-3.221434e-02
4.751007e-01	9.026305e-02	9.263775e-02
5.327303e-01	8.130379e-02	5.957758e-02
4.833397e-01	6.617010e-02	9.562349e-02
5.268002e-01	5.924898e-02	6.249713e-02
4.486791e-01	5.303523e-02	-1.255919e-02
5.393651e-01	3.913208e-02	-5.014228e-02
5.108436e-01	6.909038e-01	-9.067575e-02
5.065984e-01	7.075045e-01	-7.404416e-02
5.033239e-01	7.082531e-01	-7.409437e-02
5.000042e-01	7.089504e-01	-7.405748e-02
5.159311e-01	7.061458e-01	-7.694867e-02
5.194592e-01	7.059515e-01	-7.698657e-02
5.225896e-01	7.056277e-01	-7.695664e-02
4.948947e-01	7.047686e-01	2.484025e-02
5.274031e-01	6.998728e-01	1.296681e-02
5.038460e-01	6.761822e-01	-5.319070e-02
5.150974e-01	6.745302e-01	-5.623034e-02
4.719667e-01	6.319481e-01	4.244351e-02
5.460095e-01	6.283229e-01	-3.877993e-03
4.603477e-01	5.544477e-01	-1.353357e-01
5.395793e-01	5.693995e-01	-2.044392e-01
4.784314e-01	5.404423e-01	-3.505632e-01
5.168945e-01	5.459036e-01	-4.067823e-01
4.788305e-01	5.361065e-01	-3.992946e-01
5.143489e-01	5.370490e-01	-4.548259e-01
4.819054e-01	5.447013e-01	-4.031665e-01
5.062003e-01	5.428675e-01	-4.542050e-01
4.862466e-01	5.439843e-01	-3.588180e-01
5.076404e-01	5.442509e-01	-4.150421e-01
4.840586e-01	4.026909e-01	1.613178e-02
5.308137e-01	4.028990e-01	-1.604357e-02
4.771876e-01	2.426437e-01	-1.324278e-02
5.341722e-01	2.385267e-01	-3.494635e-02
4.751174e-01	9.027418e-02	7.952252e-02
5.324719e-01	8.164006e-02	4.709585e-02
4.833471e-01	6.635106e-02	8.259762e-02
5.261261e-01	5.998898e-02	4.870113e-02
4.490371e-01	5.411603e-02	-1.771817e-02
5.393451e-01	3.924138e-02	-6.229758e-02
5.111060e-01	6.935986e-01	-8.808025e-02
5.068387e-01	7.100866e-01	-7.017267e-02
5.036376e-01	7.107383e-01	-7.022512e-02
5.002102e-01	7.112041e-01	-7.018609e-02
5.162771e-01	7.084104e-01	-7.368334e-02
5.198437e-01	7.079538e-01	-7.371451e-02
5.228862e-01	7.073834e-01	-7.366095e-02
4.952465e-01	7.057858e-01	3.154425e-02
5.274885e-01	7.008318e-01	1.677774e-02
5.039526e-01	6.789025e-01	-4.998844e-02
5.153428e-01	6.771860e-01	-5.392015e-02
4.716620e-01	6.292970e-01	5.588608e-02
5.459965e-01	6.261321e-01	4.215353e-03
4.599470e-01	5.498496e-01	-8.857147e-02
5.400974e-01	5.594906e-01	-1.672998e-01
4.719818e-01	5.117455e-01	-2.908478e-01
5.143179e-01	5.226915e-01	-3.509124e-01
4.726095e-01	4.921159e-01	-3.383252e-01
5.045098e-01	4.998939e-01	-3.995459e-01
4.769323e-01	4.980952e-01	-3.503256e-01
4.984498e-01	5.043660e-01	-4.017771e-01
4.797387e-01	5.064264e-01	-3.019872e-01
5.011898e-01	5.122275e-01	-3.578584e-01
4.840996e-01	4.032252e-01	1.605320e-02
5.303230e-01	4.028910e-01	-1.598835e-02
4.771717e-01	2.430395e-01	-1.240234e-02
5.341821e-01	2.389695e-01	-3.512571e-02
4.751573e-01	9.050231e-02	7.943039e-02
5.324813e-01	8.209562e-02	4.833760e-02
4.833444e-01	6.709060e-02	8.244038e-02
5.261523e-01	6.099975e-02	4.983059e-02
4.490772e-01	5.679566e-02	-1.674712e-02
5.405437e-01	4.149487e-02	-6.122112e-02
5.111933e-01	6.963664e-01	-9.906284e-02
5.069624e-01	7.122889e-01	-8.124536e-02
5.037735e-01	7.126957e-01	-8.129155e-02
5.002995e-01	7.128767e-01	-8.125149e-02
5.163983e-01	7.110150e-01	-8.572264e-02
5.199741e-01	7.103284e-01	-8.575113e-02
5.230016e-01	7.094344e-01	-8.568449e-02
4.953550e-01	7.067505e-01	1.991633e-02
5.274999e-01	7.017751e-01	1.599918e-03
5.039548e-01	6.810085e-01	-6.109034e-02
5.154444e-01	6.796514e-01	-6.629672e-02
4.715467e-01	6.280995e-01	6.157185e-02
5.459729e-01	6.254111e-01	-4.956734e-03
4.591800e-01	5.485207e-01	-1.864053e-02
5.409561e-01	5.502652e-01	-1.222088e-01
4.692106e-01	4.880509e-01	-1.789791e-01
5.132910e-01	4.980649e-01	-2.591432e-01
4.693274e-01	4.628770e-01	-2.180942e-01
5.034101e-01	4.732641e-01	-3.000084e-01
4.742091e-01	4.675918e-01	-2.351459e-01
4.961739e-01	4.766563e-01	-3.065571e-01
4.766878e-01	4.745643e-01	-1.905811e-01
4.989406e-01	4.853294e-01	-2.653054e-01
4.835072e-01	4.038218e-01	2.014769e-02
5.293654e-01	4.029826e-01	-2.004359e-02
4.770821e-01	2.436212e-01	-8.033304e-03
5.339606e-01	2.402776e-01	-3.353169e-02
4.751669e-01	9.211235e-02	7.717149e-02
5.324763e-01	8.845124e-02	5.521374e-02
4.833337e-01	6.925600e-02	7.950650e-02
5.267599e-01	6.806558e-02	5.812997e-02
4.491343e-01	5.967674e-02	-1.681588e-02
5.369495e-01	4.652695e-02	-4.498897e-02
5.109175e-01	6.976902e-01	-1.002134e-01
5.068624e-01	7.131163e-01	-8.182475e-02
5.036554e-01	7.134387e-01	-8.186545e-02
5.001324e-01	7.134398e-01	-8.183384e-02
5.163278e-01	7.121693e-01	-8.630436e-02
5.199046e-01	7.115312e-01	-8.633600e-02
5.229779e-01	7.105081e-01	-8.623689e-02
4.953538e-01	7.072083e-01	1.642536e-02
5.274800e-01	7.022924e-01	-2.611667e-03
5.035965e-01	6.818913e-01	-6.374361e-02
5.154114e-01	6.808256e-01	-6.916246e-02
4.707388e-01	6.267430e-01	5.883774e-02
5.459394e-01	6.214653e-01	-4.315796e-03
4.591344e-01	5.346832e-01	1.136392e-02
5.408471e-01	5.313690e-01	-9.386383e-02
4.654826e-01	4.646450e-01	-1.188513e-01
5.145480e-01	4.622121e-01	-2.261469e-01
4.608202e-01	4.310949e-01	-1.544012e-01
5.082876e-01	4.347659e-01	-2.662626e-01
4.677393e-01	4.331568e-01	-1.757307e-01
5.001437e-01	4.386270e-01	-2.775851e-01
4.723692e-01	4.437114e-01	-1.311803e-01
5.015208e-01	4.465831e-01	-2.340594e-01
4.828924e-01	4.045950e-01	2.093631e-02
5.283407e-01	4.030326e-01	-2.083261e-02
4.770934e-01	2.443770e-01	-7.584772e-03
5.330122e-01	2.413935e-01	-3.371847e-02
4.759275e-01	9.286115e-02	6.771547e-02
5.325855e-01	9.062804e-02	4.906573e-02
4.840194e-01	7.037019e-02	6.939115e-02
5.284882e-01	7.117200e-02	5.146526e-02
4.489092e-01	6.152335e-02	-1.830557e-02
5.368502e-01	5.049140e-02	-4.707044e-02
5.110409e-01	6.999928e-01	-1.423309e-01
5.069889e-01	7.143648e-01	-1.249637e-01
5.038087e-01	7.146664e-01	-1.249797e-01
5.002623e-01	7.147064e-01	-1.249404e-01
5.163949e-01	7.132223e-01	-1.272777e-01
5.199576e-01	7.126519e-01	-1.273373e-01
5.230172e-01	7.117997e-01	-1.272607e-01
4.954154e-01	7.086251e-01	-3.431340e-02
5.274637e-01	7.038307e-01	-4.446381e-02
5.036138e-01	6.838393e-01	-1.092801e-01
5.154576e-01	6.827968e-01	-1.121039e-01
4.694993e-01	6.254939e-01	2.163979e-02
5.459247e-01	6.203440e-01	-2.938107e-02
4.590228e-01	5.212266e-01	1.511357e-02
5.409218e-01	5.151631e-01	-7.154620e-02
4.588854e-01	4.320107e-01	-6.588295e-02
5.168661e-01	4.303093e-01	-1.725015e-01
4.522723e-01	3.991716e-01	-9.520587e-02
5.129162e-01	4.003373e-01	-2.077609e-01
4.590357e-01	4.025754e-01	-1.221339e-01
5.043026e-01	4.055158e-01	-2.254677e-01
4.646695e-01	4.132331e-01	-7.890996e-02
5.040668e-01	4.158936e-01	-1.819343e-01
4.816881e-01	4.045890e-01	2.083614e-02
5.274662e-01	4.028865e-01	-2.078298e-02
4.766532e-01	2.462523e-01	-6.963911e-03
5.326717e-01	2.422670e-01	-3.608591e-02
4.761201e-01	9.379984e-02	7.284434e-02
5.325595e-01	9.040439e-02	4.082701e-02
4.840423e-01	7.118110e-02	7.514198e-02
5.284308e-01	7.075175e-02	4.237084e-02
4.489519e-01	6.308386e-02	-9.350017e-03
5.368689e-01	4.981013e-02	-5.417479e-02
5.105329e-01	7.016696e-01	-1.660649e-01
5.067973e-01	7.152795e-01	-1.494362e-01
5.036512e-01	7.157217e-01	-1.494521e-01
5.000579e-01	7.159980e-01	-1.494127e-01
5.160967e-01	7.137357e-01	-1.512181e-01
5.195823e-01	7.130930e-01	-1.512791e-01
5.227414e-01	7.123833e-01	-1.512153e-01
4.953763e-01	7.100281e-01	-6.045958e-02
5.272877e-01	7.051165e-01	-6.823728e-02
5.031379e-01	6.853940e-01	-1.334597e-01
5.151972e-01	6.839899e-01	-1.355769e-01
4.678079e-01	6.244102e-01	-7.226837e-03
5.459172e-01	6.191636e-01	-4.375630e-02
4.585663e-01	5.152555e-01	3.645305e-03
5.431728e-01	5.038209e-01	-5.872191e-02
4.557897e-01	4.169111e-01	-7.296904e-02
5.205531e-01	4.152610e-01	-1.488844e-01
4.492329e-01	3.813738e-01	-1.020025e-01
5.211837e-01	3.810886e-01	-1.830947e-01
4.562395e-01	3.853128e-01	-1.300940e-01
5.076102e-01	3.861296e-01	-2.048288e-01
4.621848e-01	3.982103e-01	-8.631843e-02
5.065433e-01	3.987123e-01	-1.599251e-01
4.810179e-01	4.038878e-01	1.754688e-02
5.270509e-01	4.018035e-01	-1.742623e-02
4.763743e-01	2.462319e-01	4.648314e-04
5.319177e-01	2.422176e-01	-2.506116e-02
4.763301e-01	9.534956e-02	8.703219e-02
5.325631e-01	9.199496e-02	5.673544e-02
4.840660e-01	7.360458e-02	9.035434e-02
5.288142e-01	7.380176e-02	5.867730e-02
4.513505e-01	6.343122e-02	9.479114e-03
5.368681e-01	4.972402e-02	-3.585451e-02
5.101729e-01	7.035642e-01	-2.031428e-01
5.065123e-01	7.174736e-01	-1.870382e-01
5.032746e-01	7.180645e-01	-1.870585e-01
4.996764e-01	7.182822e-01	-1.870328e-01
5.158423e-01	7.155401e-01	-1.879928e-01
5.193418e-01	7.147470e-01	-1.880585e-01
5.225629e-01	7.138065e-01	-1.880140e-01
4.951616e-01	7.117828e-01	-9.554379e-02
5.271680e-01	7.063577e-01	-9.997452e-02
5.027484e-01	6.876019e-01	-1.692478e-01
5.150621e-01	6.854869e-01	-1.703438e-01
4.667372e-01	6.222264e-01	-3.994485e-02
5.460330e-01	6.182004e-01	-6.312934e-02
4.583750e-01	5.069945e-01	-2.386134e-02
5.458047e-01	4.980783e-01	-6.256397e-02
4.541172e-01	4.030279e-01	-9.954036e-02
5.282184e-01	4.010849e-01	-1.439442e-01
4.471466e-01	3.663434e-01	-1.283948e-01
5.309699e-01	3.662811e-01	-1.755033e-01
4.547278e-01	3.681935e-01	-1.576052e-01
5.187291e-01	3.702071e-01	-1.996389e-01
4.605950e-01	3.799462e-01	-1.133209e-01
5.150096e-01	3.814972e-01	-1.556392e-01
4.807383e-01	4.001673e-01	1.339531e-02
5.270317e-01	3.982975e-01	-1.325286e-02
4.754277e-01	2.442311e-01	1.019932e-02
5.318991e-01	2.408561e-01	-1.149585e-02
4.766057e-01	9.679091e-02	1.091251e-01
5.324848e-01	9.173679e-02	8.229270e-02
4.845862e-01	7.482236e-02	1.137257e-01
5.275420e-01	7.349135e-02	8.528833e-02
4.513132e-01	6.367462e-02	3.157327e-02
5.397263e-01	4.933969e-02	-1.051184e-02
5.096712e-01	7.054676e-01	-2.178932e-01
5.059285e-01	7.197724e-01	-2.021891e-01
5.023938e-01	7.201391e-01	-2.022144e-01
4.989761e-01	7.202958e-01	-2.021962e-01
5.155491e-01	7.179270e-01	-2.036552e-01
5.190785e-01	7.170572e-01	-2.037276e-01
5.223816e-01	7.157940e-01	-2.036966e-01
4.944141e-01	7.130641e-01	-1.099610e-01
5.270139e-01	7.073154e-01	-1.164917e-01
5.020579e-01	6.894128e-01	-1.833148e-01
5.149153e-01	6.868192e-01	-1.850041e-01
4.660724e-01	6.215644e-01	-4.963145e-02
5.462064e-01	6.178657e-01	-7.767530e-02
4.579881e-01	5.044935e-01	-2.940690e-02
5.497627e-01	4.959871e-01	-7.165319e-02
4.523032e-01	3.992002e-01	-1.034833e-01
5.376337e-01	3.941827e-01	-1.492021e-01
4.459732e-01	3.618237e-01	-1.311584e-01
5.408521e-01	3.582724e-01	-1.795095e-01
4.537476e-01	3.623460e-01	-1.600864e-01
5.291129e-01	3.625355e-01	-2.044884e-01
4.590880e-01	3.744930e-01	-1.171278e-01
5.256746e-01	3.740807e-01	-1.610790e-01
4.803973e-01	3.978424e-01	1.357866e-02
5.269995e-01	3.968163e-01	-1.344411e-02
4.752152e-01	2.424309e-01	2.430697e-02
5.315565e-01	2.403407e-01	-6.343412e-03
4.769337e-01	9.722274e-02	1.279238e-01
5.324866e-01	9.202787e-02	9.200666e-02
4.848737e-01	7.504177e-02	1.330945e-01
5.277613e-01	7.371157e-02	9.569409e-02
4.512908e-01	6.362874e-02	5.119554e-02
5.396657e-01	4.906029e-02	-3.086107e-04
5.085885e-01	7.063895e-01	-2.094702e-01
5.050801e-01	7.209060e-01	-1.927184e-01
5.013344e-01	7.212713e-01	-1.927450e-01
4.982113e-01	7.215759e-01	-1.927250e-01
5.149685e-01	7.190917e-01	-1.954744e-01
5.184110e-01	7.182046e-01	-1.955492e-01
5.218492e-01	7.168946e-01	-1.955264e-01
4.938705e-01	7.142003e-01	-9.802114e-02
5.265924e-01	7.078725e-01	-1.101730e-01
5.008627e-01	6.903628e-01	-1.741150e-01
5.143651e-01	6.875007e-01	-1.774528e-01
4.654682e-01	6.212965e-01	-3.657537e-02
5.466477e-01	6.169485e-01	-7.661359e-02
4.573401e-01	5.056255e-01	-1.804476e-02
5.530518e-01	4.931488e-01	-7.438542e-02
4.511510e-01	3.996469e-01	-9.878062e-02
5.455700e-01	3.925092e-01	-1.578750e-01
4.448484e-01	3.620950e-01	-1.274790e-01
5.495676e-01	3.562092e-01	-1.905080e-01
4.529055e-01	3.618578e-01	-1.567419e-01
5.375409e-01	3.603318e-01	-2.161857e-01
4.580052e-01	3.739962e-01	-1.128564e-01
5.334560e-01	3.726007e-01	-1.703752e-01
4.798669e-01	3.960422e-01	1.718704e-02
5.270348e-01	3.947144e-01	-1.704480e-02
4.750865e-01	2.418652e-01	3.013715e-02
5.306919e-01	2.401027e-01	-1.070724e-02
4.771082e-01	9.838583e-02	1.348848e-01
5.325005e-01	9.274453e-02	8.863134e-02
4.850406e-01	7.595108e-02	1.401825e-01
5.284310e-01	7.446039e-02	9.237026e-02
4.512637e-01	6.401217e-02	5.941319e-02
5.396106e-01	4.888472e-02	-4.779146e-03
5.079095e-01	7.071937e-01	-2.183388e-01
5.044440e-01	7.218297e-01	-2.021329e-01
5.005568e-01	7.221903e-01	-2.021599e-01
4.976155e-01	7.225674e-01	-2.021403e-01
5.144860e-01	7.200442e-01	-2.042929e-01
5.178728e-01	7.191204e-01	-2.043679e-01
5.214372e-01	7.178438e-01	-2.043448e-01
4.932334e-01	7.151281e-01	-1.084456e-01
5.261424e-01	7.085115e-01	-1.180877e-01
5.001841e-01	6.913190e-01	-1.832777e-01
5.139960e-01	6.881577e-01	-1.858810e-01
4.648213e-01	6.210917e-01	-4.632299e-02
5.467897e-01	6.165566e-01	-7.863028e-02
4.569942e-01	5.067502e-01	-2.507408e-02
5.565445e-01	4.942276e-01	-7.050728e-02
4.509037e-01	4.021911e-01	-1.038874e-01
5.498770e-01	3.922506e-01	-1.510684e-01
4.445917e-01	3.646981e-01	-1.317067e-01
5.537611e-01	3.555278e-01	-1.816888e-01
4.515447e-01	3.641269e-01	-1.604694e-01
5.436348e-01	3.586918e-01	-2.083668e-01
4.567716e-01	3.761329e-01	-1.175881e-01
5.393142e-01	3.722979e-01	-1.638211e-01
4.798295e-01	3.956487e-01	1.728410e-02
5.270504e-01	3.946820e-01	-1.714697e-02
4.751070e-01	2.419663e-01	3.177057e-02
5.305747e-01	2.401499e-01	-4.347011e-03
4.773443e-01	9.962637e-02	1.385994e-01
5.333340e-01	9.553854e-02	1.033206e-01
4.852718e-01	7.766503e-02	1.442533e-01
5.306828e-01	7.818352e-02	1.081003e-01
4.521931e-01	6.494134e-02	6.244885e-02
5.395901e-01	5.148285e-02	1.194468e-02
5.073329e-01	7.073416e-01	-2.109322e-01
5.038130e-01	7.220200e-01	-1.949999e-01
4.998897e-01	7.224258e-01	-1.950221e-01
4.970590e-01	7.228565e-01	-1.949962e-01
5.139730e-01	7.202763e-01	-1.966447e-01
5.172800e-01	7.193859e-01	-1.967148e-01
5.209087e-01	7.181762e-01	-1.966831e-01
4.926068e-01	7.156034e-01	-1.032076e-01
5.254544e-01	7.089595e-01	-1.105501e-01
4.995622e-01	6.918149e-01	-1.766060e-01
5.135847e-01	6.885251e-01	-1.785531e-01
4.647214e-01	6.212016e-01	-4.535019e-02
5.470313e-01	6.166010e-01	-7.013349e-02
4.568759e-01	5.069947e-01	-2.615924e-02
5.587118e-01	4.951397e-01	-5.656446e-02
4.508011e-01	4.049404e-01	-1.065152e-01
5.547390e-01	3.909168e-01	-1.382259e-01
4.446956e-01	3.679588e-01	-1.342341e-01
5.580981e-01	3.546463e-01	-1.681591e-01
4.510335e-01	3.678601e-01	-1.632979e-01
5.497960e-01	3.567974e-01	-1.957560e-01
4.561754e-01	3.791001e-01	-1.202807e-01
5.455316e-01	3.702759e-01	-1.514232e-01
4.799114e-01	3.959432e-01	1.627031e-02
5.270820e-01	3.948161e-01	-1.613752e-02
4.750395e-01	2.421954e-01	2.567385e-02
5.306019e-01	2.402325e-01	-4.735542e-03
4.776792e-01	1.005266e-01	1.327942e-01
5.346700e-01	9.685423e-02	1.021625e-01
4.857872e-01	7.890201e-02	1.384444e-01
5.321110e-01	7.963935e-02	1.067720e-01
4.538532e-01	6.488275e-02	5.561248e-02
5.399153e-01	5.184224e-02	1.004246e-02
5.066307e-01	7.074816e-01	-2.060998e-01
5.030832e-01	7.221126e-01	-1.904767e-01
4.992233e-01	7.225510e-01	-1.904980e-01
4.964961e-01	7.229815e-01	-1.904712e-01
5.133529e-01	7.204981e-01	-1.917367e-01
5.165712e-01	7.196700e-01	-1.918001e-01
5.202253e-01	7.185384e-01	-1.917620e-01
4.920198e-01	7.158781e-01	-1.003457e-01
5.246302e-01	7.094072e-01	-1.060744e-01
4.988958e-01	6.921932e-01	-1.724158e-01
5.129963e-01	6.889624e-01	-1.739030e-01
4.647152e-01	6.213620e-01	-4.575912e-02
5.470545e-01	6.167961e-01	-6.509214e-02
4.567815e-01	5.079542e-01	-2.628153e-02
5.602566e-01	4.977857e-01	-4.844584e-02
4.504439e-01	4.054504e-01	-1.030890e-01
5.586866e-01	3.907627e-01	-1.289882e-01
4.445660e-01	3.692963e-01	-1.294522e-01
5.619653e-01	3.556255e-01	-1.574395e-01
4.502746e-01	3.699849e-01	-1.589638e-01
5.546766e-01	3.563809e-01	-1.857702e-01
4.552669e-01	3.808476e-01	-1.168797e-01
5.504795e-01	3.696487e-01	-1.425454e-01
4.799730e-01	3.961281e-01	1.423692e-02
5.272253e-01	3.949805e-01	-1.411604e-02
4.749871e-01	2.427730e-01	2.227106e-02
5.307187e-01	2.407930e-01	-4.417313e-03
4.778050e-01	1.008743e-01	1.254548e-01
5.348402e-01	9.765346e-02	9.995443e-02
4.859621e-01	7.951060e-02	1.305286e-01
5.319718e-01	7.997282e-02	1.042205e-01
4.544694e-01	6.491690e-02	4.593930e-02
5.402398e-01	5.270668e-02	7.208212e-03
