5.211114e-01	8.174659e-01	-3.387752e-01
5.151464e-01	8.383396e-01	-3.254865e-01
5.107238e-01	8.381770e-01	-3.254934e-01
5.070871e-01	8.381667e-01	-3.254265e-01
5.282461e-01	8.389274e-01	-3.266529e-01
5.325903e-01	8.390925e-01	-3.266816e-01
5.369744e-01	8.391035e-01	-3.265721e-01
5.021743e-01	8.304793e-01	-2.185619e-01
5.433764e-01	8.318234e-01	-2.222089e-01
5.129050e-01	7.957227e-01	-2.960694e-01
5.291538e-01	7.965483e-01	-2.966802e-01
4.697023e-01	7.103572e-01	-1.339786e-01
5.748128e-01	7.046896e-01	-1.433509e-01
4.603088e-01	5.709145e-01	-8.642240e-02
5.862846e-01	5.558954e-01	-1.031162e-01
4.419543e-01	4.408155e-01	-1.478868e-01
5.959623e-01	4.327807e-01	-1.698222e-01
4.365059e-01	4.043548e-01	-1.708182e-01
6.043402e-01	4.004362e-01	-1.960186e-01
4.373145e-01	4.065233e-01	-2.072994e-01
6.006154e-01	3.999633e-01	-2.283442e-01
4.430405e-01	4.186909e-01	-1.650890e-01
5.945197e-01	4.094603e-01	-1.855970e-01
4.916571e-01	4.422996e-01	3.834371e-03
5.495098e-01	4.393322e-01	-3.862406e-03
4.798719e-01	2.556006e-01	3.694385e-02
5.569538e-01	2.546430e-01	3.522113e-02
4.789131e-01	9.170863e-02	1.831264e-01
5.613478e-01	9.279248e-02	1.860360e-01
4.882881e-01	6.582609e-02	1.910896e-01
5.481094e-01	6.538793e-02	1.934240e-01
4.542307e-01	3.589666e-02	8.818205e-02
5.862827e-01	3.513768e-02	8.296971e-02
5.209769e-01	8.200762e-01	-3.764305e-01
5.150061e-01	8.403075e-01	-3.634821e-01
5.106977e-01	8.401616e-01	-3.635140e-01
5.070568e-01	8.398671e-01	-3.634671e-01
5.281609e-01	8.407336e-01	-3.647519e-01
5.325091e-01	8.407636e-01	-3.647915e-01
5.369457e-01	8.404617e-01	-3.647128e-01
5.021745e-01	8.315771e-01	-2.555400e-01
5.434222e-01	8.321533e-01	-2.614547e-01
5.128382e-01	7.982861e-01	-3.333022e-01
5.291542e-01	7.981185e-01	-3.346588e-01
4.695310e-01	7.103534e-01	-1.727621e-01
5.750016e-01	7.054961e-01	-1.655696e-01
4.598232e-01	5.711034e-01	-1.196587e-01
5.855814e-01	5.615937e-01	-1.146954e-01
4.420764e-01	4.432410e-01	-1.673972e-01
5.954966e-01	4.332815e-01	-1.752018e-01
4.365033e-01	4.056671e-01	-1.884694e-01
6.042145e-01	4.004364e-01	-1.983275e-01
4.373149e-01	4.067600e-01	-2.239091e-01
6.000249e-01	3.999864e-01	-2.331816e-01
4.430463e-01	4.186932e-01	-1.835737e-01
5.937556e-01	4.098116e-01	-1.915808e-01
4.917179e-01	4.475984e-01	3.848247e-05
5.499932e-01	4.464431e-01	-3.742381e-05
4.801874e-01	2.563557e-01	1.748229e-02
5.570464e-01	2.584503e-01	3.485946e-02
4.783091e-01	9.109286e-02	1.561044e-01
5.613487e-01	9.278669e-02	1.829635e-01
4.873563e-01	6.579441e-02	1.621311e-01
5.494841e-01	6.548841e-02	1.891362e-01
4.549755e-01	3.637499e-02	4.839494e-02
5.865246e-01	3.656590e-02	7.340316e-02
5.208071e-01	8.216928e-01	-3.764932e-01
5.148540e-01	8.415298e-01	-3.630481e-01
5.106713e-01	8.414214e-01	-3.630827e-01
5.070373e-01	8.410024e-01	-3.630349e-01
5.280407e-01	8.418543e-01	-3.641007e-01
5.324041e-01	8.418144e-01	-3.641418e-01
5.368878e-01	8.413424e-01	-3.640593e-01
5.021970e-01	8.325036e-01	-2.536845e-01
5.434696e-01	8.323914e-01	-2.588383e-01
5.127691e-01	7.999669e-01	-3.329942e-01
5.291516e-01	7.993187e-01	-3.341226e-01
4.695283e-01	7.103546e-01	-1.726788e-01
5.750431e-01	7.061324e-01	-1.626123e-01
4.596067e-01	5.711382e-01	-1.216775e-01
5.852855e-01	5.650089e-01	-1.130751e-01
4.424650e-01	4.444087e-01	-1.710488e-01
5.954667e-01	4.333037e-01	-1.759919e-01
4.369957e-01	4.060123e-01	-1.928982e-01
6.048775e-01	4.003175e-01	-1.989077e-01
4.379179e-01	4.067762e-01	-2.284003e-01
6.012079e-01	3.999796e-01	-2.350558e-01
4.434055e-01	4.186904e-01	-1.872301e-01
5.939216e-01	4.099344e-01	-1.928393e-01
4.917821e-01	4.493330e-01	-1.754633e-03
5.502961e-01	4.487733e-01	1.773575e-03
4.808009e-01	2.566630e-01	1.937210e-02
5.570925e-01	2.605895e-01	3.524744e-02
4.781713e-01	9.053778e-02	1.610500e-01
5.614022e-01	9.261823e-02	1.839835e-01
4.871489e-01	6.546535e-02	1.676080e-01
5.500641e-01	6.549890e-02	1.897993e-01
4.550077e-01	3.686668e-02	5.570116e-02
5.866870e-01	3.696958e-02	7.454817e-02
5.207935e-01	8.225214e-01	-3.681775e-01
5.148330e-01	8.422568e-01	-3.543948e-01
5.106705e-01	8.421811e-01	-3.544244e-01
5.070385e-01	8.417117e-01	-3.543736e-01
5.280327e-01	8.424501e-01	-3.556688e-01
5.323913e-01	8.423277e-01	-3.557075e-01
5.368876e-01	8.417516e-01	-3.556223e-01
5.022324e-01	8.329576e-01	-2.451518e-01
5.435552e-01	8.325014e-01	-2.506259e-01
5.127692e-01	8.006799e-01	-3.247231e-01
5.291846e-01	7.997836e-01	-3.260152e-01
4.695912e-01	7.103505e-01	-1.633908e-01
5.751117e-01	7.062446e-01	-1.600165e-01
4.596085e-01	5.733917e-01	-1.128939e-01
5.846483e-01	5.662159e-01	-1.083104e-01
4.424408e-01	4.489782e-01	-1.664109e-01
5.948892e-01	4.336649e-01	-1.714837e-01
4.369741e-01	4.092191e-01	-1.891353e-01
6.048056e-01	4.003197e-01	-1.935116e-01
4.377241e-01	4.095860e-01	-2.248505e-01
6.008717e-01	4.000024e-01	-2.309213e-01
4.430870e-01	4.212747e-01	-1.829780e-01
5.938768e-01	4.101341e-01	-1.889069e-01
4.918544e-01	4.494689e-01	-2.129775e-03
5.504277e-01	4.490513e-01	2.155069e-03
4.809858e-01	2.566568e-01	1.859524e-02
5.571859e-01	2.614085e-01	3.391375e-02
4.781169e-01	9.036946e-02	1.604256e-01
5.613824e-01	9.208805e-02	1.822426e-01
4.869116e-01	6.546848e-02	1.668021e-01
5.501505e-01	6.540040e-02	1.879086e-01
4.557434e-01	3.861381e-02	5.353609e-02
5.870972e-01	3.735729e-02	6.966540e-02
5.208164e-01	8.229129e-01	-3.691905e-01
5.148436e-01	8.425900e-01	-3.550609e-01
5.106911e-01	8.425269e-01	-3.550959e-01
5.070790e-01	8.420457e-01	-3.550533e-01
5.280468e-01	8.427125e-01	-3.564681e-01
5.323976e-01	8.425379e-01	-3.565032e-01
5.369274e-01	8.419181e-01	-3.564211e-01
5.022895e-01	8.331891e-01	-2.439647e-01
5.436608e-01	8.325418e-01	-2.501975e-01
5.128207e-01	8.010280e-01	-3.251371e-01
5.292867e-01	7.999870e-01	-3.266091e-01
4.696514e-01	7.103398e-01	-1.612737e-01
5.751234e-01	7.063427e-01	-1.580926e-01
4.596347e-01	5.743214e-01	-1.090937e-01
5.842943e-01	5.677328e-01	-1.032609e-01
4.423423e-01	4.524691e-01	-1.642368e-01
5.942060e-01	4.349082e-01	-1.651275e-01
4.366672e-01	4.124924e-01	-1.846650e-01
6.030018e-01	4.005887e-01	-1.864699e-01
4.372863e-01	4.125935e-01	-2.214032e-01
5.996671e-01	4.002177e-01	-2.240321e-01
4.425304e-01	4.240499e-01	-1.806094e-01
5.929852e-01	4.108110e-01	-1.825667e-01
4.918612e-01	4.499889e-01	-2.252799e-03
5.505227e-01	4.496743e-01	2.278574e-03
4.810786e-01	2.567635e-01	1.378164e-02
5.574964e-01	2.620664e-01	3.011928e-02
4.780251e-01	9.037001e-02	1.543974e-01
5.613841e-01	9.178407e-02	1.765029e-01
4.865082e-01	6.563947e-02	1.603281e-01
5.503160e-01	6.532131e-02	1.817208e-01
4.565524e-01	4.010915e-02	4.423865e-02
5.876859e-01	3.804449e-02	6.044392e-02
5.207198e-01	8.228458e-01	-3.584695e-01
5.147808e-01	8.425580e-01	-3.427471e-01
5.106856e-01	8.424895e-01	-3.427889e-01
5.070758e-01	8.420172e-01	-3.427508e-01
5.279332e-01	8.426909e-01	-3.446529e-01
5.323083e-01	8.425241e-01	-3.446755e-01
5.368653e-01	8.419126e-01	-3.445832e-01
5.023597e-01	8.331923e-01	-2.275341e-01
5.436709e-01	8.325468e-01	-2.362593e-01
5.128117e-01	8.010130e-01	-3.132173e-01
5.292848e-01	8.000056e-01	-3.155046e-01
4.704084e-01	7.104779e-01	-1.456666e-01
5.751268e-01	7.066740e-01	-1.413351e-01
4.601768e-01	5.772303e-01	-9.036386e-02
5.841256e-01	5.691892e-01	-8.912434e-02
4.415861e-01	4.563777e-01	-1.461555e-01
5.932084e-01	4.389436e-01	-1.559256e-01
4.359181e-01	4.164793e-01	-1.671896e-01
6.011252e-01	4.029503e-01	-1.780635e-01
4.366680e-01	4.164891e-01	-2.052654e-01
5.976841e-01	4.026999e-01	-2.159210e-01
4.414175e-01	4.284062e-01	-1.632478e-01
5.915511e-01	4.137736e-01	-1.735245e-01
4.918749e-01	4.508090e-01	-2.032206e-03
5.505463e-01	4.501181e-01	2.051553e-03
4.810783e-01	2.569910e-01	9.621616e-03
5.575417e-01	2.622293e-01	1.950395e-02
4.779313e-01	9.032511e-02	1.422764e-01
5.613893e-01	9.155738e-02	1.586455e-01
4.862227e-01	6.557357e-02	1.471745e-01
5.505116e-01	6.526005e-02	1.631297e-01
4.565534e-01	4.023755e-02	2.976754e-02
5.877141e-01	3.823636e-02	4.034913e-02
5.210861e-01	8.224324e-01	-3.426816e-01
5.149694e-01	8.423805e-01	-3.270535e-01
5.108266e-01	8.422821e-01	-3.270940e-01
5.072342e-01	8.417816e-01	-3.270537e-01
5.281173e-01	8.424689e-01	-3.295870e-01
5.324948e-01	8.422878e-01	-3.296023e-01
5.371341e-01	8.417016e-01	-3.295016e-01
5.024234e-01	8.330455e-01	-2.115446e-01
5.437903e-01	8.325059e-01	-2.230643e-01
5.131549e-01	8.008616e-01	-2.973648e-01
5.296658e-01	7.998605e-01	-3.003684e-01
4.714257e-01	7.109019e-01	-1.268297e-01
5.751723e-01	7.070913e-01	-1.289546e-01
4.609471e-01	5.827980e-01	-6.491262e-02
5.835546e-01	5.695639e-01	-7.658703e-02
4.413346e-01	4.656096e-01	-1.176432e-01
5.916576e-01	4.405209e-01	-1.439200e-01
4.352922e-01	4.263477e-01	-1.380354e-01
5.975174e-01	4.045981e-01	-1.654098e-01
4.362443e-01	4.258145e-01	-1.763031e-01
5.954720e-01	4.038121e-01	-2.039748e-01
4.410626e-01	4.385268e-01	-1.348825e-01
5.899454e-01	4.151342e-01	-1.616097e-01
4.918624e-01	4.519212e-01	-1.681734e-03
5.505104e-01	4.505962e-01	1.711887e-03
4.810362e-01	2.576192e-01	4.183685e-03
5.575250e-01	2.627185e-01	8.436016e-03
4.779204e-01	8.998085e-02	1.321916e-01
5.614988e-01	9.131362e-02	1.418824e-01
4.862305e-01	6.480698e-02	1.365710e-01
5.508548e-01	6.496387e-02	1.458541e-01
4.563546e-01	4.020943e-02	2.082429e-02
5.880199e-01	3.860059e-02	2.313826e-02
5.234188e-01	8.221037e-01	-3.328587e-01
5.165093e-01	8.421106e-01	-3.179605e-01
5.119717e-01	8.419694e-01	-3.179969e-01
5.081986e-01	8.414181e-01	-3.179516e-01
5.295134e-01	8.420456e-01	-3.201016e-01
5.339931e-01	8.417922e-01	-3.201124e-01
5.384443e-01	8.412102e-01	-3.200189e-01
5.027416e-01	8.327791e-01	-2.035101e-01
5.442379e-01	8.323484e-01	-2.129875e-01
5.147988e-01	8.007325e-01	-2.877732e-01
5.311961e-01	7.998312e-01	-2.901134e-01
4.727104e-01	7.124821e-01	-1.164199e-01
5.752710e-01	7.080777e-01	-1.174628e-01
4.611738e-01	5.896289e-01	-4.978187e-02
5.835334e-01	5.721313e-01	-6.200550e-02
4.412027e-01	4.750640e-01	-1.014492e-01
5.910665e-01	4.469953e-01	-1.304226e-01
4.351244e-01	4.377702e-01	-1.215776e-01
5.955485e-01	4.115614e-01	-1.517103e-01
4.358748e-01	4.382831e-01	-1.602109e-01
5.931283e-01	4.108880e-01	-1.908765e-01
4.407437e-01	4.505825e-01	-1.188332e-01
5.884527e-01	4.227486e-01	-1.482528e-01
4.918738e-01	4.531187e-01	-1.541093e-03
5.505248e-01	4.513819e-01	1.568103e-03
4.809696e-01	2.579586e-01	2.244915e-03
5.575342e-01	2.637173e-01	6.945906e-03
4.779150e-01	8.992270e-02	1.312009e-01
5.620785e-01	9.135722e-02	1.430889e-01
4.862394e-01	6.469025e-02	1.354705e-01
5.515922e-01	6.502233e-02	1.473170e-01
4.563465e-01	4.038737e-02	1.589060e-02
5.881780e-01	3.891267e-02	2.276648e-02
5.233674e-01	8.210976e-01	-3.024347e-01
5.165008e-01	8.415629e-01	-2.881472e-01
5.119913e-01	8.413505e-01	-2.881759e-01
5.082597e-01	8.407822e-01	-2.881391e-01
5.295230e-01	8.415588e-01	-2.913654e-01
5.339937e-01	8.413767e-01	-2.913571e-01
5.384958e-01	8.408916e-01	-2.912523e-01
5.028366e-01	8.324893e-01	-1.757118e-01
5.443412e-01	8.323259e-01	-1.903608e-01
5.148893e-01	8.001183e-01	-2.581387e-01
5.313117e-01	7.995659e-01	-2.618165e-01
4.741620e-01	7.148162e-01	-8.674933e-02
5.754315e-01	7.096141e-01	-9.172469e-02
4.614415e-01	5.995201e-01	6.409100e-03
5.834817e-01	5.779268e-01	-1.657045e-02
4.413326e-01	4.918633e-01	-1.935734e-02
5.904113e-01	4.562114e-01	-6.924801e-02
4.351330e-01	4.550602e-01	-3.365570e-02
5.938361e-01	4.224856e-01	-8.766297e-02
4.358855e-01	4.544781e-01	-7.470534e-02
5.914297e-01	4.222457e-01	-1.285800e-01
4.407900e-01	4.676239e-01	-3.660744e-02
5.873145e-01	4.338867e-01	-8.721839e-02
4.918645e-01	4.537864e-01	-5.274425e-04
5.505208e-01	4.520213e-01	5.441589e-04
4.808149e-01	2.581904e-01	7.708524e-04
5.575773e-01	2.637240e-01	-2.858895e-03
4.779020e-01	8.960305e-02	1.338795e-01
5.623558e-01	9.132302e-02	1.298127e-01
4.862263e-01	6.432860e-02	1.386338e-01
5.521141e-01	6.500955e-02	1.335187e-01
4.564460e-01	4.061944e-02	1.934142e-02
5.885220e-01	3.954418e-02	5.701597e-03
5.236300e-01	8.184027e-01	-2.794833e-01
5.166717e-01	8.394914e-01	-2.656872e-01
5.121037e-01	8.391935e-01	-2.657163e-01
5.084469e-01	8.385825e-01	-2.656864e-01
5.297666e-01	8.397501e-01	-2.678508e-01
5.342535e-01	8.398428e-01	-2.678223e-01
5.388494e-01	8.395665e-01	-2.677054e-01
5.029027e-01	8.313781e-01	-1.559196e-01
5.446181e-01	8.319697e-01	-1.666649e-01
5.151913e-01	7.975707e-01	-2.364596e-01
5.316799e-01	7.978354e-01	-2.388501e-01
4.753525e-01	7.162102e-01	-6.949835e-02
5.755783e-01	7.110558e-01	-6.232778e-02
4.624458e-01	6.075287e-01	3.885758e-02
5.832863e-01	5.852845e-01	3.350205e-02
4.418439e-01	5.092849e-01	3.580912e-02
5.901682e-01	4.706275e-01	-7.867619e-04
4.353474e-01	4.735795e-01	2.661134e-02
5.932614e-01	4.363163e-01	-1.399799e-02
4.367741e-01	4.722982e-01	-1.547423e-02
5.905002e-01	4.371133e-01	-5.451737e-02
4.419071e-01	4.851531e-01	1.926025e-02
5.867957e-01	4.487144e-01	-1.789271e-02
4.918436e-01	4.540392e-01	-2.220242e-04
5.505461e-01	4.524028e-01	1.960501e-04
4.807777e-01	2.581883e-01	2.096054e-03
5.576595e-01	2.636362e-01	-3.115233e-03
4.779015e-01	8.899763e-02	1.381504e-01
5.624025e-01	9.106077e-02	1.315430e-01
4.862314e-01	6.369467e-02	1.434255e-01
5.524811e-01	6.465427e-02	1.355807e-01
4.564525e-01	4.072780e-02	2.638358e-02
5.886868e-01	3.968580e-02	1.026077e-02
5.255828e-01	8.138689e-01	-2.922177e-01
5.180262e-01	8.349453e-01	-2.779532e-01
5.132067e-01	8.348382e-01	-2.779933e-01
5.093313e-01	8.345047e-01	-2.779644e-01
5.310906e-01	8.355588e-01	-2.798417e-01
5.358748e-01	8.359708e-01	-2.798046e-01
5.401717e-01	8.360666e-01	-2.796941e-01
5.032613e-01	8.292313e-01	-1.619435e-01
5.451276e-01	8.306300e-01	-1.718580e-01
5.166419e-01	7.935325e-01	-2.467674e-01
5.330597e-01	7.946273e-01	-2.488272e-01
4.766542e-01	7.171682e-01	-6.503008e-02
5.756384e-01	7.135855e-01	-5.543986e-02
4.637784e-01	6.120854e-01	6.439115e-02
5.828616e-01	5.932245e-01	6.891571e-02
4.423109e-01	5.216310e-01	8.651488e-02
5.894800e-01	4.886222e-01	6.511523e-02
4.363220e-01	4.887030e-01	8.384137e-02
5.924317e-01	4.553764e-01	5.996517e-02
4.381463e-01	4.869405e-01	3.926997e-02
5.895292e-01	4.563395e-01	1.958469e-02
4.430355e-01	4.971041e-01	6.968153e-02
5.863526e-01	4.668607e-01	4.944004e-02
4.917825e-01	4.544562e-01	-1.991028e-04
5.505451e-01	4.533735e-01	1.420381e-04
4.807546e-01	2.580323e-01	-3.076846e-03
5.578532e-01	2.635401e-01	-3.422006e-03
4.780303e-01	8.803694e-02	1.329122e-01
5.624215e-01	9.100001e-02	1.335103e-01
4.864542e-01	6.260696e-02	1.381144e-01
5.525566e-01	6.455953e-02	1.375793e-01
4.564711e-01	4.100047e-02	2.082643e-02
5.888424e-01	3.969598e-02	1.252697e-02
5.253925e-01	8.104678e-01	-2.895440e-01
5.179565e-01	8.317904e-01	-2.755513e-01
5.131689e-01	8.320132e-01	-2.756002e-01
5.093596e-01	8.319865e-01	-2.755719e-01
5.310439e-01	8.325326e-01	-2.778671e-01
5.357795e-01	8.333123e-01	-2.778328e-01
5.401817e-01	8.339151e-01	-2.777304e-01
5.032824e-01	8.281424e-01	-1.592161e-01
5.451842e-01	8.300639e-01	-1.713670e-01
5.165841e-01	7.912593e-01	-2.437703e-01
5.329930e-01	7.926496e-01	-2.464325e-01
4.773983e-01	7.184884e-01	-5.989572e-02
5.756880e-01	7.165132e-01	-5.241634e-02
4.650487e-01	6.166615e-01	8.681379e-02
5.828704e-01	6.003051e-01	8.289423e-02
4.435923e-01	5.333547e-01	1.378945e-01
5.892465e-01	5.002671e-01	9.960040e-02
4.372164e-01	5.040921e-01	1.409892e-01
5.919781e-01	4.688588e-01	9.873685e-02
4.398198e-01	5.036343e-01	9.556426e-02
5.891442e-01	4.689889e-01	5.986721e-02
4.448268e-01	5.124937e-01	1.215160e-01
5.861346e-01	4.798732e-01	8.518454e-02
4.917013e-01	4.547086e-01	-1.656840e-04
5.505940e-01	4.536740e-01	1.139365e-04
4.808130e-01	2.579762e-01	-2.428840e-03
5.579989e-01	2.633279e-01	-2.931605e-03
4.784674e-01	8.753200e-02	1.359185e-01
5.624572e-01	9.062684e-02	1.342828e-01
4.872843e-01	6.215332e-02	1.414438e-01
5.526488e-01	6.423654e-02	1.384007e-01
4.567555e-01	4.094558e-02	2.541773e-02
5.898502e-01	3.884304e-02	1.318743e-02
5.242661e-01	8.083345e-01	-3.103507e-01
5.171596e-01	8.297252e-01	-2.948102e-01
5.128022e-01	8.301131e-01	-2.949134e-01
5.089771e-01	8.303298e-01	-2.949022e-01
5.304477e-01	8.305694e-01	-2.991819e-01
5.352041e-01	8.315613e-01	-2.991191e-01
5.398180e-01	8.324876e-01	-2.989967e-01
5.032437e-01	8.271866e-01	-1.713366e-01
5.451816e-01	8.292593e-01	-1.821689e-01
5.159420e-01	7.898518e-01	-2.558098e-01
5.325067e-01	7.910411e-01	-2.628236e-01
4.779491e-01	7.183922e-01	-6.801213e-02
5.757012e-01	7.186874e-01	-6.766874e-02
4.649611e-01	6.186835e-01	1.163015e-01
5.828772e-01	6.084232e-01	9.604509e-02
4.445331e-01	5.431128e-01	2.161355e-01
5.901817e-01	5.152395e-01	1.494568e-01
4.380588e-01	5.163565e-01	2.296621e-01
5.942297e-01	4.854478e-01	1.570576e-01
4.408159e-01	5.166013e-01	1.819678e-01
5.904726e-01	4.849556e-01	1.171165e-01
4.458434e-01	5.244367e-01	2.004994e-01
5.874295e-01	4.949519e-01	1.361521e-01
4.915283e-01	4.546321e-01	7.934777e-04
5.506080e-01	4.536238e-01	-9.278531e-04
4.809012e-01	2.579131e-01	-2.937838e-04
5.579998e-01	2.623612e-01	-2.226215e-03
4.786568e-01	8.741969e-02	1.425015e-01
5.625911e-01	9.038867e-02	1.380199e-01
4.875956e-01	6.211768e-02	1.492860e-01
5.529744e-01	6.419323e-02	1.419844e-01
4.569345e-01	4.056517e-02	3.339560e-02
5.902826e-01	3.802760e-02	1.908407e-02
5.242239e-01	8.063975e-01	-3.535935e-01
5.172228e-01	8.277590e-01	-3.392309e-01
5.128242e-01	8.282668e-01	-3.393351e-01
5.090855e-01	8.286021e-01	-3.393148e-01
5.305080e-01	8.281204e-01	-3.416796e-01
5.352018e-01	8.289036e-01	-3.416379e-01
5.398858e-01	8.298229e-01	-3.415028e-01
5.033010e-01	8.257085e-01	-2.104260e-01
5.452359e-01	8.271210e-01	-2.242701e-01
5.159203e-01	7.886047e-01	-3.021397e-01
5.324677e-01	7.893717e-01	-3.057505e-01
4.783356e-01	7.183530e-01	-7.261674e-02
5.757051e-01	7.190823e-01	-7.777227e-02
4.644562e-01	6.273152e-01	1.173719e-01
5.853816e-01	6.162167e-01	1.285710e-01
4.447137e-01	5.573438e-01	2.684672e-01
5.967771e-01	5.255265e-01	2.491980e-01
4.382460e-01	5.324723e-01	2.941020e-01
6.021654e-01	5.009353e-01	2.722386e-01
4.409661e-01	5.336106e-01	2.452786e-01
5.973099e-01	5.010850e-01	2.356015e-01
4.458741e-01	5.404891e-01	2.542925e-01
5.933520e-01	5.093145e-01	2.396237e-01
4.913990e-01	4.545748e-01	7.966968e-04
5.506342e-01	4.534398e-01	-9.307499e-04
4.809911e-01	2.579325e-01	-3.856903e-03
5.580553e-01	2.615206e-01	-5.057037e-04
4.787571e-01	8.731150e-02	1.414872e-01
5.626761e-01	9.038129e-02	1.400866e-01
4.877486e-01	6.209211e-02	1.486603e-01
5.530921e-01	6.421519e-02	1.439961e-01
4.570411e-01	4.017949e-02	3.468891e-02
5.907679e-01	3.798227e-02	2.389779e-02
5.242516e-01	7.997589e-01	-3.638400e-01
5.173285e-01	8.228160e-01	-3.500525e-01
5.128796e-01	8.232518e-01	-3.501517e-01
5.092302e-01	8.236477e-01	-3.501146e-01
5.306139e-01	8.228905e-01	-3.523108e-01
5.352481e-01	8.237482e-01	-3.522716e-01
5.399755e-01	8.245074e-01	-3.521327e-01
5.033267e-01	8.217523e-01	-2.191936e-01
5.452452e-01	8.228215e-01	-2.328672e-01
5.160565e-01	7.833094e-01	-3.117291e-01
5.324455e-01	7.842212e-01	-3.147597e-01
4.784853e-01	7.183551e-01	-8.102868e-02
5.756727e-01	7.200431e-01	-8.113430e-02
4.615615e-01	6.345421e-01	1.328323e-01
5.913435e-01	6.234455e-01	1.274023e-01
4.419766e-01	5.673902e-01	2.935117e-01
6.062858e-01	5.347360e-01	2.378546e-01
4.355632e-01	5.423376e-01	3.208073e-01
6.141477e-01	5.118032e-01	2.600273e-01
4.383627e-01	5.429515e-01	2.715350e-01
6.092522e-01	5.101814e-01	2.209342e-01
4.428000e-01	5.501230e-01	2.794012e-01
6.032386e-01	5.178050e-01	2.270529e-01
4.909925e-01	4.545675e-01	8.070535e-04
5.506168e-01	4.533913e-01	-9.527339e-04
4.810265e-01	2.580056e-01	-2.455896e-03
5.580701e-01	2.604612e-01	6.881947e-04
4.788194e-01	8.725986e-02	1.450160e-01
5.626920e-01	9.029038e-02	1.428601e-01
4.878346e-01	6.209626e-02	1.529467e-01
5.531374e-01	6.421066e-02	1.475991e-01
4.570611e-01	3.986110e-02	4.198922e-02
5.910082e-01	3.783958e-02	2.892225e-02
5.244475e-01	7.930589e-01	-3.589728e-01
5.175841e-01	8.166789e-01	-3.449346e-01
5.130465e-01	8.175617e-01	-3.450281e-01
5.094958e-01	8.182128e-01	-3.449767e-01
5.307503e-01	8.165332e-01	-3.473522e-01
5.352925e-01	8.176715e-01	-3.473219e-01
5.400313e-01	8.186460e-01	-3.472033e-01
5.033699e-01	8.175218e-01	-2.139523e-01
5.452352e-01	8.185031e-01	-2.277798e-01
5.165360e-01	7.769583e-01	-3.067898e-01
5.324957e-01	7.777256e-01	-3.098502e-01
4.788749e-01	7.184359e-01	-7.645009e-02
5.754039e-01	7.211538e-01	-7.785274e-02
4.571769e-01	6.441195e-01	1.596071e-01
5.976928e-01	6.299061e-01	1.444530e-01
4.343120e-01	5.788004e-01	3.378266e-01
6.184890e-01	5.518509e-01	2.709767e-01
4.271997e-01	5.567091e-01	3.702300e-01
6.278042e-01	5.301500e-01	2.964956e-01
4.298371e-01	5.575762e-01	3.196947e-01
6.238078e-01	5.316075e-01	2.568327e-01
4.341015e-01	5.627953e-01	3.234221e-01
6.178581e-01	5.375302e-01	2.602711e-01
4.907393e-01	4.545479e-01	8.037155e-04
5.506172e-01	4.527473e-01	-9.532959e-04
4.810266e-01	2.580108e-01	-2.173286e-03
5.580723e-01	2.598882e-01	6.402614e-03
4.788240e-01	8.729129e-02	1.519278e-01
5.627180e-01	9.022253e-02	1.601559e-01
4.878708e-01	6.223082e-02	1.604154e-01
5.531779e-01	6.417437e-02	1.664222e-01
4.570596e-01	3.977284e-02	5.178628e-02
5.910347e-01	3.764534e-02	4.766982e-02
5.244162e-01	7.865945e-01	-3.331001e-01
5.175557e-01	8.093073e-01	-3.182525e-01
5.130403e-01	8.102751e-01	-3.183512e-01
5.094877e-01	8.112050e-01	-3.182862e-01
5.307045e-01	8.093489e-01	-3.215278e-01
5.352175e-01	8.107594e-01	-3.214770e-01
5.399621e-01	8.123925e-01	-3.213369e-01
5.033454e-01	8.122480e-01	-1.861999e-01
5.452318e-01	8.139572e-01	-2.037714e-01
5.165377e-01	7.699736e-01	-2.809481e-01
5.324858e-01	7.707013e-01	-2.850061e-01
4.795761e-01	7.187002e-01	-5.653482e-02
5.752679e-01	7.219212e-01	-5.907527e-02
4.532632e-01	6.585252e-01	1.766237e-01
6.029698e-01	6.385924e-01	1.554537e-01
4.230109e-01	6.010127e-01	3.554367e-01
6.352477e-01	5.728197e-01	2.801148e-01
4.136414e-01	5.813944e-01	3.880594e-01
6.488435e-01	5.578943e-01	3.047161e-01
4.172880e-01	5.809365e-01	3.362962e-01
6.459485e-01	5.569890e-01	2.636876e-01
4.222090e-01	5.849719e-01	3.402998e-01
6.395866e-01	5.587436e-01	2.682820e-01
4.907430e-01	4.542373e-01	8.060611e-04
5.506529e-01	4.513538e-01	-9.552928e-04
4.810238e-01	2.581063e-01	-1.571295e-03
5.580480e-01	2.592292e-01	9.058961e-03
4.788062e-01	8.752491e-02	1.490945e-01
5.627281e-01	9.019058e-02	1.623435e-01
4.878841e-01	6.238126e-02	1.577072e-01
5.531733e-01	6.412213e-02	1.686333e-01
4.569678e-01	3.972888e-02	4.926100e-02
5.910322e-01	3.750841e-02	5.037608e-02
5.231474e-01	7.861475e-01	-2.924270e-01
5.166942e-01	8.086042e-01	-2.752555e-01
5.126317e-01	8.095255e-01	-2.753350e-01
5.089051e-01	8.104646e-01	-2.752503e-01
5.293947e-01	8.089702e-01	-2.807845e-01
5.340720e-01	8.105024e-01	-2.807340e-01
5.387130e-01	8.122599e-01	-2.805764e-01
5.033524e-01	8.114417e-01	-1.435851e-01
5.450693e-01	8.136250e-01	-1.714960e-01
5.161922e-01	7.691014e-01	-2.415561e-01
5.317045e-01	7.702698e-01	-2.485460e-01
4.801661e-01	7.193806e-01	-2.088346e-02
5.752691e-01	7.223778e-01	-4.364891e-02
4.497054e-01	6.709999e-01	2.191468e-01
6.086622e-01	6.497918e-01	1.484300e-01
4.155389e-01	6.168092e-01	4.103409e-01
6.507462e-01	5.871187e-01	2.578509e-01
4.049390e-01	6.039740e-01	4.440129e-01
6.661026e-01	5.753719e-01	2.784336e-01
4.077661e-01	6.011167e-01	3.924202e-01
6.640278e-01	5.748622e-01	2.353053e-01
4.131031e-01	6.029307e-01	3.949035e-01
6.565003e-01	5.785168e-01	2.443966e-01
4.907281e-01	4.541921e-01	2.037370e-03
5.506088e-01	4.509182e-01	-2.175055e-03
4.810125e-01	2.581649e-01	-1.393565e-03
5.580196e-01	2.589071e-01	7.701018e-03
4.787794e-01	8.753937e-02	1.442953e-01
5.627402e-01	9.008519e-02	1.623735e-01
4.879273e-01	6.237751e-02	1.519212e-01
5.531693e-01	6.393615e-02	1.689864e-01
4.568018e-01	3.965532e-02	4.494073e-02
5.910243e-01	3.742540e-02	5.024324e-02
5.227457e-01	7.822608e-01	-2.963415e-01
5.161236e-01	8.050850e-01	-2.791140e-01
5.122930e-01	8.060758e-01	-2.791835e-01
5.083524e-01	8.073267e-01	-2.790866e-01
5.289564e-01	8.055087e-01	-2.836561e-01
5.336493e-01	8.069982e-01	-2.836070e-01
5.382107e-01	8.088953e-01	-2.834509e-01
5.032285e-01	8.094386e-01	-1.466399e-01
5.450312e-01	8.113217e-01	-1.699209e-01
5.160679e-01	7.652106e-01	-2.452555e-01
5.316291e-01	7.660522e-01	-2.509200e-01
4.800999e-01	7.211254e-01	-2.299476e-02
5.752703e-01	7.229559e-01	-4.133310e-02
4.445092e-01	6.788833e-01	2.176111e-01
6.126739e-01	6.540220e-01	1.462242e-01
4.060885e-01	6.359338e-01	4.136873e-01
6.596929e-01	6.043373e-01	2.427763e-01
3.961383e-01	6.267853e-01	4.478491e-01
6.777998e-01	5.954707e-01	2.618389e-01
3.976502e-01	6.245745e-01	3.965091e-01
6.776047e-01	5.968252e-01	2.159298e-01
4.024402e-01	6.251634e-01	3.981854e-01
6.692988e-01	5.962308e-01	2.277873e-01
4.907257e-01	4.541604e-01	2.302465e-03
5.505522e-01	4.505829e-01	-2.443792e-03
4.810314e-01	2.582434e-01	-1.034249e-03
5.579381e-01	2.586053e-01	7.350795e-03
4.787790e-01	8.752903e-02	1.468378e-01
5.627992e-01	9.004638e-02	1.659104e-01
4.880226e-01	6.228952e-02	1.544370e-01
5.532460e-01	6.392150e-02	1.730331e-01
4.566386e-01	3.925446e-02	4.654210e-02
5.909506e-01	3.736009e-02	5.393892e-02
5.218723e-01	7.799942e-01	-2.770426e-01
5.151575e-01	8.026545e-01	-2.588997e-01
5.115966e-01	8.037328e-01	-2.589659e-01
5.075382e-01	8.051153e-01	-2.588561e-01
5.277275e-01	8.033888e-01	-2.639608e-01
5.324157e-01	8.049374e-01	-2.639129e-01
5.369022e-01	8.068386e-01	-2.637418e-01
5.032274e-01	8.075923e-01	-1.267968e-01
5.446490e-01	8.097352e-01	-1.510403e-01
5.159054e-01	7.625868e-01	-2.260607e-01
5.312056e-01	7.638148e-01	-2.321299e-01
4.801504e-01	7.243658e-01	-6.244075e-03
5.753216e-01	7.229974e-01	-3.358506e-02
4.389649e-01	6.918415e-01	2.377963e-01
6.178073e-01	6.542332e-01	1.269233e-01
3.990972e-01	6.611683e-01	4.408179e-01
6.720034e-01	6.191062e-01	1.582360e-01
3.884956e-01	6.515900e-01	4.732873e-01
6.912392e-01	6.133019e-01	1.663094e-01
3.890470e-01	6.464518e-01	4.259318e-01
6.917161e-01	6.183364e-01	1.114236e-01
3.936146e-01	6.478420e-01	4.264192e-01
6.831522e-01	6.176452e-01	1.362581e-01
4.906837e-01	4.543584e-01	3.068918e-03
5.503379e-01	4.505681e-01	-3.179258e-03
4.810562e-01	2.584552e-01	-8.188603e-04
5.577886e-01	2.586075e-01	-3.858036e-04
4.787803e-01	8.752907e-02	1.472068e-01
5.628039e-01	8.993432e-02	1.568430e-01
4.881660e-01	6.222209e-02	1.545132e-01
5.532795e-01	6.377202e-02	1.637112e-01
4.565496e-01	3.904343e-02	4.637885e-02
5.908235e-01	3.734616e-02	4.294701e-02
5.199194e-01	7.801650e-01	-2.487805e-01
5.138173e-01	8.024837e-01	-2.281775e-01
5.103701e-01	8.035732e-01	-2.282351e-01
5.063524e-01	8.048375e-01	-2.281237e-01
5.254978e-01	8.034180e-01	-2.333817e-01
5.301211e-01	8.049729e-01	-2.333688e-01
5.345799e-01	8.067704e-01	-2.332436e-01
5.032219e-01	8.070033e-01	-9.506636e-02
5.438932e-01	8.095538e-01	-1.196470e-01
5.153073e-01	7.624664e-01	-1.980660e-01
5.298195e-01	7.641175e-01	-2.046275e-01
4.802714e-01	7.291111e-01	2.349932e-02
5.753629e-01	7.228568e-01	-3.397742e-02
4.369188e-01	7.058501e-01	2.686103e-01
6.220318e-01	6.566193e-01	-1.582667e-02
3.899484e-01	6.912903e-01	4.539275e-01
6.772515e-01	6.372471e-01	-1.358621e-01
3.778915e-01	6.950190e-01	4.805025e-01
6.971561e-01	6.358118e-01	-1.632082e-01
3.783361e-01	6.922251e-01	4.325930e-01
6.979076e-01	6.452559e-01	-2.109140e-01
3.824403e-01	6.868773e-01	4.383538e-01
6.894797e-01	6.436246e-01	-1.604587e-01
4.905082e-01	4.543399e-01	7.803949e-03
5.498981e-01	4.504868e-01	-7.780438e-03
4.810413e-01	2.583699e-01	5.652606e-03
5.572746e-01	2.585909e-01	1.747912e-03
4.787883e-01	8.755923e-02	1.600291e-01
5.627736e-01	8.996486e-02	1.689381e-01
4.883574e-01	6.225250e-02	1.671557e-01
5.532115e-01	6.377162e-02	1.755263e-01
4.565333e-01	3.890758e-02	5.288155e-02
5.901487e-01	3.738001e-02	4.875230e-02
5.199982e-01	7.804276e-01	-2.482265e-01
5.137221e-01	8.025121e-01	-2.268117e-01
5.103068e-01	8.033550e-01	-2.268834e-01
5.063019e-01	8.043875e-01	-2.267967e-01
5.254345e-01	8.037114e-01	-2.305082e-01
5.300077e-01	8.052474e-01	-2.305098e-01
5.344915e-01	8.070383e-01	-2.304113e-01
5.032498e-01	8.060592e-01	-9.200722e-02
5.438213e-01	8.095623e-01	-1.093987e-01
5.153328e-01	7.625106e-01	-1.967650e-01
5.298293e-01	7.644625e-01	-2.015103e-01
4.804498e-01	7.331962e-01	1.520630e-02
5.753767e-01	7.232013e-01	-2.656305e-02
4.361208e-01	7.167035e-01	2.077388e-01
6.249925e-01	6.585305e-01	-3.983800e-02
3.851084e-01	7.189227e-01	2.845807e-01
6.852403e-01	6.664451e-01	-2.009763e-01
3.698401e-01	7.228667e-01	2.895801e-01
7.056223e-01	6.704884e-01	-2.338420e-01
3.714477e-01	7.219041e-01	2.448833e-01
7.083691e-01	6.838506e-01	-2.788395e-01
3.772239e-01	7.160482e-01	2.662573e-01
7.008232e-01	6.812437e-01	-2.257167e-01
4.905294e-01	4.541990e-01	7.327606e-03
5.497961e-01	4.503839e-01	-7.353433e-03
4.808114e-01	2.582331e-01	3.406306e-03
5.570158e-01	2.585850e-01	6.183449e-03
4.787787e-01	8.718158e-02	1.458712e-01
5.626887e-01	8.983787e-02	1.681500e-01
4.883777e-01	6.200233e-02	1.511325e-01
5.531452e-01	6.347980e-02	1.740986e-01
4.565219e-01	3.823216e-02	3.147023e-02
5.897287e-01	3.737845e-02	4.055643e-02
5.204916e-01	7.802467e-01	-2.281947e-01
5.138897e-01	8.022943e-01	-2.079170e-01
5.105650e-01	8.029924e-01	-2.079814e-01
5.066320e-01	8.039790e-01	-2.079045e-01
5.256471e-01	8.034611e-01	-2.098188e-01
5.301828e-01	8.049367e-01	-2.097965e-01
5.346435e-01	8.067042e-01	-2.096861e-01
5.033206e-01	8.053012e-01	-8.028467e-02
5.438583e-01	8.088925e-01	-8.871467e-02
5.156006e-01	7.623629e-01	-1.794149e-01
5.300452e-01	7.639028e-01	-1.815346e-01
4.805591e-01	7.361845e-01	2.995361e-03
5.752689e-01	7.234718e-01	-2.906414e-03
4.352179e-01	7.355473e-01	4.756861e-02
6.268666e-01	6.679666e-01	1.637782e-02
3.821716e-01	7.485777e-01	-5.055999e-03
6.889148e-01	6.928458e-01	-7.421784e-02
3.686338e-01	7.530422e-01	-1.986119e-02
7.099210e-01	7.016517e-01	-9.464647e-02
3.695410e-01	7.540027e-01	-5.828645e-02
7.121017e-01	7.122437e-01	-1.371338e-01
3.738637e-01	7.487311e-01	-2.490336e-02
7.041675e-01	7.078575e-01	-9.597040e-02
4.908802e-01	4.525803e-01	-2.960287e-04
5.498629e-01	4.498328e-01	3.600504e-04
4.808002e-01	2.575672e-01	-4.568149e-03
5.569409e-01	2.584003e-01	1.744851e-02
4.787756e-01	8.679574e-02	1.254623e-01
5.626599e-01	8.969387e-02	1.666254e-01
4.884101e-01	6.180620e-02	1.300723e-01
5.531443e-01	6.312607e-02	1.722486e-01
4.564689e-01	3.764215e-02	8.983888e-03
5.894763e-01	3.738198e-02	4.222593e-02
5.207720e-01	7.807994e-01	-2.297258e-01
5.140883e-01	8.029857e-01	-2.100346e-01
5.108308e-01	8.036561e-01	-2.101071e-01
5.070218e-01	8.046086e-01	-2.100495e-01
5.257536e-01	8.039432e-01	-2.127485e-01
5.302599e-01	8.053101e-01	-2.127271e-01
5.346729e-01	8.069794e-01	-2.126208e-01
5.036264e-01	8.054699e-01	-8.361310e-02
5.438619e-01	8.084609e-01	-9.519951e-02
5.158108e-01	7.627993e-01	-1.808809e-01
5.301355e-01	7.640148e-01	-1.839119e-01
4.805336e-01	7.408229e-01	-3.322164e-03
5.752650e-01	7.236906e-01	-9.287631e-03
4.312860e-01	7.539528e-01	-1.933797e-03
6.319765e-01	6.825466e-01	1.475647e-02
3.817775e-01	7.779963e-01	-9.693323e-02
6.913367e-01	7.266297e-01	-7.801513e-02
3.676520e-01	7.785556e-01	-1.190094e-01
7.109396e-01	7.395399e-01	-9.803103e-02
3.693005e-01	7.815803e-01	-1.528307e-01
7.118472e-01	7.503158e-01	-1.387062e-01
3.740008e-01	7.784773e-01	-1.164815e-01
7.046306e-01	7.444084e-01	-9.901798e-02
4.910185e-01	4.515323e-01	-3.340716e-03
5.498350e-01	4.494469e-01	3.401561e-03
4.806743e-01	2.568544e-01	-5.165630e-03
5.568117e-01	2.583262e-01	2.199661e-02
4.787585e-01	8.668642e-02	1.238861e-01
5.626132e-01	8.962181e-02	1.654804e-01
4.885093e-01	6.175088e-02	1.285909e-01
5.531297e-01	6.271521e-02	1.710471e-01
4.564653e-01	3.735165e-02	7.356003e-03
5.894201e-01	3.743652e-02	4.224027e-02
5.208358e-01	7.813715e-01	-2.183773e-01
5.142235e-01	8.036048e-01	-1.981805e-01
5.110319e-01	8.042930e-01	-1.982454e-01
5.073166e-01	8.052223e-01	-1.981889e-01
5.258049e-01	8.045355e-01	-1.992165e-01
5.302907e-01	8.058797e-01	-1.992039e-01
5.347418e-01	8.074951e-01	-1.990892e-01
5.039212e-01	8.056895e-01	-7.471870e-02
5.438666e-01	8.084627e-01	-7.834268e-02
5.158365e-01	7.634246e-01	-1.710328e-01
5.301474e-01	7.646363e-01	-1.719140e-01
4.807129e-01	7.401351e-01	-9.293905e-03
5.753379e-01	7.237899e-01	-4.402263e-03
4.337232e-01	7.528849e-01	-7.655900e-02
6.346205e-01	6.917114e-01	-3.427535e-02
3.871779e-01	8.006648e-01	-2.273736e-01
6.873826e-01	7.501420e-01	-1.838994e-01
3.725013e-01	8.090533e-01	-2.608816e-01
7.049750e-01	7.687297e-01	-2.148420e-01
3.735414e-01	8.138559e-01	-2.855197e-01
7.049808e-01	7.827613e-01	-2.486705e-01
3.785354e-01	8.091252e-01	-2.449437e-01
6.974212e-01	7.753997e-01	-2.045505e-01
4.912552e-01	4.499648e-01	-7.574281e-03
5.498516e-01	4.486545e-01	7.675445e-03
4.805771e-01	2.565044e-01	-6.994645e-03
5.567148e-01	2.583023e-01	3.443772e-02
4.787228e-01	8.665161e-02	1.188344e-01
5.626113e-01	8.957321e-02	1.717010e-01
4.885113e-01	6.176356e-02	1.232869e-01
5.531331e-01	6.246864e-02	1.766079e-01
4.564998e-01	3.724092e-02	1.812540e-04
5.893792e-01	3.750656e-02	5.040411e-02
5.217361e-01	7.815574e-01	-2.314611e-01
5.152253e-01	8.037354e-01	-2.106227e-01
5.117379e-01	8.043474e-01	-2.107001e-01
5.081052e-01	8.053659e-01	-2.106431e-01
5.270985e-01	8.047026e-01	-2.116095e-01
5.314692e-01	8.060970e-01	-2.116288e-01
5.359122e-01	8.077463e-01	-2.115154e-01
5.042204e-01	8.059713e-01	-8.825462e-02
5.440518e-01	8.086815e-01	-9.230776e-02
5.161356e-01	7.637610e-01	-1.847179e-01
5.305831e-01	7.649317e-01	-1.858855e-01
4.808730e-01	7.409136e-01	-1.415726e-02
5.753447e-01	7.242709e-01	-1.562050e-02
4.353022e-01	7.585450e-01	-2.121694e-02
6.405704e-01	7.111439e-01	-5.401779e-02
3.887996e-01	8.319829e-01	-7.218750e-02
6.868994e-01	7.939915e-01	-1.926007e-01
3.747895e-01	8.489382e-01	-9.130244e-02
7.010447e-01	8.141853e-01	-2.206115e-01
3.762908e-01	8.556005e-01	-1.145689e-01
6.986303e-01	8.269109e-01	-2.499504e-01
3.812024e-01	8.484803e-01	-8.699767e-02
6.916370e-01	8.189142e-01	-2.111546e-01
4.913339e-01	4.492111e-01	-7.290640e-03
5.498654e-01	4.483340e-01	7.388911e-03
4.804084e-01	2.556430e-01	-6.693373e-03
5.566926e-01	2.578820e-01	3.661651e-02
4.786651e-01	8.641113e-02	1.206736e-01
5.626572e-01	8.956483e-02	1.770239e-01
4.885080e-01	6.154921e-02	1.250147e-01
5.531768e-01	6.232873e-02	1.822826e-01
4.564983e-01	3.719172e-02	4.502030e-03
5.894140e-01	3.750817e-02	5.999699e-02
5.216783e-01	7.818379e-01	-2.360431e-01
5.152292e-01	8.039451e-01	-2.132427e-01
5.117406e-01	8.045725e-01	-2.133193e-01
5.081121e-01	8.055855e-01	-2.132539e-01
5.271298e-01	8.048777e-01	-2.154595e-01
5.315052e-01	8.062802e-01	-2.155025e-01
5.359554e-01	8.079315e-01	-2.153903e-01
5.046331e-01	8.060921e-01	-8.655110e-02
5.442279e-01	8.088189e-01	-9.585338e-02
5.161177e-01	7.640261e-01	-1.882467e-01
5.305328e-01	7.650821e-01	-1.909156e-01
4.817292e-01	7.433860e-01	-1.896403e-02
5.760845e-01	7.259243e-01	-1.936985e-02
4.360202e-01	7.731657e-01	-6.239511e-02
6.447626e-01	7.284372e-01	-7.407847e-02
3.903890e-01	8.590650e-01	-1.583768e-01
6.835223e-01	8.266449e-01	-2.036141e-01
3.767460e-01	8.836119e-01	-1.875557e-01
6.961155e-01	8.540868e-01	-2.320182e-01
3.778239e-01	8.919258e-01	-2.015582e-01
6.941749e-01	8.661091e-01	-2.553400e-01
3.821220e-01	8.826133e-01	-1.714765e-01
6.871264e-01	8.567314e-01	-2.194350e-01
4.912516e-01	4.491337e-01	-9.213349e-03
5.498289e-01	4.482251e-01	9.345533e-03
4.803033e-01	2.544455e-01	3.143365e-03
5.564675e-01	2.562383e-01	4.592694e-02
4.786107e-01	8.584543e-02	1.278039e-01
5.626585e-01	8.920707e-02	1.906623e-01
4.884722e-01	6.097350e-02	1.312835e-01
5.531759e-01	6.184104e-02	1.964992e-01
4.564853e-01	3.698874e-02	9.257927e-03
5.894043e-01	3.737792e-02	7.265531e-02
5.212808e-01	7.820535e-01	-2.329014e-01
5.150979e-01	8.041750e-01	-2.093060e-01
5.116502e-01	8.048667e-01	-2.093775e-01
5.080034e-01	8.058873e-01	-2.093112e-01
5.270534e-01	8.051136e-01	-2.120600e-01
5.314709e-01	8.064752e-01	-2.121249e-01
5.359385e-01	8.080423e-01	-2.120248e-01
5.048749e-01	8.064793e-01	-8.343957e-02
5.443063e-01	8.090377e-01	-9.499529e-02
5.158788e-01	7.642227e-01	-1.857736e-01
5.303046e-01	7.654073e-01	-1.891827e-01
4.830487e-01	7.452164e-01	-2.086702e-02
5.761670e-01	7.267714e-01	-1.958491e-02
4.366435e-01	7.957729e-01	-5.854065e-02
6.464629e-01	7.408976e-01	-8.279760e-02
3.962063e-01	8.871022e-01	-1.418400e-01
6.800636e-01	8.471740e-01	-2.109025e-01
3.839730e-01	9.116729e-01	-1.704617e-01
6.929809e-01	8.760834e-01	-2.411784e-01
3.869028e-01	9.195939e-01	-1.837346e-01
6.863424e-01	8.887327e-01	-2.595350e-01
3.922497e-01	9.103897e-01	-1.545895e-01
6.806445e-01	8.779438e-01	-2.249793e-01
4.912304e-01	4.490886e-01	-9.009624e-03
5.498272e-01	4.481917e-01	9.139643e-03
4.802952e-01	2.540518e-01	1.258814e-02
5.563317e-01	2.555907e-01	4.371149e-02
4.785388e-01	8.582295e-02	1.418129e-01
5.626545e-01	8.901322e-02	1.894620e-01
4.884194e-01	6.093198e-02	1.460042e-01
5.531626e-01	6.133816e-02	1.953471e-01
4.565762e-01	3.696190e-02	1.989010e-02
5.892240e-01	3.737316e-02	7.054164e-02
5.206689e-01	7.823217e-01	-2.280229e-01
5.148046e-01	8.045384e-01	-2.042925e-01
5.114374e-01	8.052074e-01	-2.043715e-01
5.077616e-01	8.061680e-01	-2.043249e-01
5.266939e-01	8.054274e-01	-2.069903e-01
5.311595e-01	8.067516e-01	-2.070625e-01
5.355868e-01	8.082781e-01	-2.069776e-01
5.050183e-01	8.065321e-01	-7.771303e-02
5.443025e-01	8.093523e-01	-8.892637e-02
5.156337e-01	7.645139e-01	-1.806202e-01
5.299010e-01	7.656882e-01	-1.839221e-01
4.839147e-01	7.459870e-01	-2.300512e-02
5.763582e-01	7.285867e-01	-2.112077e-02
4.375163e-01	8.144318e-01	-8.960266e-02
6.448827e-01	7.545270e-01	-1.117283e-01
4.042512e-01	9.106159e-01	-1.947732e-01
6.750901e-01	8.683624e-01	-2.701793e-01
3.941418e-01	9.385589e-01	-2.304608e-01
6.832682e-01	8.996721e-01	-3.077098e-01
3.991069e-01	9.467181e-01	-2.429958e-01
6.736303e-01	9.080437e-01	-3.218313e-01
4.043094e-01	9.371511e-01	-2.079537e-01
6.671749e-01	8.974059e-01	-2.838181e-01
4.910031e-01	4.493576e-01	-8.705923e-03
5.495983e-01	4.483722e-01	8.836063e-03
4.802808e-01	2.540606e-01	1.514420e-02
5.562416e-01	2.556046e-01	4.034563e-02
4.782892e-01	8.581656e-02	1.503176e-01
5.625101e-01	8.865896e-02	1.857681e-01
4.881504e-01	6.092957e-02	1.551512e-01
5.529764e-01	6.052365e-02	1.914113e-01
4.566712e-01	3.674484e-02	2.705627e-02
5.882614e-01	3.738962e-02	6.584899e-02
5.213965e-01	7.823873e-01	-2.204704e-01
5.151986e-01	8.046038e-01	-1.959794e-01
5.116868e-01	8.052742e-01	-1.960764e-01
5.079858e-01	8.062365e-01	-1.960342e-01
5.274913e-01	8.056349e-01	-1.975681e-01
5.318592e-01	8.071014e-01	-1.976298e-01
5.361441e-01	8.087807e-01	-1.975617e-01
5.051800e-01	8.066757e-01	-7.207140e-02
5.445344e-01	8.096098e-01	-7.706301e-02
5.158904e-01	7.646083e-01	-1.743795e-01
5.302924e-01	7.658098e-01	-1.759485e-01
4.841933e-01	7.453009e-01	-2.525722e-02
5.767831e-01	7.305956e-01	-1.991849e-02
4.440579e-01	8.214130e-01	-7.806445e-02
6.450447e-01	7.792023e-01	-7.128517e-02
4.165463e-01	9.278037e-01	-1.731971e-01
6.625629e-01	8.978962e-01	-1.868062e-01
4.077844e-01	9.606512e-01	-2.120619e-01
6.698217e-01	9.310396e-01	-2.198827e-01
4.132896e-01	9.658256e-01	-2.283304e-01
6.598626e-01	9.406961e-01	-2.362633e-01
4.182364e-01	9.558190e-01	-1.883370e-01
6.543013e-01	9.289302e-01	-2.004386e-01
4.909032e-01	4.501830e-01	-9.196813e-03
5.492784e-01	4.487844e-01	9.346558e-03
4.802876e-01	2.540631e-01	1.360978e-02
5.564212e-01	2.562761e-01	3.821420e-02
4.780678e-01	8.589708e-02	1.500860e-01
5.625178e-01	8.869585e-02	1.851118e-01
4.881163e-01	6.106735e-02	1.549950e-01
5.527295e-01	6.030439e-02	1.910432e-01
4.566702e-01	3.614930e-02	2.797827e-02
5.886741e-01	3.761488e-02	6.619965e-02
5.211110e-01	7.824143e-01	-2.226052e-01
5.148830e-01	8.048401e-01	-1.983292e-01
5.114641e-01	8.055090e-01	-1.984308e-01
5.076810e-01	8.064346e-01	-1.983878e-01
5.272282e-01	8.058439e-01	-2.012330e-01
5.316566e-01	8.072843e-01	-2.013050e-01
5.359211e-01	8.089391e-01	-2.012579e-01
5.051585e-01	8.066576e-01	-7.403635e-02
5.445443e-01	8.096669e-01	-8.446629e-02
5.155879e-01	7.648094e-01	-1.759306e-01
5.302100e-01	7.659521e-01	-1.789848e-01
4.847361e-01	7.447626e-01	-2.660622e-02
5.767952e-01	7.331914e-01	-3.634810e-02
4.526338e-01	8.257462e-01	-7.346345e-02
6.414856e-01	8.009709e-01	-9.728752e-02
4.263292e-01	9.442284e-01	-1.588989e-01
6.446127e-01	9.219716e-01	-1.949784e-01
4.205880e-01	9.786536e-01	-1.958609e-01
6.540428e-01	9.585728e-01	-2.296804e-01
4.258057e-01	9.851148e-01	-2.103621e-01
6.454993e-01	9.659088e-01	-2.431960e-01
4.298023e-01	9.710466e-01	-1.732083e-01
6.392473e-01	9.516693e-01	-2.077468e-01
4.906508e-01	4.500839e-01	-8.100448e-03
5.490764e-01	4.486783e-01	8.226881e-03
4.802510e-01	2.538702e-01	1.975596e-02
5.566104e-01	2.567896e-01	3.645689e-02
4.771140e-01	8.614768e-02	1.627688e-01
5.621109e-01	9.078634e-02	1.843562e-01
4.865302e-01	6.152242e-02	1.685619e-01
5.520227e-01	6.157191e-02	1.908949e-01
4.566594e-01	3.562153e-02	4.446610e-02
5.886620e-01	3.797748e-02	6.702004e-02
5.218137e-01	7.825757e-01	-2.269800e-01
5.151149e-01	8.049650e-01	-2.042256e-01
5.115869e-01	8.056020e-01	-2.043300e-01
5.077916e-01	8.064572e-01	-2.042928e-01
5.276271e-01	8.059705e-01	-2.070981e-01
5.320559e-01	8.073794e-01	-2.071601e-01
5.363122e-01	8.089772e-01	-2.071066e-01
5.052701e-01	8.064015e-01	-7.885003e-02
5.450257e-01	8.095238e-01	-8.959059e-02
5.160493e-01	7.649637e-01	-1.806294e-01
5.308619e-01	7.660810e-01	-1.836795e-01
4.853307e-01	7.444901e-01	-4.370828e-02
5.767667e-01	7.348316e-01	-5.264203e-02
4.609686e-01	8.349989e-01	-1.095661e-01
6.332344e-01	8.140104e-01	-1.090201e-01
4.356739e-01	9.575175e-01	-2.125966e-01
6.384004e-01	9.445820e-01	-1.953909e-01
4.297434e-01	9.900520e-01	-2.531853e-01
6.460595e-01	9.818994e-01	-2.278293e-01
4.352121e-01	9.932480e-01	-2.652763e-01
6.391073e-01	9.955129e-01	-2.422386e-01
4.386325e-01	9.838162e-01	-2.266153e-01
6.316530e-01	9.768341e-01	-2.082886e-01
4.901996e-01	4.500902e-01	-7.205489e-03
5.487162e-01	4.486739e-01	7.306049e-03
4.802276e-01	2.538797e-01	1.959663e-02
5.567998e-01	2.570892e-01	2.694134e-02
4.770313e-01	8.612087e-02	1.575920e-01
5.619901e-01	9.108695e-02	1.790024e-01
4.864211e-01	6.134224e-02	1.629759e-01
5.518070e-01	6.224970e-02	1.861036e-01
4.562216e-01	3.500379e-02	3.994142e-02
5.883317e-01	3.817466e-02	6.669369e-02
5.229163e-01	7.865399e-01	-2.591645e-01
5.158635e-01	8.075926e-01	-2.407676e-01
5.120246e-01	8.080866e-01	-2.408812e-01
5.081580e-01	8.087421e-01	-2.408644e-01
5.285590e-01	8.081428e-01	-2.420588e-01
5.329035e-01	8.090765e-01	-2.421620e-01
5.370812e-01	8.102101e-01	-2.421653e-01
5.053649e-01	8.073775e-01	-1.313537e-01
5.453408e-01	8.097639e-01	-1.333545e-01
5.164021e-01	7.686194e-01	-2.161817e-01
5.314018e-01	7.693986e-01	-2.168284e-01
4.852223e-01	7.452748e-01	-8.897046e-02
5.761184e-01	7.374666e-01	-9.593539e-02
4.638264e-01	8.526906e-01	-1.637371e-01
6.233944e-01	8.328032e-01	-1.539354e-01
4.405508e-01	9.869009e-01	-2.607281e-01
6.322732e-01	9.796968e-01	-2.254949e-01
4.371533e-01	1.019634e+00	-3.029655e-01
6.397623e-01	1.017621e+00	-2.594646e-01
4.411922e-01	1.028671e+00	-3.116338e-01
6.325412e-01	1.027088e+00	-2.710179e-01
4.447854e-01	1.014840e+00	-2.735618e-01
6.274556e-01	1.016474e+00	-2.376739e-01
4.901460e-01	4.493922e-01	-7.027324e-03
5.487486e-01	4.480699e-01	7.105017e-03
4.801237e-01	2.510607e-01	2.240167e-02
5.570024e-01	2.553136e-01	4.019345e-02
4.768893e-01	8.507560e-02	1.906233e-01
5.613052e-01	9.106977e-02	2.153320e-01
4.861314e-01	6.084568e-02	1.999291e-01
5.507064e-01	6.240890e-02	2.246696e-01
4.562212e-01	3.263148e-02	8.071567e-02
5.878578e-01	3.765748e-02	1.042533e-01
5.244688e-01	7.830127e-01	-2.632942e-01
5.174826e-01	8.048848e-01	-2.451480e-01
5.133266e-01	8.055543e-01	-2.452591e-01
5.093943e-01	8.062166e-01	-2.452305e-01
5.300443e-01	8.048403e-01	-2.438152e-01
5.342680e-01	8.056544e-01	-2.439001e-01
5.385559e-01	8.065980e-01	-2.438796e-01
5.058061e-01	8.053712e-01	-1.350349e-01
5.455113e-01	8.077282e-01	-1.271709e-01
5.175656e-01	7.663965e-01	-2.200564e-01
5.322698e-01	7.668509e-01	-2.173669e-01
4.851412e-01	7.451417e-01	-1.004658e-01
5.742339e-01	7.371390e-01	-7.730612e-02
4.699542e-01	8.363332e-01	-2.080003e-01
6.129414e-01	8.304427e-01	-1.212481e-01
4.573731e-01	9.701303e-01	-3.238233e-01
6.179831e-01	9.623870e-01	-1.940882e-01
4.568724e-01	9.958783e-01	-3.694494e-01
6.226304e-01	9.970421e-01	-2.238278e-01
4.587470e-01	1.013052e+00	-3.742725e-01
6.182810e-01	1.004357e+00	-2.680425e-01
4.614961e-01	9.907565e-01	-3.349935e-01
6.148261e-01	9.903024e-01	-2.111926e-01
4.899638e-01	4.498168e-01	-9.704853e-03
5.487126e-01	4.480819e-01	9.763139e-03
4.800525e-01	2.512360e-01	9.135133e-03
5.570295e-01	2.548579e-01	4.257787e-02
4.770703e-01	8.513386e-02	1.763795e-01
5.610956e-01	9.105831e-02	2.039800e-01
4.861465e-01	6.104106e-02	1.874270e-01
5.498580e-01	6.258690e-02	2.120349e-01
4.566306e-01	3.268468e-02	6.710040e-02
5.877792e-01	3.732543e-02	8.979567e-02
5.286511e-01	7.830459e-01	-3.137496e-01
5.211747e-01	8.049489e-01	-2.988867e-01
5.166519e-01	8.056027e-01	-2.989983e-01
5.121249e-01	8.062216e-01	-2.990089e-01
5.335031e-01	8.049014e-01	-2.947101e-01
5.374219e-01	8.056755e-01	-2.948138e-01
5.413836e-01	8.064962e-01	-2.948053e-01
5.066904e-01	8.051326e-01	-1.956688e-01
5.455445e-01	8.075557e-01	-1.742725e-01
5.203153e-01	7.662677e-01	-2.717638e-01
5.342888e-01	7.668069e-01	-2.656453e-01
4.846957e-01	7.450920e-01	-1.537321e-01
5.722826e-01	7.377259e-01	-1.171359e-01
4.716182e-01	8.603601e-01	-2.270480e-01
6.087877e-01	8.419874e-01	-1.451078e-01
4.637627e-01	1.006019e+00	-2.806528e-01
6.186046e-01	9.811572e-01	-1.957164e-01
4.633998e-01	1.042469e+00	-3.171741e-01
6.204463e-01	1.022780e+00	-2.226988e-01
4.660097e-01	1.046491e+00	-3.240156e-01
6.142949e-01	1.030831e+00	-2.421989e-01
4.693247e-01	1.033774e+00	-2.906015e-01
6.116051e-01	1.017118e+00	-2.082814e-01
4.899543e-01	4.498186e-01	-9.635799e-03
5.487156e-01	4.480795e-01	9.673943e-03
4.799237e-01	2.512925e-01	9.024234e-03
5.570471e-01	2.546161e-01	4.191093e-02
4.771454e-01	8.505099e-02	1.695025e-01
5.609003e-01	9.102705e-02	2.017174e-01
4.861611e-01	6.090383e-02	1.782574e-01
5.498356e-01	6.257023e-02	2.091885e-01
4.566494e-01	3.271214e-02	5.786112e-02
5.877808e-01	3.735641e-02	8.795451e-02
5.306588e-01	7.827439e-01	-2.902939e-01
5.232551e-01	8.046474e-01	-2.743601e-01
5.187351e-01	8.053220e-01	-2.744610e-01
5.141082e-01	8.059134e-01	-2.744432e-01
5.355235e-01	8.044229e-01	-2.704739e-01
5.394939e-01	8.050997e-01	-2.705595e-01
5.435145e-01	8.057974e-01	-2.705358e-01
5.076263e-01	8.048816e-01	-1.729055e-01
5.458418e-01	8.072248e-01	-1.515308e-01
5.216850e-01	7.662685e-01	-2.489525e-01
5.355236e-01	7.668180e-01	-2.429248e-01
4.846497e-01	7.448853e-01	-1.433243e-01
5.713436e-01	7.385809e-01	-9.293918e-02
4.735082e-01	8.580880e-01	-2.556690e-01
6.007650e-01	8.371859e-01	-1.234827e-01
4.681802e-01	9.922985e-01	-3.493518e-01
6.139749e-01	9.715530e-01	-1.861010e-01
4.682068e-01	1.024796e+00	-3.945315e-01
6.182638e-01	1.009431e+00	-2.135406e-01
4.706450e-01	1.028561e+00	-3.975655e-01
6.117752e-01	1.017776e+00	-2.328295e-01
4.734071e-01	1.016196e+00	-3.589920e-01
6.078364e-01	1.002920e+00	-1.993174e-01
4.898476e-01	4.498353e-01	-1.412648e-02
5.486999e-01	4.483659e-01	1.414854e-02
4.797700e-01	2.513359e-01	-3.905559e-03
5.579991e-01	2.538821e-01	4.422735e-02
4.772422e-01	8.527841e-02	1.523561e-01
5.609142e-01	9.095322e-02	2.004172e-01
4.861723e-01	6.090850e-02	1.605001e-01
5.496916e-01	6.246980e-02	2.082528e-01
4.581471e-01	3.339832e-02	3.935198e-02
5.880703e-01	3.726897e-02	8.550543e-02
5.321780e-01	7.843369e-01	-2.866049e-01
5.251161e-01	8.062405e-01	-2.700728e-01
5.206019e-01	8.068321e-01	-2.701805e-01
5.160111e-01	8.072182e-01	-2.701660e-01
5.374122e-01	8.052951e-01	-2.645898e-01
5.416211e-01	8.055156e-01	-2.646895e-01
5.457535e-01	8.058282e-01	-2.646688e-01
5.087599e-01	8.049269e-01	-1.708629e-01
5.471630e-01	8.071202e-01	-1.432106e-01
5.226070e-01	7.672595e-01	-2.474758e-01
5.366678e-01	7.676362e-01	-2.389423e-01
4.846307e-01	7.445440e-01	-1.505374e-01
5.703487e-01	7.383820e-01	-8.870951e-02
4.770429e-01	8.598534e-01	-2.534403e-01
5.932593e-01	8.462721e-01	-1.185071e-01
4.771197e-01	1.002371e+00	-3.174508e-01
6.093633e-01	9.715666e-01	-1.819103e-01
4.793840e-01	1.040442e+00	-3.587066e-01
6.159886e-01	1.002528e+00	-2.095553e-01
4.805196e-01	1.055318e+00	-3.592333e-01
6.110734e-01	1.019619e+00	-2.289569e-01
4.819077e-01	1.030985e+00	-3.253402e-01
6.050154e-01	9.953035e-01	-1.953178e-01
4.898254e-01	4.497303e-01	-1.562199e-02
5.486971e-01	4.487070e-01	1.562446e-02
4.792527e-01	2.514100e-01	-2.091370e-03
5.584789e-01	2.538931e-01	4.694133e-02
4.772795e-01	8.528969e-02	1.520036e-01
5.612424e-01	9.107466e-02	1.997507e-01
4.863661e-01	6.090211e-02	1.599252e-01
5.500955e-01	6.271888e-02	2.066549e-01
4.580254e-01	3.346426e-02	3.870978e-02
5.863746e-01	3.725299e-02	8.590779e-02
5.326201e-01	7.858800e-01	-2.813176e-01
5.258611e-01	8.081581e-01	-2.639838e-01
5.213666e-01	8.086457e-01	-2.640902e-01
5.167845e-01	8.089138e-01	-2.640717e-01
5.384150e-01	8.068770e-01	-2.598996e-01
5.430044e-01	8.066850e-01	-2.599890e-01
5.473015e-01	8.064839e-01	-2.599598e-01
5.092021e-01	8.054095e-01	-1.626286e-01
5.479748e-01	8.071681e-01	-1.394954e-01
5.229093e-01	7.683818e-01	-2.416891e-01
5.371932e-01	7.684664e-01	-2.345358e-01
4.846002e-01	7.437839e-01	-1.413096e-01
5.695142e-01	7.383064e-01	-9.201930e-02
4.828819e-01	8.599840e-01	-2.417854e-01
5.870465e-01	8.470011e-01	-1.316589e-01
4.806364e-01	1.003952e+00	-2.998705e-01
5.940368e-01	9.688215e-01	-1.893975e-01
4.808744e-01	1.050110e+00	-3.430310e-01
5.957029e-01	1.001683e+00	-2.200005e-01
4.814134e-01	1.055101e+00	-3.429572e-01
5.903558e-01	1.013889e+00	-2.336568e-01
4.842231e-01	1.030930e+00	-3.079099e-01
5.867189e-01	9.923494e-01	-2.016783e-01
4.899210e-01	4.496339e-01	-1.524033e-02
5.488205e-01	4.487489e-01	1.524287e-02
4.790680e-01	2.514085e-01	4.316648e-03
5.586702e-01	2.536254e-01	5.274360e-02
4.772848e-01	8.535968e-02	1.646354e-01
5.614731e-01	9.108637e-02	2.116195e-01
4.863772e-01	6.096464e-02	1.727294e-01
5.505791e-01	6.298761e-02	2.189796e-01
4.580114e-01	3.348383e-02	5.189783e-02
5.850302e-01	3.716101e-02	9.936196e-02
5.325469e-01	7.858347e-01	-2.371240e-01
5.261346e-01	8.081065e-01	-2.196729e-01
5.216745e-01	8.086397e-01	-2.197761e-01
5.171491e-01	8.089197e-01	-2.197510e-01
5.386081e-01	8.067186e-01	-2.130370e-01
5.431790e-01	8.065256e-01	-2.131249e-01
5.473964e-01	8.063115e-01	-2.130830e-01
5.094233e-01	8.054395e-01	-1.247426e-01
5.479728e-01	8.069038e-01	-9.028410e-02
5.227633e-01	7.684031e-01	-2.008786e-01
5.370713e-01	7.684742e-01	-1.908139e-01
4.841681e-01	7.427945e-01	-1.329906e-01
5.670677e-01	7.382515e-01	-5.497394e-02
4.848199e-01	8.549734e-01	-2.222394e-01
5.765293e-01	8.441491e-01	-9.584717e-02
4.832205e-01	9.990391e-01	-2.866103e-01
5.826975e-01	9.664928e-01	-1.481332e-01
4.838154e-01	1.036479e+00	-3.302096e-01
5.840612e-01	9.996331e-01	-1.786370e-01
4.878497e-01	1.039981e+00	-3.291413e-01
5.793163e-01	1.007611e+00	-1.907075e-01
4.917334e-01	1.022409e+00	-2.943950e-01
5.763785e-01	9.894421e-01	-1.603558e-01
4.899209e-01	4.493222e-01	-1.592888e-02
5.488338e-01	4.487772e-01	1.594060e-02
4.788764e-01	2.514143e-01	4.437400e-03
5.586628e-01	2.534291e-01	5.048515e-02
4.772741e-01	8.536364e-02	1.633916e-01
5.615155e-01	9.123122e-02	2.071776e-01
4.863902e-01	6.099796e-02	1.712393e-01
5.509574e-01	6.345494e-02	2.141834e-01
4.580048e-01	3.347759e-02	5.083907e-02
5.838766e-01	3.718516e-02	9.405024e-02
5.317428e-01	7.860079e-01	-2.395275e-01
5.259671e-01	8.080966e-01	-2.204960e-01
5.215901e-01	8.086399e-01	-2.205913e-01
5.170908e-01	8.089254e-01	-2.205584e-01
5.380962e-01	8.065500e-01	-2.168579e-01
5.422571e-01	8.062264e-01	-2.169543e-01
5.465623e-01	8.058556e-01	-2.169213e-01
5.093859e-01	8.053470e-01	-1.177785e-01
5.473301e-01	8.056317e-01	-9.790306e-02
5.220824e-01	7.687272e-01	-2.006040e-01
5.360037e-01	7.685351e-01	-1.947321e-01
4.840077e-01	7.400962e-01	-1.109194e-01
5.655216e-01	7.367935e-01	-5.590998e-02
4.841724e-01	8.573430e-01	-2.193801e-01
5.740216e-01	8.438793e-01	-1.118272e-01
4.870405e-01	9.934106e-01	-2.387082e-01
5.760512e-01	9.664536e-01	-1.613730e-01
4.906360e-01	1.029341e+00	-2.815949e-01
5.749731e-01	1.000008e+00	-1.972976e-01
4.923392e-01	1.031682e+00	-2.789448e-01
5.703706e-01	1.007412e+00	-2.015439e-01
4.959168e-01	1.014826e+00	-2.457817e-01
5.681318e-01	9.904746e-01	-1.699672e-01
4.901609e-01	4.490741e-01	-1.240495e-02
5.488417e-01	4.489522e-01	1.239919e-02
4.783443e-01	2.516797e-01	7.451902e-03
5.586584e-01	2.536024e-01	3.673681e-02
4.772579e-01	8.536704e-02	1.649699e-01
5.614827e-01	9.124876e-02	1.915254e-01
4.863997e-01	6.096653e-02	1.726167e-01
5.512334e-01	6.355624e-02	1.979942e-01
4.577788e-01	3.349040e-02	5.156992e-02
5.836102e-01	3.778855e-02	7.225695e-02
5.316364e-01	7.865924e-01	-2.341322e-01
5.258394e-01	8.083383e-01	-2.155022e-01
5.213686e-01	8.088817e-01	-2.155913e-01
5.169044e-01	8.091508e-01	-2.155501e-01
5.379872e-01	8.066591e-01	-2.117931e-01
5.420357e-01	8.062429e-01	-2.118994e-01
5.464934e-01	8.059276e-01	-2.118606e-01
5.093576e-01	8.053373e-01	-1.160604e-01
5.469805e-01	8.053579e-01	-9.679397e-02
5.219873e-01	7.694635e-01	-1.967300e-01
5.357287e-01	7.690844e-01	-1.910967e-01
4.839948e-01	7.366472e-01	-1.095965e-01
5.647866e-01	7.340951e-01	-5.893587e-02
4.880081e-01	8.544219e-01	-2.018347e-01
5.713298e-01	8.416806e-01	-1.149683e-01
4.931977e-01	9.872326e-01	-2.388617e-01
5.731785e-01	9.596492e-01	-1.692288e-01
4.981791e-01	1.021526e+00	-2.816728e-01
5.721933e-01	9.932905e-01	-2.049369e-01
5.016729e-01	1.024317e+00	-2.799507e-01
5.657877e-01	9.998484e-01	-2.101335e-01
5.042369e-01	1.008164e+00	-2.464550e-01
5.631805e-01	9.837713e-01	-1.779748e-01
4.901936e-01	4.480924e-01	-1.194453e-02
5.488151e-01	4.489185e-01	1.193974e-02
4.780304e-01	2.516903e-01	9.627889e-03
5.586018e-01	2.536147e-01	3.671994e-02
4.772268e-01	8.594106e-02	1.668119e-01
5.611988e-01	9.124344e-02	1.902118e-01
4.863754e-01	6.145561e-02	1.746145e-01
5.512275e-01	6.358076e-02	1.966970e-01
4.577670e-01	3.372136e-02	5.660387e-02
5.829977e-01	3.839501e-02	7.300307e-02
5.315676e-01	7.888101e-01	-1.725843e-01
5.255340e-01	8.094362e-01	-1.530606e-01
5.211267e-01	8.098098e-01	-1.531345e-01
5.167297e-01	8.099271e-01	-1.530702e-01
5.378554e-01	8.079483e-01	-1.492721e-01
5.419881e-01	8.074026e-01	-1.493597e-01
5.464271e-01	8.068182e-01	-1.492939e-01
5.094061e-01	8.054330e-01	-6.039985e-02
5.462185e-01	8.053874e-01	-3.983602e-02
5.219525e-01	7.717078e-01	-1.390079e-01
5.355747e-01	7.713047e-01	-1.329712e-01
4.839825e-01	7.322668e-01	-7.220963e-02
5.638704e-01	7.289108e-01	-3.125083e-02
4.881652e-01	8.495229e-01	-2.138882e-01
5.728390e-01	8.255812e-01	-1.132029e-01
4.927714e-01	9.800943e-01	-3.140769e-01
5.698712e-01	9.496505e-01	-1.726395e-01
4.981218e-01	1.012965e+00	-3.643993e-01
5.700690e-01	9.896347e-01	-2.101684e-01
5.033383e-01	1.014034e+00	-3.620146e-01
5.640069e-01	9.926485e-01	-2.133667e-01
5.061017e-01	9.948314e-01	-3.222288e-01
5.612168e-01	9.785568e-01	-1.806512e-01
4.902886e-01	4.447269e-01	-1.176126e-02
5.488294e-01	4.474177e-01	1.177161e-02
4.777588e-01	2.516131e-01	1.156702e-02
5.585277e-01	2.535474e-01	3.685855e-02
4.771129e-01	8.602420e-02	1.690819e-01
5.609831e-01	9.123766e-02	1.873876e-01
4.862890e-01	6.161962e-02	1.772453e-01
5.512023e-01	6.358679e-02	1.938260e-01
4.576984e-01	3.372525e-02	6.279995e-02
5.829186e-01	3.895082e-02	7.361414e-02
5.299214e-01	7.915564e-01	-2.020952e-01
5.243595e-01	8.111696e-01	-1.836819e-01
5.199179e-01	8.113741e-01	-1.837627e-01
5.154099e-01	8.113180e-01	-1.837133e-01
5.366954e-01	8.102491e-01	-1.791957e-01
5.406268e-01	8.098068e-01	-1.792680e-01
5.450989e-01	8.091727e-01	-1.791792e-01
5.084738e-01	8.073207e-01	-8.556733e-02
5.455620e-01	8.065146e-01	-6.199861e-02
5.205950e-01	7.739373e-01	-1.658098e-01
5.346231e-01	7.738559e-01	-1.587971e-01
4.836211e-01	7.308074e-01	-1.115693e-01
5.637137e-01	7.271988e-01	-5.326067e-02
4.867050e-01	8.157399e-01	-4.048185e-01
5.713836e-01	8.057452e-01	-2.955554e-01
4.900286e-01	9.413777e-01	-6.223800e-01
5.701256e-01	9.126478e-01	-5.141214e-01
4.957453e-01	9.754083e-01	-6.879876e-01
5.698189e-01	9.501955e-01	-5.696096e-01
4.995216e-01	9.804652e-01	-6.859141e-01
5.631322e-01	9.556722e-01	-5.699242e-01
5.014847e-01	9.658355e-01	-6.323818e-01
5.602284e-01	9.428219e-01	-5.263921e-01
4.901975e-01	4.424997e-01	-8.262932e-03
5.488228e-01	4.459533e-01	8.275449e-03
4.777845e-01	2.507985e-01	1.029239e-02
5.584880e-01	2.535421e-01	2.560766e-02
4.770928e-01	8.614559e-02	1.702240e-01
5.603944e-01	9.117594e-02	1.764944e-01
4.862505e-01	6.170275e-02	1.781292e-01
5.503924e-01	6.356913e-02	1.819115e-01
4.577213e-01	3.391627e-02	6.071431e-02
5.830277e-01	3.871689e-02	4.923731e-02
5.287929e-01	7.931355e-01	-2.133203e-01
5.231557e-01	8.112391e-01	-1.948974e-01
5.187297e-01	8.114228e-01	-1.949821e-01
5.143563e-01	8.113952e-01	-1.949370e-01
5.353367e-01	8.103561e-01	-1.907856e-01
5.391186e-01	8.099118e-01	-1.908630e-01
5.435045e-01	8.092868e-01	-1.907904e-01
5.076970e-01	8.073482e-01	-9.489009e-02
5.447786e-01	8.061784e-01	-7.292940e-02
5.195138e-01	7.752429e-01	-1.759053e-01
5.338476e-01	7.753561e-01	-1.695250e-01
4.821466e-01	7.291669e-01	-1.273748e-01
5.631313e-01	7.257733e-01	-7.966255e-02
4.862060e-01	7.941442e-01	-4.344241e-01
5.703521e-01	7.933193e-01	-3.382890e-01
4.917463e-01	9.063073e-01	-6.629190e-01
5.657548e-01	8.859845e-01	-5.640830e-01
4.991537e-01	9.344100e-01	-7.305329e-01
5.645727e-01	9.126561e-01	-6.224298e-01
5.017873e-01	9.386183e-01	-7.258426e-01
5.588857e-01	9.177516e-01	-6.198762e-01
5.020914e-01	9.275870e-01	-6.722111e-01
5.567244e-01	9.094920e-01	-5.754122e-01
4.894846e-01	4.392549e-01	-4.743403e-03
5.486253e-01	4.441920e-01	4.715846e-03
4.781492e-01	2.496366e-01	1.353960e-02
5.583991e-01	2.542126e-01	2.465957e-02
4.770860e-01	8.608286e-02	1.869542e-01
5.599431e-01	9.216247e-02	1.874143e-01
4.862575e-01	6.185418e-02	1.957154e-01
5.496119e-01	6.569302e-02	1.947501e-01
4.574568e-01	3.347386e-02	6.840993e-02
5.822420e-01	3.871466e-02	5.269979e-02
5.287703e-01	7.930927e-01	-1.259268e-01
5.230963e-01	8.112311e-01	-1.135460e-01
5.186996e-01	8.115298e-01	-1.135597e-01
5.143596e-01	8.119808e-01	-1.134957e-01
5.352236e-01	8.097587e-01	-1.076991e-01
5.388487e-01	8.091459e-01	-1.077903e-01
5.428019e-01	8.084227e-01	-1.076943e-01
5.077103e-01	8.084939e-01	-4.223126e-02
5.434427e-01	8.052191e-01	-1.443317e-02
5.194759e-01	7.760062e-01	-9.945860e-02
5.336518e-01	7.752886e-01	-9.110640e-02
4.793828e-01	7.284395e-01	-4.104688e-02
5.605448e-01	7.257787e-01	-5.214866e-03
4.860896e-01	7.830603e-01	-1.246783e-01
5.713121e-01	7.818333e-01	-7.955290e-02
5.014122e-01	8.593625e-01	-5.443430e-02
5.605906e-01	8.288656e-01	-1.023471e-01
5.123664e-01	8.759023e-01	-6.478476e-02
5.540555e-01	8.526631e-01	-1.252574e-01
5.112385e-01	8.765982e-01	-6.199677e-02
5.488004e-01	8.485547e-01	-1.155950e-01
5.100448e-01	8.713435e-01	-5.549785e-02
5.501099e-01	8.430752e-01	-1.053436e-01
4.892983e-01	4.350652e-01	-5.072775e-03
5.482113e-01	4.415433e-01	5.054200e-03
4.782055e-01	2.496568e-01	1.697292e-02
5.588782e-01	2.557169e-01	3.926244e-02
4.760986e-01	8.603476e-02	1.439547e-01
5.597745e-01	9.209456e-02	1.735799e-01
4.852133e-01	6.185855e-02	1.498897e-01
5.489740e-01	6.567840e-02	1.791679e-01
4.568645e-01	3.302994e-02	5.557050e-02
5.832452e-01	3.815873e-02	6.569986e-02
5.285090e-01	7.924367e-01	-1.734567e-01
5.226308e-01	8.110557e-01	-1.577329e-01
5.182971e-01	8.115239e-01	-1.577692e-01
5.140293e-01	8.121362e-01	-1.577014e-01
5.346184e-01	8.097023e-01	-1.537767e-01
5.383245e-01	8.091700e-01	-1.538627e-01
5.421702e-01	8.086626e-01	-1.537888e-01
5.075374e-01	8.102139e-01	-6.334274e-02
5.434657e-01	8.059357e-01	-4.470865e-02
5.194587e-01	7.759604e-01	-1.376368e-01
5.335046e-01	7.752718e-01	-1.330526e-01
4.793355e-01	7.371577e-01	-4.724012e-02
5.615927e-01	7.296094e-01	-5.435766e-02
4.826373e-01	7.337651e-01	-2.850822e-01
5.722672e-01	7.231807e-01	-3.218319e-01
5.000724e-01	8.023019e-01	-4.792792e-01
5.527474e-01	7.771356e-01	-5.428259e-01
5.083653e-01	8.253399e-01	-5.254335e-01
5.431188e-01	8.014930e-01	-5.934036e-01
5.077140e-01	8.233289e-01	-5.075763e-01
5.410331e-01	8.023198e-01	-5.758022e-01
5.073920e-01	8.123019e-01	-4.803566e-01
5.419955e-01	7.952021e-01	-5.449910e-01
4.883139e-01	4.353977e-01	2.205015e-03
5.475982e-01	4.416338e-01	-2.270578e-03
4.781888e-01	2.499953e-01	-4.647008e-03
5.581278e-01	2.565387e-01	8.554457e-03
4.758914e-01	8.599072e-02	1.316195e-01
5.593578e-01	9.199415e-02	1.574909e-01
4.850257e-01	6.134376e-02	1.374923e-01
5.485235e-01	6.520384e-02	1.633887e-01
4.563017e-01	3.273196e-02	1.916518e-02
5.835714e-01	3.828464e-02	3.730177e-02
5.276560e-01	8.023208e-01	-1.782811e-01
5.216874e-01	8.230669e-01	-1.631715e-01
5.172437e-01	8.234912e-01	-1.631649e-01
5.129479e-01	8.238561e-01	-1.630743e-01
5.337093e-01	8.214812e-01	-1.649493e-01
5.375167e-01	8.208188e-01	-1.648697e-01
5.414137e-01	8.201031e-01	-1.649458e-01
5.065668e-01	8.176246e-01	-6.985711e-02
5.436076e-01	8.131222e-01	-4.749548e-02
5.186037e-01	7.829305e-01	-1.505051e-01
5.328352e-01	7.805642e-01	-1.414748e-01
4.763657e-01	7.359997e-01	-6.381653e-02
5.644855e-01	7.280933e-01	-6.556921e-02
4.794897e-01	7.056150e-01	-3.816085e-01
5.735590e-01	6.929793e-01	-3.732526e-01
4.966149e-01	7.142048e-01	-6.947411e-01
5.596987e-01	7.029230e-01	-6.933536e-01
4.958317e-01	7.255993e-01	-7.659899e-01
5.556237e-01	7.164616e-01	-7.652739e-01
5.069900e-01	7.260788e-01	-7.676845e-01
5.516575e-01	7.274073e-01	-7.620652e-01
5.049474e-01	7.193807e-01	-7.068864e-01
5.506955e-01	7.238312e-01	-7.056122e-01
4.861463e-01	4.356241e-01	1.008253e-03
5.466725e-01	4.416957e-01	-1.058370e-03
4.781800e-01	2.501086e-01	-1.296020e-02
5.571989e-01	2.567714e-01	1.480782e-02
4.756683e-01	8.548900e-02	1.388755e-01
5.582221e-01	9.184460e-02	1.726024e-01
4.847721e-01	6.113473e-02	1.447347e-01
5.475322e-01	6.498990e-02	1.786858e-01
4.561971e-01	3.273728e-02	1.029993e-02
5.830821e-01	3.904615e-02	4.803323e-02
5.274022e-01	8.056505e-01	-1.807553e-01
5.212616e-01	8.262144e-01	-1.637218e-01
5.167354e-01	8.264094e-01	-1.637628e-01
5.124055e-01	8.266548e-01	-1.636661e-01
5.335112e-01	8.251799e-01	-1.644551e-01
5.374449e-01	8.246011e-01	-1.644412e-01
5.413751e-01	8.239558e-01	-1.644199e-01
5.058782e-01	8.199710e-01	-4.997004e-02
5.440198e-01	8.153974e-01	-4.681428e-02
5.181456e-01	7.848675e-01	-1.394403e-01
5.324939e-01	7.819065e-01	-1.372228e-01
4.752209e-01	7.355642e-01	-4.925878e-02
5.678816e-01	7.281297e-01	-5.307391e-02
4.795065e-01	7.038370e-01	-3.641933e-01
5.723151e-01	6.922823e-01	-3.381265e-01
4.948189e-01	6.872641e-01	-6.799284e-01
5.578623e-01	6.589350e-01	-6.318723e-01
4.924239e-01	6.840559e-01	-7.535836e-01
5.580904e-01	6.482691e-01	-7.004561e-01
5.034252e-01	6.811152e-01	-7.531520e-01
5.508702e-01	6.514664e-01	-6.998935e-01
5.035260e-01	6.786745e-01	-6.909543e-01
5.484158e-01	6.517655e-01	-6.436912e-01
4.859280e-01	4.414249e-01	1.893236e-04
5.466707e-01	4.445123e-01	-2.216386e-04
4.781856e-01	2.501620e-01	-2.615705e-02
5.561324e-01	2.575200e-01	-2.069077e-03
4.755304e-01	8.476188e-02	1.226200e-01
5.577219e-01	9.173325e-02	1.463881e-01
4.847802e-01	6.056935e-02	1.272186e-01
5.471259e-01	6.429198e-02	1.503541e-01
4.560630e-01	3.273058e-02	-1.126687e-02
5.835446e-01	4.072871e-02	1.122394e-02
5.241919e-01	8.048127e-01	-1.707674e-01
5.186550e-01	8.255062e-01	-1.505525e-01
5.141414e-01	8.257201e-01	-1.506058e-01
5.103632e-01	8.259342e-01	-1.505067e-01
5.310429e-01	8.244163e-01	-1.516321e-01
5.351102e-01	8.239338e-01	-1.516314e-01
5.393751e-01	8.233607e-01	-1.515737e-01
5.041397e-01	8.192806e-01	-2.615281e-02
5.438673e-01	8.149713e-01	-2.875521e-02
5.155059e-01	7.842937e-01	-1.249079e-01
5.306045e-01	7.815350e-01	-1.247822e-01
4.730359e-01	7.211735e-01	-1.129475e-02
5.692242e-01	7.243283e-01	-1.576910e-02
4.707137e-01	6.718177e-01	-2.630701e-01
5.729455e-01	6.661895e-01	-2.560371e-01
4.873323e-01	6.220254e-01	-5.555243e-01
5.590688e-01	6.032372e-01	-5.018438e-01
4.856362e-01	6.098909e-01	-6.226290e-01
5.606957e-01	5.808660e-01	-5.638677e-01
5.003557e-01	6.052123e-01	-6.286963e-01
5.529605e-01	5.826793e-01	-5.677980e-01
5.017251e-01	6.054448e-01	-5.673099e-01
5.499283e-01	5.889080e-01	-5.134536e-01
4.860071e-01	4.474992e-01	-2.099400e-04
5.466855e-01	4.486918e-01	1.572856e-04
4.782239e-01	2.527743e-01	-3.546380e-02
5.559179e-01	2.612009e-01	-1.800166e-02
4.753208e-01	8.482262e-02	1.013553e-01
5.575951e-01	9.171584e-02	1.250502e-01
4.846727e-01	6.063763e-02	1.050862e-01
5.468371e-01	6.418843e-02	1.280663e-01
4.560699e-01	3.297285e-02	-3.417082e-02
5.841253e-01	4.179719e-02	-9.892107e-03
5.240210e-01	8.073416e-01	-1.738756e-01
5.186020e-01	8.276094e-01	-1.632111e-01
5.140913e-01	8.276871e-01	-1.632345e-01
5.102496e-01	8.276467e-01	-1.632243e-01
5.307678e-01	8.264046e-01	-1.621651e-01
5.347583e-01	8.256480e-01	-1.620484e-01
5.389427e-01	8.248290e-01	-1.619091e-01
5.040484e-01	8.195956e-01	-5.695366e-02
5.435649e-01	8.154034e-01	-5.189031e-02
5.148833e-01	7.862101e-01	-1.321050e-01
5.300491e-01	7.833194e-01	-1.309271e-01
4.717161e-01	7.134877e-01	-2.880329e-02
5.692788e-01	7.195537e-01	5.690861e-03
4.623407e-01	6.444100e-01	-6.757908e-02
5.733210e-01	6.316226e-01	2.751254e-02
4.781440e-01	5.750732e-01	-2.041072e-01
5.610129e-01	5.500676e-01	-6.192177e-02
4.758211e-01	5.432187e-01	-2.418760e-01
5.649202e-01	5.185820e-01	-8.980257e-02
4.883450e-01	5.446189e-01	-2.681262e-01
5.543047e-01	5.205627e-01	-1.175410e-01
4.929073e-01	5.544354e-01	-2.169727e-01
5.521494e-01	5.317869e-01	-7.608722e-02
4.863911e-01	4.476479e-01	-1.938186e-03
5.466926e-01	4.494303e-01	1.948213e-03
4.785117e-01	2.544778e-01	-2.791853e-02
5.557852e-01	2.622160e-01	-6.886815e-03
4.752394e-01	8.498118e-02	9.682164e-02
5.575334e-01	9.172653e-02	1.135597e-01
4.846586e-01	6.068790e-02	1.012289e-01
5.467938e-01	6.415329e-02	1.161632e-01
4.551989e-01	3.377673e-02	-1.839877e-02
5.840071e-01	4.319441e-02	-4.878931e-03
5.224336e-01	8.113039e-01	-1.781912e-01
5.178517e-01	8.299516e-01	-1.642737e-01
5.134574e-01	8.298749e-01	-1.643064e-01
5.097510e-01	8.297204e-01	-1.642707e-01
5.296263e-01	8.287888e-01	-1.625353e-01
5.335153e-01	8.278902e-01	-1.625066e-01
5.376219e-01	8.268721e-01	-1.623777e-01
5.039696e-01	8.202728e-01	-6.128773e-02
5.430347e-01	8.163010e-01	-5.567646e-02
5.134315e-01	7.903266e-01	-1.403870e-01
5.287415e-01	7.873487e-01	-1.380486e-01
4.710150e-01	7.031491e-01	-3.575153e-02
5.692060e-01	7.091315e-01	5.347885e-03
4.607709e-01	6.109773e-01	-2.001400e-02
5.738206e-01	5.966468e-01	5.433803e-02
4.708639e-01	5.234784e-01	-8.258700e-02
5.665079e-01	4.949905e-01	-4.867262e-03
4.681719e-01	4.887372e-01	-1.107644e-01
5.694783e-01	4.567618e-01	-2.809770e-02
4.785777e-01	4.910448e-01	-1.394961e-01
5.581677e-01	4.619370e-01	-5.709098e-02
4.839531e-01	5.005904e-01	-9.492360e-02
5.556435e-01	4.745586e-01	-1.850038e-02
4.873421e-01	4.465885e-01	-4.860576e-03
5.467033e-01	4.490623e-01	4.941542e-03
4.784970e-01	2.551285e-01	-2.447088e-02
5.554946e-01	2.622341e-01	-1.720784e-03
4.752342e-01	8.412378e-02	8.595546e-02
5.575036e-01	8.990506e-02	1.001353e-01
4.845961e-01	5.946994e-02	8.987013e-02
5.468040e-01	6.275116e-02	1.021419e-01
4.547167e-01	3.414126e-02	-1.540411e-02
5.840460e-01	4.336577e-02	-6.028033e-03
5.196876e-01	8.139614e-01	-1.819610e-01
5.154535e-01	8.309309e-01	-1.662391e-01
5.116116e-01	8.307124e-01	-1.662665e-01
5.081890e-01	8.304494e-01	-1.662105e-01
5.273339e-01	8.305533e-01	-1.645822e-01
5.315517e-01	8.298461e-01	-1.645901e-01
5.356344e-01	8.288813e-01	-1.644618e-01
5.035431e-01	8.205047e-01	-6.438704e-02
5.424330e-01	8.174009e-01	-6.116692e-02
5.114529e-01	7.923692e-01	-1.430466e-01
5.269796e-01	7.902368e-01	-1.394607e-01
4.708274e-01	7.004502e-01	-3.945298e-02
5.691813e-01	6.985223e-01	-6.072651e-03
4.603757e-01	5.920751e-01	-3.595668e-02
5.739866e-01	5.717948e-01	2.011711e-02
4.636640e-01	4.857225e-01	-1.087718e-01
5.685145e-01	4.629857e-01	-5.559442e-02
4.601334e-01	4.443516e-01	-1.398345e-01
5.747785e-01	4.239898e-01	-8.430882e-02
4.713773e-01	4.494691e-01	-1.701099e-01
5.627589e-01	4.255373e-01	-1.132832e-01
4.766227e-01	4.618096e-01	-1.224726e-01
5.576471e-01	4.373212e-01	-6.994110e-02
4.873709e-01	4.458851e-01	-4.862010e-03
5.463949e-01	4.483013e-01	4.944115e-03
4.784483e-01	2.550916e-01	-1.637772e-02
5.543020e-01	2.621198e-01	4.206942e-04
4.752285e-01	8.362813e-02	9.957487e-02
5.571548e-01	8.902918e-02	1.089643e-01
4.846063e-01	5.896679e-02	1.039860e-01
5.468545e-01	6.244008e-02	1.118042e-01
4.538156e-01	3.417231e-02	-1.221721e-02
5.840178e-01	4.310929e-02	1.905122e-03
5.199198e-01	8.169845e-01	-2.095454e-01
5.153872e-01	8.337044e-01	-1.918149e-01
5.114588e-01	8.332839e-01	-1.918360e-01
5.079573e-01	8.326970e-01	-1.917714e-01
5.274056e-01	8.332409e-01	-1.902336e-01
5.315657e-01	8.323402e-01	-1.902772e-01
5.356999e-01	8.311316e-01	-1.901387e-01
5.033218e-01	8.212408e-01	-9.448133e-02
5.423155e-01	8.182487e-01	-8.885754e-02
5.114636e-01	7.951076e-01	-1.744270e-01
5.271881e-01	7.926607e-01	-1.721114e-01
4.708627e-01	6.995640e-01	-6.021438e-02
5.693161e-01	6.939690e-01	-1.784554e-02
4.586537e-01	5.799882e-01	-7.250822e-02
5.762159e-01	5.646015e-01	-1.031572e-02
4.591108e-01	4.624265e-01	-1.618889e-01
5.716065e-01	4.480651e-01	-1.001617e-01
4.544747e-01	4.172606e-01	-1.976314e-01
5.770699e-01	4.097702e-01	-1.342022e-01
4.665888e-01	4.203026e-01	-2.284788e-01
5.651821e-01	4.103408e-01	-1.630387e-01
4.717837e-01	4.330334e-01	-1.764517e-01
5.595866e-01	4.230580e-01	-1.151829e-01
4.873830e-01	4.411846e-01	-7.191322e-03
5.464064e-01	4.426748e-01	7.333425e-03
4.784908e-01	2.547996e-01	-1.377992e-03
5.543224e-01	2.599140e-01	2.348259e-02
4.752283e-01	8.355758e-02	1.244990e-01
5.569916e-01	8.812957e-02	1.493217e-01
4.841548e-01	5.894803e-02	1.304316e-01
5.468196e-01	6.215952e-02	1.538224e-01
4.538276e-01	3.498009e-02	2.830505e-02
5.846857e-01	4.068156e-02	4.744565e-02
5.185007e-01	8.158277e-01	-2.558548e-01
5.139834e-01	8.332193e-01	-2.381576e-01
5.104018e-01	8.328204e-01	-2.381768e-01
5.067613e-01	8.322381e-01	-2.381125e-01
5.260726e-01	8.330296e-01	-2.378746e-01
5.304827e-01	8.322833e-01	-2.379379e-01
5.346898e-01	8.311510e-01	-2.378230e-01
5.029253e-01	8.210844e-01	-1.371023e-01
5.419675e-01	8.183144e-01	-1.367445e-01
5.106140e-01	7.941206e-01	-2.188020e-01
5.265914e-01	7.919820e-01	-2.183777e-01
4.706842e-01	6.963041e-01	-9.253307e-02
5.700887e-01	6.895598e-01	-6.614267e-02
4.581394e-01	5.639978e-01	-8.955441e-02
5.774006e-01	5.522555e-01	-4.892083e-02
4.563120e-01	4.434035e-01	-1.727653e-01
5.750858e-01	4.324184e-01	-1.444315e-01
4.494848e-01	4.009599e-01	-2.076882e-01
5.804437e-01	3.944478e-01	-1.798555e-01
4.614920e-01	4.029255e-01	-2.400535e-01
5.688013e-01	3.943321e-01	-2.087958e-01
4.665865e-01	4.165710e-01	-1.880237e-01
5.627778e-01	4.079374e-01	-1.594352e-01
4.876577e-01	4.351880e-01	-7.291959e-03
5.467550e-01	4.354839e-01	7.437066e-03
4.783014e-01	2.527785e-01	1.157548e-02
5.543384e-01	2.561973e-01	3.451201e-02
4.750922e-01	8.268262e-02	1.495513e-01
5.567815e-01	8.721745e-02	1.776003e-01
4.832558e-01	5.832080e-02	1.563157e-01
5.465590e-01	6.181274e-02	1.834603e-01
4.534993e-01	3.498027e-02	5.160243e-02
5.847970e-01	3.723891e-02	7.245250e-02
5.174662e-01	8.155022e-01	-2.906020e-01
5.129591e-01	8.336101e-01	-2.732196e-01
5.096661e-01	8.332028e-01	-2.732370e-01
5.059245e-01	8.326045e-01	-2.731693e-01
5.249866e-01	8.336226e-01	-2.738510e-01
5.296525e-01	8.329430e-01	-2.739180e-01
5.338979e-01	8.318642e-01	-2.738263e-01
5.028717e-01	8.214884e-01	-1.678013e-01
5.418506e-01	8.188636e-01	-1.716362e-01
5.101756e-01	7.938977e-01	-2.512243e-01
5.263261e-01	7.918756e-01	-2.520335e-01
4.701060e-01	6.945642e-01	-1.120764e-01
5.711987e-01	6.887817e-01	-9.679981e-02
4.573804e-01	5.529046e-01	-9.404163e-02
5.795210e-01	5.507492e-01	-6.873445e-02
4.526806e-01	4.305319e-01	-1.713507e-01
5.776299e-01	4.285143e-01	-1.634406e-01
4.462439e-01	3.926657e-01	-2.039319e-01
5.841832e-01	3.915263e-01	-1.970433e-01
4.563766e-01	3.922195e-01	-2.369400e-01
5.733348e-01	3.899746e-01	-2.273089e-01
4.620864e-01	4.048255e-01	-1.868781e-01
5.669335e-01	4.038820e-01	-1.784527e-01
4.880659e-01	4.329711e-01	-7.260983e-03
5.473541e-01	4.333935e-01	7.411587e-03
4.782413e-01	2.516725e-01	1.996142e-02
5.542997e-01	2.531049e-01	4.081690e-02
4.749866e-01	8.172358e-02	1.668510e-01
5.566074e-01	8.540372e-02	1.956063e-01
4.828935e-01	5.765424e-02	1.742136e-01
5.463902e-01	6.019484e-02	2.025886e-01
4.526523e-01	3.492606e-02	6.623489e-02
5.851085e-01	3.471393e-02	8.753358e-02
5.172624e-01	8.173630e-01	-3.139079e-01
5.127535e-01	8.353601e-01	-2.978596e-01
5.094733e-01	8.347613e-01	-2.978757e-01
5.057142e-01	8.339747e-01	-2.978105e-01
5.249560e-01	8.356038e-01	-2.991079e-01
5.296102e-01	8.348451e-01	-2.991764e-01
5.338712e-01	8.336942e-01	-2.990993e-01
5.028926e-01	8.223134e-01	-1.920191e-01
5.417638e-01	8.196974e-01	-1.984303e-01
5.100272e-01	7.952859e-01	-2.736271e-01
5.262358e-01	7.932060e-01	-2.751198e-01
4.700661e-01	6.958764e-01	-1.288897e-01
5.722152e-01	6.892992e-01	-1.192670e-01
4.575124e-01	5.573014e-01	-9.864064e-02
5.800418e-01	5.499591e-01	-7.079274e-02
4.515967e-01	4.339954e-01	-1.665542e-01
5.828806e-01	4.184800e-01	-1.682616e-01
4.456806e-01	3.952588e-01	-1.955739e-01
5.894929e-01	3.856133e-01	-1.983967e-01
4.538276e-01	3.942314e-01	-2.292556e-01
5.814422e-01	3.844013e-01	-2.315926e-01
4.597716e-01	4.068819e-01	-1.822295e-01
5.769944e-01	3.959898e-01	-1.841361e-01
4.883023e-01	4.331450e-01	-6.245944e-03
5.474548e-01	4.334757e-01	6.375906e-03
4.783195e-01	2.514212e-01	2.915129e-02
5.543197e-01	2.521951e-01	4.351630e-02
4.749146e-01	8.096039e-02	1.819596e-01
5.566123e-01	8.472790e-02	2.063071e-01
4.826192e-01	5.711947e-02	1.896261e-01
5.464002e-01	5.986265e-02	2.139454e-01
4.523455e-01	3.489250e-02	7.794552e-02
5.857348e-01	3.325238e-02	9.531273e-02
5.171782e-01	8.190113e-01	-3.191285e-01
5.125526e-01	8.365773e-01	-3.033929e-01
5.093196e-01	8.359301e-01	-3.034156e-01
5.055310e-01	8.351262e-01	-3.033646e-01
5.249280e-01	8.369577e-01	-3.052324e-01
5.296066e-01	8.362690e-01	-3.053032e-01
5.339040e-01	8.352701e-01	-3.052327e-01
5.028969e-01	8.230330e-01	-1.982212e-01
5.417370e-01	8.207894e-01	-2.073987e-01
5.100315e-01	7.964532e-01	-2.790194e-01
5.263068e-01	7.944198e-01	-2.813067e-01
4.697224e-01	6.953329e-01	-1.328116e-01
5.730547e-01	6.892355e-01	-1.298003e-01
4.578711e-01	5.565990e-01	-9.578003e-02
5.809230e-01	5.487189e-01	-8.656824e-02
4.509625e-01	4.351437e-01	-1.561480e-01
5.863591e-01	4.242721e-01	-1.720357e-01
4.451235e-01	3.954366e-01	-1.831235e-01
5.948468e-01	3.906927e-01	-2.012060e-01
4.519078e-01	3.949237e-01	-2.168270e-01
5.879144e-01	3.893770e-01	-2.346428e-01
4.578585e-01	4.078286e-01	-1.717042e-01
5.821942e-01	4.012298e-01	-1.880586e-01
4.885336e-01	4.326828e-01	-3.881500e-03
5.479618e-01	4.329250e-01	3.973734e-03
4.784177e-01	2.505797e-01	4.080605e-02
5.542878e-01	2.508205e-01	4.520212e-02
4.748861e-01	8.022314e-02	2.008478e-01
5.568654e-01	8.425973e-02	2.125245e-01
4.823930e-01	5.673598e-02	2.092908e-01
5.469698e-01	5.986814e-02	2.206884e-01
4.523441e-01	3.481805e-02	9.656220e-02
5.857719e-01	3.240555e-02	9.925891e-02
