5.306721e-01	7.490652e-01	-2.389118e-01
5.286011e-01	7.620414e-01	-2.188702e-01
5.258509e-01	7.613786e-01	-2.188791e-01
5.226700e-01	7.605675e-01	-2.188006e-01
5.385343e-01	7.628333e-01	-2.274444e-01
5.424660e-01	7.624985e-01	-2.275063e-01
5.461041e-01	7.622004e-01	-2.274831e-01
5.221852e-01	7.497199e-01	-1.038813e-01
5.537822e-01	7.508869e-01	-1.449013e-01
5.251914e-01	7.298811e-01	-1.959603e-01
5.385412e-01	7.294922e-01	-2.076340e-01
4.996384e-01	6.448823e-01	-2.672553e-02
5.810384e-01	6.450297e-01	-9.178078e-02
4.917811e-01	5.202896e-01	3.194740e-02
5.909336e-01	5.242017e-01	-6.335606e-02
4.756517e-01	4.210844e-01	-5.842436e-02
5.927835e-01	4.119572e-01	-1.471313e-01
4.688188e-01	3.924853e-01	-8.394177e-02
5.985333e-01	3.785985e-01	-1.772965e-01
4.699952e-01	3.909385e-01	-1.187656e-01
5.934271e-01	3.760504e-01	-2.105157e-01
4.747728e-01	4.016607e-01	-7.516601e-02
5.889586e-01	3.885450e-01	-1.621424e-01
5.107673e-01	4.166734e-01	2.227674e-02
5.585823e-01	4.132355e-01	-2.213925e-02
5.156791e-01	2.498254e-01	6.907460e-03
5.523746e-01	2.443968e-01	-3.759637e-02
5.203502e-01	1.066007e-01	2.047572e-01
5.462770e-01	9.231847e-02	1.494914e-01
5.217688e-01	9.294441e-02	2.179692e-01
5.460081e-01	7.854748e-02	1.618744e-01
5.180191e-01	5.468944e-02	1.067641e-01
5.386169e-01	4.734296e-02	3.426351e-02
5.315509e-01	7.502620e-01	-2.200352e-01
5.288476e-01	7.624097e-01	-1.999996e-01
5.259233e-01	7.616273e-01	-2.000343e-01
5.226802e-01	7.607645e-01	-1.999989e-01
5.388175e-01	7.634948e-01	-2.053445e-01
5.427253e-01	7.632297e-01	-2.054247e-01
5.464113e-01	7.627448e-01	-2.054127e-01
5.219859e-01	7.496278e-01	-9.240278e-02
5.538676e-01	7.509624e-01	-1.176120e-01
5.258076e-01	7.304049e-01	-1.806501e-01
5.396637e-01	7.305260e-01	-1.877505e-01
4.994749e-01	6.448045e-01	-2.917358e-02
5.810334e-01	6.449467e-01	-6.845839e-02
4.918019e-01	5.206824e-01	7.227695e-03
5.905460e-01	5.231739e-01	-4.291759e-02
4.761919e-01	4.235398e-01	-8.481236e-02
5.942381e-01	4.119726e-01	-1.277066e-01
4.697630e-01	3.926301e-01	-1.129782e-01
6.008075e-01	3.790109e-01	-1.580810e-01
4.720896e-01	3.920864e-01	-1.463082e-01
5.958828e-01	3.769757e-01	-1.921118e-01
4.769673e-01	4.030676e-01	-1.007448e-01
5.914016e-01	3.888685e-01	-1.437457e-01
5.107846e-01	4.180351e-01	1.520616e-02
5.586081e-01	4.142404e-01	-1.509231e-02
5.161496e-01	2.495888e-01	1.264949e-02
5.528048e-01	2.448650e-01	-2.298551e-02
5.211825e-01	1.030139e-01	1.863638e-01
5.466660e-01	9.239365e-02	1.419100e-01
5.230058e-01	8.755647e-02	1.966275e-01
5.461534e-01	7.858375e-02	1.517992e-01
5.207945e-01	5.485168e-02	8.444835e-02
5.424932e-01	4.883632e-02	2.991064e-02
5.322928e-01	7.506001e-01	-2.163679e-01
5.291016e-01	7.625030e-01	-1.962775e-01
5.260504e-01	7.616845e-01	-1.963105e-01
5.227269e-01	7.608149e-01	-1.962722e-01
5.391154e-01	7.637022e-01	-2.011494e-01
5.430070e-01	7.634711e-01	-2.012257e-01
5.466899e-01	7.629248e-01	-2.012086e-01
5.218614e-01	7.495362e-01	-8.917601e-02
5.539075e-01	7.510194e-01	-1.121492e-01
5.263281e-01	7.305079e-01	-1.772436e-01
5.405330e-01	7.307982e-01	-1.836976e-01
4.993716e-01	6.447447e-01	-3.060029e-02
5.810200e-01	6.449657e-01	-6.216629e-02
4.919338e-01	5.206754e-01	5.189611e-04
5.905964e-01	5.222302e-01	-3.538508e-02
4.767975e-01	4.244144e-01	-9.507757e-02
5.979943e-01	4.117220e-01	-1.216735e-01
4.703529e-01	3.926340e-01	-1.241590e-01
6.043254e-01	3.788798e-01	-1.523366e-01
4.736059e-01	3.925840e-01	-1.573960e-01
5.997094e-01	3.769693e-01	-1.870150e-01
4.786561e-01	4.038320e-01	-1.109246e-01
5.950972e-01	3.888414e-01	-1.380609e-01
5.107749e-01	4.190381e-01	1.404181e-02
5.585884e-01	4.152474e-01	-1.393323e-02
5.165722e-01	2.492413e-01	1.620634e-02
5.531904e-01	2.449853e-01	-1.945925e-02
5.220499e-01	1.020865e-01	1.859678e-01
5.473047e-01	9.255352e-02	1.391540e-01
5.243316e-01	8.644379e-02	1.964338e-01
5.469590e-01	7.859369e-02	1.486461e-01
5.214695e-01	5.499300e-02	8.609568e-02
5.434106e-01	4.966722e-02	2.843675e-02
5.328481e-01	7.506089e-01	-2.192267e-01
5.292890e-01	7.624683e-01	-1.995541e-01
5.261386e-01	7.616392e-01	-1.995857e-01
5.227559e-01	7.607831e-01	-1.995425e-01
5.393981e-01	7.636977e-01	-2.044296e-01
5.433105e-01	7.634692e-01	-2.045035e-01
5.469753e-01	7.629169e-01	-2.044867e-01
5.216997e-01	7.494073e-01	-9.172442e-02
5.539573e-01	7.510093e-01	-1.157172e-01
5.266157e-01	7.305146e-01	-1.799345e-01
5.410680e-01	7.308742e-01	-1.865022e-01
4.993443e-01	6.447343e-01	-3.664010e-02
5.810060e-01	6.449759e-01	-6.166128e-02
4.919446e-01	5.209777e-01	-4.301703e-03
5.914547e-01	5.196413e-01	-3.181884e-02
4.770108e-01	4.265569e-01	-9.783788e-02
6.031808e-01	4.116773e-01	-1.178852e-01
4.708357e-01	3.936859e-01	-1.257851e-01
6.088777e-01	3.786193e-01	-1.475538e-01
4.736598e-01	3.948172e-01	-1.590824e-01
6.053883e-01	3.767567e-01	-1.821733e-01
4.786080e-01	4.066845e-01	-1.135831e-01
6.008318e-01	3.886395e-01	-1.342486e-01
5.107162e-01	4.196459e-01	1.305069e-02
5.585704e-01	4.161106e-01	-1.294849e-02
5.170814e-01	2.491895e-01	1.954055e-02
5.534959e-01	2.454529e-01	-1.586509e-02
5.228190e-01	1.020473e-01	1.888117e-01
5.477978e-01	9.283186e-02	1.405472e-01
5.254663e-01	8.643604e-02	1.997642e-01
5.479619e-01	7.861736e-02	1.507314e-01
5.217628e-01	5.543010e-02	8.987611e-02
5.437250e-01	5.054446e-02	2.991820e-02
5.334882e-01	7.506545e-01	-2.219591e-01
5.295302e-01	7.624498e-01	-2.022284e-01
5.262937e-01	7.616031e-01	-2.022537e-01
5.228262e-01	7.607393e-01	-2.022008e-01
5.398051e-01	7.636964e-01	-2.076184e-01
5.437723e-01	7.634673e-01	-2.076869e-01
5.473994e-01	7.629067e-01	-2.076677e-01
5.216413e-01	7.491770e-01	-9.671114e-02
5.542101e-01	7.509547e-01	-1.186484e-01
5.270496e-01	7.305151e-01	-1.816973e-01
5.417899e-01	7.309470e-01	-1.891993e-01
4.995480e-01	6.449424e-01	-4.427982e-02
5.810052e-01	6.454452e-01	-5.924533e-02
4.919192e-01	5.253455e-01	-6.306218e-03
5.943807e-01	5.197299e-01	-2.484075e-02
4.762551e-01	4.317275e-01	-9.646176e-02
6.101364e-01	4.180595e-01	-1.118216e-01
4.706480e-01	3.999082e-01	-1.230774e-01
6.163730e-01	3.853591e-01	-1.400415e-01
4.734548e-01	4.016932e-01	-1.571267e-01
6.135648e-01	3.835832e-01	-1.748677e-01
4.781593e-01	4.138309e-01	-1.123311e-01
6.086895e-01	3.952375e-01	-1.282874e-01
5.106471e-01	4.219083e-01	9.174336e-03
5.586988e-01	4.179516e-01	-9.077608e-03
5.175180e-01	2.495254e-01	1.168241e-02
5.538574e-01	2.459964e-01	-1.971635e-02
5.230595e-01	1.020082e-01	1.770943e-01
5.481169e-01	9.316876e-02	1.387166e-01
5.258724e-01	8.649386e-02	1.876220e-01
5.483609e-01	7.907309e-02	1.489250e-01
5.224990e-01	5.572981e-02	7.526134e-02
5.445046e-01	5.131877e-02	2.938580e-02
5.337799e-01	7.510994e-01	-2.048424e-01
5.296536e-01	7.626762e-01	-1.857689e-01
5.263511e-01	7.617906e-01	-1.858160e-01
5.228447e-01	7.608802e-01	-1.857872e-01
5.400116e-01	7.638745e-01	-1.892052e-01
5.440048e-01	7.635831e-01	-1.892548e-01
5.476491e-01	7.629503e-01	-1.892171e-01
5.215446e-01	7.491102e-01	-8.173098e-02
5.543647e-01	7.508665e-01	-9.780537e-02
5.272627e-01	7.306256e-01	-1.663922e-01
5.421034e-01	7.311343e-01	-1.711306e-01
4.997287e-01	6.454198e-01	-3.222524e-02
5.807673e-01	6.479276e-01	-3.785039e-02
4.895724e-01	5.325547e-01	4.861779e-03
5.965922e-01	5.306485e-01	-3.235910e-03
4.728133e-01	4.414378e-01	-7.654745e-02
6.170886e-01	4.395846e-01	-8.869048e-02
4.676112e-01	4.124475e-01	-1.007363e-01
6.234617e-01	4.100718e-01	-1.155755e-01
4.708109e-01	4.142690e-01	-1.348460e-01
6.213467e-01	4.090218e-01	-1.499043e-01
4.751919e-01	4.245822e-01	-9.166297e-02
6.171464e-01	4.200155e-01	-1.052274e-01
5.105585e-01	4.244225e-01	7.940437e-03
5.588669e-01	4.213065e-01	-7.838419e-03
5.179317e-01	2.512974e-01	6.282856e-04
5.540658e-01	2.482446e-01	-2.285576e-02
5.233200e-01	1.020022e-01	1.612765e-01
5.483035e-01	9.372761e-02	1.214938e-01
5.259770e-01	8.661911e-02	1.710059e-01
5.485874e-01	7.978833e-02	1.303022e-01
5.238141e-01	5.618281e-02	5.491709e-02
5.458747e-01	5.247897e-02	7.623574e-03
5.337548e-01	7.528044e-01	-1.923350e-01
5.296853e-01	7.638713e-01	-1.722048e-01
5.263629e-01	7.629292e-01	-1.722569e-01
5.228533e-01	7.618764e-01	-1.722278e-01
5.400230e-01	7.648138e-01	-1.757600e-01
5.440034e-01	7.643531e-01	-1.757993e-01
5.476466e-01	7.634897e-01	-1.757546e-01
5.215455e-01	7.492997e-01	-6.802183e-02
5.543719e-01	7.509013e-01	-8.502759e-02
5.273672e-01	7.322512e-01	-1.546149e-01
5.420475e-01	7.326846e-01	-1.594175e-01
5.000069e-01	6.462983e-01	-2.499690e-02
5.806438e-01	6.495690e-01	-2.543488e-02
4.860712e-01	5.406259e-01	7.072624e-03
6.019191e-01	5.357542e-01	3.520791e-03
4.649451e-01	4.556746e-01	-7.955580e-02
6.284348e-01	4.453740e-01	-8.911259e-02
4.599730e-01	4.271453e-01	-1.064157e-01
6.373591e-01	4.151449e-01	-1.177597e-01
4.639911e-01	4.278952e-01	-1.396328e-01
6.360137e-01	4.136150e-01	-1.522542e-01
4.680049e-01	4.373809e-01	-9.467500e-02
6.312712e-01	4.245377e-01	-1.059037e-01
5.105017e-01	4.258046e-01	5.311949e-03
5.588669e-01	4.229560e-01	-5.188005e-03
5.179220e-01	2.529410e-01	-9.915658e-03
5.542363e-01	2.505455e-01	-2.559263e-02
5.233802e-01	1.020252e-01	1.556417e-01
5.482793e-01	9.415007e-02	1.217787e-01
5.259145e-01	8.672953e-02	1.657548e-01
5.485725e-01	8.020557e-02	1.308869e-01
5.254385e-01	5.642043e-02	4.993443e-02
5.463638e-01	5.321098e-02	8.696645e-03
5.337687e-01	7.527667e-01	-1.971018e-01
5.297427e-01	7.638486e-01	-1.766427e-01
5.263990e-01	7.628987e-01	-1.766956e-01
5.228805e-01	7.618399e-01	-1.766570e-01
5.400463e-01	7.647864e-01	-1.805672e-01
5.440054e-01	7.643120e-01	-1.806049e-01
5.476440e-01	7.634218e-01	-1.805639e-01
5.215462e-01	7.492551e-01	-6.988879e-02
5.543737e-01	7.507338e-01	-8.796968e-02
5.274532e-01	7.322330e-01	-1.584296e-01
5.420459e-01	7.326730e-01	-1.635869e-01
5.000228e-01	6.471413e-01	-2.386151e-02
5.804635e-01	6.511958e-01	-2.782003e-02
4.804202e-01	5.522842e-01	2.507059e-03
6.095613e-01	5.458069e-01	-6.587045e-03
4.547870e-01	4.755438e-01	-9.914798e-02
6.432049e-01	4.617237e-01	-1.010872e-01
4.489799e-01	4.470102e-01	-1.287380e-01
6.534447e-01	4.295903e-01	-1.299047e-01
4.533263e-01	4.467320e-01	-1.616104e-01
6.519853e-01	4.272983e-01	-1.613369e-01
4.566819e-01	4.557698e-01	-1.147071e-01
6.473379e-01	4.374882e-01	-1.161608e-01
5.107902e-01	4.260361e-01	5.582269e-03
5.588432e-01	4.233886e-01	-5.448131e-03
5.185052e-01	2.547678e-01	-7.128935e-03
5.542752e-01	2.521101e-01	-2.536079e-02
5.238385e-01	1.016224e-01	1.472589e-01
5.481895e-01	9.424416e-02	1.132763e-01
5.259225e-01	8.602264e-02	1.559178e-01
5.485028e-01	8.011481e-02	1.208655e-01
5.260222e-01	5.642005e-02	4.144201e-02
5.460519e-01	5.323857e-02	-8.022217e-04
5.339395e-01	7.536896e-01	-1.915018e-01
5.298088e-01	7.642694e-01	-1.713647e-01
5.264241e-01	7.632118e-01	-1.714325e-01
5.228887e-01	7.620347e-01	-1.713967e-01
5.401398e-01	7.652492e-01	-1.764772e-01
5.440690e-01	7.647102e-01	-1.764960e-01
5.476840e-01	7.637413e-01	-1.764453e-01
5.215458e-01	7.492473e-01	-6.373563e-02
5.543767e-01	7.507943e-01	-8.759061e-02
5.276371e-01	7.327975e-01	-1.521285e-01
5.422043e-01	7.334555e-01	-1.589407e-01
5.001179e-01	6.484740e-01	-9.042287e-03
5.802642e-01	6.534876e-01	-2.694955e-02
4.759683e-01	5.675277e-01	4.055382e-02
6.155076e-01	5.581152e-01	-2.146055e-03
4.475222e-01	5.009773e-01	-3.876768e-02
6.588159e-01	4.818323e-01	-9.762117e-02
4.393264e-01	4.769930e-01	-6.150293e-02
6.712660e-01	4.536308e-01	-1.251144e-01
4.425218e-01	4.770695e-01	-9.645678e-02
6.712254e-01	4.523746e-01	-1.614960e-01
4.468545e-01	4.842970e-01	-5.463854e-02
6.662688e-01	4.604866e-01	-1.152757e-01
5.103809e-01	4.289094e-01	6.108249e-03
5.583721e-01	4.246136e-01	-5.939375e-03
5.184616e-01	2.585795e-01	-5.440565e-03
5.542472e-01	2.556156e-01	-3.017865e-02
5.238188e-01	1.021492e-01	1.596232e-01
5.481793e-01	9.478132e-02	1.145256e-01
5.258964e-01	8.655843e-02	1.694417e-01
5.484819e-01	8.019153e-02	1.234519e-01
5.259100e-01	5.720505e-02	5.470162e-02
5.455784e-01	5.362918e-02	8.384061e-04
5.335619e-01	7.542531e-01	-1.956629e-01
5.297083e-01	7.645531e-01	-1.742235e-01
5.262841e-01	7.635278e-01	-1.742931e-01
5.228011e-01	7.623911e-01	-1.742436e-01
5.398551e-01	7.654943e-01	-1.813948e-01
5.436516e-01	7.649782e-01	-1.814236e-01
5.473562e-01	7.640324e-01	-1.813909e-01
5.214571e-01	7.494332e-01	-6.067310e-02
5.541189e-01	7.510403e-01	-9.427003e-02
5.274294e-01	7.335446e-01	-1.543083e-01
5.417773e-01	7.343585e-01	-1.638020e-01
5.003038e-01	6.499531e-01	1.348101e-02
5.799962e-01	6.552439e-01	-3.627617e-02
4.703029e-01	5.814548e-01	1.102445e-01
6.221958e-01	5.710502e-01	-3.930854e-02
4.390549e-01	5.232571e-01	8.260631e-02
6.719876e-01	5.054740e-01	-1.349331e-01
4.323162e-01	5.016567e-01	7.398344e-02
6.864454e-01	4.818670e-01	-1.601628e-01
4.332557e-01	5.019776e-01	3.775790e-02
6.873017e-01	4.812724e-01	-1.983122e-01
4.366248e-01	5.095228e-01	6.727571e-02
6.814277e-01	4.873509e-01	-1.534685e-01
5.104030e-01	4.317660e-01	1.881730e-02
5.577833e-01	4.276036e-01	-1.866442e-02
5.184489e-01	2.609246e-01	3.770608e-03
5.542434e-01	2.581466e-01	-3.952887e-02
5.237868e-01	1.047903e-01	1.809782e-01
5.483907e-01	9.523484e-02	1.102940e-01
5.262583e-01	8.923977e-02	1.928402e-01
5.487600e-01	8.018886e-02	1.202254e-01
5.238636e-01	5.873653e-02	8.986147e-02
5.440766e-01	5.392831e-02	-7.409545e-04
5.337108e-01	7.544619e-01	-2.200270e-01
5.298337e-01	7.647910e-01	-1.976460e-01
5.264152e-01	7.638331e-01	-1.977139e-01
5.228926e-01	7.628002e-01	-1.975926e-01
5.399617e-01	7.656573e-01	-2.035411e-01
5.437700e-01	7.651415e-01	-2.035812e-01
5.474731e-01	7.642019e-01	-2.036049e-01
5.213306e-01	7.498828e-01	-7.405899e-02
5.540755e-01	7.512020e-01	-1.014897e-01
5.275234e-01	7.339347e-01	-1.755276e-01
5.418104e-01	7.346150e-01	-1.830081e-01
4.999344e-01	6.504727e-01	2.448274e-02
5.790365e-01	6.578949e-01	-6.170408e-02
4.711062e-01	5.946246e-01	2.341264e-01
6.276005e-01	5.918151e-01	-6.476883e-02
4.361404e-01	5.687622e-01	3.555328e-01
6.816047e-01	5.417735e-01	-1.548132e-01
4.264514e-01	5.558907e-01	3.786113e-01
7.016113e-01	5.257333e-01	-1.773642e-01
4.259522e-01	5.589267e-01	3.369528e-01
7.034884e-01	5.284781e-01	-2.171608e-01
4.312230e-01	5.624825e-01	3.423005e-01
6.957635e-01	5.308093e-01	-1.744496e-01
5.107863e-01	4.325113e-01	2.494804e-02
5.576544e-01	4.292023e-01	-2.485409e-02
5.183660e-01	2.610669e-01	2.387746e-02
5.542502e-01	2.578992e-01	-3.943131e-02
5.232887e-01	1.045650e-01	2.059779e-01
5.485963e-01	9.519447e-02	1.203688e-01
5.262010e-01	8.916548e-02	2.175031e-01
5.487694e-01	8.017364e-02	1.318504e-01
5.237960e-01	5.870971e-02	1.090984e-01
5.446349e-01	5.402156e-02	1.308855e-02
5.338413e-01	7.548838e-01	-2.290838e-01
5.299281e-01	7.652104e-01	-2.057019e-01
5.265181e-01	7.643738e-01	-2.057836e-01
5.229526e-01	7.634757e-01	-2.056680e-01
5.400224e-01	7.657884e-01	-2.096656e-01
5.438254e-01	7.652076e-01	-2.097458e-01
5.475250e-01	7.642291e-01	-2.097873e-01
5.209338e-01	7.504672e-01	-8.385724e-02
5.538579e-01	7.512030e-01	-1.023095e-01
5.275319e-01	7.349004e-01	-1.856029e-01
5.418042e-01	7.350227e-01	-1.904697e-01
4.974928e-01	6.507028e-01	8.950522e-03
5.779786e-01	6.595305e-01	-6.262679e-02
4.491369e-01	6.057413e-01	1.243911e-01
6.351460e-01	6.088694e-01	-7.276261e-02
4.335046e-01	5.977088e-01	1.509385e-01
6.973211e-01	5.713864e-01	-1.667571e-01
4.287843e-01	5.897602e-01	1.561665e-01
7.170974e-01	5.592630e-01	-1.893761e-01
4.311463e-01	5.889913e-01	1.292033e-01
7.182760e-01	5.631016e-01	-2.235574e-01
4.341941e-01	5.900601e-01	1.407132e-01
7.105014e-01	5.645304e-01	-1.841152e-01
5.110779e-01	4.321710e-01	2.327752e-02
5.575269e-01	4.290757e-01	-2.319660e-02
5.183783e-01	2.606638e-01	2.733511e-02
5.545067e-01	2.577326e-01	-2.814416e-02
5.232828e-01	1.043112e-01	1.975062e-01
5.489193e-01	9.516950e-02	1.205112e-01
5.264610e-01	8.880622e-02	2.084281e-01
5.492288e-01	8.015279e-02	1.319288e-01
5.235109e-01	5.870525e-02	9.976117e-02
5.437900e-01	5.424802e-02	1.687642e-02
5.338149e-01	7.550017e-01	-2.272513e-01
5.299149e-01	7.652444e-01	-2.040377e-01
5.265129e-01	7.644218e-01	-2.041060e-01
5.229428e-01	7.635317e-01	-2.039906e-01
5.399707e-01	7.657894e-01	-2.084235e-01
5.437735e-01	7.652054e-01	-2.085004e-01
5.474959e-01	7.642172e-01	-2.085391e-01
5.205272e-01	7.504627e-01	-8.411521e-02
5.537131e-01	7.511032e-01	-1.027902e-01
5.274293e-01	7.351472e-01	-1.841612e-01
5.413932e-01	7.350984e-01	-1.896369e-01
4.967464e-01	6.526237e-01	4.300038e-03
5.779605e-01	6.600555e-01	-6.746601e-02
4.467672e-01	6.325869e-01	9.858431e-02
6.399763e-01	6.306877e-01	-9.807171e-02
4.147259e-01	6.406772e-01	8.782591e-02
7.072991e-01	6.135581e-01	-2.087061e-01
4.063823e-01	6.380089e-01	8.669125e-02
7.258607e-01	6.057349e-01	-2.339357e-01
4.069675e-01	6.384205e-01	5.607448e-02
7.280436e-01	6.105890e-01	-2.661315e-01
4.154508e-01	6.351417e-01	7.458874e-02
7.203593e-01	6.116737e-01	-2.258690e-01
5.110996e-01	4.319586e-01	2.329147e-02
5.573556e-01	4.288396e-01	-2.324602e-02
5.183616e-01	2.606372e-01	2.898376e-02
5.546054e-01	2.579163e-01	-2.570368e-02
5.231773e-01	1.042965e-01	1.941223e-01
5.490785e-01	9.523110e-02	1.212852e-01
5.264817e-01	8.877771e-02	2.045604e-01
5.495099e-01	8.015046e-02	1.317419e-01
5.225844e-01	5.869270e-02	9.519137e-02
5.429541e-01	5.434947e-02	1.418137e-02
5.333636e-01	7.545142e-01	-2.190758e-01
5.297543e-01	7.647063e-01	-1.953914e-01
5.263966e-01	7.640144e-01	-1.954545e-01
5.228577e-01	7.632126e-01	-1.953313e-01
5.395077e-01	7.649634e-01	-2.015972e-01
5.432150e-01	7.643486e-01	-2.016700e-01
5.470086e-01	7.633784e-01	-2.017154e-01
5.202275e-01	7.500295e-01	-7.565046e-02
5.533828e-01	7.504027e-01	-1.014559e-01
5.268633e-01	7.348673e-01	-1.750946e-01
5.403143e-01	7.346956e-01	-1.831115e-01
4.967299e-01	6.550661e-01	4.624009e-03
5.780674e-01	6.627885e-01	-6.885651e-02
4.445615e-01	6.600307e-01	4.543551e-02
6.414658e-01	6.528627e-01	-1.054329e-01
4.055385e-01	6.916133e-01	-1.134541e-02
7.111598e-01	6.589267e-01	-2.132225e-01
3.932923e-01	6.975459e-01	-1.992450e-02
7.306651e-01	6.600718e-01	-2.392190e-01
3.927221e-01	7.025161e-01	-4.855042e-02
7.329078e-01	6.649987e-01	-2.684163e-01
3.985831e-01	6.988171e-01	-2.695562e-02
7.255005e-01	6.623245e-01	-2.298861e-01
5.112894e-01	4.314056e-01	2.397598e-02
5.573248e-01	4.285776e-01	-2.392572e-02
5.183536e-01	2.607142e-01	3.440330e-02
5.546250e-01	2.581044e-01	-2.609135e-02
5.231212e-01	1.040438e-01	1.967864e-01
5.492975e-01	9.528790e-02	1.215901e-01
5.265132e-01	8.824901e-02	2.062248e-01
5.498397e-01	8.014827e-02	1.315879e-01
5.225594e-01	5.857860e-02	9.445510e-02
5.429491e-01	5.436035e-02	1.088128e-02
5.330321e-01	7.540670e-01	-2.144842e-01
5.296838e-01	7.644900e-01	-1.897665e-01
5.263740e-01	7.638562e-01	-1.898353e-01
5.228453e-01	7.630942e-01	-1.897322e-01
5.392405e-01	7.646710e-01	-1.972026e-01
5.428962e-01	7.640773e-01	-1.972829e-01
5.467383e-01	7.631460e-01	-1.973457e-01
5.201603e-01	7.497042e-01	-6.832494e-02
5.534072e-01	7.501897e-01	-9.965296e-02
5.266265e-01	7.343501e-01	-1.697042e-01
5.397859e-01	7.341319e-01	-1.793668e-01
4.968137e-01	6.576158e-01	7.293694e-03
5.797876e-01	6.675703e-01	-7.568881e-02
4.481456e-01	6.828705e-01	5.316135e-02
6.449350e-01	6.779816e-01	-1.247984e-01
4.097594e-01	7.269908e-01	1.268039e-02
7.112064e-01	7.012091e-01	-2.292409e-01
3.991309e-01	7.477437e-01	-2.910627e-03
7.311887e-01	7.090035e-01	-2.566345e-01
3.992612e-01	7.542796e-01	-2.979034e-02
7.323862e-01	7.162482e-01	-2.848731e-01
4.041067e-01	7.459759e-01	-2.636360e-03
7.245344e-01	7.107021e-01	-2.462426e-01
5.119264e-01	4.310440e-01	2.400075e-02
5.575307e-01	4.288127e-01	-2.395079e-02
5.183653e-01	2.612355e-01	3.058744e-02
5.546848e-01	2.586427e-01	-2.746770e-02
5.229923e-01	1.036162e-01	1.967081e-01
5.493090e-01	9.516769e-02	1.216953e-01
5.263742e-01	8.755103e-02	2.062251e-01
5.498176e-01	7.999698e-02	1.318024e-01
5.232306e-01	5.840129e-02	9.285875e-02
5.431528e-01	5.434772e-02	1.059741e-02
5.332453e-01	7.540452e-01	-2.374076e-01
5.297651e-01	7.643954e-01	-2.114440e-01
5.265480e-01	7.637755e-01	-2.115028e-01
5.230089e-01	7.630300e-01	-2.113735e-01
5.393220e-01	7.645756e-01	-2.180655e-01
5.429608e-01	7.639620e-01	-2.181731e-01
5.467663e-01	7.630066e-01	-2.182409e-01
5.201527e-01	7.495793e-01	-8.520765e-02
5.535689e-01	7.499201e-01	-1.141211e-01
5.267774e-01	7.343386e-01	-1.919311e-01
5.398127e-01	7.341202e-01	-2.006389e-01
4.971893e-01	6.634442e-01	-5.360518e-03
5.802893e-01	6.705902e-01	-1.046179e-01
4.519013e-01	7.090617e-01	5.785162e-02
6.447812e-01	7.099279e-01	-1.791945e-01
4.172371e-01	7.646069e-01	8.013840e-02
7.099318e-01	7.553486e-01	-2.838897e-01
4.080764e-01	7.835163e-01	8.111705e-02
7.286775e-01	7.684361e-01	-3.150205e-01
4.084798e-01	7.890359e-01	5.866492e-02
7.299562e-01	7.733146e-01	-3.401394e-01
4.128364e-01	7.799847e-01	6.859433e-02
7.234014e-01	7.665161e-01	-3.006452e-01
5.123105e-01	4.307813e-01	2.504348e-02
5.575444e-01	4.291293e-01	-2.504254e-02
5.184311e-01	2.626067e-01	4.433153e-02
5.547518e-01	2.594176e-01	-1.635918e-02
5.227615e-01	1.039372e-01	2.131656e-01
5.491731e-01	9.516651e-02	1.396094e-01
5.259829e-01	8.757856e-02	2.228416e-01
5.496383e-01	7.979546e-02	1.499444e-01
5.232223e-01	5.859726e-02	1.063632e-01
5.427362e-01	5.435484e-02	2.611279e-02
5.330335e-01	7.546897e-01	-2.321551e-01
5.297384e-01	7.647594e-01	-2.024743e-01
5.265551e-01	7.641160e-01	-2.025532e-01
5.230514e-01	7.633491e-01	-2.024049e-01
5.392509e-01	7.651833e-01	-2.140255e-01
5.429205e-01	7.646487e-01	-2.142392e-01
5.467418e-01	7.637536e-01	-2.144090e-01
5.203792e-01	7.502156e-01	-7.825111e-02
5.540299e-01	7.505475e-01	-1.129782e-01
5.267780e-01	7.351924e-01	-1.864664e-01
5.397336e-01	7.353556e-01	-1.971635e-01
4.994579e-01	6.735017e-01	-6.297987e-03
5.809158e-01	6.743150e-01	-1.095956e-01
4.596195e-01	7.308444e-01	5.530915e-02
6.417664e-01	7.314256e-01	-1.899756e-01
4.239748e-01	7.938096e-01	6.543463e-02
6.995785e-01	7.917606e-01	-2.884286e-01
4.083608e-01	8.161406e-01	6.099384e-02
7.188030e-01	8.076718e-01	-3.221172e-01
4.110681e-01	8.195739e-01	3.864451e-02
7.186722e-01	8.178149e-01	-3.444350e-01
4.135792e-01	8.109311e-01	5.314718e-02
7.115504e-01	8.115218e-01	-3.045487e-01
5.127664e-01	4.320075e-01	2.524954e-02
5.575851e-01	4.315963e-01	-2.524921e-02
5.186286e-01	2.640870e-01	4.809067e-02
5.547414e-01	2.615629e-01	-1.183731e-02
5.226907e-01	1.042275e-01	2.204344e-01
5.490814e-01	9.598278e-02	1.469260e-01
5.259453e-01	8.779188e-02	2.304827e-01
5.495272e-01	8.019410e-02	1.574584e-01
5.234766e-01	5.858971e-02	1.117279e-01
5.427359e-01	5.438228e-02	3.145746e-02
5.330473e-01	7.546866e-01	-1.837080e-01
5.297440e-01	7.647187e-01	-1.596657e-01
5.266290e-01	7.640686e-01	-1.597542e-01
5.232172e-01	7.633169e-01	-1.596771e-01
5.392880e-01	7.651791e-01	-1.685583e-01
5.429717e-01	7.646472e-01	-1.686625e-01
5.467961e-01	7.637528e-01	-1.686974e-01
5.210317e-01	7.502819e-01	-4.669797e-02
5.548329e-01	7.505479e-01	-8.423771e-02
5.269197e-01	7.353163e-01	-1.424726e-01
5.397533e-01	7.357872e-01	-1.535830e-01
5.016655e-01	6.787527e-01	-6.715699e-03
5.808932e-01	6.764981e-01	-9.678459e-02
4.715671e-01	7.402450e-01	-7.379714e-02
6.391124e-01	7.520306e-01	-1.465493e-01
4.432236e-01	8.098068e-01	-2.287902e-01
6.922175e-01	8.271288e-01	-2.370897e-01
4.307792e-01	8.348585e-01	-2.681436e-01
7.139696e-01	8.491263e-01	-2.669635e-01
4.331091e-01	8.385046e-01	-2.818816e-01
7.128351e-01	8.605340e-01	-2.969147e-01
4.370601e-01	8.290374e-01	-2.434919e-01
7.017225e-01	8.525694e-01	-2.544367e-01
5.128950e-01	4.347884e-01	1.881619e-02
5.577860e-01	4.342794e-01	-1.870260e-02
5.190161e-01	2.638625e-01	4.089748e-02
5.550619e-01	2.614210e-01	-6.409909e-03
5.229613e-01	1.038944e-01	2.119732e-01
5.491105e-01	9.529113e-02	1.426887e-01
5.262318e-01	8.740377e-02	2.221669e-01
5.495202e-01	7.882772e-02	1.526826e-01
5.234604e-01	5.832961e-02	1.066414e-01
5.428060e-01	5.345482e-02	3.040459e-02
5.334740e-01	7.652922e-01	-1.964811e-01
5.298823e-01	7.708190e-01	-1.729848e-01
5.267776e-01	7.696720e-01	-1.730536e-01
5.234525e-01	7.684910e-01	-1.729602e-01
5.395164e-01	7.714635e-01	-1.803894e-01
5.431033e-01	7.704287e-01	-1.804757e-01
5.468314e-01	7.690319e-01	-1.805050e-01
5.216539e-01	7.544294e-01	-5.698917e-02
5.550107e-01	7.536218e-01	-8.563307e-02
5.271344e-01	7.459428e-01	-1.544879e-01
5.399458e-01	7.473844e-01	-1.639410e-01
5.020816e-01	6.894542e-01	-1.877785e-02
5.808032e-01	6.829753e-01	-8.923867e-02
4.749776e-01	7.632220e-01	-5.094068e-02
6.354634e-01	7.679008e-01	-1.335965e-01
4.524482e-01	8.507948e-01	-1.552470e-01
6.799496e-01	8.633928e-01	-2.240012e-01
4.424225e-01	8.730090e-01	-1.896954e-01
6.960193e-01	8.918139e-01	-2.528644e-01
4.468056e-01	8.786603e-01	-2.068330e-01
6.932217e-01	9.017661e-01	-2.871932e-01
4.510376e-01	8.701134e-01	-1.698804e-01
6.845111e-01	8.911213e-01	-2.433609e-01
5.128844e-01	4.385420e-01	1.837045e-02
5.577969e-01	4.369681e-01	-1.825410e-02
5.192708e-01	2.650984e-01	4.347875e-02
5.550598e-01	2.624171e-01	-8.347412e-03
5.233206e-01	1.050939e-01	2.172624e-01
5.490757e-01	9.529661e-02	1.442287e-01
5.265902e-01	8.902150e-02	2.276838e-01
5.493546e-01	7.882370e-02	1.540160e-01
5.223165e-01	5.882130e-02	1.091597e-01
5.422040e-01	5.330229e-02	2.729124e-02
5.342328e-01	7.680499e-01	-1.568129e-01
5.305734e-01	7.729132e-01	-1.365846e-01
5.276432e-01	7.715006e-01	-1.366645e-01
5.247056e-01	7.700593e-01	-1.366449e-01
5.396179e-01	7.738096e-01	-1.425102e-01
5.431032e-01	7.728522e-01	-1.425942e-01
5.466542e-01	7.718050e-01	-1.426324e-01
5.232757e-01	7.554102e-01	-3.668416e-02
5.545388e-01	7.554636e-01	-6.276347e-02
5.279413e-01	7.474654e-01	-1.199983e-01
5.400240e-01	7.483999e-01	-1.278102e-01
5.048131e-01	6.899023e-01	-1.526161e-02
5.765697e-01	6.840875e-01	-4.859509e-02
4.800582e-01	7.686394e-01	-3.544192e-02
6.193148e-01	7.715256e-01	-9.227619e-02
4.624794e-01	8.721420e-01	-1.194733e-01
6.586066e-01	8.802687e-01	-1.641666e-01
4.565949e-01	8.994865e-01	-1.528503e-01
6.706875e-01	9.105742e-01	-1.965253e-01
4.606177e-01	9.040502e-01	-1.684870e-01
6.659365e-01	9.197180e-01	-2.158227e-01
4.633104e-01	8.945493e-01	-1.330139e-01
6.589031e-01	9.069671e-01	-1.781928e-01
5.138692e-01	4.384553e-01	1.124032e-02
5.577360e-01	4.383984e-01	-1.113163e-02
5.201722e-01	2.658817e-01	4.040346e-02
5.548938e-01	2.633049e-01	-3.687346e-03
5.237895e-01	1.053549e-01	2.006293e-01
5.490698e-01	9.533889e-02	1.452469e-01
5.269859e-01	8.960202e-02	2.088807e-01
5.495068e-01	7.883009e-02	1.542658e-01
5.220256e-01	5.859068e-02	8.325885e-02
5.408018e-01	5.259928e-02	2.594624e-02
5.349939e-01	7.671409e-01	-1.614770e-01
5.319217e-01	7.728841e-01	-1.417650e-01
5.293168e-01	7.716584e-01	-1.418429e-01
5.268453e-01	7.704102e-01	-1.418409e-01
5.398515e-01	7.732869e-01	-1.467398e-01
5.431057e-01	7.723117e-01	-1.468200e-01
5.464402e-01	7.712834e-01	-1.468666e-01
5.267447e-01	7.561706e-01	-4.169781e-02
5.529301e-01	7.552952e-01	-6.372739e-02
5.292465e-01	7.466519e-01	-1.242714e-01
5.402716e-01	7.469872e-01	-1.307637e-01
5.095523e-01	6.927285e-01	-1.616088e-02
5.726693e-01	6.850241e-01	-4.732501e-02
4.839490e-01	7.799371e-01	-6.814434e-02
6.044500e-01	7.763578e-01	-9.358178e-02
4.746570e-01	8.964822e-01	-1.486954e-01
6.364939e-01	8.857920e-01	-1.777400e-01
4.735099e-01	9.244747e-01	-1.889650e-01
6.479939e-01	9.206671e-01	-2.092573e-01
4.761278e-01	9.275550e-01	-1.978909e-01
6.382362e-01	9.242108e-01	-2.292750e-01
4.785215e-01	9.179226e-01	-1.595208e-01
6.326604e-01	9.090278e-01	-1.900583e-01
5.147855e-01	4.403038e-01	8.644549e-03
5.571910e-01	4.402841e-01	-8.526282e-03
5.214402e-01	2.691602e-01	3.884152e-02
5.540138e-01	2.661461e-01	3.973265e-03
5.239463e-01	1.066665e-01	2.089307e-01
5.490203e-01	9.547952e-02	1.684334e-01
5.270212e-01	9.054575e-02	2.186611e-01
5.494984e-01	7.893591e-02	1.783787e-01
5.219923e-01	5.932878e-02	8.836387e-02
5.408443e-01	5.261462e-02	4.551977e-02
5.352107e-01	7.646081e-01	-1.850575e-01
5.322051e-01	7.728230e-01	-1.671030e-01
5.294424e-01	7.713686e-01	-1.672303e-01
5.268195e-01	7.700922e-01	-1.673110e-01
5.402777e-01	7.718660e-01	-1.641867e-01
5.433488e-01	7.704542e-01	-1.643440e-01
5.465216e-01	7.690964e-01	-1.643968e-01
5.263597e-01	7.566850e-01	-6.708137e-02
5.529240e-01	7.550888e-01	-7.443972e-02
5.292411e-01	7.462295e-01	-1.480938e-01
5.403135e-01	7.459789e-01	-1.428169e-01
5.083504e-01	6.912147e-01	-4.586605e-02
5.727606e-01	6.852428e-01	-5.413601e-02
4.868130e-01	7.866203e-01	-9.908054e-02
5.984408e-01	7.838727e-01	-1.043384e-01
4.855512e-01	9.111772e-01	-1.838274e-01
6.260692e-01	9.035819e-01	-1.836668e-01
4.844275e-01	9.436934e-01	-2.266588e-01
6.324295e-01	9.381653e-01	-2.264057e-01
4.901127e-01	9.463762e-01	-2.351932e-01
6.257210e-01	9.451395e-01	-2.351424e-01
4.933845e-01	9.372199e-01	-1.946299e-01
6.211635e-01	9.307994e-01	-1.936788e-01
5.147046e-01	4.398662e-01	3.889936e-03
5.571484e-01	4.396761e-01	-3.773443e-03
5.218709e-01	2.687405e-01	3.699820e-02
5.540128e-01	2.658989e-01	9.606719e-03
5.239306e-01	1.066947e-01	2.185002e-01
5.489680e-01	9.515690e-02	1.836087e-01
5.267622e-01	9.051523e-02	2.303859e-01
5.492548e-01	7.869478e-02	1.947169e-01
5.218558e-01	5.905574e-02	1.020573e-01
5.416390e-01	5.101392e-02	5.971499e-02
5.373122e-01	7.644078e-01	-9.214079e-02
5.362866e-01	7.718776e-01	-9.222048e-02
5.351936e-01	7.708541e-01	-9.225043e-02
5.343667e-01	7.699396e-01	-9.220364e-02
5.407135e-01	7.704163e-01	-8.596758e-02
5.433447e-01	7.690615e-01	-8.600444e-02
5.459394e-01	7.678913e-01	-8.598118e-02
5.364269e-01	7.565410e-01	-6.717528e-02
5.493905e-01	7.550030e-01	-4.533489e-02
5.346807e-01	7.457782e-01	-8.284159e-02
5.408509e-01	7.452565e-01	-7.470976e-02
5.332993e-01	6.915936e-01	-9.132801e-02
5.555890e-01	6.875887e-01	-2.086581e-02
5.633379e-01	7.926230e-01	-1.625513e-01
5.468423e-01	7.871865e-01	-5.345073e-02
5.984432e-01	9.170476e-01	-2.003498e-01
5.276631e-01	9.176592e-01	-9.498861e-02
5.996992e-01	9.432688e-01	-2.369660e-01
5.279034e-01	9.424924e-01	-1.190421e-01
5.933197e-01	9.486460e-01	-2.319542e-01
5.331064e-01	9.457576e-01	-1.296073e-01
5.882329e-01	9.420059e-01	-2.030322e-01
5.364031e-01	9.388580e-01	-1.039874e-01
5.268394e-01	4.394175e-01	-2.653705e-02
5.472888e-01	4.395087e-01	2.658850e-02
5.299295e-01	2.683847e-01	3.633500e-02
5.451859e-01	2.661989e-01	7.246726e-02
5.276880e-01	1.058203e-01	1.564542e-01
5.428063e-01	9.558316e-02	2.030399e-01
5.279608e-01	8.828586e-02	1.632298e-01
5.414451e-01	7.879949e-02	2.113135e-01
5.276035e-01	5.852501e-02	7.090847e-02
5.414085e-01	5.115843e-02	1.218051e-01
5.376098e-01	7.658434e-01	-1.418119e-01
5.359961e-01	7.747574e-01	-1.284219e-01
5.344824e-01	7.745639e-01	-1.284867e-01
5.332271e-01	7.744271e-01	-1.284458e-01
5.415684e-01	7.722842e-01	-1.279865e-01
5.441949e-01	7.707790e-01	-1.280705e-01
5.467368e-01	7.694925e-01	-1.280771e-01
5.347244e-01	7.626818e-01	-5.751292e-02
5.503098e-01	7.572640e-01	-4.569728e-02
5.340884e-01	7.493481e-01	-1.144080e-01
5.415556e-01	7.471274e-01	-1.141859e-01
5.265996e-01	6.932141e-01	-6.891861e-02
5.583686e-01	6.907791e-01	-3.427072e-02
5.283097e-01	7.977138e-01	-1.692748e-01
5.764836e-01	7.942535e-01	-1.073040e-01
5.257824e-01	9.212733e-01	-2.453705e-01
5.867888e-01	9.150968e-01	-1.644108e-01
5.232517e-01	9.486494e-01	-2.909641e-01
5.906492e-01	9.443935e-01	-2.054759e-01
5.264806e-01	9.534097e-01	-2.904755e-01
5.861582e-01	9.532342e-01	-1.905462e-01
5.283855e-01	9.442787e-01	-2.523856e-01
5.825740e-01	9.429388e-01	-1.682297e-01
5.258629e-01	4.393497e-01	-1.620481e-02
5.545400e-01	4.391561e-01	1.627090e-02
5.293000e-01	2.681714e-01	2.990099e-02
5.480942e-01	2.659160e-01	4.763374e-02
5.264732e-01	1.078865e-01	1.669675e-01
5.432677e-01	9.605388e-02	2.010518e-01
5.262777e-01	8.930115e-02	1.771579e-01
5.417882e-01	7.902706e-02	2.104863e-01
5.274619e-01	5.847091e-02	7.710079e-02
5.418962e-01	5.128527e-02	9.181010e-02
5.377719e-01	7.653987e-01	-1.482438e-01
5.357446e-01	7.743602e-01	-1.297052e-01
5.340768e-01	7.742440e-01	-1.297749e-01
5.327933e-01	7.741863e-01	-1.297196e-01
5.420430e-01	7.720742e-01	-1.290199e-01
5.447253e-01	7.706372e-01	-1.291296e-01
5.472946e-01	7.693958e-01	-1.291187e-01
5.346211e-01	7.632755e-01	-4.446598e-02
5.509959e-01	7.580308e-01	-3.679713e-02
5.336860e-01	7.489798e-01	-1.174567e-01
5.421134e-01	7.469087e-01	-1.163647e-01
5.200708e-01	6.955253e-01	-5.883799e-02
5.594932e-01	6.933724e-01	-3.480662e-02
5.133177e-01	8.028191e-01	-1.689987e-01
5.801741e-01	7.913960e-01	-1.358105e-01
5.140294e-01	9.221338e-01	-2.517380e-01
5.851334e-01	9.163600e-01	-2.199267e-01
5.140409e-01	9.491650e-01	-2.976654e-01
5.852889e-01	9.412798e-01	-2.620091e-01
5.214596e-01	9.538040e-01	-2.980310e-01
5.782232e-01	9.501241e-01	-2.564732e-01
5.241610e-01	9.430345e-01	-2.592145e-01
5.737864e-01	9.408545e-01	-2.256280e-01
5.250534e-01	4.391846e-01	-1.281810e-02
5.579675e-01	4.389643e-01	1.289528e-02
5.284314e-01	2.680553e-01	2.502767e-02
5.507201e-01	2.658797e-01	3.891921e-02
5.255039e-01	1.078625e-01	1.771317e-01
5.435681e-01	9.614916e-02	1.937630e-01
5.250493e-01	8.927871e-02	1.871194e-01
5.421926e-01	7.898010e-02	2.032260e-01
5.271569e-01	5.738572e-02	7.654035e-02
5.431222e-01	5.132048e-02	8.114094e-02
5.386902e-01	7.567815e-01	-1.787931e-01
5.358188e-01	7.701355e-01	-1.594263e-01
5.337569e-01	7.706307e-01	-1.594946e-01
5.321618e-01	7.710730e-01	-1.594155e-01
5.435199e-01	7.674271e-01	-1.586824e-01
5.465994e-01	7.663479e-01	-1.588136e-01
5.496575e-01	7.653799e-01	-1.587709e-01
5.339385e-01	7.627615e-01	-7.094590e-02
5.538238e-01	7.573693e-01	-6.328887e-02
5.338010e-01	7.427027e-01	-1.469170e-01
5.439833e-01	7.412202e-01	-1.456515e-01
5.151486e-01	6.959512e-01	-7.930057e-02
5.645919e-01	6.925447e-01	-7.215180e-02
5.076441e-01	8.008606e-01	-1.801452e-01
5.808089e-01	7.871008e-01	-1.671536e-01
5.128565e-01	9.150248e-01	-2.697014e-01
5.793287e-01	9.139932e-01	-2.263475e-01
5.169116e-01	9.447556e-01	-3.159712e-01
5.766777e-01	9.408755e-01	-2.665868e-01
5.237688e-01	9.475618e-01	-3.179285e-01
5.684719e-01	9.461278e-01	-2.627417e-01
5.254535e-01	9.354982e-01	-2.777537e-01
5.658970e-01	9.348562e-01	-2.311527e-01
5.230612e-01	4.408520e-01	-9.430275e-03
5.610809e-01	4.402088e-01	9.506827e-03
5.277325e-01	2.686160e-01	1.910266e-02
5.538341e-01	2.665918e-01	3.147753e-02
5.254666e-01	1.093967e-01	1.790660e-01
5.445667e-01	9.781798e-02	1.914416e-01
5.250556e-01	9.057590e-02	1.928466e-01
5.430214e-01	8.108544e-02	2.021834e-01
5.269436e-01	5.747566e-02	7.726789e-02
5.431457e-01	5.192606e-02	8.080735e-02
5.388921e-01	7.465597e-01	-1.900136e-01
5.357240e-01	7.625419e-01	-1.702489e-01
5.335296e-01	7.629278e-01	-1.703230e-01
5.318798e-01	7.632272e-01	-1.702627e-01
5.442640e-01	7.608243e-01	-1.709880e-01
5.476818e-01	7.602854e-01	-1.711262e-01
5.512058e-01	7.597494e-01	-1.711053e-01
5.337739e-01	7.569807e-01	-7.783992e-02
5.557128e-01	7.539084e-01	-7.813098e-02
5.337509e-01	7.320696e-01	-1.564362e-01
5.447058e-01	7.314394e-01	-1.570940e-01
5.136821e-01	6.955971e-01	-8.129738e-02
5.683010e-01	6.896306e-01	-8.526231e-02
5.051789e-01	7.954062e-01	-1.823426e-01
5.806743e-01	7.791439e-01	-1.867442e-01
5.177076e-01	9.043690e-01	-2.688510e-01
5.707836e-01	9.028347e-01	-2.453330e-01
5.256128e-01	9.333514e-01	-3.139289e-01
5.660851e-01	9.329715e-01	-2.853085e-01
5.305713e-01	9.349452e-01	-3.142578e-01
5.623296e-01	9.359865e-01	-2.801022e-01
5.303236e-01	9.226090e-01	-2.762945e-01
5.606831e-01	9.229784e-01	-2.493192e-01
5.228631e-01	4.398345e-01	-7.779451e-03
5.629385e-01	4.397456e-01	7.859493e-03
5.274860e-01	2.671409e-01	1.829330e-02
5.562983e-01	2.650633e-01	3.010481e-02
5.252962e-01	1.093254e-01	1.926223e-01
5.457278e-01	9.713317e-02	1.888700e-01
5.250227e-01	9.056749e-02	2.070812e-01
5.439380e-01	8.010794e-02	1.998805e-01
5.262228e-01	5.742380e-02	9.131295e-02
5.442148e-01	5.095495e-02	7.771471e-02
5.393399e-01	7.485670e-01	-1.881504e-01
5.356671e-01	7.633677e-01	-1.660117e-01
5.333568e-01	7.635942e-01	-1.660828e-01
5.316386e-01	7.637588e-01	-1.659947e-01
5.447078e-01	7.617947e-01	-1.661886e-01
5.482024e-01	7.611325e-01	-1.663583e-01
5.518840e-01	7.605822e-01	-1.662958e-01
5.324623e-01	7.573869e-01	-6.056052e-02
5.561331e-01	7.540561e-01	-6.280813e-02
5.336177e-01	7.324086e-01	-1.535130e-01
5.452570e-01	7.322196e-01	-1.531910e-01
5.119042e-01	6.911719e-01	-7.470228e-02
5.715741e-01	6.841185e-01	-7.966615e-02
5.042185e-01	7.930886e-01	-2.567578e-01
5.813870e-01	7.755851e-01	-2.745743e-01
5.155393e-01	8.904178e-01	-4.041069e-01
5.672647e-01	8.856428e-01	-4.189362e-01
5.242432e-01	9.147704e-01	-4.561346e-01
5.598390e-01	9.138794e-01	-4.659167e-01
5.283162e-01	9.171324e-01	-4.510152e-01
5.572523e-01	9.176154e-01	-4.563862e-01
5.278146e-01	9.064914e-01	-4.104430e-01
5.569436e-01	9.054584e-01	-4.231431e-01
5.227363e-01	4.375185e-01	-4.775612e-03
5.640541e-01	4.383160e-01	4.863561e-03
5.271418e-01	2.670636e-01	5.561092e-03
5.575103e-01	2.646915e-01	2.296889e-03
5.252282e-01	1.094339e-01	1.929634e-01
5.466427e-01	9.712718e-02	1.689547e-01
5.250326e-01	9.055750e-02	2.070784e-01
5.451288e-01	8.006699e-02	1.797495e-01
5.260438e-01	5.754639e-02	8.934095e-02
5.442077e-01	5.097529e-02	4.851930e-02
5.402331e-01	7.487490e-01	-1.852253e-01
5.358255e-01	7.635665e-01	-1.620236e-01
5.332501e-01	7.637872e-01	-1.621240e-01
5.313349e-01	7.638999e-01	-1.620597e-01
5.454826e-01	7.621961e-01	-1.613375e-01
5.490316e-01	7.618031e-01	-1.614852e-01
5.528647e-01	7.615152e-01	-1.614232e-01
5.310643e-01	7.574178e-01	-5.591534e-02
5.572095e-01	7.545303e-01	-5.595317e-02
5.337792e-01	7.331073e-01	-1.480658e-01
5.464372e-01	7.323301e-01	-1.464914e-01
5.117708e-01	6.841028e-01	-7.839458e-02
5.735251e-01	6.795620e-01	-7.610787e-02
5.037944e-01	7.578992e-01	-3.034277e-01
5.747644e-01	7.570102e-01	-2.854534e-01
5.141138e-01	8.569924e-01	-4.872061e-01
5.591502e-01	8.604435e-01	-4.465157e-01
5.206922e-01	8.906384e-01	-5.445129e-01
5.527818e-01	8.944431e-01	-4.949147e-01
5.240130e-01	8.940418e-01	-5.404356e-01
5.523793e-01	8.997352e-01	-4.900928e-01
5.241338e-01	8.796170e-01	-4.947534e-01
5.526854e-01	8.846986e-01	-4.535242e-01
5.216811e-01	4.367615e-01	-2.539774e-03
5.655586e-01	4.382267e-01	2.618521e-03
5.264197e-01	2.670905e-01	-9.793988e-03
5.577503e-01	2.646022e-01	-9.743632e-03
5.256054e-01	1.102380e-01	1.747007e-01
5.469742e-01	9.621300e-02	1.432863e-01
5.258870e-01	9.076743e-02	1.872322e-01
5.460006e-01	7.884281e-02	1.524404e-01
5.263884e-01	5.771127e-02	6.790493e-02
5.441970e-01	5.044485e-02	2.279464e-02
5.402263e-01	7.489378e-01	-1.699826e-01
5.356442e-01	7.623450e-01	-1.479533e-01
5.328417e-01	7.620494e-01	-1.480386e-01
5.306069e-01	7.618876e-01	-1.479678e-01
5.454286e-01	7.624642e-01	-1.483963e-01
5.489383e-01	7.619668e-01	-1.484965e-01
5.527097e-01	7.625238e-01	-1.484550e-01
5.287603e-01	7.556481e-01	-4.159147e-02
5.571497e-01	7.556050e-01	-4.470209e-02
5.338618e-01	7.325578e-01	-1.317134e-01
5.466937e-01	7.326867e-01	-1.317490e-01
5.113543e-01	6.811330e-01	-7.347772e-02
5.735471e-01	6.796681e-01	-6.839647e-02
5.032766e-01	7.201229e-01	-3.272311e-01
5.729923e-01	7.305888e-01	-2.974927e-01
5.127906e-01	8.103075e-01	-5.439757e-01
5.565296e-01	8.135183e-01	-4.788936e-01
5.175482e-01	8.368387e-01	-6.045755e-01
5.509154e-01	8.399865e-01	-5.278420e-01
5.205949e-01	8.399827e-01	-5.977753e-01
5.500401e-01	8.434864e-01	-5.204081e-01
5.211080e-01	8.294237e-01	-5.508127e-01
5.520154e-01	8.329114e-01	-4.848516e-01
5.215361e-01	4.376288e-01	-2.230702e-03
5.654435e-01	4.408041e-01	2.290213e-03
5.262592e-01	2.689049e-01	-4.155964e-02
5.577325e-01	2.667119e-01	-2.833088e-02
5.254645e-01	1.101347e-01	1.334842e-01
5.471354e-01	9.588611e-02	1.254146e-01
5.257385e-01	9.075978e-02	1.442737e-01
5.463556e-01	7.874182e-02	1.344828e-01
5.269207e-01	5.783581e-02	1.935187e-02
5.443031e-01	5.044403e-02	4.703382e-03
5.406948e-01	7.451774e-01	-4.140700e-02
5.359430e-01	7.560908e-01	-1.987860e-02
5.330259e-01	7.560011e-01	-1.990476e-02
5.305558e-01	7.561617e-01	-1.981598e-02
5.458449e-01	7.564196e-01	-2.217313e-02
5.494834e-01	7.563529e-01	-2.224055e-02
5.533047e-01	7.569495e-01	-2.217644e-02
5.285019e-01	7.482519e-01	8.054263e-02
5.597817e-01	7.457268e-01	7.042252e-02
5.345482e-01	7.283249e-01	-5.303945e-03
5.471463e-01	7.284124e-01	-7.877064e-03
5.121270e-01	6.725774e-01	5.206114e-02
5.766896e-01	6.725655e-01	4.545238e-02
5.029303e-01	6.863862e-01	-1.913033e-01
5.754919e-01	6.884081e-01	-1.867351e-01
5.119429e-01	7.500909e-01	-4.027095e-01
5.611601e-01	7.544196e-01	-3.749190e-01
5.156084e-01	7.731779e-01	-4.531778e-01
5.533389e-01	7.730482e-01	-4.184609e-01
5.161729e-01	7.766637e-01	-4.500727e-01
5.527161e-01	7.807256e-01	-4.207973e-01
5.174708e-01	7.676331e-01	-4.096061e-01
5.541354e-01	7.705061e-01	-3.824271e-01
5.208245e-01	4.505664e-01	-3.450742e-03
5.651599e-01	4.520065e-01	3.527153e-03
5.254032e-01	2.748522e-01	-4.854579e-02
5.570563e-01	2.740250e-01	-3.467570e-02
5.250441e-01	1.097834e-01	6.644699e-02
5.471525e-01	9.587990e-02	8.165284e-02
5.254912e-01	9.075941e-02	7.179402e-02
5.463844e-01	7.900380e-02	8.754121e-02
5.254079e-01	5.821629e-02	-5.519531e-02
5.425541e-01	5.023783e-02	-3.629509e-02
5.409666e-01	7.460052e-01	-6.702786e-02
5.361908e-01	7.569509e-01	-4.528891e-02
5.331399e-01	7.567631e-01	-4.536432e-02
5.304520e-01	7.567345e-01	-4.532643e-02
5.461461e-01	7.572489e-01	-4.710922e-02
5.496155e-01	7.571279e-01	-4.713457e-02
5.533358e-01	7.575618e-01	-4.704047e-02
5.284313e-01	7.485335e-01	6.387302e-02
5.605844e-01	7.465437e-01	5.528585e-02
5.348348e-01	7.282912e-01	-2.781462e-02
5.474946e-01	7.291129e-01	-2.992916e-02
5.117978e-01	6.722950e-01	3.384520e-02
5.794646e-01	6.686303e-01	3.923646e-02
5.028269e-01	6.683789e-01	-2.206734e-01
5.760945e-01	6.666871e-01	-2.064385e-01
5.072545e-01	6.954154e-01	-4.751098e-01
5.644095e-01	6.998944e-01	-4.522179e-01
5.077645e-01	7.149932e-01	-5.352896e-01
5.586346e-01	7.128072e-01	-5.060266e-01
5.108066e-01	7.201874e-01	-5.343834e-01
5.582306e-01	7.198732e-01	-4.994846e-01
5.125354e-01	7.113557e-01	-4.840497e-01
5.586737e-01	7.102100e-01	-4.592424e-01
5.203470e-01	4.487344e-01	-4.309232e-03
5.649692e-01	4.501099e-01	4.383871e-03
5.248935e-01	2.745530e-01	-5.068121e-02
5.570117e-01	2.737768e-01	-2.854114e-02
5.245354e-01	1.096372e-01	9.514093e-02
5.471819e-01	9.587491e-02	9.483689e-02
5.252653e-01	9.169526e-02	1.039203e-01
5.467880e-01	7.937451e-02	1.020226e-01
5.236086e-01	5.856930e-02	-1.707952e-02
5.416713e-01	5.029006e-02	-2.116943e-02
5.409414e-01	7.464381e-01	-6.478622e-02
5.362519e-01	7.575079e-01	-4.254789e-02
5.331208e-01	7.572871e-01	-4.258861e-02
5.303590e-01	7.571917e-01	-4.250084e-02
5.463263e-01	7.576573e-01	-4.547053e-02
5.497063e-01	7.573395e-01	-4.549963e-02
5.534039e-01	7.572251e-01	-4.543255e-02
5.282978e-01	7.482610e-01	7.057844e-02
5.606155e-01	7.465549e-01	5.823300e-02
5.347837e-01	7.284594e-01	-2.393496e-02
5.474604e-01	7.279701e-01	-2.706265e-02
5.117158e-01	6.701527e-01	5.578641e-02
5.805618e-01	6.659734e-01	3.462300e-02
4.971064e-01	6.590325e-01	-1.978181e-01
5.769223e-01	6.546083e-01	-2.196500e-01
5.030168e-01	6.680618e-01	-4.389685e-01
5.625713e-01	6.560301e-01	-4.524830e-01
5.044255e-01	6.650810e-01	-4.975190e-01
5.518326e-01	6.566190e-01	-5.078555e-01
5.095961e-01	6.681067e-01	-4.948887e-01
5.499089e-01	6.651755e-01	-4.977632e-01
5.106919e-01	6.648656e-01	-4.476270e-01
5.518088e-01	6.635652e-01	-4.569922e-01
5.201406e-01	4.518413e-01	-6.528274e-03
5.649371e-01	4.541156e-01	6.588905e-03
5.243829e-01	2.743055e-01	-4.002657e-02
5.569745e-01	2.732240e-01	-2.185715e-02
5.236287e-01	1.090685e-01	8.874228e-02
5.472078e-01	9.595799e-02	9.428918e-02
5.247546e-01	9.163789e-02	9.436360e-02
5.468134e-01	7.949443e-02	9.977789e-02
5.241669e-01	5.838244e-02	-3.698509e-02
5.419803e-01	5.029745e-02	-2.781343e-02
5.409223e-01	7.451616e-01	-2.597292e-04
5.362868e-01	7.563757e-01	2.276006e-02
5.331161e-01	7.561425e-01	2.269916e-02
5.303110e-01	7.560453e-01	2.275046e-02
5.463117e-01	7.561167e-01	1.715010e-02
5.496653e-01	7.556658e-01	1.713074e-02
5.533445e-01	7.551906e-01	1.721915e-02
5.283729e-01	7.463465e-01	1.352220e-01
5.605122e-01	7.450315e-01	1.096785e-01
5.347533e-01	7.274774e-01	4.026015e-02
5.474185e-01	7.263340e-01	3.319159e-02
5.113136e-01	6.656176e-01	1.210721e-01
5.818859e-01	6.620644e-01	9.604983e-02
4.971167e-01	6.213579e-01	-7.976316e-02
5.772850e-01	6.200356e-01	-1.197951e-01
4.991899e-01	6.099665e-01	-3.391359e-01
5.654882e-01	5.931666e-01	-3.576338e-01
4.998468e-01	5.896862e-01	-3.972024e-01
5.578414e-01	5.787762e-01	-4.149376e-01
5.073312e-01	5.932420e-01	-4.019004e-01
5.560173e-01	5.857157e-01	-4.167927e-01
5.084149e-01	6.036987e-01	-3.497618e-01
5.568320e-01	5.890216e-01	-3.661675e-01
5.198644e-01	4.568612e-01	-6.659725e-03
5.633901e-01	4.594146e-01	6.760446e-03
5.236840e-01	2.740546e-01	-4.269684e-02
5.566878e-01	2.726520e-01	-3.112688e-02
5.230889e-01	1.073329e-01	7.629507e-02
5.466958e-01	9.574320e-02	6.745402e-02
5.240767e-01	9.027621e-02	8.148582e-02
5.462121e-01	7.932106e-02	7.148467e-02
5.240825e-01	5.837781e-02	-4.661537e-02
5.420093e-01	5.091616e-02	-5.626917e-02
5.404349e-01	7.442468e-01	-5.258094e-02
5.361313e-01	7.558889e-01	-3.086530e-02
5.329022e-01	7.556059e-01	-3.092126e-02
5.302570e-01	7.554412e-01	-3.086614e-02
5.462075e-01	7.556726e-01	-3.689166e-02
5.496140e-01	7.552133e-01	-3.691299e-02
5.532349e-01	7.545866e-01	-3.682941e-02
5.283002e-01	7.459275e-01	8.092137e-02
5.603970e-01	7.440913e-01	5.400132e-02
5.342078e-01	7.263083e-01	-1.166557e-02
5.472922e-01	7.248601e-01	-1.954141e-02
5.085957e-01	6.628959e-01	1.132628e-01
5.821394e-01	6.586130e-01	5.995784e-02
4.919693e-01	5.934390e-01	8.393718e-02
5.816753e-01	5.856115e-01	-4.301525e-02
4.864556e-01	5.527925e-01	-4.120555e-02
5.702007e-01	5.397927e-01	-2.110017e-01
4.855716e-01	5.276872e-01	-7.647963e-02
5.675877e-01	5.223504e-01	-2.572205e-01
4.925779e-01	5.313802e-01	-9.825760e-02
5.628372e-01	5.293232e-01	-2.692169e-01
4.953608e-01	5.382612e-01	-5.399608e-02
5.616876e-01	5.346934e-01	-2.206049e-01
5.180629e-01	4.551319e-01	4.377682e-03
5.633626e-01	4.587699e-01	-4.153783e-03
5.222506e-01	2.714275e-01	-4.138081e-02
5.568250e-01	2.697994e-01	-5.569398e-02
5.230743e-01	1.072831e-01	1.013680e-01
5.470586e-01	9.521845e-02	6.943981e-02
5.241126e-01	9.030063e-02	1.085008e-01
5.462355e-01	7.896188e-02	7.543810e-02
5.237118e-01	5.899786e-02	-1.895831e-02
5.422632e-01	5.121519e-02	-5.671611e-02
5.390073e-01	7.509680e-01	-5.969791e-02
5.354385e-01	7.605656e-01	-4.059469e-02
5.324577e-01	7.600288e-01	-4.062144e-02
5.300564e-01	7.594464e-01	-4.054818e-02
5.452081e-01	7.602530e-01	-4.781552e-02
5.487621e-01	7.593824e-01	-4.783773e-02
5.521221e-01	7.584991e-01	-4.776907e-02
5.282679e-01	7.485380e-01	5.904885e-02
5.597808e-01	7.465029e-01	3.652361e-02
5.329756e-01	7.320031e-01	-2.370062e-02
5.457472e-01	7.304024e-01	-3.289959e-02
5.071836e-01	6.635362e-01	9.076607e-02
5.820919e-01	6.593598e-01	4.159632e-02
4.895698e-01	5.835319e-01	1.195233e-01
5.868202e-01	5.752692e-01	2.167647e-02
4.802274e-01	5.177982e-01	4.493204e-02
5.819951e-01	5.030741e-01	-7.122018e-02
4.760718e-01	4.889638e-01	1.489385e-02
5.849089e-01	4.738812e-01	-1.051971e-01
4.828537e-01	4.887500e-01	-1.243944e-02
5.751916e-01	4.763093e-01	-1.291514e-01
4.868177e-01	4.971734e-01	3.119222e-02
5.717968e-01	4.848926e-01	-8.318631e-02
5.163184e-01	4.532282e-01	8.815011e-03
5.629166e-01	4.574339e-01	-8.612713e-03
5.217227e-01	2.686425e-01	-3.753569e-02
5.568113e-01	2.671775e-01	-5.812026e-02
5.236536e-01	1.066520e-01	1.097001e-01
5.478922e-01	9.468056e-02	7.030267e-02
5.255225e-01	9.015965e-02	1.173849e-01
5.470436e-01	7.847924e-02	7.621748e-02
5.237038e-01	5.898003e-02	-7.410394e-03
5.432509e-01	5.121194e-02	-5.352777e-02
5.390028e-01	7.507765e-01	-1.597769e-01
5.354688e-01	7.605479e-01	-1.427964e-01
5.324569e-01	7.600112e-01	-1.428211e-01
5.300285e-01	7.594213e-01	-1.427669e-01
5.452391e-01	7.602291e-01	-1.490439e-01
5.487772e-01	7.593797e-01	-1.490653e-01
5.521193e-01	7.585144e-01	-1.490062e-01
5.283526e-01	7.486103e-01	-4.149059e-02
5.597380e-01	7.466549e-01	-6.972138e-02
5.329593e-01	7.317780e-01	-1.214114e-01
5.457634e-01	7.297263e-01	-1.295895e-01
5.066210e-01	6.630372e-01	3.204595e-02
5.821525e-01	6.568586e-01	-1.547396e-02
4.878179e-01	5.695511e-01	8.386177e-02
5.896839e-01	5.612673e-01	1.810717e-02
4.780559e-01	4.878901e-01	8.477678e-03
5.918258e-01	4.730290e-01	-5.500077e-02
4.715234e-01	4.582813e-01	-1.737152e-02
5.959866e-01	4.398374e-01	-8.355574e-02
4.776040e-01	4.576358e-01	-5.077207e-02
5.867581e-01	4.406235e-01	-1.141603e-01
4.826086e-01	4.661650e-01	-6.923825e-03
5.824543e-01	4.502209e-01	-6.868052e-02
5.157549e-01	4.522254e-01	1.000894e-02
5.624726e-01	4.557522e-01	-9.870167e-03
5.214835e-01	2.687169e-01	-1.117329e-02
5.567976e-01	2.672035e-01	-4.858188e-02
5.237099e-01	1.070789e-01	1.203085e-01
5.480624e-01	9.649061e-02	7.997040e-02
5.256135e-01	9.141206e-02	1.249615e-01
5.471113e-01	8.153640e-02	8.616582e-02
5.240958e-01	5.927660e-02	-3.734836e-03
5.444512e-01	5.255378e-02	-4.497458e-02
5.390026e-01	7.517761e-01	-2.016722e-01
5.355065e-01	7.621813e-01	-1.832431e-01
5.324539e-01	7.615208e-01	-1.832725e-01
5.300034e-01	7.607873e-01	-1.832262e-01
5.453416e-01	7.616867e-01	-1.882358e-01
5.488634e-01	7.606981e-01	-1.882682e-01
5.521693e-01	7.597747e-01	-1.882391e-01
5.283214e-01	7.497446e-01	-7.689951e-02
5.597731e-01	7.475863e-01	-9.961982e-02
5.328242e-01	7.324202e-01	-1.618953e-01
5.457532e-01	7.301324e-01	-1.683348e-01
5.050327e-01	6.606462e-01	-6.545672e-03
5.823514e-01	6.529795e-01	-4.359128e-02
4.869326e-01	5.536275e-01	4.649643e-02
5.914286e-01	5.410213e-01	-1.087513e-02
4.760297e-01	4.623013e-01	-3.338572e-02
5.987765e-01	4.452788e-01	-9.557226e-02
4.685358e-01	4.328940e-01	-5.897721e-02
6.044340e-01	4.086912e-01	-1.249232e-01
4.737673e-01	4.319080e-01	-9.271384e-02
5.959558e-01	4.092651e-01	-1.573710e-01
4.795078e-01	4.408448e-01	-4.931955e-02
5.916210e-01	4.197878e-01	-1.105378e-01
5.157381e-01	4.470954e-01	8.973040e-03
5.627569e-01	4.488656e-01	-8.848867e-03
5.213608e-01	2.683466e-01	-1.164101e-02
5.568247e-01	2.671776e-01	-4.323191e-02
5.237079e-01	1.071337e-01	1.261965e-01
5.480693e-01	9.774201e-02	8.628705e-02
5.254896e-01	9.208968e-02	1.316594e-01
5.471165e-01	8.411092e-02	9.280998e-02
5.242609e-01	5.956556e-02	2.835432e-03
5.448596e-01	5.353183e-02	-3.664763e-02
5.380275e-01	7.522849e-01	-2.092464e-01
5.351269e-01	7.630949e-01	-1.895087e-01
5.322868e-01	7.623943e-01	-1.895427e-01
5.298716e-01	7.616103e-01	-1.894992e-01
5.448383e-01	7.628377e-01	-1.946718e-01
5.484989e-01	7.620039e-01	-1.947116e-01
5.518431e-01	7.612740e-01	-1.946880e-01
5.282699e-01	7.506597e-01	-8.044410e-02
5.597355e-01	7.492207e-01	-1.040957e-01
5.320386e-01	7.329468e-01	-1.688464e-01
5.448354e-01	7.311777e-01	-1.755622e-01
5.037615e-01	6.597952e-01	-1.520729e-02
5.824789e-01	6.522763e-01	-5.078033e-02
4.866140e-01	5.482032e-01	2.875582e-02
5.927873e-01	5.382617e-01	-2.214397e-02
4.762823e-01	4.499885e-01	-6.247828e-02
6.041248e-01	4.334773e-01	-1.127845e-01
4.685082e-01	4.179597e-01	-9.057329e-02
6.119273e-01	3.939869e-01	-1.437255e-01
4.744368e-01	4.161013e-01	-1.233716e-01
6.043903e-01	3.940728e-01	-1.777566e-01
4.803849e-01	4.259056e-01	-7.816942e-02
5.992118e-01	4.085976e-01	-1.285031e-01
5.156939e-01	4.437740e-01	1.008481e-02
5.630294e-01	4.440359e-01	-9.976168e-03
5.208889e-01	2.670669e-01	-1.352197e-02
5.566664e-01	2.671694e-01	-4.385051e-02
5.235832e-01	1.066897e-01	1.260417e-01
5.478688e-01	9.797689e-02	8.847414e-02
5.252379e-01	9.158150e-02	1.316638e-01
5.470985e-01	8.421013e-02	9.516907e-02
5.240903e-01	5.954923e-02	4.272924e-03
5.447624e-01	5.431866e-02	-3.393873e-02
5.380195e-01	7.535144e-01	-2.251657e-01
5.350999e-01	7.646863e-01	-2.048239e-01
5.322663e-01	7.638675e-01	-2.048577e-01
5.298291e-01	7.629370e-01	-2.048094e-01
5.448399e-01	7.648008e-01	-2.101554e-01
5.485171e-01	7.640414e-01	-2.102023e-01
5.518553e-01	7.633520e-01	-2.101747e-01
5.277004e-01	7.514878e-01	-9.380113e-02
5.597233e-01	7.512324e-01	-1.182057e-01
5.318357e-01	7.338181e-01	-1.842007e-01
5.448114e-01	7.328256e-01	-1.911541e-01
5.030487e-01	6.568752e-01	-2.432808e-02
5.824907e-01	6.523956e-01	-6.996907e-02
4.870018e-01	5.399671e-01	1.471419e-02
5.942010e-01	5.346385e-01	-4.229658e-02
4.775237e-01	4.353952e-01	-8.180921e-02
6.072236e-01	4.250650e-01	-1.339098e-01
4.700730e-01	4.042481e-01	-1.106860e-01
6.155413e-01	3.878888e-01	-1.660340e-01
4.765348e-01	4.021625e-01	-1.431405e-01
6.085972e-01	3.862473e-01	-2.002614e-01
4.821362e-01	4.126022e-01	-9.746215e-02
6.030373e-01	4.003410e-01	-1.498262e-01
5.155964e-01	4.371266e-01	1.743270e-02
5.630361e-01	4.380015e-01	-1.734262e-02
5.206487e-01	2.632534e-01	-1.607615e-04
5.558938e-01	2.658307e-01	-4.302655e-02
5.235835e-01	1.066542e-01	1.461959e-01
5.479058e-01	9.793642e-02	9.001247e-02
5.253488e-01	9.145785e-02	1.538165e-01
5.480318e-01	8.331755e-02	9.682003e-02
5.213860e-01	5.964549e-02	3.760757e-02
5.425769e-01	5.430688e-02	-3.302843e-02
5.380272e-01	7.542932e-01	-2.465473e-01
5.350949e-01	7.654195e-01	-2.280690e-01
5.322632e-01	7.646478e-01	-2.281006e-01
5.298056e-01	7.638196e-01	-2.280566e-01
5.448822e-01	7.654402e-01	-2.318455e-01
5.485816e-01	7.645800e-01	-2.318939e-01
5.519116e-01	7.637656e-01	-2.318847e-01
5.273308e-01	7.520890e-01	-1.199900e-01
5.597104e-01	7.517036e-01	-1.373611e-01
5.316515e-01	7.341748e-01	-2.062386e-01
5.447806e-01	7.335249e-01	-2.111481e-01
5.023049e-01	6.557888e-01	-4.940100e-02
5.825806e-01	6.529608e-01	-7.862814e-02
4.875014e-01	5.391909e-01	-1.137816e-03
5.947810e-01	5.321939e-01	-4.238681e-02
4.785609e-01	4.311489e-01	-9.694137e-02
6.075701e-01	4.228295e-01	-1.300372e-01
4.716142e-01	4.002022e-01	-1.246454e-01
6.161972e-01	3.875967e-01	-1.600756e-01
4.780182e-01	3.974026e-01	-1.574772e-01
6.111563e-01	3.852022e-01	-1.964804e-01
4.833439e-01	4.081596e-01	-1.123389e-01
6.054996e-01	3.983660e-01	-1.466452e-01
5.151947e-01	4.365972e-01	1.570814e-02
5.630318e-01	4.368243e-01	-1.563149e-02
5.201083e-01	2.623371e-01	-5.447250e-03
5.551153e-01	2.657284e-01	-4.196775e-02
5.232515e-01	1.066764e-01	1.460721e-01
5.479074e-01	9.808821e-02	9.914088e-02
5.248840e-01	9.145109e-02	1.543956e-01
5.481696e-01	8.323843e-02	1.071946e-01
5.209607e-01	5.965941e-02	3.425053e-02
5.418811e-01	5.430540e-02	-2.157489e-02
5.380286e-01	7.549958e-01	-2.653362e-01
5.349560e-01	7.658284e-01	-2.470965e-01
5.321208e-01	7.650760e-01	-2.471314e-01
5.294055e-01	7.642444e-01	-2.470892e-01
5.448833e-01	7.659950e-01	-2.511761e-01
5.485975e-01	7.652030e-01	-2.512301e-01
5.519429e-01	7.644053e-01	-2.512190e-01
5.265473e-01	7.524285e-01	-1.379496e-01
5.596868e-01	7.523466e-01	-1.570115e-01
5.314553e-01	7.342588e-01	-2.244121e-01
5.447972e-01	7.341475e-01	-2.298096e-01
5.019174e-01	6.548895e-01	-6.382731e-02
5.830988e-01	6.527736e-01	-9.344454e-02
4.878854e-01	5.377427e-01	-2.717441e-03
5.954186e-01	5.272743e-01	-5.101106e-02
4.796848e-01	4.302886e-01	-1.075575e-01
6.072918e-01	4.208802e-01	-1.407587e-01
4.732009e-01	3.986996e-01	-1.357958e-01
6.154623e-01	3.858645e-01	-1.709126e-01
4.795513e-01	3.957011e-01	-1.681376e-01
6.103501e-01	3.836321e-01	-2.066610e-01
4.846556e-01	4.066013e-01	-1.227715e-01
6.049076e-01	3.967948e-01	-1.569479e-01
5.146927e-01	4.366826e-01	1.533015e-02
5.629061e-01	4.367490e-01	-1.526302e-02
5.199192e-01	2.615866e-01	-4.605951e-03
5.544747e-01	2.652710e-01	-4.180340e-02
5.231445e-01	1.066607e-01	1.519204e-01
5.484203e-01	9.806207e-02	1.096991e-01
5.248837e-01	9.144856e-02	1.606684e-01
5.490109e-01	8.316652e-02	1.185334e-01
5.205246e-01	5.956390e-02	4.096404e-02
5.413695e-01	5.397897e-02	-8.100067e-03
5.379485e-01	7.534921e-01	-2.711138e-01
5.347593e-01	7.653594e-01	-2.531908e-01
5.319017e-01	7.647179e-01	-2.532265e-01
5.288798e-01	7.639621e-01	-2.531855e-01
5.448761e-01	7.653883e-01	-2.575006e-01
5.485978e-01	7.646183e-01	-2.575509e-01
5.519472e-01	7.638428e-01	-2.575444e-01
5.257691e-01	7.524061e-01	-1.425174e-01
5.595730e-01	7.522780e-01	-1.626468e-01
5.310913e-01	7.324554e-01	-2.291795e-01
5.447468e-01	7.325315e-01	-2.348790e-01
5.011021e-01	6.539094e-01	-6.486723e-02
5.834448e-01	6.526153e-01	-9.582229e-02
4.885677e-01	5.344384e-01	-7.585512e-03
5.949525e-01	5.263709e-01	-5.242551e-02
4.801978e-01	4.263429e-01	-1.063396e-01
6.057861e-01	4.218481e-01	-1.395893e-01
4.743035e-01	3.942821e-01	-1.336556e-01
6.135453e-01	3.883345e-01	-1.688788e-01
4.803124e-01	3.918721e-01	-1.670616e-01
6.085601e-01	3.858615e-01	-2.054853e-01
4.852731e-01	4.029986e-01	-1.218248e-01
6.033798e-01	3.986053e-01	-1.558359e-01
5.144161e-01	4.366639e-01	1.480834e-02
5.627970e-01	4.362150e-01	-1.475129e-02
5.194814e-01	2.600517e-01	-6.635840e-03
5.541888e-01	2.643549e-01	-4.232815e-02
5.230567e-01	1.063547e-01	1.495039e-01
5.485104e-01	9.804663e-02	1.122341e-01
5.248693e-01	9.080198e-02	1.582781e-01
5.491101e-01	8.311073e-02	1.216836e-01
5.206183e-01	5.930437e-02	3.801046e-02
5.412257e-01	5.382492e-02	-3.383027e-03
5.379819e-01	7.537787e-01	-2.695846e-01
5.346971e-01	7.654008e-01	-2.519358e-01
5.317827e-01	7.647627e-01	-2.519690e-01
5.285645e-01	7.640126e-01	-2.519321e-01
5.448922e-01	7.654665e-01	-2.559386e-01
5.486125e-01	7.647343e-01	-2.559882e-01
5.519494e-01	7.639791e-01	-2.559905e-01
5.252114e-01	7.524863e-01	-1.431646e-01
5.593092e-01	7.524585e-01	-1.618309e-01
5.310497e-01	7.325522e-01	-2.284955e-01
5.447886e-01	7.330306e-01	-2.337728e-01
5.004382e-01	6.536705e-01	-6.868794e-02
5.834490e-01	6.523017e-01	-9.615700e-02
4.893155e-01	5.323296e-01	-1.358937e-02
5.945040e-01	5.260667e-01	-5.340172e-02
4.803782e-01	4.240775e-01	-1.104329e-01
6.048041e-01	4.260425e-01	-1.383488e-01
4.749547e-01	3.921805e-01	-1.383359e-01
6.114985e-01	3.924285e-01	-1.676253e-01
4.808318e-01	3.895805e-01	-1.710021e-01
6.067420e-01	3.906531e-01	-2.039680e-01
4.857299e-01	4.008474e-01	-1.257157e-01
6.020344e-01	4.029691e-01	-1.546178e-01
5.144216e-01	4.361058e-01	1.427166e-02
5.628092e-01	4.359847e-01	-1.421691e-02
5.193612e-01	2.601111e-01	-6.989754e-03
5.542048e-01	2.643452e-01	-3.972176e-02
5.226374e-01	1.063653e-01	1.549472e-01
5.486293e-01	9.819736e-02	1.208731e-01
5.246055e-01	9.082298e-02	1.641767e-01
5.492074e-01	8.325759e-02	1.304791e-01
5.206946e-01	5.922598e-02	4.195160e-02
5.412663e-01	5.371002e-02	2.959932e-03
