5.580593e-01	6.984062e-01	-2.756142e-01
5.499564e-01	7.173488e-01	-2.559711e-01
5.457993e-01	7.167547e-01	-2.560028e-01
5.408407e-01	7.157508e-01	-2.560564e-01
5.635411e-01	7.178192e-01	-2.573293e-01
5.691397e-01	7.174733e-01	-2.575684e-01
5.742286e-01	7.164888e-01	-2.575929e-01
5.356541e-01	7.021974e-01	-1.338267e-01
5.812920e-01	7.035304e-01	-1.414591e-01
5.489770e-01	6.729149e-01	-2.296544e-01
5.665238e-01	6.743448e-01	-2.317765e-01
4.991423e-01	5.734414e-01	-6.562219e-02
6.173257e-01	5.704124e-01	-7.403561e-02
4.920750e-01	4.011371e-01	4.446158e-03
6.242624e-01	3.993916e-01	8.341146e-03
4.838636e-01	2.521257e-01	-9.477669e-02
6.345055e-01	2.476559e-01	-8.017432e-02
4.810245e-01	2.036621e-01	-1.271068e-01
6.370296e-01	1.996507e-01	-1.168227e-01
4.865684e-01	2.028554e-01	-1.738814e-01
6.362010e-01	2.020189e-01	-1.601006e-01
4.923391e-01	2.225742e-01	-1.144276e-01
6.327500e-01	2.212084e-01	-1.000471e-01
5.214083e-01	2.467102e-01	2.296601e-03
6.005964e-01	2.439222e-01	-2.010194e-03
5.153618e-01	2.241983e-02	-4.804238e-02
6.062876e-01	1.910576e-02	-5.658288e-02
5.312143e-01	-1.169583e-01	3.677253e-01
5.964150e-01	-8.043294e-02	3.813354e-01
5.321193e-01	-1.236625e-01	4.112341e-01
5.966325e-01	-7.795070e-02	4.273266e-01
5.424963e-01	-1.942139e-01	3.612833e-01
5.806769e-01	-1.401928e-01	3.709142e-01
5.587311e-01	6.993828e-01	-2.509264e-01
5.505385e-01	7.178596e-01	-2.299871e-01
5.460612e-01	7.172364e-01	-2.300486e-01
5.410286e-01	7.161066e-01	-2.300576e-01
5.643566e-01	7.181149e-01	-2.284705e-01
5.697007e-01	7.176732e-01	-2.287697e-01
5.749013e-01	7.166158e-01	-2.288022e-01
5.356820e-01	7.023045e-01	-1.101403e-01
5.813153e-01	7.035413e-01	-1.058449e-01
5.492395e-01	6.735355e-01	-2.072393e-01
5.669204e-01	6.746690e-01	-2.059339e-01
4.991644e-01	5.724139e-01	-5.161113e-02
6.168118e-01	5.705928e-01	-3.409306e-02
4.920186e-01	4.024265e-01	1.118596e-02
6.231294e-01	4.045653e-01	4.622768e-02
4.839447e-01	2.558054e-01	-6.322570e-02
6.341884e-01	2.528170e-01	-4.057566e-02
4.811346e-01	2.077595e-01	-9.233485e-02
6.357679e-01	2.081039e-01	-7.477584e-02
4.867693e-01	2.073706e-01	-1.384651e-01
6.353048e-01	2.078196e-01	-1.193221e-01
4.925314e-01	2.252880e-01	-8.168523e-02
6.324109e-01	2.255333e-01	-6.094752e-02
5.225689e-01	2.465093e-01	-3.473341e-03
6.001838e-01	2.444570e-01	3.830595e-03
5.175234e-01	2.366968e-02	-4.791486e-02
6.061085e-01	2.031455e-02	-3.532175e-02
5.311950e-01	-1.799062e-01	2.382294e-01
6.085477e-01	-1.635312e-01	2.670228e-01
5.315319e-01	-2.061107e-01	2.637001e-01
6.099447e-01	-1.843740e-01	2.932612e-01
5.398382e-01	-2.516456e-01	1.749187e-01
6.025118e-01	-2.292914e-01	1.900572e-01
5.598160e-01	7.002432e-01	-2.309028e-01
5.511674e-01	7.184571e-01	-2.101487e-01
5.465187e-01	7.177500e-01	-2.102123e-01
5.413265e-01	7.164339e-01	-2.102127e-01
5.650924e-01	7.187904e-01	-2.083372e-01
5.703081e-01	7.183583e-01	-2.086278e-01
5.754982e-01	7.173018e-01	-2.086601e-01
5.357451e-01	7.023224e-01	-9.323522e-02
5.813643e-01	7.038016e-01	-8.781538e-02
5.500108e-01	6.741348e-01	-1.884149e-01
5.678031e-01	6.752032e-01	-1.867134e-01
4.996309e-01	5.723150e-01	-3.921369e-02
6.161365e-01	5.707282e-01	-1.836333e-02
4.920290e-01	4.047044e-01	1.686856e-02
6.213383e-01	4.067271e-01	5.956113e-02
4.837371e-01	2.571400e-01	-5.467679e-02
6.339934e-01	2.573360e-01	-2.584024e-02
4.805984e-01	2.091431e-01	-8.279469e-02
6.354395e-01	2.148923e-01	-5.965056e-02
4.848394e-01	2.088352e-01	-1.290223e-01
6.352010e-01	2.131734e-01	-1.037430e-01
4.909391e-01	2.264200e-01	-7.337537e-02
6.323777e-01	2.291283e-01	-4.620205e-02
5.228596e-01	2.462254e-01	-6.747644e-03
5.992109e-01	2.447482e-01	7.137628e-03
5.184074e-01	2.502763e-02	-4.917401e-02
6.061701e-01	2.124927e-02	-2.701164e-02
5.292350e-01	-1.872638e-01	2.130360e-01
6.094432e-01	-1.631037e-01	2.714678e-01
5.278977e-01	-2.147354e-01	2.370478e-01
6.105753e-01	-1.819713e-01	2.987349e-01
5.355952e-01	-2.558906e-01	1.503204e-01
6.045691e-01	-2.260148e-01	2.038185e-01
5.597991e-01	7.013775e-01	-2.408458e-01
5.511782e-01	7.195429e-01	-2.201394e-01
5.464948e-01	7.188520e-01	-2.202063e-01
5.413266e-01	7.174929e-01	-2.202332e-01
5.651110e-01	7.197912e-01	-2.194790e-01
5.703045e-01	7.194048e-01	-2.197571e-01
5.755023e-01	7.183992e-01	-2.197932e-01
5.357264e-01	7.029594e-01	-9.991644e-02
5.813632e-01	7.043483e-01	-9.950993e-02
5.500129e-01	6.754447e-01	-1.967520e-01
5.678192e-01	6.762862e-01	-1.965178e-01
4.997293e-01	5.728769e-01	-3.991627e-02
6.155454e-01	5.707701e-01	-2.479550e-02
4.921202e-01	4.087647e-01	2.476143e-02
6.198775e-01	4.083087e-01	5.581183e-02
4.836007e-01	2.639158e-01	-3.735504e-02
6.339934e-01	2.604464e-01	-2.544338e-02
4.799868e-01	2.184501e-01	-6.247766e-02
6.352686e-01	2.184724e-01	-5.662652e-02
4.832929e-01	2.183665e-01	-1.094439e-01
6.352161e-01	2.179533e-01	-1.019985e-01
4.894818e-01	2.343235e-01	-5.613419e-02
6.324288e-01	2.324655e-01	-4.619449e-02
5.228478e-01	2.470823e-01	-7.369344e-03
5.988405e-01	2.473587e-01	7.749382e-03
5.189208e-01	2.605663e-02	-4.952320e-02
6.073120e-01	2.273934e-02	-2.401201e-02
5.271217e-01	-2.008247e-01	1.729987e-01
6.154910e-01	-1.807777e-01	2.204289e-01
5.261407e-01	-2.316308e-01	1.914474e-01
6.157236e-01	-2.047717e-01	2.401604e-01
5.289410e-01	-2.666445e-01	8.960630e-02
6.126047e-01	-2.446043e-01	1.257455e-01
5.597917e-01	7.016138e-01	-2.104318e-01
5.511972e-01	7.198938e-01	-1.906187e-01
5.464891e-01	7.193057e-01	-1.906952e-01
5.413328e-01	7.180049e-01	-1.907353e-01
5.651173e-01	7.199932e-01	-1.900481e-01
5.702914e-01	7.196056e-01	-1.902907e-01
5.754993e-01	7.185752e-01	-1.903010e-01
5.357221e-01	7.037588e-01	-7.487038e-02
5.813622e-01	7.045802e-01	-7.513533e-02
5.500095e-01	6.760353e-01	-1.679201e-01
5.678066e-01	6.766408e-01	-1.678724e-01
5.010216e-01	5.741887e-01	-1.966098e-02
6.146824e-01	5.734499e-01	-2.412111e-03
4.926663e-01	4.134345e-01	4.133663e-02
6.189680e-01	4.170265e-01	7.593044e-02
4.834329e-01	2.759725e-01	-2.725446e-02
6.329302e-01	2.759058e-01	-4.839880e-03
4.780326e-01	2.307352e-01	-5.468880e-02
6.340679e-01	2.352359e-01	-3.605089e-02
4.806910e-01	2.309733e-01	-1.014312e-01
6.341766e-01	2.349926e-01	-8.145825e-02
4.873978e-01	2.477423e-01	-4.587911e-02
6.317078e-01	2.489149e-01	-2.563815e-02
5.232540e-01	2.502845e-01	-6.804002e-03
5.988361e-01	2.546096e-01	7.163237e-03
5.191210e-01	2.757782e-02	-5.100618e-02
6.083611e-01	2.632095e-02	-2.969263e-02
5.271717e-01	-2.018580e-01	1.622718e-01
6.179773e-01	-1.805282e-01	1.939910e-01
5.269617e-01	-2.323753e-01	1.802595e-01
6.183092e-01	-2.038332e-01	2.133438e-01
5.277830e-01	-2.676311e-01	7.745726e-02
6.131305e-01	-2.433987e-01	9.879117e-02
5.596927e-01	7.017996e-01	-1.924277e-01
5.511949e-01	7.203833e-01	-1.730143e-01
5.464329e-01	7.199699e-01	-1.730976e-01
5.413288e-01	7.188240e-01	-1.731428e-01
5.651149e-01	7.201630e-01	-1.723078e-01
5.702688e-01	7.197269e-01	-1.725197e-01
5.754952e-01	7.186486e-01	-1.724921e-01
5.356923e-01	7.050959e-01	-6.016258e-02
5.813619e-01	7.048107e-01	-5.977210e-02
5.499015e-01	6.766324e-01	-1.509020e-01
5.677427e-01	6.768118e-01	-1.506577e-01
5.021636e-01	5.760790e-01	-9.507946e-03
6.135491e-01	5.792121e-01	1.030448e-02
4.930201e-01	4.195110e-01	5.314669e-02
6.187752e-01	4.290937e-01	9.252616e-02
4.826723e-01	2.852826e-01	-8.620126e-03
6.326217e-01	2.871841e-01	1.993357e-02
4.751535e-01	2.401612e-01	-3.456440e-02
6.337968e-01	2.451624e-01	-1.048998e-02
4.784958e-01	2.404420e-01	-8.097321e-02
6.337951e-01	2.462643e-01	-5.491064e-02
4.859632e-01	2.569584e-01	-2.665385e-02
6.312820e-01	2.607379e-01	-4.585788e-04
5.235752e-01	2.564162e-01	-6.636283e-03
5.988437e-01	2.614698e-01	6.978763e-03
5.200037e-01	3.281006e-02	-5.733342e-02
6.092016e-01	2.970367e-02	-4.505698e-02
5.276036e-01	-1.896298e-01	1.735120e-01
6.175472e-01	-1.636871e-01	2.254361e-01
5.278831e-01	-2.169086e-01	1.940949e-01
6.176686e-01	-1.814183e-01	2.503092e-01
5.286576e-01	-2.572546e-01	9.534957e-02
6.120051e-01	-2.261025e-01	1.480877e-01
5.596939e-01	7.019526e-01	-1.742014e-01
5.513685e-01	7.206994e-01	-1.554397e-01
5.465473e-01	7.205216e-01	-1.555148e-01
5.414479e-01	7.196069e-01	-1.555466e-01
5.652151e-01	7.201928e-01	-1.550683e-01
5.702995e-01	7.197292e-01	-1.552671e-01
5.755360e-01	7.186391e-01	-1.552404e-01
5.357519e-01	7.066824e-01	-4.322467e-02
5.813595e-01	7.049647e-01	-4.412430e-02
5.499030e-01	6.772898e-01	-1.325366e-01
5.677386e-01	6.769985e-01	-1.326167e-01
5.028143e-01	5.788795e-01	1.138236e-02
6.124404e-01	5.836386e-01	2.220459e-02
4.922778e-01	4.260435e-01	7.337457e-02
6.188599e-01	4.366867e-01	9.944601e-02
4.766534e-01	2.991597e-01	1.356265e-03
6.347555e-01	2.985841e-01	2.132156e-02
4.679767e-01	2.539352e-01	-2.546263e-02
6.356478e-01	2.562605e-01	-1.062575e-02
4.709560e-01	2.555489e-01	-7.324076e-02
6.360157e-01	2.574176e-01	-5.413200e-02
4.779806e-01	2.716888e-01	-1.743332e-02
6.323133e-01	2.695713e-01	1.213185e-03
5.235559e-01	2.629504e-01	-2.580082e-03
5.983337e-01	2.689925e-01	2.962210e-03
5.200950e-01	3.549443e-02	-5.748370e-02
6.093400e-01	3.157063e-02	-7.248372e-02
5.284501e-01	-1.836846e-01	2.041245e-01
6.161638e-01	-1.601155e-01	1.980863e-01
5.294819e-01	-2.073006e-01	2.283685e-01
6.161839e-01	-1.771188e-01	2.222888e-01
5.292061e-01	-2.523154e-01	1.389297e-01
6.107077e-01	-2.258778e-01	1.193393e-01
5.598840e-01	7.020499e-01	-1.647611e-01
5.518082e-01	7.207986e-01	-1.454712e-01
5.470860e-01	7.206998e-01	-1.455377e-01
5.419154e-01	7.199057e-01	-1.455825e-01
5.654315e-01	7.201925e-01	-1.452239e-01
5.704571e-01	7.197056e-01	-1.453871e-01
5.756461e-01	7.185915e-01	-1.453448e-01
5.363034e-01	7.074765e-01	-3.189629e-02
5.813630e-01	7.052022e-01	-3.332955e-02
5.501364e-01	6.777256e-01	-1.226015e-01
5.677761e-01	6.772459e-01	-1.227621e-01
5.040393e-01	5.798408e-01	1.863880e-02
6.116450e-01	5.868106e-01	2.728402e-02
4.897951e-01	4.306831e-01	7.917605e-02
6.193122e-01	4.416285e-01	9.723503e-02
4.666100e-01	3.151895e-01	3.055698e-03
6.382812e-01	3.036340e-01	1.415425e-02
4.582659e-01	2.708344e-01	-2.477212e-02
6.413927e-01	2.628585e-01	-1.899820e-02
4.607291e-01	2.745736e-01	-7.278329e-02
6.401554e-01	2.633319e-01	-6.102315e-02
4.669799e-01	2.907874e-01	-1.625080e-02
6.365947e-01	2.747023e-01	-5.777257e-03
5.238088e-01	2.662883e-01	5.501062e-04
5.982925e-01	2.734204e-01	-1.685473e-04
5.200492e-01	3.863089e-02	-6.041038e-02
6.089814e-01	3.730899e-02	-8.717730e-02
5.321630e-01	-1.006566e-01	2.948946e-01
6.120988e-01	-1.065710e-01	2.372023e-01
5.338966e-01	-1.041982e-01	3.324027e-01
6.108786e-01	-1.103465e-01	2.632521e-01
5.346052e-01	-1.707474e-01	2.860328e-01
6.029357e-01	-1.717100e-01	1.906248e-01
5.605121e-01	7.026317e-01	-1.532517e-01
5.526533e-01	7.214753e-01	-1.343863e-01
5.481060e-01	7.214337e-01	-1.344666e-01
5.428877e-01	7.208246e-01	-1.345062e-01
5.660274e-01	7.206313e-01	-1.350105e-01
5.710923e-01	7.200159e-01	-1.351639e-01
5.760645e-01	7.188358e-01	-1.351298e-01
5.372475e-01	7.089442e-01	-2.186883e-02
5.816187e-01	7.059804e-01	-2.663345e-02
5.507785e-01	6.786332e-01	-1.111933e-01
5.680694e-01	6.781436e-01	-1.123552e-01
5.051121e-01	5.825167e-01	3.219710e-02
6.113532e-01	5.885273e-01	3.369552e-02
4.825951e-01	4.433017e-01	9.321134e-02
6.217290e-01	4.461845e-01	9.946366e-02
4.525453e-01	3.333224e-01	1.464057e-02
6.445318e-01	3.169202e-01	1.157259e-02
4.450117e-01	2.882932e-01	-1.258340e-02
6.530619e-01	2.752030e-01	-2.176165e-02
4.504442e-01	2.883402e-01	-6.018095e-02
6.504664e-01	2.774355e-01	-6.531312e-02
4.553719e-01	3.050393e-01	-4.731059e-03
6.451381e-01	2.912802e-01	-9.122991e-03
5.256008e-01	2.693026e-01	4.432373e-03
5.983235e-01	2.780406e-01	-4.055824e-03
5.200106e-01	3.931015e-02	-6.035441e-02
6.088632e-01	3.963241e-02	-8.684789e-02
5.370131e-01	-1.154128e-01	2.788647e-01
6.117447e-01	-1.127960e-01	2.238712e-01
5.396053e-01	-1.246196e-01	3.118062e-01
6.100120e-01	-1.196513e-01	2.524821e-01
5.398157e-01	-1.866378e-01	2.456221e-01
6.027142e-01	-1.743991e-01	1.709849e-01
5.613096e-01	7.033418e-01	-8.100193e-02
5.536612e-01	7.221732e-01	-6.377745e-02
5.492839e-01	7.221015e-01	-6.383970e-02
5.441657e-01	7.215859e-01	-6.386447e-02
5.667769e-01	7.211193e-01	-5.895557e-02
5.719375e-01	7.203341e-01	-5.909100e-02
5.766546e-01	7.190959e-01	-5.899120e-02
5.382875e-01	7.098670e-01	3.359563e-02
5.820878e-01	7.065852e-01	5.249625e-02
5.516853e-01	6.795195e-01	-4.587436e-02
5.685881e-01	6.789453e-01	-4.009202e-02
5.066574e-01	5.862475e-01	5.418742e-02
6.110502e-01	5.905403e-01	1.095488e-01
4.781511e-01	4.577237e-01	9.363984e-02
6.233729e-01	4.639487e-01	1.623929e-01
4.398866e-01	3.590805e-01	3.849735e-02
6.500906e-01	3.539786e-01	6.699035e-02
4.280158e-01	3.262613e-01	1.348718e-02
6.587932e-01	3.192927e-01	3.525891e-02
4.331760e-01	3.273551e-01	-3.130018e-02
6.567764e-01	3.221786e-01	2.026079e-03
4.392501e-01	3.387421e-01	2.070452e-02
6.506827e-01	3.327388e-01	4.902853e-02
5.268971e-01	2.732123e-01	2.303368e-03
5.983272e-01	2.801341e-01	-1.864058e-03
5.199814e-01	4.393164e-02	-7.188760e-02
6.088274e-01	4.820127e-02	-9.069684e-02
5.377311e-01	-8.879113e-02	3.167512e-01
6.090901e-01	-1.045617e-01	2.349161e-01
5.408111e-01	-9.107775e-02	3.565352e-01
6.060210e-01	-1.092117e-01	2.658774e-01
5.400558e-01	-1.577883e-01	3.084388e-01
5.989786e-01	-1.713549e-01	1.851822e-01
5.620946e-01	7.044586e-01	-4.292085e-02
5.546764e-01	7.231399e-01	-2.678063e-02
5.503858e-01	7.229610e-01	-2.682198e-02
5.455124e-01	7.224767e-01	-2.682661e-02
5.674156e-01	7.220191e-01	-2.050618e-02
5.725991e-01	7.210595e-01	-2.060940e-02
5.771037e-01	7.197587e-01	-2.052347e-02
5.393323e-01	7.106089e-01	6.181055e-02
5.824641e-01	7.074025e-01	8.737113e-02
5.527005e-01	6.807417e-01	-1.131718e-02
5.691539e-01	6.801870e-01	-3.599426e-03
5.076999e-01	5.886574e-01	7.118059e-02
6.110429e-01	5.917141e-01	1.363451e-01
4.721999e-01	4.669977e-01	1.038805e-01
6.287224e-01	4.742456e-01	2.162021e-01
4.266686e-01	3.782742e-01	5.884355e-02
6.606640e-01	3.751472e-01	1.789964e-01
4.104842e-01	3.597530e-01	3.790567e-02
6.702372e-01	3.456053e-01	1.550692e-01
4.115412e-01	3.688747e-01	-8.291131e-03
6.692206e-01	3.458787e-01	1.254333e-01
4.192421e-01	3.735502e-01	3.993921e-02
6.630794e-01	3.546990e-01	1.631391e-01
5.284317e-01	2.766260e-01	-9.384684e-04
5.983302e-01	2.806775e-01	1.423509e-03
5.197925e-01	4.338393e-02	-7.463119e-02
6.087624e-01	4.691188e-02	-9.001908e-02
5.376635e-01	-9.005243e-02	3.045163e-01
6.088918e-01	-1.072663e-01	2.221734e-01
5.403711e-01	-9.238309e-02	3.428618e-01
6.055804e-01	-1.132637e-01	2.513546e-01
5.398253e-01	-1.564255e-01	2.968289e-01
5.990833e-01	-1.723972e-01	1.763738e-01
5.626909e-01	7.054269e-01	-2.649657e-02
5.556999e-01	7.241150e-01	-1.089367e-02
5.513576e-01	7.239201e-01	-1.093281e-02
5.467377e-01	7.234969e-01	-1.092775e-02
5.681411e-01	7.226582e-01	-7.817080e-03
5.733301e-01	7.214737e-01	-7.928386e-03
5.776228e-01	7.200449e-01	-7.854776e-03
5.402473e-01	7.113612e-01	7.309381e-02
5.829591e-01	7.075782e-01	8.507433e-02
5.532851e-01	6.818137e-01	3.834913e-03
5.694545e-01	6.809853e-01	7.660174e-03
5.082673e-01	5.901684e-01	9.336834e-02
6.109711e-01	5.919611e-01	1.184615e-01
4.682377e-01	4.728025e-01	1.371182e-01
6.339414e-01	4.832838e-01	2.318154e-01
4.192768e-01	4.173451e-01	1.099580e-01
6.718029e-01	3.974917e-01	2.745758e-01
4.000575e-01	3.896698e-01	9.871306e-02
6.845962e-01	3.681663e-01	2.640877e-01
3.999091e-01	4.002278e-01	5.394327e-02
6.848334e-01	3.684071e-01	2.331289e-01
4.079967e-01	4.092483e-01	9.128816e-02
6.787760e-01	3.773988e-01	2.604381e-01
5.283954e-01	2.771739e-01	2.577053e-04
5.983317e-01	2.804981e-01	1.946448e-04
5.178365e-01	4.267984e-02	-5.970727e-02
6.086377e-01	4.619310e-02	-9.031549e-02
5.341417e-01	-1.014391e-01	2.897443e-01
6.096474e-01	-1.099329e-01	2.247656e-01
5.369375e-01	-1.086554e-01	3.245490e-01
6.060056e-01	-1.167334e-01	2.548575e-01
5.356973e-01	-1.705001e-01	2.765387e-01
6.064296e-01	-1.752577e-01	1.823137e-01
5.630602e-01	7.058711e-01	-5.374733e-02
5.565020e-01	7.245225e-01	-3.894542e-02
5.521237e-01	7.243471e-01	-3.896882e-02
5.477815e-01	7.239712e-01	-3.898805e-02
5.686322e-01	7.228253e-01	-3.519085e-02
5.738085e-01	7.215437e-01	-3.528919e-02
5.780022e-01	7.200667e-01	-3.521214e-02
5.411412e-01	7.119799e-01	4.464564e-02
5.836295e-01	7.076299e-01	5.977900e-02
5.537603e-01	6.822599e-01	-2.331695e-02
5.696853e-01	6.812795e-01	-1.856858e-02
5.087083e-01	5.925041e-01	7.313769e-02
6.109971e-01	5.927806e-01	9.509466e-02
4.664160e-01	4.875164e-01	1.399556e-01
6.438263e-01	4.890438e-01	2.013105e-01
4.104839e-01	4.502556e-01	1.402132e-01
6.857307e-01	4.199988e-01	2.311343e-01
3.935076e-01	4.293072e-01	1.367735e-01
7.014112e-01	3.936463e-01	2.200522e-01
3.916664e-01	4.443851e-01	9.330624e-02
7.025280e-01	3.959469e-01	1.893110e-01
3.992633e-01	4.492262e-01	1.227779e-01
6.964942e-01	4.038187e-01	2.160708e-01
5.283346e-01	2.783052e-01	2.869989e-04
5.982312e-01	2.814731e-01	1.590273e-04
5.173103e-01	4.269619e-02	-4.090713e-02
6.086041e-01	4.517973e-02	-8.765341e-02
5.341543e-01	-6.848775e-02	3.265399e-01
6.025324e-01	-1.409225e-02	2.769049e-01
5.371488e-01	-6.749054e-02	3.657115e-01
6.030718e-01	-7.057894e-02	3.138623e-01
5.362754e-01	-1.362064e-01	3.314748e-01
6.063018e-01	-1.281093e-01	2.614018e-01
5.644194e-01	7.060363e-01	-6.228591e-02
5.582925e-01	7.247641e-01	-4.593748e-02
5.535900e-01	7.246180e-01	-4.595831e-02
5.494143e-01	7.242257e-01	-4.598204e-02
5.702883e-01	7.229197e-01	-3.978608e-02
5.750746e-01	7.215897e-01	-3.985832e-02
5.792823e-01	7.200858e-01	-3.980307e-02
5.421807e-01	7.122869e-01	3.957860e-02
5.846214e-01	7.077566e-01	6.510673e-02
5.555494e-01	6.823969e-01	-3.212332e-02
5.713648e-01	6.813635e-01	-2.439109e-02
5.099101e-01	5.952583e-01	5.950345e-02
6.110243e-01	5.947255e-01	1.109476e-01
4.646253e-01	4.997499e-01	1.094658e-01
6.499563e-01	5.031060e-01	2.445380e-01
4.063855e-01	4.903928e-01	8.552293e-02
6.999418e-01	4.509481e-01	3.065482e-01
3.880899e-01	4.820681e-01	6.493814e-02
7.156948e-01	4.341100e-01	3.050435e-01
3.878010e-01	4.927804e-01	2.033528e-02
7.181762e-01	4.386980e-01	2.763810e-01
3.963719e-01	4.929203e-01	6.731924e-02
7.116767e-01	4.411452e-01	2.929524e-01
5.282723e-01	2.786822e-01	-7.451332e-03
5.981840e-01	2.820595e-01	7.793060e-03
5.171975e-01	4.308950e-02	-6.376255e-02
6.085609e-01	4.422503e-02	-7.668220e-02
5.329996e-01	3.006108e-02	3.319944e-01
5.994772e-01	1.506538e-02	3.224301e-01
5.370173e-01	3.158130e-02	3.756139e-01
5.981686e-01	-3.740304e-02	3.631325e-01
5.368141e-01	-2.686838e-02	3.525253e-01
6.060325e-01	-8.722211e-02	3.217220e-01
5.650118e-01	7.064848e-01	-7.414754e-02
5.590841e-01	7.254277e-01	-5.553652e-02
5.543323e-01	7.253386e-01	-5.555540e-02
5.501506e-01	7.249909e-01	-5.556493e-02
5.711210e-01	7.232027e-01	-4.873814e-02
5.757794e-01	7.217082e-01	-4.880204e-02
5.800813e-01	7.201140e-01	-4.871086e-02
5.426267e-01	7.128949e-01	3.841609e-02
5.853340e-01	7.077550e-01	6.777056e-02
5.561096e-01	6.828184e-01	-4.106531e-02
5.719723e-01	6.815233e-01	-3.257367e-02
5.100368e-01	5.962071e-01	6.104394e-02
6.110409e-01	5.952595e-01	1.175581e-01
4.572485e-01	5.102635e-01	8.354703e-02
6.576778e-01	5.176576e-01	2.243050e-01
3.929814e-01	5.386658e-01	4.279305e-02
7.074395e-01	4.864728e-01	2.361934e-01
3.724279e-01	5.443336e-01	3.238427e-02
7.273718e-01	4.835901e-01	2.266413e-01
3.720877e-01	5.573863e-01	1.035588e-02
7.298580e-01	4.888662e-01	1.981643e-01
3.810579e-01	5.551908e-01	2.612321e-02
7.213284e-01	4.865730e-01	2.212196e-01
5.284294e-01	2.802767e-01	-9.748239e-03
5.982034e-01	2.839363e-01	1.010414e-02
5.170975e-01	4.283392e-02	-9.500817e-02
6.083094e-01	4.395805e-02	-7.768808e-02
5.329965e-01	5.340103e-02	3.605445e-01
5.977977e-01	4.442970e-02	3.492646e-01
5.371295e-01	6.756889e-02	4.106184e-01
5.960256e-01	-3.777629e-03	3.941320e-01
5.386810e-01	9.793503e-04	4.024608e-01
5.994111e-01	-4.193742e-03	3.663836e-01
5.652770e-01	7.068139e-01	-1.544473e-01
5.593114e-01	7.257933e-01	-1.349288e-01
5.545685e-01	7.257189e-01	-1.349547e-01
5.503636e-01	7.254105e-01	-1.349701e-01
5.713891e-01	7.233735e-01	-1.275514e-01
5.760381e-01	7.217931e-01	-1.276476e-01
5.803696e-01	7.201468e-01	-1.276051e-01
5.428169e-01	7.133351e-01	-2.700294e-02
5.857384e-01	7.077792e-01	5.341721e-03
5.565178e-01	6.831414e-01	-1.156746e-01
5.723072e-01	6.816978e-01	-1.065269e-01
5.100027e-01	5.984361e-01	2.085305e-02
6.112586e-01	5.957447e-01	7.830489e-02
4.468830e-01	5.292326e-01	-2.599644e-02
6.666844e-01	5.299311e-01	2.150920e-01
3.869667e-01	5.869503e-01	-1.492897e-01
7.144706e-01	5.229341e-01	2.901737e-01
3.662270e-01	5.952409e-01	-1.651611e-01
7.382964e-01	5.305225e-01	2.978669e-01
3.675548e-01	6.099235e-01	-1.965361e-01
7.392907e-01	5.325680e-01	2.698809e-01
3.774160e-01	6.064779e-01	-1.661320e-01
7.288689e-01	5.274525e-01	2.787787e-01
5.283949e-01	2.801519e-01	-1.069914e-02
5.982109e-01	2.836289e-01	1.100793e-02
5.162976e-01	4.116157e-02	-9.297354e-02
6.081618e-01	4.127042e-02	-6.490640e-02
5.329557e-01	-7.830578e-04	3.597228e-01
5.978068e-01	1.249717e-02	3.394696e-01
5.368294e-01	-4.560046e-03	4.058700e-01
5.962472e-01	-4.198086e-02	3.811300e-01
5.382938e-01	-5.110278e-02	3.786287e-01
6.023092e-01	-6.492313e-02	3.329862e-01
5.654129e-01	7.068943e-01	-1.756515e-01
5.593416e-01	7.258252e-01	-1.570945e-01
5.545956e-01	7.257424e-01	-1.571130e-01
5.504063e-01	7.254306e-01	-1.571207e-01
5.714556e-01	7.233849e-01	-1.491807e-01
5.761501e-01	7.217954e-01	-1.492871e-01
5.805084e-01	7.201442e-01	-1.492393e-01
5.429198e-01	7.134016e-01	-5.229828e-02
5.859544e-01	7.077883e-01	-1.798427e-02
5.567832e-01	6.832333e-01	-1.380572e-01
5.725638e-01	6.817462e-01	-1.281725e-01
5.098816e-01	6.017722e-01	-7.281509e-03
6.113008e-01	5.962868e-01	5.519877e-02
4.400600e-01	5.561116e-01	-7.856194e-02
6.715452e-01	5.444796e-01	2.265438e-01
3.837661e-01	6.316817e-01	-2.207190e-01
7.187439e-01	5.573645e-01	3.375557e-01
3.657794e-01	6.504868e-01	-2.386241e-01
7.400765e-01	5.734315e-01	3.514464e-01
3.672672e-01	6.630084e-01	-2.693862e-01
7.426407e-01	5.815740e-01	3.274567e-01
3.761608e-01	6.564118e-01	-2.376334e-01
7.333883e-01	5.749747e-01	3.289770e-01
5.283570e-01	2.790847e-01	-1.166653e-02
5.981892e-01	2.834986e-01	1.193099e-02
5.163134e-01	3.907612e-02	-8.012184e-02
6.075679e-01	3.985723e-02	-5.827885e-02
5.329669e-01	-2.699168e-02	3.765000e-01
5.974072e-01	1.009326e-02	3.474310e-01
5.367824e-01	-2.839669e-02	4.240502e-01
5.971106e-01	-4.646163e-02	3.900847e-01
5.374612e-01	-8.496773e-02	3.974255e-01
6.015208e-01	-9.255119e-02	3.426292e-01
5.653994e-01	7.070269e-01	-2.294400e-01
5.592569e-01	7.258793e-01	-2.095563e-01
5.545242e-01	7.257610e-01	-2.095863e-01
5.503426e-01	7.254320e-01	-2.096111e-01
5.714033e-01	7.234503e-01	-2.013934e-01
5.761434e-01	7.218359e-01	-2.015393e-01
5.805044e-01	7.201633e-01	-2.015274e-01
5.429704e-01	7.134007e-01	-1.005002e-01
5.860439e-01	7.078140e-01	-6.648843e-02
5.567600e-01	6.833457e-01	-1.906026e-01
5.725967e-01	6.818807e-01	-1.809190e-01
5.098539e-01	6.059749e-01	-5.866640e-02
6.113155e-01	5.976455e-01	1.199497e-02
4.362770e-01	5.914241e-01	-1.116381e-01
6.761072e-01	5.672315e-01	2.115685e-01
3.849755e-01	6.799820e-01	-2.068221e-01
7.256076e-01	5.992726e-01	3.387146e-01
3.695135e-01	7.094867e-01	-2.201557e-01
7.448894e-01	6.201419e-01	3.574982e-01
3.718011e-01	7.218542e-01	-2.506101e-01
7.454717e-01	6.272337e-01	3.367596e-01
3.793112e-01	7.104004e-01	-2.231068e-01
7.382790e-01	6.192169e-01	3.317825e-01
5.287223e-01	2.780668e-01	-1.466386e-02
5.982996e-01	2.813213e-01	1.484541e-02
5.157604e-01	3.904630e-02	-6.038455e-02
6.075622e-01	3.969648e-02	-4.383751e-02
5.329645e-01	2.101843e-02	3.875585e-01
5.969496e-01	1.954645e-02	3.612800e-01
5.378551e-01	3.721793e-02	4.354609e-01
5.974846e-01	-3.974664e-02	4.042268e-01
5.353602e-01	-9.465426e-02	4.123940e-01
6.016175e-01	-9.718665e-02	3.584895e-01
5.653641e-01	7.069184e-01	-2.326054e-01
5.591787e-01	7.256630e-01	-2.099072e-01
5.544487e-01	7.255577e-01	-2.099494e-01
5.502458e-01	7.252438e-01	-2.099741e-01
5.713509e-01	7.231647e-01	-2.052175e-01
5.761132e-01	7.215572e-01	-2.053595e-01
5.804782e-01	7.198468e-01	-2.053250e-01
5.429265e-01	7.133331e-01	-9.348949e-02
5.860704e-01	7.077447e-01	-7.370890e-02
5.567080e-01	6.832914e-01	-1.905458e-01
5.725634e-01	6.817909e-01	-1.852150e-01
5.097697e-01	6.071275e-01	-4.539389e-02
6.111361e-01	5.988348e-01	-1.538423e-02
4.306162e-01	6.188223e-01	-7.735069e-02
6.801823e-01	5.892413e-01	1.068224e-01
3.871813e-01	7.185197e-01	-1.534280e-01
7.271224e-01	6.395887e-01	1.597933e-01
3.740302e-01	7.531116e-01	-1.706328e-01
7.442598e-01	6.667057e-01	1.616551e-01
3.780100e-01	7.665420e-01	-1.938674e-01
7.440569e-01	6.726673e-01	1.422908e-01
3.846045e-01	7.536503e-01	-1.677701e-01
7.378045e-01	6.611322e-01	1.496189e-01
5.294167e-01	2.775005e-01	-1.262794e-02
5.983557e-01	2.808269e-01	1.278469e-02
5.164479e-01	4.324679e-02	-5.214776e-02
6.078895e-01	4.193386e-02	-4.726813e-02
5.333718e-01	4.130717e-02	4.003142e-01
5.975960e-01	2.960085e-02	3.506872e-01
5.393560e-01	5.698548e-02	4.484115e-01
6.019843e-01	-2.383193e-02	3.928241e-01
5.389410e-01	-2.228003e-02	4.253045e-01
6.023591e-01	-3.017652e-02	3.429813e-01
5.653395e-01	7.068987e-01	-2.385507e-01
5.591893e-01	7.256594e-01	-2.171734e-01
5.544497e-01	7.255557e-01	-2.172240e-01
5.502766e-01	7.252509e-01	-2.172778e-01
5.713591e-01	7.230359e-01	-2.142107e-01
5.761422e-01	7.213809e-01	-2.143471e-01
5.805014e-01	7.195874e-01	-2.143602e-01
5.429746e-01	7.133765e-01	-1.038711e-01
5.861655e-01	7.077010e-01	-9.033152e-02
5.566478e-01	6.833419e-01	-1.967639e-01
5.725486e-01	6.817855e-01	-1.933111e-01
5.097371e-01	6.098543e-01	-4.454779e-02
6.110374e-01	6.017314e-01	-4.691902e-02
4.303865e-01	6.490192e-01	-6.865219e-02
6.854117e-01	6.155180e-01	-7.970196e-03
3.906786e-01	7.644778e-01	-1.234080e-01
7.307295e-01	6.895841e-01	-3.757137e-02
3.767824e-01	8.047751e-01	-1.393715e-01
7.465755e-01	7.158737e-01	-5.246778e-02
3.811144e-01	8.110161e-01	-1.611713e-01
7.454358e-01	7.246400e-01	-6.819387e-02
3.884226e-01	7.924615e-01	-1.362086e-01
7.388418e-01	7.139702e-01	-4.892887e-02
5.293846e-01	2.783055e-01	-5.410844e-03
5.983557e-01	2.815781e-01	5.538411e-03
5.162146e-01	4.539511e-02	-4.954820e-02
6.079114e-01	4.590958e-02	-4.988626e-02
5.334025e-01	6.952447e-02	4.004942e-01
5.968845e-01	5.916595e-02	3.481029e-01
5.392367e-01	7.318318e-02	4.494515e-01
5.973150e-01	5.890976e-02	3.916350e-01
5.395879e-01	1.546160e-02	4.399375e-01
5.984427e-01	1.287834e-02	3.569544e-01
5.653135e-01	7.068220e-01	-2.263613e-01
5.591444e-01	7.254465e-01	-2.016103e-01
5.544053e-01	7.254295e-01	-2.016580e-01
5.502216e-01	7.251502e-01	-2.017175e-01
5.713271e-01	7.227976e-01	-1.978658e-01
5.760992e-01	7.212522e-01	-1.979827e-01
5.804306e-01	7.195122e-01	-1.979974e-01
5.429522e-01	7.133068e-01	-8.231620e-02
5.861554e-01	7.077448e-01	-6.484329e-02
5.565989e-01	6.832542e-01	-1.830203e-01
5.724685e-01	6.816888e-01	-1.783978e-01
5.098622e-01	6.113120e-01	-3.255161e-02
6.112674e-01	6.040077e-01	-2.099099e-02
4.334630e-01	6.775213e-01	-5.839420e-02
6.905276e-01	6.416664e-01	6.158952e-03
3.943226e-01	8.042181e-01	-1.292264e-01
7.314445e-01	7.391164e-01	-4.352019e-02
3.790322e-01	8.459382e-01	-1.507404e-01
7.436981e-01	7.697916e-01	-6.453680e-02
3.815967e-01	8.559047e-01	-1.696283e-01
7.405564e-01	7.819536e-01	-7.749032e-02
3.902887e-01	8.381236e-01	-1.433561e-01
7.351152e-01	7.703908e-01	-5.485575e-02
5.293596e-01	2.796361e-01	-3.471334e-03
5.983082e-01	2.817493e-01	3.652585e-03
5.162209e-01	4.697788e-02	-7.575367e-02
6.079134e-01	4.622647e-02	-6.584267e-02
5.338851e-01	8.663367e-02	4.046496e-01
5.966885e-01	6.411485e-02	3.532140e-01
5.412508e-01	1.016499e-01	4.582271e-01
5.939667e-01	7.903077e-02	3.997881e-01
5.426621e-01	3.105392e-02	4.594999e-01
5.956622e-01	3.100963e-02	3.712987e-01
5.654163e-01	7.069461e-01	-2.088629e-01
5.591937e-01	7.254705e-01	-1.841047e-01
5.544386e-01	7.255293e-01	-1.841572e-01
5.502408e-01	7.253111e-01	-1.842108e-01
5.713279e-01	7.228733e-01	-1.795326e-01
5.760840e-01	7.214335e-01	-1.796452e-01
5.804162e-01	7.197950e-01	-1.796354e-01
5.430247e-01	7.135198e-01	-7.955465e-02
5.861696e-01	7.081757e-01	-4.990268e-02
5.566526e-01	6.833475e-01	-1.660130e-01
5.724426e-01	6.818497e-01	-1.601629e-01
5.106196e-01	6.133181e-01	-2.530012e-02
6.118612e-01	6.096920e-01	-9.687217e-04
4.370397e-01	6.980616e-01	-4.150378e-02
6.917131e-01	6.673994e-01	2.504838e-02
4.017586e-01	8.254167e-01	-1.233914e-01
7.266935e-01	7.853547e-01	-4.095936e-02
3.913907e-01	8.716609e-01	-1.321154e-01
7.379265e-01	8.157616e-01	-7.002700e-02
3.959028e-01	8.798050e-01	-1.634599e-01
7.351948e-01	8.264859e-01	-8.461369e-02
4.012275e-01	8.622453e-01	-1.381232e-01
7.292998e-01	8.165172e-01	-5.464289e-02
5.297784e-01	2.884015e-01	-3.459020e-03
5.983596e-01	2.895915e-01	3.665241e-03
5.163253e-01	5.774724e-02	-8.221727e-02
6.078511e-01	5.098297e-02	-6.617384e-02
5.342196e-01	9.674427e-02	4.070289e-01
5.968642e-01	6.270661e-02	3.781703e-01
5.418686e-01	1.010760e-01	4.603598e-01
5.948511e-01	4.665943e-02	4.263893e-01
5.424568e-01	4.146167e-02	4.517811e-01
5.956401e-01	2.905800e-02	3.939195e-01
5.656713e-01	7.055415e-01	-1.998273e-01
5.595397e-01	7.253332e-01	-1.800407e-01
5.547024e-01	7.254889e-01	-1.800306e-01
5.504456e-01	7.253055e-01	-1.800083e-01
5.714252e-01	7.224870e-01	-1.790428e-01
5.760759e-01	7.210616e-01	-1.791873e-01
5.804074e-01	7.194156e-01	-1.791042e-01
5.430397e-01	7.134705e-01	-5.690051e-02
5.861108e-01	7.074249e-01	-1.918180e-02
5.566452e-01	6.830193e-01	-1.601419e-01
5.722176e-01	6.811708e-01	-1.589002e-01
5.115386e-01	6.149899e-01	-2.462022e-02
6.118639e-01	6.113240e-01	1.050560e-02
4.383229e-01	7.169086e-01	-4.089191e-02
6.871244e-01	6.838506e-01	4.294033e-02
4.140362e-01	8.607645e-01	-1.109671e-01
7.221659e-01	8.142612e-01	-2.056773e-02
4.068827e-01	9.058996e-01	-1.326458e-01
7.355399e-01	8.523112e-01	-5.281476e-02
4.123964e-01	9.101915e-01	-1.573377e-01
7.313356e-01	8.623193e-01	-6.655786e-02
4.168687e-01	8.943993e-01	-1.263944e-01
7.256757e-01	8.496313e-01	-3.461490e-02
5.298562e-01	2.912294e-01	-3.884787e-03
5.983720e-01	2.913045e-01	4.123539e-03
5.164441e-01	5.797771e-02	-8.499034e-02
6.079261e-01	5.149621e-02	-6.632023e-02
5.341722e-01	7.673581e-02	3.911540e-01
5.958213e-01	5.186015e-02	3.673450e-01
5.408977e-01	7.829833e-02	4.409074e-01
5.952846e-01	2.333910e-02	4.130352e-01
5.420821e-01	2.121335e-02	4.221911e-01
5.957385e-01	4.035037e-03	3.673928e-01
5.655578e-01	7.037451e-01	-2.089204e-01
5.594113e-01	7.232713e-01	-1.817585e-01
5.545924e-01	7.236341e-01	-1.818473e-01
5.502584e-01	7.236288e-01	-1.819087e-01
5.712208e-01	7.202765e-01	-1.773445e-01
5.757257e-01	7.189271e-01	-1.775054e-01
5.799721e-01	7.175112e-01	-1.774742e-01
5.426452e-01	7.122306e-01	-5.678626e-02
5.853984e-01	7.057086e-01	-1.975172e-02
5.562837e-01	6.809724e-01	-1.631014e-01
5.716248e-01	6.778497e-01	-1.571138e-01
5.116971e-01	6.167637e-01	-2.037168e-02
6.112691e-01	6.106969e-01	1.249050e-02
4.460951e-01	7.449318e-01	-4.881107e-02
6.833421e-01	6.972667e-01	3.813605e-02
4.282711e-01	8.933536e-01	-1.084887e-01
7.173051e-01	8.449485e-01	-3.338197e-02
4.194681e-01	9.325427e-01	-1.398548e-01
7.268906e-01	8.820655e-01	-6.994402e-02
4.259828e-01	9.360747e-01	-1.583756e-01
7.171232e-01	8.942047e-01	-8.370021e-02
4.312515e-01	9.218598e-01	-1.236415e-01
7.117058e-01	8.823507e-01	-4.833622e-02
5.298793e-01	2.936977e-01	-4.823841e-03
5.981956e-01	2.946533e-01	5.101437e-03
5.182058e-01	6.943397e-02	-8.080380e-02
6.079212e-01	6.091880e-02	-6.327094e-02
5.334833e-01	5.750037e-02	3.590242e-01
5.959802e-01	4.216002e-02	3.404219e-01
5.403816e-01	6.534690e-02	4.008573e-01
5.962056e-01	-1.918106e-02	3.780244e-01
5.381316e-01	-2.823494e-03	3.377220e-01
5.959277e-01	-8.723762e-02	2.939093e-01
5.644324e-01	7.030939e-01	-2.057837e-01
5.582055e-01	7.232220e-01	-1.779222e-01
5.535278e-01	7.235569e-01	-1.780088e-01
5.489465e-01	7.235307e-01	-1.780721e-01
5.703375e-01	7.202972e-01	-1.731609e-01
5.746090e-01	7.189285e-01	-1.733234e-01
5.788177e-01	7.174610e-01	-1.733036e-01
5.420970e-01	7.120149e-01	-5.229220e-02
5.843934e-01	7.052459e-01	-1.951299e-02
5.546335e-01	6.806613e-01	-1.602662e-01
5.700987e-01	6.777129e-01	-1.538654e-01
5.121875e-01	6.204117e-01	-2.214292e-02
6.110585e-01	6.131998e-01	1.379625e-02
4.593264e-01	7.578583e-01	-5.186110e-02
6.820250e-01	7.162226e-01	2.007868e-02
4.439593e-01	9.103105e-01	-1.049597e-01
7.014146e-01	8.689302e-01	-4.353543e-02
4.356619e-01	9.496291e-01	-1.326350e-01
7.078581e-01	9.099378e-01	-8.116545e-02
4.412312e-01	9.552779e-01	-1.527497e-01
6.983187e-01	9.177935e-01	-8.931734e-02
4.464133e-01	9.389281e-01	-1.176926e-01
6.924967e-01	9.046151e-01	-5.653805e-02
5.298638e-01	2.920287e-01	-5.844328e-03
5.982128e-01	2.933303e-01	6.139269e-03
5.194136e-01	6.659716e-02	-9.703369e-02
6.079189e-01	6.097389e-02	-7.271644e-02
5.337799e-01	5.282366e-02	3.946756e-01
5.961496e-01	3.804366e-02	3.316106e-01
5.404536e-01	6.631169e-02	4.462356e-01
5.977272e-01	-3.319934e-02	3.716057e-01
5.374652e-01	-1.045605e-02	4.010269e-01
5.924957e-01	-1.163371e-01	2.947709e-01
5.643578e-01	7.025974e-01	-2.086160e-01
5.581157e-01	7.224699e-01	-1.806137e-01
5.534490e-01	7.227228e-01	-1.806871e-01
5.488768e-01	7.227243e-01	-1.807380e-01
5.702809e-01	7.198387e-01	-1.756066e-01
5.745159e-01	7.185141e-01	-1.757670e-01
5.787348e-01	7.170300e-01	-1.757454e-01
5.421163e-01	7.113443e-01	-5.486298e-02
5.842652e-01	7.049941e-01	-2.499445e-02
5.544488e-01	6.805049e-01	-1.637768e-01
5.698236e-01	6.776901e-01	-1.571693e-01
5.122800e-01	6.199550e-01	-3.871451e-02
6.110643e-01	6.134726e-01	2.994756e-03
4.640835e-01	7.518899e-01	-7.416964e-02
6.806812e-01	7.198033e-01	-4.823865e-03
4.461624e-01	9.067162e-01	-1.176192e-01
6.967536e-01	8.743816e-01	-7.138561e-02
4.373013e-01	9.472513e-01	-1.504051e-01
7.033889e-01	9.154413e-01	-1.087236e-01
4.442336e-01	9.496673e-01	-1.644658e-01
6.934638e-01	9.208812e-01	-1.142955e-01
4.498731e-01	9.360579e-01	-1.305101e-01
6.875815e-01	9.063143e-01	-8.332376e-02
5.293838e-01	2.910451e-01	-5.944288e-03
5.982525e-01	2.926198e-01	6.240564e-03
5.199887e-01	6.474468e-02	-1.155863e-01
6.079372e-01	6.121784e-02	-8.763249e-02
5.371915e-01	7.511806e-02	4.111401e-01
5.995443e-01	3.458758e-02	3.239678e-01
5.442144e-01	7.903974e-02	4.684998e-01
6.063870e-01	-3.279335e-02	3.670708e-01
5.414304e-01	1.040302e-02	4.531018e-01
5.927995e-01	-1.186964e-01	3.032144e-01
5.639168e-01	7.024301e-01	-2.282898e-01
5.578319e-01	7.217568e-01	-2.012870e-01
5.532632e-01	7.219478e-01	-2.013790e-01
5.487305e-01	7.219855e-01	-2.014252e-01
5.701103e-01	7.195146e-01	-1.962368e-01
5.743369e-01	7.183142e-01	-1.964321e-01
5.786314e-01	7.169554e-01	-1.964209e-01
5.421920e-01	7.109251e-01	-7.831997e-02
5.842232e-01	7.050101e-01	-5.186060e-02
5.539604e-01	6.802731e-01	-1.841580e-01
5.693356e-01	6.777142e-01	-1.775038e-01
5.124534e-01	6.196758e-01	-6.471106e-02
6.111759e-01	6.134123e-01	-2.195227e-02
4.726857e-01	7.600884e-01	-1.067863e-01
6.787335e-01	7.317598e-01	-3.731442e-02
4.544592e-01	9.176416e-01	-1.434275e-01
6.904058e-01	8.932007e-01	-1.025574e-01
4.489462e-01	9.528600e-01	-1.779750e-01
6.973953e-01	9.313477e-01	-1.416490e-01
4.576080e-01	9.576362e-01	-1.883103e-01
6.862671e-01	9.356374e-01	-1.458267e-01
4.625196e-01	9.457637e-01	-1.554200e-01
6.799685e-01	9.208738e-01	-1.143842e-01
5.289863e-01	2.889148e-01	-6.475362e-03
5.984637e-01	2.906337e-01	6.761628e-03
5.203220e-01	6.343295e-02	-1.053697e-01
6.082062e-01	6.011792e-02	-8.807287e-02
5.376633e-01	6.537355e-02	4.037210e-01
6.006963e-01	3.248065e-02	3.210434e-01
5.440372e-01	6.888634e-02	4.570766e-01
6.077583e-01	-3.716144e-02	3.639319e-01
5.272769e-01	-9.106472e-02	4.304418e-01
5.924443e-01	-1.220520e-01	2.992675e-01
5.634403e-01	7.024447e-01	-2.663159e-01
5.575330e-01	7.212643e-01	-2.416346e-01
5.530378e-01	7.213855e-01	-2.417456e-01
5.485470e-01	7.213875e-01	-2.418125e-01
5.698813e-01	7.192873e-01	-2.354614e-01
5.740496e-01	7.181557e-01	-2.356810e-01
5.784042e-01	7.168798e-01	-2.356882e-01
5.422186e-01	7.094435e-01	-1.247040e-01
5.841426e-01	7.046114e-01	-9.401433e-02
5.535368e-01	6.802225e-01	-2.239266e-01
5.690094e-01	6.777322e-01	-2.158221e-01
5.125772e-01	6.176299e-01	-1.166687e-01
6.111808e-01	6.133124e-01	-5.767868e-02
4.779167e-01	7.551541e-01	-1.775359e-01
6.708004e-01	7.329828e-01	-7.215187e-02
4.629365e-01	9.171134e-01	-2.263661e-01
6.847220e-01	8.999356e-01	-1.358900e-01
4.587300e-01	9.535177e-01	-2.653577e-01
6.901394e-01	9.412898e-01	-1.760422e-01
4.674454e-01	9.583943e-01	-2.742273e-01
6.787335e-01	9.472544e-01	-1.807228e-01
4.717764e-01	9.459222e-01	-2.376627e-01
6.732231e-01	9.312246e-01	-1.482870e-01
5.289806e-01	2.850511e-01	-9.484620e-03
5.993839e-01	2.874593e-01	9.752790e-03
5.209935e-01	6.307182e-02	-1.042407e-01
6.091219e-01	5.935864e-02	-8.546829e-02
5.375736e-01	6.356421e-02	4.032368e-01
6.010038e-01	3.217566e-02	3.235031e-01
5.438347e-01	6.449271e-02	4.537736e-01
6.074980e-01	-3.996331e-02	3.664042e-01
5.229083e-01	-1.134419e-01	4.136891e-01
5.918716e-01	-1.233035e-01	3.035290e-01
5.631257e-01	7.025236e-01	-2.469283e-01
5.573627e-01	7.212759e-01	-2.217773e-01
5.528761e-01	7.213958e-01	-2.218833e-01
5.483933e-01	7.213940e-01	-2.219532e-01
5.697360e-01	7.193833e-01	-2.144058e-01
5.738270e-01	7.182778e-01	-2.146147e-01
5.781360e-01	7.170089e-01	-2.146131e-01
5.422195e-01	7.085268e-01	-1.072643e-01
5.840690e-01	7.045337e-01	-7.231093e-02
5.533237e-01	6.802123e-01	-2.061950e-01
5.688273e-01	6.777489e-01	-1.962516e-01
5.126576e-01	6.140761e-01	-1.131192e-01
6.111493e-01	6.116599e-01	-3.371433e-02
4.864681e-01	7.437051e-01	-1.877739e-01
6.628619e-01	7.287320e-01	-1.898596e-02
4.736952e-01	9.033653e-01	-2.426706e-01
6.802585e-01	9.004774e-01	-6.378886e-02
4.682592e-01	9.444054e-01	-2.818088e-01
6.823468e-01	9.365656e-01	-9.448449e-02
4.761668e-01	9.506443e-01	-2.899375e-01
6.717509e-01	9.461687e-01	-1.079330e-01
4.813444e-01	9.365084e-01	-2.533045e-01
6.678306e-01	9.315346e-01	-7.667851e-02
5.293374e-01	2.803897e-01	-1.777058e-02
6.010171e-01	2.835025e-01	1.803454e-02
5.218843e-01	6.228547e-02	-1.000797e-01
6.095720e-01	5.909878e-02	-5.719678e-02
5.379053e-01	5.998976e-02	3.962312e-01
6.006300e-01	3.811409e-02	3.857816e-01
5.436684e-01	6.177441e-02	4.467393e-01
6.051556e-01	-3.402936e-02	4.327226e-01
5.344464e-01	-4.021817e-02	3.970038e-01
5.887048e-01	-1.157678e-01	3.780313e-01
5.629925e-01	7.024114e-01	-2.146172e-01
5.571834e-01	7.210832e-01	-1.886647e-01
5.526797e-01	7.210625e-01	-1.887704e-01
5.481503e-01	7.208629e-01	-1.888168e-01
5.696070e-01	7.193745e-01	-1.788472e-01
5.736290e-01	7.182826e-01	-1.790774e-01
5.778624e-01	7.170151e-01	-1.790584e-01
5.421021e-01	7.056494e-01	-7.975502e-02
5.839291e-01	7.041333e-01	-3.228488e-02
5.532835e-01	6.791638e-01	-1.772059e-01
5.687691e-01	6.770980e-01	-1.636592e-01
5.128955e-01	6.088688e-01	-8.923624e-02
6.109141e-01	6.068954e-01	-6.465891e-03
4.924820e-01	7.315076e-01	-1.823253e-01
6.552714e-01	7.262126e-01	-1.503172e-02
4.814045e-01	8.815129e-01	-2.617015e-01
6.683175e-01	8.957850e-01	-2.203877e-02
4.755635e-01	9.242265e-01	-3.056062e-01
6.729519e-01	9.348920e-01	-5.745934e-02
4.818664e-01	9.321032e-01	-3.120917e-01
6.626645e-01	9.413049e-01	-6.162113e-02
4.879853e-01	9.172396e-01	-2.726624e-01
6.583366e-01	9.267891e-01	-3.440251e-02
5.299718e-01	2.731953e-01	-2.207326e-02
6.019936e-01	2.751905e-01	2.234986e-02
5.222110e-01	5.548230e-02	-9.797628e-02
6.098345e-01	5.379160e-02	-3.850931e-02
5.385994e-01	5.519992e-02	3.932868e-01
5.998005e-01	3.957650e-02	4.116033e-01
5.442712e-01	5.256201e-02	4.435656e-01
6.002540e-01	-3.367939e-02	4.589657e-01
5.299091e-01	-1.160638e-01	3.911054e-01
5.838768e-01	-1.111540e-01	4.013364e-01
5.629597e-01	7.022914e-01	-1.771918e-01
5.571667e-01	7.208759e-01	-1.516280e-01
5.526516e-01	7.207626e-01	-1.517428e-01
5.481087e-01	7.204370e-01	-1.518237e-01
5.695369e-01	7.193289e-01	-1.421868e-01
5.734826e-01	7.182590e-01	-1.423836e-01
5.776173e-01	7.170025e-01	-1.423353e-01
5.420903e-01	7.040820e-01	-4.512508e-02
5.837043e-01	7.035495e-01	8.211791e-04
5.532868e-01	6.780893e-01	-1.407679e-01
5.687121e-01	6.764248e-01	-1.278950e-01
5.138026e-01	6.014893e-01	-7.907686e-02
6.108444e-01	5.995963e-01	2.065275e-02
4.979545e-01	7.251787e-01	-2.185453e-01
6.495083e-01	7.180809e-01	1.146627e-02
4.901870e-01	8.720313e-01	-3.471201e-01
6.615338e-01	8.810084e-01	4.631156e-03
4.846467e-01	9.177660e-01	-3.987754e-01
6.658930e-01	9.223666e-01	-2.973072e-02
4.886821e-01	9.266043e-01	-4.037979e-01
6.575249e-01	9.323301e-01	-3.481413e-02
4.949794e-01	9.081863e-01	-3.584945e-01
6.524950e-01	9.156316e-01	-7.719831e-03
5.305403e-01	2.719181e-01	-2.479102e-02
6.023305e-01	2.741316e-01	2.507467e-02
5.228449e-01	5.366769e-02	-9.748194e-02
6.097983e-01	5.376386e-02	-2.703469e-02
5.385640e-01	5.161867e-02	3.723160e-01
5.976543e-01	4.195372e-02	4.140667e-01
5.443172e-01	4.715685e-02	4.196598e-01
5.948914e-01	3.116735e-02	4.605431e-01
5.290189e-01	-1.278622e-01	3.655922e-01
5.848569e-01	-1.979183e-02	4.056149e-01
5.629565e-01	7.022961e-01	-1.452834e-01
5.571517e-01	7.207286e-01	-1.198514e-01
5.526139e-01	7.205279e-01	-1.199486e-01
5.480360e-01	7.200732e-01	-1.199841e-01
5.695316e-01	7.193016e-01	-1.110764e-01
5.734709e-01	7.182402e-01	-1.112843e-01
5.775889e-01	7.169887e-01	-1.112097e-01
5.420109e-01	7.030576e-01	-1.647673e-02
5.836960e-01	7.029173e-01	2.619054e-02
5.532890e-01	6.777533e-01	-1.105708e-01
5.687121e-01	6.762692e-01	-9.866361e-02
5.146424e-01	5.964846e-01	-7.611057e-02
6.107826e-01	5.951494e-01	3.058369e-02
5.026691e-01	7.247788e-01	-2.442169e-01
6.448973e-01	7.130011e-01	1.091092e-02
4.962844e-01	8.681952e-01	-4.063014e-01
6.530258e-01	8.723444e-01	1.080914e-03
4.923661e-01	9.064589e-01	-4.629416e-01
6.547213e-01	9.144952e-01	-3.743527e-02
4.949147e-01	9.144375e-01	-4.664662e-01
6.474966e-01	9.231386e-01	-3.768996e-02
5.006219e-01	8.990471e-01	-4.178165e-01
6.431068e-01	9.055492e-01	-9.715919e-03
5.311714e-01	2.674870e-01	-2.402499e-02
6.030515e-01	2.697372e-01	2.431622e-02
5.233532e-01	4.886753e-02	-9.656672e-02
6.098233e-01	4.819062e-02	-2.189413e-02
5.385097e-01	4.971918e-02	3.723638e-01
5.975233e-01	4.112960e-02	4.200984e-01
5.438408e-01	4.503046e-02	4.205253e-01
5.953048e-01	-1.731363e-02	4.676122e-01
5.292923e-01	-1.458677e-01	3.733954e-01
5.818270e-01	-8.176140e-02	4.213976e-01
5.630527e-01	7.016018e-01	-1.375097e-01
5.571455e-01	7.199589e-01	-1.104515e-01
5.525991e-01	7.197186e-01	-1.105614e-01
5.479785e-01	7.192050e-01	-1.106276e-01
5.696300e-01	7.186805e-01	-1.026140e-01
5.737015e-01	7.175893e-01	-1.028441e-01
5.779957e-01	7.162823e-01	-1.028216e-01
5.416695e-01	7.022715e-01	-3.044646e-03
5.840398e-01	7.012018e-01	3.590881e-02
5.533520e-01	6.762324e-01	-1.015277e-01
5.689771e-01	6.750271e-01	-9.070604e-02
5.146167e-01	5.936472e-01	-5.549269e-02
6.104747e-01	5.906324e-01	3.229481e-02
5.061529e-01	7.217933e-01	-2.391536e-01
6.412064e-01	7.044354e-01	6.737842e-03
5.014340e-01	8.663750e-01	-3.882181e-01
6.464179e-01	8.710330e-01	-9.070665e-04
4.980977e-01	9.007323e-01	-4.432018e-01
6.467581e-01	9.000200e-01	-3.965322e-02
5.002548e-01	9.063284e-01	-4.413757e-01
6.418483e-01	9.080936e-01	-3.922618e-02
5.054556e-01	8.979964e-01	-3.982320e-01
6.379040e-01	8.924322e-01	-1.081046e-02
5.312947e-01	2.632436e-01	-2.339357e-02
6.033674e-01	2.666130e-01	2.369213e-02
5.236418e-01	4.718664e-02	-9.643941e-02
6.098612e-01	4.540752e-02	-2.478298e-02
5.367458e-01	-6.946143e-02	3.605008e-01
5.972652e-01	4.075546e-02	4.135178e-01
5.386881e-01	-7.282226e-02	4.066450e-01
5.948274e-01	-4.259987e-02	4.599558e-01
5.293391e-01	-1.606900e-01	3.505558e-01
5.798005e-01	-1.074203e-01	4.049091e-01
5.642005e-01	7.015295e-01	-1.335554e-01
5.579719e-01	7.194639e-01	-1.072210e-01
5.532058e-01	7.193056e-01	-1.072962e-01
5.485289e-01	7.188807e-01	-1.073095e-01
5.706112e-01	7.177173e-01	-9.794323e-02
5.749944e-01	7.162969e-01	-9.820934e-02
5.794054e-01	7.145735e-01	-9.823703e-02
5.416631e-01	7.014268e-01	-3.658982e-03
5.844546e-01	6.973776e-01	4.314441e-02
5.540097e-01	6.759362e-01	-9.971967e-02
5.701192e-01	6.742113e-01	-8.647645e-02
5.139447e-01	5.856926e-01	-3.777901e-02
6.104235e-01	5.869010e-01	3.411371e-02
5.051156e-01	7.198788e-01	-2.223926e-01
6.413085e-01	7.020738e-01	2.714369e-02
5.167873e-01	7.805145e-01	-3.056719e-01
6.425644e-01	8.352140e-01	5.851874e-02
5.216988e-01	7.967788e-01	-3.484485e-01
6.416639e-01	8.760659e-01	2.804346e-02
5.236028e-01	7.786421e-01	-3.344726e-01
6.380469e-01	8.822340e-01	2.503914e-02
5.267338e-01	7.774787e-01	-3.064090e-01
6.353821e-01	8.683960e-01	4.904041e-02
5.312095e-01	2.496198e-01	-2.276351e-02
6.043200e-01	2.561519e-01	2.305948e-02
5.236243e-01	3.355820e-02	-1.065341e-01
6.101530e-01	2.892508e-02	-2.917182e-02
5.366639e-01	-9.293891e-02	3.351223e-01
5.963228e-01	-6.378210e-02	4.067245e-01
5.367186e-01	-9.360178e-02	3.819491e-01
5.950881e-01	-6.585323e-02	4.545482e-01
5.346139e-01	-1.749940e-01	3.369516e-01
5.788561e-01	-1.321413e-01	4.114428e-01
5.649028e-01	6.997279e-01	-1.102981e-01
5.584410e-01	7.180533e-01	-8.718193e-02
5.536149e-01	7.180696e-01	-8.724158e-02
5.490361e-01	7.179901e-01	-8.725397e-02
5.712289e-01	7.156966e-01	-7.535273e-02
5.758854e-01	7.140756e-01	-7.560627e-02
5.803225e-01	7.122374e-01	-7.559173e-02
5.417975e-01	7.014698e-01	4.536745e-03
5.844480e-01	6.968253e-01	6.233911e-02
5.548497e-01	6.751933e-01	-8.092727e-02
5.711434e-01	6.732334e-01	-6.436906e-02
5.133326e-01	5.855175e-01	-2.307406e-02
6.100689e-01	5.873137e-01	6.014525e-02
5.044459e-01	7.097425e-01	-1.137778e-01
6.398807e-01	6.925871e-01	1.143712e-01
5.191773e-01	7.278137e-01	-9.154378e-02
6.392702e-01	7.901318e-01	1.983365e-01
5.281786e-01	7.335097e-01	-1.159680e-01
6.376648e-01	8.276805e-01	1.795162e-01
5.292479e-01	7.263474e-01	-1.199959e-01
6.358722e-01	8.338914e-01	1.723328e-01
5.309784e-01	7.235132e-01	-9.744254e-02
6.343383e-01	8.239905e-01	1.886823e-01
5.312012e-01	2.499971e-01	-2.242634e-02
6.044632e-01	2.572301e-01	2.272603e-02
5.235776e-01	3.451070e-02	-1.035146e-01
6.101520e-01	2.946516e-02	-3.254256e-02
5.333177e-01	-7.681062e-02	3.307716e-01
5.963336e-01	-5.316211e-03	4.017419e-01
5.326254e-01	-7.819475e-02	3.763316e-01
5.951232e-01	-5.808914e-02	4.484863e-01
5.333439e-01	-1.582008e-01	3.339162e-01
5.782170e-01	-1.236818e-01	4.042951e-01
5.650499e-01	6.978495e-01	-9.296338e-02
5.586361e-01	7.166692e-01	-7.190914e-02
5.537635e-01	7.172260e-01	-7.197056e-02
5.491557e-01	7.175621e-01	-7.190374e-02
5.713820e-01	7.135267e-01	-6.124117e-02
5.760526e-01	7.117775e-01	-6.148286e-02
5.805374e-01	7.097405e-01	-6.144392e-02
5.416925e-01	7.018852e-01	3.478114e-02
5.844084e-01	6.955120e-01	8.406179e-02
5.548984e-01	6.748477e-01	-5.505441e-02
5.711522e-01	6.723637e-01	-4.050913e-02
5.104909e-01	5.861300e-01	-2.840409e-02
6.094947e-01	5.877404e-01	8.146524e-02
5.097566e-01	5.879502e-01	-4.093284e-01
6.323942e-01	6.252139e-01	-9.800056e-02
5.114793e-01	6.161896e-01	-8.021725e-01
6.400894e-01	7.090514e-01	-3.022206e-01
5.141067e-01	6.277483e-01	-8.807756e-01
6.377214e-01	7.383939e-01	-3.464860e-01
5.152200e-01	6.393257e-01	-8.766521e-01
6.377237e-01	7.503257e-01	-3.460518e-01
5.180036e-01	6.225101e-01	-8.116884e-01
6.357594e-01	7.346913e-01	-3.120929e-01
5.301839e-01	2.502628e-01	-2.091947e-02
6.045695e-01	2.571142e-01	2.121313e-02
5.216982e-01	3.547800e-02	-7.832985e-02
6.102640e-01	3.041619e-02	-2.326737e-02
5.300609e-01	-1.235451e-01	3.387063e-01
5.979351e-01	-1.034302e-01	3.377172e-01
5.298666e-01	-1.327697e-01	3.829183e-01
5.984508e-01	-1.098952e-01	3.751737e-01
5.331491e-01	-1.916028e-01	3.170523e-01
5.787314e-01	-1.774741e-01	2.943897e-01
5.647301e-01	6.972599e-01	-8.552124e-02
5.575279e-01	7.166480e-01	-6.675935e-02
5.528752e-01	7.171538e-01	-6.683546e-02
5.481046e-01	7.174157e-01	-6.682022e-02
5.703298e-01	7.135502e-01	-5.775372e-02
5.748829e-01	7.119278e-01	-5.794352e-02
5.795984e-01	7.099386e-01	-5.792834e-02
5.405970e-01	7.018871e-01	3.768429e-02
5.833282e-01	6.955776e-01	7.906755e-02
5.546329e-01	6.741161e-01	-4.765068e-02
5.707964e-01	6.720380e-01	-3.547775e-02
5.085313e-01	5.849770e-01	-1.756036e-02
6.089257e-01	5.879439e-01	9.104890e-02
5.124524e-01	5.507422e-01	-3.686120e-01
6.222529e-01	5.737414e-01	-3.416120e-02
5.141643e-01	5.557232e-01	-7.531880e-01
6.329359e-01	5.918032e-01	-1.857594e-01
5.107514e-01	5.623003e-01	-8.278650e-01
6.354624e-01	6.251911e-01	-2.216649e-01
5.169972e-01	5.648872e-01	-8.287826e-01
6.343139e-01	6.286743e-01	-2.284162e-01
5.200366e-01	5.605121e-01	-7.634734e-01
6.301936e-01	6.097609e-01	-1.960855e-01
5.299470e-01	2.496898e-01	-2.049075e-02
6.049613e-01	2.558593e-01	2.075700e-02
5.205411e-01	3.392518e-02	-7.595567e-02
6.102026e-01	2.901471e-02	-2.648169e-02
5.294300e-01	-9.745830e-02	3.450519e-01
5.994863e-01	-8.474261e-02	3.332657e-01
5.291801e-01	-1.003780e-01	3.891262e-01
6.012942e-01	-8.984677e-02	3.733620e-01
5.341326e-01	-1.716356e-01	3.323770e-01
5.792917e-01	-1.563652e-01	3.132792e-01
5.636207e-01	6.962731e-01	-5.142741e-02
5.565361e-01	7.158672e-01	-3.169420e-02
5.521045e-01	7.166513e-01	-3.175835e-02
5.471644e-01	7.170970e-01	-3.171450e-02
5.695675e-01	7.127009e-01	-2.435055e-02
5.743486e-01	7.112101e-01	-2.455629e-02
5.792198e-01	7.094459e-01	-2.448848e-02
5.399790e-01	7.023749e-01	8.719732e-02
5.833017e-01	6.955623e-01	1.195449e-01
5.536191e-01	6.734571e-01	-7.363766e-03
5.699525e-01	6.697893e-01	2.353979e-03
5.066155e-01	5.829071e-01	6.892370e-02
6.083968e-01	5.874617e-01	1.266918e-01
5.164737e-01	4.893031e-01	-1.909502e-01
6.262367e-01	5.351226e-01	-1.008155e-01
5.163684e-01	5.093667e-01	-5.029581e-01
6.304965e-01	5.607317e-01	-4.385997e-01
5.098085e-01	5.108588e-01	-5.596942e-01
6.331027e-01	5.721282e-01	-5.041130e-01
5.138071e-01	5.127051e-01	-5.658625e-01
6.295844e-01	5.780894e-01	-5.000934e-01
5.161317e-01	5.127891e-01	-5.133339e-01
6.260149e-01	5.713792e-01	-4.489645e-01
5.299270e-01	2.480112e-01	-1.372166e-02
6.049820e-01	2.530272e-01	1.395979e-02
5.185186e-01	2.887634e-02	-9.433339e-02
6.100042e-01	2.387517e-02	-3.235750e-02
5.282799e-01	-1.173399e-01	2.934323e-01
6.011016e-01	-1.164082e-01	3.233457e-01
5.270469e-01	-1.224701e-01	3.347997e-01
6.036237e-01	-1.198206e-01	3.627442e-01
5.360796e-01	-1.797758e-01	2.890466e-01
5.854520e-01	-1.808819e-01	3.057844e-01
5.613294e-01	6.945547e-01	-1.250728e-01
5.549878e-01	7.146677e-01	-1.063437e-01
5.507174e-01	7.154685e-01	-1.064339e-01
5.456158e-01	7.158301e-01	-1.065132e-01
5.680636e-01	7.120422e-01	-1.014288e-01
5.729578e-01	7.107773e-01	-1.016062e-01
5.780820e-01	7.091656e-01	-1.016089e-01
5.390724e-01	7.022154e-01	3.665216e-02
5.830904e-01	6.955987e-01	4.880201e-02
5.518008e-01	6.715853e-01	-7.167925e-02
5.683371e-01	6.678771e-01	-6.683879e-02
5.050926e-01	5.802441e-01	3.262085e-02
6.096746e-01	5.831603e-01	9.571035e-02
5.130998e-01	4.272055e-01	-8.616562e-02
6.311761e-01	4.495473e-01	-5.455560e-02
5.119255e-01	4.544698e-01	-2.854657e-01
6.222678e-01	5.612566e-01	-3.138478e-01
5.075285e-01	4.245101e-01	-3.251161e-01
6.201392e-01	5.782564e-01	-3.694777e-01
5.114320e-01	4.448975e-01	-3.429639e-01
6.193161e-01	5.951224e-01	-3.624788e-01
5.138465e-01	4.521475e-01	-2.955144e-01
6.170152e-01	5.808048e-01	-3.199288e-01
5.299405e-01	2.475056e-01	-1.364053e-02
6.049696e-01	2.511227e-01	1.388733e-02
5.176911e-01	2.750148e-02	-9.459658e-02
6.097149e-01	2.293035e-02	-3.052949e-02
5.284873e-01	-9.631539e-02	3.233305e-01
6.003017e-01	-9.037894e-02	3.912321e-01
5.278439e-01	-9.906875e-02	3.713646e-01
6.018661e-01	-1.030738e-01	4.378124e-01
5.387121e-01	-1.713181e-01	3.410237e-01
5.847000e-01	-1.660326e-01	3.917830e-01
5.613919e-01	6.946790e-01	-2.408797e-01
5.550306e-01	7.149299e-01	-2.236907e-01
5.507053e-01	7.156366e-01	-2.237818e-01
5.456194e-01	7.159303e-01	-2.239072e-01
5.680944e-01	7.123867e-01	-2.194654e-01
5.729650e-01	7.111551e-01	-2.196091e-01
5.780661e-01	7.095667e-01	-2.196440e-01
5.387906e-01	7.024274e-01	-1.057632e-01
5.830922e-01	6.958910e-01	-9.033041e-02
5.516612e-01	6.716691e-01	-1.967703e-01
5.682663e-01	6.680794e-01	-1.918633e-01
5.043098e-01	5.761307e-01	-4.528596e-02
6.119846e-01	5.812860e-01	1.512814e-04
5.103379e-01	4.172376e-01	5.468402e-02
6.327518e-01	4.384641e-01	1.212812e-01
5.131389e-01	3.094771e-01	1.174199e-01
6.286953e-01	3.289704e-01	1.370123e-01
5.110180e-01	2.631115e-01	1.114213e-01
6.268398e-01	3.011905e-01	1.236977e-01
5.177543e-01	2.644844e-01	7.567115e-02
6.244327e-01	3.005781e-01	9.458654e-02
5.208455e-01	2.807059e-01	1.060853e-01
6.217328e-01	3.151649e-01	1.243916e-01
5.315287e-01	2.481806e-01	-1.025565e-02
6.053386e-01	2.523767e-01	1.043060e-02
5.179239e-01	3.126130e-02	-5.783353e-02
6.125825e-01	2.730262e-02	-4.185183e-02
5.286960e-01	2.897859e-02	3.985650e-01
6.022068e-01	-6.790118e-02	3.838823e-01
5.280770e-01	-2.814854e-02	4.476536e-01
6.017501e-01	-4.898741e-02	4.291528e-01
5.332578e-01	-1.037936e-01	4.201233e-01
5.898560e-01	-1.093380e-01	3.832704e-01
5.609899e-01	6.948795e-01	-2.581402e-01
5.545115e-01	7.152061e-01	-2.397422e-01
5.501399e-01	7.157738e-01	-2.398318e-01
5.449497e-01	7.159642e-01	-2.399687e-01
5.675480e-01	7.129357e-01	-2.353662e-01
5.724654e-01	7.116045e-01	-2.355148e-01
5.774299e-01	7.098816e-01	-2.355353e-01
5.381986e-01	7.024431e-01	-1.261943e-01
5.825616e-01	6.962569e-01	-1.080944e-01
5.508698e-01	6.716985e-01	-2.161314e-01
5.674611e-01	6.685610e-01	-2.108271e-01
5.037853e-01	5.740615e-01	-7.919192e-02
6.124837e-01	5.792205e-01	-2.967239e-02
5.050210e-01	4.100652e-01	-2.005875e-02
6.334028e-01	4.154146e-01	5.823473e-02
5.130278e-01	2.949128e-01	-6.711976e-02
6.315871e-01	2.802000e-01	-1.777027e-02
5.098320e-01	2.461386e-01	-9.413744e-02
6.303406e-01	2.412039e-01	-4.750195e-02
5.152254e-01	2.454820e-01	-1.282000e-01
6.278337e-01	2.402024e-01	-7.455344e-02
5.187707e-01	2.628028e-01	-8.011843e-02
6.248779e-01	2.567683e-01	-3.313000e-02
5.319632e-01	2.485213e-01	-9.775425e-03
6.053286e-01	2.528789e-01	9.962248e-03
5.180876e-01	3.522020e-02	-6.361632e-02
6.128384e-01	3.083860e-02	-4.786655e-02
5.331140e-01	5.900355e-02	3.901280e-01
5.997499e-01	2.715113e-02	3.538936e-01
5.370303e-01	5.303391e-02	4.388592e-01
6.016779e-01	-1.204692e-02	3.976447e-01
5.358014e-01	-4.856788e-03	4.232942e-01
5.894796e-01	-7.478435e-02	3.758566e-01
5.609836e-01	6.966511e-01	-2.354888e-01
5.541583e-01	7.156503e-01	-2.166467e-01
5.497943e-01	7.160040e-01	-2.167303e-01
5.445418e-01	7.160361e-01	-2.168642e-01
5.673450e-01	7.137734e-01	-2.129157e-01
5.723692e-01	7.126766e-01	-2.130322e-01
5.772640e-01	7.111880e-01	-2.129974e-01
5.379664e-01	7.027229e-01	-1.084892e-01
5.824434e-01	6.975134e-01	-9.334503e-02
5.506926e-01	6.717828e-01	-1.961488e-01
5.674294e-01	6.698672e-01	-1.917547e-01
5.039902e-01	5.739315e-01	-8.009933e-02
6.131101e-01	5.783178e-01	-2.850509e-02
5.040629e-01	4.151675e-01	-4.289275e-02
6.314071e-01	4.139155e-01	4.303651e-02
5.070022e-01	2.798565e-01	-1.097268e-01
6.333494e-01	2.700001e-01	-4.079993e-02
5.021809e-01	2.265650e-01	-1.402782e-01
6.317593e-01	2.312138e-01	-7.056471e-02
5.119231e-01	2.234023e-01	-1.745460e-01
6.295280e-01	2.296660e-01	-1.030492e-01
5.182182e-01	2.426289e-01	-1.234098e-01
6.264871e-01	2.392364e-01	-5.754271e-02
5.333515e-01	2.487101e-01	-7.131035e-03
6.053702e-01	2.533080e-01	7.300916e-03
5.180508e-01	3.555668e-02	-7.920803e-02
6.125228e-01	3.175629e-02	-7.393292e-02
5.440674e-01	9.074610e-02	3.969723e-01
5.984196e-01	7.117167e-02	3.468753e-01
5.507846e-01	1.021462e-01	4.506026e-01
6.001096e-01	8.428674e-02	3.946293e-01
5.522797e-01	3.465221e-02	4.671959e-01
5.898027e-01	3.030646e-02	3.963735e-01
5.608941e-01	6.969789e-01	-2.299323e-01
5.536352e-01	7.156619e-01	-2.107086e-01
5.493187e-01	7.160034e-01	-2.107543e-01
5.439074e-01	7.159476e-01	-2.108683e-01
5.670081e-01	7.138991e-01	-2.080456e-01
5.721860e-01	7.128926e-01	-2.081386e-01
5.770272e-01	7.115489e-01	-2.080952e-01
5.376291e-01	7.027490e-01	-1.052127e-01
5.823446e-01	6.985667e-01	-9.444233e-02
5.505658e-01	6.717303e-01	-1.919652e-01
5.673878e-01	6.700459e-01	-1.888715e-01
5.032641e-01	5.726829e-01	-8.217350e-02
6.138098e-01	5.765702e-01	-4.681096e-02
5.025357e-01	4.044957e-01	-5.752121e-02
6.303217e-01	4.068095e-01	5.710054e-03
5.004370e-01	2.615463e-01	-1.346176e-01
6.339005e-01	2.611342e-01	-8.166000e-02
4.949543e-01	2.090732e-01	-1.658413e-01
6.321189e-01	2.169039e-01	-1.121750e-01
5.077737e-01	2.062838e-01	-2.014627e-01
6.300173e-01	2.146745e-01	-1.566162e-01
5.147940e-01	2.232344e-01	-1.493295e-01
6.265937e-01	2.311448e-01	-1.018062e-01
5.338169e-01	2.487332e-01	-3.736320e-03
6.053786e-01	2.532683e-01	3.832794e-03
5.168261e-01	3.562781e-02	-8.894240e-02
6.120251e-01	3.181699e-02	-8.797734e-02
5.484908e-01	1.129617e-01	3.943679e-01
5.985815e-01	1.058023e-01	3.382734e-01
5.543000e-01	1.375470e-01	4.499223e-01
6.009275e-01	1.260205e-01	3.888170e-01
5.629331e-01	5.392591e-02	4.901330e-01
5.943659e-01	6.063183e-02	4.139690e-01
5.608177e-01	6.972493e-01	-2.291503e-01
5.533142e-01	7.160168e-01	-2.095837e-01
5.490320e-01	7.162819e-01	-2.096215e-01
5.435762e-01	7.160832e-01	-2.097149e-01
5.668200e-01	7.142650e-01	-2.084069e-01
5.721352e-01	7.132046e-01	-2.085169e-01
5.769096e-01	7.119048e-01	-2.084868e-01
5.374411e-01	7.029431e-01	-1.011321e-01
5.823208e-01	6.995585e-01	-9.695588e-02
5.504613e-01	6.717669e-01	-1.898196e-01
5.673695e-01	6.702595e-01	-1.886017e-01
5.031981e-01	5.727012e-01	-7.226935e-02
6.140662e-01	5.753167e-01	-5.179743e-02
5.006979e-01	4.004841e-01	-4.300486e-02
6.290613e-01	4.084685e-01	-5.232904e-03
4.941525e-01	2.596131e-01	-1.246290e-01
6.347628e-01	2.545328e-01	-9.358829e-02
4.884272e-01	2.086651e-01	-1.550809e-01
6.325405e-01	2.095527e-01	-1.248882e-01
4.986300e-01	2.067024e-01	-1.929090e-01
6.308767e-01	2.072456e-01	-1.657531e-01
5.061440e-01	2.234760e-01	-1.405613e-01
6.275405e-01	2.245689e-01	-1.124330e-01
5.337520e-01	2.484003e-01	-1.498665e-03
6.051834e-01	2.524640e-01	1.588363e-03
5.169090e-01	3.527254e-02	-8.867626e-02
6.116301e-01	3.184424e-02	-8.849446e-02
5.476080e-01	1.018150e-01	3.949263e-01
5.973362e-01	1.088223e-01	3.400863e-01
5.530069e-01	1.279971e-01	4.499601e-01
5.986213e-01	1.325754e-01	3.903848e-01
5.589898e-01	5.095748e-02	4.824634e-01
5.935667e-01	6.206104e-02	4.124693e-01
5.604173e-01	6.974443e-01	-2.150811e-01
5.526332e-01	7.163991e-01	-1.955327e-01
5.482966e-01	7.165579e-01	-1.955750e-01
5.428394e-01	7.161912e-01	-1.956471e-01
5.662253e-01	7.149923e-01	-1.932379e-01
5.716506e-01	7.140508e-01	-1.933815e-01
5.764891e-01	7.128186e-01	-1.933586e-01
5.368935e-01	7.029901e-01	-8.710989e-02
5.821317e-01	7.007825e-01	-7.953639e-02
5.502332e-01	6.717944e-01	-1.756350e-01
5.672733e-01	6.706085e-01	-1.729065e-01
5.029696e-01	5.729463e-01	-6.321069e-02
6.141883e-01	5.757102e-01	-3.245504e-02
4.989994e-01	4.035934e-01	-1.180843e-02
6.281253e-01	4.141545e-01	1.923485e-02
4.892339e-01	2.589385e-01	-9.669115e-02
6.345465e-01	2.645177e-01	-6.725644e-02
4.828762e-01	2.071478e-01	-1.282376e-01
6.334652e-01	2.178035e-01	-1.005847e-01
4.925289e-01	2.046540e-01	-1.690071e-01
6.308170e-01	2.151020e-01	-1.435684e-01
4.998767e-01	2.217153e-01	-1.136778e-01
6.266753e-01	2.320972e-01	-8.555599e-02
5.331159e-01	2.485517e-01	-1.772905e-03
6.044388e-01	2.526704e-01	1.910279e-03
5.170756e-01	3.540837e-02	-8.862375e-02
6.106220e-01	3.208760e-02	-8.100682e-02
5.463648e-01	7.892764e-02	3.912094e-01
5.956341e-01	7.808971e-02	3.431856e-01
5.509633e-01	8.612580e-02	4.438737e-01
5.981442e-01	1.243784e-01	3.918990e-01
5.564662e-01	2.054431e-02	4.497361e-01
5.902278e-01	2.345887e-02	4.101666e-01
5.598851e-01	6.977186e-01	-2.116311e-01
5.519244e-01	7.168899e-01	-1.906583e-01
5.473864e-01	7.169034e-01	-1.907414e-01
5.420386e-01	7.163596e-01	-1.908455e-01
5.656189e-01	7.159197e-01	-1.862226e-01
5.710056e-01	7.152165e-01	-1.863661e-01
5.759847e-01	7.140784e-01	-1.863429e-01
5.362545e-01	7.030520e-01	-8.042307e-02
5.819224e-01	7.019482e-01	-7.312213e-02
5.499558e-01	6.719208e-01	-1.703402e-01
5.671480e-01	6.711470e-01	-1.655151e-01
5.027904e-01	5.730596e-01	-5.075775e-02
6.143798e-01	5.755250e-01	-2.915110e-02
4.981580e-01	4.059081e-01	-5.049276e-03
6.277288e-01	4.111114e-01	2.464472e-02
4.861998e-01	2.567726e-01	-9.026991e-02
6.345428e-01	2.604393e-01	-5.908049e-02
4.799970e-01	2.081798e-01	-1.207793e-01
6.339890e-01	2.133194e-01	-9.235806e-02
4.884276e-01	2.051722e-01	-1.618390e-01
6.310212e-01	2.102052e-01	-1.328137e-01
4.955916e-01	2.218145e-01	-1.074274e-01
6.267064e-01	2.274252e-01	-7.687262e-02
5.323041e-01	2.481470e-01	-2.047096e-03
6.041158e-01	2.527131e-01	2.214126e-03
5.171354e-01	3.543173e-02	-8.838491e-02
6.104057e-01	3.214808e-02	-8.113153e-02
5.443029e-01	6.496468e-02	3.776192e-01
5.990099e-01	8.725135e-03	3.402052e-01
5.470293e-01	1.285254e-02	4.280680e-01
6.006960e-01	4.301419e-02	3.877283e-01
5.555191e-01	5.203956e-03	4.372049e-01
5.903503e-01	-3.987289e-02	3.866704e-01
5.593046e-01	6.977310e-01	-2.224322e-01
5.512474e-01	7.170043e-01	-2.027155e-01
5.464463e-01	7.169543e-01	-2.027592e-01
5.413170e-01	7.163653e-01	-2.028483e-01
5.650652e-01	7.162935e-01	-2.020882e-01
5.703725e-01	7.157702e-01	-2.022165e-01
5.755090e-01	7.147219e-01	-2.021881e-01
5.356926e-01	7.030730e-01	-9.489388e-02
5.817301e-01	7.026921e-01	-9.616264e-02
5.496050e-01	6.719401e-01	-1.829680e-01
5.669913e-01	6.713284e-01	-1.828263e-01
5.023813e-01	5.729829e-01	-6.247110e-02
6.148474e-01	5.754053e-01	-5.146451e-02
4.968095e-01	4.075055e-01	-2.759594e-02
6.275431e-01	4.080440e-01	1.170449e-03
4.845270e-01	2.618819e-01	-1.125027e-01
6.344862e-01	2.573801e-01	-7.999349e-02
4.781744e-01	2.122110e-01	-1.417357e-01
6.343731e-01	2.121314e-01	-1.105183e-01
4.852705e-01	2.095158e-01	-1.816475e-01
6.311777e-01	2.094874e-01	-1.532990e-01
4.925234e-01	2.260483e-01	-1.291385e-01
6.269960e-01	2.265047e-01	-9.892329e-02
5.306998e-01	2.480677e-01	-2.393491e-03
6.036397e-01	2.527498e-01	2.538081e-03
5.172157e-01	3.729073e-02	-8.918327e-02
6.101099e-01	3.217175e-02	-8.511315e-02
5.441100e-01	8.644172e-02	3.806525e-01
5.961595e-01	7.553755e-02	3.407164e-01
5.465624e-01	9.539210e-02	4.331857e-01
6.002327e-01	6.068720e-02	3.891883e-01
5.540609e-01	3.875344e-02	4.588630e-01
5.901763e-01	3.347860e-02	4.006742e-01
5.592558e-01	6.977140e-01	-2.368442e-01
5.510793e-01	7.170261e-01	-2.182531e-01
5.462435e-01	7.169603e-01	-2.182952e-01
5.411054e-01	7.163656e-01	-2.183966e-01
5.649652e-01	7.164692e-01	-2.173826e-01
5.703192e-01	7.160320e-01	-2.174930e-01
5.754412e-01	7.150306e-01	-2.174567e-01
5.354257e-01	7.030864e-01	-1.121558e-01
5.817001e-01	7.032228e-01	-1.103019e-01
5.495704e-01	6.718312e-01	-1.979790e-01
5.669938e-01	6.713479e-01	-1.974683e-01
5.019073e-01	5.727746e-01	-7.760737e-02
6.151337e-01	5.755580e-01	-6.128634e-02
4.951733e-01	4.070493e-01	-3.583505e-02
6.268573e-01	4.128392e-01	-7.310810e-03
4.833243e-01	2.582361e-01	-1.076823e-01
6.331743e-01	2.626661e-01	-8.541293e-02
4.770614e-01	2.109116e-01	-1.325588e-01
6.332382e-01	2.183806e-01	-1.128023e-01
4.825981e-01	2.080395e-01	-1.719795e-01
6.306432e-01	2.158194e-01	-1.536527e-01
4.896762e-01	2.243274e-01	-1.235481e-01
6.267102e-01	2.325192e-01	-1.035131e-01
5.297132e-01	2.481003e-01	-2.720652e-03
6.035619e-01	2.530327e-01	2.853487e-03
5.173650e-01	4.324905e-02	-8.813894e-02
6.087752e-01	3.235308e-02	-8.435702e-02
5.434545e-01	1.169698e-01	3.826097e-01
5.953349e-01	1.115549e-01	3.375226e-01
5.462292e-01	1.359434e-01	4.358056e-01
5.976076e-01	1.350638e-01	3.867170e-01
5.544735e-01	5.561569e-02	4.691893e-01
5.901405e-01	6.266700e-02	4.053748e-01
5.591719e-01	6.975825e-01	-2.325143e-01
5.508776e-01	7.169707e-01	-2.149387e-01
5.459815e-01	7.168368e-01	-2.149800e-01
5.408560e-01	7.160838e-01	-2.150803e-01
5.648049e-01	7.164754e-01	-2.137580e-01
5.701852e-01	7.160717e-01	-2.138902e-01
5.753232e-01	7.150991e-01	-2.138637e-01
5.350553e-01	7.029759e-01	-1.108653e-01
5.816183e-01	7.034095e-01	-1.074270e-01
5.495035e-01	6.714796e-01	-1.939966e-01
5.669814e-01	6.713533e-01	-1.929590e-01
5.011050e-01	5.725385e-01	-7.264667e-02
6.152529e-01	5.756607e-01	-5.489684e-02
4.937068e-01	4.079748e-01	-2.270953e-02
6.266627e-01	4.143679e-01	-3.410532e-03
4.821381e-01	2.579624e-01	-9.078822e-02
6.325551e-01	2.635354e-01	-7.002524e-02
4.753880e-01	2.091871e-01	-1.160510e-01
6.325688e-01	2.195610e-01	-9.758990e-02
4.809337e-01	2.065055e-01	-1.561418e-01
6.301745e-01	2.172082e-01	-1.369818e-01
4.884074e-01	2.231870e-01	-1.067672e-01
6.264307e-01	2.343253e-01	-8.771465e-02
5.294726e-01	2.481641e-01	-2.655773e-03
6.035613e-01	2.532796e-01	2.786828e-03
5.175476e-01	4.324031e-02	-7.981946e-02
6.083874e-01	3.239133e-02	-7.588892e-02
5.433712e-01	9.657426e-02	3.819742e-01
5.954058e-01	8.613622e-02	3.388837e-01
5.459910e-01	1.031206e-01	4.348690e-01
6.002730e-01	6.177483e-02	3.880778e-01
5.542293e-01	3.207345e-02	4.574434e-01
5.909458e-01	3.156250e-02	3.988757e-01
