5.390362e-01	7.413152e-01	-2.956733e-01
5.318629e-01	7.586515e-01	-2.776744e-01
5.279747e-01	7.582165e-01	-2.777389e-01
5.236388e-01	7.573752e-01	-2.777523e-01
5.444455e-01	7.594366e-01	-2.797318e-01
5.486740e-01	7.595755e-01	-2.798361e-01
5.528564e-01	7.595745e-01	-2.798725e-01
5.194701e-01	7.472035e-01	-1.672143e-01
5.588029e-01	7.522575e-01	-1.746622e-01
5.315333e-01	7.194099e-01	-2.537709e-01
5.472533e-01	7.206803e-01	-2.560069e-01
4.925311e-01	6.285640e-01	-9.215259e-02
5.886707e-01	6.278892e-01	-1.039303e-01
4.825726e-01	4.904575e-01	-6.566571e-02
5.987970e-01	4.752961e-01	-6.819585e-02
4.763580e-01	3.636732e-01	-1.583362e-01
6.030118e-01	3.480651e-01	-1.553058e-01
4.724594e-01	3.214115e-01	-1.903574e-01
6.058827e-01	3.057346e-01	-1.861378e-01
4.780090e-01	3.179179e-01	-2.223095e-01
6.021717e-01	3.071656e-01	-2.217338e-01
4.831411e-01	3.327767e-01	-1.733443e-01
5.972867e-01	3.240697e-01	-1.713597e-01
5.129248e-01	3.600086e-01	-1.185802e-03
5.684412e-01	3.605022e-01	1.265697e-03
5.051823e-01	1.607369e-01	-2.524364e-02
5.767000e-01	1.653049e-01	-4.971281e-03
5.036444e-01	-5.482137e-03	1.551048e-01
5.751950e-01	-1.138538e-03	1.582462e-01
5.069128e-01	-2.384540e-02	1.656575e-01
5.718615e-01	-1.441401e-02	1.677130e-01
5.024259e-01	-5.620700e-02	3.935428e-02
5.805119e-01	-4.579350e-02	3.185649e-02
5.390664e-01	7.426431e-01	-3.200438e-01
5.320657e-01	7.605804e-01	-3.029711e-01
5.279973e-01	7.601272e-01	-3.030306e-01
5.238339e-01	7.592631e-01	-3.030433e-01
5.446854e-01	7.610096e-01	-3.023052e-01
5.490036e-01	7.609535e-01	-3.024231e-01
5.532644e-01	7.605408e-01	-3.024901e-01
5.195808e-01	7.490184e-01	-1.962865e-01
5.590352e-01	7.521953e-01	-1.925372e-01
5.315339e-01	7.205276e-01	-2.795703e-01
5.472551e-01	7.209811e-01	-2.783898e-01
4.918584e-01	6.285471e-01	-1.318525e-01
5.891217e-01	6.274551e-01	-1.163819e-01
4.779462e-01	4.785104e-01	-1.023350e-01
5.969473e-01	4.715266e-01	-7.608711e-02
4.768938e-01	3.253824e-01	-1.711236e-01
6.028475e-01	3.373482e-01	-1.556760e-01
4.727173e-01	2.886851e-01	-2.002550e-01
6.055781e-01	2.974171e-01	-1.863606e-01
4.804608e-01	2.816363e-01	-2.305584e-01
6.021249e-01	2.946999e-01	-2.214944e-01
4.857874e-01	2.977409e-01	-1.852401e-01
5.971829e-01	3.103603e-01	-1.717337e-01
5.117291e-01	3.533806e-01	-5.235644e-03
5.681561e-01	3.526535e-01	5.305701e-03
5.043164e-01	1.552710e-01	-1.311249e-02
5.782030e-01	1.571712e-01	1.191504e-02
5.012528e-01	-3.195448e-03	1.938014e-01
5.764180e-01	-3.054567e-03	1.757540e-01
5.040491e-01	-1.374984e-02	2.079575e-01
5.718623e-01	-1.477498e-02	1.845952e-01
5.019207e-01	-5.504519e-02	9.695758e-02
5.905256e-01	-6.997392e-02	5.582521e-02
5.391189e-01	7.430066e-01	-3.176288e-01
5.322497e-01	7.613045e-01	-3.002861e-01
5.280282e-01	7.608403e-01	-3.003265e-01
5.239965e-01	7.599112e-01	-3.003115e-01
5.448900e-01	7.616777e-01	-2.960013e-01
5.492907e-01	7.616248e-01	-2.961132e-01
5.535976e-01	7.610722e-01	-2.961850e-01
5.197628e-01	7.497663e-01	-1.895000e-01
5.593667e-01	7.521872e-01	-1.854703e-01
5.315971e-01	7.208750e-01	-2.762487e-01
5.472918e-01	7.210504e-01	-2.757211e-01
4.919139e-01	6.283662e-01	-1.211192e-01
5.898195e-01	6.274324e-01	-1.113430e-01
4.776928e-01	4.743879e-01	-9.490715e-02
5.973468e-01	4.715919e-01	-7.384370e-02
4.772397e-01	3.238730e-01	-1.690610e-01
6.057080e-01	3.380402e-01	-1.518123e-01
4.728750e-01	2.844506e-01	-2.000711e-01
6.089709e-01	2.976701e-01	-1.822557e-01
4.822210e-01	2.776887e-01	-2.296526e-01
6.047091e-01	2.960443e-01	-2.156816e-01
4.874110e-01	2.937745e-01	-1.835029e-01
6.003482e-01	3.119893e-01	-1.679840e-01
5.117308e-01	3.528582e-01	-5.858392e-03
5.681676e-01	3.522922e-01	5.929924e-03
5.038699e-01	1.550106e-01	-1.055449e-02
5.783747e-01	1.562321e-01	1.122296e-02
5.005919e-01	-2.076069e-03	1.812561e-01
5.772024e-01	-4.516924e-03	1.596561e-01
5.030286e-01	-1.173377e-02	1.939209e-01
5.718677e-01	-1.564120e-02	1.654949e-01
5.017949e-01	-5.269030e-02	7.627098e-02
5.946043e-01	-7.383710e-02	4.300930e-02
5.393477e-01	7.430557e-01	-2.722064e-01
5.325252e-01	7.614874e-01	-2.529698e-01
5.281581e-01	7.609931e-01	-2.530242e-01
5.242189e-01	7.599782e-01	-2.530108e-01
5.451874e-01	7.619508e-01	-2.530032e-01
5.497338e-01	7.619383e-01	-2.531108e-01
5.540392e-01	7.613506e-01	-2.531633e-01
5.201297e-01	7.497764e-01	-1.458278e-01
5.599460e-01	7.521521e-01	-1.469937e-01
5.318767e-01	7.208838e-01	-2.327868e-01
5.475668e-01	7.210516e-01	-2.331004e-01
4.930591e-01	6.285183e-01	-8.814994e-02
5.907513e-01	6.275058e-01	-8.301453e-02
4.773873e-01	4.798549e-01	-6.595777e-02
5.984528e-01	4.729982e-01	-5.380245e-02
4.744178e-01	3.497918e-01	-1.451327e-01
6.095755e-01	3.397511e-01	-1.443044e-01
4.701146e-01	3.042136e-01	-1.748436e-01
6.143120e-01	2.987683e-01	-1.771473e-01
4.771295e-01	3.013703e-01	-2.066997e-01
6.093420e-01	2.966764e-01	-2.109819e-01
4.830585e-01	3.156157e-01	-1.606283e-01
6.045089e-01	3.129928e-01	-1.613915e-01
5.118225e-01	3.531572e-01	-5.621960e-03
5.684819e-01	3.526740e-01	5.692869e-03
5.037142e-01	1.550660e-01	-1.135508e-02
5.788894e-01	1.549341e-01	8.968378e-03
5.001536e-01	7.287849e-04	1.717836e-01
5.777458e-01	-6.105031e-03	1.399412e-01
5.021244e-01	-8.522425e-03	1.817784e-01
5.719704e-01	-1.627651e-02	1.452778e-01
5.020142e-01	-5.104411e-02	6.676322e-02
5.928065e-01	-7.946195e-02	1.550831e-02
5.407852e-01	7.429884e-01	-2.730296e-01
5.336727e-01	7.614796e-01	-2.555721e-01
5.295064e-01	7.609900e-01	-2.555998e-01
5.251236e-01	7.599632e-01	-2.555825e-01
5.464057e-01	7.620291e-01	-2.569040e-01
5.511976e-01	7.620102e-01	-2.570137e-01
5.551585e-01	7.614850e-01	-2.570442e-01
5.213333e-01	7.497842e-01	-1.522973e-01
5.611812e-01	7.521495e-01	-1.556968e-01
5.331868e-01	7.208192e-01	-2.353768e-01
5.489444e-01	7.210258e-01	-2.369434e-01
4.945429e-01	6.288451e-01	-9.039676e-02
5.921443e-01	6.279973e-01	-8.896373e-02
4.760810e-01	4.832790e-01	-6.539433e-02
5.998237e-01	4.745409e-01	-5.475321e-02
4.693529e-01	3.620307e-01	-1.441962e-01
6.143230e-01	3.483378e-01	-1.453805e-01
4.654098e-01	3.151471e-01	-1.727861e-01
6.195240e-01	3.102255e-01	-1.775458e-01
4.707757e-01	3.126973e-01	-2.057544e-01
6.176261e-01	3.043769e-01	-2.122800e-01
4.761125e-01	3.266245e-01	-1.599258e-01
6.125661e-01	3.186050e-01	-1.626925e-01
5.118283e-01	3.533812e-01	-5.539454e-03
5.685872e-01	3.527395e-01	5.611279e-03
5.037183e-01	1.552468e-01	-9.097176e-03
5.797449e-01	1.537196e-01	8.493090e-03
5.001516e-01	1.831352e-03	1.751311e-01
5.786837e-01	-7.029464e-03	1.442710e-01
5.021672e-01	-7.025765e-03	1.860761e-01
5.730194e-01	-1.627628e-02	1.507700e-01
5.017421e-01	-4.990875e-02	6.856405e-02
5.924523e-01	-7.945042e-02	1.853601e-02
5.418820e-01	7.430127e-01	-2.642558e-01
5.347320e-01	7.616249e-01	-2.450904e-01
5.307452e-01	7.611808e-01	-2.451362e-01
5.261599e-01	7.601399e-01	-2.451192e-01
5.475518e-01	7.622364e-01	-2.459691e-01
5.524508e-01	7.621756e-01	-2.460762e-01
5.562196e-01	7.616910e-01	-2.461195e-01
5.226201e-01	7.501094e-01	-1.362168e-01
5.621973e-01	7.522058e-01	-1.390891e-01
5.342752e-01	7.209046e-01	-2.242077e-01
5.500991e-01	7.210566e-01	-2.250571e-01
4.966975e-01	6.299863e-01	-7.363392e-02
5.936184e-01	6.304086e-01	-7.335405e-02
4.762911e-01	4.891018e-01	-4.860147e-02
6.018874e-01	4.815430e-01	-4.371753e-02
4.664214e-01	3.738184e-01	-1.360699e-01
6.207811e-01	3.608775e-01	-1.437763e-01
4.611661e-01	3.311652e-01	-1.648165e-01
6.268598e-01	3.234591e-01	-1.769530e-01
4.627920e-01	3.295951e-01	-2.000495e-01
6.265768e-01	3.209460e-01	-2.130234e-01
4.697942e-01	3.427335e-01	-1.530559e-01
6.217887e-01	3.327424e-01	-1.623392e-01
5.132170e-01	3.553901e-01	-4.485876e-03
5.699172e-01	3.539630e-01	4.581169e-03
5.043901e-01	1.583275e-01	-1.063477e-02
5.807390e-01	1.546156e-01	-4.804179e-03
5.005450e-01	3.808927e-03	1.658895e-01
5.794289e-01	-6.995101e-03	1.266137e-01
5.022994e-01	-4.893495e-03	1.756178e-01
5.739144e-01	-1.528046e-02	1.317357e-01
5.017455e-01	-4.331392e-02	6.118149e-02
5.922693e-01	-7.739147e-02	-1.840309e-03
5.426418e-01	7.432414e-01	-2.328484e-01
5.354895e-01	7.620533e-01	-2.122954e-01
5.314895e-01	7.616488e-01	-2.123335e-01
5.268903e-01	7.605798e-01	-2.122948e-01
5.484185e-01	7.627240e-01	-2.127721e-01
5.533534e-01	7.626279e-01	-2.128539e-01
5.571157e-01	7.621884e-01	-2.128783e-01
5.233010e-01	7.506793e-01	-1.009350e-01
5.629896e-01	7.525416e-01	-1.020329e-01
5.350251e-01	7.211252e-01	-1.924028e-01
5.509366e-01	7.212398e-01	-1.926391e-01
4.973712e-01	6.314411e-01	-4.253617e-02
5.940126e-01	6.324202e-01	-3.808864e-02
4.765006e-01	4.948659e-01	-3.345207e-02
6.053272e-01	4.896862e-01	-1.070912e-02
4.626889e-01	3.895820e-01	-1.409083e-01
6.301777e-01	3.775724e-01	-1.198273e-01
4.550897e-01	3.484991e-01	-1.691171e-01
6.397632e-01	3.376805e-01	-1.557419e-01
4.581372e-01	3.477869e-01	-2.002763e-01
6.402882e-01	3.366591e-01	-1.930929e-01
4.658121e-01	3.621517e-01	-1.567072e-01
6.345018e-01	3.489616e-01	-1.391591e-01
5.140262e-01	3.572199e-01	-4.379514e-03
5.705197e-01	3.544245e-01	4.492129e-03
5.046008e-01	1.595438e-01	-2.228910e-02
5.811297e-01	1.549521e-01	-1.721736e-02
5.006582e-01	4.579787e-03	1.569637e-01
5.798151e-01	-6.902785e-03	1.186312e-01
5.023906e-01	-4.272725e-03	1.673404e-01
5.743089e-01	-1.485263e-02	1.240288e-01
5.019597e-01	-4.126132e-02	5.248912e-02
5.917528e-01	-7.665692e-02	-9.670375e-03
5.427973e-01	7.433857e-01	-2.118361e-01
5.357395e-01	7.622984e-01	-1.902073e-01
5.316541e-01	7.618737e-01	-1.902618e-01
5.272055e-01	7.607555e-01	-1.902343e-01
5.485778e-01	7.630907e-01	-1.912843e-01
5.534723e-01	7.630846e-01	-1.913514e-01
5.573415e-01	7.626643e-01	-1.913665e-01
5.237570e-01	7.511314e-01	-7.629474e-02
5.632384e-01	7.530986e-01	-8.037014e-02
5.354062e-01	7.213157e-01	-1.707367e-01
5.511727e-01	7.215046e-01	-1.718067e-01
4.985292e-01	6.356066e-01	-2.401652e-02
5.940571e-01	6.361336e-01	-1.796835e-02
4.765957e-01	5.090002e-01	-2.706984e-02
6.105636e-01	5.001163e-01	1.721708e-03
4.564062e-01	4.047163e-01	-1.428349e-01
6.407412e-01	3.960047e-01	-1.142650e-01
4.482797e-01	3.666253e-01	-1.775899e-01
6.520056e-01	3.614518e-01	-1.522352e-01
4.492624e-01	3.705725e-01	-2.133379e-01
6.535159e-01	3.603893e-01	-1.902621e-01
4.564226e-01	3.793092e-01	-1.621589e-01
6.467801e-01	3.689163e-01	-1.345393e-01
5.145776e-01	3.596484e-01	-4.321376e-03
5.705054e-01	3.564076e-01	4.440753e-03
5.052425e-01	1.612084e-01	-2.914789e-02
5.810571e-01	1.553186e-01	-2.243313e-02
5.012873e-01	4.649129e-03	1.507141e-01
5.802428e-01	-6.574557e-03	1.155368e-01
5.029926e-01	-4.611072e-03	1.614174e-01
5.756198e-01	-1.438568e-02	1.208479e-01
5.023834e-01	-3.962626e-02	4.688778e-02
5.904204e-01	-6.053388e-02	-1.222116e-02
5.428936e-01	7.439477e-01	-1.664265e-01
5.358887e-01	7.629133e-01	-1.442576e-01
5.317141e-01	7.623632e-01	-1.443194e-01
5.274152e-01	7.611303e-01	-1.442911e-01
5.486842e-01	7.639337e-01	-1.456542e-01
5.535432e-01	7.640377e-01	-1.456951e-01
5.575220e-01	7.636646e-01	-1.456800e-01
5.240350e-01	7.516406e-01	-3.293325e-02
5.634948e-01	7.539951e-01	-3.833950e-02
5.357319e-01	7.218448e-01	-1.265624e-01
5.514103e-01	7.222116e-01	-1.280198e-01
5.000395e-01	6.395152e-01	8.442581e-03
5.942022e-01	6.383700e-01	1.834172e-02
4.757454e-01	5.240949e-01	-1.548350e-02
6.158223e-01	5.074347e-01	3.427700e-02
4.530482e-01	4.258654e-01	-1.577081e-01
6.470596e-01	4.132740e-01	-8.466563e-02
4.439216e-01	3.928822e-01	-1.989184e-01
6.582028e-01	3.768548e-01	-1.248099e-01
4.440249e-01	3.932194e-01	-2.327809e-01
6.589230e-01	3.759904e-01	-1.613441e-01
4.522689e-01	4.074501e-01	-1.768822e-01
6.524474e-01	3.873025e-01	-1.044315e-01
5.151066e-01	3.612170e-01	-5.082836e-03
5.705775e-01	3.574000e-01	5.252556e-03
5.066032e-01	1.619491e-01	-4.616681e-02
5.814501e-01	1.554872e-01	-2.644298e-02
5.029693e-01	4.336280e-03	1.393820e-01
5.807949e-01	-4.758273e-03	1.183950e-01
5.058359e-01	-4.722012e-03	1.507656e-01
5.763128e-01	-1.278257e-02	1.245369e-01
5.033717e-01	-4.144193e-02	3.670826e-02
5.902343e-01	-4.994859e-02	-6.312928e-03
5.430500e-01	7.445254e-01	-1.442963e-01
5.362158e-01	7.636030e-01	-1.226218e-01
5.320238e-01	7.629631e-01	-1.226954e-01
5.278333e-01	7.616637e-01	-1.226644e-01
5.488032e-01	7.648855e-01	-1.248169e-01
5.535742e-01	7.651520e-01	-1.248336e-01
5.576220e-01	7.648464e-01	-1.248058e-01
5.246032e-01	7.527872e-01	-1.053238e-02
5.635625e-01	7.555321e-01	-1.926957e-02
5.361871e-01	7.226791e-01	-1.037536e-01
5.515393e-01	7.233773e-01	-1.061244e-01
5.012537e-01	6.436235e-01	3.093562e-02
5.945629e-01	6.443435e-01	3.676206e-02
4.743891e-01	5.338400e-01	-1.685520e-02
6.224812e-01	5.242760e-01	5.128425e-02
4.533571e-01	4.787133e-01	-2.009567e-01
6.585169e-01	4.355271e-01	-6.341664e-02
4.406826e-01	4.479602e-01	-2.456429e-01
6.721686e-01	4.013315e-01	-1.014477e-01
4.426008e-01	4.496914e-01	-2.762557e-01
6.731802e-01	4.039496e-01	-1.377681e-01
4.507011e-01	4.713860e-01	-2.194885e-01
6.668379e-01	4.146498e-01	-8.284876e-02
5.156124e-01	3.641354e-01	-5.009677e-03
5.709471e-01	3.599749e-01	5.178139e-03
5.073527e-01	1.631427e-01	-4.738330e-02
5.813975e-01	1.577893e-01	-2.603108e-02
5.034459e-01	4.271642e-03	1.253218e-01
5.813030e-01	-4.063930e-04	1.185141e-01
5.070694e-01	-5.196452e-03	1.358283e-01
5.773371e-01	-7.371887e-03	1.250536e-01
5.034592e-01	-4.141482e-02	2.271930e-02
5.884996e-01	-4.022437e-02	-3.167700e-03
5.435329e-01	7.449541e-01	-1.564533e-01
5.369078e-01	7.643113e-01	-1.355375e-01
5.327575e-01	7.636656e-01	-1.356097e-01
5.285138e-01	7.623824e-01	-1.355934e-01
5.492065e-01	7.656823e-01	-1.365808e-01
5.538750e-01	7.659771e-01	-1.366049e-01
5.579371e-01	7.655581e-01	-1.365993e-01
5.252150e-01	7.538903e-01	-2.431803e-02
5.637929e-01	7.561368e-01	-2.806088e-02
5.367912e-01	7.233668e-01	-1.160247e-01
5.518370e-01	7.240846e-01	-1.169505e-01
5.020474e-01	6.443304e-01	2.102741e-02
5.948801e-01	6.482632e-01	2.921387e-02
4.716829e-01	5.366642e-01	-2.294105e-02
6.296661e-01	5.368812e-01	4.502574e-02
4.435080e-01	4.952409e-01	-2.117043e-01
6.662402e-01	4.555900e-01	-6.684604e-02
4.299682e-01	4.740147e-01	-2.549330e-01
6.827691e-01	4.282216e-01	-1.030456e-01
4.280115e-01	4.741813e-01	-2.865696e-01
6.838096e-01	4.306631e-01	-1.386958e-01
4.388680e-01	4.919659e-01	-2.307329e-01
6.765209e-01	4.395654e-01	-8.628149e-02
5.162012e-01	3.648583e-01	-4.993984e-03
5.713563e-01	3.608440e-01	5.173297e-03
5.075741e-01	1.639908e-01	-4.147056e-02
5.816965e-01	1.599989e-01	-2.399064e-02
5.041445e-01	4.354940e-03	1.330431e-01
5.821151e-01	1.528520e-03	1.242429e-01
5.081167e-01	-5.573188e-03	1.417813e-01
5.780349e-01	-5.364145e-03	1.322268e-01
5.045414e-01	-4.054317e-02	3.350585e-02
5.882317e-01	-3.844202e-02	9.998800e-03
5.436428e-01	7.453290e-01	-1.312538e-01
5.371171e-01	7.649140e-01	-1.110414e-01
5.328646e-01	7.642024e-01	-1.111161e-01
5.287663e-01	7.630087e-01	-1.110934e-01
5.493155e-01	7.664403e-01	-1.128155e-01
5.539064e-01	7.668087e-01	-1.128212e-01
5.580562e-01	7.663476e-01	-1.127733e-01
5.255195e-01	7.548063e-01	-4.455481e-03
5.638744e-01	7.568694e-01	-1.198006e-02
5.370669e-01	7.240067e-01	-9.258866e-02
5.519212e-01	7.247167e-01	-9.458558e-02
5.025269e-01	6.462107e-01	3.212578e-02
5.952629e-01	6.508821e-01	4.128633e-02
4.700902e-01	5.591899e-01	-1.161051e-02
6.370925e-01	5.493476e-01	4.974544e-02
4.385131e-01	5.178522e-01	-1.936519e-01
6.735321e-01	4.791942e-01	-5.935792e-02
4.228243e-01	5.010724e-01	-2.339767e-01
6.899846e-01	4.547332e-01	-9.487893e-02
4.232477e-01	5.099167e-01	-2.667252e-01
6.897970e-01	4.584435e-01	-1.303408e-01
4.313272e-01	5.149937e-01	-2.122069e-01
6.816435e-01	4.655923e-01	-7.898183e-02
5.165153e-01	3.656307e-01	-5.029505e-03
5.713160e-01	3.621268e-01	5.224117e-03
5.080194e-01	1.645163e-01	-4.798305e-02
5.816728e-01	1.621892e-01	-2.334591e-02
5.045687e-01	4.265583e-03	1.211929e-01
5.822908e-01	2.814804e-03	1.214781e-01
5.087317e-01	-6.244251e-03	1.313900e-01
5.782049e-01	-4.347123e-03	1.287040e-01
5.049317e-01	-4.081844e-02	2.183264e-02
5.879187e-01	-3.666408e-02	7.456578e-03
5.439488e-01	7.450923e-01	-1.585610e-01
5.374663e-01	7.646833e-01	-1.384104e-01
5.332068e-01	7.639582e-01	-1.384836e-01
5.292915e-01	7.629446e-01	-1.384646e-01
5.495151e-01	7.663612e-01	-1.401986e-01
5.540090e-01	7.667683e-01	-1.402172e-01
5.582792e-01	7.663135e-01	-1.401978e-01
5.260649e-01	7.549264e-01	-2.685628e-02
5.641229e-01	7.570508e-01	-3.432451e-02
5.376720e-01	7.239824e-01	-1.176031e-01
5.522228e-01	7.247031e-01	-1.195583e-01
5.027338e-01	6.479277e-01	2.071130e-02
5.964435e-01	6.533528e-01	2.392401e-02
4.645084e-01	5.624594e-01	-1.642109e-02
6.427544e-01	5.619542e-01	2.811428e-02
4.231049e-01	5.358163e-01	-2.299217e-01
6.852590e-01	5.030828e-01	-7.463842e-02
4.116491e-01	5.327055e-01	-2.713459e-01
7.037956e-01	4.852273e-01	-1.128429e-01
4.103876e-01	5.405301e-01	-3.014585e-01
7.043267e-01	4.923884e-01	-1.454807e-01
4.196284e-01	5.430123e-01	-2.485976e-01
6.963883e-01	4.969613e-01	-9.861361e-02
5.165897e-01	3.663421e-01	-5.002334e-03
5.713022e-01	3.633024e-01	5.201386e-03
5.081879e-01	1.647405e-01	-4.144382e-02
5.816468e-01	1.643521e-01	-1.509687e-02
5.046116e-01	4.143204e-03	1.291540e-01
5.826111e-01	3.331967e-03	1.288740e-01
5.087522e-01	-6.846641e-03	1.396028e-01
5.783456e-01	-4.000960e-03	1.362061e-01
5.051029e-01	-4.105077e-02	2.435395e-02
5.874982e-01	-3.759453e-02	1.589362e-02
5.439302e-01	7.438413e-01	-1.567717e-01
5.375594e-01	7.634482e-01	-1.380748e-01
5.333106e-01	7.629668e-01	-1.381398e-01
5.296038e-01	7.622787e-01	-1.381100e-01
5.495316e-01	7.649481e-01	-1.406749e-01
5.539895e-01	7.653785e-01	-1.407055e-01
5.582815e-01	7.652375e-01	-1.407258e-01
5.264052e-01	7.548965e-01	-2.881527e-02
5.645019e-01	7.570361e-01	-3.884582e-02
5.377813e-01	7.232528e-01	-1.160824e-01
5.522096e-01	7.242934e-01	-1.186992e-01
5.035584e-01	6.503063e-01	2.270922e-02
5.976706e-01	6.550919e-01	1.831927e-02
4.647679e-01	5.862530e-01	-1.990747e-02
6.446470e-01	5.762115e-01	3.173427e-02
4.318808e-01	5.752169e-01	-2.187386e-01
6.976876e-01	5.336410e-01	-5.943275e-02
4.143887e-01	5.721360e-01	-2.560790e-01
7.198179e-01	5.211006e-01	-8.937190e-02
4.205127e-01	5.759956e-01	-2.859740e-01
7.206082e-01	5.303900e-01	-1.271297e-01
4.308975e-01	5.779386e-01	-2.376357e-01
7.117616e-01	5.312102e-01	-8.055900e-02
5.165589e-01	3.662324e-01	-4.267783e-03
5.711631e-01	3.632689e-01	4.470747e-03
5.080341e-01	1.654241e-01	-2.580864e-02
5.811336e-01	1.643854e-01	-1.114610e-02
5.046566e-01	4.196592e-03	1.332050e-01
5.825620e-01	3.185209e-03	1.282739e-01
5.090630e-01	-7.057956e-03	1.427907e-01
5.782633e-01	-4.321101e-03	1.353042e-01
5.050901e-01	-4.039049e-02	3.432436e-02
5.870197e-01	-3.892322e-02	1.383776e-02
5.439106e-01	7.430318e-01	-1.662509e-01
5.375631e-01	7.627409e-01	-1.474061e-01
5.333105e-01	7.623231e-01	-1.474750e-01
5.297083e-01	7.617542e-01	-1.474474e-01
5.495620e-01	7.641897e-01	-1.494954e-01
5.539845e-01	7.646177e-01	-1.495233e-01
5.583048e-01	7.646127e-01	-1.495516e-01
5.263609e-01	7.547438e-01	-3.711690e-02
5.647947e-01	7.570114e-01	-4.489777e-02
5.377484e-01	7.222794e-01	-1.251278e-01
5.522249e-01	7.239289e-01	-1.271801e-01
5.036210e-01	6.518492e-01	1.053581e-02
5.982737e-01	6.566505e-01	1.373963e-02
4.669494e-01	5.916651e-01	-9.985568e-02
6.538398e-01	5.838089e-01	1.585712e-02
4.327164e-01	5.861849e-01	-3.463633e-01
7.160306e-01	5.717953e-01	-9.088329e-02
4.212243e-01	5.882406e-01	-3.918511e-01
7.372620e-01	5.663174e-01	-1.224541e-01
4.230817e-01	5.979303e-01	-4.192688e-01
7.376957e-01	5.764721e-01	-1.521026e-01
4.332425e-01	5.965776e-01	-3.659673e-01
7.296013e-01	5.758997e-01	-1.103279e-01
5.165442e-01	3.661723e-01	-4.254077e-03
5.712506e-01	3.631926e-01	4.456770e-03
5.076436e-01	1.653951e-01	-2.467901e-02
5.804368e-01	1.644676e-01	2.134070e-05
5.045943e-01	4.109631e-03	1.356235e-01
5.827198e-01	3.825613e-03	1.438198e-01
5.089966e-01	-7.492431e-03	1.456872e-01
5.784503e-01	-4.292537e-03	1.515104e-01
5.043595e-01	-4.007953e-02	3.517593e-02
5.852652e-01	-4.004602e-02	2.727488e-02
5.438660e-01	7.428976e-01	-1.702005e-01
5.375453e-01	7.625735e-01	-1.505018e-01
5.332930e-01	7.621751e-01	-1.505628e-01
5.297450e-01	7.616866e-01	-1.505314e-01
5.495524e-01	7.639487e-01	-1.518702e-01
5.539724e-01	7.643237e-01	-1.518994e-01
5.582930e-01	7.643786e-01	-1.518934e-01
5.263416e-01	7.547219e-01	-3.676119e-02
5.649038e-01	7.569907e-01	-4.225169e-02
5.377356e-01	7.220575e-01	-1.280142e-01
5.522190e-01	7.238844e-01	-1.295929e-01
5.034450e-01	6.513835e-01	5.647683e-03
5.988930e-01	6.570763e-01	1.897046e-02
4.640360e-01	5.950173e-01	-1.412637e-01
6.623977e-01	5.953030e-01	-2.106327e-02
4.158410e-01	6.162960e-01	-4.101027e-01
7.252043e-01	6.132215e-01	-1.807110e-01
4.063127e-01	6.359540e-01	-4.598959e-01
7.481622e-01	6.143622e-01	-2.191368e-01
4.087375e-01	6.482824e-01	-4.804395e-01
7.476376e-01	6.262091e-01	-2.441079e-01
4.165873e-01	6.389801e-01	-4.271691e-01
7.391618e-01	6.257928e-01	-1.985543e-01
5.165452e-01	3.653099e-01	-4.516103e-03
5.715015e-01	3.629735e-01	4.714711e-03
5.075066e-01	1.645950e-01	-2.482822e-02
5.803627e-01	1.643605e-01	-1.889090e-03
5.043828e-01	1.999058e-03	1.401454e-01
5.835102e-01	3.725158e-03	1.437225e-01
5.089839e-01	-9.424702e-03	1.513703e-01
5.791203e-01	-4.699995e-03	1.514538e-01
5.038959e-01	-4.015992e-02	4.493747e-02
5.851792e-01	-4.020639e-02	2.681752e-02
5.437859e-01	7.423989e-01	-1.801204e-01
5.375117e-01	7.618833e-01	-1.615370e-01
5.332813e-01	7.615560e-01	-1.615712e-01
5.297288e-01	7.612604e-01	-1.615112e-01
5.495456e-01	7.634708e-01	-1.634471e-01
5.539669e-01	7.639167e-01	-1.634940e-01
5.582844e-01	7.641169e-01	-1.634924e-01
5.263082e-01	7.546985e-01	-4.527506e-02
5.650004e-01	7.569724e-01	-5.463802e-02
5.376909e-01	7.215853e-01	-1.355954e-01
5.521911e-01	7.237595e-01	-1.384998e-01
5.033985e-01	6.543831e-01	-4.677536e-03
5.995765e-01	6.583836e-01	3.478418e-03
4.583467e-01	6.074578e-01	-1.600160e-01
6.651930e-01	6.160667e-01	-5.057862e-02
4.088959e-01	6.565548e-01	-4.240985e-01
7.294706e-01	6.545915e-01	-1.953936e-01
4.001451e-01	6.858689e-01	-4.732274e-01
7.527592e-01	6.588112e-01	-2.314256e-01
4.031414e-01	6.947528e-01	-4.897897e-01
7.521622e-01	6.724409e-01	-2.555534e-01
4.093345e-01	6.848841e-01	-4.404505e-01
7.431937e-01	6.714365e-01	-2.126162e-01
5.165289e-01	3.650343e-01	-4.195120e-03
5.715357e-01	3.629415e-01	4.383259e-03
5.073276e-01	1.645663e-01	-1.519919e-02
5.798951e-01	1.643790e-01	2.761282e-03
5.042234e-01	1.746355e-03	1.564683e-01
5.839315e-01	4.352775e-03	1.619778e-01
5.088598e-01	-9.745329e-03	1.678013e-01
5.796279e-01	-4.600033e-03	1.709047e-01
5.035313e-01	-4.020715e-02	5.386432e-02
5.849552e-01	-4.071353e-02	4.278470e-02
5.436417e-01	7.396201e-01	-2.075481e-01
5.374807e-01	7.592849e-01	-1.864720e-01
5.332667e-01	7.591619e-01	-1.865059e-01
5.297382e-01	7.590821e-01	-1.864563e-01
5.495002e-01	7.608612e-01	-1.889795e-01
5.539255e-01	7.615218e-01	-1.890644e-01
5.582469e-01	7.619938e-01	-1.890331e-01
5.263501e-01	7.537141e-01	-6.545382e-02
5.651189e-01	7.563920e-01	-7.796044e-02
5.376786e-01	7.197341e-01	-1.617011e-01
5.520338e-01	7.219582e-01	-1.655461e-01
5.031980e-01	6.554146e-01	-1.217347e-02
6.005397e-01	6.601738e-01	-1.809001e-02
4.432144e-01	6.296173e-01	-1.337136e-01
6.725715e-01	6.399071e-01	-5.299584e-02
4.026617e-01	7.040063e-01	-3.358186e-01
7.314118e-01	6.921785e-01	-1.687963e-01
3.959049e-01	7.426589e-01	-3.773214e-01
7.534376e-01	7.031583e-01	-1.989460e-01
4.007598e-01	7.463216e-01	-3.960060e-01
7.520915e-01	7.177542e-01	-2.244091e-01
4.051638e-01	7.397887e-01	-3.494900e-01
7.419596e-01	7.139907e-01	-1.848843e-01
5.166241e-01	3.646381e-01	-4.050368e-03
5.715808e-01	3.627961e-01	4.241891e-03
5.072967e-01	1.644512e-01	-7.185093e-03
5.796651e-01	1.635862e-01	2.469756e-03
5.040759e-01	1.849582e-03	1.742786e-01
5.839139e-01	4.265132e-03	1.603855e-01
5.088197e-01	-9.592889e-03	1.866388e-01
5.795712e-01	-4.680542e-03	1.690224e-01
5.033210e-01	-4.012828e-02	7.584402e-02
5.849546e-01	-4.146802e-02	4.163671e-02
5.436277e-01	7.360737e-01	-2.151659e-01
5.375000e-01	7.572387e-01	-1.935008e-01
5.332717e-01	7.571024e-01	-1.935460e-01
5.297879e-01	7.570117e-01	-1.935137e-01
5.495948e-01	7.584477e-01	-1.952491e-01
5.539846e-01	7.590107e-01	-1.953464e-01
5.583231e-01	7.594574e-01	-1.953067e-01
5.263281e-01	7.524529e-01	-7.456379e-02
5.653024e-01	7.552151e-01	-8.280933e-02
5.376465e-01	7.177919e-01	-1.704248e-01
5.520280e-01	7.198598e-01	-1.730199e-01
5.018946e-01	6.598121e-01	-1.999426e-02
6.008374e-01	6.637542e-01	-2.003027e-02
4.278042e-01	6.693848e-01	-1.128337e-01
6.741048e-01	6.605133e-01	-4.054030e-02
3.996436e-01	7.814639e-01	-2.392050e-01
7.289506e-01	7.339845e-01	-1.620894e-01
3.928715e-01	8.455698e-01	-2.690066e-01
7.511144e-01	7.505670e-01	-1.724343e-01
3.998581e-01	8.742340e-01	-2.685570e-01
7.500666e-01	7.623270e-01	-1.893608e-01
4.054986e-01	8.455738e-01	-2.463325e-01
7.400548e-01	7.570387e-01	-1.772057e-01
5.167631e-01	3.643037e-01	-5.467973e-03
5.716627e-01	3.626911e-01	5.660580e-03
5.071383e-01	1.644310e-01	-6.007062e-03
5.792762e-01	1.631877e-01	7.576522e-03
5.035791e-01	1.982651e-03	1.699983e-01
5.838736e-01	4.162027e-03	1.648914e-01
5.077530e-01	-9.398483e-03	1.814966e-01
5.795091e-01	-4.724957e-03	1.735929e-01
5.033437e-01	-4.053700e-02	6.805685e-02
5.850405e-01	-4.180560e-02	4.755617e-02
5.437182e-01	7.339798e-01	-2.131625e-01
5.377773e-01	7.557098e-01	-1.906242e-01
5.334461e-01	7.556190e-01	-1.906837e-01
5.299901e-01	7.555774e-01	-1.906549e-01
5.498329e-01	7.572203e-01	-1.933160e-01
5.541221e-01	7.579838e-01	-1.934183e-01
5.584961e-01	7.585672e-01	-1.933785e-01
5.263953e-01	7.514961e-01	-7.151559e-02
5.656590e-01	7.546445e-01	-8.239616e-02
5.378135e-01	7.164963e-01	-1.685123e-01
5.520457e-01	7.187480e-01	-1.720848e-01
5.018725e-01	6.648901e-01	-1.839136e-02
6.014204e-01	6.663897e-01	-2.679393e-02
4.302347e-01	6.960527e-01	-1.049696e-01
6.728569e-01	6.769295e-01	-6.024680e-02
4.047802e-01	7.947914e-01	-2.297479e-01
7.249761e-01	7.730332e-01	-1.588062e-01
3.963326e-01	8.506469e-01	-2.629432e-01
7.453092e-01	7.919511e-01	-1.819116e-01
4.031280e-01	8.547050e-01	-2.653335e-01
7.439004e-01	8.034788e-01	-1.976184e-01
4.092559e-01	8.292888e-01	-2.387709e-01
7.341071e-01	7.964956e-01	-1.730527e-01
5.167561e-01	3.642631e-01	-5.128429e-03
5.718618e-01	3.626515e-01	5.327209e-03
5.069114e-01	1.644188e-01	-5.221638e-03
5.792755e-01	1.629821e-01	5.146564e-03
5.032338e-01	-3.074523e-04	1.679347e-01
5.839046e-01	4.169603e-03	1.614601e-01
5.075067e-01	-1.124406e-02	1.789091e-01
5.795703e-01	-4.362899e-03	1.701439e-01
5.030080e-01	-4.481702e-02	6.363843e-02
5.850534e-01	-4.195561e-02	4.276612e-02
5.440921e-01	7.294883e-01	-2.290032e-01
5.382238e-01	7.514344e-01	-2.043773e-01
5.338506e-01	7.516814e-01	-2.044658e-01
5.302802e-01	7.519654e-01	-2.044590e-01
5.503531e-01	7.531013e-01	-2.085916e-01
5.546071e-01	7.544941e-01	-2.087009e-01
5.590786e-01	7.558451e-01	-2.086697e-01
5.265383e-01	7.499558e-01	-7.544415e-02
5.661815e-01	7.536561e-01	-9.267299e-02
5.381145e-01	7.125708e-01	-1.803185e-01
5.522790e-01	7.141981e-01	-1.857755e-01
5.021553e-01	6.684140e-01	-1.736777e-02
6.021149e-01	6.697140e-01	-3.246456e-02
4.255898e-01	7.319262e-01	-8.085169e-02
6.771182e-01	7.024995e-01	-6.751607e-02
4.081711e-01	8.593242e-01	-1.793093e-01
7.244036e-01	8.084623e-01	-1.687241e-01
4.000014e-01	8.996748e-01	-2.114977e-01
7.423517e-01	8.317474e-01	-1.957024e-01
4.066367e-01	9.014375e-01	-2.122767e-01
7.402331e-01	8.430377e-01	-2.114508e-01
4.131384e-01	8.928539e-01	-1.876663e-01
7.317356e-01	8.353195e-01	-1.822555e-01
5.167726e-01	3.641291e-01	-4.764686e-03
5.719043e-01	3.626067e-01	4.964190e-03
5.063161e-01	1.642914e-01	-6.092968e-03
5.793278e-01	1.622840e-01	4.522261e-03
5.020107e-01	-6.864168e-04	1.713592e-01
5.838358e-01	5.059046e-03	1.740097e-01
5.064952e-01	-1.203497e-02	1.825698e-01
5.795365e-01	-2.723109e-03	1.842007e-01
5.005533e-01	-4.604329e-02	6.406120e-02
5.850533e-01	-3.983055e-02	5.528986e-02
5.447232e-01	7.302788e-01	-2.393981e-01
5.390581e-01	7.519271e-01	-2.145269e-01
5.345830e-01	7.521210e-01	-2.146282e-01
5.307565e-01	7.523157e-01	-2.146306e-01
5.513393e-01	7.533465e-01	-2.180139e-01
5.555439e-01	7.545682e-01	-2.181264e-01
5.599737e-01	7.557080e-01	-2.181033e-01
5.268428e-01	7.499796e-01	-8.356472e-02
5.671099e-01	7.525989e-01	-9.791256e-02
5.383047e-01	7.126967e-01	-1.902442e-01
5.526272e-01	7.137789e-01	-1.946193e-01
5.022515e-01	6.725333e-01	-2.366104e-02
6.024456e-01	6.706425e-01	-3.809538e-02
4.285592e-01	7.527918e-01	-8.110262e-02
6.756215e-01	7.236449e-01	-7.284512e-02
4.107449e-01	8.895320e-01	-1.831558e-01
7.187469e-01	8.364366e-01	-1.773938e-01
4.009696e-01	9.157581e-01	-2.181865e-01
7.369874e-01	8.609547e-01	-2.082530e-01
4.088454e-01	9.179916e-01	-2.206432e-01
7.354420e-01	8.744727e-01	-2.243375e-01
4.148141e-01	9.080041e-01	-1.923795e-01
7.269326e-01	8.658022e-01	-1.914319e-01
5.167706e-01	3.640626e-01	-4.603566e-03
5.720410e-01	3.623992e-01	4.808533e-03
5.063155e-01	1.649333e-01	-2.760075e-03
5.794181e-01	1.605626e-01	3.634347e-03
5.008445e-01	1.771256e-03	1.993614e-01
5.830801e-01	4.274419e-03	1.801269e-01
5.053243e-01	-6.446345e-03	2.131063e-01
5.790066e-01	-2.854319e-03	1.909132e-01
5.003535e-01	-4.359324e-02	9.317110e-02
5.850507e-01	-4.000513e-02	5.814691e-02
5.447661e-01	7.307568e-01	-2.350169e-01
5.390626e-01	7.521585e-01	-2.100980e-01
5.345678e-01	7.523239e-01	-2.102079e-01
5.307445e-01	7.524994e-01	-2.102202e-01
5.514620e-01	7.534485e-01	-2.129276e-01
5.556288e-01	7.545678e-01	-2.130263e-01
5.600408e-01	7.556373e-01	-2.130221e-01
5.268483e-01	7.499737e-01	-8.037583e-02
5.670763e-01	7.520853e-01	-9.200235e-02
5.383054e-01	7.125895e-01	-1.861717e-01
5.526471e-01	7.133653e-01	-1.895026e-01
5.042516e-01	6.746687e-01	-2.566784e-02
6.023362e-01	6.721233e-01	-3.329075e-02
4.359534e-01	7.601979e-01	-7.049285e-02
6.731559e-01	7.410477e-01	-6.811412e-02
4.123541e-01	8.961085e-01	-1.568498e-01
7.170789e-01	8.631967e-01	-1.749998e-01
4.023502e-01	9.221461e-01	-1.918314e-01
7.330662e-01	9.005278e-01	-2.079325e-01
4.096349e-01	9.254112e-01	-2.030077e-01
7.289280e-01	9.132087e-01	-2.250905e-01
4.154385e-01	9.164806e-01	-1.698833e-01
7.218330e-01	9.006398e-01	-1.896839e-01
5.167850e-01	3.635932e-01	-4.751397e-03
5.719070e-01	3.619699e-01	4.962116e-03
5.062956e-01	1.649417e-01	-3.554802e-03
5.795025e-01	1.573514e-01	4.852057e-03
4.999792e-01	1.715698e-03	2.047063e-01
5.816212e-01	3.627677e-03	1.906852e-01
5.044671e-01	-6.457494e-03	2.187841e-01
5.775866e-01	-2.960607e-03	2.020871e-01
5.002576e-01	-4.360153e-02	9.770144e-02
5.851704e-01	-4.196578e-02	6.837942e-02
5.449312e-01	7.307859e-01	-2.692567e-01
5.390803e-01	7.524016e-01	-2.451572e-01
5.345592e-01	7.525304e-01	-2.453066e-01
5.307351e-01	7.526589e-01	-2.453428e-01
5.516459e-01	7.536760e-01	-2.485145e-01
5.558201e-01	7.547144e-01	-2.486211e-01
5.602299e-01	7.556556e-01	-2.486317e-01
5.268800e-01	7.500017e-01	-1.148212e-01
5.672175e-01	7.517491e-01	-1.274307e-01
5.384123e-01	7.122290e-01	-2.195838e-01
5.528929e-01	7.127669e-01	-2.234902e-01
5.051845e-01	6.752125e-01	-6.237920e-02
6.014358e-01	6.746237e-01	-7.339014e-02
4.468743e-01	7.650530e-01	-9.349342e-02
6.708931e-01	7.518615e-01	-1.196265e-01
4.192861e-01	9.031833e-01	-1.831885e-01
7.118529e-01	8.938583e-01	-2.262303e-01
4.079956e-01	9.280189e-01	-2.205351e-01
7.251120e-01	9.333004e-01	-2.636170e-01
4.157635e-01	9.291006e-01	-2.335675e-01
7.207120e-01	9.440939e-01	-2.825225e-01
4.224085e-01	9.222941e-01	-1.969710e-01
7.137716e-01	9.314238e-01	-2.428155e-01
5.167976e-01	3.634617e-01	-2.753849e-03
5.718614e-01	3.619524e-01	2.917588e-03
5.062767e-01	1.649513e-01	6.447478e-03
5.785621e-01	1.567533e-01	8.852215e-03
4.990548e-01	1.817736e-03	2.252082e-01
5.789788e-01	3.610794e-03	2.055663e-01
5.037673e-01	-6.214055e-03	2.404645e-01
5.749713e-01	-2.993169e-03	2.181375e-01
5.002419e-01	-4.360632e-02	1.211065e-01
5.824460e-01	-4.494892e-02	8.480120e-02
5.455112e-01	7.334282e-01	-3.025148e-01
5.392724e-01	7.555641e-01	-2.800284e-01
5.346864e-01	7.556383e-01	-2.801805e-01
5.307747e-01	7.556781e-01	-2.802121e-01
5.519150e-01	7.563046e-01	-2.824754e-01
5.559988e-01	7.568517e-01	-2.825934e-01
5.603272e-01	7.571828e-01	-2.826233e-01
5.269687e-01	7.514709e-01	-1.534184e-01
5.672507e-01	7.517622e-01	-1.613782e-01
5.387758e-01	7.142509e-01	-2.537300e-01
5.533371e-01	7.146803e-01	-2.563578e-01
5.052096e-01	6.789942e-01	-1.026344e-01
5.998027e-01	6.770510e-01	-1.064933e-01
4.543935e-01	7.768966e-01	-1.411383e-01
6.627866e-01	7.678323e-01	-1.526706e-01
4.194440e-01	9.168686e-01	-2.239333e-01
7.031719e-01	9.221700e-01	-2.571245e-01
4.078001e-01	9.423659e-01	-2.645346e-01
7.167773e-01	9.567478e-01	-2.957526e-01
4.157953e-01	9.433011e-01	-2.803422e-01
7.104973e-01	9.693299e-01	-3.158096e-01
4.224494e-01	9.361791e-01	-2.400632e-01
7.041340e-01	9.578534e-01	-2.745987e-01
5.169457e-01	3.651104e-01	-2.763433e-03
5.715345e-01	3.635110e-01	2.924720e-03
5.066901e-01	1.669206e-01	9.804185e-03
5.785988e-01	1.568219e-01	7.796247e-03
4.991317e-01	4.339105e-03	2.383815e-01
5.785897e-01	3.525404e-03	1.986741e-01
5.038238e-01	-4.117065e-03	2.545169e-01
5.743628e-01	-3.060143e-03	2.104035e-01
5.012563e-01	-4.373435e-02	1.337577e-01
5.816035e-01	-4.716287e-02	7.492097e-02
5.461283e-01	7.382268e-01	-3.109048e-01
5.395418e-01	7.590336e-01	-2.901801e-01
5.349097e-01	7.590503e-01	-2.903233e-01
5.308749e-01	7.592065e-01	-2.903469e-01
5.522277e-01	7.596211e-01	-2.923361e-01
5.562772e-01	7.597821e-01	-2.924637e-01
5.605585e-01	7.596235e-01	-2.924868e-01
5.271448e-01	7.546481e-01	-1.716780e-01
5.673701e-01	7.525306e-01	-1.783845e-01
5.391384e-01	7.197390e-01	-2.649941e-01
5.538235e-01	7.199261e-01	-2.673014e-01
5.057986e-01	6.855383e-01	-1.264944e-01
5.983197e-01	6.801794e-01	-1.262020e-01
4.622675e-01	7.925746e-01	-1.713658e-01
6.535316e-01	7.804106e-01	-1.757585e-01
4.231528e-01	9.324852e-01	-2.660684e-01
6.889752e-01	9.353635e-01	-2.743456e-01
4.079468e-01	9.528218e-01	-3.063280e-01
7.010289e-01	9.699086e-01	-3.129408e-01
4.162831e-01	9.546210e-01	-3.233759e-01
6.961793e-01	9.804579e-01	-3.313063e-01
4.227511e-01	9.493133e-01	-2.821229e-01
6.890544e-01	9.691929e-01	-2.909017e-01
5.170857e-01	3.721251e-01	-2.712341e-03
5.712447e-01	3.685277e-01	2.863791e-03
5.068998e-01	1.754459e-01	1.133820e-02
5.786052e-01	1.600128e-01	7.408294e-03
4.991666e-01	1.657182e-02	2.417671e-01
5.779064e-01	5.792684e-03	1.904377e-01
5.038745e-01	8.092966e-03	2.579877e-01
5.742921e-01	-3.392273e-04	2.012612e-01
5.017626e-01	-3.613082e-02	1.380710e-01
5.803624e-01	-4.662843e-02	7.236834e-02
5.468442e-01	7.420508e-01	-3.146650e-01
5.402249e-01	7.613903e-01	-2.957218e-01
5.355646e-01	7.619234e-01	-2.958691e-01
5.312436e-01	7.626029e-01	-2.958830e-01
5.528718e-01	7.607604e-01	-2.958448e-01
5.569133e-01	7.605795e-01	-2.959788e-01
5.611771e-01	7.601407e-01	-2.959777e-01
5.272650e-01	7.591593e-01	-1.829638e-01
5.676763e-01	7.531997e-01	-1.795625e-01
5.392761e-01	7.242634e-01	-2.705818e-01
5.541486e-01	7.234668e-01	-2.699494e-01
5.057487e-01	6.917776e-01	-1.389305e-01
5.958226e-01	6.837450e-01	-1.273357e-01
4.666420e-01	7.946755e-01	-1.909230e-01
6.422445e-01	7.931958e-01	-1.757444e-01
4.277144e-01	9.345503e-01	-2.899681e-01
6.781923e-01	9.462649e-01	-2.711540e-01
4.100478e-01	9.531472e-01	-3.310668e-01
6.908697e-01	9.747431e-01	-3.096847e-01
4.164697e-01	9.568889e-01	-3.478129e-01
6.863064e-01	9.861212e-01	-3.277527e-01
4.241580e-01	9.486591e-01	-3.057684e-01
6.800040e-01	9.717166e-01	-2.878461e-01
5.170752e-01	3.767134e-01	-3.128398e-03
5.712856e-01	3.716750e-01	3.256303e-03
5.069546e-01	1.786676e-01	1.780618e-02
5.787406e-01	1.629090e-01	1.257018e-02
4.992302e-01	1.913935e-02	2.400207e-01
5.764102e-01	8.714657e-03	1.962371e-01
5.039035e-01	9.597142e-03	2.547174e-01
5.719380e-01	1.674330e-03	2.065092e-01
5.020053e-01	-3.546986e-02	1.288580e-01
5.793721e-01	-4.423306e-02	7.009216e-02
5.477382e-01	7.467202e-01	-3.196759e-01
5.412122e-01	7.654999e-01	-3.013136e-01
5.365701e-01	7.662489e-01	-3.014544e-01
5.319935e-01	7.670679e-01	-3.014637e-01
5.538131e-01	7.638136e-01	-3.001037e-01
5.579672e-01	7.631503e-01	-3.002327e-01
5.623930e-01	7.622538e-01	-3.002219e-01
5.279072e-01	7.625835e-01	-1.910008e-01
5.694178e-01	7.545158e-01	-1.812364e-01
5.397542e-01	7.272786e-01	-2.764809e-01
5.549957e-01	7.264615e-01	-2.739712e-01
5.057529e-01	6.931747e-01	-1.517467e-01
5.951647e-01	6.856821e-01	-1.268087e-01
4.721237e-01	8.048894e-01	-2.093242e-01
6.383623e-01	7.962755e-01	-1.713580e-01
4.360402e-01	9.362107e-01	-3.085802e-01
6.723276e-01	9.501413e-01	-2.623103e-01
4.209492e-01	9.581617e-01	-3.504842e-01
6.837398e-01	9.803305e-01	-2.999501e-01
4.247642e-01	9.612036e-01	-3.660280e-01
6.797642e-01	9.872742e-01	-3.174588e-01
4.323335e-01	9.514403e-01	-3.237782e-01
6.734100e-01	9.781028e-01	-2.788464e-01
5.170859e-01	3.779467e-01	-5.253569e-03
5.715272e-01	3.720509e-01	5.341141e-03
5.069495e-01	1.808716e-01	1.407332e-02
5.792202e-01	1.635648e-01	1.604756e-02
4.992549e-01	2.159587e-02	2.466260e-01
5.762911e-01	1.885901e-02	2.160369e-01
5.040009e-01	1.314317e-02	2.627324e-01
5.716592e-01	8.775738e-03	2.280333e-01
5.022835e-01	-3.386967e-02	1.359237e-01
5.793332e-01	-3.994497e-02	9.227179e-02
5.491202e-01	7.504329e-01	-3.080714e-01
5.426677e-01	7.686290e-01	-2.897397e-01
5.380351e-01	7.693655e-01	-2.898745e-01
5.333759e-01	7.701014e-01	-2.898730e-01
5.553138e-01	7.667005e-01	-2.877252e-01
5.597953e-01	7.658635e-01	-2.878397e-01
5.644619e-01	7.647980e-01	-2.878328e-01
5.288646e-01	7.653058e-01	-1.811044e-01
5.714899e-01	7.566255e-01	-1.673009e-01
5.404058e-01	7.295900e-01	-2.656007e-01
5.562392e-01	7.287484e-01	-2.619332e-01
5.057087e-01	6.954097e-01	-1.448373e-01
5.945060e-01	6.915587e-01	-1.163792e-01
4.728368e-01	8.119386e-01	-2.066803e-01
6.340427e-01	8.139299e-01	-1.646529e-01
4.345066e-01	9.419839e-01	-3.078552e-01
6.667843e-01	9.667839e-01	-2.537174e-01
4.198756e-01	9.642138e-01	-3.491905e-01
6.750841e-01	9.952726e-01	-2.910064e-01
4.241880e-01	9.655572e-01	-3.653033e-01
6.713074e-01	9.993685e-01	-3.076543e-01
4.316222e-01	9.572464e-01	-3.234634e-01
6.671651e-01	9.930594e-01	-2.701370e-01
5.173228e-01	3.787520e-01	-8.270781e-03
5.720149e-01	3.720618e-01	8.343717e-03
5.071870e-01	1.809213e-01	1.226949e-02
5.809671e-01	1.634454e-01	1.489864e-02
4.995205e-01	2.602501e-02	2.446440e-01
5.762450e-01	2.237708e-02	2.222472e-01
5.045589e-01	1.712671e-02	2.611060e-01
5.716268e-01	1.123441e-02	2.351172e-01
5.038641e-01	-3.315732e-02	1.331037e-01
5.793813e-01	-3.740898e-02	1.020525e-01
5.496504e-01	7.559728e-01	-2.968409e-01
5.430182e-01	7.736604e-01	-2.764303e-01
5.384194e-01	7.740387e-01	-2.765490e-01
5.337135e-01	7.744102e-01	-2.765456e-01
5.558421e-01	7.720932e-01	-2.808693e-01
5.605009e-01	7.711939e-01	-2.809994e-01
5.653417e-01	7.701482e-01	-2.810434e-01
5.292011e-01	7.683290e-01	-1.638615e-01
5.724347e-01	7.605650e-01	-1.536362e-01
5.406479e-01	7.335187e-01	-2.515697e-01
5.568306e-01	7.327805e-01	-2.543997e-01
5.056872e-01	6.973262e-01	-1.426137e-01
5.935442e-01	6.927874e-01	-1.042742e-01
4.774141e-01	8.234992e-01	-2.230595e-01
6.302993e-01	8.176474e-01	-1.511701e-01
4.411214e-01	9.492782e-01	-3.271120e-01
6.603561e-01	9.582236e-01	-2.182500e-01
4.247091e-01	9.688342e-01	-3.703881e-01
6.696512e-01	9.883099e-01	-2.539189e-01
4.283051e-01	9.719801e-01	-3.856736e-01
6.645684e-01	9.924527e-01	-2.683901e-01
4.357657e-01	9.639409e-01	-3.419886e-01
6.596915e-01	9.839095e-01	-2.348611e-01
5.173773e-01	3.792590e-01	-1.681155e-02
5.720416e-01	3.721599e-01	1.690908e-02
5.075527e-01	1.814527e-01	-7.975744e-03
5.817159e-01	1.638712e-01	1.329911e-02
5.000646e-01	3.534310e-02	2.353789e-01
5.754832e-01	2.442249e-02	2.190369e-01
5.049504e-01	2.487759e-02	2.514002e-01
5.709587e-01	1.412790e-02	2.320617e-01
5.063440e-01	-2.996801e-02	1.259570e-01
5.787562e-01	-3.645729e-02	1.017321e-01
5.498221e-01	7.586256e-01	-2.904149e-01
5.434327e-01	7.765071e-01	-2.700186e-01
5.388504e-01	7.768145e-01	-2.701391e-01
5.341515e-01	7.770404e-01	-2.701396e-01
5.562863e-01	7.748352e-01	-2.730810e-01
5.610200e-01	7.737951e-01	-2.732050e-01
5.659451e-01	7.725580e-01	-2.732388e-01
5.296072e-01	7.694525e-01	-1.585343e-01
5.731294e-01	7.617694e-01	-1.494658e-01
5.406987e-01	7.358177e-01	-2.460004e-01
5.568954e-01	7.345627e-01	-2.469886e-01
5.058107e-01	6.968325e-01	-1.386284e-01
5.935024e-01	6.916192e-01	-9.908625e-02
4.808945e-01	8.224776e-01	-2.147814e-01
6.271550e-01	8.163337e-01	-1.465075e-01
4.510136e-01	9.526670e-01	-3.146050e-01
6.538293e-01	9.586105e-01	-2.219177e-01
4.361184e-01	9.731226e-01	-3.564117e-01
6.602485e-01	9.888015e-01	-2.575558e-01
4.395294e-01	9.768962e-01	-3.705083e-01
6.549742e-01	9.929628e-01	-2.684848e-01
4.469221e-01	9.679078e-01	-3.288547e-01
6.511785e-01	9.822936e-01	-2.370217e-01
5.173007e-01	3.797165e-01	-1.585218e-02
5.720190e-01	3.721417e-01	1.594387e-02
5.075505e-01	1.826811e-01	-6.759896e-03
5.818934e-01	1.679718e-01	4.462785e-03
4.999224e-01	4.096623e-02	2.371431e-01
5.752978e-01	3.087062e-02	2.199540e-01
5.046562e-01	3.176664e-02	2.540826e-01
5.708734e-01	1.959721e-02	2.343159e-01
5.061158e-01	-2.344916e-02	1.294358e-01
5.784673e-01	-3.130050e-02	1.096443e-01
5.498048e-01	7.591465e-01	-2.892556e-01
5.435969e-01	7.780402e-01	-2.703760e-01
5.390152e-01	7.784402e-01	-2.705036e-01
5.343202e-01	7.787324e-01	-2.705007e-01
5.565336e-01	7.762082e-01	-2.700199e-01
5.612805e-01	7.751279e-01	-2.701314e-01
5.662428e-01	7.737352e-01	-2.701149e-01
5.296963e-01	7.713125e-01	-1.675515e-01
5.731964e-01	7.628164e-01	-1.520244e-01
5.406940e-01	7.367972e-01	-2.486482e-01
5.568569e-01	7.349488e-01	-2.459062e-01
5.058396e-01	6.968145e-01	-1.508647e-01
5.924121e-01	6.905749e-01	-1.068343e-01
4.836992e-01	8.241010e-01	-2.294789e-01
6.224910e-01	8.174186e-01	-1.569096e-01
4.542472e-01	9.524289e-01	-3.253637e-01
6.438881e-01	9.600116e-01	-2.331870e-01
4.384488e-01	9.722131e-01	-3.670568e-01
6.523274e-01	9.908363e-01	-2.678565e-01
4.446710e-01	9.783584e-01	-3.797192e-01
6.456904e-01	9.973395e-01	-2.768879e-01
4.514163e-01	9.688516e-01	-3.387064e-01
6.410515e-01	9.837395e-01	-2.467914e-01
5.171436e-01	3.839193e-01	-1.495537e-02
5.716919e-01	3.772116e-01	1.504785e-02
5.075141e-01	1.908973e-01	6.911819e-03
5.806567e-01	1.787069e-01	1.674128e-02
4.984536e-01	4.465083e-02	2.180171e-01
5.750682e-01	3.322795e-02	2.191245e-01
5.024991e-01	3.331545e-02	2.303945e-01
5.709535e-01	2.152851e-02	2.293533e-01
5.028641e-01	-2.028954e-02	1.022451e-01
5.782046e-01	-2.992766e-02	1.018255e-01
5.498368e-01	7.628831e-01	-2.746813e-01
5.438967e-01	7.814612e-01	-2.576598e-01
5.393801e-01	7.819523e-01	-2.577809e-01
5.347660e-01	7.823296e-01	-2.577720e-01
5.566489e-01	7.795959e-01	-2.554092e-01
5.613183e-01	7.785333e-01	-2.554969e-01
5.662349e-01	7.772642e-01	-2.554068e-01
5.301036e-01	7.740182e-01	-1.627614e-01
5.731081e-01	7.661032e-01	-1.480750e-01
5.407279e-01	7.411371e-01	-2.391764e-01
5.568262e-01	7.389435e-01	-2.346546e-01
5.058360e-01	6.981373e-01	-1.382781e-01
5.914149e-01	6.900022e-01	-1.029106e-01
4.832815e-01	8.305592e-01	-2.111975e-01
6.156737e-01	8.098504e-01	-1.497770e-01
4.543760e-01	9.580359e-01	-3.126441e-01
6.297468e-01	9.469817e-01	-2.325661e-01
4.396697e-01	9.790372e-01	-3.549363e-01
6.359102e-01	9.786361e-01	-2.665587e-01
4.475194e-01	9.865201e-01	-3.702727e-01
6.304981e-01	9.841639e-01	-2.717645e-01
4.532365e-01	9.763766e-01	-3.273609e-01
6.266450e-01	9.710473e-01	-2.440151e-01
5.166670e-01	3.879260e-01	-1.144927e-02
5.713224e-01	3.818671e-01	1.149401e-02
5.071571e-01	2.029449e-01	2.192589e-02
5.795071e-01	1.893745e-01	1.760847e-02
4.967911e-01	5.041374e-02	2.102403e-01
5.749727e-01	3.373707e-02	1.966555e-01
5.007241e-01	3.430599e-02	2.211821e-01
5.709894e-01	2.312601e-02	2.047710e-01
4.947742e-01	-1.349959e-02	9.836585e-02
5.783893e-01	-2.598990e-02	8.276917e-02
5.497854e-01	7.662188e-01	-2.293194e-01
5.438690e-01	7.840796e-01	-2.107538e-01
5.393453e-01	7.845134e-01	-2.108620e-01
5.347468e-01	7.849071e-01	-2.108325e-01
5.566339e-01	7.824368e-01	-2.103345e-01
5.612052e-01	7.814571e-01	-2.104138e-01
5.660772e-01	7.803124e-01	-2.103117e-01
5.300947e-01	7.763612e-01	-1.163178e-01
5.729371e-01	7.694764e-01	-1.114537e-01
5.406545e-01	7.451333e-01	-1.940491e-01
5.566572e-01	7.435700e-01	-1.926812e-01
5.060676e-01	6.984837e-01	-1.065395e-01
5.908770e-01	6.901830e-01	-9.107570e-02
4.857660e-01	8.295625e-01	-1.835328e-01
6.093303e-01	8.058078e-01	-1.480329e-01
4.552609e-01	9.554148e-01	-2.715094e-01
6.227030e-01	9.414806e-01	-2.309549e-01
4.397363e-01	9.742609e-01	-3.113101e-01
6.294147e-01	9.744282e-01	-2.657309e-01
4.480091e-01	9.814202e-01	-3.257669e-01
6.251970e-01	9.801298e-01	-2.718659e-01
4.542840e-01	9.716179e-01	-2.855871e-01
6.210332e-01	9.663901e-01	-2.432255e-01
5.165667e-01	3.922615e-01	-8.082861e-03
5.711249e-01	3.869276e-01	8.132693e-03
5.070540e-01	2.098176e-01	2.634872e-02
5.786933e-01	1.947583e-01	1.695723e-02
4.960874e-01	5.600081e-02	1.978706e-01
5.744215e-01	3.297562e-02	1.697829e-01
5.001326e-01	3.748784e-02	2.075578e-01
5.708390e-01	2.247859e-02	1.767676e-01
4.907641e-01	-5.126176e-03	8.938254e-02
5.784130e-01	-2.474865e-02	5.467079e-02
5.489290e-01	7.699546e-01	-1.916636e-01
5.430769e-01	7.875018e-01	-1.716097e-01
5.384452e-01	7.879992e-01	-1.716890e-01
5.337404e-01	7.885132e-01	-1.716425e-01
5.559784e-01	7.857291e-01	-1.714319e-01
5.601915e-01	7.848274e-01	-1.715185e-01
5.646986e-01	7.837824e-01	-1.714275e-01
5.291464e-01	7.797661e-01	-7.236885e-02
5.716221e-01	7.728215e-01	-6.880869e-02
5.396215e-01	7.500883e-01	-1.552826e-01
5.554540e-01	7.490033e-01	-1.541436e-01
5.057813e-01	7.006266e-01	-7.040034e-02
5.897831e-01	6.911218e-01	-6.197005e-02
4.857797e-01	8.302494e-01	-1.918454e-01
6.046454e-01	7.927997e-01	-1.768450e-01
4.564009e-01	9.490912e-01	-3.133612e-01
6.179872e-01	9.406041e-01	-3.039083e-01
4.406520e-01	9.696748e-01	-3.588251e-01
6.225637e-01	9.664313e-01	-3.478699e-01
4.484128e-01	9.753340e-01	-3.686100e-01
6.183104e-01	9.724750e-01	-3.498821e-01
4.547235e-01	9.651760e-01	-3.266701e-01
6.148514e-01	9.606735e-01	-3.149580e-01
5.159907e-01	3.927897e-01	-5.086713e-03
5.709151e-01	3.886696e-01	5.132904e-03
5.064538e-01	2.119005e-01	3.634817e-02
5.786489e-01	1.980949e-01	2.257214e-02
4.953353e-01	5.762763e-02	1.989570e-01
5.745717e-01	3.674418e-02	1.763120e-01
4.998869e-01	3.810544e-02	2.123031e-01
5.711275e-01	2.474288e-02	1.844235e-01
4.869309e-01	-4.077945e-03	9.129072e-02
5.816465e-01	-2.044185e-02	6.015459e-02
5.489169e-01	7.716603e-01	-1.969876e-01
5.429752e-01	7.895134e-01	-1.777409e-01
5.383506e-01	7.898588e-01	-1.778192e-01
5.336058e-01	7.902368e-01	-1.777806e-01
5.559350e-01	7.880169e-01	-1.765632e-01
5.600976e-01	7.872069e-01	-1.766457e-01
5.645831e-01	7.862360e-01	-1.765348e-01
5.290143e-01	7.820802e-01	-8.089889e-02
5.708864e-01	7.769412e-01	-7.382397e-02
5.395694e-01	7.522638e-01	-1.614174e-01
5.554512e-01	7.520895e-01	-1.592689e-01
5.054718e-01	7.035565e-01	-7.437187e-02
5.889874e-01	6.945734e-01	-6.016117e-02
4.852512e-01	8.347391e-01	-1.805436e-01
6.047862e-01	7.935042e-01	-1.831752e-01
4.554064e-01	9.532144e-01	-2.634696e-01
6.176237e-01	9.218042e-01	-3.375513e-01
4.367699e-01	9.700807e-01	-3.016250e-01
6.195827e-01	9.539112e-01	-3.818583e-01
4.439813e-01	9.745006e-01	-3.149065e-01
6.156313e-01	9.559332e-01	-3.862743e-01
4.497147e-01	9.654204e-01	-2.767865e-01
6.128533e-01	9.438303e-01	-3.501632e-01
5.158243e-01	3.933438e-01	-3.738332e-03
5.708688e-01	3.905201e-01	3.769577e-03
5.058444e-01	2.140259e-01	3.975839e-02
5.786561e-01	2.018853e-01	2.475648e-02
4.940221e-01	6.009970e-02	1.993426e-01
5.750726e-01	3.986957e-02	1.791101e-01
4.990476e-01	3.935620e-02	2.151286e-01
5.712262e-01	2.600650e-02	1.884130e-01
4.833163e-01	-2.905229e-03	9.493410e-02
5.858741e-01	-1.793016e-02	6.200703e-02
5.490854e-01	7.803423e-01	-1.966887e-01
5.429600e-01	7.978664e-01	-1.792469e-01
5.383438e-01	7.978244e-01	-1.793052e-01
5.336025e-01	7.978058e-01	-1.792750e-01
5.559183e-01	7.970216e-01	-1.767891e-01
5.599873e-01	7.962727e-01	-1.768758e-01
5.643554e-01	7.952180e-01	-1.767558e-01
5.289346e-01	7.892610e-01	-8.359704e-02
5.696051e-01	7.851233e-01	-7.171965e-02
5.396888e-01	7.611380e-01	-1.614371e-01
5.555523e-01	7.608480e-01	-1.577615e-01
5.054036e-01	7.072748e-01	-7.548365e-02
5.887696e-01	6.973920e-01	-6.045923e-02
4.745714e-01	8.312813e-01	-2.036956e-01
6.061159e-01	7.862437e-01	-2.446181e-01
4.486085e-01	9.481059e-01	-3.006648e-01
6.154074e-01	8.820462e-01	-4.782706e-01
4.283865e-01	9.658537e-01	-3.366356e-01
6.164118e-01	9.097480e-01	-5.295739e-01
4.363357e-01	9.717374e-01	-3.489870e-01
6.127003e-01	9.126613e-01	-5.298200e-01
4.414433e-01	9.616212e-01	-3.134724e-01
6.103407e-01	9.029822e-01	-4.906502e-01
5.158330e-01	3.942462e-01	-1.736209e-03
5.708698e-01	3.919767e-01	1.754955e-03
5.058485e-01	2.159030e-01	5.101398e-02
5.786889e-01	2.023781e-01	3.445346e-02
4.940525e-01	5.795468e-02	2.100998e-01
5.752901e-01	4.103167e-02	1.834353e-01
4.990684e-01	3.803900e-02	2.209243e-01
5.712697e-01	2.755031e-02	1.902427e-01
4.812630e-01	-3.269796e-03	1.025831e-01
5.877597e-01	-1.488768e-02	6.580313e-02
5.492384e-01	7.843007e-01	-2.010575e-01
5.429474e-01	8.035834e-01	-1.826855e-01
5.383278e-01	8.035042e-01	-1.827632e-01
5.334826e-01	8.033866e-01	-1.827381e-01
5.559130e-01	8.026477e-01	-1.803175e-01
5.599945e-01	8.017028e-01	-1.803727e-01
5.643733e-01	8.005574e-01	-1.802547e-01
5.286064e-01	7.945859e-01	-8.802904e-02
5.696081e-01	7.894500e-01	-7.469495e-02
5.398167e-01	7.642680e-01	-1.662468e-01
5.557867e-01	7.629942e-01	-1.622638e-01
5.043560e-01	7.105691e-01	-6.869776e-02
5.888022e-01	6.982926e-01	-5.094234e-02
4.613332e-01	8.072230e-01	-1.674771e-01
6.087342e-01	7.994330e-01	-5.311500e-02
4.317998e-01	9.246221e-01	-2.566344e-01
6.194219e-01	8.877419e-01	-4.267287e-02
4.118854e-01	9.493111e-01	-2.887966e-01
6.195147e-01	9.113436e-01	-6.186133e-02
4.168556e-01	9.543537e-01	-3.066916e-01
6.174646e-01	9.151193e-01	-7.179177e-02
4.266047e-01	9.467353e-01	-2.718590e-01
6.167830e-01	9.104390e-01	-5.318088e-02
5.155909e-01	3.937887e-01	-2.490578e-03
5.709028e-01	3.929142e-01	2.548980e-03
5.059289e-01	2.172397e-01	4.676757e-02
5.805012e-01	2.041963e-01	4.721323e-02
4.941173e-01	5.846389e-02	2.199197e-01
5.758202e-01	4.599754e-02	2.164207e-01
5.001142e-01	3.764268e-02	2.311568e-01
5.713500e-01	3.012848e-02	2.244088e-01
4.790092e-01	-7.942097e-04	1.163042e-01
5.917860e-01	-1.351779e-02	1.011511e-01
5.492582e-01	7.833771e-01	-2.272537e-01
5.428300e-01	8.030851e-01	-2.093361e-01
5.381938e-01	8.031249e-01	-2.094015e-01
5.332752e-01	8.031982e-01	-2.093454e-01
5.559028e-01	8.022770e-01	-2.041042e-01
5.599800e-01	8.014936e-01	-2.040727e-01
5.643742e-01	8.004885e-01	-2.038163e-01
5.282406e-01	7.953194e-01	-9.408715e-02
5.692515e-01	7.899743e-01	-8.331668e-02
5.398179e-01	7.633516e-01	-1.856703e-01
5.557858e-01	7.621596e-01	-1.761636e-01
5.036553e-01	7.099435e-01	-1.139309e-01
5.887274e-01	6.978877e-01	-7.609794e-02
4.597787e-01	7.631662e-01	-4.591372e-01
6.066137e-01	7.612776e-01	-3.693684e-01
4.392061e-01	7.833906e-01	-7.610268e-01
6.111927e-01	7.855704e-01	-6.677521e-01
4.291678e-01	7.935196e-01	-8.338811e-01
6.131719e-01	7.987442e-01	-7.327291e-01
4.384458e-01	7.999974e-01	-8.334640e-01
6.115953e-01	7.986221e-01	-7.330528e-01
4.448602e-01	7.854230e-01	-7.730743e-01
6.084076e-01	7.946919e-01	-6.824480e-01
5.153373e-01	3.922272e-01	-2.698129e-03
5.709052e-01	3.922320e-01	2.761395e-03
5.059342e-01	2.208023e-01	4.618211e-02
5.816087e-01	2.058569e-01	6.211441e-02
4.942436e-01	6.057330e-02	2.041722e-01
5.758711e-01	5.017556e-02	2.248907e-01
5.014588e-01	3.786744e-02	2.126083e-01
5.713800e-01	3.254690e-02	2.319123e-01
4.767932e-01	2.559817e-03	8.601204e-02
5.930858e-01	-1.149277e-02	1.049626e-01
5.493512e-01	7.912982e-01	-2.305129e-01
5.426728e-01	8.103844e-01	-2.131459e-01
5.380521e-01	8.100407e-01	-2.132144e-01
5.329483e-01	8.092546e-01	-2.131681e-01
5.558680e-01	8.105882e-01	-2.083116e-01
5.599691e-01	8.103252e-01	-2.082932e-01
5.643952e-01	8.096342e-01	-2.080751e-01
5.276507e-01	7.979794e-01	-9.809679e-02
5.692389e-01	7.967246e-01	-8.648402e-02
5.398985e-01	7.678987e-01	-1.869060e-01
5.560087e-01	7.671262e-01	-1.769976e-01
5.029222e-01	7.098278e-01	-1.201886e-01
5.888000e-01	6.982405e-01	-7.716791e-02
4.618858e-01	7.079580e-01	-4.482664e-01
6.048573e-01	7.116700e-01	-3.757835e-01
4.612400e-01	7.103023e-01	-7.408163e-01
6.060725e-01	7.207683e-01	-6.997491e-01
4.599334e-01	7.074692e-01	-8.129450e-01
6.079003e-01	7.296808e-01	-7.685617e-01
4.687528e-01	7.090584e-01	-8.102809e-01
6.061566e-01	7.336139e-01	-7.670389e-01
4.740403e-01	7.057487e-01	-7.510337e-01
6.002465e-01	7.278862e-01	-7.140545e-01
5.152465e-01	3.875283e-01	-3.390317e-03
5.709014e-01	3.916600e-01	3.381946e-03
5.058520e-01	2.224542e-01	4.102807e-02
5.819042e-01	2.100097e-01	5.974827e-02
4.943257e-01	6.428051e-02	2.154230e-01
5.760453e-01	5.427754e-02	2.338036e-01
5.015359e-01	4.055658e-02	2.260887e-01
5.714062e-01	3.550676e-02	2.427896e-01
4.762199e-01	5.161405e-03	1.055439e-01
5.938597e-01	-9.189784e-03	1.200377e-01
5.493526e-01	7.965881e-01	-2.399050e-01
5.426654e-01	8.133150e-01	-2.224397e-01
5.380426e-01	8.126774e-01	-2.225219e-01
5.329036e-01	8.118465e-01	-2.224989e-01
5.558518e-01	8.139309e-01	-2.193224e-01
5.600242e-01	8.135760e-01	-2.193346e-01
5.645303e-01	8.129832e-01	-2.192033e-01
5.276355e-01	8.015092e-01	-9.938388e-02
5.699430e-01	7.999535e-01	-8.731084e-02
5.399314e-01	7.712061e-01	-1.934478e-01
5.560274e-01	7.704223e-01	-1.862816e-01
5.011309e-01	7.090873e-01	-1.143736e-01
5.922718e-01	6.970091e-01	-7.718597e-02
4.639273e-01	6.834267e-01	-4.179259e-01
6.066726e-01	6.792597e-01	-3.785828e-01
4.707221e-01	6.650381e-01	-7.107667e-01
6.109734e-01	6.804898e-01	-7.205602e-01
4.733218e-01	6.553571e-01	-7.797746e-01
6.119429e-01	6.844962e-01	-7.929173e-01
4.809498e-01	6.647691e-01	-7.804424e-01
6.076547e-01	6.913837e-01	-7.891161e-01
4.822375e-01	6.658611e-01	-7.213175e-01
6.040921e-01	6.878580e-01	-7.342690e-01
5.142387e-01	3.838386e-01	-3.468370e-03
5.708648e-01	3.903663e-01	3.429650e-03
5.051706e-01	2.216807e-01	2.760810e-02
5.813214e-01	2.129223e-01	5.438835e-02
4.943506e-01	6.324299e-02	2.153926e-01
5.754565e-01	5.505182e-02	2.381380e-01
5.012935e-01	4.003950e-02	2.260823e-01
5.698559e-01	3.507252e-02	2.478210e-01
4.756284e-01	3.820913e-03	1.004252e-01
5.936171e-01	-8.385926e-03	1.187721e-01
5.494776e-01	7.961149e-01	-2.440845e-01
5.427077e-01	8.138950e-01	-2.247059e-01
5.381628e-01	8.132924e-01	-2.247835e-01
5.330199e-01	8.123726e-01	-2.247760e-01
5.558543e-01	8.146113e-01	-2.230385e-01
5.600925e-01	8.144700e-01	-2.230541e-01
5.645936e-01	8.139151e-01	-2.229296e-01
5.275943e-01	8.015366e-01	-9.612200e-02
5.699973e-01	8.007783e-01	-8.808891e-02
5.400895e-01	7.719064e-01	-1.946929e-01
5.561559e-01	7.718198e-01	-1.900374e-01
4.988882e-01	7.046893e-01	-4.471305e-02
5.946743e-01	6.926561e-01	-3.206938e-02
4.632043e-01	6.216861e-01	-1.869717e-01
6.072995e-01	6.108668e-01	-1.871999e-01
4.669088e-01	6.205539e-01	-4.363879e-01
6.107826e-01	6.363788e-01	-5.239772e-01
4.685856e-01	6.227728e-01	-4.883757e-01
6.117932e-01	6.465794e-01	-6.229314e-01
4.738541e-01	6.336264e-01	-5.058665e-01
6.103086e-01	6.618575e-01	-6.370180e-01
4.776627e-01	6.326761e-01	-4.493918e-01
6.071066e-01	6.582993e-01	-5.326842e-01
5.132766e-01	3.838847e-01	-3.543977e-03
5.707604e-01	3.900628e-01	3.501641e-03
5.049722e-01	2.213392e-01	3.611308e-02
5.794629e-01	2.154797e-01	5.069111e-02
4.943781e-01	6.325247e-02	2.148793e-01
5.752089e-01	5.773912e-02	2.172091e-01
5.012816e-01	3.990318e-02	2.253941e-01
5.694837e-01	3.666781e-02	2.256457e-01
4.753397e-01	5.824963e-03	1.059895e-01
5.931986e-01	-4.927474e-03	1.070277e-01
5.498109e-01	7.978465e-01	-2.584807e-01
5.430374e-01	8.162515e-01	-2.386405e-01
5.386678e-01	8.154374e-01	-2.387020e-01
5.336596e-01	8.142943e-01	-2.386964e-01
5.558995e-01	8.168305e-01	-2.372965e-01
5.601521e-01	8.163076e-01	-2.373110e-01
5.646010e-01	8.154371e-01	-2.371986e-01
5.278197e-01	8.024604e-01	-1.070586e-01
5.699721e-01	8.022385e-01	-1.009619e-01
5.403610e-01	7.748554e-01	-2.095368e-01
5.562211e-01	7.757142e-01	-2.067052e-01
4.983588e-01	6.958950e-01	-4.348423e-02
5.972196e-01	6.882667e-01	-3.314463e-02
4.620172e-01	5.745333e-01	-1.480331e-01
6.096536e-01	5.645525e-01	-1.579985e-01
4.649427e-01	5.906647e-01	-3.910849e-01
6.106805e-01	6.219116e-01	-4.359490e-01
4.665336e-01	6.049575e-01	-4.419100e-01
6.116079e-01	6.365072e-01	-5.036145e-01
4.729142e-01	6.268550e-01	-4.611454e-01
6.100965e-01	6.540227e-01	-5.067663e-01
4.768693e-01	6.226920e-01	-4.047864e-01
6.068716e-01	6.462505e-01	-4.444030e-01
5.143259e-01	3.839196e-01	-1.933989e-03
5.713445e-01	3.899190e-01	1.933417e-03
5.046806e-01	2.212466e-01	4.764736e-02
5.794472e-01	2.137558e-01	5.291077e-02
4.943304e-01	6.337666e-02	2.514404e-01
5.747188e-01	5.897927e-02	2.447244e-01
5.012709e-01	4.061504e-02	2.656038e-01
5.684305e-01	3.721235e-02	2.566873e-01
4.756543e-01	6.071236e-03	1.547642e-01
5.933391e-01	-4.202327e-04	1.353082e-01
5.501982e-01	8.027843e-01	-2.655074e-01
5.431325e-01	8.189186e-01	-2.435171e-01
5.388356e-01	8.180733e-01	-2.435834e-01
5.339085e-01	8.170443e-01	-2.435884e-01
5.559003e-01	8.194087e-01	-2.436005e-01
5.601666e-01	8.189436e-01	-2.436241e-01
5.646071e-01	8.184642e-01	-2.435539e-01
5.280005e-01	8.043161e-01	-1.139588e-01
5.699579e-01	8.068680e-01	-1.145800e-01
5.408851e-01	7.783195e-01	-2.183272e-01
5.565462e-01	7.800890e-01	-2.178301e-01
4.983799e-01	6.919668e-01	-5.174651e-02
5.975470e-01	6.882683e-01	-4.132894e-02
4.631880e-01	5.757462e-01	-6.697877e-02
6.098682e-01	5.708336e-01	-6.287862e-02
4.562108e-01	4.912142e-01	-2.138890e-01
6.101198e-01	5.263567e-01	-2.245739e-01
4.489874e-01	4.549548e-01	-2.552307e-01
6.069469e-01	4.840642e-01	-2.721060e-01
4.534924e-01	4.536025e-01	-2.927536e-01
6.061929e-01	4.995981e-01	-2.980295e-01
4.599894e-01	4.732859e-01	-2.339007e-01
6.041930e-01	5.014984e-01	-2.416075e-01
5.148312e-01	3.858834e-01	-2.398443e-03
5.713409e-01	3.905293e-01	2.438403e-03
5.045483e-01	2.206062e-01	4.031299e-02
5.793902e-01	2.130935e-01	4.514366e-02
4.942947e-01	6.543449e-02	2.401463e-01
5.740814e-01	5.866131e-02	2.372681e-01
5.012273e-01	4.242779e-02	2.529207e-01
5.670300e-01	3.693124e-02	2.455627e-01
4.761904e-01	9.113013e-03	1.388923e-01
5.931872e-01	1.655864e-03	1.130437e-01
5.501933e-01	8.034556e-01	-2.590465e-01
5.428783e-01	8.192140e-01	-2.381073e-01
5.384803e-01	8.182736e-01	-2.381793e-01
5.335840e-01	8.172553e-01	-2.381756e-01
5.555853e-01	8.200231e-01	-2.375663e-01
5.597118e-01	8.197797e-01	-2.375987e-01
5.642381e-01	8.192177e-01	-2.375122e-01
5.277280e-01	8.048733e-01	-1.135655e-01
5.690609e-01	8.077816e-01	-1.138567e-01
5.408964e-01	7.792463e-01	-2.139525e-01
5.565343e-01	7.810429e-01	-2.131183e-01
4.976526e-01	6.875018e-01	-5.340106e-02
5.973166e-01	6.882622e-01	-4.435787e-02
4.639405e-01	5.683222e-01	-4.804184e-02
6.087624e-01	5.726504e-01	-7.442108e-02
4.525978e-01	4.662323e-01	-1.570165e-01
6.100044e-01	5.129850e-01	-2.452157e-01
4.460260e-01	4.266797e-01	-1.927694e-01
6.084043e-01	4.651154e-01	-2.944018e-01
4.506928e-01	4.256085e-01	-2.309072e-01
6.057976e-01	4.807422e-01	-3.182564e-01
4.569190e-01	4.415722e-01	-1.760477e-01
6.036259e-01	4.854378e-01	-2.619249e-01
5.148093e-01	3.920445e-01	-2.404298e-03
5.708019e-01	3.948735e-01	2.452014e-03
5.038105e-01	2.205898e-01	4.430813e-02
5.781810e-01	2.148331e-01	4.502494e-02
4.936067e-01	6.840404e-02	2.303849e-01
5.723406e-01	5.942119e-02	2.153152e-01
5.005068e-01	4.415385e-02	2.399404e-01
5.650988e-01	3.696626e-02	2.211579e-01
4.751035e-01	1.119072e-02	1.364585e-01
5.930403e-01	4.339048e-03	9.672666e-02
5.491832e-01	8.022186e-01	-2.614584e-01
5.420260e-01	8.186758e-01	-2.399077e-01
5.372300e-01	8.179818e-01	-2.399559e-01
5.328282e-01	8.171152e-01	-2.399235e-01
5.549020e-01	8.189756e-01	-2.394831e-01
5.588356e-01	8.186286e-01	-2.395188e-01
5.635102e-01	8.179480e-01	-2.394245e-01
5.268630e-01	8.052152e-01	-1.200367e-01
5.680896e-01	8.065741e-01	-1.184754e-01
5.403032e-01	7.785120e-01	-2.182286e-01
5.559057e-01	7.796287e-01	-2.171179e-01
4.970200e-01	6.866241e-01	-5.702641e-02
5.971829e-01	6.881406e-01	-4.617775e-02
4.642002e-01	5.619545e-01	-7.903550e-02
6.089166e-01	5.593106e-01	-3.454796e-02
4.518488e-01	4.546326e-01	-2.067897e-01
6.108981e-01	4.461355e-01	-1.376785e-01
4.457912e-01	4.101568e-01	-2.471375e-01
6.095554e-01	4.057402e-01	-1.761979e-01
4.507493e-01	4.074983e-01	-2.830229e-01
6.063954e-01	4.026939e-01	-2.112161e-01
4.568363e-01	4.250172e-01	-2.253261e-01
6.038825e-01	4.194592e-01	-1.566605e-01
5.144499e-01	3.935156e-01	-2.464080e-03
5.701746e-01	3.947974e-01	2.499501e-03
5.020508e-01	2.212322e-01	4.778734e-02
5.772680e-01	2.152660e-01	4.986960e-02
4.928106e-01	7.091200e-02	2.366390e-01
5.712906e-01	6.053014e-02	2.254478e-01
5.001374e-01	4.606117e-02	2.477429e-01
5.641724e-01	3.722625e-02	2.332767e-01
4.740282e-01	1.248052e-02	1.359221e-01
5.928956e-01	4.967370e-03	1.100168e-01
5.477880e-01	8.020225e-01	-2.963115e-01
5.409127e-01	8.190003e-01	-2.758650e-01
5.359325e-01	8.183663e-01	-2.758892e-01
5.319842e-01	8.175197e-01	-2.758503e-01
5.538813e-01	8.192446e-01	-2.757029e-01
5.576323e-01	8.188008e-01	-2.757766e-01
5.621057e-01	8.180344e-01	-2.757059e-01
5.259055e-01	8.054668e-01	-1.582664e-01
5.667052e-01	8.062057e-01	-1.578019e-01
5.393837e-01	7.785296e-01	-2.530669e-01
5.551257e-01	7.790672e-01	-2.524563e-01
4.958188e-01	6.852488e-01	-9.569636e-02
5.970190e-01	6.860091e-01	-8.231068e-02
4.644581e-01	5.462403e-01	-8.430917e-02
6.083251e-01	5.436685e-01	-5.652085e-02
4.524734e-01	4.244820e-01	-1.723707e-01
6.112717e-01	4.225436e-01	-1.480593e-01
4.473472e-01	3.791306e-01	-2.060378e-01
6.105243e-01	3.773055e-01	-1.833146e-01
4.525680e-01	3.771762e-01	-2.419548e-01
6.069257e-01	3.805346e-01	-2.184433e-01
4.595676e-01	3.946263e-01	-1.899054e-01
6.046815e-01	3.969279e-01	-1.665003e-01
5.140994e-01	3.932581e-01	-2.422294e-03
5.693514e-01	3.942230e-01	2.469523e-03
5.008532e-01	2.209736e-01	7.562204e-02
5.768589e-01	2.150612e-01	6.907471e-02
4.922166e-01	7.163054e-02	2.903795e-01
5.699154e-01	6.058235e-02	2.704035e-01
4.999835e-01	4.637212e-02	3.052827e-01
5.632640e-01	3.714166e-02	2.821112e-01
4.717001e-01	1.332373e-02	1.975919e-01
5.927661e-01	4.356509e-03	1.611702e-01
5.471187e-01	8.044220e-01	-3.141672e-01
5.402848e-01	8.213050e-01	-2.943163e-01
5.351370e-01	8.203587e-01	-2.943335e-01
5.314376e-01	8.192912e-01	-2.942936e-01
5.532783e-01	8.216477e-01	-2.930488e-01
5.567865e-01	8.208842e-01	-2.931151e-01
5.611628e-01	8.196668e-01	-2.930256e-01
5.246536e-01	8.067312e-01	-1.770658e-01
5.649914e-01	8.064499e-01	-1.720694e-01
5.386692e-01	7.806792e-01	-2.708279e-01
5.546151e-01	7.805052e-01	-2.689527e-01
4.946857e-01	6.829986e-01	-1.170198e-01
5.962836e-01	6.856421e-01	-9.456410e-02
4.665629e-01	5.329457e-01	-9.783088e-02
6.070188e-01	5.377969e-01	-6.287855e-02
4.547157e-01	4.101790e-01	-1.821480e-01
6.117373e-01	4.133040e-01	-1.531441e-01
4.494312e-01	3.630925e-01	-2.162322e-01
6.110336e-01	3.709964e-01	-1.881610e-01
4.549753e-01	3.608002e-01	-2.534674e-01
6.075423e-01	3.728387e-01	-2.249878e-01
4.624036e-01	3.761350e-01	-2.000200e-01
6.052383e-01	3.879634e-01	-1.723957e-01
5.138983e-01	3.930221e-01	-2.256724e-03
5.689685e-01	3.940119e-01	2.314629e-03
4.999398e-01	2.209250e-01	8.165926e-02
5.766460e-01	2.151734e-01	7.868541e-02
4.920372e-01	7.267927e-02	3.138747e-01
5.690971e-01	6.118320e-02	2.966990e-01
5.000685e-01	4.694816e-02	3.306834e-01
5.623769e-01	3.740784e-02	3.102427e-01
4.696178e-01	1.442000e-02	2.233092e-01
5.926789e-01	3.992871e-03	1.884503e-01
5.453728e-01	8.066241e-01	-3.154266e-01
5.383644e-01	8.241210e-01	-2.954423e-01
5.336160e-01	8.229390e-01	-2.954557e-01
5.299322e-01	8.217728e-01	-2.954151e-01
5.516239e-01	8.249701e-01	-2.949728e-01
5.552638e-01	8.243654e-01	-2.950421e-01
5.590623e-01	8.236409e-01	-2.949393e-01
5.230767e-01	8.086851e-01	-1.784346e-01
5.627247e-01	8.092464e-01	-1.775961e-01
5.373030e-01	7.829379e-01	-2.722514e-01
5.532870e-01	7.830756e-01	-2.715795e-01
4.938495e-01	6.833349e-01	-1.190729e-01
5.949163e-01	6.856643e-01	-1.036661e-01
4.684792e-01	5.302961e-01	-9.682206e-02
6.065426e-01	5.336295e-01	-7.667127e-02
4.584097e-01	4.046713e-01	-1.774175e-01
6.106085e-01	4.037047e-01	-1.674727e-01
4.536477e-01	3.578837e-01	-2.110671e-01
6.108764e-01	3.614932e-01	-2.024853e-01
4.594799e-01	3.555422e-01	-2.480226e-01
6.067340e-01	3.632592e-01	-2.386970e-01
4.666226e-01	3.701870e-01	-1.949288e-01
6.046601e-01	3.747721e-01	-1.861561e-01
5.131476e-01	3.935328e-01	2.694773e-04
5.683073e-01	3.948739e-01	-1.955222e-04
4.988605e-01	2.216282e-01	7.927376e-02
5.760283e-01	2.163555e-01	7.129263e-02
4.917207e-01	7.320653e-02	3.049797e-01
5.682513e-01	6.249466e-02	2.826590e-01
5.000933e-01	4.703404e-02	3.210725e-01
5.616361e-01	3.844203e-02	2.956093e-01
4.669341e-01	1.433307e-02	2.172702e-01
5.924761e-01	3.990714e-03	1.750960e-01
5.436662e-01	8.081438e-01	-3.163207e-01
5.365792e-01	8.256485e-01	-2.960840e-01
5.322480e-01	8.245761e-01	-2.960967e-01
5.281795e-01	8.235134e-01	-2.960533e-01
5.501222e-01	8.263572e-01	-2.956389e-01
5.540291e-01	8.258019e-01	-2.957090e-01
5.575464e-01	8.251998e-01	-2.956051e-01
5.212848e-01	8.100399e-01	-1.784066e-01
5.609707e-01	8.108110e-01	-1.777429e-01
5.354599e-01	7.842889e-01	-2.729569e-01
5.517938e-01	7.844108e-01	-2.723460e-01
4.925367e-01	6.838658e-01	-1.188254e-01
5.930651e-01	6.855986e-01	-1.034566e-01
4.699468e-01	5.321547e-01	-9.685861e-02
6.052951e-01	5.325403e-01	-7.668390e-02
4.626380e-01	4.037888e-01	-1.775610e-01
6.093363e-01	3.997882e-01	-1.673038e-01
4.582607e-01	3.587073e-01	-2.111075e-01
6.104082e-01	3.561584e-01	-2.018245e-01
4.643249e-01	3.571117e-01	-2.473737e-01
6.059483e-01	3.585296e-01	-2.378464e-01
4.706409e-01	3.708461e-01	-1.948085e-01
6.030307e-01	3.736377e-01	-1.857254e-01
5.119099e-01	3.941512e-01	1.381167e-03
5.671909e-01	3.953776e-01	-1.298904e-03
4.976230e-01	2.223175e-01	7.717378e-02
5.752519e-01	2.172220e-01	6.773841e-02
4.912621e-01	7.351301e-02	3.076572e-01
5.673743e-01	6.275191e-02	2.731349e-01
4.998074e-01	4.739791e-02	3.243275e-01
5.611901e-01	3.871984e-02	2.856928e-01
4.641022e-01	1.402701e-02	2.228551e-01
5.917278e-01	3.757723e-03	1.650044e-01
5.425571e-01	8.083178e-01	-3.032234e-01
5.354511e-01	8.258583e-01	-2.830482e-01
5.313448e-01	8.248885e-01	-2.830906e-01
5.270938e-01	8.239308e-01	-2.830708e-01
5.490371e-01	8.264751e-01	-2.826821e-01
5.530950e-01	8.259531e-01	-2.827391e-01
5.564787e-01	8.253935e-01	-2.826420e-01
5.200549e-01	8.106846e-01	-1.647207e-01
5.595397e-01	8.113241e-01	-1.623226e-01
5.342622e-01	7.846866e-01	-2.592776e-01
5.506533e-01	7.846336e-01	-2.582343e-01
4.912198e-01	6.845306e-01	-1.108703e-01
5.905980e-01	6.856158e-01	-9.596503e-02
4.700016e-01	5.390331e-01	-8.944195e-02
6.033150e-01	5.383808e-01	-6.462560e-02
4.642898e-01	4.098309e-01	-1.730480e-01
6.084053e-01	4.129287e-01	-1.577875e-01
4.595156e-01	3.638577e-01	-2.067885e-01
6.091889e-01	3.687685e-01	-1.920718e-01
4.671116e-01	3.616266e-01	-2.426700e-01
6.042769e-01	3.711751e-01	-2.266603e-01
4.736915e-01	3.757986e-01	-1.902417e-01
6.010705e-01	3.869720e-01	-1.755054e-01
5.110619e-01	3.956306e-01	1.352557e-03
5.654994e-01	3.977154e-01	-1.262103e-03
4.970541e-01	2.235735e-01	7.347910e-02
5.744967e-01	2.182706e-01	5.327740e-02
4.910897e-01	7.346440e-02	2.697841e-01
5.667623e-01	6.376603e-02	2.343270e-01
4.997786e-01	4.733855e-02	2.828463e-01
5.607212e-01	3.948925e-02	2.439761e-01
4.632444e-01	1.400581e-02	1.945363e-01
5.914356e-01	4.412098e-03	1.281197e-01
5.416629e-01	8.088560e-01	-3.003235e-01
5.345886e-01	8.262947e-01	-2.803933e-01
5.305793e-01	8.254557e-01	-2.804221e-01
5.261959e-01	8.246194e-01	-2.803839e-01
5.482153e-01	8.267807e-01	-2.791734e-01
5.523794e-01	8.262911e-01	-2.792417e-01
5.557408e-01	8.257334e-01	-2.791459e-01
5.191514e-01	8.117157e-01	-1.644793e-01
5.587416e-01	8.120689e-01	-1.591601e-01
5.332887e-01	7.853371e-01	-2.575434e-01
5.497166e-01	7.850725e-01	-2.556159e-01
4.903359e-01	6.860545e-01	-1.089343e-01
5.887462e-01	6.857836e-01	-9.085687e-02
4.717220e-01	5.411664e-01	-9.238102e-02
5.999224e-01	5.382474e-01	-5.781550e-02
4.685101e-01	4.112242e-01	-1.730038e-01
6.031832e-01	4.124485e-01	-1.495400e-01
4.643907e-01	3.653291e-01	-2.066911e-01
6.037791e-01	3.697772e-01	-1.833184e-01
4.729205e-01	3.642821e-01	-2.416697e-01
6.012906e-01	3.719624e-01	-2.188853e-01
4.783877e-01	3.789868e-01	-1.896381e-01
5.973763e-01	3.885414e-01	-1.677044e-01
5.106579e-01	3.968269e-01	1.165818e-03
5.645902e-01	3.997988e-01	-1.077171e-03
4.966758e-01	2.249134e-01	7.030550e-02
5.738900e-01	2.195698e-01	5.365238e-02
4.909802e-01	7.381416e-02	2.742698e-01
5.663193e-01	6.452873e-02	2.351424e-01
4.996933e-01	4.777157e-02	2.880665e-01
5.603759e-01	4.002858e-02	2.445785e-01
4.626860e-01	1.456560e-02	1.895774e-01
5.914273e-01	5.839675e-03	1.304086e-01
5.408100e-01	8.090902e-01	-3.002691e-01
5.338531e-01	8.265644e-01	-2.800362e-01
5.299376e-01	8.258231e-01	-2.800694e-01
5.255924e-01	8.251025e-01	-2.800310e-01
5.474578e-01	8.269985e-01	-2.785022e-01
5.517015e-01	8.265644e-01	-2.785676e-01
5.551151e-01	8.260575e-01	-2.784615e-01
5.189410e-01	8.127785e-01	-1.645418e-01
5.584487e-01	8.130772e-01	-1.581292e-01
5.326038e-01	7.856888e-01	-2.579084e-01
5.489643e-01	7.853318e-01	-2.556507e-01
4.903565e-01	6.875590e-01	-1.105358e-01
5.880483e-01	6.863865e-01	-8.824402e-02
4.739922e-01	5.418980e-01	-9.993153e-02
5.982654e-01	5.382370e-01	-5.663701e-02
4.722067e-01	4.154824e-01	-1.874111e-01
6.016888e-01	4.142685e-01	-1.501714e-01
4.681306e-01	3.696716e-01	-2.226404e-01
6.027185e-01	3.703533e-01	-1.839806e-01
4.769683e-01	3.698849e-01	-2.563595e-01
6.008049e-01	3.728569e-01	-2.201914e-01
4.820088e-01	3.840985e-01	-2.035182e-01
5.964962e-01	3.894976e-01	-1.685677e-01
5.108733e-01	4.014681e-01	1.030750e-03
5.645633e-01	4.047419e-01	-9.428863e-04
4.964962e-01	2.294356e-01	6.007741e-02
5.734971e-01	2.224753e-01	4.485314e-02
4.909747e-01	7.578741e-02	2.598396e-01
5.661459e-01	6.595910e-02	2.247893e-01
4.996824e-01	4.948638e-02	2.729735e-01
5.602151e-01	4.195435e-02	2.343182e-01
4.630086e-01	1.638460e-02	1.726019e-01
5.913240e-01	6.764545e-03	1.168457e-01
5.397189e-01	8.087674e-01	-3.032673e-01
5.328968e-01	8.263985e-01	-2.834536e-01
5.291611e-01	8.257105e-01	-2.834790e-01
5.247299e-01	8.250517e-01	-2.834325e-01
5.464762e-01	8.268610e-01	-2.822338e-01
5.508927e-01	8.264496e-01	-2.822980e-01
5.543715e-01	8.259839e-01	-2.821943e-01
5.185058e-01	8.131610e-01	-1.675897e-01
5.580932e-01	8.133305e-01	-1.628082e-01
5.316584e-01	7.854980e-01	-2.604643e-01
5.479754e-01	7.851624e-01	-2.586861e-01
4.898314e-01	6.889868e-01	-1.088160e-01
5.869239e-01	6.875104e-01	-9.082044e-02
4.739320e-01	5.408689e-01	-9.253529e-02
5.960037e-01	5.414306e-01	-6.427415e-02
4.717178e-01	4.107086e-01	-1.736318e-01
6.002948e-01	4.174494e-01	-1.587179e-01
4.667343e-01	3.671391e-01	-2.065998e-01
6.014531e-01	3.740656e-01	-1.925030e-01
4.755310e-01	3.663586e-01	-2.409856e-01
5.987806e-01	3.758828e-01	-2.279398e-01
4.810855e-01	3.797684e-01	-1.899139e-01
5.953057e-01	3.897243e-01	-1.765902e-01
5.109184e-01	4.025929e-01	1.395921e-03
5.639363e-01	4.061001e-01	-1.314967e-03
4.961013e-01	2.303352e-01	5.743872e-02
5.734732e-01	2.241531e-01	4.079942e-02
4.909861e-01	7.678431e-02	2.565143e-01
5.661368e-01	6.780843e-02	2.200847e-01
4.996560e-01	5.108231e-02	2.697408e-01
5.602537e-01	4.489295e-02	2.297853e-01
4.627396e-01	1.748580e-02	1.705656e-01
5.909585e-01	7.901547e-03	1.132748e-01
5.393116e-01	8.085763e-01	-3.013509e-01
5.326099e-01	8.262206e-01	-2.819132e-01
5.288566e-01	8.255507e-01	-2.819324e-01
5.245636e-01	8.249259e-01	-2.818773e-01
5.461759e-01	8.266681e-01	-2.807586e-01
5.505476e-01	8.262517e-01	-2.808226e-01
5.540992e-01	8.257980e-01	-2.807283e-01
5.183665e-01	8.133500e-01	-1.669957e-01
5.579873e-01	8.132981e-01	-1.625231e-01
5.312167e-01	7.852583e-01	-2.586749e-01
5.475336e-01	7.849407e-01	-2.569597e-01
4.897323e-01	6.895798e-01	-1.075686e-01
5.859852e-01	6.886665e-01	-9.053311e-02
4.745865e-01	5.392342e-01	-8.673109e-02
5.934047e-01	5.422820e-01	-6.477113e-02
4.723467e-01	4.055672e-01	-1.619101e-01
5.979506e-01	4.167464e-01	-1.558331e-01
4.668561e-01	3.625212e-01	-1.928141e-01
6.000715e-01	3.727244e-01	-1.886745e-01
4.754592e-01	3.615208e-01	-2.273656e-01
5.962050e-01	3.727539e-01	-2.231741e-01
4.811003e-01	3.729956e-01	-1.783197e-01
5.920273e-01	3.869870e-01	-1.731405e-01
5.105738e-01	4.035904e-01	1.324388e-03
5.622479e-01	4.062012e-01	-1.244640e-03
4.957013e-01	2.311210e-01	4.678763e-02
5.733089e-01	2.265838e-01	3.797790e-02
4.909564e-01	7.745069e-02	2.378756e-01
5.661231e-01	7.024420e-02	2.168709e-01
4.994937e-01	5.181929e-02	2.502850e-01
5.602289e-01	4.764766e-02	2.265771e-01
4.622755e-01	1.994419e-02	1.525039e-01
5.909494e-01	9.828206e-03	1.131216e-01
