5.497354e-01	7.381971e-01	-3.636998e-01
5.440601e-01	7.572324e-01	-3.521178e-01
5.400045e-01	7.571959e-01	-3.521009e-01
5.356985e-01	7.570237e-01	-3.520329e-01
5.556553e-01	7.580518e-01	-3.508604e-01
5.595888e-01	7.585542e-01	-3.509046e-01
5.638631e-01	7.586924e-01	-3.508018e-01
5.317852e-01	7.526715e-01	-2.464870e-01
5.684715e-01	7.532190e-01	-2.400155e-01
5.424703e-01	7.191609e-01	-3.210461e-01
5.564300e-01	7.209842e-01	-3.187560e-01
5.049796e-01	6.525839e-01	-1.660083e-01
5.968456e-01	6.484863e-01	-1.551290e-01
4.977770e-01	5.135120e-01	-1.225199e-01
6.039461e-01	5.150092e-01	-1.142896e-01
4.903875e-01	3.953519e-01	-1.871376e-01
6.054088e-01	3.846578e-01	-1.865954e-01
4.868227e-01	3.624890e-01	-2.171214e-01
6.089535e-01	3.501193e-01	-2.169776e-01
4.920319e-01	3.620351e-01	-2.505048e-01
6.050760e-01	3.508212e-01	-2.472064e-01
4.970284e-01	3.747171e-01	-2.030636e-01
6.002948e-01	3.657949e-01	-2.015310e-01
5.246541e-01	3.910381e-01	-4.636846e-03
5.716364e-01	3.882764e-01	4.631800e-03
5.185475e-01	2.388055e-01	9.160820e-02
5.778578e-01	2.429748e-01	1.241030e-01
5.168596e-01	9.727147e-02	3.051091e-01
5.792681e-01	1.010090e-01	3.626718e-01
5.239978e-01	7.507628e-02	3.215562e-01
5.697759e-01	8.030984e-02	3.810974e-01
4.944609e-01	3.722885e-02	2.291842e-01
6.069413e-01	4.167134e-02	2.868506e-01
5.495608e-01	7.397505e-01	-3.718169e-01
5.439632e-01	7.583228e-01	-3.588908e-01
5.397902e-01	7.587395e-01	-3.588789e-01
5.357046e-01	7.590842e-01	-3.588116e-01
5.556412e-01	7.584907e-01	-3.590814e-01
5.595677e-01	7.588421e-01	-3.591505e-01
5.638543e-01	7.589759e-01	-3.590940e-01
5.317420e-01	7.545043e-01	-2.491869e-01
5.686455e-01	7.538320e-01	-2.496569e-01
5.422577e-01	7.211772e-01	-3.275738e-01
5.564156e-01	7.221966e-01	-3.274796e-01
5.049682e-01	6.525784e-01	-1.675430e-01
5.969766e-01	6.487835e-01	-1.565862e-01
4.979337e-01	5.153450e-01	-1.263437e-01
6.037266e-01	5.149965e-01	-1.145394e-01
4.906488e-01	4.008789e-01	-1.915348e-01
6.051859e-01	3.846737e-01	-1.902029e-01
4.867810e-01	3.655916e-01	-2.210270e-01
6.086857e-01	3.501173e-01	-2.195866e-01
4.918791e-01	3.652254e-01	-2.536993e-01
6.050698e-01	3.503214e-01	-2.530609e-01
4.969002e-01	3.768872e-01	-2.072062e-01
6.003134e-01	3.644578e-01	-2.061760e-01
5.246826e-01	3.966255e-01	-6.850651e-03
5.722900e-01	3.961363e-01	6.885599e-03
5.185137e-01	2.384246e-01	5.456439e-02
5.812771e-01	2.407276e-01	9.523505e-02
5.164899e-01	9.710701e-02	2.468242e-01
5.792483e-01	9.790632e-02	3.019447e-01
5.234276e-01	7.532785e-02	2.587590e-01
5.698002e-01	7.861338e-02	3.146880e-01
4.950903e-01	3.821804e-02	1.483481e-01
6.079415e-01	4.115621e-02	2.016640e-01
5.495939e-01	7.418145e-01	-3.711418e-01
5.440018e-01	7.598233e-01	-3.582860e-01
5.397876e-01	7.604280e-01	-3.582755e-01
5.358306e-01	7.609874e-01	-3.582108e-01
5.556935e-01	7.595534e-01	-3.582550e-01
5.595898e-01	7.597742e-01	-3.583193e-01
5.639015e-01	7.599291e-01	-3.582613e-01
5.317360e-01	7.561322e-01	-2.489162e-01
5.687213e-01	7.548446e-01	-2.482559e-01
5.422738e-01	7.231486e-01	-3.269867e-01
5.564749e-01	7.238842e-01	-3.265753e-01
5.048851e-01	6.527726e-01	-1.644640e-01
5.968126e-01	6.502755e-01	-1.548915e-01
4.979420e-01	5.174937e-01	-1.224625e-01
6.034275e-01	5.170367e-01	-1.097680e-01
4.895567e-01	4.024338e-01	-1.868911e-01
6.062376e-01	3.914451e-01	-1.870690e-01
4.854306e-01	3.668469e-01	-2.144137e-01
6.098036e-01	3.544565e-01	-2.149890e-01
4.893586e-01	3.663876e-01	-2.479541e-01
6.068297e-01	3.538650e-01	-2.511424e-01
4.945366e-01	3.774915e-01	-2.028717e-01
6.021734e-01	3.671419e-01	-2.040588e-01
5.255478e-01	4.016898e-01	-6.802556e-03
5.740865e-01	4.023092e-01	6.836854e-03
5.185142e-01	2.383569e-01	5.228241e-02
5.821937e-01	2.401025e-01	8.408912e-02
5.161819e-01	9.697675e-02	2.360013e-01
5.791125e-01	9.687079e-02	2.854875e-01
5.229987e-01	7.533029e-02	2.468817e-01
5.698060e-01	7.765102e-02	2.975147e-01
4.950200e-01	3.892075e-02	1.344446e-01
6.081063e-01	4.113512e-02	1.822038e-01
5.495893e-01	7.433701e-01	-3.691903e-01
5.440022e-01	7.613866e-01	-3.547731e-01
5.397385e-01	7.621192e-01	-3.547767e-01
5.358497e-01	7.627693e-01	-3.547195e-01
5.557286e-01	7.606910e-01	-3.554780e-01
5.596191e-01	7.607621e-01	-3.555439e-01
5.639576e-01	7.608218e-01	-3.555290e-01
5.315695e-01	7.578619e-01	-2.403251e-01
5.687481e-01	7.554725e-01	-2.426830e-01
5.421549e-01	7.243669e-01	-3.232873e-01
5.564752e-01	7.247756e-01	-3.238749e-01
5.044371e-01	6.528461e-01	-1.500667e-01
5.964396e-01	6.512583e-01	-1.458172e-01
4.975689e-01	5.205208e-01	-1.038086e-01
6.029100e-01	5.209322e-01	-9.799363e-02
4.868511e-01	4.062828e-01	-1.712563e-01
6.085069e-01	4.007714e-01	-1.784432e-01
4.814603e-01	3.706603e-01	-1.968700e-01
6.133845e-01	3.614025e-01	-2.052389e-01
4.838855e-01	3.689740e-01	-2.315969e-01
6.100552e-01	3.608246e-01	-2.421682e-01
4.900459e-01	3.799172e-01	-1.880375e-01
6.050130e-01	3.743814e-01	-1.958121e-01
5.258678e-01	4.041828e-01	-6.286771e-03
5.746640e-01	4.041383e-01	6.332173e-03
5.179186e-01	2.384266e-01	4.415795e-02
5.847837e-01	2.399011e-01	6.514890e-02
5.157804e-01	9.703095e-02	2.292482e-01
5.790839e-01	9.551381e-02	2.590530e-01
5.226993e-01	7.546728e-02	2.400504e-01
5.699010e-01	7.604304e-02	2.699409e-01
4.950174e-01	3.987110e-02	1.269246e-01
6.083926e-01	4.086655e-02	1.516445e-01
5.495600e-01	7.454723e-01	-3.595966e-01
5.439721e-01	7.634064e-01	-3.442063e-01
5.396404e-01	7.640299e-01	-3.442143e-01
5.358503e-01	7.645776e-01	-3.441584e-01
5.557320e-01	7.626796e-01	-3.455224e-01
5.596252e-01	7.627240e-01	-3.455780e-01
5.639813e-01	7.626308e-01	-3.455740e-01
5.314327e-01	7.594109e-01	-2.262726e-01
5.688139e-01	7.567692e-01	-2.315302e-01
5.420654e-01	7.262400e-01	-3.125033e-01
5.564808e-01	7.265466e-01	-3.138775e-01
5.043069e-01	6.531606e-01	-1.321133e-01
5.963969e-01	6.531546e-01	-1.332929e-01
4.961995e-01	5.228280e-01	-7.736798e-02
6.030139e-01	5.268260e-01	-8.007656e-02
4.845084e-01	4.100792e-01	-1.438043e-01
6.124269e-01	4.113581e-01	-1.613584e-01
4.795876e-01	3.740093e-01	-1.673228e-01
6.200190e-01	3.722071e-01	-1.869747e-01
4.817788e-01	3.722261e-01	-2.020063e-01
6.171454e-01	3.729620e-01	-2.249763e-01
4.880473e-01	3.834846e-01	-1.606200e-01
6.119254e-01	3.856058e-01	-1.791970e-01
5.258628e-01	4.061668e-01	-4.752474e-03
5.747841e-01	4.050752e-01	4.788470e-03
5.169638e-01	2.389212e-01	4.162138e-02
5.859262e-01	2.398824e-01	5.044887e-02
5.153379e-01	9.740721e-02	2.381266e-01
5.789731e-01	9.520040e-02	2.463541e-01
5.224496e-01	7.597392e-02	2.501914e-01
5.699133e-01	7.569250e-02	2.574053e-01
4.949455e-01	4.035743e-02	1.396268e-01
6.083828e-01	4.081257e-02	1.374744e-01
5.495622e-01	7.464389e-01	-3.461961e-01
5.439688e-01	7.643542e-01	-3.304835e-01
5.395936e-01	7.648812e-01	-3.304997e-01
5.358539e-01	7.653030e-01	-3.304446e-01
5.557574e-01	7.637004e-01	-3.321847e-01
5.596694e-01	7.637454e-01	-3.322286e-01
5.640537e-01	7.635634e-01	-3.322049e-01
5.313236e-01	7.599201e-01	-2.127172e-01
5.689512e-01	7.574710e-01	-2.195894e-01
5.420623e-01	7.269361e-01	-2.995167e-01
5.565304e-01	7.273816e-01	-3.012198e-01
5.041060e-01	6.533804e-01	-1.158479e-01
5.963956e-01	6.539978e-01	-1.246335e-01
4.944752e-01	5.256132e-01	-5.421045e-02
6.035575e-01	5.278376e-01	-6.768349e-02
4.785345e-01	4.197369e-01	-1.157590e-01
6.153415e-01	4.196598e-01	-1.458772e-01
4.739770e-01	3.847181e-01	-1.372473e-01
6.252598e-01	3.855620e-01	-1.710611e-01
4.739088e-01	3.835093e-01	-1.727426e-01
6.254452e-01	3.888215e-01	-2.099949e-01
4.795806e-01	3.946843e-01	-1.328200e-01
6.184255e-01	3.987522e-01	-1.642064e-01
5.257097e-01	4.069048e-01	-1.383545e-03
5.750554e-01	4.051310e-01	1.408442e-03
5.155267e-01	2.391251e-01	3.923125e-02
5.868719e-01	2.393595e-01	4.152905e-02
5.148205e-01	9.794750e-02	2.351897e-01
5.786964e-01	9.513820e-02	2.362541e-01
5.221390e-01	7.673894e-02	2.470824e-01
5.699056e-01	7.564799e-02	2.472048e-01
4.948178e-01	4.089675e-02	1.364741e-01
6.083141e-01	4.070870e-02	1.277076e-01
5.495619e-01	7.479938e-01	-3.470172e-01
5.439571e-01	7.658256e-01	-3.316868e-01
5.395575e-01	7.662209e-01	-3.317079e-01
5.358571e-01	7.664751e-01	-3.316574e-01
5.557655e-01	7.651767e-01	-3.331734e-01
5.596864e-01	7.651895e-01	-3.332148e-01
5.640876e-01	7.648430e-01	-3.331904e-01
5.312760e-01	7.607353e-01	-2.152409e-01
5.690580e-01	7.582580e-01	-2.210324e-01
5.420597e-01	7.283181e-01	-3.007855e-01
5.565611e-01	7.287054e-01	-3.021214e-01
5.040489e-01	6.543146e-01	-1.192373e-01
5.963510e-01	6.549860e-01	-1.262250e-01
4.932227e-01	5.329300e-01	-5.944347e-02
6.061413e-01	5.304922e-01	-7.035840e-02
4.667130e-01	4.276323e-01	-1.210302e-01
6.248009e-01	4.316267e-01	-1.469261e-01
4.588899e-01	3.955071e-01	-1.419547e-01
6.356996e-01	3.983987e-01	-1.715189e-01
4.562220e-01	3.946194e-01	-1.775384e-01
6.372278e-01	4.015151e-01	-2.101690e-01
4.642870e-01	4.052158e-01	-1.382897e-01
6.294482e-01	4.108807e-01	-1.652678e-01
5.256870e-01	4.070480e-01	-1.061087e-03
5.756673e-01	4.057298e-01	1.079393e-03
5.147237e-01	2.396339e-01	3.976521e-02
5.875382e-01	2.393791e-01	4.616619e-02
5.141548e-01	9.836742e-02	2.376305e-01
5.785459e-01	9.517095e-02	2.461707e-01
5.216783e-01	7.743097e-02	2.497325e-01
5.699054e-01	7.559501e-02	2.577076e-01
4.946768e-01	4.115191e-02	1.399618e-01
6.083326e-01	4.070844e-02	1.407866e-01
5.494796e-01	7.487639e-01	-3.250571e-01
5.438200e-01	7.667489e-01	-3.074999e-01
5.394166e-01	7.670658e-01	-3.075406e-01
5.358289e-01	7.672815e-01	-3.075002e-01
5.557480e-01	7.660179e-01	-3.096458e-01
5.596784e-01	7.659853e-01	-3.096629e-01
5.640895e-01	7.655675e-01	-3.096066e-01
5.310709e-01	7.612935e-01	-1.863015e-01
5.690725e-01	7.587350e-01	-1.953767e-01
5.419340e-01	7.289292e-01	-2.779233e-01
5.565558e-01	7.292081e-01	-2.801615e-01
5.040417e-01	6.554003e-01	-9.337255e-02
5.959905e-01	6.573487e-01	-1.051194e-01
4.899624e-01	5.425912e-01	-3.297749e-02
6.087135e-01	5.399318e-01	-6.339356e-02
4.571468e-01	4.502092e-01	-1.050521e-01
6.368320e-01	4.546313e-01	-1.554628e-01
4.461494e-01	4.214484e-01	-1.285839e-01
6.488631e-01	4.272415e-01	-1.807494e-01
4.424281e-01	4.222748e-01	-1.685104e-01
6.510078e-01	4.325639e-01	-2.114866e-01
4.489719e-01	4.325327e-01	-1.244224e-01
6.438206e-01	4.410855e-01	-1.724057e-01
5.255004e-01	4.075335e-01	7.477425e-04
5.756343e-01	4.061220e-01	-7.103091e-04
5.147024e-01	2.396309e-01	3.421624e-02
5.870964e-01	2.393911e-01	3.594530e-02
5.135909e-01	9.832565e-02	2.277146e-01
5.784417e-01	9.479694e-02	2.325956e-01
5.211930e-01	7.734940e-02	2.391710e-01
5.699061e-01	7.467372e-02	2.432007e-01
4.942575e-01	4.123528e-02	1.291999e-01
6.081856e-01	4.068701e-02	1.254549e-01
5.496003e-01	7.490017e-01	-2.784619e-01
5.438777e-01	7.667096e-01	-2.600092e-01
5.394244e-01	7.670280e-01	-2.600587e-01
5.358788e-01	7.671842e-01	-2.600240e-01
5.558092e-01	7.659747e-01	-2.600825e-01
5.597770e-01	7.659185e-01	-2.600805e-01
5.642069e-01	7.654897e-01	-2.600025e-01
5.310308e-01	7.611709e-01	-1.411927e-01
5.690867e-01	7.586963e-01	-1.410039e-01
5.419877e-01	7.288827e-01	-2.333042e-01
5.566136e-01	7.291462e-01	-2.328789e-01
5.040615e-01	6.558526e-01	-5.929045e-02
5.952455e-01	6.590098e-01	-5.488563e-02
4.860416e-01	5.527783e-01	-1.631600e-02
6.135148e-01	5.526366e-01	-2.392917e-02
4.440804e-01	4.767822e-01	-1.059093e-01
6.502709e-01	4.847973e-01	-1.377023e-01
4.301724e-01	4.533116e-01	-1.311434e-01
6.627226e-01	4.659669e-01	-1.701365e-01
4.269400e-01	4.570621e-01	-1.737564e-01
6.644315e-01	4.683213e-01	-2.065374e-01
4.340413e-01	4.644506e-01	-1.268908e-01
6.578856e-01	4.747178e-01	-1.581825e-01
5.251269e-01	4.074439e-01	6.183059e-04
5.756145e-01	4.057813e-01	-5.620214e-04
5.147749e-01	2.396286e-01	2.475505e-02
5.865332e-01	2.393753e-01	2.981743e-02
5.131534e-01	9.830637e-02	2.222838e-01
5.781400e-01	9.416770e-02	2.269351e-01
5.206344e-01	7.726937e-02	2.344446e-01
5.697489e-01	7.361882e-02	2.371941e-01
4.937561e-01	4.125375e-02	1.257074e-01
6.078596e-01	4.057736e-02	1.193669e-01
5.495024e-01	7.494819e-01	-2.749246e-01
5.437602e-01	7.670007e-01	-2.564082e-01
5.393115e-01	7.672490e-01	-2.564690e-01
5.358506e-01	7.673543e-01	-2.564436e-01
5.557489e-01	7.663171e-01	-2.574333e-01
5.597025e-01	7.662350e-01	-2.574309e-01
5.641672e-01	7.657868e-01	-2.573579e-01
5.308798e-01	7.611433e-01	-1.361242e-01
5.690832e-01	7.588662e-01	-1.401395e-01
5.418920e-01	7.293901e-01	-2.291836e-01
5.565917e-01	7.295561e-01	-2.297542e-01
5.042237e-01	6.583289e-01	-4.479992e-02
5.948287e-01	6.626245e-01	-4.789146e-02
4.840676e-01	5.655289e-01	3.241223e-02
6.167566e-01	5.677058e-01	3.005916e-02
4.349495e-01	5.132505e-01	-1.646389e-02
6.568538e-01	5.091856e-01	-2.120136e-02
4.200982e-01	4.908876e-01	-3.067720e-02
6.720217e-01	4.972215e-01	-4.049528e-02
4.180319e-01	4.967681e-01	-7.615401e-02
6.735325e-01	5.011043e-01	-8.004617e-02
4.253119e-01	5.052431e-01	-3.738877e-02
6.667914e-01	5.044199e-01	-4.072791e-02
5.248995e-01	4.082854e-01	1.141858e-03
5.756018e-01	4.060891e-01	-1.057718e-03
5.147902e-01	2.396664e-01	2.165168e-02
5.857221e-01	2.399439e-01	1.818437e-02
5.129222e-01	9.809275e-02	2.032333e-01
5.779527e-01	9.380747e-02	2.043645e-01
5.204254e-01	7.665090e-02	2.138135e-01
5.695972e-01	7.295701e-02	2.137377e-01
4.933465e-01	4.127419e-02	1.029325e-01
6.075022e-01	4.053276e-02	9.447448e-02
5.492520e-01	7.499161e-01	-3.012613e-01
5.434996e-01	7.673092e-01	-2.832029e-01
5.391051e-01	7.674545e-01	-2.832453e-01
5.357276e-01	7.675177e-01	-2.832005e-01
5.556613e-01	7.666795e-01	-2.838048e-01
5.596335e-01	7.665453e-01	-2.838160e-01
5.641440e-01	7.660488e-01	-2.837506e-01
5.305575e-01	7.610905e-01	-1.605648e-01
5.690860e-01	7.588701e-01	-1.628335e-01
5.416563e-01	7.296647e-01	-2.550352e-01
5.565211e-01	7.297358e-01	-2.551116e-01
5.050244e-01	6.614999e-01	-5.660919e-02
5.947002e-01	6.631666e-01	-6.104670e-02
4.793995e-01	5.884673e-01	6.461269e-02
6.212757e-01	5.830795e-01	7.219698e-02
4.295076e-01	5.481807e-01	1.031647e-01
6.661519e-01	5.393917e-01	1.149444e-01
4.178843e-01	5.399895e-01	1.124828e-01
6.830115e-01	5.274718e-01	1.161713e-01
4.178063e-01	5.435666e-01	6.618627e-02
6.825203e-01	5.304553e-01	8.024088e-02
4.255111e-01	5.462471e-01	8.442625e-02
6.753492e-01	5.354974e-01	1.000186e-01
5.246450e-01	4.080003e-01	1.033696e-03
5.755147e-01	4.059369e-01	-9.726693e-04
5.148101e-01	2.398411e-01	2.964138e-02
5.851463e-01	2.403700e-01	4.292167e-02
5.127360e-01	9.787890e-02	2.181883e-01
5.777670e-01	9.381512e-02	2.310482e-01
5.201241e-01	7.613385e-02	2.292068e-01
5.693660e-01	7.279531e-02	2.376534e-01
4.930627e-01	4.122148e-02	1.216776e-01
6.072694e-01	4.054963e-02	1.251973e-01
5.490583e-01	7.518943e-01	-3.044338e-01
5.434065e-01	7.692035e-01	-2.870099e-01
5.390300e-01	7.692365e-01	-2.870532e-01
5.356677e-01	7.692229e-01	-2.870285e-01
5.556534e-01	7.685208e-01	-2.886781e-01
5.596382e-01	7.681717e-01	-2.887017e-01
5.641603e-01	7.673888e-01	-2.886099e-01
5.302082e-01	7.620964e-01	-1.680391e-01
5.692632e-01	7.591159e-01	-1.739682e-01
5.412388e-01	7.317377e-01	-2.587956e-01
5.564328e-01	7.310725e-01	-2.601112e-01
5.045846e-01	6.665719e-01	-6.101882e-02
5.952865e-01	6.628091e-01	-7.949289e-02
4.672932e-01	6.123475e-01	6.002138e-02
6.332392e-01	5.864741e-01	1.594831e-02
4.388168e-01	5.954694e-01	1.119543e-01
6.824880e-01	5.787303e-01	1.614617e-02
4.313966e-01	5.903664e-01	1.188469e-01
6.993247e-01	5.662654e-01	6.118310e-03
4.310299e-01	5.909991e-01	8.173539e-02
6.994579e-01	5.721296e-01	-3.046061e-02
4.363244e-01	5.959690e-01	9.711911e-02
6.908974e-01	5.714409e-01	-9.618441e-04
5.239370e-01	4.080879e-01	5.028388e-03
5.753196e-01	4.057892e-01	-4.963415e-03
5.148580e-01	2.403584e-01	7.739188e-02
5.841518e-01	2.411324e-01	7.242309e-02
5.126494e-01	9.788917e-02	2.457999e-01
5.777201e-01	9.386766e-02	2.687986e-01
5.200181e-01	7.612919e-02	2.555325e-01
5.693693e-01	7.287455e-02	2.793275e-01
4.927560e-01	4.118355e-02	1.482953e-01
6.069742e-01	4.055504e-02	1.678079e-01
5.491897e-01	7.545514e-01	-3.067003e-01
5.434844e-01	7.717273e-01	-2.882577e-01
5.390700e-01	7.717164e-01	-2.883211e-01
5.357114e-01	7.716702e-01	-2.882867e-01
5.558233e-01	7.709890e-01	-2.908304e-01
5.599600e-01	7.704535e-01	-2.908502e-01
5.644317e-01	7.695552e-01	-2.907739e-01
5.301949e-01	7.637361e-01	-1.665079e-01
5.695821e-01	7.602850e-01	-1.763935e-01
5.412436e-01	7.345802e-01	-2.601839e-01
5.565640e-01	7.333535e-01	-2.624978e-01
5.043138e-01	6.726454e-01	-5.919168e-02
5.964354e-01	6.624264e-01	-8.535825e-02
4.559072e-01	6.355693e-01	4.006178e-02
6.489086e-01	6.124575e-01	-3.858799e-02
4.175408e-01	6.300637e-01	6.540423e-02
7.084097e-01	6.296756e-01	-8.320101e-02
4.075374e-01	6.255398e-01	6.816692e-02
7.258397e-01	6.099390e-01	-9.670020e-02
4.073697e-01	6.275021e-01	3.177387e-02
7.284372e-01	6.375483e-01	-1.347232e-01
4.124614e-01	6.263519e-01	4.926524e-02
7.181934e-01	6.353292e-01	-1.034716e-01
5.233510e-01	4.093575e-01	6.899698e-03
5.750784e-01	4.067462e-01	-6.894121e-03
5.148958e-01	2.414229e-01	7.981764e-02
5.839681e-01	2.418542e-01	7.888119e-02
5.126310e-01	9.809624e-02	2.532566e-01
5.777161e-01	9.411235e-02	2.873906e-01
5.200189e-01	7.636953e-02	2.631902e-01
5.694028e-01	7.322916e-02	2.999562e-01
4.926578e-01	4.113841e-02	1.511008e-01
6.067206e-01	4.058659e-02	1.854807e-01
5.492130e-01	7.570153e-01	-2.608825e-01
5.435423e-01	7.737605e-01	-2.440931e-01
5.391137e-01	7.737113e-01	-2.441404e-01
5.357621e-01	7.736309e-01	-2.441027e-01
5.558638e-01	7.730613e-01	-2.462509e-01
5.600262e-01	7.724597e-01	-2.462439e-01
5.644759e-01	7.715333e-01	-2.461506e-01
5.302166e-01	7.654033e-01	-1.316298e-01
5.696435e-01	7.617332e-01	-1.380862e-01
5.412447e-01	7.371693e-01	-2.172707e-01
5.565757e-01	7.356937e-01	-2.189387e-01
5.031043e-01	6.828445e-01	-5.557985e-02
5.983121e-01	6.666002e-01	-6.630567e-02
4.473419e-01	6.779403e-01	-1.258782e-01
6.599215e-01	6.594754e-01	-6.041463e-02
4.178022e-01	6.711069e-01	-3.051613e-01
7.067161e-01	6.694228e-01	-1.499217e-01
4.039319e-01	6.610574e-01	-3.403223e-01
7.305561e-01	6.764644e-01	-1.791293e-01
4.098790e-01	6.634196e-01	-3.668551e-01
7.304547e-01	6.876383e-01	-2.064971e-01
4.158925e-01	6.617954e-01	-3.236777e-01
7.188668e-01	6.828442e-01	-1.673818e-01
5.224422e-01	4.121654e-01	4.623153e-03
5.747862e-01	4.092790e-01	-4.520371e-03
5.149268e-01	2.425562e-01	7.573028e-02
5.836126e-01	2.427303e-01	9.203555e-02
5.125877e-01	9.833801e-02	2.464724e-01
5.777367e-01	9.426674e-02	2.897098e-01
5.199841e-01	7.669066e-02	2.535754e-01
5.695587e-01	7.350874e-02	3.007735e-01
4.925555e-01	4.113396e-02	1.311861e-01
6.066961e-01	4.066205e-02	1.822595e-01
5.492004e-01	7.607642e-01	-2.463559e-01
5.435420e-01	7.766730e-01	-2.283463e-01
5.391138e-01	7.765234e-01	-2.283861e-01
5.357673e-01	7.762715e-01	-2.283404e-01
5.558470e-01	7.761346e-01	-2.286119e-01
5.600107e-01	7.755071e-01	-2.286065e-01
5.644568e-01	7.745285e-01	-2.285090e-01
5.302703e-01	7.673060e-01	-1.165560e-01
5.696396e-01	7.640533e-01	-1.144894e-01
5.412458e-01	7.408875e-01	-2.037993e-01
5.565745e-01	7.393525e-01	-2.031015e-01
5.031192e-01	6.883215e-01	-5.641992e-02
5.989637e-01	6.750504e-01	-4.751643e-02
4.455665e-01	6.989492e-01	-1.604747e-01
6.596786e-01	6.844657e-01	-8.415268e-02
4.119974e-01	7.043977e-01	-3.490170e-01
7.005105e-01	7.134185e-01	-2.145413e-01
4.034739e-01	6.989296e-01	-3.855241e-01
7.220073e-01	7.264634e-01	-2.487707e-01
4.127546e-01	7.010441e-01	-4.100018e-01
7.168131e-01	7.366670e-01	-2.683510e-01
4.142212e-01	6.984901e-01	-3.666430e-01
7.099362e-01	7.285532e-01	-2.296438e-01
5.223640e-01	4.147129e-01	-6.715372e-04
5.747065e-01	4.117967e-01	8.085790e-04
5.149015e-01	2.435012e-01	7.153995e-02
5.828599e-01	2.437997e-01	8.749528e-02
5.125925e-01	9.861289e-02	2.309413e-01
5.777404e-01	9.428152e-02	2.842530e-01
5.200672e-01	7.701179e-02	2.390970e-01
5.696656e-01	7.353063e-02	2.953640e-01
4.925566e-01	4.164629e-02	1.162965e-01
6.066977e-01	4.066207e-02	1.783074e-01
5.491896e-01	7.620054e-01	-2.499836e-01
5.435419e-01	7.775734e-01	-2.325775e-01
5.391111e-01	7.773699e-01	-2.326188e-01
5.357696e-01	7.770395e-01	-2.325732e-01
5.558311e-01	7.769665e-01	-2.327758e-01
5.599704e-01	7.763215e-01	-2.327887e-01
5.644435e-01	7.752975e-01	-2.327210e-01
5.304207e-01	7.683495e-01	-1.268409e-01
5.696406e-01	7.654617e-01	-1.236966e-01
5.412470e-01	7.417871e-01	-2.096325e-01
5.565592e-01	7.407622e-01	-2.086705e-01
5.042082e-01	6.950700e-01	-6.446765e-02
5.989078e-01	6.805637e-01	-5.976029e-02
4.419110e-01	7.364143e-01	-1.740122e-01
6.543723e-01	7.100084e-01	-6.724801e-02
4.107192e-01	7.790977e-01	-3.461993e-01
6.985058e-01	7.709121e-01	-1.786583e-01
4.039165e-01	7.820079e-01	-3.835534e-01
7.174058e-01	7.879972e-01	-2.027093e-01
4.115300e-01	7.847639e-01	-4.015641e-01
7.140367e-01	7.969202e-01	-2.145981e-01
4.165023e-01	7.804732e-01	-3.621908e-01
7.075282e-01	7.915284e-01	-2.242406e-01
5.223945e-01	4.170943e-01	-4.094982e-03
5.746919e-01	4.142008e-01	4.203734e-03
5.149258e-01	2.447380e-01	7.073805e-02
5.821798e-01	2.445167e-01	8.672788e-02
5.127128e-01	9.875624e-02	2.297131e-01
5.778875e-01	9.440400e-02	2.837964e-01
5.203996e-01	7.729790e-02	2.389538e-01
5.700485e-01	7.381237e-02	2.951998e-01
4.926003e-01	4.177452e-02	1.178826e-01
6.067021e-01	4.063781e-02	1.772952e-01
5.492581e-01	7.624696e-01	-2.646964e-01
5.436412e-01	7.780362e-01	-2.477692e-01
5.391647e-01	7.778535e-01	-2.478040e-01
5.357944e-01	7.776809e-01	-2.477526e-01
5.558582e-01	7.776409e-01	-2.478074e-01
5.599869e-01	7.770853e-01	-2.478437e-01
5.644585e-01	7.763277e-01	-2.477743e-01
5.304794e-01	7.694260e-01	-1.412892e-01
5.696911e-01	7.675064e-01	-1.399222e-01
5.413409e-01	7.419456e-01	-2.245217e-01
5.565674e-01	7.419406e-01	-2.236559e-01
5.043579e-01	6.982271e-01	-8.384316e-02
5.988715e-01	6.848782e-01	-8.127845e-02
4.408540e-01	7.516378e-01	-1.860252e-01
6.577319e-01	7.321018e-01	-1.112926e-01
4.141073e-01	8.466216e-01	-3.285795e-01
7.000103e-01	8.125618e-01	-1.927757e-01
4.080394e-01	8.634366e-01	-3.654788e-01
7.177522e-01	8.340883e-01	-2.201005e-01
4.123018e-01	8.685243e-01	-3.738403e-01
7.143187e-01	8.453380e-01	-2.412771e-01
4.183040e-01	8.518766e-01	-3.408830e-01
7.075756e-01	8.384539e-01	-2.100290e-01
5.224165e-01	4.173532e-01	-3.960859e-03
5.746818e-01	4.149857e-01	4.048245e-03
5.150211e-01	2.449597e-01	7.063659e-02
5.821690e-01	2.449327e-01	8.908269e-02
5.128248e-01	9.882465e-02	2.414218e-01
5.780417e-01	9.486007e-02	2.908522e-01
5.206497e-01	7.776594e-02	2.514094e-01
5.705189e-01	7.490241e-02	3.034681e-01
4.926322e-01	4.180503e-02	1.271525e-01
6.066948e-01	4.046245e-02	1.870232e-01
5.493274e-01	7.629013e-01	-2.779867e-01
5.436422e-01	7.793335e-01	-2.588311e-01
5.391628e-01	7.789238e-01	-2.589519e-01
5.357824e-01	7.784455e-01	-2.589848e-01
5.558557e-01	7.794091e-01	-2.558749e-01
5.599774e-01	7.790634e-01	-2.560106e-01
5.644176e-01	7.784669e-01	-2.559874e-01
5.304354e-01	7.695884e-01	-1.569750e-01
5.696996e-01	7.698720e-01	-1.462991e-01
5.414255e-01	7.425603e-01	-2.394617e-01
5.565842e-01	7.434967e-01	-2.367659e-01
5.051273e-01	6.985067e-01	-1.075364e-01
5.988153e-01	6.900015e-01	-9.641194e-02
4.478455e-01	7.550400e-01	-1.586155e-01
6.585616e-01	7.458334e-01	-1.218782e-01
4.193038e-01	8.696789e-01	-2.511500e-01
6.978978e-01	8.494316e-01	-2.222837e-01
4.124753e-01	9.029345e-01	-2.855968e-01
7.142005e-01	8.803670e-01	-2.543073e-01
4.164887e-01	9.135312e-01	-3.015568e-01
7.098663e-01	8.934026e-01	-2.777751e-01
4.217738e-01	9.005743e-01	-2.655244e-01
7.048082e-01	8.817757e-01	-2.397776e-01
5.223827e-01	4.178436e-01	-4.466064e-03
5.747364e-01	4.159328e-01	4.548774e-03
5.150066e-01	2.451256e-01	6.814225e-02
5.839157e-01	2.449097e-01	8.551878e-02
5.130816e-01	9.867713e-02	2.619219e-01
5.782288e-01	9.486972e-02	2.954022e-01
5.209002e-01	7.771164e-02	2.741481e-01
5.707332e-01	7.490654e-02	3.091283e-01
4.926828e-01	4.180147e-02	1.529150e-01
6.068729e-01	3.964087e-02	1.896920e-01
5.495474e-01	7.637767e-01	-2.889758e-01
5.437782e-01	7.807233e-01	-2.701901e-01
5.392681e-01	7.802451e-01	-2.703355e-01
5.358045e-01	7.797667e-01	-2.703840e-01
5.558892e-01	7.807740e-01	-2.679892e-01
5.599779e-01	7.805508e-01	-2.681331e-01
5.643660e-01	7.802248e-01	-2.681237e-01
5.304479e-01	7.704392e-01	-1.676220e-01
5.696164e-01	7.715610e-01	-1.594146e-01
5.415577e-01	7.437590e-01	-2.493719e-01
5.566034e-01	7.446723e-01	-2.474093e-01
5.056880e-01	6.982042e-01	-1.144561e-01
5.984398e-01	6.931304e-01	-1.079122e-01
4.501120e-01	7.744219e-01	-1.571985e-01
6.557213e-01	7.603545e-01	-1.350154e-01
4.213538e-01	9.158163e-01	-2.322406e-01
6.928915e-01	8.742759e-01	-2.336723e-01
4.179782e-01	9.482000e-01	-2.657821e-01
7.082021e-01	9.149278e-01	-2.663955e-01
4.254690e-01	9.529387e-01	-2.783307e-01
7.050712e-01	9.232525e-01	-2.880432e-01
4.272284e-01	9.450320e-01	-2.450608e-01
6.990448e-01	9.132163e-01	-2.505701e-01
5.225072e-01	4.174421e-01	-4.668019e-03
5.749861e-01	4.165769e-01	4.729250e-03
5.150104e-01	2.450892e-01	6.566069e-02
5.843267e-01	2.447700e-01	8.451019e-02
5.130851e-01	9.835152e-02	2.559978e-01
5.784217e-01	9.459927e-02	2.934829e-01
5.209023e-01	7.769800e-02	2.677018e-01
5.710131e-01	7.483802e-02	3.069138e-01
4.926953e-01	4.179650e-02	1.497349e-01
6.081159e-01	3.878505e-02	1.902443e-01
5.514023e-01	7.681198e-01	-3.148313e-01
5.448079e-01	7.832786e-01	-2.983707e-01
5.403737e-01	7.827060e-01	-2.984859e-01
5.362324e-01	7.819852e-01	-2.984999e-01
5.566880e-01	7.833437e-01	-2.962275e-01
5.606366e-01	7.832260e-01	-2.963268e-01
5.647950e-01	7.831128e-01	-2.963099e-01
5.306513e-01	7.719833e-01	-1.958521e-01
5.696220e-01	7.740442e-01	-1.839076e-01
5.427910e-01	7.467870e-01	-2.742556e-01
5.576631e-01	7.481191e-01	-2.711007e-01
5.063843e-01	6.999740e-01	-1.398494e-01
5.978495e-01	6.978534e-01	-1.256100e-01
4.518988e-01	7.923142e-01	-1.778568e-01
6.530822e-01	7.708226e-01	-1.511723e-01
4.251382e-01	9.326410e-01	-2.506374e-01
6.905430e-01	8.957963e-01	-2.564234e-01
4.219653e-01	9.640154e-01	-2.870433e-01
7.076339e-01	9.359223e-01	-2.908106e-01
4.302863e-01	9.694782e-01	-3.006868e-01
6.985224e-01	9.483702e-01	-3.129991e-01
4.331961e-01	9.583530e-01	-2.645605e-01
6.929480e-01	9.357579e-01	-2.735601e-01
5.226443e-01	4.197404e-01	-7.292495e-03
5.750865e-01	4.217312e-01	7.323109e-03
5.153582e-01	2.465608e-01	6.095908e-02
5.850646e-01	2.448847e-01	8.410819e-02
5.131308e-01	9.836436e-02	2.488667e-01
5.792642e-01	9.460670e-02	2.882701e-01
5.211674e-01	7.777993e-02	2.593959e-01
5.716609e-01	7.485941e-02	3.004255e-01
4.931764e-01	4.176470e-02	1.367171e-01
6.082539e-01	3.843293e-02	1.819475e-01
5.538177e-01	7.680947e-01	-3.572384e-01
5.465317e-01	7.833350e-01	-3.419378e-01
5.422782e-01	7.828472e-01	-3.420463e-01
5.378142e-01	7.820852e-01	-3.420451e-01
5.579737e-01	7.832276e-01	-3.398124e-01
5.616757e-01	7.830148e-01	-3.399029e-01
5.655109e-01	7.827693e-01	-3.398530e-01
5.316235e-01	7.719443e-01	-2.352722e-01
5.696633e-01	7.744203e-01	-2.221420e-01
5.444244e-01	7.474278e-01	-3.143610e-01
5.594013e-01	7.482836e-01	-3.107823e-01
5.076270e-01	7.016197e-01	-1.718148e-01
5.970677e-01	7.008545e-01	-1.547293e-01
4.537231e-01	7.938600e-01	-2.098230e-01
6.520398e-01	7.775753e-01	-1.799799e-01
4.372010e-01	9.265406e-01	-2.868126e-01
6.786441e-01	9.086595e-01	-2.815541e-01
4.298073e-01	9.593285e-01	-3.258286e-01
6.870744e-01	9.510008e-01	-3.179249e-01
4.438921e-01	9.694459e-01	-3.402985e-01
6.774055e-01	9.596184e-01	-3.376906e-01
4.468206e-01	9.572331e-01	-3.007362e-01
6.734149e-01	9.493433e-01	-2.974262e-01
5.226445e-01	4.214586e-01	-7.853823e-03
5.750789e-01	4.244812e-01	7.860534e-03
5.156990e-01	2.468531e-01	6.722477e-02
5.850906e-01	2.453347e-01	8.334991e-02
5.137222e-01	9.836621e-02	2.480439e-01
5.796478e-01	9.490419e-02	2.761793e-01
5.218192e-01	7.742862e-02	2.591347e-01
5.720530e-01	7.492738e-02	2.867925e-01
4.933487e-01	4.052442e-02	1.328761e-01
6.082978e-01	3.850329e-02	1.675086e-01
5.541281e-01	7.674470e-01	-3.971962e-01
5.467080e-01	7.828856e-01	-3.836955e-01
5.424746e-01	7.824325e-01	-3.837926e-01
5.379403e-01	7.817204e-01	-3.837774e-01
5.583800e-01	7.827674e-01	-3.812641e-01
5.621778e-01	7.825384e-01	-3.813537e-01
5.660735e-01	7.822347e-01	-3.812876e-01
5.320775e-01	7.718140e-01	-2.796218e-01
5.700669e-01	7.743316e-01	-2.649845e-01
5.447613e-01	7.469139e-01	-3.546110e-01
5.600214e-01	7.476991e-01	-3.505706e-01
5.079759e-01	7.032777e-01	-2.211874e-01
5.969456e-01	7.036638e-01	-1.970399e-01
4.560462e-01	7.999060e-01	-2.786519e-01
6.500723e-01	7.934914e-01	-2.345897e-01
4.512402e-01	9.379005e-01	-3.555678e-01
6.710023e-01	9.264984e-01	-3.296897e-01
4.474151e-01	9.711069e-01	-3.980411e-01
6.772290e-01	9.612957e-01	-3.673893e-01
4.607634e-01	9.769068e-01	-4.092708e-01
6.672924e-01	9.703399e-01	-3.855890e-01
4.632955e-01	9.670395e-01	-3.684914e-01
6.632910e-01	9.605715e-01	-3.452087e-01
5.221983e-01	4.219512e-01	-1.004729e-02
5.749564e-01	4.254557e-01	9.987104e-03
5.159381e-01	2.473586e-01	6.701814e-02
5.856975e-01	2.460166e-01	8.845425e-02
5.141234e-01	9.850813e-02	2.462868e-01
5.801295e-01	9.684617e-02	2.801739e-01
5.219926e-01	7.735048e-02	2.565787e-01
5.726254e-01	7.585448e-02	2.907058e-01
4.936052e-01	4.050899e-02	1.311836e-01
6.092194e-01	3.897405e-02	1.754494e-01
5.544282e-01	7.680963e-01	-3.572917e-01
5.470520e-01	7.837749e-01	-3.418038e-01
5.429381e-01	7.835042e-01	-3.418823e-01
5.384721e-01	7.829313e-01	-3.418618e-01
5.585963e-01	7.831566e-01	-3.410660e-01
5.623607e-01	7.828153e-01	-3.411243e-01
5.662444e-01	7.824112e-01	-3.410608e-01
5.326790e-01	7.726900e-01	-2.355263e-01
5.700908e-01	7.752826e-01	-2.267412e-01
5.449997e-01	7.480184e-01	-3.144765e-01
5.600789e-01	7.487327e-01	-3.122422e-01
5.086949e-01	7.033051e-01	-1.820077e-01
5.968062e-01	7.065310e-01	-1.568503e-01
4.638580e-01	7.948462e-01	-2.300108e-01
6.441894e-01	8.022237e-01	-1.740302e-01
4.711931e-01	9.309156e-01	-3.059645e-01
6.601292e-01	9.318308e-01	-2.597697e-01
4.693530e-01	9.617205e-01	-3.449847e-01
6.637322e-01	9.677965e-01	-2.930979e-01
4.785310e-01	9.681119e-01	-3.568037e-01
6.550061e-01	9.753976e-01	-3.140977e-01
4.824945e-01	9.561717e-01	-3.180094e-01
6.506187e-01	9.627537e-01	-2.750601e-01
5.221984e-01	4.227124e-01	-9.947589e-03
5.749648e-01	4.259317e-01	9.892706e-03
5.169970e-01	2.497374e-01	6.279315e-02
5.857806e-01	2.478434e-01	7.587213e-02
5.143844e-01	1.008891e-01	2.325211e-01
5.802783e-01	9.784485e-02	2.570460e-01
5.220593e-01	7.791254e-02	2.416739e-01
5.729722e-01	7.639279e-02	2.670678e-01
4.943541e-01	4.050083e-02	1.173581e-01
6.092159e-01	3.906297e-02	1.502903e-01
5.541214e-01	7.685228e-01	-3.115204e-01
5.469259e-01	7.837955e-01	-2.944632e-01
5.429108e-01	7.834920e-01	-2.945276e-01
5.384285e-01	7.829630e-01	-2.944947e-01
5.584010e-01	7.832472e-01	-2.935157e-01
5.620872e-01	7.829298e-01	-2.935933e-01
5.659335e-01	7.825948e-01	-2.935499e-01
5.327642e-01	7.727243e-01	-1.941629e-01
5.699690e-01	7.756528e-01	-1.871654e-01
5.448048e-01	7.486454e-01	-2.727056e-01
5.596503e-01	7.494371e-01	-2.707316e-01
5.093219e-01	7.019432e-01	-1.628235e-01
5.962524e-01	7.035266e-01	-1.382809e-01
4.731762e-01	7.859682e-01	-2.126253e-01
6.367843e-01	7.918215e-01	-1.562725e-01
4.833797e-01	9.224265e-01	-2.927685e-01
6.477486e-01	9.266602e-01	-2.442081e-01
4.824818e-01	9.507525e-01	-3.320385e-01
6.505305e-01	9.558391e-01	-2.813899e-01
4.895990e-01	9.590166e-01	-3.414263e-01
6.428188e-01	9.633080e-01	-2.767260e-01
4.934580e-01	9.473684e-01	-3.038830e-01
6.396078e-01	9.509225e-01	-2.492432e-01
5.221070e-01	4.226009e-01	-9.667398e-03
5.749812e-01	4.255670e-01	9.632869e-03
5.176351e-01	2.504385e-01	5.949101e-02
5.863540e-01	2.479454e-01	6.268252e-02
5.146428e-01	1.015790e-01	2.223138e-01
5.804736e-01	9.807808e-02	2.366219e-01
5.220567e-01	7.794651e-02	2.311346e-01
5.733511e-01	7.645691e-02	2.461240e-01
4.945775e-01	4.050075e-02	1.129764e-01
6.092192e-01	3.907157e-02	1.317887e-01
5.538501e-01	7.691274e-01	-2.651175e-01
5.467060e-01	7.838887e-01	-2.464630e-01
5.427188e-01	7.835265e-01	-2.465252e-01
5.382444e-01	7.830164e-01	-2.464732e-01
5.582966e-01	7.835561e-01	-2.461632e-01
5.619820e-01	7.832804e-01	-2.462262e-01
5.658689e-01	7.830241e-01	-2.461603e-01
5.327588e-01	7.728350e-01	-1.452538e-01
5.699158e-01	7.763098e-01	-1.413588e-01
5.446270e-01	7.492692e-01	-2.270257e-01
5.595116e-01	7.502303e-01	-2.258352e-01
5.101952e-01	7.016825e-01	-1.332368e-01
5.955846e-01	7.018524e-01	-9.794747e-02
4.800853e-01	7.827535e-01	-2.176852e-01
6.335085e-01	7.868252e-01	-1.528395e-01
4.923416e-01	9.102975e-01	-3.234928e-01
6.399726e-01	9.254437e-01	-2.178656e-01
4.913015e-01	9.364893e-01	-3.697037e-01
6.406082e-01	9.528130e-01	-2.539529e-01
4.987329e-01	9.429012e-01	-3.741536e-01
6.319364e-01	9.582934e-01	-2.527756e-01
5.027768e-01	9.323826e-01	-3.335406e-01
6.297401e-01	9.467258e-01	-2.244864e-01
5.220879e-01	4.223866e-01	-9.861031e-03
5.750576e-01	4.249647e-01	9.832309e-03
5.180047e-01	2.506674e-01	4.568499e-02
5.863924e-01	2.482014e-01	6.036514e-02
5.148161e-01	1.021995e-01	2.010157e-01
5.807649e-01	9.833352e-02	2.258448e-01
5.220574e-01	7.815997e-02	2.089941e-01
5.738233e-01	7.660349e-02	2.342167e-01
4.947340e-01	4.050497e-02	9.052943e-02
6.092457e-01	3.907949e-02	1.195269e-01
5.537789e-01	7.691417e-01	-2.066167e-01
5.466737e-01	7.838014e-01	-1.878633e-01
5.426995e-01	7.834320e-01	-1.879155e-01
5.381995e-01	7.829572e-01	-1.878554e-01
5.582825e-01	7.835517e-01	-1.855458e-01
5.619687e-01	7.832912e-01	-1.855948e-01
5.658610e-01	7.830622e-01	-1.855186e-01
5.327524e-01	7.731287e-01	-9.403043e-02
5.698329e-01	7.765358e-01	-8.055822e-02
5.445908e-01	7.491978e-01	-1.723434e-01
5.594889e-01	7.503231e-01	-1.683562e-01
5.103832e-01	6.983347e-01	-9.977987e-02
5.948204e-01	7.008596e-01	-4.913031e-02
4.863304e-01	7.745996e-01	-2.274458e-01
6.318241e-01	7.809229e-01	-1.090574e-01
5.005715e-01	8.946310e-01	-3.522866e-01
6.332417e-01	9.125918e-01	-1.643910e-01
5.012029e-01	9.209517e-01	-4.021563e-01
6.332202e-01	9.387775e-01	-1.973276e-01
5.056746e-01	9.267249e-01	-4.023508e-01
6.264491e-01	9.444162e-01	-2.017084e-01
5.088686e-01	9.155309e-01	-3.609303e-01
6.242759e-01	9.331364e-01	-1.736300e-01
5.222553e-01	4.212437e-01	-1.184153e-02
5.752327e-01	4.247799e-01	1.183835e-02
5.183262e-01	2.506601e-01	4.162402e-02
5.863815e-01	2.483578e-01	6.298568e-02
5.148796e-01	1.029824e-01	1.955467e-01
5.808846e-01	9.865713e-02	2.248384e-01
5.220568e-01	7.868381e-02	2.037288e-01
5.739809e-01	7.695054e-02	2.325831e-01
4.950162e-01	4.049761e-02	8.658357e-02
6.091734e-01	3.909870e-02	1.189232e-01
5.536596e-01	7.689916e-01	-1.833191e-01
5.465592e-01	7.837052e-01	-1.639647e-01
5.425593e-01	7.833364e-01	-1.640305e-01
5.380054e-01	7.828919e-01	-1.639969e-01
5.582712e-01	7.835069e-01	-1.601509e-01
5.619603e-01	7.832224e-01	-1.602031e-01
5.658597e-01	7.829196e-01	-1.601271e-01
5.326591e-01	7.732401e-01	-6.973659e-02
5.698499e-01	7.760425e-01	-4.904255e-02
5.444258e-01	7.491215e-01	-1.492289e-01
5.594616e-01	7.502241e-01	-1.431017e-01
5.103205e-01	6.958826e-01	-8.211099e-02
5.937515e-01	6.973423e-01	-2.301418e-02
4.890548e-01	7.702672e-01	-2.478887e-01
6.278669e-01	7.738286e-01	-9.554724e-02
5.024922e-01	8.786699e-01	-3.885670e-01
6.290683e-01	8.947539e-01	-1.629172e-01
5.064164e-01	9.182478e-01	-4.394014e-01
6.303281e-01	9.223807e-01	-1.942934e-01
5.086142e-01	9.177240e-01	-4.340518e-01
6.256965e-01	9.299910e-01	-2.022997e-01
5.112627e-01	9.029641e-01	-3.953271e-01
6.236144e-01	9.174863e-01	-1.740306e-01
5.222483e-01	4.164082e-01	-1.600787e-02
5.752370e-01	4.206957e-01	1.603493e-02
5.182878e-01	2.496116e-01	3.626241e-02
5.863906e-01	2.475674e-01	7.510518e-02
5.148846e-01	1.041003e-01	1.946071e-01
5.811462e-01	9.865523e-02	2.345187e-01
5.220561e-01	7.969892e-02	2.035126e-01
5.740777e-01	7.692898e-02	2.428242e-01
4.951000e-01	4.050947e-02	8.568345e-02
6.090825e-01	3.910725e-02	1.281912e-01
5.536095e-01	7.696164e-01	-2.183410e-01
5.465282e-01	7.843745e-01	-2.002437e-01
5.425045e-01	7.840884e-01	-2.003258e-01
5.379814e-01	7.837073e-01	-2.002977e-01
5.583085e-01	7.836854e-01	-1.944386e-01
5.620295e-01	7.832003e-01	-1.945095e-01
5.660293e-01	7.828189e-01	-1.944675e-01
5.325400e-01	7.734319e-01	-1.073100e-01
5.698604e-01	7.752047e-01	-7.714110e-02
5.443924e-01	7.492222e-01	-1.846596e-01
5.594610e-01	7.500498e-01	-1.758437e-01
5.084566e-01	6.896809e-01	-1.221808e-01
5.932102e-01	6.865352e-01	-5.141696e-02
4.879328e-01	7.432505e-01	-3.594258e-01
6.267425e-01	7.618027e-01	-1.847885e-01
5.028461e-01	8.287767e-01	-5.379089e-01
6.345832e-01	8.871468e-01	-3.194631e-01
5.116254e-01	8.507050e-01	-5.935894e-01
6.360556e-01	9.174500e-01	-3.600486e-01
5.121958e-01	8.497234e-01	-5.856074e-01
6.341224e-01	9.240118e-01	-3.646616e-01
5.121773e-01	8.447294e-01	-5.444667e-01
6.313735e-01	9.094818e-01	-3.320290e-01
5.220565e-01	4.059339e-01	-1.954744e-02
5.753275e-01	4.112952e-01	1.952894e-02
5.181748e-01	2.490459e-01	3.925136e-02
5.886109e-01	2.451480e-01	9.154321e-02
5.148889e-01	1.040700e-01	2.261816e-01
5.814899e-01	9.933046e-02	2.797972e-01
5.220554e-01	7.965648e-02	2.377172e-01
5.742048e-01	7.726824e-02	2.905694e-01
4.951155e-01	4.049180e-02	1.053765e-01
6.090760e-01	3.927325e-02	1.679790e-01
5.534055e-01	7.688004e-01	-2.501630e-01
5.461869e-01	7.838926e-01	-2.329426e-01
5.418558e-01	7.836639e-01	-2.329988e-01
5.373024e-01	7.832357e-01	-2.330091e-01
5.581282e-01	7.833120e-01	-2.274285e-01
5.617889e-01	7.828814e-01	-2.274823e-01
5.657731e-01	7.824420e-01	-2.276286e-01
5.313905e-01	7.732496e-01	-1.180075e-01
5.692970e-01	7.744332e-01	-9.611278e-02
5.440778e-01	7.487226e-01	-2.043642e-01
5.593278e-01	7.492784e-01	-1.951214e-01
5.058085e-01	6.896624e-01	-1.201857e-01
5.925891e-01	6.836058e-01	-1.953801e-02
4.883745e-01	6.892862e-01	-3.045719e-01
6.114009e-01	6.864186e-01	2.040937e-01
5.045027e-01	6.971572e-01	-5.198827e-01
6.150803e-01	6.853489e-01	4.333870e-01
5.070900e-01	6.905552e-01	-5.619200e-01
6.161898e-01	6.648690e-01	4.674533e-01
5.127162e-01	7.055828e-01	-5.735987e-01
6.097018e-01	6.886361e-01	4.508956e-01
5.170843e-01	7.007954e-01	-5.324276e-01
6.084675e-01	6.854486e-01	4.325837e-01
5.221558e-01	4.032642e-01	-2.341813e-02
5.753461e-01	4.085499e-01	2.326819e-02
5.181974e-01	2.481246e-01	4.064133e-02
5.885581e-01	2.439578e-01	7.093564e-02
5.148891e-01	1.033035e-01	2.508917e-01
5.814885e-01	9.888114e-02	2.732714e-01
5.221089e-01	7.907505e-02	2.659020e-01
5.741810e-01	7.708260e-02	2.826777e-01
4.950944e-01	4.050187e-02	1.411612e-01
6.089372e-01	3.920996e-02	1.585346e-01
5.529648e-01	7.688787e-01	-2.516417e-01
5.459473e-01	7.840436e-01	-2.337191e-01
5.415807e-01	7.837870e-01	-2.337712e-01
5.369757e-01	7.832714e-01	-2.337245e-01
5.578271e-01	7.835814e-01	-2.303184e-01
5.613741e-01	7.832110e-01	-2.303675e-01
5.653554e-01	7.826988e-01	-2.306045e-01
5.310624e-01	7.731861e-01	-1.261785e-01
5.690893e-01	7.740946e-01	-9.759618e-02
5.439333e-01	7.486445e-01	-2.100783e-01
5.589896e-01	7.491905e-01	-2.009841e-01
5.057865e-01	6.868125e-01	-9.992562e-02
5.927126e-01	6.746308e-01	-3.181689e-02
4.891509e-01	6.562454e-01	-2.370306e-01
6.023958e-01	6.346900e-01	1.491708e-01
5.072178e-01	6.482891e-01	-4.362931e-01
5.898436e-01	6.068874e-01	3.040851e-01
5.114692e-01	6.397043e-01	-4.832500e-01
5.855860e-01	5.649955e-01	3.194820e-01
5.147850e-01	6.404054e-01	-4.859446e-01
5.895714e-01	5.343113e-01	2.964958e-01
5.157787e-01	6.391011e-01	-4.466619e-01
5.848825e-01	5.861488e-01	2.985052e-01
5.224039e-01	4.019024e-01	-2.190972e-02
5.753461e-01	4.042031e-01	2.179351e-02
5.181930e-01	2.468039e-01	3.696640e-02
5.884947e-01	2.412561e-01	6.754157e-02
5.145282e-01	1.009108e-01	2.516711e-01
5.811262e-01	9.557820e-02	2.756144e-01
5.220954e-01	7.850861e-02	2.668476e-01
5.731068e-01	7.527650e-02	2.879620e-01
4.950219e-01	4.089033e-02	1.446550e-01
6.086407e-01	3.798073e-02	1.637479e-01
5.527138e-01	7.687799e-01	-3.124180e-01
5.458564e-01	7.839522e-01	-2.966087e-01
5.414009e-01	7.836842e-01	-2.966396e-01
5.367984e-01	7.830834e-01	-2.966196e-01
5.576547e-01	7.835473e-01	-2.994414e-01
5.611201e-01	7.831933e-01	-2.994984e-01
5.651807e-01	7.826821e-01	-2.995025e-01
5.308549e-01	7.730272e-01	-1.766547e-01
5.688325e-01	7.737017e-01	-1.880991e-01
5.438959e-01	7.480533e-01	-2.652279e-01
5.587347e-01	7.482989e-01	-2.676072e-01
5.039904e-01	6.717628e-01	-9.154670e-02
5.958718e-01	6.573654e-01	-8.586077e-02
4.965733e-01	6.007532e-01	-1.463706e-03
6.018122e-01	5.355108e-01	4.026218e-02
5.086311e-01	5.257537e-01	2.425877e-02
5.998147e-01	3.970846e-01	8.462139e-02
5.095619e-01	5.073248e-01	1.936917e-02
6.024011e-01	3.628706e-01	7.867648e-02
5.158262e-01	4.930384e-01	-5.929111e-03
6.020390e-01	3.562801e-01	5.066965e-02
5.161632e-01	5.199498e-01	1.380715e-02
5.972409e-01	3.709924e-01	7.329695e-02
5.224957e-01	3.998423e-01	-5.858425e-03
5.754240e-01	4.004341e-01	5.812675e-03
5.183715e-01	2.453167e-01	6.077957e-02
5.889378e-01	2.385707e-01	6.745487e-02
5.143657e-01	9.919112e-02	2.899947e-01
5.807705e-01	9.471962e-02	2.983060e-01
5.220286e-01	7.847159e-02	3.068274e-01
5.726025e-01	7.529546e-02	3.141460e-01
4.949082e-01	4.083304e-02	1.939086e-01
6.082464e-01	3.719417e-02	1.952759e-01
5.525072e-01	7.680680e-01	-3.759229e-01
5.458161e-01	7.838104e-01	-3.641108e-01
5.412666e-01	7.834752e-01	-3.641168e-01
5.367450e-01	7.828894e-01	-3.641353e-01
5.575398e-01	7.834497e-01	-3.647283e-01
5.609844e-01	7.830579e-01	-3.647878e-01
5.649937e-01	7.825703e-01	-3.647867e-01
5.306784e-01	7.724916e-01	-2.514154e-01
5.687383e-01	7.731588e-01	-2.559802e-01
5.438272e-01	7.470725e-01	-3.308885e-01
5.584518e-01	7.477068e-01	-3.314965e-01
5.030768e-01	6.605132e-01	-1.434589e-01
5.977144e-01	6.493310e-01	-1.349743e-01
4.993588e-01	5.517334e-01	-1.672130e-02
6.023856e-01	5.238255e-01	1.366179e-02
5.144269e-01	4.492786e-01	5.883412e-02
5.991002e-01	3.996741e-01	6.123693e-02
5.167016e-01	4.190336e-01	6.197885e-02
6.022891e-01	3.687750e-01	5.792292e-02
5.188949e-01	4.192895e-01	3.225737e-02
6.024907e-01	3.599566e-01	3.004789e-02
5.215151e-01	4.327501e-01	4.870745e-02
5.971324e-01	3.755156e-01	5.099793e-02
5.224999e-01	4.006557e-01	4.188589e-04
5.754200e-01	4.015832e-01	-5.665465e-04
5.180999e-01	2.444686e-01	8.198852e-02
5.883193e-01	2.387626e-01	7.341217e-02
5.143048e-01	9.901943e-02	3.179022e-01
5.805647e-01	9.474489e-02	3.143594e-01
5.219352e-01	7.862125e-02	3.352783e-01
5.725247e-01	7.536884e-02	3.301694e-01
4.942709e-01	4.122394e-02	2.203218e-01
6.076679e-01	3.720608e-02	2.062217e-01
5.515131e-01	7.673868e-01	-3.606168e-01
5.452496e-01	7.833350e-01	-3.497743e-01
5.405710e-01	7.831149e-01	-3.497843e-01
5.364269e-01	7.826737e-01	-3.498216e-01
5.569623e-01	7.828724e-01	-3.493391e-01
5.604196e-01	7.824870e-01	-3.493941e-01
5.644003e-01	7.819734e-01	-3.493767e-01
5.300823e-01	7.720327e-01	-2.428675e-01
5.685128e-01	7.722198e-01	-2.437438e-01
5.433429e-01	7.465211e-01	-3.180991e-01
5.578748e-01	7.468121e-01	-3.176097e-01
5.019985e-01	6.559400e-01	-1.480724e-01
5.975522e-01	6.513568e-01	-1.200074e-01
5.020010e-01	5.294067e-01	-2.905093e-02
6.027484e-01	5.321604e-01	5.197478e-02
5.194533e-01	4.310707e-01	4.877014e-02
5.887747e-01	4.348634e-01	1.540180e-01
5.234910e-01	4.097961e-01	5.237347e-02
5.848117e-01	4.125897e-01	1.602746e-01
5.249532e-01	4.078684e-01	2.403799e-02
5.836894e-01	4.138551e-01	1.404610e-01
5.273642e-01	4.184050e-01	3.963973e-02
5.828694e-01	4.208619e-01	1.490584e-01
5.227413e-01	4.011918e-01	6.038660e-05
5.754424e-01	4.017257e-01	-2.246034e-04
5.180147e-01	2.434944e-01	9.465395e-02
5.862747e-01	2.389926e-01	8.453453e-02
5.142171e-01	9.893640e-02	3.218898e-01
5.802922e-01	9.479164e-02	3.176189e-01
5.217339e-01	7.861221e-02	3.391404e-01
5.724357e-01	7.541892e-02	3.331717e-01
4.940080e-01	4.127238e-02	2.298450e-01
6.071450e-01	3.748368e-02	2.135178e-01
5.511522e-01	7.673625e-01	-3.533123e-01
5.450117e-01	7.833174e-01	-3.394317e-01
5.402824e-01	7.830827e-01	-3.394501e-01
5.363842e-01	7.826432e-01	-3.394597e-01
5.565906e-01	7.825860e-01	-3.396227e-01
5.599628e-01	7.820409e-01	-3.396662e-01
5.640120e-01	7.813209e-01	-3.396547e-01
5.300363e-01	7.718433e-01	-2.267895e-01
5.679997e-01	7.712933e-01	-2.297951e-01
5.432030e-01	7.464982e-01	-3.093159e-01
5.576501e-01	7.466119e-01	-3.095438e-01
5.016316e-01	6.529008e-01	-1.390451e-01
5.969988e-01	6.543188e-01	-1.169600e-01
5.013897e-01	5.274000e-01	-3.578925e-02
6.031027e-01	5.415794e-01	2.475858e-02
5.146192e-01	4.228066e-01	-9.490789e-03
5.959408e-01	4.355994e-01	8.310065e-02
5.172535e-01	3.955163e-01	-1.511225e-02
5.939534e-01	4.013744e-01	7.647437e-02
5.197765e-01	3.984035e-01	-4.496409e-02
5.919580e-01	4.024484e-01	6.665771e-02
5.220225e-01	4.094843e-01	-2.082434e-02
5.895097e-01	4.154344e-01	7.568774e-02
5.235836e-01	4.035221e-01	1.809568e-03
5.754887e-01	4.059571e-01	-1.965011e-03
5.180112e-01	2.430864e-01	8.273617e-02
5.832740e-01	2.408022e-01	6.443163e-02
5.138008e-01	9.893779e-02	3.067325e-01
5.798221e-01	9.481589e-02	2.762687e-01
5.212934e-01	7.825775e-02	3.203701e-01
5.720582e-01	7.537141e-02	2.891472e-01
4.933712e-01	4.183404e-02	2.050654e-01
6.062410e-01	3.878834e-02	1.710146e-01
5.501629e-01	7.673372e-01	-3.617357e-01
5.442518e-01	7.833025e-01	-3.466591e-01
5.397543e-01	7.830630e-01	-3.466724e-01
5.361612e-01	7.826199e-01	-3.466350e-01
5.557920e-01	7.825727e-01	-3.472449e-01
5.592446e-01	7.820240e-01	-3.473116e-01
5.632038e-01	7.812886e-01	-3.472772e-01
5.299362e-01	7.713455e-01	-2.366086e-01
5.674475e-01	7.705928e-01	-2.402061e-01
5.427666e-01	7.464278e-01	-3.189418e-01
5.571375e-01	7.463795e-01	-3.196488e-01
5.016805e-01	6.509051e-01	-1.521729e-01
5.962344e-01	6.545452e-01	-1.554230e-01
4.995767e-01	5.201610e-01	-8.398424e-02
6.027060e-01	5.296850e-01	-1.067561e-01
5.072843e-01	4.025019e-01	-7.958646e-02
5.993854e-01	4.067946e-01	-1.678011e-01
5.065263e-01	3.682604e-01	-1.246314e-01
5.991776e-01	3.704767e-01	-1.936886e-01
5.120440e-01	3.682788e-01	-1.723543e-01
5.949914e-01	3.709041e-01	-2.237348e-01
5.165271e-01	3.804648e-01	-1.073615e-01
5.920447e-01	3.846198e-01	-1.817337e-01
5.235999e-01	4.096529e-01	2.855296e-03
5.755402e-01	4.113029e-01	-2.918473e-03
5.178045e-01	2.430959e-01	5.379819e-02
5.807797e-01	2.430647e-01	4.775668e-02
5.133564e-01	9.890627e-02	2.376563e-01
5.794525e-01	9.537526e-02	2.386326e-01
5.211538e-01	7.741136e-02	2.486221e-01
5.718997e-01	7.554851e-02	2.499055e-01
4.933295e-01	4.187590e-02	1.390370e-01
6.050304e-01	4.034012e-02	1.343011e-01
5.498173e-01	7.671965e-01	-3.424890e-01
5.439744e-01	7.829062e-01	-3.274985e-01
5.395117e-01	7.825448e-01	-3.275288e-01
5.361158e-01	7.820778e-01	-3.275167e-01
5.555083e-01	7.825109e-01	-3.273416e-01
5.589454e-01	7.819963e-01	-3.274015e-01
5.630049e-01	7.812670e-01	-3.273781e-01
5.299380e-01	7.704175e-01	-2.182215e-01
5.673107e-01	7.705175e-01	-2.184244e-01
5.427029e-01	7.461145e-01	-3.002923e-01
5.570403e-01	7.460741e-01	-2.999905e-01
5.017351e-01	6.508064e-01	-1.441981e-01
5.961938e-01	6.536555e-01	-1.364802e-01
4.989155e-01	5.208483e-01	-9.821255e-02
6.029831e-01	5.225832e-01	-1.001599e-01
5.028077e-01	3.992786e-01	-1.495533e-01
6.017266e-01	3.977673e-01	-1.753891e-01
5.012628e-01	3.633640e-01	-1.879786e-01
6.020670e-01	3.612646e-01	-2.048682e-01
5.081776e-01	3.642139e-01	-2.211662e-01
5.953965e-01	3.634837e-01	-2.353534e-01
5.123647e-01	3.764390e-01	-1.685356e-01
5.923845e-01	3.775159e-01	-1.896663e-01
5.236334e-01	4.101377e-01	1.364896e-03
5.755423e-01	4.113815e-01	-1.434436e-03
5.174255e-01	2.431121e-01	4.669439e-02
5.802374e-01	2.445377e-01	5.532176e-02
5.131121e-01	9.920537e-02	2.203214e-01
5.792484e-01	9.575766e-02	2.448883e-01
5.211492e-01	7.726577e-02	2.306546e-01
5.713701e-01	7.581478e-02	2.557952e-01
4.931620e-01	4.243015e-02	1.268384e-01
6.046638e-01	4.199035e-02	1.445780e-01
5.498232e-01	7.669219e-01	-3.361388e-01
5.440167e-01	7.826602e-01	-3.221417e-01
5.395222e-01	7.822206e-01	-3.221984e-01
5.361764e-01	7.817212e-01	-3.222336e-01
5.555180e-01	7.823628e-01	-3.225030e-01
5.589934e-01	7.818415e-01	-3.225573e-01
5.630787e-01	7.810953e-01	-3.225982e-01
5.301603e-01	7.700258e-01	-2.124693e-01
5.673229e-01	7.702668e-01	-2.140269e-01
5.427183e-01	7.459062e-01	-2.937848e-01
5.570447e-01	7.456315e-01	-2.932038e-01
5.023199e-01	6.508107e-01	-1.410707e-01
5.961620e-01	6.539586e-01	-1.255448e-01
4.994668e-01	5.164972e-01	-1.004088e-01
6.031804e-01	5.249456e-01	-8.772942e-02
5.007817e-01	3.901252e-01	-1.821915e-01
6.026015e-01	4.012032e-01	-1.716897e-01
4.991905e-01	3.544495e-01	-2.171592e-01
6.035463e-01	3.642933e-01	-2.024802e-01
5.069022e-01	3.569072e-01	-2.474195e-01
5.958946e-01	3.662372e-01	-2.347808e-01
5.109359e-01	3.694536e-01	-1.975899e-01
5.923024e-01	3.792250e-01	-1.868466e-01
5.238827e-01	4.100786e-01	-9.148971e-05
5.756444e-01	4.111422e-01	1.546135e-04
5.173953e-01	2.427229e-01	3.702313e-02
5.806652e-01	2.450555e-01	5.765041e-02
5.129503e-01	9.909183e-02	2.113527e-01
5.791453e-01	9.623906e-02	2.441616e-01
5.210135e-01	7.700314e-02	2.215517e-01
5.708376e-01	7.612992e-02	2.549501e-01
4.928428e-01	4.245949e-02	1.166915e-01
6.046803e-01	4.386196e-02	1.459635e-01
5.496884e-01	7.658360e-01	-3.246259e-01
5.439707e-01	7.816506e-01	-3.075120e-01
5.394603e-01	7.811323e-01	-3.075213e-01
5.361738e-01	7.806154e-01	-3.074693e-01
5.554727e-01	7.815878e-01	-3.071999e-01
5.589437e-01	7.811422e-01	-3.072647e-01
5.630701e-01	7.804236e-01	-3.072104e-01
5.303015e-01	7.692755e-01	-1.981389e-01
5.673015e-01	7.697109e-01	-1.971955e-01
5.426640e-01	7.453201e-01	-2.834944e-01
5.569583e-01	7.448038e-01	-2.828041e-01
5.029854e-01	6.513038e-01	-1.326819e-01
5.961450e-01	6.542342e-01	-1.211572e-01
4.997780e-01	5.203244e-01	-1.046851e-01
6.032380e-01	5.242698e-01	-7.916218e-02
4.987936e-01	3.972198e-01	-1.898130e-01
6.030422e-01	3.975085e-01	-1.682393e-01
4.966318e-01	3.595712e-01	-2.246844e-01
6.043361e-01	3.617156e-01	-1.999827e-01
5.044789e-01	3.616864e-01	-2.550834e-01
5.958588e-01	3.629058e-01	-2.328968e-01
5.087404e-01	3.750496e-01	-2.049547e-01
5.922583e-01	3.759426e-01	-1.837062e-01
5.242015e-01	4.103616e-01	-1.114271e-03
5.758486e-01	4.109795e-01	1.264386e-03
5.174081e-01	2.425328e-01	3.005355e-02
5.809525e-01	2.457564e-01	5.371913e-02
5.129272e-01	9.887610e-02	1.970913e-01
5.791458e-01	9.679729e-02	2.339431e-01
5.209429e-01	7.684540e-02	2.062902e-01
5.707806e-01	7.677744e-02	2.441000e-01
4.926535e-01	4.245708e-02	9.867545e-02
6.047135e-01	4.470849e-02	1.346693e-01
5.494933e-01	7.642867e-01	-3.073979e-01
5.438350e-01	7.804042e-01	-2.900165e-01
5.393388e-01	7.799070e-01	-2.900168e-01
5.361597e-01	7.794045e-01	-2.899463e-01
5.553670e-01	7.804776e-01	-2.892923e-01
5.588088e-01	7.801279e-01	-2.893558e-01
5.629898e-01	7.794626e-01	-2.892801e-01
5.303150e-01	7.685562e-01	-1.832853e-01
5.672039e-01	7.691057e-01	-1.807246e-01
5.425440e-01	7.442338e-01	-2.674691e-01
5.568171e-01	7.436726e-01	-2.664465e-01
5.031664e-01	6.516595e-01	-1.228382e-01
5.961350e-01	6.543979e-01	-1.065360e-01
4.997182e-01	5.202541e-01	-1.034180e-01
6.034451e-01	5.244056e-01	-7.177712e-02
4.979290e-01	4.005239e-01	-1.840141e-01
6.032385e-01	3.979585e-01	-1.595474e-01
4.953758e-01	3.626422e-01	-2.174628e-01
6.047702e-01	3.623042e-01	-1.911096e-01
5.028869e-01	3.637161e-01	-2.468635e-01
5.958365e-01	3.634445e-01	-2.227935e-01
5.072033e-01	3.767523e-01	-1.984790e-01
5.922090e-01	3.765182e-01	-1.745053e-01
5.244440e-01	4.101756e-01	-1.816884e-03
5.759068e-01	4.107217e-01	2.018194e-03
5.174245e-01	2.425413e-01	3.256806e-02
5.805771e-01	2.460129e-01	5.568133e-02
5.129233e-01	9.894403e-02	1.948607e-01
5.791630e-01	9.692551e-02	2.312032e-01
5.208995e-01	7.701408e-02	2.038682e-01
5.708115e-01	7.699086e-02	2.409118e-01
4.925641e-01	4.246052e-02	9.936460e-02
6.047405e-01	4.500703e-02	1.328808e-01
5.494924e-01	7.607631e-01	-3.072720e-01
5.438352e-01	7.775514e-01	-2.906599e-01
5.393370e-01	7.772674e-01	-2.906598e-01
5.361823e-01	7.770584e-01	-2.905912e-01
5.553667e-01	7.775968e-01	-2.898596e-01
5.588127e-01	7.773346e-01	-2.899199e-01
5.629968e-01	7.769524e-01	-2.898481e-01
5.304732e-01	7.674304e-01	-1.841641e-01
5.672141e-01	7.679601e-01	-1.811057e-01
5.425392e-01	7.418105e-01	-2.670132e-01
5.568113e-01	7.410324e-01	-2.658366e-01
5.036221e-01	6.517668e-01	-1.199462e-01
5.961910e-01	6.544625e-01	-1.048798e-01
4.996420e-01	5.211423e-01	-9.825413e-02
6.034384e-01	5.249356e-01	-7.115300e-02
4.969797e-01	3.993610e-01	-1.796969e-01
6.035723e-01	3.980694e-01	-1.585582e-01
4.938799e-01	3.623874e-01	-2.095865e-01
6.050251e-01	3.621673e-01	-1.898519e-01
5.010489e-01	3.629540e-01	-2.383235e-01
5.966617e-01	3.630771e-01	-2.219691e-01
5.053476e-01	3.761713e-01	-1.929708e-01
5.930406e-01	3.763992e-01	-1.736828e-01
5.253325e-01	4.101622e-01	-1.941954e-03
5.767015e-01	4.106526e-01	2.104705e-03
5.174822e-01	2.425485e-01	3.453565e-02
5.807209e-01	2.460894e-01	5.631220e-02
5.129061e-01	9.898020e-02	1.977394e-01
5.791935e-01	9.704291e-02	2.325644e-01
5.207753e-01	7.719848e-02	2.068839e-01
5.708176e-01	7.718520e-02	2.424291e-01
4.923399e-01	4.248219e-02	1.017088e-01
6.047603e-01	4.504990e-02	1.332860e-01
5.491660e-01	7.566321e-01	-3.072295e-01
5.435543e-01	7.736658e-01	-2.909637e-01
5.391986e-01	7.736898e-01	-2.909626e-01
5.360965e-01	7.736658e-01	-2.908913e-01
5.551407e-01	7.739748e-01	-2.906187e-01
5.586206e-01	7.739840e-01	-2.906764e-01
5.628353e-01	7.738830e-01	-2.906043e-01
5.304331e-01	7.655665e-01	-1.840589e-01
5.671526e-01	7.660862e-01	-1.828483e-01
5.422947e-01	7.381855e-01	-2.665401e-01
5.565922e-01	7.376093e-01	-2.659561e-01
5.036958e-01	6.511446e-01	-1.144204e-01
5.961822e-01	6.544561e-01	-1.053579e-01
4.995008e-01	5.209374e-01	-8.581258e-02
6.032612e-01	5.281030e-01	-7.578991e-02
4.947582e-01	3.992654e-01	-1.611299e-01
6.036916e-01	4.042716e-01	-1.600301e-01
4.910614e-01	3.629876e-01	-1.909939e-01
6.054915e-01	3.668691e-01	-1.899116e-01
4.984100e-01	3.627869e-01	-2.238591e-01
5.969061e-01	3.679311e-01	-2.223537e-01
5.026561e-01	3.765452e-01	-1.763641e-01
5.934957e-01	3.808939e-01	-1.752206e-01
5.253167e-01	4.101640e-01	-1.143118e-03
5.765219e-01	4.106413e-01	1.270764e-03
5.171942e-01	2.427482e-01	3.696537e-02
5.786293e-01	2.471695e-01	5.232843e-02
5.126709e-01	9.897906e-02	1.969457e-01
5.790777e-01	9.727609e-02	2.217159e-01
5.203058e-01	7.724494e-02	2.053439e-01
5.707542e-01	7.760535e-02	2.309244e-01
4.917849e-01	4.247604e-02	1.004391e-01
6.045145e-01	4.515324e-02	1.211069e-01
5.486363e-01	7.545423e-01	-3.275841e-01
5.430669e-01	7.716417e-01	-3.122487e-01
5.389400e-01	7.718744e-01	-3.122492e-01
5.358104e-01	7.718964e-01	-3.121739e-01
5.548278e-01	7.719480e-01	-3.130219e-01
5.583469e-01	7.720485e-01	-3.130834e-01
5.625809e-01	7.719853e-01	-3.130310e-01
5.300719e-01	7.645649e-01	-2.013674e-01
5.669502e-01	7.647229e-01	-2.051196e-01
5.416542e-01	7.361253e-01	-2.844982e-01
5.562002e-01	7.356383e-01	-2.852795e-01
5.036754e-01	6.514922e-01	-1.172192e-01
5.959212e-01	6.539624e-01	-1.244282e-01
4.984799e-01	5.258543e-01	-7.532223e-02
6.017138e-01	5.274721e-01	-8.611394e-02
4.912924e-01	4.083772e-01	-1.410420e-01
6.038693e-01	4.054639e-01	-1.667483e-01
4.867185e-01	3.723809e-01	-1.670855e-01
6.056955e-01	3.689088e-01	-1.945279e-01
4.930264e-01	3.715881e-01	-1.997625e-01
5.973704e-01	3.699726e-01	-2.287203e-01
4.980431e-01	3.841780e-01	-1.565634e-01
5.939330e-01	3.822661e-01	-1.823474e-01
5.250054e-01	4.108261e-01	3.418417e-04
5.751141e-01	4.114849e-01	-2.543628e-04
5.166849e-01	2.430320e-01	3.735093e-02
5.774149e-01	2.478585e-01	4.644395e-02
5.121157e-01	9.891401e-02	1.981377e-01
5.784218e-01	9.738497e-02	2.155785e-01
5.195688e-01	7.723019e-02	2.061108e-01
5.703927e-01	7.786325e-02	2.244786e-01
4.906226e-01	4.239492e-02	9.823794e-02
6.036552e-01	4.519042e-02	1.106842e-01
