5.468434e-01	7.531354e-01	-2.415670e-01
5.440039e-01	7.653930e-01	-2.220867e-01
5.412304e-01	7.643750e-01	-2.220899e-01
5.382306e-01	7.632666e-01	-2.220217e-01
5.536644e-01	7.666346e-01	-2.295578e-01
5.574992e-01	7.663371e-01	-2.296359e-01
5.609803e-01	7.661461e-01	-2.296085e-01
5.361944e-01	7.523438e-01	-1.077385e-01
5.684808e-01	7.554594e-01	-1.431555e-01
5.407524e-01	7.323621e-01	-1.986080e-01
5.536093e-01	7.328662e-01	-2.086613e-01
5.125172e-01	6.576975e-01	-3.047258e-02
5.929455e-01	6.556912e-01	-9.388747e-02
4.988573e-01	5.348212e-01	2.251104e-02
6.027604e-01	5.351386e-01	-6.878160e-02
4.891450e-01	4.372074e-01	-7.635236e-02
6.041070e-01	4.290046e-01	-1.624531e-01
4.810401e-01	4.035032e-01	-1.065820e-01
6.108040e-01	3.925575e-01	-1.968801e-01
4.849514e-01	4.051374e-01	-1.423618e-01
6.044996e-01	3.924716e-01	-2.313930e-01
4.906919e-01	4.157383e-01	-9.384934e-02
5.990121e-01	4.039761e-01	-1.785774e-01
5.228648e-01	4.256887e-01	1.520578e-02
5.706973e-01	4.261519e-01	-1.506185e-02
5.282161e-01	2.534232e-01	2.548136e-02
5.648240e-01	2.476227e-01	-1.857661e-02
5.330102e-01	1.084298e-01	2.117747e-01
5.583193e-01	9.750623e-02	1.616804e-01
5.360222e-01	9.506655e-02	2.240374e-01
5.565256e-01	8.480948e-02	1.737766e-01
5.297559e-01	6.164316e-02	1.109288e-01
5.527580e-01	5.534509e-02	4.748037e-02
5.471612e-01	7.549052e-01	-2.167589e-01
5.440658e-01	7.662986e-01	-1.971585e-01
5.412627e-01	7.654479e-01	-1.971763e-01
5.382286e-01	7.645558e-01	-1.971249e-01
5.539147e-01	7.671396e-01	-2.023530e-01
5.577501e-01	7.667445e-01	-2.024284e-01
5.611785e-01	7.663857e-01	-2.024158e-01
5.361003e-01	7.527528e-01	-9.103636e-02
5.684882e-01	7.554755e-01	-1.153182e-01
5.407667e-01	7.337110e-01	-1.777792e-01
5.540130e-01	7.340335e-01	-1.846186e-01
5.123489e-01	6.566105e-01	-2.853424e-02
5.928314e-01	6.553591e-01	-7.021540e-02
4.987084e-01	5.348037e-01	1.054895e-02
6.026472e-01	5.351369e-01	-4.737934e-02
4.892058e-01	4.369711e-01	-8.915531e-02
6.041838e-01	4.290636e-01	-1.370949e-01
4.811868e-01	4.034726e-01	-1.201173e-01
6.109892e-01	3.928968e-01	-1.703675e-01
4.853395e-01	4.050904e-01	-1.536683e-01
6.045108e-01	3.927527e-01	-2.037538e-01
4.913296e-01	4.157371e-01	-1.053800e-01
5.990273e-01	4.042516e-01	-1.528205e-01
5.226840e-01	4.280304e-01	1.454334e-02
5.708222e-01	4.275233e-01	-1.440852e-02
5.284123e-01	2.566713e-01	2.104765e-02
5.650263e-01	2.527223e-01	-1.856998e-02
5.332484e-01	1.086398e-01	1.845131e-01
5.583360e-01	9.854665e-02	1.348554e-01
5.360593e-01	9.508856e-02	1.940813e-01
5.567069e-01	8.546799e-02	1.433462e-01
5.307090e-01	6.289555e-02	7.969858e-02
5.531808e-01	5.752595e-02	1.831573e-02
5.471923e-01	7.560103e-01	-2.154536e-01
5.440666e-01	7.671188e-01	-1.953840e-01
5.412625e-01	7.664143e-01	-1.954046e-01
5.381917e-01	7.656819e-01	-1.953557e-01
5.539433e-01	7.676797e-01	-2.008023e-01
5.577788e-01	7.672375e-01	-2.008769e-01
5.611986e-01	7.667505e-01	-2.008684e-01
5.360041e-01	7.533889e-01	-8.765229e-02
5.684586e-01	7.556257e-01	-1.126928e-01
5.407470e-01	7.346594e-01	-1.759044e-01
5.540952e-01	7.349516e-01	-1.829793e-01
5.122023e-01	6.560397e-01	-2.628175e-02
5.927078e-01	6.552464e-01	-6.751128e-02
4.987048e-01	5.348031e-01	1.009487e-02
6.027282e-01	5.351992e-01	-4.508615e-02
4.893068e-01	4.365038e-01	-8.978386e-02
6.054975e-01	4.290384e-01	-1.352031e-01
4.813243e-01	4.034261e-01	-1.205889e-01
6.129012e-01	3.929801e-01	-1.683596e-01
4.856074e-01	4.049623e-01	-1.541763e-01
6.061239e-01	3.928346e-01	-2.020224e-01
4.917944e-01	4.157024e-01	-1.060620e-01
6.009165e-01	4.044141e-01	-1.510647e-01
5.224734e-01	4.295372e-01	1.445656e-02
5.708055e-01	4.279188e-01	-1.432372e-02
5.284599e-01	2.586963e-01	1.667030e-02
5.650262e-01	2.563461e-01	-2.056887e-02
5.333663e-01	1.091844e-01	1.805256e-01
5.582837e-01	1.007184e-01	1.309479e-01
5.360798e-01	9.518486e-02	1.902100e-01
5.568303e-01	8.721447e-02	1.396992e-01
5.314035e-01	6.392855e-02	7.522637e-02
5.533002e-01	5.956784e-02	1.454241e-02
5.471771e-01	7.577988e-01	-2.139862e-01
5.440031e-01	7.684144e-01	-1.936851e-01
5.411867e-01	7.676837e-01	-1.937087e-01
5.380122e-01	7.669232e-01	-1.936620e-01
5.538990e-01	7.691735e-01	-1.996522e-01
5.577524e-01	7.688293e-01	-1.997249e-01
5.611827e-01	7.683777e-01	-1.997173e-01
5.358689e-01	7.540607e-01	-8.541218e-02
5.683340e-01	7.568626e-01	-1.129095e-01
5.407426e-01	7.362010e-01	-1.742935e-01
5.541512e-01	7.369186e-01	-1.820493e-01
5.122028e-01	6.558101e-01	-2.417798e-02
5.925856e-01	6.551538e-01	-6.800256e-02
4.985171e-01	5.349268e-01	1.183698e-02
6.027236e-01	5.349903e-01	-4.507764e-02
4.888000e-01	4.364828e-01	-8.768676e-02
6.076708e-01	4.290366e-01	-1.343074e-01
4.810897e-01	4.034448e-01	-1.183327e-01
6.151466e-01	3.932330e-01	-1.675512e-01
4.853303e-01	4.049611e-01	-1.524656e-01
6.091269e-01	3.931213e-01	-2.015468e-01
4.915361e-01	4.157116e-01	-1.042461e-01
6.040400e-01	4.048800e-01	-1.503502e-01
5.220363e-01	4.306284e-01	1.446212e-02
5.706404e-01	4.279094e-01	-1.432981e-02
5.284588e-01	2.598742e-01	1.663166e-02
5.649813e-01	2.572589e-01	-2.097510e-02
5.333325e-01	1.094364e-01	1.853597e-01
5.580963e-01	1.017533e-01	1.352073e-01
5.358360e-01	9.518597e-02	1.955508e-01
5.568331e-01	8.805021e-02	1.445909e-01
5.317292e-01	6.461717e-02	7.947575e-02
5.533485e-01	6.063318e-02	1.886644e-02
5.471110e-01	7.582741e-01	-2.107240e-01
5.439441e-01	7.690287e-01	-1.908198e-01
5.411172e-01	7.683901e-01	-1.908451e-01
5.378679e-01	7.677323e-01	-1.907990e-01
5.538391e-01	7.696917e-01	-1.965934e-01
5.577084e-01	7.693419e-01	-1.966605e-01
5.611597e-01	7.688498e-01	-1.966492e-01
5.357209e-01	7.550076e-01	-8.339302e-02
5.682566e-01	7.573148e-01	-1.102285e-01
5.406715e-01	7.371311e-01	-1.712471e-01
5.541481e-01	7.376223e-01	-1.787952e-01
5.122026e-01	6.557829e-01	-2.249409e-02
5.925115e-01	6.551523e-01	-6.494354e-02
4.984318e-01	5.361074e-01	1.283969e-02
6.041167e-01	5.351162e-01	-4.274776e-02
4.873258e-01	4.394639e-01	-8.577392e-02
6.135747e-01	4.298333e-01	-1.301338e-01
4.800565e-01	4.068235e-01	-1.144302e-01
6.204214e-01	3.952714e-01	-1.619201e-01
4.835109e-01	4.074988e-01	-1.479985e-01
6.160913e-01	3.945945e-01	-1.957034e-01
4.897338e-01	4.188567e-01	-1.018072e-01
6.112589e-01	4.061999e-01	-1.461425e-01
5.217678e-01	4.327210e-01	1.483014e-02
5.700805e-01	4.283594e-01	-1.470176e-02
5.284308e-01	2.609035e-01	1.738303e-02
5.646473e-01	2.577178e-01	-2.222378e-02
5.333349e-01	1.097560e-01	1.817760e-01
5.580831e-01	1.026445e-01	1.307019e-01
5.358887e-01	9.527759e-02	1.913039e-01
5.573685e-01	8.880427e-02	1.398324e-01
5.316816e-01	6.495579e-02	7.640402e-02
5.532265e-01	6.117429e-02	1.581097e-02
5.467796e-01	7.582209e-01	-2.349513e-01
5.437423e-01	7.691609e-01	-2.159838e-01
5.408328e-01	7.685647e-01	-2.160367e-01
5.374653e-01	7.679359e-01	-2.160079e-01
5.536426e-01	7.698038e-01	-2.207537e-01
5.575335e-01	7.694696e-01	-2.208193e-01
5.610627e-01	7.689725e-01	-2.208099e-01
5.354466e-01	7.553819e-01	-1.084814e-01
5.681751e-01	7.574176e-01	-1.307778e-01
5.404000e-01	7.372672e-01	-1.951143e-01
5.540426e-01	7.376844e-01	-2.013904e-01
5.122558e-01	6.558055e-01	-4.510341e-02
5.925091e-01	6.547492e-01	-6.945436e-02
4.979357e-01	5.384324e-01	-6.200130e-03
6.078195e-01	5.327721e-01	-4.611217e-02
4.848163e-01	4.466297e-01	-9.900045e-02
6.226438e-01	4.296736e-01	-1.357396e-01
4.776395e-01	4.143542e-01	-1.259042e-01
6.294729e-01	3.952284e-01	-1.679073e-01
4.805823e-01	4.137017e-01	-1.597883e-01
6.257240e-01	3.941496e-01	-2.020299e-01
4.864432e-01	4.250861e-01	-1.149731e-01
6.209704e-01	4.051715e-01	-1.517172e-01
5.217104e-01	4.337858e-01	1.446033e-02
5.700887e-01	4.288486e-01	-1.433679e-02
5.283521e-01	2.619015e-01	1.963121e-02
5.644669e-01	2.581767e-01	-2.103110e-02
5.332488e-01	1.104665e-01	1.803543e-01
5.580829e-01	1.039874e-01	1.337605e-01
5.358825e-01	9.579490e-02	1.895207e-01
5.578034e-01	9.006608e-02	1.431346e-01
5.315586e-01	6.530917e-02	7.487040e-02
5.531375e-01	6.159601e-02	2.016943e-02
5.466171e-01	7.581534e-01	-2.476322e-01
5.435677e-01	7.691355e-01	-2.281277e-01
5.405441e-01	7.685323e-01	-2.281885e-01
5.370424e-01	7.678908e-01	-2.281699e-01
5.535249e-01	7.697995e-01	-2.333094e-01
5.574383e-01	7.694765e-01	-2.333677e-01
5.610148e-01	7.689811e-01	-2.333562e-01
5.350205e-01	7.553860e-01	-1.169268e-01
5.681281e-01	7.574140e-01	-1.411964e-01
5.402507e-01	7.372465e-01	-2.062533e-01
5.540139e-01	7.376655e-01	-2.131246e-01
5.123038e-01	6.559504e-01	-5.127696e-02
5.924949e-01	6.546268e-01	-7.283191e-02
4.975940e-01	5.408235e-01	-1.107694e-02
6.110981e-01	5.329881e-01	-4.752984e-02
4.818898e-01	4.559553e-01	-1.068002e-01
6.297509e-01	4.355195e-01	-1.368089e-01
4.748829e-01	4.261404e-01	-1.341603e-01
6.379069e-01	4.005678e-01	-1.706966e-01
4.771573e-01	4.251925e-01	-1.690243e-01
6.359490e-01	3.983815e-01	-2.043636e-01
4.825695e-01	4.358043e-01	-1.232319e-01
6.308656e-01	4.103649e-01	-1.538854e-01
5.215661e-01	4.345806e-01	1.325738e-02
5.700141e-01	4.291888e-01	-1.313671e-02
5.282232e-01	2.625834e-01	1.654182e-02
5.641230e-01	2.582988e-01	-2.237890e-02
5.330933e-01	1.104585e-01	1.692224e-01
5.579618e-01	1.038808e-01	1.280822e-01
5.357832e-01	9.562108e-02	1.778206e-01
5.578417e-01	8.998750e-02	1.371360e-01
5.316660e-01	6.540817e-02	6.227125e-02
5.532404e-01	6.184453e-02	1.535422e-02
5.464946e-01	7.580523e-01	-2.670018e-01
5.433649e-01	7.691261e-01	-2.459463e-01
5.401939e-01	7.685131e-01	-2.460278e-01
5.365720e-01	7.678680e-01	-2.460318e-01
5.534004e-01	7.697869e-01	-2.512365e-01
5.573572e-01	7.694640e-01	-2.512942e-01
5.609922e-01	7.689711e-01	-2.512836e-01
5.344292e-01	7.553784e-01	-1.282113e-01
5.680645e-01	7.574098e-01	-1.526316e-01
5.401176e-01	7.372057e-01	-2.233530e-01
5.540125e-01	7.376245e-01	-2.302974e-01
5.123060e-01	6.566452e-01	-6.301697e-02
5.924945e-01	6.546590e-01	-7.727659e-02
4.970495e-01	5.473931e-01	-2.900216e-02
6.146450e-01	5.370160e-01	-5.091591e-02
4.773260e-01	4.723023e-01	-1.334107e-01
6.424586e-01	4.386994e-01	-1.497941e-01
4.698256e-01	4.429915e-01	-1.628180e-01
6.504574e-01	4.071571e-01	-1.794575e-01
4.723946e-01	4.431905e-01	-1.982331e-01
6.502851e-01	4.035969e-01	-2.180670e-01
4.775330e-01	4.531007e-01	-1.501482e-01
6.461988e-01	4.145541e-01	-1.687441e-01
5.214785e-01	4.353632e-01	1.018934e-02
5.699856e-01	4.307668e-01	-1.007145e-02
5.278356e-01	2.631568e-01	1.842809e-03
5.639618e-01	2.598032e-01	-2.427314e-02
5.328140e-01	1.104585e-01	1.659105e-01
5.578501e-01	1.040497e-01	1.313424e-01
5.354801e-01	9.554268e-02	1.755038e-01
5.579026e-01	9.009316e-02	1.408818e-01
5.322974e-01	6.539911e-02	5.727964e-02
5.534667e-01	6.190317e-02	1.763812e-02
5.463971e-01	7.568753e-01	-2.650864e-01
5.431763e-01	7.682547e-01	-2.385266e-01
5.398974e-01	7.676781e-01	-2.387232e-01
5.362027e-01	7.670324e-01	-2.387923e-01
5.532229e-01	7.691163e-01	-2.414820e-01
5.571896e-01	7.689067e-01	-2.414513e-01
5.609033e-01	7.683897e-01	-2.414236e-01
5.339925e-01	7.548983e-01	-1.128522e-01
5.678757e-01	7.569722e-01	-1.335016e-01
5.400425e-01	7.362187e-01	-2.164589e-01
5.539998e-01	7.369298e-01	-2.201418e-01
5.123045e-01	6.577871e-01	-5.696040e-02
5.924460e-01	6.547936e-01	-5.781723e-02
4.939679e-01	5.595804e-01	-1.593324e-02
6.216136e-01	5.498385e-01	-3.188618e-02
4.690995e-01	4.921301e-01	-1.176682e-01
6.565622e-01	4.615135e-01	-1.347302e-01
4.621379e-01	4.642626e-01	-1.472852e-01
6.672446e-01	4.311629e-01	-1.636278e-01
4.660041e-01	4.647213e-01	-1.820646e-01
6.675320e-01	4.284481e-01	-2.022064e-01
4.705515e-01	4.731281e-01	-1.342999e-01
6.626757e-01	4.372084e-01	-1.535206e-01
5.211140e-01	4.374127e-01	8.978953e-03
5.696986e-01	4.321768e-01	-8.845855e-03
5.273483e-01	2.640024e-01	-4.617810e-03
5.634847e-01	2.605187e-01	-2.900485e-02
5.319050e-01	1.104932e-01	1.498230e-01
5.576913e-01	1.041837e-01	1.156406e-01
5.342945e-01	9.533965e-02	1.583553e-01
5.577465e-01	9.007487e-02	1.239235e-01
5.326601e-01	6.538197e-02	3.962146e-02
5.538930e-01	6.201353e-02	-3.179416e-04
5.461407e-01	7.566992e-01	-2.430768e-01
5.429440e-01	7.681403e-01	-2.184364e-01
5.395426e-01	7.675779e-01	-2.185871e-01
5.358434e-01	7.669204e-01	-2.185927e-01
5.529628e-01	7.690223e-01	-2.263031e-01
5.569302e-01	7.688332e-01	-2.262841e-01
5.607502e-01	7.683075e-01	-2.262462e-01
5.337048e-01	7.548203e-01	-9.542973e-02
5.677041e-01	7.568737e-01	-1.304749e-01
5.398036e-01	7.360998e-01	-1.960313e-01
5.539073e-01	7.368138e-01	-2.062859e-01
5.123430e-01	6.583451e-01	-1.981306e-02
5.924463e-01	6.548414e-01	-6.394555e-02
4.904476e-01	5.719100e-01	6.237976e-02
6.303490e-01	5.597947e-01	-3.705088e-02
4.642521e-01	5.193555e-01	6.443596e-03
6.736535e-01	4.807326e-01	-1.353507e-01
4.556233e-01	4.965954e-01	-1.040683e-02
6.867431e-01	4.547724e-01	-1.673637e-01
4.595479e-01	4.967708e-01	-4.706586e-02
6.885885e-01	4.505703e-01	-2.033719e-01
4.642037e-01	5.034676e-01	-9.468302e-03
6.831652e-01	4.570132e-01	-1.567381e-01
5.206808e-01	4.370955e-01	1.710056e-02
5.688304e-01	4.321225e-01	-1.693767e-02
5.271614e-01	2.639695e-01	1.112354e-02
5.631358e-01	2.603607e-01	-3.219018e-02
5.318743e-01	1.104098e-01	1.659324e-01
5.577309e-01	1.039848e-01	1.183899e-01
5.343228e-01	9.515822e-02	1.757836e-01
5.579552e-01	8.917478e-02	1.281206e-01
5.323991e-01	6.512059e-02	7.403600e-02
5.537795e-01	6.197376e-02	7.293740e-03
5.453572e-01	7.566878e-01	-2.329825e-01
5.424668e-01	7.681349e-01	-2.095823e-01
5.389365e-01	7.675754e-01	-2.096879e-01
5.353663e-01	7.669103e-01	-2.096213e-01
5.522900e-01	7.690185e-01	-2.186636e-01
5.561882e-01	7.688285e-01	-2.186674e-01
5.601422e-01	7.683011e-01	-2.186362e-01
5.334643e-01	7.548164e-01	-8.794551e-02
5.672946e-01	7.568174e-01	-1.279051e-01
5.391957e-01	7.360879e-01	-1.873474e-01
5.532669e-01	7.368115e-01	-1.992223e-01
5.124053e-01	6.586109e-01	1.036039e-02
5.924035e-01	6.555732e-01	-7.111613e-02
4.865398e-01	5.898115e-01	1.968471e-01
6.381746e-01	5.732821e-01	-6.409784e-02
4.599400e-01	5.461189e-01	2.763446e-01
6.876420e-01	5.112436e-01	-1.533586e-01
4.509048e-01	5.267669e-01	2.879995e-01
7.049835e-01	4.918371e-01	-1.780380e-01
4.532158e-01	5.283949e-01	2.476113e-01
7.069573e-01	4.906893e-01	-2.189287e-01
4.577827e-01	5.345506e-01	2.629718e-01
7.002397e-01	4.942891e-01	-1.739427e-01
5.206859e-01	4.369611e-01	2.412426e-02
5.684619e-01	4.320473e-01	-2.399671e-02
5.270491e-01	2.642071e-01	1.980972e-02
5.631111e-01	2.603035e-01	-3.170571e-02
5.318164e-01	1.102650e-01	1.902601e-01
5.578237e-01	1.036331e-01	1.279005e-01
5.343441e-01	9.483600e-02	2.013702e-01
5.581324e-01	8.833756e-02	1.395686e-01
5.323752e-01	6.499058e-02	9.615488e-02
5.537564e-01	6.194539e-02	2.411007e-02
5.449890e-01	7.566719e-01	-2.333468e-01
5.422179e-01	7.681723e-01	-2.101646e-01
5.385842e-01	7.676675e-01	-2.102517e-01
5.350533e-01	7.670332e-01	-2.101569e-01
5.520754e-01	7.689804e-01	-2.180567e-01
5.559757e-01	7.687285e-01	-2.180857e-01
5.599750e-01	7.680819e-01	-2.180873e-01
5.330383e-01	7.548742e-01	-8.774950e-02
5.671324e-01	7.562886e-01	-1.197378e-01
5.385029e-01	7.360774e-01	-1.884664e-01
5.528365e-01	7.367985e-01	-1.989454e-01
5.117521e-01	6.586050e-01	1.355697e-02
5.923951e-01	6.564649e-01	-8.034401e-02
4.789537e-01	5.996557e-01	1.987208e-01
6.471602e-01	5.955109e-01	-1.157412e-01
4.524101e-01	5.732555e-01	3.022886e-01
7.061538e-01	5.431576e-01	-2.202609e-01
4.452922e-01	5.612824e-01	3.211960e-01
7.238238e-01	5.261689e-01	-2.466906e-01
4.479167e-01	5.648903e-01	2.854301e-01
7.257016e-01	5.295039e-01	-2.832534e-01
4.517647e-01	5.688673e-01	2.912600e-01
7.189645e-01	5.322735e-01	-2.390161e-01
5.209912e-01	4.368187e-01	2.686894e-02
5.684689e-01	4.319871e-01	-2.678410e-02
5.270280e-01	2.646651e-01	2.135554e-02
5.631356e-01	2.604212e-01	-3.112903e-02
5.314534e-01	1.101131e-01	1.961327e-01
5.579244e-01	1.030469e-01	1.357803e-01
5.341150e-01	9.458258e-02	2.071856e-01
5.582616e-01	8.771951e-02	1.474243e-01
5.323866e-01	6.481976e-02	9.838854e-02
5.537310e-01	6.188359e-02	3.176863e-02
5.440352e-01	7.551836e-01	-2.257386e-01
5.413433e-01	7.669445e-01	-2.018360e-01
5.376453e-01	7.665275e-01	-2.019192e-01
5.343058e-01	7.660151e-01	-2.017990e-01
5.511061e-01	7.675424e-01	-2.083038e-01
5.550065e-01	7.672402e-01	-2.083417e-01
5.591764e-01	7.666040e-01	-2.083193e-01
5.324641e-01	7.541918e-01	-7.788657e-02
5.667156e-01	7.548468e-01	-1.058382e-01
5.376144e-01	7.345615e-01	-1.806328e-01
5.517066e-01	7.355808e-01	-1.890314e-01
5.112025e-01	6.585485e-01	-1.754220e-03
5.923599e-01	6.594859e-01	-5.576463e-02
4.645968e-01	6.176889e-01	-1.549960e-02
6.561803e-01	6.226389e-01	-8.943845e-02
4.508231e-01	6.072301e-01	-1.415766e-01
7.167706e-01	5.837827e-01	-1.911344e-01
4.471278e-01	5.997353e-01	-1.638582e-01
7.361199e-01	5.731229e-01	-2.412607e-01
4.516162e-01	6.001683e-01	-1.797787e-01
7.349373e-01	5.744625e-01	-2.530079e-01
4.546026e-01	6.011429e-01	-1.516182e-01
7.280436e-01	5.750462e-01	-2.133349e-01
5.212218e-01	4.357059e-01	1.958020e-02
5.684624e-01	4.316922e-01	-1.952537e-02
5.270512e-01	2.660815e-01	1.767246e-02
5.634207e-01	2.606436e-01	-1.742095e-02
5.312842e-01	1.101028e-01	1.787075e-01
5.579849e-01	1.028978e-01	1.349615e-01
5.339028e-01	9.451811e-02	1.884462e-01
5.583947e-01	8.755436e-02	1.454515e-01
5.324220e-01	6.472460e-02	7.592461e-02
5.532767e-01	6.179187e-02	3.077885e-02
5.428982e-01	7.512576e-01	-2.270966e-01
5.400606e-01	7.645406e-01	-2.040826e-01
5.364686e-01	7.642404e-01	-2.041539e-01
5.332500e-01	7.638594e-01	-2.040761e-01
5.496699e-01	7.650617e-01	-2.107743e-01
5.536337e-01	7.648209e-01	-2.108092e-01
5.578094e-01	7.643422e-01	-2.107687e-01
5.318092e-01	7.527843e-01	-8.348254e-02
5.658172e-01	7.533363e-01	-1.125955e-01
5.368552e-01	7.301695e-01	-1.829286e-01
5.502837e-01	7.312742e-01	-1.916065e-01
5.108300e-01	6.587954e-01	-4.772981e-03
5.923593e-01	6.624685e-01	-5.696138e-02
4.636460e-01	6.379449e-01	-1.144775e-02
6.555151e-01	6.442271e-01	-1.081017e-01
4.441351e-01	6.380308e-01	-1.138474e-01
7.212060e-01	6.318794e-01	-2.209571e-01
4.311430e-01	6.383599e-01	-1.318494e-01
7.407122e-01	6.255150e-01	-2.502558e-01
4.380355e-01	6.358333e-01	-1.546048e-01
7.407993e-01	6.298775e-01	-2.793368e-01
4.412692e-01	6.339203e-01	-1.270725e-01
7.332712e-01	6.267177e-01	-2.381786e-01
5.211474e-01	4.340474e-01	1.732526e-02
5.680491e-01	4.309128e-01	-1.731750e-02
5.271125e-01	2.670581e-01	1.857559e-02
5.636305e-01	2.608686e-01	-7.301748e-03
5.312530e-01	1.100992e-01	1.801237e-01
5.579673e-01	1.026601e-01	1.432873e-01
5.339069e-01	9.448072e-02	1.895901e-01
5.584128e-01	8.737775e-02	1.529473e-01
5.324714e-01	6.455785e-02	7.644884e-02
5.525197e-01	6.154334e-02	3.410038e-02
5.420534e-01	7.481364e-01	-2.589452e-01
5.393051e-01	7.624658e-01	-2.371413e-01
5.358449e-01	7.623082e-01	-2.372033e-01
5.326928e-01	7.620326e-01	-2.371252e-01
5.486695e-01	7.626225e-01	-2.460998e-01
5.526131e-01	7.623999e-01	-2.461707e-01
5.567318e-01	7.619392e-01	-2.462153e-01
5.315649e-01	7.514266e-01	-1.144260e-01
5.651205e-01	7.517241e-01	-1.545948e-01
5.361670e-01	7.272935e-01	-2.127694e-01
5.490488e-01	7.281288e-01	-2.245276e-01
5.107752e-01	6.597685e-01	-3.051389e-02
5.927097e-01	6.673095e-01	-1.111121e-01
4.602391e-01	6.667609e-01	-4.355513e-03
6.588875e-01	6.713274e-01	-1.478337e-01
4.198514e-01	7.047017e-01	-6.972647e-02
7.319760e-01	6.782797e-01	-2.442586e-01
4.080631e-01	7.174937e-01	-8.118366e-02
7.497681e-01	6.834617e-01	-2.672478e-01
4.084402e-01	7.225888e-01	-1.093532e-01
7.516079e-01	6.916252e-01	-2.980722e-01
4.134634e-01	7.178935e-01	-8.530214e-02
7.450375e-01	6.854826e-01	-2.614173e-01
5.213503e-01	4.337843e-01	1.986923e-02
5.680588e-01	4.308880e-01	-1.987820e-02
5.271280e-01	2.674414e-01	3.859416e-02
5.636119e-01	2.614097e-01	-1.093934e-02
5.311533e-01	1.099525e-01	2.022347e-01
5.578123e-01	1.023699e-01	1.420632e-01
5.339178e-01	9.430875e-02	2.113083e-01
5.584010e-01	8.716250e-02	1.519901e-01
5.326230e-01	6.445546e-02	9.519421e-02
5.523372e-01	6.138910e-02	3.237851e-02
5.415303e-01	7.482581e-01	-2.512815e-01
5.386770e-01	7.622074e-01	-2.296284e-01
5.353511e-01	7.619638e-01	-2.296922e-01
5.322636e-01	7.616057e-01	-2.296209e-01
5.478245e-01	7.625791e-01	-2.373233e-01
5.517541e-01	7.624359e-01	-2.373900e-01
5.558664e-01	7.620558e-01	-2.374153e-01
5.314137e-01	7.508107e-01	-1.121725e-01
5.646273e-01	7.518274e-01	-1.447082e-01
5.358666e-01	7.275454e-01	-2.065152e-01
5.486776e-01	7.284998e-01	-2.168032e-01
5.106868e-01	6.625851e-01	-2.084102e-02
5.928708e-01	6.729506e-01	-1.169401e-01
4.604471e-01	6.933144e-01	1.746381e-03
6.557249e-01	6.969867e-01	-1.748722e-01
4.258988e-01	7.467838e-01	-8.335578e-03
7.227437e-01	7.280301e-01	-2.750110e-01
4.148986e-01	7.714143e-01	-1.282010e-02
7.418945e-01	7.406984e-01	-3.037178e-01
4.164472e-01	7.769156e-01	-3.378261e-02
7.434524e-01	7.449722e-01	-3.304839e-01
4.193226e-01	7.697307e-01	-2.083084e-02
7.359765e-01	7.373499e-01	-2.916008e-01
5.225123e-01	4.341744e-01	2.501266e-02
5.686334e-01	4.321290e-01	-2.503414e-02
5.271394e-01	2.684836e-01	4.283739e-02
5.636201e-01	2.635038e-01	-1.743209e-02
5.310307e-01	1.099524e-01	2.077917e-01
5.578121e-01	1.023506e-01	1.384099e-01
5.338923e-01	9.429538e-02	2.171743e-01
5.584105e-01	8.716994e-02	1.484803e-01
5.327231e-01	6.444453e-02	1.013284e-01
5.522669e-01	6.136728e-02	2.418628e-02
5.413432e-01	7.478867e-01	-2.332678e-01
5.383979e-01	7.613889e-01	-2.094346e-01
5.351596e-01	7.610092e-01	-2.094980e-01
5.321172e-01	7.605195e-01	-2.093989e-01
5.473582e-01	7.622136e-01	-2.194223e-01
5.512151e-01	7.622648e-01	-2.195354e-01
5.552622e-01	7.620661e-01	-2.195904e-01
5.313994e-01	7.499273e-01	-9.129298e-02
5.644127e-01	7.518867e-01	-1.373396e-01
5.359300e-01	7.276866e-01	-1.895341e-01
5.486699e-01	7.288055e-01	-2.031309e-01
5.108818e-01	6.668580e-01	-1.911112e-02
5.931942e-01	6.760551e-01	-1.131923e-01
4.645092e-01	7.115762e-01	1.493728e-02
6.553975e-01	7.320892e-01	-1.760860e-01
4.324771e-01	7.755160e-01	-1.075849e-02
7.165800e-01	7.791368e-01	-2.638109e-01
4.224494e-01	7.974684e-01	-1.966755e-02
7.367270e-01	7.913531e-01	-2.927594e-01
4.243539e-01	8.017349e-01	-4.037002e-02
7.371295e-01	7.949365e-01	-3.169749e-01
4.278873e-01	7.925226e-01	-2.322603e-02
7.307227e-01	7.891011e-01	-2.797449e-01
5.229157e-01	4.349064e-01	2.450325e-02
5.687298e-01	4.334203e-01	-2.450043e-02
5.271419e-01	2.708437e-01	4.189046e-02
5.636757e-01	2.647288e-01	-1.758185e-02
5.306712e-01	1.117782e-01	2.065631e-01
5.578027e-01	1.023799e-01	1.334024e-01
5.334933e-01	9.577151e-02	2.161207e-01
5.583117e-01	8.708272e-02	1.429653e-01
5.321067e-01	6.490336e-02	1.020908e-01
5.511755e-01	6.138069e-02	1.777780e-02
5.390624e-01	7.473760e-01	-2.191824e-01
5.367257e-01	7.606547e-01	-1.944613e-01
5.339269e-01	7.601196e-01	-1.945320e-01
5.312458e-01	7.595631e-01	-1.944073e-01
5.454357e-01	7.619931e-01	-2.076761e-01
5.492214e-01	7.622346e-01	-2.078059e-01
5.534080e-01	7.621521e-01	-2.078917e-01
5.314508e-01	7.497759e-01	-7.643963e-02
5.637065e-01	7.520773e-01	-1.361847e-01
5.353258e-01	7.278112e-01	-1.756385e-01
5.471588e-01	7.290322e-01	-1.934271e-01
5.123662e-01	6.746398e-01	-9.364629e-03
5.930884e-01	6.785573e-01	-1.371652e-01
4.764566e-01	7.300451e-01	5.517067e-02
6.519593e-01	7.544604e-01	-2.272279e-01
4.383718e-01	7.958370e-01	6.019847e-02
7.083598e-01	8.202172e-01	-3.099356e-01
4.276590e-01	8.213785e-01	5.384109e-02
7.263347e-01	8.443039e-01	-3.436222e-01
4.256544e-01	8.263494e-01	3.428711e-02
7.262548e-01	8.522749e-01	-3.647400e-01
4.283438e-01	8.177571e-01	4.785008e-02
7.195886e-01	8.422552e-01	-3.255143e-01
5.231470e-01	4.353752e-01	2.781681e-02
5.687948e-01	4.352080e-01	-2.781986e-02
5.272841e-01	2.712549e-01	5.112324e-02
5.640308e-01	2.646900e-01	-1.772683e-02
5.306760e-01	1.117482e-01	2.151427e-01
5.577888e-01	1.023689e-01	1.331647e-01
5.334510e-01	9.574079e-02	2.243835e-01
5.581487e-01	8.699282e-02	1.427720e-01
5.320188e-01	6.479859e-02	1.081294e-01
5.512062e-01	6.128777e-02	1.644399e-02
5.384226e-01	7.525492e-01	-2.230920e-01
5.360187e-01	7.623720e-01	-2.000192e-01
5.332106e-01	7.613579e-01	-2.000929e-01
5.305300e-01	7.604432e-01	-2.000010e-01
5.450593e-01	7.645043e-01	-2.109240e-01
5.488795e-01	7.646914e-01	-2.110345e-01
5.530773e-01	7.646983e-01	-2.110932e-01
5.314606e-01	7.498721e-01	-7.681119e-02
5.635496e-01	7.526917e-01	-1.362303e-01
5.348512e-01	7.319946e-01	-1.800482e-01
5.467277e-01	7.347872e-01	-1.949752e-01
5.129795e-01	6.815127e-01	-3.444319e-02
5.921826e-01	6.850510e-01	-1.206563e-01
4.837750e-01	7.464511e-01	-4.997181e-02
6.469055e-01	7.717302e-01	-1.747204e-01
4.530399e-01	8.311629e-01	-1.516394e-01
6.972057e-01	8.626249e-01	-2.595123e-01
4.447263e-01	8.573225e-01	-1.839948e-01
7.110173e-01	8.837053e-01	-2.917945e-01
4.462867e-01	8.618066e-01	-2.017527e-01
7.106121e-01	8.933294e-01	-3.162734e-01
4.492894e-01	8.530088e-01	-1.664872e-01
7.042819e-01	8.852154e-01	-2.753147e-01
5.232126e-01	4.392791e-01	2.223186e-02
5.688642e-01	4.383931e-01	-2.217871e-02
5.273793e-01	2.714167e-01	4.574595e-02
5.645813e-01	2.649016e-01	-1.135091e-02
5.306705e-01	1.117188e-01	2.094260e-01
5.577765e-01	1.014040e-01	1.339337e-01
5.334160e-01	9.558173e-02	2.187482e-01
5.579263e-01	8.516157e-02	1.430216e-01
5.307547e-01	6.478016e-02	1.034595e-01
5.511816e-01	6.017087e-02	1.502709e-02
5.377752e-01	7.489945e-01	-2.242981e-01
5.353287e-01	7.607621e-01	-2.026937e-01
5.325450e-01	7.596411e-01	-2.028178e-01
5.298771e-01	7.585460e-01	-2.028245e-01
5.442695e-01	7.628867e-01	-2.128356e-01
5.481305e-01	7.632055e-01	-2.129476e-01
5.524017e-01	7.634454e-01	-2.130097e-01
5.314142e-01	7.484972e-01	-8.765190e-02
5.632654e-01	7.525661e-01	-1.365502e-01
5.345706e-01	7.294516e-01	-1.811202e-01
5.461496e-01	7.306468e-01	-1.956070e-01
5.140032e-01	6.859054e-01	-4.516809e-02
5.903822e-01	6.869939e-01	-1.152185e-01
4.870600e-01	7.653839e-01	-6.029450e-02
6.328706e-01	7.838030e-01	-1.562698e-01
4.638024e-01	8.647841e-01	-1.501070e-01
6.773864e-01	8.947667e-01	-2.521911e-01
4.578511e-01	8.896976e-01	-1.841656e-01
6.881219e-01	9.131163e-01	-2.768659e-01
4.619101e-01	8.943834e-01	-2.000504e-01
6.855558e-01	9.205525e-01	-3.031824e-01
4.647991e-01	8.860470e-01	-1.638684e-01
6.798893e-01	9.132398e-01	-2.715859e-01
5.231965e-01	4.408729e-01	1.375318e-02
5.687666e-01	4.403016e-01	-1.370513e-02
5.275284e-01	2.709406e-01	4.202395e-02
5.645940e-01	2.651687e-01	-1.574485e-03
5.311614e-01	1.091687e-01	2.017609e-01
5.579014e-01	1.009549e-01	1.466839e-01
5.347091e-01	9.285255e-02	2.098359e-01
5.584351e-01	8.453349e-02	1.556280e-01
5.307180e-01	6.195078e-02	8.394210e-02
5.510145e-01	5.883896e-02	2.338099e-02
5.388133e-01	7.489353e-01	-7.036667e-02
5.385603e-01	7.608643e-01	-7.820940e-02
5.377373e-01	7.596708e-01	-7.824480e-02
5.371913e-01	7.589558e-01	-7.820816e-02
5.445271e-01	7.622551e-01	-8.275083e-02
5.473634e-01	7.621195e-01	-8.275561e-02
5.497128e-01	7.620067e-01	-8.273148e-02
5.432314e-01	7.497476e-01	-7.995641e-02
5.535628e-01	7.524444e-01	-1.027749e-01
5.373158e-01	7.301078e-01	-6.715426e-02
5.461184e-01	7.306840e-01	-7.342106e-02
5.697415e-01	6.964486e-01	-9.172831e-02
5.361270e-01	6.950673e-01	-1.013454e-01
6.112792e-01	7.947881e-01	-1.665968e-01
4.991423e-01	7.751323e-01	-1.490817e-01
6.462293e-01	9.019068e-01	-2.265131e-01
4.836159e-01	8.886290e-01	-2.108652e-01
6.603494e-01	9.312475e-01	-2.692946e-01
4.785257e-01	9.146479e-01	-2.494138e-01
6.527470e-01	9.366662e-01	-2.669601e-01
4.835680e-01	9.187359e-01	-2.489607e-01
6.461011e-01	9.243580e-01	-2.309956e-01
4.874400e-01	9.101649e-01	-2.154202e-01
5.423644e-01	4.424872e-01	2.353780e-04
5.525137e-01	4.455303e-01	-2.320753e-04
5.380617e-01	2.708184e-01	3.976868e-02
5.538380e-01	2.681252e-01	2.539193e-02
5.341102e-01	1.088448e-01	1.658860e-01
5.530546e-01	1.009123e-01	1.591482e-01
5.360673e-01	9.238891e-02	1.726309e-01
5.538795e-01	8.456350e-02	1.670487e-01
5.345544e-01	6.197442e-02	6.894164e-02
5.490498e-01	5.875183e-02	6.484624e-02
5.412078e-01	7.523738e-01	-1.598702e-01
5.400866e-01	7.627840e-01	-1.456512e-01
5.390288e-01	7.616915e-01	-1.457166e-01
5.379786e-01	7.609205e-01	-1.456200e-01
5.449525e-01	7.632864e-01	-1.551051e-01
5.476347e-01	7.627309e-01	-1.551608e-01
5.502895e-01	7.623076e-01	-1.551703e-01
5.416285e-01	7.511518e-01	-9.926599e-02
5.538864e-01	7.524806e-01	-1.108951e-01
5.391026e-01	7.347985e-01	-1.258480e-01
5.465573e-01	7.341530e-01	-1.396332e-01
5.465809e-01	6.965795e-01	-8.956215e-02
5.586199e-01	6.937562e-01	-9.449346e-02
5.442009e-01	7.912629e-01	-1.477626e-01
5.740701e-01	7.843019e-01	-1.460863e-01
5.573919e-01	9.262812e-01	-2.177681e-01
5.974307e-01	8.902281e-01	-2.006994e-01
5.601872e-01	9.504103e-01	-2.564148e-01
5.704342e-01	9.450611e-01	-2.373647e-01
5.633174e-01	9.509087e-01	-2.603290e-01
5.712994e-01	9.495446e-01	-2.431011e-01
5.614521e-01	9.417983e-01	-2.250633e-01
5.985528e-01	9.202826e-01	-2.083396e-01
5.387145e-01	4.435194e-01	2.164364e-03
5.552149e-01	4.469350e-01	-2.173377e-03
5.380358e-01	2.711756e-01	4.912118e-02
5.539075e-01	2.697594e-01	2.981131e-02
5.351883e-01	1.089962e-01	1.803570e-01
5.528985e-01	1.012244e-01	1.749971e-01
5.369080e-01	9.240819e-02	1.859346e-01
5.539519e-01	8.519720e-02	1.840295e-01
5.344552e-01	6.202636e-02	8.375091e-02
5.483024e-01	5.850994e-02	7.547726e-02
5.447515e-01	7.605627e-01	-5.215841e-02
5.441979e-01	7.697419e-01	-5.776045e-02
5.437540e-01	7.691044e-01	-5.776131e-02
5.432712e-01	7.687832e-01	-5.768353e-02
5.459210e-01	7.692655e-01	-5.666455e-02
5.478816e-01	7.683589e-01	-5.670001e-02
5.501651e-01	7.677134e-01	-5.664552e-02
5.453917e-01	7.587051e-01	-6.565251e-02
5.510440e-01	7.573869e-01	-5.885109e-02
5.432042e-01	7.452691e-01	-5.074457e-02
5.470253e-01	7.435437e-01	-4.992190e-02
5.597203e-01	6.992464e-01	-8.003578e-02
5.422146e-01	6.991743e-01	-5.793424e-02
5.888826e-01	8.049409e-01	-1.289314e-01
5.207268e-01	7.948225e-01	-8.989163e-02
6.129615e-01	9.174265e-01	-1.700065e-01
5.035632e-01	9.121128e-01	-1.201259e-01
6.202293e-01	9.445388e-01	-2.024761e-01
4.969245e-01	9.467188e-01	-1.457351e-01
6.139942e-01	9.504007e-01	-2.037967e-01
5.046762e-01	9.506022e-01	-1.503692e-01
6.090307e-01	9.402227e-01	-1.747249e-01
5.111423e-01	9.383459e-01	-1.253748e-01
5.474678e-01	4.432409e-01	-8.128195e-03
5.490535e-01	4.470481e-01	8.126481e-03
5.439965e-01	2.713596e-01	4.962779e-02
5.499276e-01	2.720478e-01	5.513158e-02
5.393874e-01	1.085989e-01	1.562779e-01
5.485612e-01	1.028174e-01	1.770605e-01
5.399233e-01	9.161642e-02	1.611861e-01
5.489254e-01	8.622142e-02	1.847940e-01
5.373558e-01	6.191012e-02	7.625555e-02
5.471513e-01	5.868635e-02	1.007347e-01
5.454514e-01	7.620867e-01	-1.339864e-01
5.439937e-01	7.701259e-01	-1.210516e-01
5.430519e-01	7.694269e-01	-1.211592e-01
5.421040e-01	7.689550e-01	-1.212366e-01
5.467652e-01	7.699388e-01	-9.691723e-02
5.484522e-01	7.691628e-01	-9.730667e-02
5.502691e-01	7.686051e-01	-9.764138e-02
5.442616e-01	7.583622e-01	-8.164153e-02
5.525273e-01	7.585664e-01	-8.514842e-02
5.429174e-01	7.466599e-01	-1.173336e-01
5.480278e-01	7.459251e-01	-9.341367e-02
5.410419e-01	6.989423e-01	-9.406628e-02
5.486902e-01	6.993843e-01	-7.032508e-02
5.434238e-01	7.984642e-01	-1.669925e-01
5.628040e-01	7.993905e-01	-1.371426e-01
5.583116e-01	9.224080e-01	-2.215991e-01
5.788727e-01	9.146931e-01	-1.762562e-01
5.531173e-01	9.540550e-01	-2.603904e-01
5.788108e-01	9.460083e-01	-2.067868e-01
5.951582e-01	9.573443e-01	-2.597538e-01
5.823281e-01	9.545880e-01	-1.928827e-01
5.658702e-01	9.466958e-01	-2.277587e-01
5.812391e-01	9.443681e-01	-1.811544e-01
5.448436e-01	4.466926e-01	-1.244946e-02
5.501766e-01	4.478512e-01	1.245145e-02
5.424417e-01	2.724974e-01	4.277867e-02
5.509583e-01	2.724933e-01	4.981485e-02
5.389084e-01	1.087070e-01	1.610186e-01
5.493993e-01	1.031880e-01	1.774826e-01
5.381179e-01	9.157376e-02	1.669642e-01
5.495861e-01	8.629534e-02	1.845430e-01
5.370734e-01	6.185518e-02	5.976233e-02
5.487310e-01	5.910443e-02	7.822394e-02
5.460300e-01	7.652628e-01	-1.541994e-01
5.439582e-01	7.713971e-01	-1.406460e-01
5.426061e-01	7.707379e-01	-1.407186e-01
5.414423e-01	7.702228e-01	-1.407037e-01
5.479344e-01	7.711831e-01	-1.365896e-01
5.495728e-01	7.704576e-01	-1.367512e-01
5.511316e-01	7.699270e-01	-1.368538e-01
5.435309e-01	7.588109e-01	-7.273926e-02
5.529209e-01	7.598262e-01	-7.908664e-02
5.428094e-01	7.520834e-01	-1.291127e-01
5.489779e-01	7.505321e-01	-1.250108e-01
5.307649e-01	7.019249e-01	-7.835187e-02
5.576393e-01	7.004474e-01	-7.305480e-02
5.395876e-01	8.014350e-01	-1.460437e-01
5.748104e-01	7.942924e-01	-1.490806e-01
5.460001e-01	9.264149e-01	-2.088323e-01
5.862745e-01	9.179242e-01	-1.856372e-01
5.374818e-01	9.546813e-01	-2.486394e-01
5.904306e-01	9.461081e-01	-2.225071e-01
5.520598e-01	9.586070e-01	-2.503339e-01
5.838377e-01	9.552094e-01	-2.161758e-01
5.412256e-01	9.487606e-01	-2.164355e-01
5.777281e-01	9.463812e-01	-1.853470e-01
5.418021e-01	4.483270e-01	-8.332111e-03
5.540280e-01	4.477840e-01	8.343674e-03
5.416397e-01	2.724751e-01	3.786969e-02
5.525444e-01	2.722034e-01	3.782947e-02
5.384740e-01	1.080610e-01	1.626436e-01
5.494980e-01	1.029426e-01	1.779377e-01
5.377461e-01	9.012091e-02	1.704494e-01
5.500552e-01	8.609018e-02	1.862316e-01
5.368108e-01	6.049182e-02	6.354146e-02
5.499650e-01	5.802121e-02	7.352753e-02
5.460439e-01	7.661660e-01	-1.655893e-01
5.438921e-01	7.735640e-01	-1.440385e-01
5.421639e-01	7.731944e-01	-1.440825e-01
5.403008e-01	7.729010e-01	-1.440706e-01
5.487918e-01	7.726890e-01	-1.454709e-01
5.508836e-01	7.718235e-01	-1.455413e-01
5.527655e-01	7.710871e-01	-1.456555e-01
5.393210e-01	7.615303e-01	-6.935884e-02
5.551186e-01	7.607420e-01	-7.629295e-02
5.425572e-01	7.524093e-01	-1.316140e-01
5.496601e-01	7.511263e-01	-1.309791e-01
5.155738e-01	7.012112e-01	-7.191715e-02
5.700771e-01	7.009169e-01	-7.294928e-02
5.162697e-01	8.086199e-01	-1.208044e-01
5.778772e-01	7.991028e-01	-1.488852e-01
5.262935e-01	9.246897e-01	-1.818859e-01
5.872756e-01	9.218982e-01	-1.930334e-01
5.226303e-01	9.533421e-01	-2.211452e-01
5.887449e-01	9.460475e-01	-2.361618e-01
5.375997e-01	9.577360e-01	-2.269805e-01
5.819961e-01	9.528943e-01	-2.258650e-01
5.363314e-01	9.460645e-01	-1.909826e-01
5.781397e-01	9.430118e-01	-1.891547e-01
5.315571e-01	4.505580e-01	-5.576548e-03
5.638000e-01	4.487605e-01	5.607274e-03
5.349253e-01	2.733312e-01	1.827213e-02
5.594902e-01	2.722662e-01	1.817879e-02
5.342218e-01	1.102949e-01	1.829333e-01
5.530053e-01	1.029624e-01	1.733308e-01
5.339649e-01	9.273634e-02	1.947617e-01
5.518651e-01	8.612265e-02	1.824738e-01
5.351721e-01	6.051041e-02	6.702232e-02
5.527365e-01	5.744145e-02	6.288919e-02
5.464482e-01	7.654729e-01	-1.954441e-01
5.437574e-01	7.735658e-01	-1.739785e-01
5.420734e-01	7.732667e-01	-1.740437e-01
5.399102e-01	7.729788e-01	-1.739961e-01
5.503132e-01	7.725967e-01	-1.750032e-01
5.529248e-01	7.717487e-01	-1.751303e-01
5.553671e-01	7.710046e-01	-1.751206e-01
5.373905e-01	7.615793e-01	-7.936667e-02
5.583985e-01	7.607410e-01	-8.251129e-02
5.424607e-01	7.511244e-01	-1.602301e-01
5.509487e-01	7.500435e-01	-1.608026e-01
5.121266e-01	6.994607e-01	-7.751647e-02
5.767881e-01	6.993930e-01	-8.626725e-02
5.074649e-01	8.015606e-01	-1.459185e-01
5.797468e-01	7.999521e-01	-1.819882e-01
5.192750e-01	9.163868e-01	-2.089066e-01
5.807824e-01	9.186913e-01	-2.413422e-01
5.182511e-01	9.478061e-01	-2.501156e-01
5.800563e-01	9.446871e-01	-2.830387e-01
5.356383e-01	9.520113e-01	-2.555014e-01
5.726968e-01	9.487957e-01	-2.762249e-01
5.344972e-01	9.388335e-01	-2.178068e-01
5.687019e-01	9.371179e-01	-2.440015e-01
5.261854e-01	4.503852e-01	-4.355024e-03
5.674563e-01	4.485047e-01	4.403579e-03
5.321642e-01	2.732759e-01	2.016519e-02
5.632557e-01	2.711728e-01	1.890983e-02
5.319660e-01	1.116681e-01	2.017632e-01
5.541275e-01	1.022480e-01	1.851332e-01
5.318854e-01	9.426780e-02	2.143479e-01
5.522093e-01	8.531961e-02	1.956372e-01
5.343001e-01	6.056900e-02	9.044364e-02
5.533608e-01	5.694948e-02	6.913225e-02
5.472362e-01	7.653968e-01	-1.577671e-01
5.438224e-01	7.734072e-01	-1.345882e-01
5.418374e-01	7.730990e-01	-1.346381e-01
5.397647e-01	7.728224e-01	-1.345497e-01
5.515134e-01	7.725246e-01	-1.357490e-01
5.543096e-01	7.716855e-01	-1.358716e-01
5.569953e-01	7.709466e-01	-1.358397e-01
5.364451e-01	7.614423e-01	-3.369995e-02
5.601832e-01	7.606893e-01	-3.860060e-02
5.423633e-01	7.504933e-01	-1.215702e-01
5.521780e-01	7.494355e-01	-1.227735e-01
5.126412e-01	6.988494e-01	-4.079171e-02
5.794441e-01	6.989927e-01	-4.986785e-02
5.063218e-01	7.971003e-01	-1.445662e-01
5.821315e-01	7.924930e-01	-1.815503e-01
5.167319e-01	9.068950e-01	-2.309184e-01
5.749363e-01	9.056075e-01	-2.724053e-01
5.176647e-01	9.389078e-01	-2.751237e-01
5.726162e-01	9.336341e-01	-3.159381e-01
5.330999e-01	9.426354e-01	-2.768033e-01
5.652096e-01	9.372942e-01	-3.053738e-01
5.322849e-01	9.289805e-01	-2.391261e-01
5.619563e-01	9.248864e-01	-2.749614e-01
5.240172e-01	4.501441e-01	-4.550924e-03
5.686381e-01	4.482604e-01	4.654242e-03
5.307308e-01	2.727096e-01	9.275344e-03
5.645571e-01	2.689511e-01	1.214443e-02
5.309376e-01	1.121979e-01	1.984051e-01
5.543082e-01	9.921293e-02	1.831622e-01
5.305976e-01	9.456471e-02	2.087554e-01
5.523627e-01	8.243235e-02	1.947555e-01
5.337100e-01	6.057372e-02	8.919002e-02
5.537598e-01	5.527103e-02	5.800071e-02
5.472232e-01	7.651078e-01	-1.533795e-01
5.437726e-01	7.732354e-01	-1.303066e-01
5.414928e-01	7.729757e-01	-1.303518e-01
5.390165e-01	7.727711e-01	-1.302593e-01
5.515920e-01	7.724282e-01	-1.323237e-01
5.544823e-01	7.716781e-01	-1.324493e-01
5.572811e-01	7.710610e-01	-1.324233e-01
5.349644e-01	7.612830e-01	-2.490989e-02
5.608060e-01	7.608837e-01	-3.423525e-02
5.423003e-01	7.497246e-01	-1.157764e-01
5.525104e-01	7.490048e-01	-1.182687e-01
5.127102e-01	6.954839e-01	-3.562991e-02
5.807623e-01	6.930990e-01	-5.376989e-02
5.034752e-01	7.936418e-01	-1.933812e-01
5.835305e-01	7.791734e-01	-2.514036e-01
5.110147e-01	8.939958e-01	-3.299216e-01
5.724080e-01	8.996018e-01	-4.069234e-01
5.132785e-01	9.234388e-01	-3.774092e-01
5.689424e-01	9.166922e-01	-4.546035e-01
5.276651e-01	9.268701e-01	-3.765663e-01
5.625476e-01	9.211387e-01	-4.447078e-01
5.276340e-01	9.144257e-01	-3.377933e-01
5.601897e-01	9.102474e-01	-4.110377e-01
5.230463e-01	4.453297e-01	-4.495013e-03
5.692363e-01	4.431091e-01	4.557649e-03
5.295894e-01	2.704824e-01	-5.127987e-05
5.654628e-01	2.655250e-01	3.636524e-03
5.300961e-01	1.124379e-01	1.960593e-01
5.546120e-01	9.920841e-02	1.786451e-01
5.296141e-01	9.486128e-02	2.070959e-01
5.524486e-01	8.245011e-02	1.921904e-01
5.335730e-01	6.058966e-02	8.388132e-02
5.540918e-01	5.496487e-02	4.939952e-02
5.471343e-01	7.650404e-01	-1.648791e-01
5.432988e-01	7.729253e-01	-1.367105e-01
5.405711e-01	7.724159e-01	-1.367918e-01
5.377055e-01	7.720243e-01	-1.366465e-01
5.515807e-01	7.723528e-01	-1.339182e-01
5.545987e-01	7.716056e-01	-1.339896e-01
5.576087e-01	7.710044e-01	-1.340378e-01
5.336189e-01	7.610343e-01	-4.148432e-02
5.618093e-01	7.606339e-01	-4.631353e-02
5.417114e-01	7.479728e-01	-1.209079e-01
5.525260e-01	7.487562e-01	-1.239251e-01
5.133474e-01	6.913766e-01	-6.763042e-02
5.819918e-01	6.886923e-01	-5.856412e-02
5.045650e-01	7.614858e-01	-3.115897e-01
5.836100e-01	7.504656e-01	-3.002752e-01
5.075568e-01	8.634680e-01	-5.047224e-01
5.707272e-01	8.517205e-01	-4.838986e-01
5.084571e-01	8.993623e-01	-5.641612e-01
5.675808e-01	8.796239e-01	-5.352784e-01
5.192518e-01	9.024078e-01	-5.627733e-01
5.628478e-01	8.864915e-01	-5.281915e-01
5.221369e-01	8.872039e-01	-5.140468e-01
5.609426e-01	8.733089e-01	-4.905648e-01
5.218802e-01	4.406670e-01	-3.994051e-03
5.690818e-01	4.370602e-01	4.074784e-03
5.285927e-01	2.699706e-01	-1.037812e-02
5.654111e-01	2.630088e-01	-1.052806e-03
5.286687e-01	1.115917e-01	1.704444e-01
5.544916e-01	9.763414e-02	1.577468e-01
5.284574e-01	9.437206e-02	1.807309e-01
5.520962e-01	8.094638e-02	1.665948e-01
5.330627e-01	5.992630e-02	5.382241e-02
5.543227e-01	5.358701e-02	2.942645e-02
5.468305e-01	7.580109e-01	-1.660472e-01
5.425410e-01	7.676970e-01	-1.416871e-01
5.395905e-01	7.668687e-01	-1.417580e-01
5.366529e-01	7.663602e-01	-1.416475e-01
5.515064e-01	7.691042e-01	-1.415626e-01
5.545707e-01	7.691005e-01	-1.416534e-01
5.576111e-01	7.690902e-01	-1.416696e-01
5.326978e-01	7.576324e-01	-3.818274e-02
5.622298e-01	7.583619e-01	-4.572709e-02
5.412772e-01	7.405624e-01	-1.257597e-01
5.525120e-01	7.430496e-01	-1.283411e-01
5.140142e-01	6.840813e-01	-6.621777e-02
5.825110e-01	6.828457e-01	-6.185438e-02
5.049710e-01	7.286260e-01	-3.096913e-01
5.833102e-01	7.227632e-01	-3.100085e-01
5.049602e-01	8.245211e-01	-5.274358e-01
5.689224e-01	8.121306e-01	-4.911954e-01
5.044065e-01	8.521646e-01	-5.868311e-01
5.665597e-01	8.367802e-01	-5.414559e-01
5.116280e-01	8.554147e-01	-5.830344e-01
5.633188e-01	8.438476e-01	-5.334628e-01
5.149128e-01	8.435304e-01	-5.360084e-01
5.619360e-01	8.333845e-01	-4.971999e-01
5.211147e-01	4.390168e-01	-3.435865e-04
5.689837e-01	4.362353e-01	4.302258e-04
5.279869e-01	2.685360e-01	-2.435013e-02
5.653378e-01	2.628270e-01	-2.544132e-02
5.287547e-01	1.095226e-01	1.538366e-01
5.545045e-01	9.643065e-02	1.266610e-01
5.285152e-01	9.291459e-02	1.644550e-01
5.523912e-01	7.974570e-02	1.348880e-01
5.308779e-01	5.871910e-02	3.979249e-02
5.514167e-01	5.177975e-02	7.543175e-04
5.467878e-01	7.493764e-01	-1.366698e-01
5.426041e-01	7.618644e-01	-1.150546e-01
5.396889e-01	7.613437e-01	-1.151350e-01
5.367782e-01	7.611503e-01	-1.150730e-01
5.515057e-01	7.629021e-01	-1.195264e-01
5.545844e-01	7.628161e-01	-1.195683e-01
5.576483e-01	7.627007e-01	-1.195204e-01
5.329822e-01	7.525085e-01	-7.930992e-03
5.636615e-01	7.508053e-01	-2.855239e-02
5.412093e-01	7.318907e-01	-9.718998e-02
5.525022e-01	7.339421e-01	-1.028262e-01
5.141151e-01	6.822723e-01	-3.060292e-02
5.831617e-01	6.784074e-01	-5.102326e-02
5.054091e-01	6.980225e-01	-2.885998e-01
5.834941e-01	6.904408e-01	-3.090293e-01
5.025570e-01	7.715635e-01	-5.358146e-01
5.705546e-01	7.736076e-01	-5.184405e-01
4.990241e-01	8.007221e-01	-5.975725e-01
5.673900e-01	7.953386e-01	-5.728460e-01
5.027934e-01	8.049803e-01	-5.960158e-01
5.660155e-01	8.016800e-01	-5.650685e-01
5.070335e-01	7.932400e-01	-5.457281e-01
5.652381e-01	7.947161e-01	-5.252115e-01
5.207170e-01	4.390222e-01	4.529938e-04
5.689005e-01	4.365789e-01	-3.650600e-04
5.271304e-01	2.689860e-01	-2.656862e-02
5.649019e-01	2.638667e-01	-2.194324e-02
5.285777e-01	1.088073e-01	1.284190e-01
5.539824e-01	9.649013e-02	1.247210e-01
5.287426e-01	9.224259e-02	1.363046e-01
5.521947e-01	7.982288e-02	1.320228e-01
5.293111e-01	5.869746e-02	6.431729e-03
5.498187e-01	5.160683e-02	-8.369312e-04
5.460216e-01	7.608823e-01	-1.110399e-01
5.425876e-01	7.703851e-01	-8.801322e-02
5.397164e-01	7.695746e-01	-8.807683e-02
5.370184e-01	7.689949e-01	-8.801296e-02
5.514492e-01	7.718062e-01	-9.796216e-02
5.545701e-01	7.716037e-01	-9.800512e-02
5.577082e-01	7.712581e-01	-9.795702e-02
5.369899e-01	7.594659e-01	2.651462e-02
5.666201e-01	7.588794e-01	-1.917816e-02
5.412729e-01	7.420281e-01	-6.928288e-02
5.525163e-01	7.415091e-01	-8.214691e-02
5.155319e-01	6.809782e-01	2.256741e-02
5.892702e-01	6.740078e-01	-4.843444e-02
5.053548e-01	6.738072e-01	-2.376197e-01
5.835642e-01	6.739711e-01	-3.166138e-01
4.972458e-01	7.269502e-01	-4.643844e-01
5.725419e-01	7.361483e-01	-5.287682e-01
4.924999e-01	7.489505e-01	-5.203050e-01
5.675911e-01	7.567226e-01	-5.827435e-01
4.960446e-01	7.548852e-01	-5.202459e-01
5.672627e-01	7.623680e-01	-5.733060e-01
4.997198e-01	7.442179e-01	-4.743232e-01
5.675824e-01	7.521395e-01	-5.338511e-01
5.202692e-01	4.403638e-01	8.081612e-03
5.687819e-01	4.366585e-01	-8.004122e-03
5.264926e-01	2.682443e-01	-1.597610e-02
5.642918e-01	2.638244e-01	-2.888076e-02
5.281888e-01	1.076141e-01	1.350902e-01
5.534323e-01	9.653899e-02	1.019010e-01
5.289029e-01	9.167351e-02	1.428389e-01
5.522474e-01	7.988653e-02	1.085749e-01
5.278758e-01	5.864311e-02	1.817616e-02
5.470717e-01	5.167123e-02	-2.214098e-02
5.461079e-01	7.550116e-01	-1.297017e-01
5.425721e-01	7.675391e-01	-1.067036e-01
5.396987e-01	7.668514e-01	-1.067791e-01
5.369940e-01	7.662086e-01	-1.067233e-01
5.515927e-01	7.686493e-01	-1.080302e-01
5.548640e-01	7.685680e-01	-1.082676e-01
5.580541e-01	7.685040e-01	-1.083063e-01
5.368325e-01	7.565021e-01	-5.390700e-03
5.671583e-01	7.568237e-01	-2.778261e-02
5.412341e-01	7.346605e-01	-9.358823e-02
5.526761e-01	7.332069e-01	-1.004064e-01
5.161619e-01	6.776350e-01	-1.026452e-02
5.895649e-01	6.668876e-01	-5.654223e-02
5.050052e-01	6.689947e-01	-2.785426e-01
5.838811e-01	6.634718e-01	-3.459805e-01
4.952475e-01	6.884400e-01	-5.546083e-01
5.740762e-01	6.803397e-01	-5.855764e-01
4.875161e-01	7.037755e-01	-6.170273e-01
5.673956e-01	6.924407e-01	-6.435536e-01
4.922097e-01	7.064549e-01	-6.199415e-01
5.666269e-01	6.981087e-01	-6.372229e-01
4.966047e-01	6.986332e-01	-5.662081e-01
5.678852e-01	6.936390e-01	-5.927785e-01
5.201545e-01	4.371379e-01	7.194444e-03
5.686570e-01	4.363151e-01	-7.106324e-03
5.265108e-01	2.667990e-01	-1.540815e-02
5.638833e-01	2.633336e-01	-2.122077e-02
5.282476e-01	1.065922e-01	1.436404e-01
5.534445e-01	9.667991e-02	1.132898e-01
5.298812e-01	9.060395e-02	1.515864e-01
5.530094e-01	8.004268e-02	1.199154e-01
5.279727e-01	5.891226e-02	3.006465e-02
5.471968e-01	5.256613e-02	-7.835354e-03
5.457953e-01	7.520115e-01	-1.452486e-01
5.423051e-01	7.648679e-01	-1.233818e-01
5.395352e-01	7.639444e-01	-1.234300e-01
5.366617e-01	7.629195e-01	-1.233395e-01
5.515282e-01	7.663613e-01	-1.361706e-01
5.548522e-01	7.663856e-01	-1.362612e-01
5.580865e-01	7.663471e-01	-1.362941e-01
5.364901e-01	7.534623e-01	-1.487410e-02
5.669850e-01	7.559238e-01	-6.236516e-02
5.410020e-01	7.310743e-01	-9.690040e-02
5.526322e-01	7.307205e-01	-1.183076e-01
5.162898e-01	6.732923e-01	-1.092633e-02
5.908648e-01	6.645820e-01	-9.205435e-02
4.967615e-01	6.498982e-01	-2.514528e-01
5.840581e-01	6.497326e-01	-3.734961e-01
4.863647e-01	6.498792e-01	-5.263429e-01
5.673336e-01	6.513634e-01	-6.024199e-01
4.774922e-01	6.479698e-01	-5.868625e-01
5.582824e-01	6.519721e-01	-6.614517e-01
4.842146e-01	6.502602e-01	-5.920264e-01
5.586138e-01	6.579452e-01	-6.525732e-01
4.875515e-01	6.487342e-01	-5.389239e-01
5.625948e-01	6.534587e-01	-6.074890e-01
5.199582e-01	4.311813e-01	8.721871e-03
5.685514e-01	4.313983e-01	-8.662464e-03
5.261050e-01	2.560486e-01	-1.140117e-02
5.637966e-01	2.564971e-01	-1.879943e-02
5.283778e-01	1.040149e-01	1.534382e-01
5.536047e-01	9.616018e-02	1.155427e-01
5.305528e-01	8.810104e-02	1.621915e-01
5.533673e-01	7.997299e-02	1.248681e-01
5.280823e-01	5.884044e-02	3.515667e-02
5.474582e-01	5.256104e-02	7.013822e-04
5.456555e-01	7.522510e-01	-7.510572e-02
5.422648e-01	7.649987e-01	-5.350610e-02
5.394558e-01	7.640546e-01	-5.356146e-02
5.363933e-01	7.629728e-01	-5.348319e-02
5.515319e-01	7.665004e-01	-6.563608e-02
5.549307e-01	7.664684e-01	-6.566744e-02
5.583140e-01	7.663538e-01	-6.562472e-02
5.357744e-01	7.535182e-01	6.093286e-02
5.668889e-01	7.557990e-01	6.060985e-03
5.404742e-01	7.317035e-01	-3.237091e-02
5.526164e-01	7.315198e-01	-4.839624e-02
5.146214e-01	6.715195e-01	7.952049e-02
5.906247e-01	6.650033e-01	-8.279251e-03
4.968931e-01	6.290727e-01	-8.396946e-02
5.841670e-01	6.079711e-01	-2.189515e-01
4.870881e-01	6.130345e-01	-3.532259e-01
5.748021e-01	5.929874e-01	-4.729010e-01
4.791932e-01	5.977834e-01	-4.090607e-01
5.736677e-01	5.850105e-01	-5.443500e-01
4.853663e-01	6.003013e-01	-4.237215e-01
5.703558e-01	5.919757e-01	-5.706425e-01
4.894064e-01	6.055316e-01	-3.677127e-01
5.699123e-01	5.925807e-01	-4.842629e-01
5.192416e-01	4.318476e-01	8.607582e-03
5.681957e-01	4.319755e-01	-8.498849e-03
5.259627e-01	2.555348e-01	-2.665847e-02
5.637710e-01	2.553686e-01	-3.589479e-02
5.284045e-01	1.025079e-01	1.280607e-01
5.535964e-01	9.604323e-02	9.560923e-02
5.305709e-01	8.746357e-02	1.362089e-01
5.533303e-01	8.006700e-02	1.025509e-01
5.294291e-01	5.877553e-02	1.433293e-02
5.483508e-01	5.322734e-02	-2.558690e-02
5.456293e-01	7.571952e-01	-8.592378e-02
5.422495e-01	7.670073e-01	-6.461141e-02
5.394077e-01	7.660254e-01	-6.467020e-02
5.361905e-01	7.648436e-01	-6.460841e-02
5.515476e-01	7.683797e-01	-7.264633e-02
5.550057e-01	7.681010e-01	-7.265969e-02
5.584875e-01	7.676291e-01	-7.261661e-02
5.347852e-01	7.538131e-01	4.510056e-02
5.667654e-01	7.558343e-01	8.579113e-03
5.397992e-01	7.344973e-01	-4.600425e-02
5.525316e-01	7.361934e-01	-5.638488e-02
5.101914e-01	6.656364e-01	7.949974e-02
5.907491e-01	6.612206e-01	2.765279e-02
4.881119e-01	5.928168e-01	3.190612e-02
5.908650e-01	5.837039e-01	-5.624582e-02
4.787485e-01	5.604420e-01	-1.419389e-01
5.849690e-01	5.493782e-01	-2.238868e-01
4.727992e-01	5.401356e-01	-1.854017e-01
5.861601e-01	5.259837e-01	-2.719116e-01
4.776265e-01	5.424843e-01	-2.079695e-01
5.800421e-01	5.325980e-01	-2.879472e-01
4.818891e-01	5.488359e-01	-1.562264e-01
5.776051e-01	5.399358e-01	-2.349059e-01
5.193465e-01	4.321561e-01	8.213096e-03
5.681528e-01	4.322781e-01	-8.093356e-03
5.260213e-01	2.545500e-01	-4.583868e-02
5.635964e-01	2.541951e-01	-4.178966e-02
5.286533e-01	9.953111e-02	1.155801e-01
5.534880e-01	9.553175e-02	1.077615e-01
5.307034e-01	8.521815e-02	1.242723e-01
5.530530e-01	8.009890e-02	1.152937e-01
5.294673e-01	5.823530e-02	-7.345555e-05
5.488361e-01	5.332627e-02	-1.522681e-02
5.454183e-01	7.592437e-01	-6.777356e-02
5.421596e-01	7.685205e-01	-4.736670e-02
5.392144e-01	7.675864e-01	-4.740391e-02
5.357801e-01	7.664518e-01	-4.733164e-02
5.515416e-01	7.696015e-01	-5.606320e-02
5.550362e-01	7.691249e-01	-5.607761e-02
5.586082e-01	7.684078e-01	-5.599095e-02
5.337182e-01	7.544656e-01	5.315172e-02
5.666565e-01	7.559655e-01	1.279063e-02
5.388935e-01	7.360377e-01	-3.138941e-02
5.522150e-01	7.381288e-01	-4.286918e-02
5.098005e-01	6.629648e-01	8.378448e-02
5.904657e-01	6.595901e-01	2.725503e-02
4.889693e-01	5.797498e-01	7.252396e-02
5.953640e-01	5.697002e-01	-4.814992e-02
4.753090e-01	5.135585e-01	-4.750321e-02
5.918775e-01	5.062418e-01	-2.076582e-01
4.686402e-01	4.876082e-01	-8.344795e-02
5.965086e-01	4.770496e-01	-2.536300e-01
4.741782e-01	4.882250e-01	-1.093409e-01
5.870967e-01	4.815054e-01	-2.728965e-01
4.788164e-01	4.960544e-01	-6.167001e-02
5.831262e-01	4.908367e-01	-2.201733e-01
5.189267e-01	4.301256e-01	1.094813e-02
5.681143e-01	4.295060e-01	-1.078712e-02
5.259582e-01	2.545014e-01	-3.225348e-02
5.635320e-01	2.530163e-01	-4.320761e-02
5.287942e-01	9.997532e-02	1.231518e-01
5.534220e-01	9.550028e-02	1.125813e-01
5.310735e-01	8.541172e-02	1.260890e-01
5.530095e-01	8.021153e-02	1.207310e-01
5.292732e-01	5.833844e-02	2.706203e-02
5.486934e-01	5.338857e-02	-8.265132e-03
5.454525e-01	7.622384e-01	-6.808276e-02
5.421432e-01	7.699330e-01	-4.932439e-02
5.391014e-01	7.688099e-01	-4.934596e-02
5.355486e-01	7.676040e-01	-4.927036e-02
5.515674e-01	7.713169e-01	-5.662281e-02
5.550746e-01	7.707988e-01	-5.663811e-02
5.586451e-01	7.699354e-01	-5.657079e-02
5.331489e-01	7.548075e-01	4.196087e-02
5.665198e-01	7.565498e-01	7.640417e-03
5.387377e-01	7.389225e-01	-3.518789e-02
5.522128e-01	7.414610e-01	-4.485086e-02
5.093875e-01	6.624237e-01	7.273164e-02
5.901815e-01	6.589331e-01	3.073113e-02
4.909233e-01	5.689102e-01	1.006153e-01
5.979032e-01	5.617148e-01	4.514262e-02
4.773582e-01	4.877904e-01	1.624939e-02
5.981160e-01	4.726492e-01	-2.389496e-02
4.698032e-01	4.565235e-01	-1.400925e-02
6.042784e-01	4.414091e-01	-5.568407e-02
4.750811e-01	4.555007e-01	-4.422479e-02
5.953667e-01	4.413826e-01	-8.415154e-02
4.803792e-01	4.664199e-01	1.178025e-03
5.901529e-01	4.513594e-01	-3.770142e-02
5.183603e-01	4.305284e-01	1.089314e-02
5.676361e-01	4.296703e-01	-1.072220e-02
5.258509e-01	2.548182e-01	-2.741563e-02
5.629412e-01	2.535125e-01	-5.268298e-02
5.288239e-01	1.002158e-01	1.321854e-01
5.531729e-01	9.555972e-02	1.078300e-01
5.310975e-01	8.545541e-02	1.378691e-01
5.528855e-01	8.041263e-02	1.166242e-01
5.290242e-01	5.841446e-02	2.848626e-02
5.485039e-01	5.400777e-02	-8.641367e-03
5.454935e-01	7.633530e-01	-1.437144e-01
5.421346e-01	7.714825e-01	-1.256081e-01
5.390558e-01	7.702860e-01	-1.256222e-01
5.353881e-01	7.690052e-01	-1.255743e-01
5.516000e-01	7.729167e-01	-1.310101e-01
5.551183e-01	7.724279e-01	-1.310557e-01
5.586889e-01	7.714996e-01	-1.310270e-01
5.324590e-01	7.554454e-01	-3.140496e-02
5.663537e-01	7.576581e-01	-5.668314e-02
5.386580e-01	7.403539e-01	-1.093507e-01
5.522408e-01	7.431534e-01	-1.164553e-01
5.088556e-01	6.605797e-01	2.435243e-02
5.900258e-01	6.575835e-01	-4.780936e-03
4.917250e-01	5.543976e-01	5.081726e-02
5.985221e-01	5.475663e-01	-3.267251e-04
4.767647e-01	4.634888e-01	-3.264911e-02
6.034161e-01	4.508315e-01	-7.548822e-02
4.697652e-01	4.307312e-01	-5.930943e-02
6.105607e-01	4.162356e-01	-1.050175e-01
4.738370e-01	4.294204e-01	-9.147627e-02
6.032592e-01	4.151102e-01	-1.373334e-01
4.790102e-01	4.405897e-01	-4.797276e-02
5.981252e-01	4.267038e-01	-9.065981e-02
5.184073e-01	4.310164e-01	1.160030e-02
5.676473e-01	4.299177e-01	-1.146549e-02
5.258655e-01	2.552682e-01	-7.838731e-03
5.627696e-01	2.543308e-01	-4.427872e-02
5.288367e-01	1.004490e-01	1.340156e-01
5.528544e-01	9.579977e-02	1.078256e-01
5.309175e-01	8.560110e-02	1.425795e-01
5.527312e-01	8.095397e-02	1.157012e-01
5.282401e-01	5.845044e-02	2.921841e-02
5.484355e-01	5.440294e-02	-9.381143e-03
5.451822e-01	7.633157e-01	-1.743607e-01
5.419271e-01	7.718458e-01	-1.546474e-01
5.386967e-01	7.706833e-01	-1.546739e-01
5.349567e-01	7.694204e-01	-1.546342e-01
5.514321e-01	7.731353e-01	-1.591736e-01
5.549557e-01	7.726412e-01	-1.592346e-01
5.585562e-01	7.717016e-01	-1.592198e-01
5.320036e-01	7.555613e-01	-5.398474e-02
5.659462e-01	7.577167e-01	-7.476123e-02
5.380431e-01	7.403338e-01	-1.378068e-01
5.520208e-01	7.431301e-01	-1.436355e-01
5.074681e-01	6.571826e-01	-2.156500e-03
5.898960e-01	6.553647e-01	-2.893697e-02
4.920473e-01	5.426953e-01	2.118159e-02
5.988964e-01	5.372073e-01	-1.375893e-02
4.770210e-01	4.466487e-01	-7.446839e-02
6.055213e-01	4.339992e-01	-9.777406e-02
4.697667e-01	4.119172e-01	-1.038483e-01
6.136670e-01	3.988536e-01	-1.288778e-01
4.741736e-01	4.100471e-01	-1.362855e-01
6.066250e-01	3.978981e-01	-1.626410e-01
4.794718e-01	4.212993e-01	-9.024539e-02
6.014675e-01	4.092372e-01	-1.139051e-01
5.184429e-01	4.294289e-01	1.146836e-02
5.680938e-01	4.266177e-01	-1.134090e-02
5.258606e-01	2.553084e-01	-5.357231e-03
5.625412e-01	2.545913e-01	-4.319021e-02
5.287312e-01	1.005220e-01	1.408498e-01
5.523673e-01	9.581836e-02	1.105726e-01
5.303771e-01	8.549069e-02	1.489168e-01
5.524069e-01	8.100659e-02	1.184311e-01
5.281798e-01	5.846177e-02	3.685734e-02
5.483618e-01	5.458645e-02	-7.222690e-03
5.438877e-01	7.633711e-01	-1.776795e-01
5.411077e-01	7.721746e-01	-1.573754e-01
5.376771e-01	7.710887e-01	-1.574032e-01
5.340465e-01	7.698567e-01	-1.573577e-01
5.505187e-01	7.732192e-01	-1.624526e-01
5.540593e-01	7.726814e-01	-1.625079e-01
5.577478e-01	7.717384e-01	-1.624840e-01
5.313815e-01	7.555889e-01	-5.489496e-02
5.651115e-01	7.577165e-01	-7.815458e-02
5.366933e-01	7.405255e-01	-1.405428e-01
5.507492e-01	7.431344e-01	-1.471161e-01
5.066632e-01	6.541824e-01	-7.048483e-03
5.898216e-01	6.536332e-01	-3.501549e-02
4.924490e-01	5.374759e-01	1.612448e-02
5.995300e-01	5.305031e-01	-1.470960e-02
4.776556e-01	4.359204e-01	-8.105777e-02
6.072915e-01	4.206654e-01	-9.927154e-02
4.702586e-01	4.008783e-01	-1.114804e-01
6.159291e-01	3.856057e-01	-1.308544e-01
4.752724e-01	3.980902e-01	-1.443333e-01
6.086571e-01	3.845659e-01	-1.659970e-01
4.806889e-01	4.097526e-01	-9.713048e-02
6.034200e-01	3.972782e-01	-1.160771e-01
5.184668e-01	4.261514e-01	1.133633e-02
5.682549e-01	4.228701e-01	-1.121115e-02
5.258231e-01	2.528406e-01	-6.366556e-03
5.622926e-01	2.530049e-01	-3.758391e-02
5.285071e-01	9.916970e-02	1.512724e-01
5.523597e-01	9.527997e-02	1.249973e-01
5.297787e-01	8.390523e-02	1.605387e-01
5.522966e-01	8.055377e-02	1.340684e-01
5.278866e-01	5.708415e-02	4.523052e-02
5.483503e-01	5.410113e-02	1.017787e-02
5.427760e-01	7.626454e-01	-1.925262e-01
5.401103e-01	7.721539e-01	-1.716789e-01
5.364929e-01	7.710644e-01	-1.717109e-01
5.329937e-01	7.698339e-01	-1.716650e-01
5.494426e-01	7.731494e-01	-1.769626e-01
5.530109e-01	7.726443e-01	-1.770168e-01
5.567537e-01	7.717135e-01	-1.769782e-01
5.304564e-01	7.555939e-01	-6.543225e-02
5.639420e-01	7.577165e-01	-8.959478e-02
5.358054e-01	7.400177e-01	-1.539286e-01
5.498300e-01	7.424126e-01	-1.607618e-01
5.056783e-01	6.510953e-01	-1.416460e-02
5.896591e-01	6.520672e-01	-4.493368e-02
4.926936e-01	5.335691e-01	9.145031e-03
6.003600e-01	5.296878e-01	-2.441295e-02
4.781463e-01	4.319488e-01	-9.214776e-02
6.072648e-01	4.180018e-01	-1.125340e-01
4.711591e-01	3.976167e-01	-1.240703e-01
6.161381e-01	3.839863e-01	-1.453392e-01
4.766211e-01	3.954984e-01	-1.563235e-01
6.089362e-01	3.821762e-01	-1.803354e-01
4.818579e-01	4.073657e-01	-1.079592e-01
6.036174e-01	3.947442e-01	-1.292277e-01
5.185022e-01	4.230688e-01	1.216943e-02
5.683504e-01	4.195745e-01	-1.204502e-02
5.256001e-01	2.497227e-01	3.461988e-03
5.622423e-01	2.504873e-01	-2.957802e-02
5.283463e-01	9.861567e-02	1.690562e-01
5.524393e-01	9.497295e-02	1.366783e-01
5.295864e-01	8.363798e-02	1.790479e-01
5.524660e-01	8.042181e-02	1.466648e-01
5.274354e-01	5.696332e-02	6.404975e-02
5.483177e-01	5.379964e-02	2.572244e-02
5.404847e-01	7.603398e-01	-1.968985e-01
5.379518e-01	7.715712e-01	-1.761664e-01
5.344868e-01	7.706243e-01	-1.761983e-01
5.311598e-01	7.695234e-01	-1.761530e-01
5.472103e-01	7.721969e-01	-1.815291e-01
5.509896e-01	7.716942e-01	-1.815854e-01
5.548391e-01	7.708842e-01	-1.815473e-01
5.294550e-01	7.554107e-01	-6.952675e-02
5.625975e-01	7.573332e-01	-9.424762e-02
5.339790e-01	7.381877e-01	-1.580548e-01
5.476120e-01	7.399903e-01	-1.650389e-01
5.049306e-01	6.499522e-01	-1.934908e-02
5.894629e-01	6.506823e-01	-4.766240e-02
4.928825e-01	5.313917e-01	4.509573e-03
6.005573e-01	5.276684e-01	-2.627097e-02
4.788427e-01	4.307283e-01	-9.688462e-02
6.078101e-01	4.171242e-01	-1.155169e-01
4.719912e-01	3.960956e-01	-1.284072e-01
6.162702e-01	3.843187e-01	-1.478404e-01
4.774232e-01	3.940907e-01	-1.610492e-01
6.099421e-01	3.822418e-01	-1.830812e-01
4.825239e-01	4.062622e-01	-1.127572e-01
6.047372e-01	3.943300e-01	-1.323016e-01
5.185285e-01	4.226919e-01	1.197060e-02
5.683535e-01	4.190870e-01	-1.184710e-02
5.254765e-01	2.492094e-01	6.646735e-03
5.622342e-01	2.494270e-01	-2.395779e-02
5.277802e-01	9.852843e-02	1.701685e-01
5.524886e-01	9.502003e-02	1.406755e-01
5.290200e-01	8.375335e-02	1.799555e-01
5.524687e-01	8.079521e-02	1.507556e-01
5.271088e-01	5.686739e-02	6.527719e-02
5.485376e-01	5.391382e-02	3.116864e-02
5.398103e-01	7.598848e-01	-1.908698e-01
5.371560e-01	7.713277e-01	-1.707133e-01
5.336986e-01	7.704439e-01	-1.707443e-01
5.303990e-01	7.693843e-01	-1.707047e-01
5.464760e-01	7.718779e-01	-1.757374e-01
5.502561e-01	7.714415e-01	-1.757942e-01
5.540893e-01	7.706881e-01	-1.757669e-01
5.288596e-01	7.551183e-01	-6.683125e-02
5.617312e-01	7.570393e-01	-8.988120e-02
5.333207e-01	7.374824e-01	-1.530255e-01
5.470179e-01	7.390428e-01	-1.595251e-01
5.041817e-01	6.491815e-01	-1.944320e-02
5.892785e-01	6.490758e-01	-4.556080e-02
4.929442e-01	5.305897e-01	2.960146e-03
6.006998e-01	5.292912e-01	-2.193163e-02
4.790982e-01	4.346990e-01	-9.632444e-02
6.080911e-01	4.198589e-01	-1.075458e-01
4.724689e-01	4.005914e-01	-1.274630e-01
6.162957e-01	3.870066e-01	-1.392343e-01
4.778919e-01	3.989922e-01	-1.599009e-01
6.110155e-01	3.852448e-01	-1.741766e-01
4.829876e-01	4.109918e-01	-1.120417e-01
6.058540e-01	3.970018e-01	-1.242677e-01
5.184752e-01	4.223472e-01	1.185852e-02
5.683464e-01	4.182986e-01	-1.173625e-02
5.251750e-01	2.487040e-01	5.848442e-03
5.622801e-01	2.482016e-01	-2.217586e-02
5.275928e-01	9.861974e-02	1.722443e-01
5.525494e-01	9.482868e-02	1.400547e-01
5.289689e-01	8.392201e-02	1.825301e-01
5.524709e-01	8.065109e-02	1.498540e-01
5.267223e-01	5.687854e-02	6.966209e-02
5.484074e-01	5.389676e-02	2.943445e-02
5.389241e-01	7.593287e-01	-1.903256e-01
5.362576e-01	7.710095e-01	-1.702427e-01
5.328875e-01	7.702464e-01	-1.702768e-01
5.296364e-01	7.692648e-01	-1.702461e-01
5.455559e-01	7.714009e-01	-1.756392e-01
5.493428e-01	7.710282e-01	-1.756937e-01
5.531358e-01	7.703260e-01	-1.756690e-01
5.283121e-01	7.551003e-01	-6.503982e-02
5.607473e-01	7.568921e-01	-8.986464e-02
5.324896e-01	7.372451e-01	-1.517589e-01
5.460404e-01	7.386057e-01	-1.587778e-01
5.037836e-01	6.495557e-01	-1.577393e-02
5.891172e-01	6.489718e-01	-4.505052e-02
4.929927e-01	5.311046e-01	1.104698e-02
6.008276e-01	5.295736e-01	-2.029007e-02
4.794886e-01	4.372481e-01	-8.594243e-02
6.081958e-01	4.223771e-01	-1.036070e-01
4.728429e-01	4.029735e-01	-1.160697e-01
6.158983e-01	3.886575e-01	-1.345945e-01
4.774836e-01	4.021462e-01	-1.493031e-01
6.116146e-01	3.871425e-01	-1.694854e-01
4.826380e-01	4.140418e-01	-1.019652e-01
6.065120e-01	3.991707e-01	-1.202567e-01
5.184901e-01	4.223993e-01	1.244201e-02
5.683693e-01	4.180931e-01	-1.232547e-02
5.249875e-01	2.478539e-01	3.893320e-03
5.628992e-01	2.452289e-01	-2.275976e-02
5.272614e-01	9.856256e-02	1.764387e-01
5.527959e-01	9.341403e-02	1.404978e-01
5.289887e-01	8.388712e-02	1.876022e-01
5.529457e-01	7.922326e-02	1.507398e-01
5.253781e-01	5.668156e-02	7.509477e-02
5.473251e-01	5.356732e-02	2.867448e-02
