4.592734e-01	8.029958e-01	-2.796894e-01
4.529426e-01	8.182899e-01	-2.614305e-01
4.484255e-01	8.184039e-01	-2.614767e-01
4.443237e-01	8.181979e-01	-2.614491e-01
4.657049e-01	8.173935e-01	-2.612575e-01
4.700252e-01	8.170521e-01	-2.613185e-01
4.743835e-01	8.163999e-01	-2.612946e-01
4.385695e-01	8.082490e-01	-1.525015e-01
4.792620e-01	8.052215e-01	-1.500604e-01
4.502229e-01	7.805783e-01	-2.386388e-01
4.662703e-01	7.800953e-01	-2.378813e-01
4.068032e-01	6.762415e-01	-8.872903e-02
5.104533e-01	6.829418e-01	-8.192600e-02
4.005695e-01	5.270178e-01	-6.180074e-02
5.235017e-01	5.327517e-01	-4.856195e-02
3.906327e-01	3.910628e-01	-1.600035e-01
5.331504e-01	3.934312e-01	-1.449697e-01
3.861819e-01	3.463748e-01	-1.931928e-01
5.406921e-01	3.473642e-01	-1.778830e-01
3.906440e-01	3.439665e-01	-2.299586e-01
5.376728e-01	3.447125e-01	-2.154330e-01
3.953508e-01	3.609139e-01	-1.772554e-01
5.309664e-01	3.639187e-01	-1.627720e-01
4.357411e-01	3.987952e-01	-2.932236e-03
4.947016e-01	4.055118e-01	3.039927e-03
4.441721e-01	1.797771e-01	-5.075505e-02
4.914642e-01	1.895220e-01	-2.455651e-02
4.645833e-01	2.763212e-03	1.207683e-01
4.889581e-01	1.257670e-02	1.319117e-01
4.689160e-01	-7.825971e-03	1.296842e-01
4.842935e-01	4.053116e-06	1.400537e-01
4.648205e-01	-8.578181e-02	-3.104949e-04
4.944683e-01	-5.538455e-02	9.636871e-03
4.593102e-01	8.014480e-01	-2.772858e-01
4.529434e-01	8.180010e-01	-2.603121e-01
4.484425e-01	8.180445e-01	-2.603509e-01
4.443044e-01	8.178255e-01	-2.603175e-01
4.657103e-01	8.170934e-01	-2.592931e-01
4.700750e-01	8.165135e-01	-2.593412e-01
4.743916e-01	8.157549e-01	-2.593033e-01
4.385676e-01	8.078308e-01	-1.526536e-01
4.794126e-01	8.050647e-01	-1.485977e-01
4.502753e-01	7.794585e-01	-2.370884e-01
4.663089e-01	7.791018e-01	-2.353447e-01
4.067241e-01	6.762407e-01	-8.930489e-02
5.104344e-01	6.842051e-01	-7.528369e-02
4.005780e-01	5.258061e-01	-5.275078e-02
5.215714e-01	5.339288e-01	-2.982028e-02
3.904807e-01	3.872110e-01	-1.316386e-01
5.330876e-01	3.942590e-01	-1.177900e-01
3.858668e-01	3.412697e-01	-1.590853e-01
5.408109e-01	3.491637e-01	-1.463567e-01
3.896826e-01	3.382329e-01	-1.963585e-01
5.380414e-01	3.458771e-01	-1.860859e-01
3.948210e-01	3.554662e-01	-1.481159e-01
5.316296e-01	3.643238e-01	-1.364674e-01
4.357528e-01	3.987175e-01	-3.086277e-03
4.947196e-01	4.055116e-01	3.180830e-03
4.441119e-01	1.748374e-01	-4.261775e-02
4.922255e-01	1.875099e-01	-2.340866e-02
4.635987e-01	2.183256e-03	1.248851e-01
4.888917e-01	8.225267e-03	1.281819e-01
4.684906e-01	-8.017924e-03	1.337100e-01
4.843896e-01	-4.248237e-03	1.355363e-01
4.623601e-01	-7.348819e-02	8.505629e-03
4.938819e-01	-6.541166e-02	5.699853e-03
4.593422e-01	8.005715e-01	-2.777998e-01
4.529448e-01	8.178072e-01	-2.615701e-01
4.484572e-01	8.177980e-01	-2.616055e-01
4.442879e-01	8.175589e-01	-2.615744e-01
4.657248e-01	8.168876e-01	-2.602359e-01
4.701372e-01	8.161416e-01	-2.602785e-01
4.744133e-01	8.153186e-01	-2.602477e-01
4.385644e-01	8.074016e-01	-1.562627e-01
4.795330e-01	8.048928e-01	-1.502856e-01
4.503136e-01	7.787212e-01	-2.378933e-01
4.663504e-01	7.784520e-01	-2.358474e-01
4.066621e-01	6.761203e-01	-9.093009e-02
5.104113e-01	6.845081e-01	-7.591380e-02
4.005839e-01	5.257310e-01	-5.013434e-02
5.206394e-01	5.344014e-01	-2.842586e-02
3.898411e-01	3.873273e-01	-1.264182e-01
5.331026e-01	3.977036e-01	-1.142203e-01
3.851512e-01	3.403615e-01	-1.522071e-01
5.411482e-01	3.534320e-01	-1.419598e-01
3.872169e-01	3.367755e-01	-1.891045e-01
5.389994e-01	3.499937e-01	-1.812916e-01
3.923394e-01	3.547987e-01	-1.428289e-01
5.327771e-01	3.675125e-01	-1.327380e-01
4.358022e-01	3.986644e-01	-3.137385e-03
4.947556e-01	4.055276e-01	3.223389e-03
4.440629e-01	1.733952e-01	-4.208315e-02
4.927998e-01	1.866085e-01	-2.822282e-02
4.618713e-01	5.168409e-03	1.345205e-01
4.886068e-01	7.819954e-03	1.249008e-01
4.673539e-01	-4.351300e-03	1.446848e-01
4.843835e-01	-4.345247e-03	1.327520e-01
4.605959e-01	-6.094161e-02	2.329549e-02
4.932508e-01	-6.291308e-02	3.928656e-03
4.593664e-01	7.998514e-01	-2.817978e-01
4.529427e-01	8.176204e-01	-2.651164e-01
4.484588e-01	8.175515e-01	-2.651492e-01
4.442469e-01	8.172871e-01	-2.651080e-01
4.657390e-01	8.167471e-01	-2.642361e-01
4.701976e-01	8.159132e-01	-2.642761e-01
4.744401e-01	8.150755e-01	-2.642311e-01
4.385432e-01	8.070388e-01	-1.580952e-01
4.796450e-01	8.047948e-01	-1.537839e-01
4.503450e-01	7.779682e-01	-2.411069e-01
4.663834e-01	7.777879e-01	-2.396438e-01
4.066695e-01	6.762215e-01	-9.231712e-02
5.103985e-01	6.851285e-01	-7.805358e-02
4.005589e-01	5.260552e-01	-5.110453e-02
5.204706e-01	5.344184e-01	-3.141476e-02
3.884867e-01	3.911267e-01	-1.338748e-01
5.342858e-01	3.968163e-01	-1.206025e-01
3.828308e-01	3.423459e-01	-1.629128e-01
5.427458e-01	3.532216e-01	-1.504703e-01
3.839140e-01	3.401430e-01	-1.992077e-01
5.410264e-01	3.496376e-01	-1.881417e-01
3.892704e-01	3.582940e-01	-1.503431e-01
5.347824e-01	3.662278e-01	-1.383508e-01
4.353997e-01	3.987658e-01	-3.118612e-03
4.946379e-01	4.055809e-01	3.202229e-03
4.435480e-01	1.735332e-01	-3.933585e-02
4.931653e-01	1.865003e-01	-2.684487e-02
4.602374e-01	6.817720e-03	1.353523e-01
4.883396e-01	7.345319e-03	1.251079e-01
4.660555e-01	-2.042836e-03	1.450791e-01
4.843237e-01	-4.414841e-03	1.327417e-01
4.596279e-01	-5.571715e-02	2.169890e-02
4.920921e-01	-6.113564e-02	2.779155e-03
4.593680e-01	7.995988e-01	-2.872854e-01
4.529213e-01	8.175876e-01	-2.698561e-01
4.484554e-01	8.175017e-01	-2.698974e-01
4.441874e-01	8.172202e-01	-2.698660e-01
4.657380e-01	8.167434e-01	-2.694335e-01
4.702097e-01	8.159009e-01	-2.694706e-01
4.744408e-01	8.150610e-01	-2.694397e-01
4.385331e-01	8.069388e-01	-1.600449e-01
4.796693e-01	8.047879e-01	-1.572794e-01
4.503592e-01	7.776691e-01	-2.454410e-01
4.663944e-01	7.775640e-01	-2.445511e-01
4.066978e-01	6.763127e-01	-9.329513e-02
5.103818e-01	6.858588e-01	-7.906995e-02
4.003550e-01	5.273616e-01	-5.196980e-02
5.207862e-01	5.353724e-01	-3.332797e-02
3.852737e-01	3.983091e-01	-1.362399e-01
5.360318e-01	3.985330e-01	-1.230473e-01
3.778721e-01	3.513964e-01	-1.641226e-01
5.445457e-01	3.562264e-01	-1.522391e-01
3.768118e-01	3.515353e-01	-2.016010e-01
5.433680e-01	3.525496e-01	-1.910511e-01
3.826227e-01	3.681960e-01	-1.532816e-01
5.370412e-01	3.683904e-01	-1.413554e-01
4.352964e-01	3.992627e-01	-3.899243e-03
4.945595e-01	4.056409e-01	3.972003e-03
4.432584e-01	1.740400e-01	-4.087236e-02
4.934945e-01	1.865160e-01	-2.676298e-02
4.590098e-01	8.457913e-03	1.375609e-01
4.882957e-01	7.405775e-03	1.356431e-01
4.650121e-01	2.838949e-04	1.481127e-01
4.842854e-01	-4.307157e-03	1.448828e-01
4.596079e-01	-5.372299e-02	2.484787e-02
4.913713e-01	-5.762741e-02	1.742218e-02
4.593818e-01	7.995429e-01	-2.890581e-01
4.529180e-01	8.175868e-01	-2.714228e-01
4.484567e-01	8.174999e-01	-2.714657e-01
4.441711e-01	8.172174e-01	-2.714370e-01
4.657386e-01	8.167579e-01	-2.710364e-01
4.702202e-01	8.159059e-01	-2.710744e-01
4.744412e-01	8.150629e-01	-2.710487e-01
4.385310e-01	8.069242e-01	-1.611494e-01
4.796805e-01	8.047857e-01	-1.584889e-01
4.503951e-01	7.776012e-01	-2.471233e-01
4.664207e-01	7.775230e-01	-2.462652e-01
4.067370e-01	6.764256e-01	-9.439683e-02
5.103729e-01	6.868482e-01	-8.008179e-02
4.002091e-01	5.281030e-01	-5.247641e-02
5.210404e-01	5.361207e-01	-3.450174e-02
3.838955e-01	4.010921e-01	-1.381423e-01
5.364250e-01	3.997465e-01	-1.241841e-01
3.761557e-01	3.546720e-01	-1.659262e-01
5.451037e-01	3.578405e-01	-1.531341e-01
3.753203e-01	3.552328e-01	-2.036398e-01
5.441092e-01	3.541833e-01	-1.922701e-01
3.807512e-01	3.716417e-01	-1.553288e-01
5.377124e-01	3.697634e-01	-1.427172e-01
4.352215e-01	3.997204e-01	-4.477715e-03
4.945346e-01	4.057302e-01	4.543379e-03
4.431496e-01	1.745199e-01	-4.191270e-02
4.938056e-01	1.865732e-01	-2.656062e-02
4.581521e-01	9.315100e-03	1.377943e-01
4.882953e-01	7.446568e-03	1.418287e-01
4.641093e-01	1.536498e-03	1.484319e-01
4.842756e-01	-3.781850e-03	1.515860e-01
4.596362e-01	-5.296225e-02	2.450925e-02
4.910147e-01	-5.135558e-02	2.492983e-02
4.593859e-01	7.995796e-01	-2.662030e-01
4.529107e-01	8.177050e-01	-2.485392e-01
4.484567e-01	8.176065e-01	-2.485778e-01
4.441482e-01	8.172916e-01	-2.485398e-01
4.657317e-01	8.169502e-01	-2.478928e-01
4.702209e-01	8.160924e-01	-2.479183e-01
4.744278e-01	8.152319e-01	-2.478795e-01
4.385180e-01	8.069890e-01	-1.405749e-01
4.796820e-01	8.048752e-01	-1.365184e-01
4.504136e-01	7.776493e-01	-2.253340e-01
4.664286e-01	7.776130e-01	-2.240743e-01
4.067404e-01	6.767429e-01	-7.745536e-02
5.101890e-01	6.894361e-01	-6.471296e-02
3.996058e-01	5.299203e-01	-3.979991e-02
5.212952e-01	5.430712e-01	-2.324181e-02
3.808014e-01	4.079823e-01	-1.289289e-01
5.377635e-01	4.105716e-01	-1.183563e-01
3.723865e-01	3.624823e-01	-1.569378e-01
5.469618e-01	3.694311e-01	-1.484692e-01
3.708214e-01	3.644706e-01	-1.957332e-01
5.468606e-01	3.667627e-01	-1.881877e-01
3.766187e-01	3.803241e-01	-1.467324e-01
5.404397e-01	3.812269e-01	-1.376001e-01
4.349863e-01	4.008070e-01	-4.659626e-03
4.945288e-01	4.063752e-01	4.727556e-03
4.427001e-01	1.747370e-01	-4.779195e-02
4.938649e-01	1.865838e-01	-2.694158e-02
4.583422e-01	8.462355e-03	1.172521e-01
4.883026e-01	7.496583e-03	1.400908e-01
4.641353e-01	1.305021e-03	1.257264e-01
4.843721e-01	-3.734530e-03	1.494603e-01
4.597372e-01	-5.471863e-02	-5.875973e-04
4.910430e-01	-5.152826e-02	2.386439e-02
4.593816e-01	7.999105e-01	-2.391690e-01
4.528793e-01	8.180577e-01	-2.213236e-01
4.484461e-01	8.179544e-01	-2.213598e-01
4.440981e-01	8.175833e-01	-2.213148e-01
4.656958e-01	8.173693e-01	-2.211555e-01
4.702002e-01	8.165259e-01	-2.211825e-01
4.743742e-01	8.156227e-01	-2.211274e-01
4.384990e-01	8.072219e-01	-1.158383e-01
4.796692e-01	8.051132e-01	-1.140481e-01
4.504158e-01	7.780344e-01	-1.994807e-01
4.664281e-01	7.780425e-01	-1.988745e-01
4.067987e-01	6.776082e-01	-5.804695e-02
5.101170e-01	6.909208e-01	-4.873372e-02
3.990122e-01	5.344154e-01	-2.461967e-02
5.219480e-01	5.472649e-01	-1.424071e-02
3.748009e-01	4.202537e-01	-1.167015e-01
5.393592e-01	4.154047e-01	-1.112744e-01
3.647381e-01	3.775988e-01	-1.450772e-01
5.482535e-01	3.715129e-01	-1.415850e-01
3.622020e-01	3.808230e-01	-1.842536e-01
5.468955e-01	3.692540e-01	-1.804922e-01
3.683954e-01	3.952910e-01	-1.348359e-01
5.406533e-01	3.838057e-01	-1.302563e-01
4.349118e-01	4.027700e-01	-4.625287e-03
4.944452e-01	4.077180e-01	4.697980e-03
4.422172e-01	1.754362e-01	-5.267643e-02
4.938575e-01	1.868657e-01	-3.264106e-02
4.585209e-01	8.084712e-03	1.014325e-01
4.882581e-01	7.514367e-03	1.241570e-01
4.641977e-01	1.113637e-03	1.088973e-01
4.843943e-01	-3.687484e-03	1.324647e-01
4.598357e-01	-5.611307e-02	-1.578752e-02
4.908664e-01	-5.159313e-02	9.669112e-03
4.593564e-01	8.002843e-01	-2.330550e-01
4.528081e-01	8.184728e-01	-2.145999e-01
4.484116e-01	8.183799e-01	-2.146502e-01
4.440094e-01	8.179786e-01	-2.146209e-01
4.656160e-01	8.178120e-01	-2.145346e-01
4.701545e-01	8.169831e-01	-2.145566e-01
4.742820e-01	8.160170e-01	-2.144900e-01
4.384685e-01	8.076033e-01	-1.081878e-01
4.796231e-01	8.052922e-01	-1.069407e-01
4.504021e-01	7.784587e-01	-1.933142e-01
4.663898e-01	7.784026e-01	-1.928664e-01
4.068386e-01	6.787712e-01	-5.180198e-02
5.098232e-01	6.908339e-01	-4.177937e-02
3.979987e-01	5.383582e-01	-1.504085e-02
5.233273e-01	5.491778e-01	-7.145158e-03
3.688549e-01	4.267792e-01	-1.023525e-01
5.411822e-01	4.221952e-01	-1.037661e-01
3.600614e-01	3.846725e-01	-1.295268e-01
5.499238e-01	3.803567e-01	-1.333730e-01
3.571389e-01	3.899587e-01	-1.689685e-01
5.479073e-01	3.785573e-01	-1.722514e-01
3.627126e-01	4.037595e-01	-1.204169e-01
5.421389e-01	3.930795e-01	-1.229597e-01
4.349116e-01	4.039032e-01	-4.603017e-03
4.943649e-01	4.087483e-01	4.679786e-03
4.421048e-01	1.756779e-01	-5.381761e-02
4.938673e-01	1.873467e-01	-3.501699e-02
4.586567e-01	7.943526e-03	1.048318e-01
4.881520e-01	7.508489e-03	1.253689e-01
4.642608e-01	9.483105e-04	1.130496e-01
4.843890e-01	-3.661913e-03	1.337413e-01
4.599152e-01	-5.764355e-02	-1.077185e-02
4.907677e-01	-5.171014e-02	1.205563e-02
4.593512e-01	8.008877e-01	-2.170084e-01
4.527771e-01	8.190337e-01	-1.977645e-01
4.483956e-01	8.189306e-01	-1.978137e-01
4.439625e-01	8.184804e-01	-1.977915e-01
4.655910e-01	8.184083e-01	-1.982580e-01
4.701415e-01	8.176172e-01	-1.982724e-01
4.742622e-01	8.166468e-01	-1.981969e-01
4.384536e-01	8.081802e-01	-8.959415e-02
4.796255e-01	8.058626e-01	-9.122616e-02
4.503967e-01	7.790233e-01	-1.769299e-01
4.663913e-01	7.790266e-01	-1.773091e-01
4.069474e-01	6.815449e-01	-3.774693e-02
5.098401e-01	6.912736e-01	-2.400096e-02
3.956193e-01	5.462607e-01	1.467553e-03
5.268222e-01	5.555970e-01	8.202669e-03
3.640688e-01	4.405442e-01	-9.123809e-02
5.458210e-01	4.373450e-01	-1.000313e-01
3.526925e-01	4.024454e-01	-1.204824e-01
5.542055e-01	3.975477e-01	-1.329418e-01
3.492306e-01	4.067646e-01	-1.622726e-01
5.518599e-01	3.945225e-01	-1.718591e-01
3.558948e-01	4.198857e-01	-1.102676e-01
5.456570e-01	4.095944e-01	-1.199633e-01
4.342584e-01	4.040962e-01	-4.667715e-03
4.940350e-01	4.089400e-01	4.757652e-03
4.419017e-01	1.757595e-01	-5.389955e-02
4.938443e-01	1.874104e-01	-3.400121e-02
4.587370e-01	8.542795e-03	1.196072e-01
4.881197e-01	7.613545e-03	1.352897e-01
4.643565e-01	1.622815e-03	1.303786e-01
4.843676e-01	-3.292995e-03	1.447958e-01
4.599751e-01	-5.268297e-02	9.227356e-03
4.907903e-01	-4.978306e-02	2.097661e-02
4.593540e-01	8.013581e-01	-1.849080e-01
4.527788e-01	8.194229e-01	-1.654420e-01
4.484068e-01	8.193187e-01	-1.654922e-01
4.439657e-01	8.188403e-01	-1.654686e-01
4.655899e-01	8.188097e-01	-1.655890e-01
4.701415e-01	8.180211e-01	-1.655996e-01
4.742571e-01	8.170274e-01	-1.655142e-01
4.384738e-01	8.086042e-01	-6.023241e-02
4.796247e-01	8.061463e-01	-6.034886e-02
4.504057e-01	7.795342e-01	-1.462980e-01
4.663951e-01	7.795553e-01	-1.462426e-01
4.070080e-01	6.829593e-01	-1.615745e-02
5.097798e-01	6.923644e-01	1.982082e-03
3.924996e-01	5.533583e-01	1.503427e-02
5.295668e-01	5.622594e-01	2.789613e-02
3.593495e-01	4.532961e-01	-8.262283e-02
5.500301e-01	4.478450e-01	-8.659659e-02
3.458785e-01	4.172738e-01	-1.143456e-01
5.598541e-01	4.083127e-01	-1.225293e-01
3.429299e-01	4.214413e-01	-1.565319e-01
5.554284e-01	4.050659e-01	-1.602571e-01
3.503405e-01	4.336278e-01	-1.020234e-01
5.487369e-01	4.198369e-01	-1.066214e-01
4.332461e-01	4.039305e-01	-5.285006e-03
4.934832e-01	4.086376e-01	5.418456e-03
4.418961e-01	1.758409e-01	-5.648916e-02
4.938399e-01	1.874256e-01	-3.359418e-02
4.587844e-01	8.467325e-03	1.200988e-01
4.880289e-01	7.567569e-03	1.349972e-01
4.643518e-01	1.406167e-03	1.310256e-01
4.840976e-01	-3.281141e-03	1.444551e-01
4.600152e-01	-5.426566e-02	9.305846e-03
4.908537e-01	-4.886823e-02	2.078586e-02
4.593784e-01	8.016902e-01	-1.793321e-01
4.528029e-01	8.197175e-01	-1.602116e-01
4.484410e-01	8.196195e-01	-1.602608e-01
4.439915e-01	8.191275e-01	-1.602369e-01
4.656065e-01	8.191091e-01	-1.600676e-01
4.701604e-01	8.183225e-01	-1.600812e-01
4.742643e-01	8.173292e-01	-1.599978e-01
4.385138e-01	8.090038e-01	-5.635036e-02
4.796288e-01	8.064015e-01	-5.509310e-02
4.504262e-01	7.799066e-01	-1.411528e-01
4.664153e-01	7.799280e-01	-1.407045e-01
4.070237e-01	6.840253e-01	-1.359587e-02
5.097147e-01	6.932908e-01	6.578783e-03
3.911122e-01	5.557206e-01	1.465345e-02
5.307955e-01	5.646735e-01	3.317568e-02
3.583303e-01	4.555872e-01	-8.289705e-02
5.511768e-01	4.502799e-01	-7.879712e-02
3.446897e-01	4.196778e-01	-1.146899e-01
5.613444e-01	4.104584e-01	-1.140578e-01
3.420159e-01	4.234674e-01	-1.563322e-01
5.565912e-01	4.070145e-01	-1.515651e-01
3.494539e-01	4.355989e-01	-1.020358e-01
5.497822e-01	4.218206e-01	-9.866191e-02
4.325304e-01	4.039039e-01	-5.861355e-03
4.929495e-01	4.085124e-01	6.022929e-03
4.418946e-01	1.760721e-01	-5.658760e-02
4.938327e-01	1.875501e-01	-3.355220e-02
4.588360e-01	8.401079e-03	1.185583e-01
4.878296e-01	7.053147e-03	1.258449e-01
4.643824e-01	1.335500e-03	1.289951e-01
4.838318e-01	-3.828842e-03	1.336095e-01
4.600523e-01	-5.523674e-02	7.227438e-03
4.908624e-01	-5.021049e-02	7.066092e-03
4.594100e-01	8.019437e-01	-1.520580e-01
4.528461e-01	8.199318e-01	-1.330699e-01
4.484978e-01	8.198417e-01	-1.331219e-01
4.440489e-01	8.193498e-01	-1.330992e-01
4.656642e-01	8.193120e-01	-1.333904e-01
4.702323e-01	8.185033e-01	-1.333990e-01
4.743258e-01	8.175031e-01	-1.332955e-01
4.386597e-01	8.092828e-01	-3.257560e-02
4.797042e-01	8.065227e-01	-3.371033e-02
4.504657e-01	7.801642e-01	-1.152978e-01
4.664865e-01	7.801875e-01	-1.155358e-01
4.075474e-01	6.860902e-01	3.690864e-03
5.097842e-01	6.935093e-01	2.442916e-02
3.901131e-01	5.638006e-01	3.030543e-02
5.338586e-01	5.662611e-01	4.979358e-02
3.538753e-01	4.686293e-01	-6.401181e-02
5.529708e-01	4.509806e-01	-5.687699e-02
3.395328e-01	4.330932e-01	-9.566762e-02
5.628806e-01	4.118061e-01	-9.063693e-02
3.387626e-01	4.346567e-01	-1.362014e-01
5.574208e-01	4.079842e-01	-1.270167e-01
3.459389e-01	4.458776e-01	-8.267469e-02
5.508212e-01	4.227268e-01	-7.599442e-02
4.321725e-01	4.038599e-01	-6.005184e-03
4.925437e-01	4.083007e-01	6.180891e-03
4.419030e-01	1.761020e-01	-5.716982e-02
4.937099e-01	1.879668e-01	-3.573639e-02
4.588753e-01	7.541806e-03	1.171491e-01
4.874877e-01	5.872048e-03	1.094134e-01
4.644144e-01	1.931267e-05	1.274350e-01
4.835614e-01	-5.460948e-03	1.158699e-01
4.597362e-01	-5.575374e-02	6.904501e-03
4.907104e-01	-5.311433e-02	-1.157469e-02
4.595233e-01	8.018911e-01	-1.819473e-01
4.529659e-01	8.199023e-01	-1.617984e-01
4.486317e-01	8.198057e-01	-1.618660e-01
4.441878e-01	8.193265e-01	-1.618502e-01
4.658749e-01	8.192613e-01	-1.630700e-01
4.704851e-01	8.184090e-01	-1.630864e-01
4.745555e-01	8.173986e-01	-1.630044e-01
4.389260e-01	8.092644e-01	-5.350943e-02
4.799604e-01	8.064551e-01	-5.912551e-02
4.505791e-01	7.800924e-01	-1.423184e-01
4.666456e-01	7.801001e-01	-1.436913e-01
4.085955e-01	6.870837e-01	-8.025806e-03
5.101549e-01	6.931546e-01	5.685578e-03
3.855470e-01	5.686302e-01	2.286099e-02
5.389307e-01	5.645863e-01	3.403744e-02
3.463784e-01	4.834486e-01	-7.532758e-02
5.560364e-01	4.494723e-01	-7.190122e-02
3.324190e-01	4.458031e-01	-1.069840e-01
5.646573e-01	4.088533e-01	-1.039607e-01
3.324011e-01	4.448042e-01	-1.461477e-01
5.608991e-01	4.056380e-01	-1.416154e-01
3.389309e-01	4.578639e-01	-9.373807e-02
5.538221e-01	4.206869e-01	-9.105469e-02
4.318475e-01	4.038244e-01	-5.990890e-03
4.921106e-01	4.079630e-01	6.164840e-03
4.418966e-01	1.762711e-01	-5.647859e-02
4.935340e-01	1.885668e-01	-3.571409e-02
4.588957e-01	6.977591e-03	1.173259e-01
4.871165e-01	5.049252e-03	1.076595e-01
4.644406e-01	-9.944411e-04	1.275059e-01
4.832670e-01	-6.719986e-03	1.143217e-01
4.595428e-01	-5.621434e-02	6.816466e-03
4.906875e-01	-5.364118e-02	-1.294782e-02
4.597315e-01	8.016039e-01	-1.764916e-01
4.531083e-01	8.196834e-01	-1.567014e-01
4.488410e-01	8.195751e-01	-1.567815e-01
4.443780e-01	8.191263e-01	-1.567717e-01
4.661101e-01	8.190387e-01	-1.594104e-01
4.708280e-01	8.181669e-01	-1.594189e-01
4.748381e-01	8.171431e-01	-1.593446e-01
4.392373e-01	8.090920e-01	-4.733013e-02
4.802235e-01	8.063489e-01	-5.907187e-02
4.508634e-01	7.797620e-01	-1.358709e-01
4.669326e-01	7.797095e-01	-1.391107e-01
4.097671e-01	6.878010e-01	5.487936e-03
5.103608e-01	6.931207e-01	8.361821e-03
3.829181e-01	5.799615e-01	5.453633e-02
5.414888e-01	5.693905e-01	4.737628e-02
3.426665e-01	5.088608e-01	-2.638409e-02
5.635073e-01	4.647742e-01	-4.380015e-02
3.290748e-01	4.810679e-01	-5.301691e-02
5.727971e-01	4.315808e-01	-7.109712e-02
3.277919e-01	4.804116e-01	-9.211411e-02
5.714931e-01	4.300336e-01	-1.089416e-01
3.340843e-01	4.888822e-01	-4.470564e-02
5.647717e-01	4.401857e-01	-6.256267e-02
4.315070e-01	4.037594e-01	-5.186135e-03
4.914840e-01	4.072166e-01	5.383966e-03
4.417804e-01	1.763276e-01	-5.350225e-02
4.933462e-01	1.885667e-01	-3.581525e-02
4.589668e-01	6.246882e-03	1.222638e-01
4.868027e-01	4.343940e-03	1.083728e-01
4.644623e-01	-1.785120e-03	1.327279e-01
4.830462e-01	-7.093969e-03	1.154516e-01
4.595698e-01	-5.660785e-02	1.248525e-02
4.904409e-01	-5.235939e-02	-1.201595e-02
4.598523e-01	8.013792e-01	-1.824644e-01
4.531838e-01	8.195216e-01	-1.623437e-01
4.489621e-01	8.194311e-01	-1.624348e-01
4.444465e-01	8.189914e-01	-1.624374e-01
4.662121e-01	8.188534e-01	-1.657263e-01
4.710325e-01	8.179809e-01	-1.657346e-01
4.749889e-01	8.168962e-01	-1.656737e-01
4.393337e-01	8.089335e-01	-4.922404e-02
4.804217e-01	8.061172e-01	-6.410654e-02
4.509863e-01	7.794986e-01	-1.403528e-01
4.670253e-01	7.792826e-01	-1.443629e-01
4.097572e-01	6.890432e-01	9.824917e-03
5.103624e-01	6.930574e-01	4.489596e-03
3.784858e-01	5.855508e-01	6.229841e-02
5.460619e-01	5.765310e-01	4.672596e-02
3.350843e-01	5.262650e-01	-1.838842e-02
5.745741e-01	4.783700e-01	-3.769996e-02
3.202675e-01	5.005934e-01	-4.291420e-02
5.837983e-01	4.518525e-01	-6.340264e-02
3.194687e-01	5.010552e-01	-8.319289e-02
5.840957e-01	4.532891e-01	-1.023096e-01
3.264754e-01	5.082822e-01	-3.752947e-02
5.781424e-01	4.604905e-01	-5.709461e-02
4.310712e-01	4.037843e-01	-3.400062e-03
4.909403e-01	4.075019e-01	3.627454e-03
4.417287e-01	1.765096e-01	-5.067111e-02
4.932068e-01	1.893267e-01	-3.649322e-02
4.590362e-01	5.926725e-03	1.236698e-01
4.865845e-01	4.391873e-03	1.111279e-01
4.645299e-01	-2.065238e-03	1.341057e-01
4.830174e-01	-6.916692e-03	1.186482e-01
4.595942e-01	-5.927004e-02	1.336881e-02
4.897601e-01	-4.986005e-02	-8.589828e-03
4.599930e-01	8.011882e-01	-1.728098e-01
4.532858e-01	8.193929e-01	-1.507612e-01
4.490898e-01	8.193159e-01	-1.508481e-01
4.445186e-01	8.188781e-01	-1.508103e-01
4.663464e-01	8.186639e-01	-1.528126e-01
4.712320e-01	8.177591e-01	-1.528008e-01
4.751442e-01	8.166044e-01	-1.527359e-01
4.393360e-01	8.087664e-01	-3.070112e-02
4.805072e-01	8.058301e-01	-3.796824e-02
4.510690e-01	7.792529e-01	-1.286525e-01
4.671040e-01	7.787818e-01	-1.306130e-01
4.096519e-01	6.907907e-01	1.648136e-02
5.100948e-01	6.932583e-01	2.589628e-02
3.768678e-01	5.955472e-01	-2.226307e-02
5.503360e-01	5.866421e-01	3.746134e-02
3.274834e-01	5.526913e-01	-2.445708e-01
5.826513e-01	4.921105e-01	-7.294270e-02
3.101808e-01	5.301574e-01	-2.913401e-01
5.922195e-01	4.630710e-01	-1.074837e-01
3.099712e-01	5.346543e-01	-3.276498e-01
5.914293e-01	4.657722e-01	-1.419785e-01
3.178497e-01	5.416880e-01	-2.658278e-01
5.852118e-01	4.722923e-01	-9.224926e-02
4.302775e-01	4.041268e-01	-4.233807e-03
4.903870e-01	4.080852e-01	4.492125e-03
4.415529e-01	1.770854e-01	-5.232822e-02
4.929885e-01	1.900147e-01	-3.606405e-02
4.591711e-01	5.892336e-03	1.226721e-01
4.864876e-01	5.088951e-03	1.132692e-01
4.647268e-01	-2.092436e-03	1.333305e-01
4.830056e-01	-5.612698e-03	1.207575e-01
4.597997e-01	-5.934452e-02	1.147625e-02
4.895676e-01	-4.678788e-02	-5.916233e-03
4.602015e-01	8.011121e-01	-1.701206e-01
4.534527e-01	8.193529e-01	-1.479532e-01
4.492636e-01	8.192805e-01	-1.480350e-01
4.446401e-01	8.188451e-01	-1.479875e-01
4.665521e-01	8.185629e-01	-1.496344e-01
4.714655e-01	8.176173e-01	-1.496202e-01
4.753403e-01	8.164136e-01	-1.495527e-01
4.393410e-01	8.086665e-01	-2.768255e-02
4.805932e-01	8.056301e-01	-3.331815e-02
4.511923e-01	7.791549e-01	-1.258403e-01
4.672553e-01	7.785377e-01	-1.273069e-01
4.096162e-01	6.915625e-01	1.832944e-02
5.098549e-01	6.935689e-01	2.960928e-02
3.760170e-01	5.976552e-01	-3.373317e-02
5.523253e-01	5.895782e-01	3.378556e-02
3.255711e-01	5.545836e-01	-2.577013e-01
5.841841e-01	4.949331e-01	-8.382440e-02
3.079268e-01	5.317417e-01	-3.048561e-01
5.938249e-01	4.649448e-01	-1.188578e-01
3.076152e-01	5.370735e-01	-3.409342e-01
5.927060e-01	4.674481e-01	-1.533087e-01
3.157567e-01	5.440855e-01	-2.788994e-01
5.864576e-01	4.740661e-01	-1.029872e-01
4.298444e-01	4.041834e-01	-4.703761e-03
4.900281e-01	4.082634e-01	4.974934e-03
4.413050e-01	1.770835e-01	-5.446634e-02
4.927948e-01	1.900562e-01	-3.592163e-02
4.595119e-01	4.929957e-03	1.222020e-01
4.863883e-01	4.983909e-03	1.137274e-01
4.650205e-01	-2.997801e-03	1.330639e-01
4.828737e-01	-5.653026e-03	1.209946e-01
4.601699e-01	-6.563332e-02	1.090010e-02
4.895783e-01	-4.697496e-02	-5.698381e-03
4.603867e-01	8.010844e-01	-1.719268e-01
4.536348e-01	8.193278e-01	-1.532982e-01
4.494353e-01	8.192560e-01	-1.533287e-01
4.447687e-01	8.188254e-01	-1.532741e-01
4.667599e-01	8.184831e-01	-1.508337e-01
4.716726e-01	8.174860e-01	-1.508696e-01
4.755316e-01	8.162380e-01	-1.507419e-01
4.393575e-01	8.085847e-01	-3.957701e-02
4.807391e-01	8.054797e-01	-4.671405e-02
4.512873e-01	7.791126e-01	-1.343964e-01
4.674169e-01	7.783946e-01	-1.339753e-01
4.096064e-01	6.921909e-01	1.554613e-02
5.098623e-01	6.935422e-01	1.788603e-02
3.738100e-01	6.009025e-01	-2.009683e-02
5.549218e-01	5.885247e-01	2.691193e-02
3.164694e-01	5.721878e-01	-2.166210e-01
5.892590e-01	5.057104e-01	-9.347082e-02
2.982142e-01	5.566216e-01	-2.581126e-01
6.007447e-01	4.785952e-01	-1.260248e-01
2.982396e-01	5.637271e-01	-2.970024e-01
6.012698e-01	4.804237e-01	-1.637180e-01
3.068016e-01	5.680606e-01	-2.387426e-01
5.934135e-01	4.910247e-01	-1.139237e-01
4.296145e-01	4.042245e-01	-3.593105e-03
4.898555e-01	4.084023e-01	3.860922e-03
4.410984e-01	1.771063e-01	-4.584377e-02
4.926280e-01	1.901278e-01	-3.251870e-02
4.597636e-01	4.303006e-03	1.304325e-01
4.863319e-01	4.896718e-03	1.170661e-01
4.652077e-01	-3.841321e-03	1.408794e-01
4.827508e-01	-5.809742e-03	1.241346e-01
4.603364e-01	-6.780617e-02	1.535232e-02
4.895875e-01	-4.874595e-02	-4.692874e-03
4.607118e-01	8.010005e-01	-1.805639e-01
4.539754e-01	8.192403e-01	-1.588288e-01
4.497373e-01	8.191743e-01	-1.589022e-01
4.450565e-01	8.187746e-01	-1.588294e-01
4.671541e-01	8.182026e-01	-1.556461e-01
4.720202e-01	8.170761e-01	-1.556773e-01
4.758789e-01	8.157374e-01	-1.556203e-01
4.394566e-01	8.085114e-01	-4.528949e-02
4.809653e-01	8.051714e-01	-5.120949e-02
4.514819e-01	7.790090e-01	-1.357549e-01
4.676944e-01	7.779890e-01	-1.354899e-01
4.094135e-01	6.920102e-01	8.401138e-03
5.097640e-01	6.935218e-01	1.334921e-02
3.699665e-01	6.078081e-01	-8.266984e-02
5.572943e-01	5.944464e-01	-1.101042e-02
3.168538e-01	5.957518e-01	-3.257776e-01
5.946296e-01	5.265508e-01	-1.511271e-01
2.975743e-01	5.864832e-01	-3.727759e-01
6.095995e-01	5.032263e-01	-1.849377e-01
2.976502e-01	5.959939e-01	-4.026650e-01
6.072198e-01	5.069755e-01	-2.172557e-01
3.053357e-01	5.964028e-01	-3.453695e-01
5.994719e-01	5.125660e-01	-1.700972e-01
4.296333e-01	4.044098e-01	-3.613455e-03
4.897981e-01	4.089065e-01	3.881722e-03
4.409451e-01	1.773883e-01	-4.491338e-02
4.925070e-01	1.903694e-01	-2.560299e-02
4.597813e-01	4.315598e-03	1.301197e-01
4.862782e-01	4.904838e-03	1.172291e-01
4.652185e-01	-3.903131e-03	1.403907e-01
4.825467e-01	-5.822266e-03	1.245158e-01
4.608722e-01	-6.987999e-02	1.447075e-02
4.896141e-01	-4.939757e-02	-4.196345e-03
4.609530e-01	8.008196e-01	-2.137901e-01
4.541925e-01	8.188961e-01	-1.894895e-01
4.499599e-01	8.188285e-01	-1.895716e-01
4.452983e-01	8.184750e-01	-1.895176e-01
4.674394e-01	8.176785e-01	-1.916806e-01
4.723095e-01	8.164745e-01	-1.917265e-01
4.762259e-01	8.150773e-01	-1.916769e-01
4.396699e-01	8.083560e-01	-5.630564e-02
4.813143e-01	8.048708e-01	-7.045823e-02
4.516630e-01	7.787885e-01	-1.637831e-01
4.680085e-01	7.776210e-01	-1.673769e-01
4.097375e-01	6.927731e-01	5.711981e-03
5.099803e-01	6.937320e-01	-8.634003e-03
3.678151e-01	6.132911e-01	-7.840122e-02
5.596217e-01	6.012598e-01	-6.043109e-02
3.067068e-01	6.234053e-01	-3.095378e-01
6.030753e-01	5.478134e-01	-2.224017e-01
2.880887e-01	6.344414e-01	-3.544447e-01
6.169792e-01	5.297639e-01	-2.594717e-01
2.882819e-01	6.435630e-01	-3.823816e-01
6.184844e-01	5.339984e-01	-2.885699e-01
2.957365e-01	6.367643e-01	-3.286398e-01
6.098979e-01	5.370452e-01	-2.404326e-01
4.296516e-01	4.049462e-01	1.780048e-03
4.898055e-01	4.093011e-01	-1.522417e-03
4.408623e-01	1.777572e-01	-2.242103e-02
4.924355e-01	1.904624e-01	-2.251481e-02
4.598476e-01	4.315584e-03	1.476531e-01
4.862068e-01	4.885391e-03	1.248405e-01
4.653120e-01	-3.948378e-03	1.575166e-01
4.823420e-01	-5.893158e-03	1.317139e-01
4.608970e-01	-7.132377e-02	3.252084e-02
4.896189e-01	-5.165370e-02	-2.513222e-03
4.613162e-01	8.006462e-01	-2.097821e-01
4.544174e-01	8.185998e-01	-1.860264e-01
4.501764e-01	8.185194e-01	-1.861075e-01
4.455040e-01	8.181832e-01	-1.860648e-01
4.678264e-01	8.172501e-01	-1.886407e-01
4.726844e-01	8.160182e-01	-1.886850e-01
4.766797e-01	8.146152e-01	-1.886346e-01
4.398407e-01	8.079768e-01	-4.713672e-02
4.817787e-01	8.046420e-01	-6.952595e-02
4.519528e-01	7.784743e-01	-1.620378e-01
4.684085e-01	7.772539e-01	-1.646264e-01
4.103455e-01	6.929313e-01	2.208530e-02
5.103641e-01	6.938289e-01	-1.547457e-02
3.694154e-01	6.165556e-01	-7.262287e-02
5.582737e-01	6.070287e-01	-1.375135e-01
3.094378e-01	6.449550e-01	-3.153948e-01
5.988184e-01	5.881590e-01	-3.803052e-01
2.879767e-01	6.519740e-01	-3.640496e-01
6.074103e-01	5.667087e-01	-4.317945e-01
2.878991e-01	6.632057e-01	-3.924655e-01
5.973243e-01	5.920078e-01	-4.491483e-01
2.962513e-01	6.610893e-01	-3.353647e-01
6.019315e-01	5.933118e-01	-3.956874e-01
4.295959e-01	4.053260e-01	7.668590e-03
4.898042e-01	4.095094e-01	-7.389626e-03
4.408075e-01	1.780467e-01	-2.259811e-02
4.923418e-01	1.905347e-01	-2.806016e-02
4.599771e-01	4.364830e-03	1.468319e-01
4.861546e-01	4.771153e-03	1.141935e-01
4.654035e-01	-3.955570e-03	1.562881e-01
4.822300e-01	-6.362823e-03	1.203136e-01
4.608712e-01	-6.768025e-02	3.034258e-02
4.896246e-01	-5.384912e-02	-2.073063e-02
4.617065e-01	8.006011e-01	-1.823046e-01
4.546018e-01	8.183765e-01	-1.576076e-01
4.503812e-01	8.182634e-01	-1.576626e-01
4.456550e-01	8.178846e-01	-1.576321e-01
4.680544e-01	8.170335e-01	-1.631486e-01
4.729349e-01	8.158112e-01	-1.632155e-01
4.768974e-01	8.144240e-01	-1.630928e-01
4.398956e-01	8.074475e-01	-2.046048e-02
4.820243e-01	8.044930e-01	-4.760293e-02
4.523423e-01	7.783551e-01	-1.314581e-01
4.688633e-01	7.771964e-01	-1.387899e-01
4.114307e-01	6.942996e-01	4.550045e-02
5.103918e-01	6.948751e-01	-1.827786e-02
3.688938e-01	6.287682e-01	-5.717091e-02
5.575098e-01	6.134708e-01	-1.944535e-01
3.113618e-01	6.716976e-01	-2.716954e-01
5.910949e-01	6.160285e-01	-4.788977e-01
2.885310e-01	6.738241e-01	-3.141597e-01
6.019272e-01	6.146383e-01	-5.374057e-01
2.889699e-01	6.834110e-01	-3.421954e-01
5.937513e-01	6.293735e-01	-5.538353e-01
2.995674e-01	6.841228e-01	-2.907764e-01
5.917633e-01	6.279016e-01	-4.958549e-01
4.296642e-01	4.064440e-01	1.427396e-02
4.898108e-01	4.104651e-01	-1.405725e-02
4.408062e-01	1.783722e-01	-8.372077e-03
4.923370e-01	1.907280e-01	-3.102966e-02
4.603666e-01	4.903052e-03	1.555843e-01
4.861358e-01	4.769927e-03	1.051884e-01
4.656638e-01	-3.693948e-03	1.642884e-01
4.821022e-01	-6.371139e-03	1.112609e-01
4.609181e-01	-6.241880e-02	4.295217e-02
4.897238e-01	-5.422019e-02	-2.798009e-02
4.619316e-01	8.006088e-01	-1.787236e-01
4.547114e-01	8.183079e-01	-1.537743e-01
4.505142e-01	8.181737e-01	-1.538335e-01
4.457425e-01	8.177542e-01	-1.538126e-01
4.681384e-01	8.169710e-01	-1.594153e-01
4.730371e-01	8.157485e-01	-1.594805e-01
4.769692e-01	8.143638e-01	-1.593595e-01
4.399269e-01	8.069832e-01	-1.676375e-02
4.821620e-01	8.043699e-01	-4.322785e-02
4.525863e-01	7.783446e-01	-1.276522e-01
4.690952e-01	7.771983e-01	-1.351836e-01
4.120877e-01	6.951440e-01	4.766279e-02
5.104744e-01	6.956630e-01	-2.115156e-02
3.688803e-01	6.312048e-01	-5.839062e-02
5.535985e-01	6.199085e-01	-2.080884e-01
3.114832e-01	6.750636e-01	-2.827533e-01
5.780659e-01	6.226869e-01	-4.999135e-01
2.882285e-01	6.764100e-01	-3.265850e-01
5.883884e-01	6.195938e-01	-5.601682e-01
2.885880e-01	6.856838e-01	-3.539567e-01
5.834123e-01	6.333520e-01	-5.749518e-01
2.998462e-01	6.868140e-01	-3.022517e-01
5.770987e-01	6.317515e-01	-5.164735e-01
4.298178e-01	4.073924e-01	1.647298e-02
4.898192e-01	4.114776e-01	-1.625772e-02
4.408050e-01	1.784282e-01	-7.441263e-03
4.923353e-01	1.908080e-01	-3.434440e-02
4.607363e-01	5.117997e-03	1.584904e-01
4.861227e-01	4.772936e-03	1.023353e-01
4.659615e-01	-3.625395e-03	1.671601e-01
4.820102e-01	-6.378613e-03	1.085478e-01
4.610148e-01	-6.054274e-02	4.466119e-02
4.898565e-01	-5.427385e-02	-3.158360e-02
4.621564e-01	8.006205e-01	-1.876060e-01
4.547847e-01	8.182477e-01	-1.633538e-01
4.505993e-01	8.180876e-01	-1.634087e-01
4.457711e-01	8.176171e-01	-1.633323e-01
4.682088e-01	8.168825e-01	-1.687894e-01
4.731326e-01	8.156445e-01	-1.688859e-01
4.770229e-01	8.142519e-01	-1.687836e-01
4.399286e-01	8.064501e-01	-2.124158e-02
4.821970e-01	8.041642e-01	-4.959313e-02
4.528048e-01	7.783079e-01	-1.337869e-01
4.692990e-01	7.771921e-01	-1.424931e-01
4.121334e-01	6.955135e-01	3.503529e-02
5.104743e-01	6.958897e-01	-2.581221e-02
3.620536e-01	6.440714e-01	-6.924504e-02
5.563928e-01	6.462668e-01	-1.915165e-01
3.073645e-01	7.016947e-01	-2.742403e-01
5.999638e-01	6.526223e-01	-4.678155e-01
2.868343e-01	7.036739e-01	-3.140673e-01
6.233850e-01	6.519788e-01	-5.220357e-01
2.871585e-01	7.120110e-01	-3.379255e-01
6.166561e-01	6.593412e-01	-5.425522e-01
2.975831e-01	7.098373e-01	-2.914065e-01
6.055524e-01	6.577391e-01	-4.866904e-01
4.300743e-01	4.073827e-01	1.505357e-02
4.898308e-01	4.117441e-01	-1.488192e-02
4.408654e-01	1.784425e-01	-9.397994e-03
4.923324e-01	1.908385e-01	-3.421252e-02
4.609534e-01	5.230937e-03	1.657461e-01
4.861194e-01	4.722998e-03	1.051347e-01
4.660788e-01	-3.601344e-03	1.753672e-01
4.819464e-01	-6.468285e-03	1.118801e-01
4.611672e-01	-5.984227e-02	5.169205e-02
4.904021e-01	-5.426732e-02	-2.592191e-02
4.623013e-01	8.006329e-01	-2.025555e-01
4.548447e-01	8.181938e-01	-1.799847e-01
4.506736e-01	8.180191e-01	-1.800347e-01
4.458024e-01	8.175246e-01	-1.799420e-01
4.682618e-01	8.167943e-01	-1.839709e-01
4.732139e-01	8.155472e-01	-1.840740e-01
4.770826e-01	8.141546e-01	-1.839986e-01
4.399289e-01	8.061553e-01	-4.433575e-02
4.822200e-01	8.039964e-01	-6.659373e-02
4.529561e-01	7.782694e-01	-1.514217e-01
4.693953e-01	7.771845e-01	-1.580064e-01
4.123039e-01	6.961192e-01	2.318527e-02
5.106385e-01	6.963111e-01	-3.710216e-02
3.567766e-01	6.535525e-01	-9.404741e-02
5.594480e-01	6.605737e-01	-2.062630e-01
3.079937e-01	7.217847e-01	-2.955668e-01
6.155938e-01	6.729118e-01	-4.847752e-01
2.903008e-01	7.354899e-01	-3.342658e-01
6.356536e-01	6.717793e-01	-5.379571e-01
2.903610e-01	7.442004e-01	-3.503344e-01
6.319733e-01	6.762791e-01	-5.576264e-01
2.993335e-01	7.380934e-01	-3.098960e-01
6.226475e-01	6.745394e-01	-5.035666e-01
4.306607e-01	4.065633e-01	1.405867e-02
4.901052e-01	4.116789e-01	-1.391004e-02
4.409807e-01	1.784534e-01	-3.829595e-03
4.923284e-01	1.908714e-01	-2.691194e-02
4.611678e-01	5.642251e-03	1.725121e-01
4.861141e-01	4.725586e-03	1.206180e-01
4.662513e-01	-3.341417e-03	1.823184e-01
4.819134e-01	-6.466046e-03	1.279096e-01
4.612651e-01	-5.922646e-02	6.089705e-02
4.905230e-01	-5.319535e-02	-9.422195e-03
4.623769e-01	8.006714e-01	-2.066623e-01
4.548921e-01	8.181869e-01	-1.844978e-01
4.507172e-01	8.180133e-01	-1.845466e-01
4.458180e-01	8.175188e-01	-1.844952e-01
4.683286e-01	8.167775e-01	-1.892803e-01
4.733051e-01	8.155094e-01	-1.894054e-01
4.771689e-01	8.141022e-01	-1.893677e-01
4.399142e-01	8.060949e-01	-5.350558e-02
4.822866e-01	8.038802e-01	-7.951208e-02
4.529955e-01	7.782571e-01	-1.570675e-01
4.694445e-01	7.771556e-01	-1.645848e-01
4.118802e-01	6.971025e-01	2.200615e-02
5.113392e-01	6.988096e-01	-5.682760e-02
3.502831e-01	6.636484e-01	-7.665746e-02
5.601394e-01	6.671852e-01	-2.303911e-01
3.051109e-01	7.467429e-01	-2.414962e-01
6.059323e-01	6.747718e-01	-4.961697e-01
2.912107e-01	7.711079e-01	-2.697193e-01
6.277237e-01	6.792992e-01	-5.473358e-01
2.916005e-01	7.823725e-01	-2.807813e-01
6.213192e-01	6.833089e-01	-5.601369e-01
2.989560e-01	7.738013e-01	-2.523605e-01
6.157988e-01	6.815048e-01	-5.119026e-01
4.308167e-01	4.067192e-01	1.823486e-02
4.904986e-01	4.121257e-01	-1.810609e-02
4.410077e-01	1.785405e-01	9.774545e-03
4.923261e-01	1.909379e-01	-2.723975e-02
4.613335e-01	5.881909e-03	1.786592e-01
4.861087e-01	4.732129e-03	1.204077e-01
4.664350e-01	-3.205600e-03	1.876147e-01
4.818994e-01	-6.460674e-03	1.277263e-01
4.613314e-01	-5.917523e-02	6.383594e-02
4.905289e-01	-5.338825e-02	-1.354592e-02
4.626244e-01	8.007215e-01	-2.105324e-01
4.550371e-01	8.182074e-01	-1.903131e-01
4.508184e-01	8.180349e-01	-1.903658e-01
4.458835e-01	8.175396e-01	-1.903716e-01
4.685890e-01	8.167709e-01	-1.947273e-01
4.735311e-01	8.154929e-01	-1.948271e-01
4.774039e-01	8.140839e-01	-1.947745e-01
4.399114e-01	8.061293e-01	-6.524678e-02
4.824003e-01	8.038781e-01	-8.740969e-02
4.531139e-01	7.782907e-01	-1.625203e-01
4.696940e-01	7.771667e-01	-1.690979e-01
4.112835e-01	7.020312e-01	-2.817306e-03
5.118709e-01	7.006580e-01	-6.625221e-02
3.438760e-01	6.895674e-01	-1.621161e-01
5.602052e-01	6.702413e-01	-2.595391e-01
3.068794e-01	7.720788e-01	-3.966597e-01
6.052796e-01	6.877978e-01	-5.391149e-01
2.923992e-01	7.920460e-01	-4.439074e-01
6.129265e-01	6.841552e-01	-5.976340e-01
2.924404e-01	8.089175e-01	-4.585243e-01
6.028411e-01	6.927658e-01	-6.067306e-01
2.996742e-01	7.921121e-01	-4.123420e-01
6.132436e-01	6.921422e-01	-5.546287e-01
4.306585e-01	4.097313e-01	1.661918e-02
4.905015e-01	4.139380e-01	-1.645823e-02
4.409153e-01	1.799482e-01	7.508998e-03
4.922915e-01	1.912573e-01	-2.327159e-02
4.613245e-01	7.058860e-03	1.774322e-01
4.860549e-01	4.733778e-03	1.201719e-01
4.664411e-01	-2.337763e-03	1.855681e-01
4.818720e-01	-6.420110e-03	1.271967e-01
4.613357e-01	-5.814783e-02	5.703263e-02
4.903757e-01	-5.373134e-02	-1.980860e-02
4.628225e-01	8.007956e-01	-1.970421e-01
4.550980e-01	8.182033e-01	-1.768510e-01
4.508616e-01	8.180287e-01	-1.768623e-01
4.458939e-01	8.175287e-01	-1.768409e-01
4.688125e-01	8.167422e-01	-1.809144e-01
4.737651e-01	8.154781e-01	-1.810670e-01
4.777359e-01	8.140751e-01	-1.810020e-01
4.398830e-01	8.061060e-01	-5.699331e-02
4.825621e-01	8.039038e-01	-8.118438e-02
4.532484e-01	7.783235e-01	-1.509426e-01
4.700559e-01	7.772269e-01	-1.576596e-01
4.112182e-01	7.034199e-01	5.650423e-03
5.118629e-01	7.024295e-01	-6.430027e-02
3.403708e-01	7.137222e-01	-1.264434e-01
5.595041e-01	6.866190e-01	-2.836174e-01
3.049707e-01	8.179845e-01	-2.296574e-01
6.008852e-01	7.266759e-01	-5.869212e-01
2.927214e-01	8.427559e-01	-2.575405e-01
6.124274e-01	7.386883e-01	-6.477573e-01
2.930505e-01	8.520159e-01	-2.673615e-01
6.077235e-01	7.469845e-01	-6.549046e-01
3.007341e-01	8.407685e-01	-2.403341e-01
6.076161e-01	7.348115e-01	-6.024014e-01
4.306888e-01	4.114304e-01	2.300945e-02
4.904769e-01	4.154773e-01	-2.287959e-02
4.408728e-01	1.805577e-01	2.559466e-02
4.921772e-01	1.915608e-01	-2.906426e-02
4.613325e-01	7.259779e-03	1.773425e-01
4.859677e-01	4.775993e-03	1.008552e-01
4.664814e-01	-2.189310e-03	1.840980e-01
4.818417e-01	-6.303422e-03	1.059811e-01
4.613430e-01	-5.795740e-02	5.718112e-02
4.901804e-01	-5.375214e-02	-3.779913e-02
4.628352e-01	8.008943e-01	-1.969814e-01
4.550952e-01	8.181174e-01	-1.767035e-01
4.508528e-01	8.178880e-01	-1.767128e-01
4.458533e-01	8.173698e-01	-1.766911e-01
4.688334e-01	8.166990e-01	-1.805133e-01
4.738146e-01	8.154714e-01	-1.806752e-01
4.778132e-01	8.140787e-01	-1.806117e-01
4.397619e-01	8.060343e-01	-5.566664e-02
4.826431e-01	8.039643e-01	-7.904866e-02
4.532503e-01	7.783204e-01	-1.508713e-01
4.701110e-01	7.773060e-01	-1.573857e-01
4.109548e-01	7.040368e-01	7.217030e-03
5.118066e-01	7.035279e-01	-6.209232e-02
3.376573e-01	7.164658e-01	-1.148563e-01
5.593928e-01	6.896918e-01	-2.710668e-01
3.033970e-01	8.250040e-01	-2.071981e-01
5.994045e-01	7.378311e-01	-5.674711e-01
2.920154e-01	8.487190e-01	-2.348232e-01
6.127004e-01	7.575980e-01	-6.265072e-01
2.936499e-01	8.570499e-01	-2.440539e-01
6.098751e-01	7.606956e-01	-6.342517e-01
3.009189e-01	8.465066e-01	-2.174621e-01
6.058577e-01	7.523542e-01	-5.828967e-01
4.308857e-01	4.119447e-01	2.294775e-02
4.905224e-01	4.165950e-01	-2.282801e-02
4.408421e-01	1.806622e-01	2.402375e-02
4.921522e-01	1.918642e-01	-3.094466e-02
4.613830e-01	7.259190e-03	1.777290e-01
4.858004e-01	4.723602e-03	1.012262e-01
4.666000e-01	-2.153674e-03	1.844884e-01
4.818095e-01	-6.314508e-03	1.065746e-01
4.614221e-01	-5.826065e-02	5.698561e-02
4.898276e-01	-5.437363e-02	-3.694011e-02
4.629149e-01	8.010230e-01	-1.969991e-01
4.551186e-01	8.180741e-01	-1.764041e-01
4.508609e-01	8.178147e-01	-1.764226e-01
4.458560e-01	8.172778e-01	-1.764005e-01
4.688612e-01	8.166913e-01	-1.795140e-01
4.738313e-01	8.155003e-01	-1.796787e-01
4.778457e-01	8.141795e-01	-1.796211e-01
4.397565e-01	8.059998e-01	-5.333118e-02
4.826775e-01	8.041111e-01	-6.892962e-02
4.533393e-01	7.783414e-01	-1.508687e-01
4.702627e-01	7.774929e-01	-1.568777e-01
4.108740e-01	7.042787e-01	8.402495e-03
5.117850e-01	7.054465e-01	-5.437024e-02
3.371396e-01	7.276462e-01	-9.944169e-02
5.622129e-01	7.138895e-01	-2.293875e-01
3.047075e-01	8.473942e-01	-2.093280e-01
6.042014e-01	7.782312e-01	-5.070406e-01
2.944869e-01	8.759122e-01	-2.409492e-01
6.172009e-01	7.974570e-01	-5.634464e-01
3.001850e-01	8.849765e-01	-2.486503e-01
6.153945e-01	7.995764e-01	-5.754129e-01
3.057995e-01	8.727941e-01	-2.191667e-01
6.103001e-01	7.883618e-01	-5.236079e-01
4.310742e-01	4.124911e-01	2.281583e-02
4.906233e-01	4.172404e-01	-2.262609e-02
4.407662e-01	1.806952e-01	1.539652e-02
4.920098e-01	1.919272e-01	-3.061795e-02
4.614974e-01	6.872210e-03	1.778089e-01
4.857218e-01	4.251252e-03	1.126838e-01
4.667730e-01	-2.563375e-03	1.855385e-01
4.818061e-01	-6.674576e-03	1.191733e-01
4.614536e-01	-5.881197e-02	5.643174e-02
4.894258e-01	-5.578579e-02	-2.575868e-02
4.632228e-01	8.015040e-01	-1.967964e-01
4.553743e-01	8.181062e-01	-1.731925e-01
4.510091e-01	8.178310e-01	-1.732621e-01
4.460557e-01	8.172724e-01	-1.732174e-01
4.689486e-01	8.168688e-01	-1.744714e-01
4.738517e-01	8.158583e-01	-1.746069e-01
4.778875e-01	8.147078e-01	-1.745619e-01
4.398122e-01	8.059717e-01	-4.635644e-02
4.826807e-01	8.043762e-01	-5.084500e-02
4.535567e-01	7.785494e-01	-1.506443e-01
4.704916e-01	7.782125e-01	-1.544703e-01
4.108664e-01	7.066135e-01	8.596387e-03
5.115533e-01	7.056288e-01	-2.110518e-02
3.368769e-01	7.477530e-01	-4.108801e-02
5.651195e-01	7.359166e-01	-1.354890e-01
3.065296e-01	8.685591e-01	-1.162735e-01
6.122370e-01	8.233837e-01	-3.411385e-01
3.015206e-01	9.021974e-01	-1.434189e-01
6.285502e-01	8.377879e-01	-3.885879e-01
3.082830e-01	9.089452e-01	-1.515745e-01
6.265979e-01	8.448838e-01	-4.017345e-01
3.134467e-01	8.961627e-01	-1.257977e-01
6.212352e-01	8.368706e-01	-3.567257e-01
4.311701e-01	4.124232e-01	1.297607e-02
4.905024e-01	4.171763e-01	-1.285831e-02
4.406633e-01	1.809027e-01	3.380406e-03
4.918338e-01	1.917966e-01	-2.602379e-02
4.615764e-01	6.364839e-03	1.767501e-01
4.854989e-01	3.490099e-03	1.230492e-01
4.668407e-01	-3.186685e-03	1.851894e-01
4.817871e-01	-7.422231e-03	1.304985e-01
4.614590e-01	-5.942308e-02	5.479802e-02
4.888091e-01	-5.869023e-02	-5.143148e-03
4.639924e-01	8.016827e-01	-1.950461e-01
4.559990e-01	8.182529e-01	-1.703730e-01
4.514286e-01	8.179573e-01	-1.704669e-01
4.466028e-01	8.173600e-01	-1.704220e-01
4.691104e-01	8.173380e-01	-1.708525e-01
4.738635e-01	8.165758e-01	-1.709713e-01
4.779118e-01	8.157312e-01	-1.709379e-01
4.399513e-01	8.059718e-01	-4.577295e-02
4.826256e-01	8.052268e-01	-4.793789e-02
4.542904e-01	7.786062e-01	-1.499296e-01
4.708442e-01	7.787600e-01	-1.519065e-01
4.107944e-01	7.108483e-01	5.360376e-03
5.115150e-01	7.079821e-01	-9.894996e-03
3.388512e-01	7.645791e-01	-4.654475e-02
5.683447e-01	7.558305e-01	-7.707419e-02
3.145998e-01	8.887207e-01	-1.398568e-01
6.123026e-01	8.461697e-01	-2.290246e-01
3.095396e-01	9.273688e-01	-1.745236e-01
6.279729e-01	8.639114e-01	-2.709861e-01
3.167640e-01	9.337213e-01	-1.840863e-01
6.251261e-01	8.709434e-01	-2.884772e-01
3.218310e-01	9.210204e-01	-1.511389e-01
6.195811e-01	8.629744e-01	-2.451481e-01
4.311472e-01	4.132959e-01	3.494303e-03
4.904189e-01	4.171943e-01	-3.333426e-03
4.406713e-01	1.809593e-01	-4.506221e-04
4.918296e-01	1.915337e-01	-1.505634e-02
4.616245e-01	4.451408e-03	1.659137e-01
4.854695e-01	1.095728e-03	1.286899e-01
4.668531e-01	-5.242008e-03	1.735732e-01
4.817602e-01	-1.043912e-02	1.354212e-01
4.657931e-01	-7.599544e-02	3.668795e-02
4.934859e-01	-7.233799e-02	-3.168100e-03
4.641016e-01	8.016112e-01	-2.277125e-01
4.562438e-01	8.186483e-01	-2.037616e-01
4.516216e-01	8.182787e-01	-2.038856e-01
4.468207e-01	8.177047e-01	-2.038866e-01
4.691640e-01	8.180289e-01	-2.043055e-01
4.738543e-01	8.173872e-01	-2.044255e-01
4.779048e-01	8.166251e-01	-2.044309e-01
4.399875e-01	8.061510e-01	-8.081186e-02
4.826259e-01	8.057396e-01	-8.150024e-02
4.543626e-01	7.785825e-01	-1.822190e-01
4.708411e-01	7.788407e-01	-1.831914e-01
4.108856e-01	7.147555e-01	-3.384809e-02
5.116975e-01	7.095191e-01	-2.543546e-02
3.402402e-01	7.761335e-01	-8.437398e-02
5.695943e-01	7.631059e-01	-8.181024e-02
3.213290e-01	9.107520e-01	-1.788945e-01
6.105791e-01	8.681090e-01	-2.035038e-01
3.157404e-01	9.506872e-01	-2.133636e-01
6.255991e-01	8.911036e-01	-2.416050e-01
3.250615e-01	9.605199e-01	-2.269983e-01
6.221566e-01	9.027295e-01	-2.610277e-01
3.308224e-01	9.447122e-01	-1.912453e-01
6.165501e-01	8.905765e-01	-2.195977e-01
4.311443e-01	4.161444e-01	-4.404677e-03
4.904888e-01	4.185962e-01	4.598902e-03
4.406893e-01	1.818065e-01	-7.193516e-03
4.919325e-01	1.915118e-01	-4.344343e-03
4.614704e-01	5.728577e-03	1.680122e-01
4.853251e-01	1.158092e-03	1.482256e-01
4.666382e-01	-3.996530e-03	1.773863e-01
4.817179e-01	-1.059969e-02	1.561969e-01
4.657470e-01	-6.444587e-02	3.985430e-02
4.944428e-01	-7.327305e-02	1.628749e-02
4.641384e-01	8.015279e-01	-2.742419e-01
4.564629e-01	8.186724e-01	-2.516343e-01
4.518229e-01	8.183747e-01	-2.517689e-01
4.470510e-01	8.178566e-01	-2.517915e-01
4.691697e-01	8.181177e-01	-2.521321e-01
4.737981e-01	8.175513e-01	-2.522577e-01
4.778304e-01	8.168927e-01	-2.522731e-01
4.400132e-01	8.065324e-01	-1.263835e-01
4.825983e-01	8.057992e-01	-1.268926e-01
4.544470e-01	7.786112e-01	-2.268290e-01
4.707358e-01	7.788820e-01	-2.274860e-01
4.110233e-01	7.174863e-01	-7.227512e-02
5.115278e-01	7.107350e-01	-7.013285e-02
3.412886e-01	7.879625e-01	-1.236565e-01
5.684976e-01	7.826288e-01	-1.074559e-01
3.272382e-01	9.284354e-01	-2.107398e-01
6.089398e-01	8.944293e-01	-2.147656e-01
3.219996e-01	9.666690e-01	-2.529785e-01
6.249415e-01	9.242004e-01	-2.516531e-01
3.322755e-01	9.772114e-01	-2.595977e-01
6.215860e-01	9.331610e-01	-2.722164e-01
3.376350e-01	9.620448e-01	-2.212801e-01
6.154202e-01	9.229769e-01	-2.307972e-01
4.310995e-01	4.197398e-01	-4.801619e-03
4.904612e-01	4.209425e-01	4.974601e-03
4.405598e-01	1.844165e-01	-7.142113e-03
4.917459e-01	1.918575e-01	-1.057365e-03
4.611556e-01	5.675973e-03	1.682403e-01
4.852375e-01	7.422123e-04	1.491403e-01
4.665818e-01	-4.059586e-03	1.776019e-01
4.818638e-01	-1.122184e-02	1.566935e-01
4.637370e-01	-6.180394e-02	4.082051e-02
4.942346e-01	-7.677177e-02	1.521836e-02
4.641358e-01	8.005759e-01	-2.740817e-01
4.564674e-01	8.178322e-01	-2.521850e-01
4.518253e-01	8.178225e-01	-2.523153e-01
4.470502e-01	8.175639e-01	-2.523396e-01
4.691958e-01	8.167779e-01	-2.535622e-01
4.738173e-01	8.164270e-01	-2.536954e-01
4.778413e-01	8.159684e-01	-2.537125e-01
4.400140e-01	8.065698e-01	-1.285094e-01
4.826247e-01	8.056173e-01	-1.334424e-01
4.544489e-01	7.779878e-01	-2.267053e-01
4.706051e-01	7.775445e-01	-2.286061e-01
4.112872e-01	7.192398e-01	-7.436892e-02
5.115028e-01	7.107199e-01	-8.137292e-02
3.420790e-01	7.958504e-01	-1.266227e-01
5.680111e-01	7.865064e-01	-1.201848e-01
3.278606e-01	9.327902e-01	-2.189608e-01
6.077297e-01	8.961876e-01	-2.266742e-01
3.218551e-01	9.715737e-01	-2.597434e-01
6.247503e-01	9.262015e-01	-2.629259e-01
3.322161e-01	9.792776e-01	-2.653339e-01
6.209902e-01	9.369390e-01	-2.817827e-01
3.378746e-01	9.660885e-01	-2.289324e-01
6.152380e-01	9.239236e-01	-2.418095e-01
4.310909e-01	4.213348e-01	-3.126127e-03
4.902647e-01	4.221434e-01	3.283691e-03
4.405113e-01	1.863326e-01	-7.799724e-03
4.916901e-01	1.921498e-01	-5.580090e-03
4.603664e-01	9.911766e-03	1.704559e-01
4.851391e-01	6.728446e-04	1.403052e-01
4.662405e-01	1.650681e-03	1.815644e-01
4.819729e-01	-1.113168e-02	1.479270e-01
4.628395e-01	-4.986907e-02	5.834281e-02
4.880195e-01	-7.003910e-02	1.367744e-02
4.641333e-01	8.004737e-01	-3.146417e-01
4.564616e-01	8.175565e-01	-2.945166e-01
4.518111e-01	8.175408e-01	-2.946511e-01
4.470243e-01	8.172699e-01	-2.946857e-01
4.691500e-01	8.166692e-01	-2.948791e-01
4.736142e-01	8.163444e-01	-2.950260e-01
4.776448e-01	8.159339e-01	-2.950588e-01
4.400026e-01	8.062429e-01	-1.734217e-01
4.825395e-01	8.055055e-01	-1.732704e-01
4.544685e-01	7.776387e-01	-2.676648e-01
4.705428e-01	7.772855e-01	-2.680877e-01
4.116526e-01	7.188387e-01	-1.180492e-01
5.112776e-01	7.114127e-01	-1.182413e-01
3.489156e-01	8.011571e-01	-1.663233e-01
5.674997e-01	7.986259e-01	-1.453094e-01
3.303740e-01	9.403294e-01	-2.561293e-01
6.074800e-01	9.267488e-01	-2.544834e-01
3.232527e-01	9.737456e-01	-2.977449e-01
6.228592e-01	9.564129e-01	-2.919032e-01
3.331013e-01	9.816703e-01	-3.070157e-01
6.193523e-01	9.650016e-01	-3.116205e-01
3.388156e-01	9.715647e-01	-2.681963e-01
6.137630e-01	9.544373e-01	-2.702793e-01
4.312901e-01	4.229067e-01	-3.331014e-03
4.903942e-01	4.244233e-01	3.455620e-03
4.407124e-01	1.889803e-01	5.645553e-03
4.917289e-01	1.927973e-01	5.175536e-03
4.588086e-01	1.448556e-02	1.935912e-01
4.852866e-01	1.928894e-03	1.567955e-01
4.649029e-01	7.710187e-03	2.057629e-01
4.828081e-01	-8.431038e-03	1.652159e-01
4.602016e-01	-4.316815e-02	8.337303e-02
4.862786e-01	-6.032553e-02	2.871882e-02
4.636270e-01	7.998758e-01	-3.472377e-01
4.562575e-01	8.171668e-01	-3.270378e-01
4.515997e-01	8.171564e-01	-3.271792e-01
4.467139e-01	8.169120e-01	-3.272470e-01
4.687260e-01	8.165382e-01	-3.268629e-01
4.729005e-01	8.162844e-01	-3.270172e-01
4.767782e-01	8.158891e-01	-3.271001e-01
4.397868e-01	8.060598e-01	-2.005547e-01
4.815976e-01	8.055007e-01	-1.975502e-01
4.539340e-01	7.775097e-01	-2.976464e-01
4.694375e-01	7.772641e-01	-2.972330e-01
4.117466e-01	7.194716e-01	-1.373285e-01
5.111407e-01	7.147436e-01	-1.347135e-01
3.574740e-01	8.107501e-01	-1.839510e-01
5.669683e-01	8.140829e-01	-1.582969e-01
3.364281e-01	9.615802e-01	-2.763892e-01
5.984210e-01	9.421400e-01	-2.583044e-01
3.314050e-01	9.898612e-01	-3.186303e-01
6.092809e-01	9.722377e-01	-2.947763e-01
3.365206e-01	9.941699e-01	-3.311244e-01
6.056226e-01	9.822561e-01	-3.141911e-01
3.428958e-01	9.886581e-01	-2.903180e-01
6.007294e-01	9.712557e-01	-2.735016e-01
4.316707e-01	4.236806e-01	-3.571595e-03
4.907226e-01	4.257445e-01	3.687945e-03
4.405924e-01	1.905684e-01	1.164801e-03
4.916555e-01	1.927988e-01	3.933360e-05
4.576558e-01	1.921360e-02	2.029757e-01
4.852179e-01	1.561715e-03	1.547261e-01
4.642685e-01	1.287455e-02	2.173268e-01
4.828555e-01	-8.429029e-03	1.635460e-01
4.593865e-01	-3.886162e-02	9.295469e-02
4.841395e-01	-6.030053e-02	2.208461e-02
4.632277e-01	7.998868e-01	-3.420400e-01
4.556477e-01	8.172081e-01	-3.214389e-01
4.509123e-01	8.171718e-01	-3.215865e-01
4.459109e-01	8.169116e-01	-3.216525e-01
4.680749e-01	8.166679e-01	-3.216183e-01
4.720857e-01	8.164217e-01	-3.217760e-01
4.759271e-01	8.160347e-01	-3.218265e-01
4.390776e-01	8.057870e-01	-1.967605e-01
4.809012e-01	8.054960e-01	-1.959150e-01
4.536848e-01	7.775779e-01	-2.935088e-01
4.689932e-01	7.774301e-01	-2.936650e-01
4.117818e-01	7.194352e-01	-1.436211e-01
5.106376e-01	7.176509e-01	-1.372759e-01
3.631707e-01	8.195295e-01	-1.936834e-01
5.609039e-01	8.180063e-01	-1.670663e-01
3.471122e-01	9.700219e-01	-2.826285e-01
5.902103e-01	9.425187e-01	-2.588121e-01
3.422007e-01	9.988590e-01	-3.261583e-01
5.991458e-01	9.730327e-01	-2.955734e-01
3.490726e-01	1.004416e+00	-3.377682e-01
5.948681e-01	9.827952e-01	-3.141922e-01
3.531347e-01	9.955268e-01	-2.958283e-01
5.903222e-01	9.704211e-01	-2.738088e-01
4.315840e-01	4.293738e-01	-2.877263e-03
4.908066e-01	4.305639e-01	2.989508e-03
4.405848e-01	1.914541e-01	9.156622e-04
4.915680e-01	1.931771e-01	-1.071469e-03
4.559793e-01	2.040871e-02	2.068085e-01
4.853289e-01	4.374506e-03	1.615925e-01
4.629239e-01	1.400201e-02	2.211324e-01
4.836081e-01	-3.893598e-03	1.714227e-01
4.586846e-01	-3.767344e-02	9.593119e-02
4.839914e-01	-5.261761e-02	3.201824e-02
4.625683e-01	8.003036e-01	-3.064048e-01
4.547611e-01	8.172132e-01	-2.852503e-01
4.499193e-01	8.171672e-01	-2.853866e-01
4.450297e-01	8.169039e-01	-2.854348e-01
4.672410e-01	8.167527e-01	-2.854348e-01
4.712376e-01	8.165160e-01	-2.855778e-01
4.751354e-01	8.161738e-01	-2.856134e-01
4.386843e-01	8.055327e-01	-1.643889e-01
4.805572e-01	8.054992e-01	-1.625436e-01
4.532835e-01	7.780121e-01	-2.597365e-01
4.687801e-01	7.783539e-01	-2.597475e-01
4.118650e-01	7.190172e-01	-1.216019e-01
5.105302e-01	7.222250e-01	-1.131223e-01
3.725958e-01	8.155533e-01	-1.812859e-01
5.558865e-01	8.292991e-01	-1.568050e-01
3.511789e-01	9.615312e-01	-2.804715e-01
5.828646e-01	9.693883e-01	-2.330555e-01
3.435468e-01	9.860902e-01	-3.244806e-01
5.902306e-01	9.974909e-01	-2.702758e-01
3.511835e-01	9.940838e-01	-3.367299e-01
5.847147e-01	1.008967e+00	-2.863344e-01
3.559829e-01	9.875875e-01	-2.937416e-01
5.805663e-01	9.960585e-01	-2.475440e-01
4.323493e-01	4.285247e-01	-2.514110e-03
4.924003e-01	4.301530e-01	2.620089e-03
4.405246e-01	1.915110e-01	-7.815182e-04
4.913917e-01	1.931735e-01	-1.967182e-03
4.559297e-01	2.335714e-02	1.990896e-01
4.848778e-01	3.635447e-03	1.541419e-01
4.630152e-01	1.689772e-02	2.124302e-01
4.835336e-01	-4.953523e-03	1.642875e-01
4.586140e-01	-3.635292e-02	8.899720e-02
4.811142e-01	-7.223066e-02	2.658852e-02
4.625415e-01	8.007819e-01	-2.955379e-01
4.545634e-01	8.174319e-01	-2.741153e-01
4.496481e-01	8.173067e-01	-2.742495e-01
4.447467e-01	8.169659e-01	-2.742905e-01
4.672051e-01	8.170842e-01	-2.743527e-01
4.712161e-01	8.168398e-01	-2.744943e-01
4.751378e-01	8.164679e-01	-2.745284e-01
4.386264e-01	8.054563e-01	-1.529089e-01
4.805685e-01	8.056749e-01	-1.520371e-01
4.532080e-01	7.782827e-01	-2.490817e-01
4.688230e-01	7.790908e-01	-2.492646e-01
4.118744e-01	7.193624e-01	-1.094630e-01
5.103651e-01	7.240874e-01	-1.055882e-01
3.727704e-01	8.204309e-01	-1.650141e-01
5.540043e-01	8.297952e-01	-1.524644e-01
3.505268e-01	9.664304e-01	-2.694729e-01
5.813619e-01	9.748644e-01	-2.365456e-01
3.424124e-01	9.897898e-01	-3.094454e-01
5.885956e-01	9.963619e-01	-2.753488e-01
3.503090e-01	9.972093e-01	-3.213080e-01
5.832808e-01	1.008035e+00	-2.911919e-01
3.551612e-01	9.886044e-01	-2.819807e-01
5.792967e-01	9.978583e-01	-2.511763e-01
4.326476e-01	4.279028e-01	-2.175280e-03
4.928361e-01	4.299550e-01	2.285769e-03
4.404892e-01	1.919958e-01	-5.834398e-04
4.909266e-01	1.931700e-01	-3.437852e-03
4.555840e-01	2.565633e-02	2.012736e-01
4.842882e-01	2.625756e-03	1.495080e-01
4.629639e-01	1.895336e-02	2.152274e-01
4.832861e-01	-6.062776e-03	1.595152e-01
4.584445e-01	-3.028586e-02	9.405979e-02
4.796935e-01	-7.894973e-02	2.013367e-02
4.621641e-01	8.011529e-01	-3.470366e-01
4.544144e-01	8.177085e-01	-3.278301e-01
4.494847e-01	8.176011e-01	-3.279751e-01
4.446150e-01	8.172505e-01	-3.280434e-01
4.670217e-01	8.172313e-01	-3.263138e-01
4.710247e-01	8.169343e-01	-3.264836e-01
4.749873e-01	8.164961e-01	-3.265691e-01
4.385814e-01	8.057318e-01	-2.094463e-01
4.805835e-01	8.056763e-01	-2.008168e-01
4.527258e-01	7.787964e-01	-3.008172e-01
4.685623e-01	7.795219e-01	-2.987483e-01
4.118800e-01	7.199867e-01	-1.595949e-01
5.098642e-01	7.246512e-01	-1.490046e-01
3.771877e-01	8.248019e-01	-2.157578e-01
5.510213e-01	8.320491e-01	-1.854674e-01
3.542050e-01	9.742200e-01	-3.110813e-01
5.778122e-01	9.776977e-01	-2.525062e-01
3.453210e-01	9.942572e-01	-3.535698e-01
5.836785e-01	9.989828e-01	-2.942872e-01
3.537469e-01	1.008071e+00	-3.666853e-01
5.789732e-01	1.009648e+00	-3.113228e-01
3.587653e-01	9.947603e-01	-3.246663e-01
5.751013e-01	9.987570e-01	-2.686338e-01
4.326728e-01	4.281211e-01	-2.065357e-03
4.933516e-01	4.302459e-01	2.140481e-03
4.404437e-01	1.926040e-01	2.638640e-03
4.906842e-01	1.933966e-01	-4.625269e-03
4.550827e-01	3.232524e-02	2.175248e-01
4.842002e-01	2.616304e-03	1.504436e-01
4.627643e-01	2.614356e-02	2.333043e-01
4.832780e-01	-6.120644e-03	1.600429e-01
4.581547e-01	-2.513126e-02	1.141871e-01
4.791620e-01	-6.853459e-02	1.996251e-02
4.613954e-01	8.021387e-01	-3.213527e-01
4.537939e-01	8.180566e-01	-3.005431e-01
4.488160e-01	8.178508e-01	-3.006781e-01
4.440528e-01	8.173888e-01	-3.007230e-01
4.664665e-01	8.177890e-01	-3.007253e-01
4.705328e-01	8.175131e-01	-3.008917e-01
4.745719e-01	8.170888e-01	-3.009590e-01
4.383771e-01	8.057263e-01	-1.795703e-01
4.806638e-01	8.058213e-01	-1.793851e-01
4.520755e-01	7.795858e-01	-2.747946e-01
4.683174e-01	7.804531e-01	-2.750778e-01
4.118866e-01	7.208596e-01	-1.325576e-01
5.097213e-01	7.245374e-01	-1.371849e-01
3.784001e-01	8.383359e-01	-1.886738e-01
5.483061e-01	8.387435e-01	-1.893416e-01
3.620132e-01	9.876619e-01	-2.878036e-01
5.708693e-01	9.790429e-01	-2.608792e-01
3.546485e-01	1.009239e+00	-3.285398e-01
5.778682e-01	1.001145e+00	-3.011951e-01
3.635699e-01	1.022734e+00	-3.426632e-01
5.723013e-01	1.010925e+00	-3.155642e-01
3.681133e-01	1.007306e+00	-3.014769e-01
5.682181e-01	9.986834e-01	-2.756187e-01
4.321569e-01	4.279326e-01	2.940765e-04
4.933332e-01	4.301810e-01	-2.413164e-04
4.401542e-01	1.930031e-01	6.102994e-03
4.899941e-01	1.937834e-01	-7.692637e-03
4.539204e-01	3.568692e-02	2.263290e-01
4.840187e-01	3.689363e-03	1.503178e-01
4.620363e-01	2.873164e-02	2.425725e-01
4.832699e-01	-4.909873e-03	1.601022e-01
4.560546e-01	-2.347714e-02	1.238238e-01
4.781184e-01	-6.144496e-02	1.908257e-02
4.614035e-01	8.022162e-01	-2.957414e-01
4.538290e-01	8.180659e-01	-2.726981e-01
4.488331e-01	8.178878e-01	-2.728612e-01
4.440646e-01	8.174888e-01	-2.729265e-01
4.665161e-01	8.177563e-01	-2.708297e-01
4.705922e-01	8.174334e-01	-2.710156e-01
4.747091e-01	8.169639e-01	-2.711145e-01
4.382787e-01	8.057353e-01	-1.519796e-01
4.808915e-01	8.051878e-01	-1.410708e-01
4.520696e-01	7.796360e-01	-2.502087e-01
4.683274e-01	7.803826e-01	-2.471883e-01
4.118686e-01	7.208520e-01	-1.309231e-01
5.091101e-01	7.242976e-01	-1.037323e-01
3.796156e-01	8.406311e-01	-1.782167e-01
5.436069e-01	8.289698e-01	-1.540041e-01
3.668065e-01	9.934635e-01	-2.784841e-01
5.647265e-01	9.718529e-01	-2.298422e-01
3.622744e-01	1.016146e+00	-3.250743e-01
5.718041e-01	9.936536e-01	-2.681133e-01
3.709163e-01	1.029547e+00	-3.254363e-01
5.671747e-01	1.008974e+00	-2.786180e-01
3.741231e-01	1.012667e+00	-2.880135e-01
5.626031e-01	9.925190e-01	-2.421837e-01
4.321019e-01	4.271583e-01	-3.709590e-04
4.933224e-01	4.300162e-01	4.427150e-04
4.399862e-01	1.930211e-01	-2.780242e-03
4.892454e-01	1.941618e-01	-9.382417e-03
4.530422e-01	3.552924e-02	2.169170e-01
4.839224e-01	5.414019e-03	1.490423e-01
4.614449e-01	2.799764e-02	2.322778e-01
4.832095e-01	-3.566856e-03	1.585208e-01
4.553820e-01	-2.393110e-02	1.127087e-01
4.769004e-01	-7.058251e-02	1.788737e-02
4.614192e-01	8.021708e-01	-2.866512e-01
4.540493e-01	8.179385e-01	-2.647469e-01
4.491220e-01	8.178201e-01	-2.648938e-01
4.442824e-01	8.174800e-01	-2.649316e-01
4.666204e-01	8.173436e-01	-2.628389e-01
4.706684e-01	8.168609e-01	-2.630282e-01
4.748294e-01	8.162946e-01	-2.631167e-01
4.383567e-01	8.057008e-01	-1.477370e-01
4.812110e-01	8.033773e-01	-1.365663e-01
4.520752e-01	7.795475e-01	-2.423811e-01
4.683129e-01	7.797360e-01	-2.391946e-01
4.118661e-01	7.214571e-01	-1.195657e-01
5.080411e-01	7.236356e-01	-1.024466e-01
3.819854e-01	8.454691e-01	-1.808036e-01
5.410334e-01	8.328897e-01	-1.547398e-01
3.732082e-01	9.908391e-01	-2.717064e-01
5.595361e-01	9.780978e-01	-2.282351e-01
3.693314e-01	1.011727e+00	-3.193581e-01
5.662504e-01	1.004273e+00	-2.655864e-01
3.778369e-01	1.018035e+00	-3.128219e-01
5.599172e-01	1.014074e+00	-2.743959e-01
3.807990e-01	1.006381e+00	-2.779492e-01
5.556250e-01	9.980856e-01	-2.395737e-01
4.314021e-01	4.257306e-01	-4.001521e-04
4.930243e-01	4.293417e-01	4.728611e-04
4.392809e-01	1.929590e-01	-3.076070e-03
4.887885e-01	1.941584e-01	-9.402030e-03
4.521863e-01	3.514294e-02	2.130692e-01
4.835990e-01	5.572669e-03	1.486879e-01
4.605941e-01	2.704277e-02	2.283310e-01
4.825985e-01	-3.616865e-03	1.578719e-01
4.533418e-01	-2.425222e-02	1.116465e-01
4.755613e-01	-7.521833e-02	1.717824e-02
4.615452e-01	8.021777e-01	-2.632264e-01
4.546578e-01	8.179293e-01	-2.424756e-01
4.497848e-01	8.178211e-01	-2.426091e-01
4.449299e-01	8.175099e-01	-2.426300e-01
4.669399e-01	8.171564e-01	-2.395748e-01
4.709532e-01	8.165525e-01	-2.397510e-01
4.751297e-01	8.158843e-01	-2.398218e-01
4.386097e-01	8.056836e-01	-1.325152e-01
4.814188e-01	8.022776e-01	-1.163327e-01
4.521206e-01	7.795573e-01	-2.217634e-01
4.683161e-01	7.794080e-01	-2.173345e-01
4.118256e-01	7.218357e-01	-1.191773e-01
5.075935e-01	7.234302e-01	-8.733336e-02
3.832036e-01	8.424940e-01	-1.798898e-01
5.386280e-01	8.367361e-01	-1.438518e-01
3.786580e-01	9.858956e-01	-2.634064e-01
5.546982e-01	9.791108e-01	-2.165193e-01
3.757873e-01	1.005901e+00	-3.106553e-01
5.616831e-01	1.005339e+00	-2.551043e-01
3.815865e-01	1.010795e+00	-3.057683e-01
5.554590e-01	1.016316e+00	-2.630313e-01
3.844945e-01	1.000446e+00	-2.696782e-01
5.510836e-01	9.994449e-01	-2.277624e-01
4.310563e-01	4.253628e-01	-9.783276e-04
4.929058e-01	4.292778e-01	1.048645e-03
4.388424e-01	1.929113e-01	-5.421271e-03
4.885174e-01	1.941892e-01	-1.004389e-02
4.521421e-01	3.527672e-02	2.096329e-01
4.829766e-01	5.614449e-03	1.408904e-01
4.605113e-01	2.657078e-02	2.262593e-01
4.814480e-01	-3.674491e-03	1.494974e-01
4.523880e-01	-2.343719e-02	1.073848e-01
4.752809e-01	-7.729013e-02	1.346921e-02
4.616707e-01	8.022636e-01	-2.603067e-01
4.549820e-01	8.179583e-01	-2.395516e-01
4.501387e-01	8.178713e-01	-2.396842e-01
4.452498e-01	8.176047e-01	-2.396984e-01
4.671073e-01	8.171358e-01	-2.369446e-01
4.710829e-01	8.164907e-01	-2.371162e-01
4.752623e-01	8.157785e-01	-2.371736e-01
4.387034e-01	8.056540e-01	-1.299307e-01
4.815093e-01	8.017488e-01	-1.150296e-01
4.522075e-01	7.796065e-01	-2.189943e-01
4.683279e-01	7.793007e-01	-2.150207e-01
4.118252e-01	7.219844e-01	-1.151268e-01
5.072497e-01	7.228000e-01	-8.622161e-02
3.835284e-01	8.423429e-01	-1.809375e-01
5.373436e-01	8.388939e-01	-1.442154e-01
3.785724e-01	9.829279e-01	-2.620372e-01
5.531401e-01	9.801999e-01	-2.178112e-01
3.747882e-01	1.001397e+00	-3.103619e-01
5.595078e-01	1.006207e+00	-2.568852e-01
3.817897e-01	1.008016e+00	-3.050724e-01
5.535432e-01	1.017235e+00	-2.646005e-01
3.847709e-01	9.965138e-01	-2.683620e-01
5.492482e-01	1.000268e+00	-2.290896e-01
4.308818e-01	4.251762e-01	-1.696799e-03
4.927898e-01	4.292109e-01	1.765126e-03
4.386935e-01	1.929619e-01	-6.229539e-03
4.883591e-01	1.942058e-01	-9.536499e-03
4.520455e-01	3.543285e-02	2.092928e-01
4.827476e-01	6.265763e-03	1.444178e-01
4.602315e-01	2.673796e-02	2.256462e-01
4.810325e-01	-3.148365e-03	1.536593e-01
4.525927e-01	-2.374380e-02	1.094031e-01
4.756717e-01	-5.952363e-02	1.974692e-02
4.618598e-01	8.022635e-01	-2.615772e-01
4.553963e-01	8.178993e-01	-2.409903e-01
4.505267e-01	8.178456e-01	-2.411216e-01
4.455894e-01	8.176049e-01	-2.411324e-01
4.673804e-01	8.168387e-01	-2.380062e-01
4.712817e-01	8.160658e-01	-2.381816e-01
4.754202e-01	8.152257e-01	-2.382443e-01
4.388019e-01	8.054985e-01	-1.319046e-01
4.815188e-01	8.001629e-01	-1.162473e-01
4.522628e-01	7.795897e-01	-2.207300e-01
4.683482e-01	7.788188e-01	-2.164038e-01
4.118208e-01	7.207615e-01	-1.132549e-01
5.059675e-01	7.192557e-01	-8.830195e-02
3.862131e-01	8.437284e-01	-1.889322e-01
5.351621e-01	8.351756e-01	-1.446138e-01
3.795099e-01	9.827272e-01	-2.622949e-01
5.454304e-01	9.745126e-01	-2.217315e-01
3.769702e-01	1.000483e+00	-3.084281e-01
5.520985e-01	9.997582e-01	-2.595307e-01
3.822172e-01	1.010200e+00	-3.052329e-01
5.456498e-01	1.008651e+00	-2.667892e-01
3.854041e-01	9.981228e-01	-2.691072e-01
5.401739e-01	9.936674e-01	-2.325310e-01
4.309803e-01	4.248716e-01	-2.339448e-03
4.927897e-01	4.291008e-01	2.398373e-03
4.385964e-01	1.929407e-01	-6.145501e-03
4.883327e-01	1.942086e-01	-6.202640e-03
4.520794e-01	3.501257e-02	2.021942e-01
4.827487e-01	6.216377e-03	1.429524e-01
4.601448e-01	2.636965e-02	2.174384e-01
4.810063e-01	-3.224167e-03	1.517002e-01
4.527219e-01	-2.426329e-02	1.070732e-01
4.758695e-01	-6.515420e-02	1.891947e-02
4.618574e-01	8.018708e-01	-1.834891e-01
4.554367e-01	8.174240e-01	-1.611635e-01
4.505827e-01	8.174106e-01	-1.612945e-01
4.456531e-01	8.172157e-01	-1.612991e-01
4.673901e-01	8.161423e-01	-1.577599e-01
4.712732e-01	8.152644e-01	-1.578923e-01
4.753790e-01	8.143023e-01	-1.578985e-01
4.388192e-01	8.045784e-01	-5.714151e-02
4.812630e-01	7.982666e-01	-3.839592e-02
4.522676e-01	7.791860e-01	-1.458613e-01
4.682733e-01	7.776092e-01	-1.406956e-01
4.118200e-01	7.185107e-01	-5.578048e-02
5.042016e-01	7.114866e-01	-2.286520e-02
3.881972e-01	8.392110e-01	-1.700766e-01
5.322248e-01	8.238483e-01	-9.499829e-02
3.821689e-01	9.741420e-01	-2.623395e-01
5.394070e-01	9.694546e-01	-1.747970e-01
3.776531e-01	9.930847e-01	-3.093501e-01
5.467877e-01	9.963497e-01	-2.136036e-01
3.836489e-01	1.001881e+00	-3.080040e-01
5.394750e-01	1.007727e+00	-2.183473e-01
3.874421e-01	9.925829e-01	-2.698028e-01
5.343204e-01	9.928691e-01	-1.849100e-01
4.312467e-01	4.247568e-01	-5.720709e-03
4.927941e-01	4.290570e-01	5.829183e-03
4.385935e-01	1.929210e-01	-2.124226e-02
4.883306e-01	1.942691e-01	-8.901866e-03
4.521224e-01	3.381962e-02	1.570404e-01
4.827482e-01	6.010928e-03	1.143269e-01
4.600774e-01	2.585653e-02	1.687964e-01
4.809392e-01	-3.465872e-03	1.201591e-01
4.530409e-01	-2.434251e-02	5.369177e-02
4.768686e-01	-6.670404e-02	-1.014218e-02
4.618434e-01	8.017493e-01	-1.426741e-01
4.555161e-01	8.171541e-01	-1.214270e-01
4.506903e-01	8.171738e-01	-1.215362e-01
4.458000e-01	8.170121e-01	-1.215391e-01
4.673978e-01	8.157845e-01	-1.170906e-01
4.712762e-01	8.148944e-01	-1.171793e-01
4.753698e-01	8.139240e-01	-1.171683e-01
4.388229e-01	8.043213e-01	-1.593783e-02
4.810734e-01	7.979882e-01	6.709349e-03
4.522661e-01	7.791568e-01	-1.041484e-01
4.681745e-01	7.772793e-01	-9.759553e-02
4.119294e-01	7.170380e-01	-3.740308e-02
5.037066e-01	7.100781e-01	5.475488e-03
3.921991e-01	8.134499e-01	-2.568289e-01
5.275280e-01	8.089771e-01	-1.803531e-01
3.864294e-01	9.528210e-01	-4.459354e-01
5.333909e-01	9.483131e-01	-3.812834e-01
3.831005e-01	9.778585e-01	-5.048635e-01
5.405903e-01	9.849984e-01	-4.334456e-01
3.888142e-01	9.877401e-01	-5.003182e-01
5.349533e-01	9.951028e-01	-4.302873e-01
3.929480e-01	9.775702e-01	-4.538840e-01
5.294384e-01	9.786714e-01	-3.909376e-01
4.314156e-01	4.249710e-01	-6.658485e-03
4.928963e-01	4.303245e-01	6.758189e-03
4.385195e-01	1.936710e-01	-4.247357e-02
4.883092e-01	1.960003e-01	-2.523974e-02
4.521385e-01	3.089127e-02	1.405326e-01
4.828203e-01	6.000329e-03	1.010482e-01
4.600963e-01	2.413129e-02	1.527344e-01
4.811224e-01	-3.482456e-03	1.075408e-01
4.531583e-01	-2.547413e-02	2.687567e-02
4.769269e-01	-5.835716e-02	-3.057796e-02
4.614879e-01	8.006288e-01	-1.724477e-01
4.554262e-01	8.161437e-01	-1.511492e-01
4.505683e-01	8.163027e-01	-1.512567e-01
4.456152e-01	8.163372e-01	-1.512584e-01
4.673638e-01	8.146752e-01	-1.478933e-01
4.712617e-01	8.137941e-01	-1.479973e-01
4.753669e-01	8.127981e-01	-1.479827e-01
4.387024e-01	8.042342e-01	-3.871968e-02
4.811075e-01	7.971442e-01	-2.126839e-02
4.519094e-01	7.784075e-01	-1.309427e-01
4.678732e-01	7.758360e-01	-1.256985e-01
4.126781e-01	7.157013e-01	-5.791024e-02
5.033396e-01	7.064093e-01	-2.760988e-02
3.951733e-01	8.007307e-01	-3.874380e-01
5.235509e-01	7.702751e-01	-3.121446e-01
3.889371e-01	9.321941e-01	-6.493804e-01
5.302339e-01	8.968112e-01	-5.784531e-01
3.860468e-01	9.672629e-01	-7.209861e-01
5.358629e-01	9.397266e-01	-6.405988e-01
3.926669e-01	9.738486e-01	-7.139636e-01
5.304574e-01	9.477714e-01	-6.377779e-01
3.968771e-01	9.608437e-01	-6.589015e-01
5.245705e-01	9.294625e-01	-5.903448e-01
4.314444e-01	4.245543e-01	-6.357380e-03
4.928771e-01	4.302403e-01	6.442881e-03
4.383515e-01	1.934328e-01	-5.388165e-02
4.882447e-01	1.962286e-01	-3.065596e-02
4.530700e-01	2.599544e-02	1.273422e-01
4.829959e-01	5.989675e-03	1.068096e-01
4.613153e-01	1.779533e-02	1.380558e-01
4.817663e-01	-4.030854e-03	1.136214e-01
4.537472e-01	-3.325825e-02	4.542254e-03
4.767617e-01	-7.663111e-02	-3.076092e-02
4.608353e-01	7.992538e-01	-1.574070e-01
4.548681e-01	8.150297e-01	-1.349020e-01
4.499811e-01	8.154002e-01	-1.349997e-01
4.449417e-01	8.156605e-01	-1.350152e-01
4.672263e-01	8.131016e-01	-1.332345e-01
4.712314e-01	8.121244e-01	-1.333407e-01
4.753715e-01	8.110996e-01	-1.333633e-01
4.384313e-01	8.039785e-01	-1.879849e-02
4.810706e-01	7.959276e-01	-9.215116e-03
4.509344e-01	7.772530e-01	-1.150629e-01
4.675547e-01	7.742020e-01	-1.119058e-01
4.129839e-01	7.151959e-01	-4.281823e-02
5.028762e-01	7.017396e-01	-1.849902e-02
3.970533e-01	8.017696e-01	-3.355462e-01
5.237134e-01	7.481372e-01	-2.834781e-01
3.906332e-01	9.309614e-01	-5.595745e-01
5.318067e-01	8.413875e-01	-5.380563e-01
3.915077e-01	9.570754e-01	-6.223964e-01
5.336306e-01	8.756864e-01	-5.946710e-01
3.942383e-01	9.608538e-01	-6.142373e-01
5.309966e-01	8.816195e-01	-5.930916e-01
3.967983e-01	9.450087e-01	-5.682598e-01
5.268057e-01	8.644320e-01	-5.497120e-01
4.318141e-01	4.216744e-01	-6.199031e-03
4.929169e-01	4.288447e-01	6.299388e-03
4.383500e-01	1.926324e-01	-6.099035e-02
4.882661e-01	1.958501e-01	-4.071608e-02
4.542685e-01	2.014516e-02	1.087916e-01
4.832618e-01	3.262633e-03	8.076313e-02
4.619794e-01	1.191263e-02	1.181795e-01
4.821869e-01	-7.663330e-03	8.534835e-02
4.547701e-01	-3.849365e-02	-1.476867e-02
4.787133e-01	-7.751586e-02	-6.192951e-02
4.589105e-01	7.992378e-01	-1.466665e-01
4.533276e-01	8.153251e-01	-1.235355e-01
4.483236e-01	8.158477e-01	-1.236296e-01
4.435076e-01	8.163334e-01	-1.236302e-01
4.662553e-01	8.131112e-01	-1.233316e-01
4.704410e-01	8.121417e-01	-1.234455e-01
4.747122e-01	8.110625e-01	-1.234736e-01
4.378638e-01	8.047238e-01	-6.106345e-03
4.805263e-01	7.958263e-01	-3.864233e-03
4.488127e-01	7.777927e-01	-1.041595e-01
4.661576e-01	7.742277e-01	-1.030834e-01
4.131044e-01	7.153324e-01	-3.110379e-02
5.027136e-01	7.019555e-01	-1.680062e-02
3.984610e-01	8.273326e-01	-3.210945e-01
5.226156e-01	7.528498e-01	-2.846272e-01
3.931629e-01	9.294367e-01	-5.497237e-01
5.307087e-01	8.379714e-01	-5.310594e-01
3.945008e-01	9.534474e-01	-6.122941e-01
5.320190e-01	8.692728e-01	-5.859708e-01
3.975872e-01	9.557753e-01	-6.029246e-01
5.303013e-01	8.741912e-01	-5.857896e-01
3.990210e-01	9.449631e-01	-5.581157e-01
5.265834e-01	8.600943e-01	-5.428426e-01
4.320987e-01	4.214775e-01	-4.337022e-03
4.929771e-01	4.288163e-01	4.387099e-03
4.380813e-01	1.911968e-01	-6.053409e-02
4.882696e-01	1.956866e-01	-4.636376e-02
4.550145e-01	1.734276e-02	1.055157e-01
4.835425e-01	1.085270e-03	7.133399e-02
4.627436e-01	8.099999e-03	1.143625e-01
4.826939e-01	-1.005341e-02	7.563749e-02
4.550709e-01	-4.192004e-02	-2.092305e-02
4.790482e-01	-7.193680e-02	-7.383619e-02
4.587356e-01	7.990560e-01	-1.351110e-01
4.526583e-01	8.151878e-01	-1.125105e-01
4.476836e-01	8.155814e-01	-1.126151e-01
4.429294e-01	8.158817e-01	-1.126381e-01
4.659216e-01	8.131182e-01	-1.117585e-01
4.702676e-01	8.121564e-01	-1.118462e-01
4.746540e-01	8.110769e-01	-1.118448e-01
4.374408e-01	8.042254e-01	4.666674e-03
4.804450e-01	7.958715e-01	8.417050e-03
4.488014e-01	7.777401e-01	-9.253748e-02
4.661812e-01	7.742488e-01	-9.105293e-02
4.142795e-01	7.150583e-01	-2.081423e-02
5.028531e-01	7.008980e-01	1.624026e-04
3.984262e-01	8.149706e-01	-3.315448e-01
5.218660e-01	7.375752e-01	-2.844785e-01
3.902314e-01	8.931670e-01	-5.946450e-01
5.311197e-01	7.926407e-01	-5.715140e-01
3.899425e-01	9.180127e-01	-6.619095e-01
5.353001e-01	8.031186e-01	-6.318443e-01
3.939963e-01	9.179398e-01	-6.554381e-01
5.333842e-01	8.087367e-01	-6.319078e-01
3.961374e-01	8.995111e-01	-6.048323e-01
5.290061e-01	7.971539e-01	-5.844586e-01
4.320684e-01	4.241932e-01	-3.860573e-03
4.929599e-01	4.300795e-01	3.883797e-03
4.367488e-01	1.908128e-01	-7.039209e-02
4.880996e-01	1.954567e-01	-5.031789e-02
4.550100e-01	1.613809e-02	1.050930e-01
4.835600e-01	7.067183e-04	7.223640e-02
4.627215e-01	6.609456e-03	1.149881e-01
4.827557e-01	-1.059552e-02	7.682752e-02
4.550430e-01	-4.256664e-02	-1.730006e-02
4.801354e-01	-6.549125e-02	-7.145438e-02
4.587731e-01	7.980545e-01	-8.587731e-02
4.522281e-01	8.145724e-01	-6.208192e-02
4.472350e-01	8.146834e-01	-6.215807e-02
4.425128e-01	8.147805e-01	-6.216387e-02
4.658127e-01	8.129618e-01	-6.420305e-02
4.702642e-01	8.120752e-01	-6.429122e-02
4.746843e-01	8.110331e-01	-6.425638e-02
4.372904e-01	8.036117e-01	6.484419e-02
4.805554e-01	7.959179e-01	5.457700e-02
4.488774e-01	7.768597e-01	-3.943524e-02
4.664048e-01	7.740737e-01	-4.203068e-02
4.147903e-01	7.142407e-01	4.609047e-02
5.043108e-01	7.013053e-01	5.660109e-02
4.024177e-01	7.631099e-01	-2.177747e-01
5.169197e-01	7.080004e-01	-2.263467e-01
4.110057e-01	7.738768e-01	-5.156887e-01
5.306115e-01	7.380927e-01	-5.029411e-01
4.060949e-01	7.676075e-01	-5.891169e-01
5.376497e-01	7.203192e-01	-5.606424e-01
4.117680e-01	7.842156e-01	-5.740601e-01
5.347223e-01	7.420425e-01	-5.631851e-01
4.150856e-01	7.626305e-01	-5.179921e-01
5.295401e-01	7.379501e-01	-5.155357e-01
4.300709e-01	4.239364e-01	-3.745910e-03
4.917792e-01	4.294805e-01	3.754932e-03
4.358031e-01	1.901236e-01	-6.070697e-02
4.880843e-01	1.940222e-01	-4.626120e-02
4.550060e-01	1.413736e-02	1.117567e-01
4.835733e-01	8.455848e-05	6.479571e-02
4.626006e-01	4.865387e-03	1.221204e-01
4.827822e-01	-1.155363e-02	6.925881e-02
4.550356e-01	-4.425164e-02	-7.220169e-03
4.804870e-01	-6.481876e-02	-7.670701e-02
4.587786e-01	7.963024e-01	-9.498230e-02
4.521234e-01	8.134236e-01	-7.044823e-02
4.470941e-01	8.133107e-01	-7.053641e-02
4.424146e-01	8.133535e-01	-7.056184e-02
4.657443e-01	8.123766e-01	-7.404681e-02
4.702166e-01	8.115839e-01	-7.413998e-02
4.746906e-01	8.106400e-01	-7.415262e-02
4.371299e-01	8.027757e-01	5.755938e-02
4.804882e-01	7.959334e-01	4.266623e-02
4.489349e-01	7.756467e-01	-4.781500e-02
4.664150e-01	7.731460e-01	-5.198442e-02
4.147696e-01	7.119970e-01	6.212495e-02
5.055770e-01	6.998139e-01	4.560903e-02
4.033339e-01	7.232905e-01	-1.631609e-01
5.109133e-01	6.383746e-01	-8.819366e-02
4.110695e-01	7.290172e-01	-4.321192e-01
4.879876e-01	5.847176e-01	-2.082331e-01
4.081929e-01	7.248336e-01	-4.982189e-01
4.886096e-01	5.689411e-01	-2.478269e-01
4.122331e-01	7.406333e-01	-4.990748e-01
4.815453e-01	5.702533e-01	-2.550984e-01
4.144753e-01	7.358298e-01	-4.428458e-01
4.891001e-01	5.742665e-01	-2.164808e-01
4.290313e-01	4.239400e-01	-2.964986e-03
4.910421e-01	4.294625e-01	3.059175e-03
4.346825e-01	1.903913e-01	-6.495447e-02
4.880323e-01	1.935030e-01	-4.731129e-02
4.549309e-01	1.410610e-02	1.240820e-01
4.834790e-01	-1.141128e-03	7.614999e-02
4.623840e-01	3.992586e-03	1.402555e-01
4.827347e-01	-1.358992e-02	8.113150e-02
4.549286e-01	-4.069790e-02	2.998885e-03
4.824789e-01	-7.747494e-02	-6.496961e-02
4.589510e-01	7.958745e-01	-7.509640e-02
4.521335e-01	8.133314e-01	-5.380367e-02
4.471158e-01	8.132240e-01	-5.386927e-02
4.424455e-01	8.131762e-01	-5.382165e-02
4.657796e-01	8.122883e-01	-5.529066e-02
4.702514e-01	8.114522e-01	-5.534799e-02
4.747714e-01	8.104515e-01	-5.529445e-02
4.371092e-01	8.023642e-01	6.716355e-02
4.804784e-01	7.958792e-01	6.152708e-02
4.493200e-01	7.752209e-01	-3.004495e-02
4.664948e-01	7.729996e-01	-3.123119e-02
4.138899e-01	7.113776e-01	5.418880e-02
5.062458e-01	7.000260e-01	5.040386e-02
4.062041e-01	6.817414e-01	-2.066568e-01
5.113899e-01	6.479558e-01	-1.718346e-01
4.089527e-01	6.834229e-01	-5.102344e-01
5.065403e-01	6.536598e-01	-4.690043e-01
4.047375e-01	6.913194e-01	-5.780956e-01
5.096515e-01	6.325734e-01	-5.306450e-01
4.118717e-01	6.925817e-01	-5.805207e-01
5.016276e-01	6.387088e-01	-5.293536e-01
4.161189e-01	6.883214e-01	-5.212634e-01
4.995771e-01	6.422938e-01	-4.784501e-01
4.290873e-01	4.232395e-01	-2.920091e-03
4.914252e-01	4.272858e-01	2.999924e-03
4.347362e-01	1.903505e-01	-6.188979e-02
4.880375e-01	1.927164e-01	-4.481987e-02
4.557205e-01	1.069804e-02	1.061126e-01
4.834853e-01	-2.843285e-03	5.988826e-02
4.627596e-01	2.351915e-03	1.162622e-01
4.827415e-01	-1.447776e-02	6.369613e-02
4.588127e-01	-4.238750e-02	-4.019055e-03
4.839156e-01	-6.248115e-02	-7.363637e-02
4.589755e-01	7.952798e-01	-2.528724e-01
4.521629e-01	8.130015e-01	-2.327782e-01
4.471506e-01	8.128277e-01	-2.329027e-01
4.424692e-01	8.124129e-01	-2.329565e-01
4.657658e-01	8.122520e-01	-2.360365e-01
4.701502e-01	8.114554e-01	-2.360897e-01
4.746719e-01	8.104720e-01	-2.361655e-01
4.371237e-01	8.012430e-01	-9.214855e-02
4.798718e-01	7.961480e-01	-1.078556e-01
4.494468e-01	7.739602e-01	-1.982475e-01
4.665088e-01	7.726067e-01	-2.023239e-01
4.127657e-01	7.049268e-01	2.303705e-02
5.068930e-01	6.993448e-01	2.251082e-02
4.038374e-01	6.179217e-01	1.475641e-01
5.140494e-01	6.009775e-01	1.517648e-01
4.135308e-01	5.317438e-01	2.104631e-01
5.036488e-01	5.398420e-01	2.094318e-01
4.207026e-01	5.021536e-01	2.112341e-01
5.044069e-01	5.152069e-01	2.115398e-01
4.235954e-01	5.036500e-01	1.820091e-01
4.992290e-01	5.252281e-01	1.810854e-01
4.232416e-01	5.267446e-01	2.002094e-01
4.978670e-01	5.444722e-01	1.999301e-01
4.302834e-01	4.233320e-01	-2.357412e-03
4.921044e-01	4.272855e-01	2.393200e-03
4.355592e-01	1.907728e-01	-6.040518e-02
4.884941e-01	1.923245e-01	-4.872973e-02
4.562245e-01	9.722750e-03	1.247606e-01
4.834563e-01	-3.484831e-03	1.022078e-01
4.627646e-01	1.243437e-03	1.376778e-01
4.820735e-01	-1.519910e-02	1.114107e-01
4.599733e-01	-4.285059e-02	1.237785e-02
4.867190e-01	-7.205265e-02	-2.893440e-02
4.585637e-01	7.953030e-01	-2.193539e-01
4.519614e-01	8.129923e-01	-2.092682e-01
4.469090e-01	8.128042e-01	-2.093430e-01
4.423908e-01	8.123643e-01	-2.095412e-01
4.655523e-01	8.122543e-01	-1.914730e-01
4.699041e-01	8.114855e-01	-1.917337e-01
4.744515e-01	8.105142e-01	-1.917888e-01
4.371231e-01	8.011158e-01	-3.283601e-02
4.798542e-01	7.961626e-01	-7.017948e-02
4.492577e-01	7.737356e-01	-1.743166e-01
4.662494e-01	7.725040e-01	-1.766771e-01
4.125639e-01	7.027908e-01	5.312159e-02
5.073974e-01	6.974745e-01	4.096096e-02
4.027628e-01	6.407073e-01	-9.007760e-04
5.156075e-01	6.014478e-01	1.059306e-01
4.108676e-01	6.193449e-01	-1.895914e-01
5.076050e-01	5.711545e-01	8.998393e-02
4.175716e-01	6.034688e-01	-2.358678e-01
5.108504e-01	5.450274e-01	6.903104e-02
4.212403e-01	6.044039e-01	-2.526152e-01
5.051630e-01	5.632945e-01	4.375263e-02
4.223479e-01	6.066232e-01	-2.033001e-01
5.023543e-01	5.701528e-01	7.944200e-02
4.305632e-01	4.221115e-01	-3.022267e-03
4.922226e-01	4.253573e-01	3.154676e-03
4.359101e-01	1.876983e-01	-7.748931e-02
4.885502e-01	1.902822e-01	-5.698913e-02
4.568964e-01	6.981048e-03	1.178716e-01
4.835216e-01	-3.247185e-03	1.034630e-01
4.629788e-01	-3.945003e-04	1.301250e-01
4.819480e-01	-1.472671e-02	1.124873e-01
4.614537e-01	-6.960184e-02	-2.243427e-03
4.874383e-01	-7.917823e-02	-3.021947e-02
4.579140e-01	7.953156e-01	-2.147497e-01
4.517799e-01	8.128480e-01	-1.943896e-01
4.467212e-01	8.126336e-01	-1.944964e-01
4.423436e-01	8.122602e-01	-1.945572e-01
4.651178e-01	8.122107e-01	-1.953298e-01
4.692923e-01	8.114793e-01	-1.953956e-01
4.736591e-01	8.105190e-01	-1.954345e-01
4.371313e-01	8.011862e-01	-5.645711e-02
4.793125e-01	7.966283e-01	-7.297794e-02
4.489548e-01	7.736819e-01	-1.649792e-01
4.655572e-01	7.724991e-01	-1.684503e-01
4.124943e-01	7.014658e-01	3.369893e-02
5.073749e-01	6.946089e-01	3.222980e-02
3.977446e-01	5.894186e-01	9.479837e-02
5.163538e-01	5.767900e-01	8.624947e-02
4.034482e-01	5.223789e-01	2.635932e-02
5.106015e-01	4.953701e-01	1.851669e-02
4.082407e-01	5.013800e-01	8.174361e-04
5.143558e-01	4.668024e-01	-7.064071e-03
4.204052e-01	5.056916e-01	-2.975132e-02
5.084828e-01	4.813018e-01	-3.810017e-02
4.190803e-01	5.090306e-01	1.143743e-02
5.059595e-01	4.874166e-01	4.617002e-03
4.319906e-01	4.211168e-01	-2.425211e-03
4.923715e-01	4.254001e-01	2.577973e-03
4.368620e-01	1.833163e-01	-7.683219e-02
4.892020e-01	1.895340e-01	-7.200573e-02
4.578339e-01	4.774747e-03	1.204161e-01
4.841987e-01	-8.663508e-04	1.101234e-01
4.634901e-01	-2.270617e-03	1.324987e-01
4.819649e-01	-1.179784e-02	1.219450e-01
4.617682e-01	-6.538484e-02	-2.343385e-03
4.879087e-01	-6.196278e-02	-1.682663e-02
4.573990e-01	7.954066e-01	-1.884051e-01
4.515516e-01	8.127542e-01	-1.677742e-01
4.464052e-01	8.125172e-01	-1.677905e-01
4.422399e-01	8.121842e-01	-1.677166e-01
4.648305e-01	8.121898e-01	-1.729729e-01
4.689325e-01	8.114704e-01	-1.729711e-01
4.733492e-01	8.105239e-01	-1.729005e-01
4.371328e-01	8.012286e-01	-5.128838e-02
4.790603e-01	7.974252e-01	-5.573518e-02
4.487249e-01	7.736192e-01	-1.459895e-01
4.652077e-01	7.724186e-01	-1.547023e-01
4.116696e-01	6.976151e-01	4.161639e-02
5.073575e-01	6.923602e-01	2.465877e-02
3.968033e-01	5.875116e-01	7.053985e-02
5.169031e-01	5.706252e-01	4.783726e-02
3.960066e-01	4.926393e-01	-3.068027e-02
5.168257e-01	4.801281e-01	-4.462821e-02
3.935099e-01	4.563492e-01	-6.456541e-02
5.206426e-01	4.434301e-01	-7.914254e-02
4.029332e-01	4.601434e-01	-9.644917e-02
5.128819e-01	4.443275e-01	-1.095164e-01
4.046310e-01	4.750328e-01	-4.731297e-02
5.083338e-01	4.554485e-01	-5.950128e-02
4.319071e-01	4.129167e-01	-1.339969e-03
4.920672e-01	4.187055e-01	1.537643e-03
4.370738e-01	1.810934e-01	-7.482447e-02
4.894742e-01	1.863879e-01	-6.896192e-02
4.586316e-01	5.453125e-03	1.217418e-01
4.844729e-01	5.463560e-03	1.186172e-01
4.640008e-01	-1.771994e-03	1.335392e-01
4.819654e-01	-5.334185e-03	1.307996e-01
4.627916e-01	-6.284308e-02	3.294186e-03
4.883536e-01	-4.357426e-02	1.491216e-03
4.571449e-01	7.955608e-01	-1.439564e-01
4.514425e-01	8.131678e-01	-1.224914e-01
4.463345e-01	8.130152e-01	-1.225224e-01
4.422444e-01	8.125470e-01	-1.224382e-01
4.644586e-01	8.124785e-01	-1.257445e-01
4.684890e-01	8.117526e-01	-1.257493e-01
4.729329e-01	8.108135e-01	-1.256447e-01
4.371487e-01	8.017048e-01	-1.081737e-02
4.788700e-01	7.979903e-01	-2.166217e-02
4.486133e-01	7.738529e-01	-1.028674e-01
4.649242e-01	7.726427e-01	-1.071442e-01
4.107464e-01	6.966941e-01	3.889071e-02
5.073804e-01	6.921425e-01	3.428105e-02
3.968312e-01	5.812067e-01	1.319226e-02
5.168704e-01	5.609788e-01	3.201564e-02
3.930463e-01	4.822483e-01	-1.423953e-01
5.211684e-01	4.540560e-01	-8.988582e-02
3.846664e-01	4.457568e-01	-1.872017e-01
5.273204e-01	4.137959e-01	-1.297923e-01
3.920293e-01	4.486538e-01	-2.128545e-01
5.153232e-01	4.144514e-01	-1.595213e-01
3.996510e-01	4.607562e-01	-1.581479e-01
5.090402e-01	4.274020e-01	-1.055518e-01
4.308395e-01	4.065641e-01	-1.522513e-03
4.901121e-01	4.134078e-01	1.733087e-03
4.371019e-01	1.780344e-01	-7.172896e-02
4.850590e-01	1.870979e-01	-6.719285e-02
4.599308e-01	5.195565e-03	1.125907e-01
4.845912e-01	1.092476e-02	1.152597e-01
4.662541e-01	-2.077983e-03	1.232203e-01
4.824511e-01	4.632050e-04	1.267397e-01
4.625745e-01	-6.575966e-02	1.727492e-03
4.881347e-01	-4.485508e-02	-8.794901e-03
4.566804e-01	7.955890e-01	-1.273243e-01
4.513413e-01	8.134853e-01	-1.068056e-01
4.462950e-01	8.134171e-01	-1.068343e-01
4.422484e-01	8.132679e-01	-1.067533e-01
4.641502e-01	8.125793e-01	-1.083643e-01
4.681767e-01	8.119041e-01	-1.083763e-01
4.725176e-01	8.109679e-01	-1.082417e-01
4.371501e-01	8.027635e-01	-3.354185e-03
4.784993e-01	7.982374e-01	-9.747809e-03
4.481856e-01	7.740987e-01	-8.990760e-02
4.643200e-01	7.728161e-01	-9.167092e-02
4.104892e-01	6.946108e-01	3.799213e-02
5.072041e-01	6.902082e-01	3.524920e-02
3.968283e-01	5.713423e-01	-2.020860e-02
5.165251e-01	5.551195e-01	2.514036e-02
3.894791e-01	4.634662e-01	-1.730671e-01
5.260576e-01	4.343686e-01	-9.617344e-02
3.795050e-01	4.185097e-01	-2.097288e-01
5.331575e-01	3.905438e-01	-1.375697e-01
3.882169e-01	4.201427e-01	-2.489407e-01
5.219725e-01	3.900891e-01	-1.679187e-01
3.958758e-01	4.342415e-01	-1.824061e-01
5.151605e-01	4.059154e-01	-1.124749e-01
4.308419e-01	4.002337e-01	-2.924700e-03
4.895395e-01	4.070953e-01	3.140821e-03
4.374292e-01	1.776254e-01	-5.552862e-02
4.845306e-01	1.871684e-01	-3.020766e-02
4.603035e-01	4.340312e-03	1.052687e-01
4.846011e-01	1.194680e-02	1.180153e-01
4.663087e-01	-4.046506e-03	1.134266e-01
4.824594e-01	1.092447e-03	1.261092e-01
4.599115e-01	-6.860861e-02	-5.037866e-03
4.880323e-01	-4.117264e-02	4.146826e-03
4.565852e-01	7.963939e-01	-1.370801e-01
4.513247e-01	8.149129e-01	-1.210605e-01
4.462908e-01	8.148544e-01	-1.209622e-01
4.422518e-01	8.144969e-01	-1.207728e-01
4.639940e-01	8.139719e-01	-1.195962e-01
4.680330e-01	8.131295e-01	-1.196201e-01
4.723724e-01	8.121399e-01	-1.193401e-01
4.371256e-01	8.033959e-01	-3.150664e-02
4.782494e-01	7.995744e-01	-3.376203e-02
4.480060e-01	7.753642e-01	-1.109918e-01
4.641184e-01	7.742438e-01	-1.111268e-01
4.103608e-01	6.885348e-01	-2.004179e-03
5.072270e-01	6.902345e-01	1.094254e-02
3.969729e-01	5.509523e-01	-2.841637e-02
5.167755e-01	5.489002e-01	9.431703e-03
3.877354e-01	4.297705e-01	-1.738891e-01
5.286947e-01	4.162630e-01	-1.070060e-01
3.783510e-01	3.847890e-01	-2.158057e-01
5.362436e-01	3.713278e-01	-1.477210e-01
3.875850e-01	3.839290e-01	-2.509873e-01
5.259647e-01	3.685561e-01	-1.782692e-01
3.945720e-01	3.984259e-01	-1.896877e-01
5.192115e-01	3.848507e-01	-1.232769e-01
4.308526e-01	4.005672e-01	-3.287058e-03
4.895851e-01	4.070694e-01	3.498371e-03
4.381558e-01	1.757844e-01	-5.150830e-02
4.854676e-01	1.873599e-01	-3.100204e-02
4.602072e-01	4.585941e-03	1.089996e-01
4.850003e-01	1.288126e-02	1.148599e-01
4.662934e-01	-3.814253e-03	1.189046e-01
4.825464e-01	2.261140e-03	1.225980e-01
4.598557e-01	-6.450987e-02	1.909103e-04
4.884475e-01	-4.011123e-02	-3.067041e-03
4.564590e-01	7.971737e-01	-1.571927e-01
4.511904e-01	8.158417e-01	-1.398690e-01
4.462236e-01	8.158337e-01	-1.398157e-01
4.422435e-01	8.155748e-01	-1.396826e-01
4.637856e-01	8.149483e-01	-1.397294e-01
4.678890e-01	8.143311e-01	-1.397762e-01
4.722162e-01	8.134633e-01	-1.395839e-01
4.371144e-01	8.045172e-01	-4.499768e-02
4.781730e-01	8.015749e-01	-4.921817e-02
4.479367e-01	7.761410e-01	-1.264921e-01
4.640444e-01	7.753185e-01	-1.274174e-01
4.102135e-01	6.863021e-01	-1.326790e-02
5.074458e-01	6.904590e-01	-4.733833e-03
3.977572e-01	5.465798e-01	-2.814076e-02
5.168988e-01	5.494400e-01	5.490301e-04
3.872360e-01	4.268746e-01	-1.686183e-01
5.299453e-01	4.159856e-01	-1.160501e-01
3.784006e-01	3.812184e-01	-2.106177e-01
5.372141e-01	3.706217e-01	-1.567442e-01
3.873230e-01	3.806248e-01	-2.467893e-01
5.274132e-01	3.682188e-01	-1.840395e-01
3.939007e-01	3.950800e-01	-1.860330e-01
5.213155e-01	3.842732e-01	-1.319994e-01
4.309878e-01	4.000089e-01	-3.275318e-03
4.899471e-01	4.062116e-01	3.482473e-03
4.386571e-01	1.735007e-01	-5.034279e-02
4.856581e-01	1.874071e-01	-2.403958e-02
4.601405e-01	4.813157e-03	1.243614e-01
4.850711e-01	1.477438e-02	1.398117e-01
4.662623e-01	-3.553430e-03	1.350159e-01
4.825491e-01	4.393853e-03	1.487765e-01
4.582363e-01	-6.512476e-02	1.728774e-02
4.883785e-01	-3.799896e-02	2.311834e-02
4.558667e-01	7.975084e-01	-1.887168e-01
4.506922e-01	8.159123e-01	-1.695653e-01
4.458304e-01	8.159307e-01	-1.695557e-01
4.421090e-01	8.157678e-01	-1.694937e-01
4.634008e-01	8.150792e-01	-1.713566e-01
4.676219e-01	8.145187e-01	-1.714499e-01
4.720140e-01	8.137417e-01	-1.713945e-01
4.370709e-01	8.048148e-01	-6.905699e-02
4.781376e-01	8.021995e-01	-7.829560e-02
4.474344e-01	7.761939e-01	-1.528420e-01
4.637547e-01	7.755520e-01	-1.554307e-01
4.099421e-01	6.824553e-01	-3.047107e-02
5.085673e-01	6.877027e-01	-3.109974e-02
3.977751e-01	5.363094e-01	-2.006464e-02
5.170325e-01	5.374335e-01	-2.308511e-03
3.876341e-01	4.140338e-01	-1.255214e-01
5.325543e-01	3.979613e-01	-1.149405e-01
3.793652e-01	3.640243e-01	-1.593596e-01
5.393037e-01	3.521214e-01	-1.519426e-01
3.873503e-01	3.612638e-01	-1.960812e-01
5.307811e-01	3.496812e-01	-1.842714e-01
3.936596e-01	3.775225e-01	-1.422741e-01
5.250088e-01	3.677872e-01	-1.314168e-01
4.309482e-01	3.999118e-01	-1.545629e-03
4.899704e-01	4.055855e-01	1.721280e-03
4.386790e-01	1.722620e-01	-4.444217e-02
4.878315e-01	1.874724e-01	-4.181919e-02
4.597440e-01	1.598741e-02	1.525742e-01
4.847625e-01	1.437963e-02	1.098764e-01
4.654561e-01	6.295950e-03	1.660281e-01
4.820621e-01	4.066311e-03	1.182468e-01
4.575956e-01	-4.491952e-02	5.402901e-02
4.852577e-01	-6.131257e-02	-1.198369e-02
4.558891e-01	7.980503e-01	-2.030003e-01
4.506911e-01	8.159071e-01	-1.829411e-01
4.458221e-01	8.159238e-01	-1.829362e-01
4.421106e-01	8.157811e-01	-1.828714e-01
4.633707e-01	8.150784e-01	-1.840070e-01
4.675695e-01	8.145180e-01	-1.841150e-01
4.719837e-01	8.137740e-01	-1.840807e-01
4.370900e-01	8.048283e-01	-8.003731e-02
4.780763e-01	8.025872e-01	-8.558489e-02
4.474651e-01	7.763054e-01	-1.659661e-01
4.637632e-01	7.759771e-01	-1.675482e-01
4.099169e-01	6.788803e-01	-4.003203e-02
5.089924e-01	6.870133e-01	-3.738490e-02
3.982016e-01	5.273865e-01	-2.541264e-02
5.173715e-01	5.349869e-01	-1.482943e-02
3.880849e-01	3.955274e-01	-1.349971e-01
5.328420e-01	3.920342e-01	-1.204639e-01
3.804078e-01	3.492745e-01	-1.708486e-01
5.398430e-01	3.456754e-01	-1.573824e-01
3.881123e-01	3.470146e-01	-2.071058e-01
5.315493e-01	3.428522e-01	-1.970344e-01
3.940516e-01	3.636900e-01	-1.519413e-01
5.255941e-01	3.614875e-01	-1.395202e-01
4.309408e-01	3.996244e-01	-1.200129e-03
4.900021e-01	4.051378e-01	1.367547e-03
4.390973e-01	1.722229e-01	-3.853389e-02
4.887095e-01	1.877891e-01	-3.958577e-02
4.569982e-01	1.938944e-02	1.503780e-01
4.847570e-01	1.413922e-02	1.095308e-01
4.616922e-01	8.538498e-03	1.623970e-01
4.820221e-01	3.542283e-03	1.173999e-01
4.542445e-01	-3.989536e-02	4.847429e-02
4.852700e-01	-5.579355e-02	-1.305977e-02
4.559043e-01	7.997414e-01	-2.575611e-01
4.506584e-01	8.167474e-01	-2.374341e-01
4.457618e-01	8.166775e-01	-2.374581e-01
4.421062e-01	8.163583e-01	-2.374096e-01
4.633565e-01	8.158457e-01	-2.383018e-01
4.675385e-01	8.151371e-01	-2.383856e-01
4.719866e-01	8.143004e-01	-2.383600e-01
4.370338e-01	8.050497e-01	-1.278254e-01
4.780770e-01	8.031309e-01	-1.318688e-01
4.474720e-01	7.775745e-01	-2.173609e-01
4.637695e-01	7.771682e-01	-2.184363e-01
4.092824e-01	6.778733e-01	-7.428708e-02
5.094131e-01	6.848771e-01	-6.920852e-02
3.981504e-01	5.215816e-01	-4.982788e-02
5.175241e-01	5.298705e-01	-4.056591e-02
3.883757e-01	3.849034e-01	-1.519857e-01
5.337201e-01	3.871815e-01	-1.464566e-01
3.809654e-01	3.407695e-01	-1.906147e-01
5.414823e-01	3.418198e-01	-1.824960e-01
3.884616e-01	3.390940e-01	-2.218413e-01
5.335772e-01	3.388532e-01	-2.230889e-01
3.942395e-01	3.549057e-01	-1.678511e-01
5.277288e-01	3.571965e-01	-1.658105e-01
4.307322e-01	3.998016e-01	-1.107197e-03
4.900281e-01	4.050595e-01	1.265029e-03
4.390759e-01	1.721539e-01	-3.271135e-02
4.891502e-01	1.878173e-01	-3.481284e-02
4.564337e-01	1.805460e-02	1.475741e-01
4.847514e-01	1.400283e-02	1.103843e-01
4.605199e-01	6.709562e-03	1.583931e-01
4.817832e-01	3.058643e-03	1.177132e-01
4.536350e-01	-4.258414e-02	4.080766e-02
4.870489e-01	-5.206881e-02	-1.307210e-02
4.559174e-01	8.002354e-01	-2.649577e-01
4.506513e-01	8.170915e-01	-2.459387e-01
4.457424e-01	8.170217e-01	-2.459681e-01
4.421070e-01	8.166221e-01	-2.459254e-01
4.633524e-01	8.161609e-01	-2.468049e-01
4.675330e-01	8.154275e-01	-2.468778e-01
4.720051e-01	8.145541e-01	-2.468539e-01
4.369287e-01	8.051838e-01	-1.366824e-01
4.780775e-01	8.034543e-01	-1.405909e-01
4.474785e-01	7.779627e-01	-2.243086e-01
4.637743e-01	7.774736e-01	-2.253298e-01
4.083641e-01	6.764255e-01	-7.549303e-02
5.094711e-01	6.845016e-01	-7.729569e-02
3.982216e-01	5.231987e-01	-4.870625e-02
5.175725e-01	5.306209e-01	-4.501032e-02
3.885827e-01	3.847193e-01	-1.472855e-01
5.348591e-01	3.870597e-01	-1.458621e-01
3.810703e-01	3.405011e-01	-1.803155e-01
5.436323e-01	3.420683e-01	-1.805970e-01
3.888373e-01	3.388858e-01	-2.159913e-01
5.362198e-01	3.387743e-01	-2.196029e-01
3.945164e-01	3.548770e-01	-1.638118e-01
5.300556e-01	3.563824e-01	-1.647304e-01
4.308814e-01	3.996445e-01	2.771539e-03
4.903791e-01	4.055271e-01	-2.664389e-03
4.390805e-01	1.722354e-01	-2.093118e-02
4.893257e-01	1.879459e-01	-3.283948e-02
4.565114e-01	1.282829e-02	1.447697e-01
4.846784e-01	1.240121e-02	1.017944e-01
4.606412e-01	7.126054e-04	1.566768e-01
4.815393e-01	-2.771586e-04	1.072088e-01
4.534956e-01	-4.747087e-02	3.989901e-02
4.838847e-01	-6.353095e-02	-2.450985e-02
4.559280e-01	8.009364e-01	-2.794862e-01
4.506267e-01	8.178662e-01	-2.625519e-01
4.457161e-01	8.178021e-01	-2.625846e-01
4.421024e-01	8.172951e-01	-2.625540e-01
4.633397e-01	8.168419e-01	-2.628018e-01
4.675238e-01	8.160744e-01	-2.628612e-01
4.720149e-01	8.150715e-01	-2.628438e-01
4.368002e-01	8.055481e-01	-1.566372e-01
4.780796e-01	8.037515e-01	-1.577663e-01
4.474525e-01	7.786733e-01	-2.393164e-01
4.637837e-01	7.779925e-01	-2.395629e-01
4.070478e-01	6.746127e-01	-9.114859e-02
5.094504e-01	6.843353e-01	-8.749459e-02
3.987006e-01	5.227156e-01	-4.850348e-02
5.176398e-01	5.333514e-01	-4.367893e-02
3.886057e-01	3.829827e-01	-1.291368e-01
5.348406e-01	3.961112e-01	-1.362725e-01
3.830587e-01	3.376432e-01	-1.567903e-01
5.433673e-01	3.521719e-01	-1.638753e-01
3.895867e-01	3.362374e-01	-1.917191e-01
5.381970e-01	3.489097e-01	-2.055515e-01
3.948578e-01	3.539498e-01	-1.445768e-01
5.316840e-01	3.664901e-01	-1.557649e-01
4.309418e-01	3.993449e-01	2.717852e-03
4.910870e-01	4.058562e-01	-2.628014e-03
4.390772e-01	1.722045e-01	-2.246062e-02
4.895783e-01	1.882136e-01	-2.169200e-02
4.566926e-01	1.144937e-02	1.444812e-01
4.846169e-01	1.228570e-02	1.220029e-01
4.607338e-01	-7.921562e-05	1.550002e-01
4.814640e-01	-2.788419e-04	1.290300e-01
4.536798e-01	-5.260637e-02	3.617288e-02
4.845892e-01	-5.866139e-02	-1.005486e-03
4.559207e-01	8.013901e-01	-2.752420e-01
4.505880e-01	8.185686e-01	-2.584035e-01
4.456901e-01	8.185121e-01	-2.584405e-01
4.420944e-01	8.179615e-01	-2.584155e-01
4.633201e-01	8.175275e-01	-2.588010e-01
4.675217e-01	8.168110e-01	-2.588621e-01
4.720304e-01	8.156951e-01	-2.588520e-01
4.367526e-01	8.060553e-01	-1.535566e-01
4.781184e-01	8.040895e-01	-1.551923e-01
4.474329e-01	7.792176e-01	-2.354449e-01
4.637916e-01	7.784036e-01	-2.358418e-01
4.063344e-01	6.740471e-01	-8.816735e-02
5.094468e-01	6.834103e-01	-8.627610e-02
3.990014e-01	5.234066e-01	-4.837198e-02
5.176703e-01	5.335138e-01	-4.162351e-02
3.887701e-01	3.836278e-01	-1.204438e-01
5.349725e-01	3.972928e-01	-1.284139e-01
3.849125e-01	3.377627e-01	-1.471604e-01
5.431572e-01	3.533276e-01	-1.551366e-01
3.903802e-01	3.362537e-01	-1.815258e-01
5.387592e-01	3.503286e-01	-1.955182e-01
3.953766e-01	3.542830e-01	-1.355892e-01
5.322250e-01	3.678765e-01	-1.472972e-01
4.309397e-01	3.990708e-01	2.794034e-03
4.913577e-01	4.060895e-01	-2.718185e-03
4.390205e-01	1.719916e-01	-2.566024e-02
4.897330e-01	1.883075e-01	-2.250625e-02
4.571958e-01	7.666297e-03	1.376372e-01
4.845940e-01	1.201781e-02	1.195167e-01
4.611233e-01	-3.165687e-03	1.459613e-01
4.814548e-01	-1.075938e-03	1.265884e-01
4.537310e-01	-5.802314e-02	2.467385e-02
4.851989e-01	-5.711801e-02	-3.849371e-03
