5.407773e-01	7.557670e-01	-2.283264e-01
5.344304e-01	7.742770e-01	-2.096415e-01
5.296791e-01	7.738546e-01	-2.096505e-01
5.264395e-01	7.733733e-01	-2.095995e-01
5.471644e-01	7.746182e-01	-2.093482e-01
5.509672e-01	7.744476e-01	-2.094455e-01
5.556678e-01	7.742125e-01	-2.093880e-01
5.214522e-01	7.643940e-01	-1.072229e-01
5.612202e-01	7.666522e-01	-1.061093e-01
5.334741e-01	7.327832e-01	-1.909759e-01
5.490772e-01	7.340156e-01	-1.904540e-01
4.948664e-01	6.425756e-01	-5.754436e-02
5.910407e-01	6.509375e-01	-5.473505e-02
4.852237e-01	4.972183e-01	-4.581276e-02
5.965467e-01	4.958035e-01	-3.783352e-02
4.813252e-01	3.639902e-01	-1.359019e-01
6.056862e-01	3.627242e-01	-1.393928e-01
4.758894e-01	3.233662e-01	-1.699000e-01
6.089578e-01	3.214049e-01	-1.770027e-01
4.833794e-01	3.200109e-01	-2.043504e-01
6.034966e-01	3.191078e-01	-2.114369e-01
4.889088e-01	3.346060e-01	-1.521831e-01
5.987156e-01	3.344623e-01	-1.571340e-01
5.128309e-01	3.683005e-01	1.687747e-03
5.694076e-01	3.689581e-01	-1.555301e-03
5.049484e-01	1.836251e-01	1.725611e-02
5.813731e-01	1.815640e-01	3.827389e-03
5.039501e-01	3.062150e-02	1.719801e-01
5.830757e-01	1.906747e-02	1.313460e-01
5.103726e-01	1.432812e-02	1.810995e-01
5.794071e-01	5.990952e-03	1.366772e-01
4.953051e-01	-2.167168e-02	8.120413e-02
5.885683e-01	-2.926469e-02	1.873893e-02
5.406472e-01	7.576321e-01	-2.617613e-01
5.344162e-01	7.769879e-01	-2.434968e-01
5.296775e-01	7.763655e-01	-2.435080e-01
5.264391e-01	7.756469e-01	-2.434675e-01
5.471474e-01	7.773247e-01	-2.424418e-01
5.509579e-01	7.771207e-01	-2.425382e-01
5.556433e-01	7.765228e-01	-2.425409e-01
5.214632e-01	7.658048e-01	-1.381290e-01
5.611311e-01	7.670370e-01	-1.334936e-01
5.333623e-01	7.353653e-01	-2.228827e-01
5.489941e-01	7.352530e-01	-2.213970e-01
4.947310e-01	6.422152e-01	-7.961085e-02
5.911099e-01	6.496067e-01	-7.424985e-02
4.828552e-01	4.908414e-01	-5.987213e-02
5.968075e-01	4.955630e-01	-4.854609e-02
4.800600e-01	3.477023e-01	-1.463505e-01
6.067642e-01	3.622352e-01	-1.478750e-01
4.742673e-01	3.074580e-01	-1.795469e-01
6.114499e-01	3.206868e-01	-1.843410e-01
4.821096e-01	3.026740e-01	-2.135202e-01
6.052290e-01	3.182384e-01	-2.204489e-01
4.876231e-01	3.188184e-01	-1.624695e-01
6.002453e-01	3.332527e-01	-1.660562e-01
5.136898e-01	3.670585e-01	1.608644e-03
5.700425e-01	3.669562e-01	-1.481543e-03
5.044420e-01	1.824175e-01	1.695030e-02
5.815244e-01	1.772653e-01	5.548514e-03
5.028017e-01	3.060793e-02	1.993988e-01
5.830771e-01	1.518286e-02	1.537782e-01
5.078813e-01	1.431507e-02	2.118388e-01
5.790743e-01	4.525536e-03	1.614296e-01
4.945730e-01	-1.996353e-02	1.074924e-01
5.880019e-01	-3.258951e-02	3.648019e-02
5.404453e-01	7.589966e-01	-2.665681e-01
5.343385e-01	7.786216e-01	-2.481129e-01
5.296491e-01	7.778419e-01	-2.481272e-01
5.264134e-01	7.769832e-01	-2.480893e-01
5.470887e-01	7.790220e-01	-2.476540e-01
5.509256e-01	7.787738e-01	-2.477498e-01
5.555934e-01	7.780029e-01	-2.477596e-01
5.214621e-01	7.664887e-01	-1.415224e-01
5.610510e-01	7.673343e-01	-1.396221e-01
5.331705e-01	7.367982e-01	-2.271637e-01
5.489019e-01	7.361333e-01	-2.264575e-01
4.946670e-01	6.420547e-01	-8.094102e-02
5.911882e-01	6.491994e-01	-7.999410e-02
4.821685e-01	4.900645e-01	-5.970775e-02
5.969311e-01	4.955730e-01	-5.333493e-02
4.787196e-01	3.482525e-01	-1.454772e-01
6.082901e-01	3.627147e-01	-1.511581e-01
4.729265e-01	3.073993e-01	-1.782433e-01
6.144302e-01	3.213132e-01	-1.865713e-01
4.802728e-01	3.029720e-01	-2.123406e-01
6.089250e-01	3.192595e-01	-2.234255e-01
4.857391e-01	3.187641e-01	-1.617100e-01
6.038231e-01	3.334248e-01	-1.696257e-01
5.138860e-01	3.667283e-01	1.792716e-03
5.702879e-01	3.662276e-01	-1.675782e-03
5.038195e-01	1.824452e-01	1.696013e-02
5.815049e-01	1.771138e-01	5.628675e-03
5.020742e-01	3.100641e-02	2.015636e-01
5.830618e-01	1.449567e-02	1.552130e-01
5.068987e-01	1.439462e-02	2.137543e-01
5.787750e-01	4.316076e-03	1.627690e-01
4.937709e-01	-1.770594e-02	1.102120e-01
5.876816e-01	-3.326521e-02	3.801758e-02
5.400915e-01	7.599306e-01	-2.617070e-01
5.340879e-01	7.795543e-01	-2.424425e-01
5.295328e-01	7.786509e-01	-2.424636e-01
5.262694e-01	7.777162e-01	-2.424281e-01
5.469198e-01	7.800730e-01	-2.428850e-01
5.507970e-01	7.797734e-01	-2.429816e-01
5.554129e-01	7.789425e-01	-2.429922e-01
5.214125e-01	7.667041e-01	-1.343476e-01
5.609101e-01	7.674811e-01	-1.360325e-01
5.328189e-01	7.375165e-01	-2.217319e-01
5.487319e-01	7.367251e-01	-2.221548e-01
4.946605e-01	6.420139e-01	-7.795940e-02
5.911978e-01	6.491540e-01	-7.772362e-02
4.820561e-01	4.920162e-01	-4.840452e-02
5.974673e-01	4.961853e-01	-5.223578e-02
4.760910e-01	3.584872e-01	-1.292072e-01
6.105677e-01	3.654856e-01	-1.497143e-01
4.711037e-01	3.177367e-01	-1.581645e-01
6.176493e-01	3.240499e-01	-1.864274e-01
4.757942e-01	3.139513e-01	-1.925851e-01
6.137183e-01	3.226012e-01	-2.219345e-01
4.815859e-01	3.271681e-01	-1.458942e-01
6.087762e-01	3.355803e-01	-1.681318e-01
5.140652e-01	3.669276e-01	2.785006e-03
5.702873e-01	3.662554e-01	-2.680345e-03
5.030504e-01	1.830369e-01	1.695562e-02
5.812321e-01	1.772242e-01	3.949393e-03
5.015397e-01	3.192859e-02	1.950158e-01
5.830607e-01	1.457915e-02	1.504480e-01
5.063209e-01	1.477587e-02	2.061568e-01
5.787696e-01	4.341323e-03	1.572766e-01
4.930435e-01	-1.601411e-02	1.036961e-01
5.874517e-01	-3.331693e-02	3.605365e-02
5.387306e-01	7.602930e-01	-2.735088e-01
5.328628e-01	7.798807e-01	-2.539848e-01
5.288781e-01	7.789118e-01	-2.540192e-01
5.252755e-01	7.779197e-01	-2.539949e-01
5.458227e-01	7.808145e-01	-2.551965e-01
5.500255e-01	7.805388e-01	-2.552834e-01
5.544056e-01	7.798611e-01	-2.553028e-01
5.210543e-01	7.668244e-01	-1.423589e-01
5.604238e-01	7.679811e-01	-1.477252e-01
5.317346e-01	7.376504e-01	-2.321550e-01
5.479479e-01	7.370955e-01	-2.335189e-01
4.945438e-01	6.422943e-01	-7.697703e-02
5.911010e-01	6.491582e-01	-8.504944e-02
4.813622e-01	4.954488e-01	-4.597975e-02
5.982555e-01	4.973946e-01	-5.746637e-02
4.706016e-01	3.644719e-01	-1.250950e-01
6.132144e-01	3.743059e-01	-1.542412e-01
4.649193e-01	3.232469e-01	-1.527517e-01
6.211041e-01	3.332435e-01	-1.882998e-01
4.668500e-01	3.192809e-01	-1.889486e-01
6.203133e-01	3.318621e-01	-2.264219e-01
4.733202e-01	3.312761e-01	-1.425088e-01
6.154618e-01	3.434739e-01	-1.736625e-01
5.145105e-01	3.681208e-01	3.341271e-03
5.703367e-01	3.669001e-01	-3.250153e-03
5.030196e-01	1.834420e-01	1.696561e-02
5.803326e-01	1.773003e-01	3.241675e-03
5.010170e-01	3.224292e-02	1.939202e-01
5.829077e-01	1.406049e-02	1.481483e-01
5.055597e-01	1.519716e-02	2.058199e-01
5.784386e-01	3.797852e-03	1.547174e-01
4.926962e-01	-1.550857e-02	9.006809e-02
5.873973e-01	-3.484099e-02	3.076832e-02
5.377614e-01	7.603406e-01	-3.058027e-01
5.318338e-01	7.799919e-01	-2.868950e-01
5.282418e-01	7.790330e-01	-2.869496e-01
5.242997e-01	7.780282e-01	-2.869396e-01
5.448765e-01	7.809997e-01	-2.875025e-01
5.493407e-01	7.807085e-01	-2.875888e-01
5.535224e-01	7.800807e-01	-2.876351e-01
5.202402e-01	7.669446e-01	-1.717678e-01
5.595981e-01	7.681203e-01	-1.735110e-01
5.307665e-01	7.376673e-01	-2.625139e-01
5.471149e-01	7.371078e-01	-2.628062e-01
4.937809e-01	6.427877e-01	-9.846240e-02
5.901597e-01	6.493132e-01	-9.959298e-02
4.789093e-01	4.976395e-01	-6.373902e-02
5.985568e-01	4.986479e-01	-6.293394e-02
4.641708e-01	3.777380e-01	-1.440364e-01
6.176572e-01	3.805944e-01	-1.581961e-01
4.582906e-01	3.380361e-01	-1.703840e-01
6.262432e-01	3.421104e-01	-1.903625e-01
4.584913e-01	3.361067e-01	-2.072628e-01
6.261759e-01	3.408332e-01	-2.304992e-01
4.658259e-01	3.483569e-01	-1.619595e-01
6.217491e-01	3.516519e-01	-1.784199e-01
5.146520e-01	3.701079e-01	2.153116e-03
5.702609e-01	3.682843e-01	-2.079049e-03
5.030282e-01	1.837344e-01	4.807986e-03
5.802557e-01	1.773353e-01	3.252366e-03
5.000973e-01	3.155887e-02	1.817580e-01
5.817817e-01	1.418825e-02	1.517474e-01
5.037230e-01	1.520678e-02	1.923248e-01
5.766731e-01	3.982681e-03	1.585226e-01
4.929040e-01	-1.558098e-02	7.023019e-02
5.866748e-01	-3.478193e-02	3.054076e-02
5.364977e-01	7.600783e-01	-3.062155e-01
5.305201e-01	7.796814e-01	-2.872289e-01
5.272389e-01	7.787142e-01	-2.872788e-01
5.227819e-01	7.776327e-01	-2.872650e-01
5.433261e-01	7.809555e-01	-2.871443e-01
5.481614e-01	7.806854e-01	-2.872321e-01
5.520334e-01	7.800589e-01	-2.872775e-01
5.189880e-01	7.666986e-01	-1.720172e-01
5.582221e-01	7.680943e-01	-1.706150e-01
5.295766e-01	7.374656e-01	-2.630904e-01
5.458714e-01	7.370106e-01	-2.625311e-01
4.926130e-01	6.428099e-01	-9.887470e-02
5.892628e-01	6.495225e-01	-9.578171e-02
4.749037e-01	4.994543e-01	-6.919248e-02
5.995458e-01	4.991250e-01	-6.147716e-02
4.549529e-01	3.804504e-01	-1.595934e-01
6.258487e-01	3.850776e-01	-1.640678e-01
4.471256e-01	3.469258e-01	-1.883429e-01
6.329880e-01	3.460158e-01	-1.975223e-01
4.450940e-01	3.442681e-01	-2.264891e-01
6.343890e-01	3.454859e-01	-2.391846e-01
4.530669e-01	3.527143e-01	-1.780015e-01
6.300880e-01	3.571840e-01	-1.851237e-01
5.145758e-01	3.711537e-01	1.268141e-03
5.700848e-01	3.693615e-01	-1.196613e-03
5.028783e-01	1.836327e-01	-1.643206e-05
5.800155e-01	1.765887e-01	1.275219e-03
4.995504e-01	3.022462e-02	1.768132e-01
5.806780e-01	1.106750e-02	1.508524e-01
5.027400e-01	1.500769e-02	1.870710e-01
5.756938e-01	8.654061e-04	1.578922e-01
4.932539e-01	-1.681072e-02	6.521906e-02
5.861114e-01	-3.698429e-02	2.173358e-02
5.355766e-01	7.581835e-01	-2.887120e-01
5.294880e-01	7.776455e-01	-2.699338e-01
5.263366e-01	7.767276e-01	-2.699690e-01
5.216333e-01	7.756757e-01	-2.699458e-01
5.421891e-01	7.796006e-01	-2.699889e-01
5.472261e-01	7.796121e-01	-2.700862e-01
5.509574e-01	7.791445e-01	-2.701051e-01
5.175496e-01	7.658257e-01	-1.639761e-01
5.570999e-01	7.677556e-01	-1.672188e-01
5.285982e-01	7.360488e-01	-2.477731e-01
5.448242e-01	7.358885e-01	-2.475871e-01
4.907357e-01	6.426721e-01	-9.548423e-02
5.886697e-01	6.494951e-01	-7.805569e-02
4.715837e-01	5.036777e-01	-6.846781e-02
6.039456e-01	5.001359e-01	-5.332146e-02
4.429501e-01	3.929748e-01	-1.821728e-01
6.356931e-01	3.950139e-01	-1.640390e-01
4.323614e-01	3.598701e-01	-2.148701e-01
6.469165e-01	3.589017e-01	-2.000673e-01
4.302953e-01	3.579304e-01	-2.545946e-01
6.481786e-01	3.589931e-01	-2.410046e-01
4.379506e-01	3.694360e-01	-2.016127e-01
6.430274e-01	3.693615e-01	-1.853265e-01
5.135063e-01	3.711090e-01	-4.366042e-04
5.689882e-01	3.693625e-01	5.311736e-04
5.024956e-01	1.833740e-01	1.375799e-03
5.791885e-01	1.748514e-01	2.373713e-03
4.990909e-01	3.063568e-02	1.838437e-01
5.792951e-01	9.074643e-03	1.531252e-01
5.022259e-01	1.652029e-02	1.954559e-01
5.740127e-01	-5.808706e-04	1.597232e-01
4.938286e-01	-1.683517e-02	7.466035e-02
5.841962e-01	-3.902221e-02	2.491699e-02
5.344000e-01	7.546999e-01	-2.454326e-01
5.284113e-01	7.739645e-01	-2.247680e-01
5.251635e-01	7.731022e-01	-2.248057e-01
5.203362e-01	7.721821e-01	-2.247561e-01
5.409004e-01	7.763421e-01	-2.253491e-01
5.460802e-01	7.767400e-01	-2.254039e-01
5.497960e-01	7.766461e-01	-2.253896e-01
5.160960e-01	7.638608e-01	-1.111559e-01
5.559918e-01	7.666825e-01	-1.134144e-01
5.275088e-01	7.332987e-01	-2.037834e-01
5.436527e-01	7.338428e-01	-2.041546e-01
4.897813e-01	6.426075e-01	-5.380681e-02
5.877137e-01	6.497692e-01	-4.302415e-02
4.673154e-01	5.166020e-01	-5.348293e-02
6.087301e-01	5.106397e-01	-2.881079e-02
4.370264e-01	4.179493e-01	-1.765026e-01
6.435348e-01	4.169280e-01	-1.520796e-01
4.251412e-01	3.860470e-01	-2.106833e-01
6.540457e-01	3.811498e-01	-1.908214e-01
4.228179e-01	3.858347e-01	-2.493698e-01
6.555877e-01	3.819775e-01	-2.306637e-01
4.296806e-01	3.949401e-01	-1.958984e-01
6.501569e-01	3.936785e-01	-1.737801e-01
5.123836e-01	3.715298e-01	-1.056557e-03
5.680913e-01	3.697345e-01	1.179235e-03
5.024363e-01	1.833638e-01	-1.027481e-03
5.785491e-01	1.745299e-01	7.823360e-04
4.989819e-01	3.188786e-02	1.758103e-01
5.788048e-01	8.779165e-03	1.419779e-01
5.022314e-01	1.872419e-02	1.867374e-01
5.735976e-01	-7.300511e-04	1.471493e-01
4.946646e-01	-1.659135e-02	7.203294e-02
5.839445e-01	-3.969628e-02	1.541604e-02
5.332901e-01	7.508801e-01	-2.011108e-01
5.273673e-01	7.697757e-01	-1.806122e-01
5.240241e-01	7.689354e-01	-1.806443e-01
5.191883e-01	7.679582e-01	-1.805811e-01
5.396036e-01	7.726123e-01	-1.821259e-01
5.448329e-01	7.732841e-01	-1.821548e-01
5.486845e-01	7.736092e-01	-1.820990e-01
5.151339e-01	7.608462e-01	-6.878542e-02
5.552146e-01	7.652640e-01	-7.515965e-02
5.267513e-01	7.299848e-01	-1.604053e-01
5.429896e-01	7.314108e-01	-1.620592e-01
4.897162e-01	6.431070e-01	-2.057617e-02
5.870124e-01	6.502277e-01	-1.095915e-02
4.611602e-01	5.271488e-01	-3.314344e-02
6.125959e-01	5.217312e-01	-1.808299e-03
4.286818e-01	4.431974e-01	-1.764326e-01
6.515142e-01	4.316696e-01	-1.284468e-01
4.171850e-01	4.122726e-01	-2.144542e-01
6.645743e-01	3.970006e-01	-1.691334e-01
4.156042e-01	4.135612e-01	-2.529594e-01
6.660126e-01	4.006811e-01	-2.079203e-01
4.213090e-01	4.236821e-01	-1.963794e-01
6.598201e-01	4.105905e-01	-1.498355e-01
5.112289e-01	3.728173e-01	-1.641759e-03
5.668041e-01	3.700259e-01	1.809965e-03
5.022632e-01	1.833543e-01	-3.342815e-03
5.777707e-01	1.742309e-01	-1.573994e-03
4.988591e-01	3.273006e-02	1.724368e-01
5.784381e-01	8.546110e-03	1.346408e-01
5.021929e-01	2.009098e-02	1.835729e-01
5.731690e-01	-8.782835e-04	1.397286e-01
4.951181e-01	-1.645827e-02	7.319161e-02
5.830827e-01	-3.991616e-02	1.147214e-02
5.328387e-01	7.496483e-01	-1.740009e-01
5.268808e-01	7.684503e-01	-1.545214e-01
5.234845e-01	7.676032e-01	-1.545632e-01
5.186520e-01	7.666272e-01	-1.545234e-01
5.390553e-01	7.712734e-01	-1.552377e-01
5.442569e-01	7.719883e-01	-1.552495e-01
5.481253e-01	7.724048e-01	-1.551853e-01
5.144858e-01	7.597046e-01	-4.707474e-02
5.546957e-01	7.645743e-01	-5.017174e-02
5.263065e-01	7.287537e-01	-1.348635e-01
5.426142e-01	7.305588e-01	-1.355880e-01
4.895091e-01	6.434538e-01	-8.155530e-03
5.869101e-01	6.516407e-01	1.064255e-02
4.592253e-01	5.335491e-01	-3.872303e-02
6.178399e-01	5.376593e-01	8.395985e-03
4.230398e-01	4.739345e-01	-2.254112e-01
6.580355e-01	4.579196e-01	-1.288184e-01
4.077663e-01	4.483558e-01	-2.691451e-01
6.745196e-01	4.297938e-01	-1.704080e-01
4.070171e-01	4.561719e-01	-3.074214e-01
6.756530e-01	4.349993e-01	-2.074700e-01
4.141335e-01	4.629559e-01	-2.463044e-01
6.682214e-01	4.434923e-01	-1.502124e-01
5.109388e-01	3.730643e-01	-2.292120e-03
5.668108e-01	3.704656e-01	2.503225e-03
5.022199e-01	1.831861e-01	-7.002980e-03
5.773059e-01	1.741738e-01	-2.021404e-03
4.986953e-01	3.408369e-02	1.733904e-01
5.782514e-01	7.754288e-03	1.354197e-01
5.018739e-01	2.196613e-02	1.842150e-01
5.728662e-01	-1.679613e-03	1.409316e-01
4.954070e-01	-1.596710e-02	8.127075e-02
5.831915e-01	-3.983746e-02	1.315645e-02
5.323969e-01	7.480834e-01	-1.913490e-01
5.265096e-01	7.669039e-01	-1.711729e-01
5.231124e-01	7.661538e-01	-1.712290e-01
5.183561e-01	7.652505e-01	-1.711893e-01
5.386081e-01	7.697198e-01	-1.719897e-01
5.436963e-01	7.704532e-01	-1.719970e-01
5.476367e-01	7.708891e-01	-1.719476e-01
5.143857e-01	7.585829e-01	-5.809404e-02
5.543805e-01	7.636566e-01	-6.093863e-02
5.260230e-01	7.271701e-01	-1.499570e-01
5.423246e-01	7.294210e-01	-1.506645e-01
4.895846e-01	6.437562e-01	-1.482899e-02
5.868165e-01	6.521095e-01	2.514807e-03
4.562549e-01	5.442712e-01	-7.459745e-02
6.276137e-01	5.449036e-01	-8.762197e-03
4.159938e-01	4.905893e-01	-3.021031e-01
6.692234e-01	4.737745e-01	-1.636539e-01
4.020635e-01	4.750089e-01	-3.510770e-01
6.863429e-01	4.515683e-01	-2.074935e-01
4.003834e-01	4.842821e-01	-3.859487e-01
6.879213e-01	4.587974e-01	-2.416547e-01
4.078639e-01	4.878048e-01	-3.227130e-01
6.795805e-01	4.650967e-01	-1.845318e-01
5.107945e-01	3.732413e-01	-2.581249e-03
5.661036e-01	3.710027e-01	2.795163e-03
5.021114e-01	1.827760e-01	-1.031105e-02
5.761121e-01	1.741022e-01	-1.927990e-03
4.985592e-01	3.210549e-02	1.675070e-01
5.775002e-01	7.825717e-03	1.361953e-01
5.017872e-01	1.907727e-02	1.789845e-01
5.720021e-01	-1.627309e-03	1.417541e-01
4.954129e-01	-1.727553e-02	7.225057e-02
5.810109e-01	-3.972226e-02	1.336944e-02
5.317445e-01	7.479441e-01	-1.956969e-01
5.260870e-01	7.666451e-01	-1.766236e-01
5.226473e-01	7.659160e-01	-1.766785e-01
5.179449e-01	7.650307e-01	-1.766307e-01
5.379785e-01	7.693787e-01	-1.777039e-01
5.430279e-01	7.700722e-01	-1.777147e-01
5.470777e-01	7.705267e-01	-1.776901e-01
5.141302e-01	7.583314e-01	-6.529405e-02
5.539047e-01	7.633895e-01	-6.847520e-02
5.256391e-01	7.269347e-01	-1.544469e-01
5.417627e-01	7.291755e-01	-1.551982e-01
4.894563e-01	6.454458e-01	-1.424898e-02
5.863959e-01	6.545652e-01	-5.565356e-03
4.525917e-01	5.614428e-01	-8.260827e-02
6.337878e-01	5.584742e-01	-3.195919e-03
4.117822e-01	5.226493e-01	-3.083359e-01
6.805962e-01	4.962526e-01	-1.256068e-01
3.993903e-01	5.119153e-01	-3.534134e-01
7.006382e-01	4.797361e-01	-1.615812e-01
3.999258e-01	5.199099e-01	-3.849930e-01
7.031518e-01	4.868166e-01	-1.982003e-01
4.079167e-01	5.229034e-01	-3.281648e-01
6.941797e-01	4.903411e-01	-1.466174e-01
5.103906e-01	3.731382e-01	-2.547570e-03
5.653996e-01	3.710169e-01	2.756145e-03
5.016972e-01	1.826576e-01	-7.786886e-03
5.754089e-01	1.740726e-01	1.335755e-04
4.984968e-01	3.131466e-02	1.684798e-01
5.770739e-01	7.889449e-03	1.362564e-01
5.018519e-01	1.811216e-02	1.794186e-01
5.714611e-01	-1.637873e-03	1.421006e-01
4.953302e-01	-1.744894e-02	7.597620e-02
5.801215e-01	-3.962732e-02	1.720361e-02
5.316924e-01	7.481288e-01	-1.983877e-01
5.259835e-01	7.667528e-01	-1.802182e-01
5.225509e-01	7.660323e-01	-1.802835e-01
5.178834e-01	7.651578e-01	-1.802446e-01
5.378679e-01	7.693208e-01	-1.807051e-01
5.428656e-01	7.699386e-01	-1.807227e-01
5.469409e-01	7.703274e-01	-1.807230e-01
5.139497e-01	7.581994e-01	-7.155645e-02
5.536267e-01	7.631838e-01	-7.128317e-02
5.255579e-01	7.269906e-01	-1.578510e-01
5.416388e-01	7.291594e-01	-1.575098e-01
4.887830e-01	6.466519e-01	-1.960429e-02
5.862347e-01	6.570435e-01	-6.954318e-03
4.522411e-01	5.745891e-01	-9.680967e-02
6.366320e-01	5.764967e-01	1.212666e-02
4.169170e-01	5.540060e-01	-3.072617e-01
6.925492e-01	5.269625e-01	-7.998374e-02
4.004729e-01	5.421860e-01	-3.484413e-01
7.129260e-01	5.157272e-01	-1.086447e-01
4.068941e-01	5.520841e-01	-3.749908e-01
7.149419e-01	5.236610e-01	-1.455933e-01
4.164311e-01	5.562707e-01	-3.250113e-01
7.067310e-01	5.249059e-01	-1.003064e-01
5.098900e-01	3.729940e-01	-2.949187e-03
5.652596e-01	3.711980e-01	3.144148e-03
5.010533e-01	1.825073e-01	-6.960543e-03
5.747312e-01	1.740589e-01	2.091847e-03
4.983184e-01	2.895018e-02	1.677488e-01
5.762485e-01	7.875061e-03	1.334196e-01
5.017660e-01	1.518250e-02	1.787860e-01
5.704577e-01	-1.723957e-03	1.394330e-01
4.952360e-01	-1.850341e-02	7.437722e-02
5.803161e-01	-3.955461e-02	1.697725e-02
5.318215e-01	7.480696e-01	-1.835262e-01
5.260741e-01	7.666700e-01	-1.662432e-01
5.226353e-01	7.659418e-01	-1.662961e-01
5.180054e-01	7.650734e-01	-1.662530e-01
5.380174e-01	7.691551e-01	-1.669715e-01
5.429770e-01	7.697544e-01	-1.670033e-01
5.470522e-01	7.700746e-01	-1.670242e-01
5.140324e-01	7.580271e-01	-5.987117e-02
5.537215e-01	7.630752e-01	-6.044331e-02
5.256322e-01	7.269593e-01	-1.435118e-01
5.417199e-01	7.291842e-01	-1.434017e-01
4.888447e-01	6.532899e-01	-8.436986e-03
5.866442e-01	6.596860e-01	-1.941693e-03
4.548804e-01	6.004997e-01	-1.026999e-01
6.456762e-01	5.952799e-01	1.035272e-02
4.100544e-01	5.864776e-01	-3.250787e-01
7.063071e-01	5.681285e-01	-7.822391e-02
3.878991e-01	5.837839e-01	-3.676096e-01
7.263987e-01	5.613098e-01	-1.071795e-01
3.979604e-01	5.918562e-01	-3.947216e-01
7.272491e-01	5.699344e-01	-1.432489e-01
4.098709e-01	5.920036e-01	-3.441819e-01
7.194228e-01	5.700620e-01	-9.851915e-02
5.096596e-01	3.729950e-01	-2.890607e-03
5.652758e-01	3.714134e-01	3.084670e-03
5.005507e-01	1.825150e-01	5.380041e-03
5.748205e-01	1.734924e-01	3.467190e-03
4.983311e-01	2.814097e-02	1.681284e-01
5.763142e-01	5.830724e-03	1.261554e-01
5.018258e-01	1.443222e-02	1.796875e-01
5.705721e-01	-4.042633e-03	1.312307e-01
4.950520e-01	-1.931151e-02	7.480886e-02
5.804923e-01	-4.460276e-02	4.937851e-03
5.318944e-01	7.481276e-01	-1.756406e-01
5.261532e-01	7.668201e-01	-1.578504e-01
5.226973e-01	7.660970e-01	-1.579162e-01
5.180633e-01	7.652327e-01	-1.578676e-01
5.381097e-01	7.692411e-01	-1.584378e-01
5.430638e-01	7.698078e-01	-1.584585e-01
5.471343e-01	7.701155e-01	-1.584723e-01
5.141474e-01	7.580452e-01	-5.023488e-02
5.539070e-01	7.631430e-01	-5.014829e-02
5.256706e-01	7.270117e-01	-1.354663e-01
5.417576e-01	7.294171e-01	-1.352267e-01
4.888925e-01	6.564158e-01	-4.515874e-03
5.881673e-01	6.634499e-01	5.555009e-03
4.561638e-01	6.116939e-01	-1.317894e-01
6.501828e-01	6.121336e-01	2.023327e-03
4.091821e-01	6.057274e-01	-3.931001e-01
7.143968e-01	6.045684e-01	-9.702145e-02
3.943897e-01	6.019744e-01	-4.418063e-01
7.349923e-01	6.019482e-01	-1.286713e-01
4.002012e-01	6.139611e-01	-4.681146e-01
7.354175e-01	6.123515e-01	-1.690240e-01
4.089668e-01	6.102570e-01	-4.129693e-01
7.273280e-01	6.111767e-01	-1.178272e-01
5.096988e-01	3.731326e-01	-3.200173e-03
5.659435e-01	3.721170e-01	3.389116e-03
5.010869e-01	1.818915e-01	-2.120067e-03
5.748876e-01	1.734709e-01	-4.125861e-04
4.989296e-01	2.673198e-02	1.681298e-01
5.765625e-01	5.610808e-03	1.281692e-01
5.026655e-01	1.340216e-02	1.795098e-01
5.709645e-01	-4.364614e-03	1.336402e-01
4.955029e-01	-2.041791e-02	6.835419e-02
5.806161e-01	-4.668035e-02	4.282988e-03
5.325871e-01	7.489536e-01	-1.662923e-01
5.267919e-01	7.674665e-01	-1.484644e-01
5.231737e-01	7.668274e-01	-1.485230e-01
5.190150e-01	7.661063e-01	-1.484806e-01
5.390608e-01	7.696276e-01	-1.491767e-01
5.437393e-01	7.701247e-01	-1.491922e-01
5.480556e-01	7.703401e-01	-1.491905e-01
5.150704e-01	7.585547e-01	-4.162068e-02
5.552464e-01	7.632757e-01	-4.268207e-02
5.262215e-01	7.279896e-01	-1.265163e-01
5.421920e-01	7.300352e-01	-1.266244e-01
4.893040e-01	6.601774e-01	-4.746274e-03
5.912644e-01	6.658220e-01	8.688956e-03
4.560914e-01	6.199185e-01	-1.570932e-01
6.522727e-01	6.296222e-01	-3.345379e-02
4.050060e-01	6.198593e-01	-4.378478e-01
7.173274e-01	6.440802e-01	-1.840588e-01
3.841603e-01	6.204252e-01	-4.888190e-01
7.393426e-01	6.441621e-01	-2.238044e-01
3.846361e-01	6.314532e-01	-5.155689e-01
7.393509e-01	6.532423e-01	-2.520496e-01
3.955302e-01	6.296063e-01	-4.583479e-01
7.303795e-01	6.519317e-01	-2.037328e-01
5.098389e-01	3.734259e-01	-3.292378e-03
5.668632e-01	3.725380e-01	3.476416e-03
5.015523e-01	1.813522e-01	-5.888752e-03
5.757743e-01	1.732292e-01	-3.303445e-03
4.997474e-01	2.487303e-02	1.646774e-01
5.776448e-01	5.715069e-03	1.283534e-01
5.037667e-01	1.206281e-02	1.753775e-01
5.722578e-01	-4.270996e-03	1.339623e-01
4.960034e-01	-2.131021e-02	5.974736e-02
5.806524e-01	-4.621438e-02	2.865253e-03
5.341075e-01	7.507615e-01	-1.725985e-01
5.280710e-01	7.690078e-01	-1.546339e-01
5.240121e-01	7.683645e-01	-1.546980e-01
5.202757e-01	7.676757e-01	-1.546563e-01
5.406724e-01	7.707968e-01	-1.548873e-01
5.450767e-01	7.711014e-01	-1.549138e-01
5.496522e-01	7.711506e-01	-1.549284e-01
5.160050e-01	7.595559e-01	-4.774525e-02
5.566236e-01	7.636152e-01	-4.639626e-02
5.274160e-01	7.294095e-01	-1.327967e-01
5.431763e-01	7.311975e-01	-1.322316e-01
4.897403e-01	6.631839e-01	-1.120600e-02
5.926911e-01	6.686787e-01	3.709142e-03
4.566164e-01	6.305452e-01	-1.793548e-01
6.532246e-01	6.478351e-01	-5.324187e-02
4.105958e-01	6.346849e-01	-4.601411e-01
7.212720e-01	6.758938e-01	-1.986427e-01
3.873897e-01	6.440840e-01	-5.122178e-01
7.409445e-01	6.794227e-01	-2.379557e-01
4.067488e-01	6.464510e-01	-5.332955e-01
7.403468e-01	6.910835e-01	-2.626365e-01
3.999252e-01	6.439403e-01	-4.782737e-01
7.317163e-01	6.891496e-01	-2.168807e-01
5.103394e-01	3.735505e-01	-3.392392e-03
5.675830e-01	3.726008e-01	3.568313e-03
5.019434e-01	1.803834e-01	-1.080083e-02
5.761603e-01	1.722966e-01	-5.416467e-03
5.004960e-01	2.363556e-02	1.696122e-01
5.783266e-01	5.423521e-03	1.310237e-01
5.049245e-01	1.100972e-02	1.821742e-01
5.728117e-01	-4.250484e-03	1.380514e-01
4.967246e-01	-2.262959e-02	6.270669e-02
5.807045e-01	-4.645452e-02	3.498316e-03
5.355779e-01	7.526628e-01	-1.811271e-01
5.294034e-01	7.701883e-01	-1.624428e-01
5.248750e-01	7.695808e-01	-1.625005e-01
5.213288e-01	7.689713e-01	-1.624544e-01
5.421337e-01	7.714195e-01	-1.628148e-01
5.463269e-01	7.715133e-01	-1.628538e-01
5.509895e-01	7.713828e-01	-1.628555e-01
5.164447e-01	7.603315e-01	-5.489201e-02
5.574331e-01	7.636303e-01	-5.416226e-02
5.282308e-01	7.311535e-01	-1.411493e-01
5.438704e-01	7.325808e-01	-1.408662e-01
4.899849e-01	6.646871e-01	-1.379826e-02
5.924687e-01	6.710932e-01	-1.489340e-03
4.209499e-01	6.712301e-01	-1.571312e-01
6.580269e-01	6.673218e-01	-4.689064e-02
3.845673e-01	7.111856e-01	-3.834635e-01
7.222319e-01	7.069337e-01	-1.772134e-01
3.751173e-01	7.132293e-01	-4.283245e-01
7.406036e-01	7.166995e-01	-2.274590e-01
3.906667e-01	7.425256e-01	-4.482370e-01
7.393566e-01	7.292452e-01	-2.320845e-01
3.945803e-01	7.368793e-01	-3.998415e-01
7.311532e-01	7.252058e-01	-2.060676e-01
5.111340e-01	3.737361e-01	-3.649781e-03
5.679573e-01	3.728123e-01	3.814344e-03
5.024214e-01	1.794280e-01	1.178366e-03
5.761782e-01	1.713260e-01	1.789357e-03
5.007800e-01	2.022551e-02	1.749914e-01
5.790197e-01	5.280016e-03	1.401019e-01
5.052317e-01	7.872717e-03	1.864588e-01
5.735158e-01	-4.214467e-03	1.467417e-01
4.982967e-01	-2.554361e-02	6.489734e-02
5.807093e-01	-4.619246e-02	1.391368e-02
5.356377e-01	7.526590e-01	-2.142626e-01
5.296400e-01	7.699194e-01	-1.912625e-01
5.250916e-01	7.694106e-01	-1.913167e-01
5.216969e-01	7.688968e-01	-1.912749e-01
5.423290e-01	7.710786e-01	-1.931448e-01
5.464534e-01	7.711250e-01	-1.932404e-01
5.511028e-01	7.709695e-01	-1.932239e-01
5.165876e-01	7.603462e-01	-7.040654e-02
5.577017e-01	7.633313e-01	-7.804310e-02
5.283215e-01	7.311496e-01	-1.695124e-01
5.438714e-01	7.325805e-01	-1.719124e-01
4.901811e-01	6.670955e-01	-1.563481e-02
5.922936e-01	6.733888e-01	-2.383009e-02
4.088796e-01	7.016019e-01	-9.363277e-02
6.654015e-01	6.835862e-01	-4.979831e-02
3.674476e-01	8.201020e-01	-2.016160e-01
7.242862e-01	7.414654e-01	-1.657531e-01
3.649206e-01	8.828220e-01	-2.286595e-01
7.440325e-01	7.535089e-01	-2.020003e-01
3.725528e-01	8.908485e-01	-2.386842e-01
7.415338e-01	7.643486e-01	-2.102721e-01
3.744676e-01	8.687101e-01	-2.136579e-01
7.331945e-01	7.594790e-01	-1.979556e-01
5.115734e-01	3.733935e-01	-2.538620e-03
5.681824e-01	3.727078e-01	2.720386e-03
5.025278e-01	1.769925e-01	4.652979e-03
5.762386e-01	1.691180e-01	-8.361883e-04
5.009399e-01	1.783676e-02	1.988104e-01
5.791615e-01	2.269687e-03	1.560917e-01
5.055488e-01	6.156880e-03	2.120835e-01
5.736244e-01	-6.584961e-03	1.649648e-01
4.989218e-01	-2.940562e-02	9.337904e-02
5.807546e-01	-4.939117e-02	2.858688e-02
5.356608e-01	7.504011e-01	-2.219361e-01
5.298710e-01	7.688213e-01	-1.982500e-01
5.253748e-01	7.684792e-01	-1.983193e-01
5.221260e-01	7.681272e-01	-1.982869e-01
5.424106e-01	7.696946e-01	-2.009339e-01
5.465524e-01	7.697892e-01	-2.010384e-01
5.511982e-01	7.696971e-01	-2.010253e-01
5.174394e-01	7.600920e-01	-7.548766e-02
5.583670e-01	7.626988e-01	-8.732061e-02
5.286089e-01	7.298799e-01	-1.765416e-01
5.438758e-01	7.311610e-01	-1.800828e-01
4.917069e-01	6.699877e-01	-1.960669e-02
5.923177e-01	6.750163e-01	-3.531653e-02
4.144094e-01	7.185844e-01	-8.773149e-02
6.644434e-01	7.022788e-01	-6.368565e-02
3.770954e-01	8.445104e-01	-1.905226e-01
7.230981e-01	7.713479e-01	-1.704114e-01
3.732939e-01	9.026943e-01	-2.207921e-01
7.421126e-01	7.870374e-01	-1.995705e-01
3.787615e-01	9.066208e-01	-2.299588e-01
7.398512e-01	7.963169e-01	-2.192192e-01
3.833542e-01	8.928089e-01	-2.024699e-01
7.328950e-01	7.901919e-01	-1.906726e-01
5.119553e-01	3.722612e-01	-2.499731e-03
5.683530e-01	3.724517e-01	2.682709e-03
5.029994e-01	1.741418e-01	4.184166e-03
5.763584e-01	1.686574e-01	-5.094049e-04
5.016154e-01	1.587598e-02	2.050293e-01
5.793230e-01	2.451947e-03	1.708897e-01
5.064855e-01	4.866434e-03	2.189602e-01
5.737340e-01	-6.523110e-03	1.812050e-01
5.002419e-01	-3.188493e-02	1.030724e-01
5.808181e-01	-4.935510e-02	4.805667e-02
5.373626e-01	7.498037e-01	-2.237093e-01
5.315075e-01	7.687634e-01	-2.000950e-01
5.270139e-01	7.684076e-01	-2.001802e-01
5.234420e-01	7.679792e-01	-2.001638e-01
5.437330e-01	7.696943e-01	-2.024650e-01
5.478237e-01	7.698174e-01	-2.025667e-01
5.525759e-01	7.697302e-01	-2.025589e-01
5.193797e-01	7.599782e-01	-7.912564e-02
5.598906e-01	7.626777e-01	-8.927816e-02
5.307842e-01	7.296268e-01	-1.791943e-01
5.452560e-01	7.310170e-01	-1.821795e-01
4.960254e-01	6.719159e-01	-3.303839e-02
5.937344e-01	6.769943e-01	-4.040008e-02
4.218851e-01	7.306900e-01	-9.216906e-02
6.673605e-01	7.238428e-01	-7.329403e-02
3.839429e-01	8.646415e-01	-2.019645e-01
7.219176e-01	8.056257e-01	-1.779330e-01
3.785523e-01	9.004686e-01	-2.352818e-01
7.391006e-01	8.242998e-01	-2.068202e-01
3.840237e-01	9.133218e-01	-2.500369e-01
7.362134e-01	8.351707e-01	-2.283783e-01
3.890844e-01	8.983803e-01	-2.165795e-01
7.296574e-01	8.284156e-01	-1.950858e-01
5.130137e-01	3.724439e-01	-2.368643e-03
5.688482e-01	3.726921e-01	2.556965e-03
5.036886e-01	1.742775e-01	6.180228e-03
5.763968e-01	1.689080e-01	-6.144689e-04
5.020102e-01	1.551361e-02	1.974610e-01
5.798426e-01	3.495155e-03	1.621058e-01
5.073799e-01	4.143368e-03	2.105211e-01
5.748081e-01	-4.985739e-03	1.710218e-01
5.003246e-01	-3.373827e-02	9.953248e-02
5.807909e-01	-4.733787e-02	3.950401e-02
5.380754e-01	7.483112e-01	-2.398270e-01
5.323696e-01	7.679294e-01	-2.140727e-01
5.278421e-01	7.674140e-01	-2.141913e-01
5.241760e-01	7.669501e-01	-2.142050e-01
5.443584e-01	7.693298e-01	-2.181661e-01
5.483301e-01	7.696054e-01	-2.182765e-01
5.530292e-01	7.696043e-01	-2.182821e-01
5.204664e-01	7.593335e-01	-8.520713e-02
5.606263e-01	7.623686e-01	-1.030915e-01
5.318385e-01	7.288004e-01	-1.920191e-01
5.459338e-01	7.305698e-01	-1.974626e-01
4.980600e-01	6.730839e-01	-3.728632e-02
5.949586e-01	6.777758e-01	-5.483256e-02
4.259664e-01	7.487243e-01	-8.484536e-02
6.665405e-01	7.407933e-01	-9.400333e-02
3.884275e-01	8.951222e-01	-1.827366e-01
7.183095e-01	8.358695e-01	-2.030755e-01
3.816801e-01	9.239706e-01	-2.169482e-01
7.349038e-01	8.568976e-01	-2.335911e-01
3.869413e-01	9.266996e-01	-2.303577e-01
7.329044e-01	8.686594e-01	-2.577897e-01
3.928772e-01	9.182445e-01	-1.970173e-01
7.262264e-01	8.626355e-01	-2.207413e-01
5.133652e-01	3.737817e-01	-5.487857e-04
5.689899e-01	3.737939e-01	7.430366e-04
5.043360e-01	1.744437e-01	4.348447e-03
5.765564e-01	1.689738e-01	-9.360516e-03
5.022312e-01	1.497413e-02	1.942308e-01
5.803539e-01	3.571190e-03	1.581822e-01
5.081054e-01	3.727505e-03	2.068995e-01
5.759807e-01	-4.915838e-03	1.663109e-01
5.003396e-01	-3.542925e-02	9.452678e-02
5.809742e-01	-4.721448e-02	3.594694e-02
5.392846e-01	7.470641e-01	-2.439719e-01
5.335327e-01	7.670270e-01	-2.177981e-01
5.289368e-01	7.666881e-01	-2.179327e-01
5.249910e-01	7.662402e-01	-2.179597e-01
5.459204e-01	7.680320e-01	-2.209032e-01
5.501860e-01	7.683492e-01	-2.210179e-01
5.549718e-01	7.683867e-01	-2.210345e-01
5.211946e-01	7.589417e-01	-8.700357e-02
5.629584e-01	7.600728e-01	-1.004624e-01
5.326895e-01	7.269371e-01	-1.955266e-01
5.472895e-01	7.277867e-01	-1.995025e-01
5.002276e-01	6.730289e-01	-4.333126e-02
5.959154e-01	6.782897e-01	-4.983905e-02
4.312022e-01	7.528318e-01	-8.852156e-02
6.651461e-01	7.549373e-01	-8.902939e-02
3.941752e-01	9.026075e-01	-1.907599e-01
7.159848e-01	8.642529e-01	-2.030574e-01
3.817803e-01	9.250506e-01	-2.296910e-01
7.324035e-01	8.910755e-01	-2.370183e-01
3.922631e-01	9.285690e-01	-2.455435e-01
7.309274e-01	9.016887e-01	-2.619460e-01
3.976907e-01	9.201489e-01	-2.064941e-01
7.237602e-01	8.944455e-01	-2.216850e-01
5.142852e-01	3.745388e-01	-1.067367e-03
5.699671e-01	3.737589e-01	1.273011e-03
5.056689e-01	1.738614e-01	4.409699e-03
5.775052e-01	1.675716e-01	-5.254719e-03
5.025595e-01	1.176399e-02	2.078777e-01
5.805868e-01	3.188998e-03	1.755624e-01
5.088299e-01	1.743049e-03	2.217289e-01
5.765474e-01	-4.874536e-03	1.858847e-01
5.002798e-01	-3.711848e-02	1.024315e-01
5.816742e-01	-4.749293e-02	4.840519e-02
5.400282e-01	7.471233e-01	-2.531556e-01
5.340777e-01	7.670412e-01	-2.277413e-01
5.294146e-01	7.667055e-01	-2.278905e-01
5.253801e-01	7.662582e-01	-2.279270e-01
5.465425e-01	7.680146e-01	-2.313929e-01
5.507358e-01	7.683411e-01	-2.315075e-01
5.554605e-01	7.684010e-01	-2.315277e-01
5.217254e-01	7.590752e-01	-9.737653e-02
5.637409e-01	7.599939e-01	-1.126145e-01
5.334987e-01	7.265629e-01	-2.045319e-01
5.479814e-01	7.270137e-01	-2.090850e-01
5.021762e-01	6.770741e-01	-5.348035e-02
5.966535e-01	6.800590e-01	-6.335898e-02
4.409014e-01	7.604757e-01	-9.086777e-02
6.627894e-01	7.667443e-01	-1.088671e-01
4.019838e-01	9.001489e-01	-1.949448e-01
7.125528e-01	8.836615e-01	-2.180789e-01
3.881192e-01	9.235880e-01	-2.335177e-01
7.279336e-01	9.188309e-01	-2.525036e-01
3.990870e-01	9.258733e-01	-2.487620e-01
7.250541e-01	9.320207e-01	-2.761669e-01
4.054286e-01	9.201409e-01	-2.104643e-01
7.187212e-01	9.190592e-01	-2.362819e-01
5.146341e-01	3.757048e-01	-1.065920e-03
5.704992e-01	3.737798e-01	1.266446e-03
5.066095e-01	1.739643e-01	6.766687e-03
5.779052e-01	1.676539e-01	-3.543449e-03
5.025550e-01	1.090843e-02	2.106961e-01
5.807824e-01	3.215950e-03	1.784143e-01
5.089431e-01	1.521489e-03	2.243136e-01
5.771280e-01	-4.086529e-03	1.891574e-01
5.001010e-01	-3.673640e-02	1.050661e-01
5.823978e-01	-4.664510e-02	5.452481e-02
5.411554e-01	7.482131e-01	-2.726040e-01
5.348920e-01	7.680101e-01	-2.483471e-01
5.301843e-01	7.675533e-01	-2.485016e-01
5.260075e-01	7.670410e-01	-2.485420e-01
5.472721e-01	7.688844e-01	-2.501046e-01
5.512888e-01	7.690803e-01	-2.502271e-01
5.558372e-01	7.690799e-01	-2.502425e-01
5.222588e-01	7.593743e-01	-1.192356e-01
5.640491e-01	7.601551e-01	-1.252354e-01
5.345296e-01	7.265893e-01	-2.239342e-01
5.488753e-01	7.270547e-01	-2.259034e-01
5.023523e-01	6.807110e-01	-6.921273e-02
5.971139e-01	6.829279e-01	-7.201733e-02
4.448818e-01	7.709537e-01	-9.970640e-02
6.593521e-01	7.727806e-01	-1.109703e-01
4.058159e-01	9.121851e-01	-2.040982e-01
7.036556e-01	9.023116e-01	-2.258878e-01
3.912997e-01	9.355758e-01	-2.436456e-01
7.183982e-01	9.379588e-01	-2.641473e-01
3.996474e-01	9.384477e-01	-2.615260e-01
7.133344e-01	9.533653e-01	-2.871564e-01
4.070941e-01	9.329940e-01	-2.203373e-01
7.068833e-01	9.398884e-01	-2.443367e-01
5.151942e-01	3.766357e-01	-1.145527e-03
5.717186e-01	3.737760e-01	1.343788e-03
5.082575e-01	1.739110e-01	7.302490e-03
5.794564e-01	1.672205e-01	-2.911804e-03
5.035161e-01	1.094369e-02	2.304325e-01
5.824143e-01	1.685747e-03	1.833631e-01
5.098054e-01	1.597505e-03	2.462310e-01
5.788972e-01	-4.446914e-03	1.944357e-01
5.005774e-01	-3.656331e-02	1.266394e-01
5.841304e-01	-4.843175e-02	5.657050e-02
5.417075e-01	7.497191e-01	-2.553483e-01
5.351440e-01	7.699848e-01	-2.317098e-01
5.303918e-01	7.692869e-01	-2.318431e-01
5.261773e-01	7.685077e-01	-2.318622e-01
5.477211e-01	7.711998e-01	-2.338308e-01
5.517248e-01	7.713788e-01	-2.339386e-01
5.562046e-01	7.713242e-01	-2.339477e-01
5.224635e-01	7.600810e-01	-1.070298e-01
5.640766e-01	7.616397e-01	-1.147849e-01
5.350544e-01	7.273964e-01	-2.086262e-01
5.496406e-01	7.283834e-01	-2.110965e-01
5.043072e-01	6.806551e-01	-5.934489e-02
5.965817e-01	6.830263e-01	-6.866065e-02
4.589465e-01	7.620327e-01	-9.195728e-02
6.472688e-01	7.688579e-01	-1.168146e-01
4.121317e-01	9.073296e-01	-1.821435e-01
6.824194e-01	9.099594e-01	-2.196639e-01
3.936468e-01	9.298340e-01	-2.197905e-01
6.957521e-01	9.426361e-01	-2.572926e-01
4.023033e-01	9.329589e-01	-2.370549e-01
6.909006e-01	9.520023e-01	-2.775136e-01
4.100326e-01	9.257841e-01	-1.982294e-01
6.835157e-01	9.416930e-01	-2.368413e-01
5.161992e-01	3.767584e-01	1.106077e-04
5.718860e-01	3.736722e-01	6.876113e-05
5.093638e-01	1.731948e-01	9.735438e-03
5.799546e-01	1.659486e-01	-2.868802e-03
5.048822e-01	9.990309e-03	2.319476e-01
5.824848e-01	3.479057e-03	1.916100e-01
5.119388e-01	1.121807e-03	2.475988e-01
5.791243e-01	-1.822292e-03	2.039419e-01
5.016856e-01	-3.720491e-02	1.304571e-01
5.841507e-01	-4.644519e-02	7.077485e-02
5.418332e-01	7.510726e-01	-2.962858e-01
5.351863e-01	7.715185e-01	-2.732819e-01
5.304509e-01	7.708226e-01	-2.734391e-01
5.262730e-01	7.700338e-01	-2.734518e-01
5.477406e-01	7.724029e-01	-2.769689e-01
5.517138e-01	7.723498e-01	-2.770917e-01
5.561181e-01	7.720020e-01	-2.770783e-01
5.228976e-01	7.608498e-01	-1.480011e-01
5.641345e-01	7.616483e-01	-1.623448e-01
5.352950e-01	7.295122e-01	-2.484934e-01
5.499915e-01	7.299273e-01	-2.529553e-01
5.046552e-01	6.830044e-01	-9.547386e-02
5.962450e-01	6.839951e-01	-1.199298e-01
4.615601e-01	7.776607e-01	-1.192228e-01
6.405402e-01	7.916250e-01	-1.785320e-01
4.141633e-01	9.164820e-01	-2.015267e-01
6.700145e-01	9.367071e-01	-2.804575e-01
3.951866e-01	9.351947e-01	-2.392961e-01
6.847036e-01	9.680138e-01	-3.216576e-01
4.029693e-01	9.391218e-01	-2.560509e-01
6.810981e-01	9.740145e-01	-3.411728e-01
4.105076e-01	9.330992e-01	-2.171073e-01
6.728121e-01	9.640808e-01	-2.978886e-01
5.170714e-01	3.773544e-01	1.058419e-03
5.725404e-01	3.736631e-01	-9.214625e-04
5.101126e-01	1.732416e-01	1.728068e-02
5.805386e-01	1.647504e-01	1.255101e-03
5.050484e-01	1.040235e-02	2.573380e-01
5.823531e-01	3.490424e-03	2.072116e-01
5.119060e-01	1.318245e-03	2.743375e-01
5.789130e-01	-1.835763e-03	2.199850e-01
5.026347e-01	-3.946088e-02	1.519428e-01
5.840813e-01	-4.830306e-02	8.038302e-02
5.419893e-01	7.512677e-01	-2.951378e-01
5.352644e-01	7.716807e-01	-2.721595e-01
5.305111e-01	7.710671e-01	-2.723142e-01
5.263406e-01	7.703766e-01	-2.723314e-01
5.479808e-01	7.724091e-01	-2.753786e-01
5.520177e-01	7.723433e-01	-2.755045e-01
5.564286e-01	7.718797e-01	-2.755093e-01
5.230809e-01	7.613974e-01	-1.462022e-01
5.645018e-01	7.612267e-01	-1.585325e-01
5.352571e-01	7.301959e-01	-2.469443e-01
5.503228e-01	7.303676e-01	-2.508498e-01
5.050706e-01	6.849775e-01	-9.872846e-02
5.953528e-01	6.840975e-01	-1.128319e-01
4.669316e-01	7.848344e-01	-1.327187e-01
6.363864e-01	7.973761e-01	-1.722870e-01
4.201969e-01	9.251018e-01	-2.206374e-01
6.637778e-01	9.437663e-01	-2.732690e-01
4.018747e-01	9.453108e-01	-2.630376e-01
6.711900e-01	9.668586e-01	-3.135174e-01
4.064273e-01	9.474961e-01	-2.803193e-01
6.679775e-01	9.746866e-01	-3.316358e-01
4.141769e-01	9.410481e-01	-2.370103e-01
6.618463e-01	9.640979e-01	-2.898490e-01
5.171204e-01	3.786438e-01	5.988913e-04
5.724856e-01	3.737724e-01	-4.710527e-04
5.110101e-01	1.731936e-01	1.587840e-02
5.814038e-01	1.626331e-01	1.163991e-03
5.067739e-01	1.151381e-02	2.608409e-01
5.823187e-01	4.404449e-03	2.054881e-01
5.136948e-01	5.100424e-03	2.794283e-01
5.786002e-01	-1.368261e-03	2.185295e-01
5.069432e-01	-3.912293e-02	1.602207e-01
5.843347e-01	-4.796594e-02	7.941590e-02
5.421798e-01	7.521572e-01	-3.036167e-01
5.355095e-01	7.718819e-01	-2.818134e-01
5.307918e-01	7.714972e-01	-2.819627e-01
5.265847e-01	7.711111e-01	-2.819703e-01
5.481560e-01	7.723989e-01	-2.846447e-01
5.521502e-01	7.722833e-01	-2.847562e-01
5.564800e-01	7.717383e-01	-2.847288e-01
5.234257e-01	7.632648e-01	-1.606519e-01
5.644494e-01	7.612288e-01	-1.708687e-01
5.352027e-01	7.321928e-01	-2.570314e-01
5.504153e-01	7.321166e-01	-2.602914e-01
5.049835e-01	6.892405e-01	-1.174174e-01
5.945250e-01	6.875476e-01	-1.228088e-01
4.682007e-01	7.902018e-01	-1.551300e-01
6.357026e-01	7.981883e-01	-1.811058e-01
4.249493e-01	9.260466e-01	-2.499001e-01
6.593891e-01	9.486760e-01	-2.756292e-01
4.042086e-01	9.448138e-01	-2.920430e-01
6.660957e-01	9.758056e-01	-3.144308e-01
4.096733e-01	9.481982e-01	-3.096502e-01
6.601753e-01	9.818595e-01	-3.312274e-01
4.185407e-01	9.411776e-01	-2.659159e-01
6.562930e-01	9.742474e-01	-2.913749e-01
5.171582e-01	3.805495e-01	-7.878193e-05
5.724519e-01	3.747796e-01	1.722420e-04
5.116068e-01	1.732118e-01	1.477368e-02
5.830067e-01	1.627589e-01	4.288827e-03
5.070812e-01	1.451588e-02	2.491681e-01
5.828229e-01	2.180889e-02	2.287046e-01
5.136330e-01	7.663794e-03	2.658107e-01
5.787213e-01	1.506429e-02	2.440484e-01
5.080263e-01	-3.861051e-02	1.445607e-01
5.844676e-01	-3.719083e-02	1.150476e-01
5.425314e-01	7.542112e-01	-2.931058e-01
5.360668e-01	7.732310e-01	-2.716743e-01
5.313977e-01	7.731907e-01	-2.718148e-01
5.270455e-01	7.731383e-01	-2.718084e-01
5.486310e-01	7.728642e-01	-2.735474e-01
5.525889e-01	7.725073e-01	-2.736584e-01
5.568944e-01	7.718363e-01	-2.736221e-01
5.239177e-01	7.648919e-01	-1.535836e-01
5.650468e-01	7.612327e-01	-1.586926e-01
5.353080e-01	7.342308e-01	-2.477895e-01
5.506709e-01	7.341676e-01	-2.495803e-01
5.047373e-01	6.921542e-01	-1.112451e-01
5.939276e-01	6.883234e-01	-1.119308e-01
4.692411e-01	8.007621e-01	-1.540430e-01
6.342566e-01	8.020220e-01	-1.675185e-01
4.267516e-01	9.309492e-01	-2.523941e-01
6.532794e-01	9.461383e-01	-2.616277e-01
4.081078e-01	9.500495e-01	-2.940919e-01
6.599153e-01	9.762053e-01	-3.004007e-01
4.131617e-01	9.544954e-01	-3.121321e-01
6.530186e-01	9.840692e-01	-3.153378e-01
4.214589e-01	9.478154e-01	-2.685085e-01
6.482204e-01	9.719470e-01	-2.765523e-01
5.171374e-01	3.817351e-01	-7.930988e-04
5.725209e-01	3.751361e-01	8.772245e-04
5.115022e-01	1.740489e-01	1.453373e-02
5.834154e-01	1.634727e-01	4.065890e-03
5.071796e-01	1.651338e-02	2.419153e-01
5.823914e-01	2.338174e-02	2.175266e-01
5.135762e-01	9.253964e-03	2.576869e-01
5.782160e-01	1.607548e-02	2.312334e-01
5.090108e-01	-3.840484e-02	1.383255e-01
5.836190e-01	-3.485959e-02	1.002837e-01
5.426378e-01	7.543185e-01	-2.925966e-01
5.365387e-01	7.732515e-01	-2.709457e-01
5.319022e-01	7.731955e-01	-2.710873e-01
5.274658e-01	7.731225e-01	-2.710820e-01
5.491915e-01	7.728639e-01	-2.735484e-01
5.531721e-01	7.725009e-01	-2.736730e-01
5.575277e-01	7.718237e-01	-2.736510e-01
5.246726e-01	7.647049e-01	-1.530455e-01
5.664588e-01	7.611132e-01	-1.618804e-01
5.353509e-01	7.341765e-01	-2.475515e-01
5.508235e-01	7.341377e-01	-2.503029e-01
5.051070e-01	6.909337e-01	-1.136066e-01
5.939783e-01	6.879654e-01	-1.181381e-01
4.714573e-01	7.994282e-01	-1.551274e-01
6.296111e-01	8.006958e-01	-1.773389e-01
4.337469e-01	9.312508e-01	-2.486973e-01
6.449156e-01	9.408230e-01	-2.639313e-01
4.148912e-01	9.500210e-01	-2.893974e-01
6.494881e-01	9.741969e-01	-3.024707e-01
4.216741e-01	9.564157e-01	-3.073523e-01
6.434126e-01	9.798492e-01	-3.143374e-01
4.302448e-01	9.487585e-01	-2.646861e-01
6.399650e-01	9.685224e-01	-2.777120e-01
5.171028e-01	3.816867e-01	-1.161211e-03
5.726170e-01	3.740927e-01	1.240963e-03
5.113707e-01	1.753410e-01	1.216259e-02
5.833777e-01	1.632959e-01	-9.883450e-03
5.075599e-01	2.189922e-02	2.486902e-01
5.800626e-01	2.562398e-02	2.109706e-01
5.141158e-01	1.645995e-02	2.661295e-01
5.754229e-01	1.665279e-02	2.252176e-01
5.104049e-01	-3.319708e-02	1.481330e-01
5.822039e-01	-3.133034e-02	9.776776e-02
5.431643e-01	7.551358e-01	-2.946911e-01
5.371215e-01	7.737483e-01	-2.731817e-01
5.324160e-01	7.735723e-01	-2.733226e-01
5.278466e-01	7.733676e-01	-2.733002e-01
5.500538e-01	7.733197e-01	-2.753862e-01
5.540627e-01	7.728127e-01	-2.755141e-01
5.585192e-01	7.720363e-01	-2.754878e-01
5.249208e-01	7.646360e-01	-1.579853e-01
5.679193e-01	7.610939e-01	-1.645043e-01
5.355936e-01	7.341080e-01	-2.509518e-01
5.513455e-01	7.342391e-01	-2.530954e-01
5.050696e-01	6.900910e-01	-1.206167e-01
5.940918e-01	6.872709e-01	-1.261041e-01
4.711275e-01	8.007925e-01	-1.660659e-01
6.269094e-01	8.012604e-01	-1.938376e-01
4.330985e-01	9.321610e-01	-2.554395e-01
6.385130e-01	9.461078e-01	-2.781890e-01
4.155889e-01	9.522329e-01	-2.958516e-01
6.434569e-01	9.843498e-01	-3.178687e-01
4.227697e-01	9.593241e-01	-3.118719e-01
6.358496e-01	9.895416e-01	-3.252409e-01
4.298808e-01	9.507259e-01	-2.707476e-01
6.320962e-01	9.753107e-01	-2.901862e-01
5.171536e-01	3.813763e-01	-1.862014e-03
5.726191e-01	3.733692e-01	1.933569e-03
5.114077e-01	1.757776e-01	1.190115e-02
5.833145e-01	1.631512e-01	-9.976576e-03
5.075951e-01	2.323682e-02	2.469793e-01
5.786816e-01	2.799549e-02	2.163897e-01
5.140513e-01	1.844682e-02	2.639653e-01
5.734740e-01	1.830410e-02	2.318892e-01
5.107960e-01	-3.130352e-02	1.439195e-01
5.810506e-01	-2.832421e-02	1.079744e-01
5.434178e-01	7.551671e-01	-2.570235e-01
5.372337e-01	7.737352e-01	-2.345269e-01
5.324937e-01	7.735581e-01	-2.346840e-01
5.278984e-01	7.732631e-01	-2.346770e-01
5.503666e-01	7.733737e-01	-2.352193e-01
5.544184e-01	7.728720e-01	-2.353367e-01
5.589048e-01	7.720941e-01	-2.352883e-01
5.249600e-01	7.630584e-01	-1.240949e-01
5.682958e-01	7.610797e-01	-1.234021e-01
5.357651e-01	7.339663e-01	-2.159895e-01
5.516733e-01	7.342224e-01	-2.160284e-01
5.053937e-01	6.861830e-01	-1.173789e-01
5.935503e-01	6.832591e-01	-9.344772e-02
4.741516e-01	7.949216e-01	-1.551758e-01
6.144559e-01	7.929798e-01	-1.662808e-01
4.484929e-01	9.309000e-01	-2.289848e-01
6.276366e-01	9.311786e-01	-2.418447e-01
4.283011e-01	9.537314e-01	-2.676781e-01
6.347185e-01	9.675391e-01	-2.811058e-01
4.337737e-01	9.612023e-01	-2.811995e-01
6.278155e-01	9.738500e-01	-2.869258e-01
4.437899e-01	9.516814e-01	-2.427034e-01
6.217808e-01	9.579536e-01	-2.536031e-01
5.173975e-01	3.799137e-01	-5.500424e-03
5.728128e-01	3.722546e-01	5.575494e-03
5.113386e-01	1.760942e-01	2.429480e-03
5.836396e-01	1.631724e-01	-1.158687e-02
5.075819e-01	2.460170e-02	2.209422e-01
5.775108e-01	3.178850e-02	2.122651e-01
5.139664e-01	2.038589e-02	2.357130e-01
5.724959e-01	2.543648e-02	2.272346e-01
5.112221e-01	-2.966600e-02	1.183411e-01
5.809708e-01	-2.126746e-02	1.107062e-01
5.436381e-01	7.554582e-01	-2.189562e-01
5.373513e-01	7.737240e-01	-1.948443e-01
5.325934e-01	7.735318e-01	-1.949766e-01
5.279679e-01	7.731642e-01	-1.949529e-01
5.504932e-01	7.733966e-01	-1.966867e-01
5.544818e-01	7.729021e-01	-1.968124e-01
5.588843e-01	7.721320e-01	-1.967408e-01
5.249499e-01	7.615319e-01	-8.008159e-02
5.681851e-01	7.608485e-01	-8.589321e-02
5.358702e-01	7.339249e-01	-1.772829e-01
5.517572e-01	7.342758e-01	-1.790963e-01
5.053450e-01	6.817772e-01	-6.775304e-02
5.923709e-01	6.772310e-01	-7.435819e-02
4.743024e-01	7.909230e-01	-1.288897e-01
6.064099e-01	7.731585e-01	-1.954487e-01
4.494424e-01	9.227484e-01	-1.857766e-01
6.203450e-01	9.252558e-01	-3.336999e-01
4.290071e-01	9.479076e-01	-2.196114e-01
6.261593e-01	9.552625e-01	-3.805257e-01
4.362182e-01	9.545892e-01	-2.324041e-01
6.203064e-01	9.627883e-01	-3.825608e-01
4.455981e-01	9.445618e-01	-1.985255e-01
6.153344e-01	9.561597e-01	-3.455102e-01
5.174896e-01	3.765683e-01	-3.102590e-03
5.731873e-01	3.696302e-01	3.157218e-03
5.111931e-01	1.765654e-01	4.149185e-03
5.836241e-01	1.631007e-01	-1.366221e-02
5.075552e-01	2.685909e-02	2.225968e-01
5.763317e-01	3.130849e-02	2.052535e-01
5.139423e-01	2.225608e-02	2.376270e-01
5.716835e-01	2.369659e-02	2.208979e-01
5.111735e-01	-2.774954e-02	1.195992e-01
5.796403e-01	-2.220294e-02	1.039799e-01
5.438784e-01	7.572954e-01	-1.858909e-01
5.374371e-01	7.742310e-01	-1.639545e-01
5.326210e-01	7.738344e-01	-1.640513e-01
5.279692e-01	7.733594e-01	-1.640229e-01
5.506870e-01	7.740636e-01	-1.635889e-01
5.546221e-01	7.734548e-01	-1.637321e-01
5.589837e-01	7.726383e-01	-1.636662e-01
5.248754e-01	7.612894e-01	-5.619752e-02
5.681127e-01	7.608476e-01	-5.326925e-02
5.358638e-01	7.347563e-01	-1.471566e-01
5.519039e-01	7.352881e-01	-1.463061e-01
5.044901e-01	6.752512e-01	-5.482354e-02
5.913653e-01	6.735237e-01	-5.110365e-02
4.729463e-01	7.752429e-01	-1.594630e-01
6.040934e-01	7.539346e-01	-2.348957e-01
4.499694e-01	9.136600e-01	-2.386041e-01
6.155502e-01	8.907661e-01	-4.491809e-01
4.307037e-01	9.455821e-01	-2.755882e-01
6.222159e-01	9.302260e-01	-5.048339e-01
4.373233e-01	9.535233e-01	-2.846573e-01
6.167575e-01	9.349404e-01	-5.026215e-01
4.461021e-01	9.423790e-01	-2.497146e-01
6.109713e-01	9.212070e-01	-4.613343e-01
5.175785e-01	3.715896e-01	-2.466548e-03
5.738398e-01	3.666501e-01	2.536552e-03
5.109559e-01	1.764629e-01	1.083456e-02
5.836083e-01	1.625876e-01	-1.046751e-02
5.069730e-01	2.749252e-02	2.233238e-01
5.761323e-01	2.647223e-02	1.711820e-01
5.131125e-01	2.250915e-02	2.379227e-01
5.715421e-01	1.914566e-02	1.809279e-01
5.111382e-01	-2.690262e-02	1.200693e-01
5.796620e-01	-2.449364e-02	5.235707e-02
5.441190e-01	7.583811e-01	-1.683580e-01
5.374725e-01	7.747520e-01	-1.466801e-01
5.326635e-01	7.743077e-01	-1.467745e-01
5.280011e-01	7.737246e-01	-1.467475e-01
5.506773e-01	7.743542e-01	-1.449597e-01
5.545993e-01	7.735907e-01	-1.450851e-01
5.589613e-01	7.726848e-01	-1.450128e-01
5.248191e-01	7.612277e-01	-4.378452e-02
5.667046e-01	7.606808e-01	-3.468466e-02
5.358630e-01	7.356912e-01	-1.318872e-01
5.519518e-01	7.360503e-01	-1.292450e-01
5.032917e-01	6.712347e-01	-4.926229e-02
5.895061e-01	6.714572e-01	-3.037966e-02
4.717673e-01	7.706841e-01	-1.732437e-01
6.052606e-01	7.518790e-01	-2.050958e-01
4.514483e-01	9.030840e-01	-2.750056e-01
6.159706e-01	8.670921e-01	-3.706617e-01
4.334854e-01	9.311404e-01	-3.181574e-01
6.191134e-01	8.957459e-01	-4.219384e-01
4.401981e-01	9.360784e-01	-3.286008e-01
6.136898e-01	8.966815e-01	-4.239822e-01
4.476923e-01	9.268472e-01	-2.873622e-01
6.105000e-01	8.866385e-01	-3.833237e-01
5.175237e-01	3.694730e-01	-2.546124e-03
5.740445e-01	3.656278e-01	2.634459e-03
5.101287e-01	1.755240e-01	1.121116e-02
5.833836e-01	1.621031e-01	-9.031904e-06
5.057155e-01	2.563675e-02	2.147118e-01
5.761693e-01	1.595405e-02	1.638313e-01
5.117041e-01	1.898057e-02	2.277103e-01
5.715850e-01	9.570339e-03	1.714988e-01
5.099289e-01	-2.698706e-02	1.083433e-01
5.797104e-01	-2.927742e-02	4.020623e-02
5.442066e-01	7.593960e-01	-1.653750e-01
5.374213e-01	7.755986e-01	-1.424244e-01
5.325764e-01	7.750748e-01	-1.425409e-01
5.279309e-01	7.744347e-01	-1.425354e-01
5.505739e-01	7.753114e-01	-1.415925e-01
5.543825e-01	7.746022e-01	-1.416914e-01
5.584934e-01	7.737360e-01	-1.416491e-01
5.245131e-01	7.614719e-01	-3.876866e-02
5.650191e-01	7.610465e-01	-3.142806e-02
5.358940e-01	7.368322e-01	-1.288157e-01
5.519466e-01	7.371132e-01	-1.266690e-01
5.024682e-01	6.689832e-01	-4.257779e-02
5.891262e-01	6.700217e-01	-2.401259e-02
4.702865e-01	7.606982e-01	-1.868463e-01
6.090212e-01	7.607516e-01	-9.701748e-02
4.517725e-01	8.618230e-01	-3.336062e-01
6.154898e-01	8.679653e-01	-1.488481e-01
4.381405e-01	8.916593e-01	-3.823365e-01
6.159011e-01	8.897322e-01	-1.847824e-01
4.445726e-01	8.964261e-01	-3.920996e-01
6.134433e-01	8.923791e-01	-1.923087e-01
4.485579e-01	8.909127e-01	-3.471343e-01
6.128904e-01	8.894086e-01	-1.605415e-01
5.172969e-01	3.688366e-01	-3.495895e-03
5.743535e-01	3.655676e-01	3.634999e-03
5.091637e-01	1.750611e-01	1.121033e-02
5.833665e-01	1.613266e-01	1.072959e-02
5.032497e-01	1.991864e-02	2.130707e-01
5.761370e-01	1.190737e-02	1.704124e-01
5.081317e-01	1.287482e-02	2.259945e-01
5.715556e-01	5.347874e-03	1.784984e-01
5.087800e-01	-3.190673e-02	9.857556e-02
5.796537e-01	-3.537103e-02	4.240254e-02
5.439388e-01	7.606426e-01	-1.754936e-01
5.367402e-01	7.766116e-01	-1.452323e-01
5.316616e-01	7.758249e-01	-1.452159e-01
5.273573e-01	7.751093e-01	-1.451536e-01
5.499700e-01	7.770490e-01	-1.484394e-01
5.536764e-01	7.764866e-01	-1.481205e-01
5.576753e-01	7.755436e-01	-1.478747e-01
5.239180e-01	7.621616e-01	-5.873442e-02
5.636140e-01	7.618445e-01	-5.709620e-02
5.356717e-01	7.379900e-01	-1.440847e-01
5.515741e-01	7.383780e-01	-1.417612e-01
5.012873e-01	6.676986e-01	-7.931332e-02
5.880036e-01	6.641845e-01	-6.431526e-02
4.701467e-01	7.133741e-01	-4.414330e-01
6.032818e-01	6.874905e-01	-3.992790e-01
4.558671e-01	7.375177e-01	-7.780205e-01
6.081422e-01	7.211125e-01	-7.143533e-01
4.475966e-01	7.561642e-01	-8.580807e-01
6.112865e-01	7.398786e-01	-7.865115e-01
4.547279e-01	7.555823e-01	-8.582321e-01
6.112686e-01	7.481011e-01	-7.831587e-01
4.575911e-01	7.476118e-01	-7.920589e-01
6.068529e-01	7.340136e-01	-7.278844e-01
5.156749e-01	3.647677e-01	-2.911221e-03
5.741303e-01	3.630613e-01	3.017646e-03
5.077441e-01	1.724838e-01	-1.984666e-02
5.827168e-01	1.590081e-01	-5.165721e-03
5.018371e-01	1.372983e-02	1.955788e-01
5.759845e-01	6.953318e-03	1.581577e-01
5.065659e-01	4.871242e-03	2.084949e-01
5.712609e-01	-7.312836e-04	1.660600e-01
5.069087e-01	-3.689134e-02	7.603190e-02
5.795990e-01	-4.060581e-02	2.071428e-02
5.440599e-01	7.622976e-01	-1.684343e-01
5.367369e-01	7.782416e-01	-1.458760e-01
5.316666e-01	7.773155e-01	-1.459588e-01
5.273534e-01	7.761402e-01	-1.459259e-01
5.499620e-01	7.790577e-01	-1.459769e-01
5.536500e-01	7.787932e-01	-1.459752e-01
5.576683e-01	7.781804e-01	-1.458796e-01
5.236860e-01	7.624958e-01	-2.845098e-02
5.631084e-01	7.638833e-01	-2.607662e-02
5.357893e-01	7.384691e-01	-1.257368e-01
5.515812e-01	7.390711e-01	-1.242979e-01
5.008913e-01	6.670691e-01	-5.736791e-02
5.871501e-01	6.638775e-01	-2.980576e-02
4.705792e-01	6.767837e-01	-3.773966e-01
6.037472e-01	6.647230e-01	-3.329432e-01
4.695744e-01	6.697440e-01	-6.745297e-01
6.061481e-01	6.701983e-01	-6.535224e-01
4.671951e-01	6.734047e-01	-7.491896e-01
6.092784e-01	6.742132e-01	-7.244806e-01
4.754879e-01	6.735265e-01	-7.473474e-01
6.043172e-01	6.774812e-01	-7.240924e-01
4.793146e-01	6.659723e-01	-6.854442e-01
6.003007e-01	6.729872e-01	-6.675305e-01
5.147039e-01	3.628034e-01	-4.356693e-03
5.731660e-01	3.619512e-01	4.409743e-03
5.055743e-01	1.689214e-01	-3.361308e-02
5.812929e-01	1.582664e-01	-9.509628e-03
5.002770e-01	6.229070e-03	1.616876e-01
5.751606e-01	1.634196e-03	1.454625e-01
5.039486e-01	-3.849865e-03	1.725448e-01
5.698279e-01	-5.956477e-03	1.527531e-01
5.042718e-01	-4.979215e-02	4.210024e-02
5.791152e-01	-4.977706e-02	1.486867e-02
5.442122e-01	7.637292e-01	-1.861436e-01
5.369256e-01	7.786532e-01	-1.636625e-01
5.319666e-01	7.775941e-01	-1.637649e-01
5.274901e-01	7.763355e-01	-1.637424e-01
5.500048e-01	7.797179e-01	-1.640513e-01
5.536715e-01	7.794832e-01	-1.641066e-01
5.578415e-01	7.788463e-01	-1.640372e-01
5.236707e-01	7.631766e-01	-4.501615e-02
5.631279e-01	7.648365e-01	-4.321761e-02
5.359617e-01	7.389879e-01	-1.429553e-01
5.515845e-01	7.397957e-01	-1.420661e-01
4.993996e-01	6.640702e-01	-5.595215e-02
5.880755e-01	6.585124e-01	-3.736974e-02
4.731866e-01	6.316804e-01	-3.666608e-01
6.051090e-01	6.136745e-01	-3.357699e-01
4.708581e-01	6.265687e-01	-6.874374e-01
6.090187e-01	6.270409e-01	-6.663455e-01
4.674726e-01	6.281838e-01	-7.622277e-01
6.096860e-01	6.349156e-01	-7.405008e-01
4.772453e-01	6.322175e-01	-7.610584e-01
6.053969e-01	6.429803e-01	-7.343162e-01
4.801615e-01	6.306823e-01	-6.981977e-01
6.012558e-01	6.382526e-01	-6.773555e-01
5.118265e-01	3.612579e-01	-5.337255e-03
5.715322e-01	3.619894e-01	5.360677e-03
5.041369e-01	1.659317e-01	-4.696756e-02
5.802728e-01	1.581229e-01	-1.453169e-02
4.999386e-01	4.678346e-03	1.699959e-01
5.750393e-01	2.866764e-03	1.555575e-01
5.035343e-01	-4.233631e-03	1.836113e-01
5.694419e-01	-4.715548e-03	1.642996e-01
5.019953e-01	-4.756122e-02	5.773839e-02
5.791958e-01	-4.844453e-02	2.886560e-02
5.448347e-01	7.637522e-01	-1.801881e-01
5.376318e-01	7.788443e-01	-1.590901e-01
5.330420e-01	7.777653e-01	-1.591435e-01
5.283456e-01	7.765219e-01	-1.591145e-01
5.502542e-01	7.798041e-01	-1.583580e-01
5.539347e-01	7.795056e-01	-1.584206e-01
5.580634e-01	7.788691e-01	-1.583403e-01
5.236560e-01	7.632632e-01	-3.969543e-02
5.631415e-01	7.648146e-01	-3.575466e-02
5.363360e-01	7.394568e-01	-1.361411e-01
5.515980e-01	7.404768e-01	-1.348799e-01
4.965014e-01	6.538729e-01	-3.999536e-04
5.896901e-01	6.533456e-01	1.094395e-02
4.642305e-01	5.482343e-01	-1.352229e-01
6.196832e-01	5.650165e-01	-1.398160e-01
4.664255e-01	5.824859e-01	-3.680838e-01
6.122334e-01	6.089789e-01	-4.019337e-01
4.651294e-01	5.956764e-01	-4.200347e-01
6.118469e-01	6.098731e-01	-4.619350e-01
4.729507e-01	6.084692e-01	-4.253420e-01
6.072126e-01	6.244447e-01	-4.541379e-01
4.753819e-01	6.041654e-01	-3.759054e-01
6.041214e-01	6.229330e-01	-4.065891e-01
5.109668e-01	3.615907e-01	-5.731705e-03
5.704671e-01	3.621098e-01	5.804120e-03
5.042588e-01	1.659114e-01	-4.476018e-02
5.802664e-01	1.586560e-01	-2.090128e-02
4.990760e-01	5.728312e-03	1.813663e-01
5.750639e-01	3.565274e-03	2.000798e-01
5.017384e-01	-2.882783e-03	2.053184e-01
5.694596e-01	-4.462915e-03	2.171472e-01
5.009962e-01	-4.684415e-02	9.283742e-02
5.804465e-01	-4.580697e-02	9.404250e-02
5.455142e-01	7.644817e-01	-2.086149e-01
5.382794e-01	7.797996e-01	-1.855668e-01
5.340225e-01	7.788540e-01	-1.856769e-01
5.292351e-01	7.774854e-01	-1.857647e-01
5.503914e-01	7.804152e-01	-1.835249e-01
5.540255e-01	7.800311e-01	-1.835806e-01
5.581109e-01	7.792061e-01	-1.835777e-01
5.237011e-01	7.633616e-01	-5.611557e-02
5.629523e-01	7.653811e-01	-3.980909e-02
5.367675e-01	7.404877e-01	-1.622390e-01
5.516371e-01	7.416793e-01	-1.591709e-01
4.957911e-01	6.441662e-01	-1.342012e-02
5.907304e-01	6.462052e-01	1.273149e-02
4.644547e-01	5.353646e-01	-6.492349e-02
6.146991e-01	5.303151e-01	-7.422119e-02
4.639860e-01	4.818223e-01	-2.347920e-01
6.120516e-01	5.720600e-01	-3.258513e-01
4.595379e-01	4.469881e-01	-2.772240e-01
6.107516e-01	5.799207e-01	-3.850837e-01
4.671162e-01	4.619612e-01	-3.063733e-01
6.084262e-01	5.988404e-01	-3.940654e-01
4.705690e-01	4.689614e-01	-2.507740e-01
6.057292e-01	5.962220e-01	-3.383628e-01
5.111640e-01	3.609838e-01	-1.042563e-02
5.704891e-01	3.614866e-01	1.058376e-02
5.044562e-01	1.655632e-01	-5.128589e-02
5.804021e-01	1.586754e-01	-4.382403e-03
4.987661e-01	6.436125e-03	1.677779e-01
5.749730e-01	1.082664e-03	1.920653e-01
5.008011e-01	-2.213858e-03	1.832754e-01
5.690463e-01	-5.840590e-03	2.054248e-01
5.003642e-01	-4.673288e-02	5.600059e-02
5.816153e-01	-4.706248e-02	8.499198e-02
5.462185e-01	7.661679e-01	-2.277509e-01
5.385057e-01	7.801981e-01	-2.065761e-01
5.342972e-01	7.791255e-01	-2.066760e-01
5.295202e-01	7.776936e-01	-2.067390e-01
5.504979e-01	7.808051e-01	-2.060527e-01
5.542179e-01	7.803212e-01	-2.061050e-01
5.583474e-01	7.794330e-01	-2.060806e-01
5.239378e-01	7.633461e-01	-9.224258e-02
5.630156e-01	7.661137e-01	-8.869385e-02
5.377020e-01	7.419618e-01	-1.863059e-01
5.525966e-01	7.435064e-01	-1.853831e-01
4.959464e-01	6.414651e-01	-2.561823e-02
5.920259e-01	6.456116e-01	-7.891401e-03
4.666494e-01	5.340617e-01	1.742292e-02
6.124348e-01	5.395862e-01	4.895880e-02
4.622703e-01	4.418038e-01	-3.685667e-02
6.131378e-01	4.615212e-01	-2.705532e-02
4.587332e-01	3.964306e-01	-6.109484e-02
6.140779e-01	4.253641e-01	-5.784244e-02
4.668909e-01	4.023578e-01	-9.978305e-02
6.094682e-01	4.279564e-01	-9.213800e-02
4.696138e-01	4.134694e-01	-5.352779e-02
6.064607e-01	4.409249e-01	-4.485227e-02
5.113305e-01	3.620784e-01	-9.953829e-03
5.704631e-01	3.621143e-01	1.009769e-02
5.043424e-01	1.671678e-01	-4.135185e-02
5.802730e-01	1.605337e-01	6.913020e-04
4.982680e-01	8.582405e-03	1.654527e-01
5.754918e-01	1.819341e-03	1.905465e-01
5.001479e-01	-2.052823e-03	1.783015e-01
5.692862e-01	-5.173357e-03	2.001089e-01
4.999412e-01	-4.165918e-02	4.797099e-02
5.827429e-01	-4.682778e-02	6.743977e-02
5.467390e-01	7.665497e-01	-2.251280e-01
5.388528e-01	7.805039e-01	-2.037294e-01
5.346988e-01	7.793862e-01	-2.037480e-01
5.299237e-01	7.778557e-01	-2.038279e-01
5.507191e-01	7.809749e-01	-2.013562e-01
5.545208e-01	7.804421e-01	-2.013583e-01
5.586060e-01	7.794867e-01	-2.013452e-01
5.242890e-01	7.632830e-01	-8.337341e-02
5.631421e-01	7.661582e-01	-8.090453e-02
5.381915e-01	7.425231e-01	-1.799480e-01
5.533015e-01	7.440370e-01	-1.796459e-01
4.960812e-01	6.405988e-01	-3.178502e-02
5.930163e-01	6.438485e-01	-8.867856e-03
4.688201e-01	5.199147e-01	-4.136318e-02
6.124446e-01	5.259268e-01	1.039195e-02
4.614747e-01	4.053108e-01	-1.649686e-01
6.172203e-01	4.223163e-01	-1.090924e-01
4.563707e-01	3.594620e-01	-2.053452e-01
6.188819e-01	3.858288e-01	-1.519604e-01
4.644106e-01	3.583705e-01	-2.416483e-01
6.133658e-01	3.857970e-01	-1.854319e-01
4.676614e-01	3.752045e-01	-1.831011e-01
6.100540e-01	3.948141e-01	-1.280365e-01
5.123292e-01	3.631713e-01	-9.583126e-03
5.708791e-01	3.627354e-01	9.728683e-03
5.039181e-01	1.675093e-01	-3.870595e-02
5.803076e-01	1.606826e-01	-2.851431e-04
4.982508e-01	8.541000e-03	1.460467e-01
5.756677e-01	1.329313e-03	1.552506e-01
5.003296e-01	-2.221599e-03	1.563552e-01
5.694833e-01	-6.455400e-03	1.611014e-01
4.992801e-01	-4.099732e-02	2.879661e-02
5.830090e-01	-4.674621e-02	2.563692e-02
5.468765e-01	7.663115e-01	-2.260213e-01
5.389000e-01	7.804126e-01	-2.042261e-01
5.347186e-01	7.792752e-01	-2.042838e-01
5.299776e-01	7.777184e-01	-2.043253e-01
5.507950e-01	7.808455e-01	-2.029766e-01
5.546702e-01	7.803152e-01	-2.030262e-01
5.587616e-01	7.793615e-01	-2.029891e-01
5.243323e-01	7.628354e-01	-9.321971e-02
5.631791e-01	7.660323e-01	-8.932857e-02
5.382971e-01	7.423617e-01	-1.862161e-01
5.535564e-01	7.438164e-01	-1.851460e-01
4.959208e-01	6.380594e-01	-4.773960e-02
5.935829e-01	6.407477e-01	-2.179893e-02
4.711908e-01	5.023469e-01	-6.134131e-02
6.121799e-01	5.076391e-01	-1.523968e-02
4.609261e-01	3.849263e-01	-1.892050e-01
6.188073e-01	3.930383e-01	-1.332286e-01
4.552225e-01	3.368910e-01	-2.306497e-01
6.193346e-01	3.531538e-01	-1.766110e-01
4.628213e-01	3.331186e-01	-2.678209e-01
6.151465e-01	3.508973e-01	-2.111545e-01
4.668296e-01	3.472391e-01	-2.073473e-01
6.101965e-01	3.587943e-01	-1.524633e-01
5.129557e-01	3.620632e-01	-8.432698e-03
5.719956e-01	3.622211e-01	8.580090e-03
5.039774e-01	1.659617e-01	-1.959837e-02
5.805061e-01	1.605703e-01	5.476256e-03
4.983242e-01	8.405512e-03	1.552440e-01
5.765434e-01	-4.841144e-04	1.600536e-01
5.005799e-01	-2.406330e-03	1.696543e-01
5.706123e-01	-8.196433e-03	1.687617e-01
4.984418e-01	-4.112748e-02	3.510476e-02
5.832351e-01	-4.955002e-02	3.432643e-02
5.471488e-01	7.657664e-01	-2.456438e-01
5.390479e-01	7.799038e-01	-2.248129e-01
5.348498e-01	7.787393e-01	-2.248718e-01
5.301125e-01	7.771936e-01	-2.248964e-01
5.509721e-01	7.804471e-01	-2.232534e-01
5.550082e-01	7.799122e-01	-2.233438e-01
5.590127e-01	7.790586e-01	-2.233260e-01
5.243740e-01	7.616928e-01	-1.181928e-01
5.632410e-01	7.658208e-01	-1.117102e-01
5.385599e-01	7.419323e-01	-2.078459e-01
5.541048e-01	7.433380e-01	-2.059194e-01
4.959925e-01	6.344766e-01	-7.325228e-02
5.946459e-01	6.389140e-01	-4.391802e-02
4.736861e-01	4.935766e-01	-6.447186e-02
6.119766e-01	4.984577e-01	-2.323131e-02
4.621164e-01	3.667738e-01	-1.609302e-01
6.212078e-01	3.750665e-01	-1.322954e-01
4.569957e-01	3.200068e-01	-1.972268e-01
6.224278e-01	3.332423e-01	-1.713309e-01
4.636860e-01	3.149209e-01	-2.349111e-01
6.166483e-01	3.311079e-01	-2.072543e-01
4.686778e-01	3.291226e-01	-1.783644e-01
6.123039e-01	3.452950e-01	-1.516422e-01
5.130782e-01	3.605997e-01	-7.690986e-03
5.722906e-01	3.601378e-01	7.844122e-03
5.039731e-01	1.655181e-01	-5.251828e-03
5.807744e-01	1.593533e-01	7.512183e-03
4.983546e-01	8.407534e-03	1.881063e-01
5.766183e-01	-3.978081e-03	1.635405e-01
5.007576e-01	-2.340899e-03	2.014522e-01
5.706355e-01	-1.205723e-02	1.721804e-01
4.981608e-01	-4.092709e-02	8.334794e-02
5.880237e-01	-6.591917e-02	3.744031e-02
5.471576e-01	7.650912e-01	-2.911231e-01
5.390494e-01	7.791815e-01	-2.713410e-01
5.348352e-01	7.778559e-01	-2.714035e-01
5.301195e-01	7.762800e-01	-2.714160e-01
5.509765e-01	7.800446e-01	-2.713394e-01
5.550317e-01	7.794933e-01	-2.714446e-01
5.590425e-01	7.786964e-01	-2.714362e-01
5.243747e-01	7.600899e-01	-1.614457e-01
5.632237e-01	7.653863e-01	-1.625474e-01
5.386505e-01	7.410703e-01	-2.511098e-01
5.542632e-01	7.424637e-01	-2.513670e-01
4.960902e-01	6.295412e-01	-1.043501e-01
5.955131e-01	6.359891e-01	-9.003451e-02
4.762193e-01	4.789504e-01	-7.537147e-02
6.120921e-01	4.866502e-01	-5.508449e-02
4.665807e-01	3.471372e-01	-1.547407e-01
6.241243e-01	3.544878e-01	-1.513380e-01
4.629288e-01	3.029073e-01	-1.860964e-01
6.251265e-01	3.182524e-01	-1.846465e-01
4.692376e-01	2.988733e-01	-2.200439e-01
6.213890e-01	3.161877e-01	-2.198950e-01
4.747447e-01	3.137950e-01	-1.702618e-01
6.157981e-01	3.301173e-01	-1.691029e-01
5.131226e-01	3.575363e-01	-4.259573e-03
5.723091e-01	3.565581e-01	4.363622e-03
5.038725e-01	1.639268e-01	6.215296e-03
5.807573e-01	1.564988e-01	1.129560e-02
4.986754e-01	7.641688e-03	2.128843e-01
5.771888e-01	-5.805679e-03	1.772290e-01
5.010619e-01	-2.889104e-03	2.273672e-01
5.712637e-01	-1.460490e-02	1.868006e-01
4.979908e-01	-4.088913e-02	1.136423e-01
5.887148e-01	-7.127789e-02	5.347248e-02
5.471779e-01	7.649392e-01	-2.618343e-01
5.391467e-01	7.790822e-01	-2.413670e-01
5.349281e-01	7.776477e-01	-2.414219e-01
5.302376e-01	7.758528e-01	-2.414245e-01
5.510055e-01	7.800322e-01	-2.404880e-01
5.550750e-01	7.794853e-01	-2.405840e-01
5.590942e-01	7.786821e-01	-2.405589e-01
5.245348e-01	7.597496e-01	-1.340401e-01
5.632153e-01	7.651963e-01	-1.300212e-01
5.388190e-01	7.409726e-01	-2.231842e-01
5.543509e-01	7.422872e-01	-2.220507e-01
4.961158e-01	6.299175e-01	-9.061865e-02
5.958967e-01	6.361068e-01	-6.751925e-02
4.769177e-01	4.806506e-01	-7.843827e-02
6.123117e-01	4.865348e-01	-3.742166e-02
4.702387e-01	3.486856e-01	-1.750395e-01
6.250243e-01	3.589773e-01	-1.393142e-01
4.653044e-01	3.037688e-01	-2.123722e-01
6.260183e-01	3.192905e-01	-1.771139e-01
4.739088e-01	2.997156e-01	-2.467670e-01
6.229731e-01	3.175834e-01	-2.113417e-01
4.797824e-01	3.152723e-01	-1.910465e-01
6.174780e-01	3.314281e-01	-1.573458e-01
5.131451e-01	3.565640e-01	-3.918160e-03
5.723368e-01	3.558361e-01	4.039700e-03
5.038049e-01	1.625585e-01	7.700254e-03
5.807821e-01	1.556576e-01	1.112659e-02
4.999484e-01	8.326309e-03	2.258459e-01
5.784233e-01	-7.891230e-03	1.789886e-01
5.025756e-01	-1.339977e-03	2.416977e-01
5.726277e-01	-1.729061e-02	1.886584e-01
4.980794e-01	-4.071349e-02	1.328932e-01
5.898580e-01	-7.709818e-02	5.675789e-02
5.471548e-01	7.650882e-01	-2.351684e-01
5.391620e-01	7.792431e-01	-2.152797e-01
5.349298e-01	7.778365e-01	-2.152881e-01
5.302666e-01	7.759323e-01	-2.152414e-01
5.510103e-01	7.802838e-01	-2.135789e-01
5.550760e-01	7.798387e-01	-2.136781e-01
5.591037e-01	7.790877e-01	-2.136205e-01
5.246978e-01	7.597623e-01	-1.214028e-01
5.632186e-01	7.651865e-01	-1.124333e-01
5.388295e-01	7.410005e-01	-2.011305e-01
5.543622e-01	7.422763e-01	-1.990626e-01
4.962440e-01	6.306508e-01	-7.962440e-02
5.962190e-01	6.360400e-01	-5.167546e-02
4.800496e-01	4.865406e-01	-7.805254e-02
6.128570e-01	4.866987e-01	-2.092148e-02
4.738027e-01	3.562038e-01	-2.032175e-01
6.245989e-01	3.530640e-01	-1.255371e-01
4.677759e-01	3.090794e-01	-2.444778e-01
6.259092e-01	3.102262e-01	-1.641838e-01
4.766256e-01	3.045191e-01	-2.767939e-01
6.212373e-01	3.084354e-01	-1.981796e-01
4.826131e-01	3.197218e-01	-2.194157e-01
6.160425e-01	3.234417e-01	-1.430180e-01
5.131551e-01	3.565230e-01	-3.782675e-03
5.723656e-01	3.560086e-01	3.916720e-03
5.038204e-01	1.620448e-01	8.403801e-04
5.807868e-01	1.557481e-01	1.087319e-02
5.013683e-01	7.623794e-03	1.988244e-01
5.793679e-01	-7.245672e-03	1.542883e-01
5.051596e-01	-2.324151e-03	2.116149e-01
5.745248e-01	-1.656924e-02	1.616458e-01
4.981903e-01	-4.099040e-02	1.284983e-01
5.905160e-01	-7.571685e-02	3.440657e-02
5.471333e-01	7.637253e-01	-2.328358e-01
5.392020e-01	7.784269e-01	-2.129378e-01
5.349431e-01	7.769456e-01	-2.129364e-01
5.303255e-01	7.748953e-01	-2.128778e-01
5.510348e-01	7.796308e-01	-2.114859e-01
5.551015e-01	7.792696e-01	-2.115803e-01
5.591482e-01	7.784212e-01	-2.115130e-01
5.250694e-01	7.590682e-01	-1.162124e-01
5.633688e-01	7.641030e-01	-1.086267e-01
5.388397e-01	7.398559e-01	-1.995856e-01
5.543650e-01	7.404236e-01	-1.978450e-01
4.965042e-01	6.295093e-01	-7.784866e-02
5.966502e-01	6.352595e-01	-5.004796e-02
4.840079e-01	4.836740e-01	-7.727028e-02
6.133584e-01	4.836474e-01	-2.875701e-02
4.796375e-01	3.485989e-01	-2.025521e-01
6.241368e-01	3.508196e-01	-1.353803e-01
4.733576e-01	3.041056e-01	-2.441855e-01
6.256196e-01	3.085436e-01	-1.743167e-01
4.827491e-01	3.006125e-01	-2.769796e-01
6.199961e-01	3.074567e-01	-2.075227e-01
4.881967e-01	3.156121e-01	-2.186602e-01
6.148335e-01	3.225493e-01	-1.524596e-01
5.134637e-01	3.564995e-01	-3.050343e-03
5.725285e-01	3.558464e-01	3.188488e-03
5.038348e-01	1.617327e-01	3.940132e-04
5.804353e-01	1.563120e-01	9.546227e-03
5.023717e-01	7.255877e-03	1.882803e-01
5.800520e-01	-6.938833e-03	1.567326e-01
5.069779e-01	-3.104854e-03	2.000888e-01
5.760199e-01	-1.591257e-02	1.645320e-01
4.982726e-01	-4.115124e-02	1.220163e-01
5.909632e-01	-7.265622e-02	3.770936e-02
5.471237e-01	7.629395e-01	-2.317637e-01
5.393558e-01	7.781428e-01	-2.120665e-01
5.350991e-01	7.768149e-01	-2.120637e-01
5.305001e-01	7.748117e-01	-2.119970e-01
5.511816e-01	7.791822e-01	-2.104439e-01
5.552922e-01	7.788223e-01	-2.105323e-01
5.593531e-01	7.778995e-01	-2.104611e-01
5.254074e-01	7.590777e-01	-1.121667e-01
5.636595e-01	7.631598e-01	-1.063906e-01
5.388438e-01	7.393530e-01	-1.994743e-01
5.543603e-01	7.394717e-01	-1.972010e-01
4.967794e-01	6.283522e-01	-7.468880e-02
5.966042e-01	6.347698e-01	-4.922140e-02
4.857826e-01	4.773757e-01	-7.626368e-02
6.131820e-01	4.812864e-01	-3.185044e-02
4.832435e-01	3.433219e-01	-1.926656e-01
6.221941e-01	3.480169e-01	-1.370169e-01
4.777508e-01	2.994392e-01	-2.327704e-01
6.238124e-01	3.051262e-01	-1.752572e-01
4.872362e-01	2.969970e-01	-2.645503e-01
6.163173e-01	3.035967e-01	-2.080037e-01
4.925891e-01	3.121771e-01	-2.081590e-01
6.116570e-01	3.187085e-01	-1.537102e-01
5.148579e-01	3.563819e-01	-2.664401e-03
5.729495e-01	3.555156e-01	2.792055e-03
5.040972e-01	1.616655e-01	1.793336e-03
5.803304e-01	1.570269e-01	1.219094e-02
5.029596e-01	6.349775e-03	1.741487e-01
5.803900e-01	-6.100698e-03	1.585704e-01
5.078437e-01	-5.000603e-03	1.845177e-01
5.768594e-01	-1.585779e-02	1.664135e-01
4.983272e-01	-4.183033e-02	8.766966e-02
5.906149e-01	-7.096761e-02	3.945837e-02
5.471164e-01	7.605004e-01	-2.256809e-01
5.394920e-01	7.769271e-01	-2.064835e-01
5.352603e-01	7.758774e-01	-2.064870e-01
5.306712e-01	7.740396e-01	-2.064148e-01
5.513228e-01	7.776935e-01	-2.046449e-01
5.555107e-01	7.772766e-01	-2.047242e-01
5.595577e-01	7.762040e-01	-2.046617e-01
5.257532e-01	7.589329e-01	-1.104340e-01
5.639283e-01	7.617438e-01	-1.016940e-01
5.388543e-01	7.376348e-01	-1.921830e-01
5.543635e-01	7.369428e-01	-1.896421e-01
4.968886e-01	6.284658e-01	-7.041337e-02
5.965769e-01	6.344129e-01	-4.742694e-02
4.864296e-01	4.785074e-01	-7.218546e-02
6.118658e-01	4.810027e-01	-2.906041e-02
4.857304e-01	3.451241e-01	-1.862474e-01
6.190133e-01	3.478839e-01	-1.357608e-01
4.821373e-01	3.021418e-01	-2.261900e-01
6.216803e-01	3.047524e-01	-1.744431e-01
4.915025e-01	3.007917e-01	-2.570881e-01
6.114395e-01	3.041423e-01	-2.067232e-01
4.964930e-01	3.161338e-01	-2.012651e-01
6.065955e-01	3.185420e-01	-1.520889e-01
5.152056e-01	3.562125e-01	-2.583498e-03
5.729407e-01	3.552909e-01	2.706900e-03
5.041951e-01	1.611794e-01	8.344692e-04
5.803339e-01	1.572977e-01	1.194802e-02
5.033900e-01	4.759612e-03	1.528177e-01
5.809711e-01	-5.073472e-03	1.488467e-01
5.087546e-01	-8.069051e-03	1.612803e-01
5.776749e-01	-1.573274e-02	1.553917e-01
4.983623e-01	-4.594826e-02	5.643790e-02
5.885460e-01	-6.387271e-02	3.611556e-02
