4.789887e-01	8.142092e-01	-2.523839e-01
4.736110e-01	8.328526e-01	-2.327113e-01
4.689220e-01	8.330016e-01	-2.327463e-01
4.658259e-01	8.332333e-01	-2.326982e-01
4.867068e-01	8.323702e-01	-2.369138e-01
4.910628e-01	8.316644e-01	-2.370189e-01
4.959765e-01	8.308545e-01	-2.370206e-01
4.603042e-01	8.214929e-01	-1.206393e-01
5.035657e-01	8.186705e-01	-1.385680e-01
4.706576e-01	7.923210e-01	-2.105369e-01
4.877182e-01	7.910933e-01	-2.158370e-01
4.304542e-01	6.806303e-01	-4.841022e-02
5.357015e-01	6.824774e-01	-8.806358e-02
4.182329e-01	5.319653e-01	-1.128374e-02
5.494133e-01	5.301427e-01	-6.214313e-02
3.962333e-01	4.009296e-01	-1.039997e-01
5.802267e-01	3.937682e-01	-1.598634e-01
3.851641e-01	3.611832e-01	-1.330230e-01
5.940372e-01	3.543804e-01	-1.913958e-01
3.849848e-01	3.592297e-01	-1.723649e-01
5.900339e-01	3.527976e-01	-2.373067e-01
3.925237e-01	3.753769e-01	-1.221081e-01
5.824157e-01	3.658276e-01	-1.809599e-01
4.554353e-01	3.895285e-01	1.578696e-02
5.165558e-01	3.951497e-01	-1.565717e-02
4.702024e-01	1.628339e-01	-2.542981e-02
5.153834e-01	1.699163e-01	-3.480086e-02
4.868910e-01	-9.303510e-03	1.708034e-01
5.149714e-01	-2.477407e-03	1.379541e-01
4.930630e-01	-2.340505e-02	1.826790e-01
5.131941e-01	-1.952744e-02	1.478357e-01
4.838453e-01	-6.995279e-02	6.318174e-02
5.153939e-01	-7.320040e-02	1.062624e-02
4.788486e-01	8.142182e-01	-2.293518e-01
4.735197e-01	8.329058e-01	-2.083663e-01
4.688762e-01	8.330185e-01	-2.083898e-01
4.657645e-01	8.332344e-01	-2.083371e-01
4.866750e-01	8.323700e-01	-2.117766e-01
4.910035e-01	8.316623e-01	-2.118693e-01
4.958697e-01	8.308399e-01	-2.118455e-01
4.602967e-01	8.214588e-01	-9.597854e-02
5.032454e-01	8.182278e-01	-1.115951e-01
4.704221e-01	7.923389e-01	-1.881272e-01
4.874204e-01	7.909012e-01	-1.925483e-01
4.306286e-01	6.830139e-01	-4.108123e-02
5.359688e-01	6.834531e-01	-5.905156e-02
4.182102e-01	5.322046e-01	-1.090030e-02
5.494937e-01	5.302938e-01	-4.238460e-02
3.966055e-01	4.027211e-01	-1.151309e-01
5.798825e-01	3.939903e-01	-1.564160e-01
3.857269e-01	3.617770e-01	-1.482860e-01
5.932922e-01	3.543616e-01	-1.909930e-01
3.855764e-01	3.601876e-01	-1.892504e-01
5.890459e-01	3.526587e-01	-2.350854e-01
3.931065e-01	3.758385e-01	-1.339357e-01
5.811478e-01	3.657080e-01	-1.771014e-01
4.554089e-01	3.896392e-01	1.282271e-02
5.165176e-01	3.951494e-01	-1.267680e-02
4.703101e-01	1.653283e-01	-1.218478e-02
5.152694e-01	1.704781e-01	-3.238302e-02
4.847389e-01	-8.862335e-03	1.626088e-01
5.148478e-01	-2.802340e-03	1.113896e-01
4.907494e-01	-1.906873e-02	1.722350e-01
5.131759e-01	-1.719343e-02	1.174288e-01
4.817149e-01	-7.050914e-02	5.710017e-02
5.109166e-01	-7.803819e-02	-1.728157e-02
4.782294e-01	8.142630e-01	-2.349013e-01
4.727077e-01	8.330268e-01	-2.144627e-01
4.684398e-01	8.330524e-01	-2.144879e-01
4.652208e-01	8.332431e-01	-2.144342e-01
4.862571e-01	8.324985e-01	-2.182854e-01
4.906874e-01	8.317988e-01	-2.183840e-01
4.954352e-01	8.310157e-01	-2.183701e-01
4.601069e-01	8.212718e-01	-1.023702e-01
5.029641e-01	8.182267e-01	-1.188099e-01
4.699660e-01	7.923464e-01	-1.935885e-01
4.870902e-01	7.908400e-01	-1.983960e-01
4.306875e-01	6.847944e-01	-4.260797e-02
5.363240e-01	6.846247e-01	-6.028794e-02
4.184825e-01	5.353248e-01	-7.608538e-03
5.501134e-01	5.319146e-01	-3.465538e-02
3.980196e-01	4.119216e-01	-1.098801e-01
5.806773e-01	4.048901e-01	-1.494069e-01
3.890548e-01	3.709600e-01	-1.423841e-01
5.935045e-01	3.629156e-01	-1.845900e-01
3.884817e-01	3.713521e-01	-1.832245e-01
5.896256e-01	3.615706e-01	-2.261107e-01
3.951667e-01	3.858682e-01	-1.284547e-01
5.822185e-01	3.751383e-01	-1.694869e-01
4.553890e-01	3.903392e-01	8.434529e-03
5.164964e-01	3.950772e-01	-8.289302e-03
4.702277e-01	1.661521e-01	-1.252265e-02
5.151629e-01	1.705489e-01	-2.592082e-02
4.836538e-01	-8.134512e-03	1.633099e-01
5.147635e-01	-2.797957e-03	1.178022e-01
4.891084e-01	-1.528112e-02	1.735310e-01
5.129243e-01	-1.446450e-02	1.259758e-01
4.817748e-01	-7.050861e-02	5.764520e-02
5.096842e-01	-7.946999e-02	-9.522579e-03
4.777798e-01	8.143512e-01	-2.282238e-01
4.721309e-01	8.333389e-01	-2.077585e-01
4.680842e-01	8.332618e-01	-2.078013e-01
4.647388e-01	8.334132e-01	-2.077638e-01
4.860238e-01	8.327965e-01	-2.110801e-01
4.905017e-01	8.320997e-01	-2.111710e-01
4.951831e-01	8.313020e-01	-2.111522e-01
4.599009e-01	8.212710e-01	-9.355646e-02
5.028412e-01	8.182277e-01	-1.088158e-01
4.695283e-01	7.923805e-01	-1.859647e-01
4.868392e-01	7.908285e-01	-1.903190e-01
4.306682e-01	6.854934e-01	-3.433216e-02
5.363441e-01	6.873019e-01	-4.440505e-02
4.184707e-01	5.393227e-01	1.462964e-02
5.526128e-01	5.410240e-01	-1.234735e-02
3.983123e-01	4.203240e-01	-7.857890e-02
5.813447e-01	4.213253e-01	-1.269936e-01
3.906586e-01	3.794965e-01	-1.083362e-01
5.939137e-01	3.808117e-01	-1.622740e-01
3.892979e-01	3.816803e-01	-1.488067e-01
5.903882e-01	3.765506e-01	-2.024047e-01
3.955312e-01	3.958775e-01	-9.664025e-02
5.823361e-01	3.914596e-01	-1.466079e-01
4.554148e-01	3.903412e-01	6.397339e-03
5.164801e-01	3.950114e-01	-6.245555e-03
4.699025e-01	1.661138e-01	-1.425801e-02
5.151604e-01	1.704515e-01	-2.766393e-02
4.836149e-01	-8.089759e-03	1.660728e-01
5.147552e-01	-2.780335e-03	1.203605e-01
4.891342e-01	-1.418576e-02	1.776075e-01
5.129306e-01	-1.264494e-02	1.296661e-01
4.821055e-01	-7.183833e-02	6.046999e-02
5.098438e-01	-8.177128e-02	-5.605310e-03
4.774990e-01	8.143578e-01	-2.023768e-01
4.715766e-01	8.335124e-01	-1.809102e-01
4.677330e-01	8.333963e-01	-1.809608e-01
4.642383e-01	8.335095e-01	-1.809381e-01
4.857741e-01	8.330303e-01	-1.853578e-01
4.903029e-01	8.323943e-01	-1.854258e-01
4.949149e-01	8.316073e-01	-1.853761e-01
4.595391e-01	8.212782e-01	-6.362873e-02
5.026661e-01	8.183534e-01	-8.451393e-02
4.692170e-01	7.923887e-01	-1.589709e-01
4.866618e-01	7.908266e-01	-1.648883e-01
4.306721e-01	6.889382e-01	-5.912418e-03
5.363440e-01	6.906070e-01	-2.244784e-02
4.184419e-01	5.455662e-01	4.820049e-02
5.529889e-01	5.512345e-01	9.864878e-03
3.985031e-01	4.323181e-01	-4.426085e-02
5.814751e-01	4.360725e-01	-1.075872e-01
3.911156e-01	3.922355e-01	-7.479976e-02
5.936784e-01	4.011280e-01	-1.451930e-01
3.903643e-01	3.933620e-01	-1.173065e-01
5.907753e-01	3.997647e-01	-1.866258e-01
3.958849e-01	4.061934e-01	-6.308581e-02
5.828892e-01	4.124393e-01	-1.279534e-01
4.553163e-01	3.904406e-01	6.613707e-03
5.163737e-01	3.949988e-01	-6.462824e-03
4.691642e-01	1.656520e-01	-2.548982e-02
5.151056e-01	1.702129e-01	-4.436898e-02
4.835515e-01	-8.510295e-03	1.679812e-01
5.145367e-01	-3.501132e-03	1.226320e-01
4.891347e-01	-1.455693e-02	1.807158e-01
5.127788e-01	-1.283332e-02	1.306243e-01
4.821359e-01	-7.384233e-02	6.163426e-02
5.100045e-01	-8.386789e-02	-4.069020e-03
4.772747e-01	8.143626e-01	-2.022406e-01
4.712921e-01	8.336262e-01	-1.796513e-01
4.675295e-01	8.335412e-01	-1.797204e-01
4.640015e-01	8.336552e-01	-1.797168e-01
4.856319e-01	8.331638e-01	-1.850995e-01
4.901958e-01	8.325784e-01	-1.851535e-01
4.947930e-01	8.317648e-01	-1.851096e-01
4.593200e-01	8.215641e-01	-5.508345e-02
5.025920e-01	8.185228e-01	-8.028949e-02
4.689259e-01	7.924524e-01	-1.559378e-01
4.864522e-01	7.908301e-01	-1.630273e-01
4.306267e-01	6.917977e-01	9.312473e-03
5.361169e-01	6.946068e-01	-1.968665e-02
4.184629e-01	5.524300e-01	6.634839e-02
5.529178e-01	5.621489e-01	6.452399e-03
3.989643e-01	4.510933e-01	-2.654926e-02
5.800654e-01	4.482342e-01	-1.151723e-01
3.917807e-01	4.130623e-01	-5.771336e-02
5.907827e-01	4.167233e-01	-1.544154e-01
3.906206e-01	4.127797e-01	-1.023439e-01
5.904931e-01	4.145230e-01	-1.964157e-01
3.959841e-01	4.242376e-01	-4.656775e-02
5.825289e-01	4.286388e-01	-1.361440e-01
4.553070e-01	3.909564e-01	7.139077e-03
5.162370e-01	3.949818e-01	-6.988680e-03
4.690527e-01	1.656406e-01	-3.243826e-02
5.151025e-01	1.702055e-01	-5.451859e-02
4.833632e-01	-9.410951e-03	1.690333e-01
5.143884e-01	-4.241235e-03	1.264676e-01
4.889231e-01	-1.588382e-02	1.821218e-01
5.126494e-01	-1.325593e-02	1.370624e-01
4.825612e-01	-7.882714e-02	5.953350e-02
5.102807e-01	-8.561209e-02	-3.878260e-03
4.771124e-01	8.144159e-01	-1.565046e-01
4.710953e-01	8.336948e-01	-1.322471e-01
4.673823e-01	8.336298e-01	-1.323257e-01
4.638558e-01	8.337085e-01	-1.323223e-01
4.854012e-01	8.333400e-01	-1.389588e-01
4.900218e-01	8.328609e-01	-1.390055e-01
4.945676e-01	8.320344e-01	-1.389484e-01
4.592198e-01	8.217966e-01	-7.359071e-03
5.024482e-01	8.189374e-01	-3.779320e-02
4.688101e-01	7.924885e-01	-1.104728e-01
4.862638e-01	7.908958e-01	-1.190802e-01
4.306460e-01	6.952637e-01	4.854941e-02
5.354639e-01	6.982508e-01	8.718880e-03
4.170569e-01	5.679708e-01	9.610096e-02
5.528518e-01	5.726855e-01	1.637757e-02
3.998118e-01	4.720315e-01	1.146869e-02
5.800107e-01	4.700883e-01	-1.089243e-01
3.932893e-01	4.357460e-01	-1.991276e-02
5.909156e-01	4.393598e-01	-1.500292e-01
3.939394e-01	4.348947e-01	-6.117886e-02
5.912996e-01	4.400615e-01	-1.899273e-01
3.993542e-01	4.473943e-01	-7.361932e-03
5.829104e-01	4.550832e-01	-1.294477e-01
4.548317e-01	3.932607e-01	7.916855e-03
5.154623e-01	3.953981e-01	-7.742485e-03
4.688305e-01	1.660696e-01	-4.520929e-02
5.150744e-01	1.702108e-01	-7.191098e-02
4.833828e-01	-1.112720e-02	1.621183e-01
5.139282e-01	-9.800298e-03	9.885451e-02
4.889638e-01	-1.867736e-02	1.751584e-01
5.119683e-01	-2.132981e-02	1.078841e-01
4.825852e-01	-8.342605e-02	4.983306e-02
5.103521e-01	-9.420689e-02	-3.639444e-02
4.771140e-01	8.153947e-01	-1.534043e-01
4.709712e-01	8.342421e-01	-1.294463e-01
4.672593e-01	8.341324e-01	-1.295149e-01
4.637071e-01	8.340283e-01	-1.295043e-01
4.852927e-01	8.344946e-01	-1.353746e-01
4.899299e-01	8.343394e-01	-1.354358e-01
4.944411e-01	8.336841e-01	-1.353891e-01
4.589864e-01	8.221042e-01	-7.684840e-03
5.022806e-01	8.206626e-01	-3.472559e-02
4.688122e-01	7.930693e-01	-1.088367e-01
4.862781e-01	7.923037e-01	-1.164569e-01
4.306096e-01	6.958249e-01	4.462346e-02
5.349779e-01	7.002124e-01	1.170832e-02
4.163249e-01	5.715423e-01	8.620407e-02
5.528783e-01	5.737138e-01	2.666270e-02
4.004485e-01	4.763640e-01	-3.465711e-03
5.802621e-01	4.691497e-01	-9.203587e-02
3.943193e-01	4.404054e-01	-3.624835e-02
5.909532e-01	4.357844e-01	-1.326028e-01
3.959431e-01	4.393907e-01	-7.635887e-02
5.922022e-01	4.363076e-01	-1.729677e-01
4.011378e-01	4.521071e-01	-2.191697e-02
5.835804e-01	4.494247e-01	-1.125549e-01
4.547188e-01	3.957197e-01	8.292961e-03
5.152990e-01	3.963177e-01	-8.098547e-03
4.688219e-01	1.667891e-01	-4.511511e-02
5.150922e-01	1.702051e-01	-7.315838e-02
4.834364e-01	-1.181228e-02	1.613380e-01
5.139226e-01	-1.310665e-02	8.771618e-02
4.891868e-01	-1.941188e-02	1.744809e-01
5.119120e-01	-2.573645e-02	9.603181e-02
4.827459e-01	-8.494493e-02	5.160947e-02
5.108152e-01	-9.952505e-02	-4.567603e-02
4.768685e-01	8.156760e-01	-1.165401e-01
4.706889e-01	8.348313e-01	-8.905736e-02
4.670439e-01	8.348051e-01	-8.913790e-02
4.634104e-01	8.346156e-01	-8.912382e-02
4.849930e-01	8.351277e-01	-9.617510e-02
4.897421e-01	8.350284e-01	-9.624152e-02
4.942346e-01	8.343396e-01	-9.617764e-02
4.588060e-01	8.232041e-01	4.250660e-02
5.021313e-01	8.214337e-01	9.991461e-03
4.685619e-01	7.933202e-01	-6.893400e-02
4.860295e-01	7.927338e-01	-7.808803e-02
4.306154e-01	6.975428e-01	8.943293e-02
5.336295e-01	7.033827e-01	2.891572e-02
4.164415e-01	5.731067e-01	7.879508e-02
5.529274e-01	5.838760e-01	-4.192331e-02
4.010678e-01	4.815100e-01	-6.054820e-03
5.812615e-01	4.939370e-01	-2.347435e-01
3.954991e-01	4.458241e-01	-6.099172e-02
5.921376e-01	4.644880e-01	-2.854638e-01
3.962193e-01	4.479323e-01	-8.175461e-02
5.918516e-01	4.681832e-01	-3.132637e-01
4.013205e-01	4.606620e-01	-2.427957e-02
5.830134e-01	4.746165e-01	-2.525409e-01
4.546302e-01	4.015907e-01	1.565909e-02
5.148481e-01	4.001146e-01	-1.544500e-02
4.687369e-01	1.678433e-01	-5.038629e-02
5.150583e-01	1.702476e-01	-9.094491e-02
4.836354e-01	-1.401024e-02	1.217822e-01
5.138903e-01	-1.532167e-02	4.249798e-02
4.901825e-01	-2.322805e-02	1.312844e-01
5.119289e-01	-2.980151e-02	4.828204e-02
4.823689e-01	-9.185346e-02	1.384199e-02
5.109318e-01	-1.031340e-01	-9.114299e-02
4.768646e-01	8.167721e-01	-1.540076e-01
4.706895e-01	8.356046e-01	-1.322231e-01
4.670117e-01	8.355942e-01	-1.322813e-01
4.633794e-01	8.353444e-01	-1.322524e-01
4.849756e-01	8.358096e-01	-1.373641e-01
4.897259e-01	8.356108e-01	-1.374281e-01
4.942250e-01	8.348646e-01	-1.373709e-01
4.586338e-01	8.239073e-01	3.871951e-04
5.020465e-01	8.217147e-01	-3.278970e-02
4.684958e-01	7.942213e-01	-1.110723e-01
4.860185e-01	7.935895e-01	-1.183898e-01
4.305461e-01	6.976789e-01	6.692367e-02
5.316479e-01	7.028885e-01	3.489433e-03
4.145195e-01	5.719557e-01	8.707225e-02
5.539514e-01	5.814124e-01	-9.851661e-02
4.011092e-01	4.762563e-01	-8.465891e-03
5.814240e-01	5.278999e-01	-3.223162e-01
3.966255e-01	4.393624e-01	-4.017109e-02
5.907612e-01	5.035474e-01	-3.775150e-01
3.983229e-01	4.397854e-01	-7.574866e-02
5.913850e-01	5.071521e-01	-4.017849e-01
4.019858e-01	4.537041e-01	-2.657489e-02
5.812238e-01	5.308383e-01	-3.397219e-01
4.544831e-01	4.015824e-01	2.041620e-02
5.137808e-01	4.007534e-01	-2.023828e-02
4.685774e-01	1.683387e-01	-4.619315e-02
5.148986e-01	1.703955e-01	-8.926217e-02
4.843269e-01	-1.465235e-02	1.371753e-01
5.139516e-01	-1.733025e-02	6.114590e-02
4.915796e-01	-2.387406e-02	1.480288e-01
5.121281e-01	-3.249478e-02	6.844847e-02
4.839474e-01	-9.448949e-02	2.870985e-02
5.107369e-01	-1.045154e-01	-7.590009e-02
4.768285e-01	8.178681e-01	-3.006888e-01
4.706468e-01	8.364155e-01	-2.758706e-01
4.669245e-01	8.363268e-01	-2.760139e-01
4.632761e-01	8.359945e-01	-2.760961e-01
4.849163e-01	8.365882e-01	-2.830894e-01
4.896739e-01	8.362666e-01	-2.831962e-01
4.941917e-01	8.354697e-01	-2.832568e-01
4.584064e-01	8.240404e-01	-1.322430e-01
5.020236e-01	8.218682e-01	-1.654422e-01
4.684368e-01	7.947612e-01	-2.467642e-01
4.860141e-01	7.941624e-01	-2.561017e-01
4.306159e-01	6.952572e-01	-3.003385e-02
5.317411e-01	7.025206e-01	-8.648086e-02
4.088570e-01	5.715932e-01	5.679835e-02
5.558857e-01	5.784684e-01	-7.172720e-02
4.017850e-01	4.419966e-01	-1.981859e-02
5.767878e-01	4.712914e-01	-1.343525e-01
4.010469e-01	4.014817e-01	-4.222425e-02
5.772313e-01	4.279464e-01	-1.579227e-01
4.043790e-01	4.169382e-01	-7.770975e-02
5.758972e-01	4.300215e-01	-1.938578e-01
4.090805e-01	4.187746e-01	-3.628083e-02
5.740249e-01	4.525808e-01	-1.505146e-01
4.545838e-01	4.014777e-01	1.951822e-02
5.137948e-01	4.006552e-01	-1.934855e-02
4.685791e-01	1.683189e-01	-2.515564e-02
5.149548e-01	1.704081e-01	-8.845399e-02
4.849061e-01	-1.565730e-02	1.640621e-01
5.139991e-01	-1.840957e-02	6.776569e-02
4.922999e-01	-2.471861e-02	1.758922e-01
5.122109e-01	-3.351735e-02	7.683415e-02
4.845456e-01	-9.561380e-02	4.728575e-02
5.107497e-01	-1.046328e-01	-5.992260e-02
4.768159e-01	8.184369e-01	-2.982118e-01
4.705994e-01	8.368470e-01	-2.719257e-01
4.668380e-01	8.366770e-01	-2.720690e-01
4.631596e-01	8.362714e-01	-2.721681e-01
4.848615e-01	8.370271e-01	-2.789623e-01
4.896309e-01	8.366354e-01	-2.790688e-01
4.941725e-01	8.358204e-01	-2.791147e-01
4.579882e-01	8.240378e-01	-1.281895e-01
5.020133e-01	8.219711e-01	-1.607501e-01
4.684253e-01	7.949400e-01	-2.446856e-01
4.860172e-01	7.944386e-01	-2.541710e-01
4.306186e-01	6.912861e-01	-3.679153e-02
5.322791e-01	7.019303e-01	-8.613687e-02
4.003444e-01	5.683301e-01	2.623929e-02
5.618804e-01	5.772439e-01	-7.616887e-02
4.017568e-01	4.155271e-01	-6.697316e-02
5.758312e-01	4.840389e-01	-1.965652e-01
4.014762e-01	3.669138e-01	-9.411860e-02
5.760432e-01	4.547345e-01	-2.331104e-01
4.084430e-01	3.746783e-01	-1.276986e-01
5.734905e-01	4.687895e-01	-2.606813e-01
4.113767e-01	3.852920e-01	-8.255800e-02
5.711519e-01	4.794972e-01	-2.112710e-01
4.547836e-01	3.979601e-01	1.825322e-02
5.147400e-01	3.990178e-01	-1.813506e-02
4.685989e-01	1.678502e-01	-2.496298e-02
5.151380e-01	1.702041e-01	-6.788505e-02
4.851239e-01	-1.733083e-02	1.848547e-01
5.140132e-01	-1.946836e-02	1.088232e-01
4.923626e-01	-2.653386e-02	1.988193e-01
5.121697e-01	-3.417516e-02	1.186509e-01
4.856899e-01	-9.905745e-02	6.979809e-02
5.110298e-01	-1.060658e-01	-3.370079e-02
4.766931e-01	8.185793e-01	-2.494195e-01
4.703801e-01	8.369335e-01	-2.143488e-01
4.666189e-01	8.367099e-01	-2.145134e-01
4.628456e-01	8.362792e-01	-2.145878e-01
4.846115e-01	8.371620e-01	-2.185272e-01
4.894357e-01	8.367416e-01	-2.186491e-01
4.940116e-01	8.359304e-01	-2.187177e-01
4.574225e-01	8.238724e-01	-5.236686e-02
5.019439e-01	8.220558e-01	-7.585210e-02
4.683469e-01	7.949450e-01	-1.857645e-01
4.859955e-01	7.945086e-01	-1.919135e-01
4.308760e-01	6.921248e-01	2.653256e-02
5.323644e-01	7.039703e-01	-1.603835e-02
3.969209e-01	5.773610e-01	3.259096e-02
5.645308e-01	5.929703e-01	-9.712942e-02
3.906956e-01	4.787663e-01	-9.569448e-02
5.733970e-01	6.016344e-01	-3.348602e-01
3.885808e-01	4.445052e-01	-1.306642e-01
5.733551e-01	6.032066e-01	-3.902705e-01
3.974826e-01	4.576847e-01	-1.626219e-01
5.716149e-01	6.187792e-01	-4.054771e-01
4.051380e-01	4.889016e-01	-1.120843e-01
5.702382e-01	6.179930e-01	-3.479488e-01
4.547530e-01	3.978886e-01	1.351171e-02
5.147257e-01	3.990855e-01	-1.335310e-02
4.686731e-01	1.678441e-01	-4.173816e-02
5.153869e-01	1.703379e-01	-6.131678e-02
4.851369e-01	-1.741305e-02	1.750049e-01
5.140435e-01	-1.960565e-02	1.110652e-01
4.922960e-01	-2.699880e-02	1.894210e-01
5.118741e-01	-3.400752e-02	1.199671e-01
4.867442e-01	-9.899004e-02	5.119866e-02
5.129386e-01	-1.053384e-01	-3.371855e-02
4.765617e-01	8.187323e-01	-2.181655e-01
4.701634e-01	8.370056e-01	-1.861280e-01
4.664056e-01	8.367295e-01	-1.862640e-01
4.625381e-01	8.362805e-01	-1.863049e-01
4.843979e-01	8.372954e-01	-1.904929e-01
4.892685e-01	8.368527e-01	-1.905938e-01
4.938649e-01	8.360457e-01	-1.906289e-01
4.569668e-01	8.236321e-01	-3.156201e-02
5.018812e-01	8.221160e-01	-5.406279e-02
4.682375e-01	7.949492e-01	-1.595209e-01
4.859657e-01	7.945917e-01	-1.655042e-01
4.310714e-01	6.926328e-01	4.047246e-02
5.323836e-01	7.050031e-01	3.491040e-04
3.961553e-01	5.805327e-01	2.480796e-02
5.650845e-01	5.977496e-01	-9.749588e-02
3.901670e-01	5.162767e-01	-1.410291e-01
5.721959e-01	6.115453e-01	-3.384246e-01
3.843389e-01	4.638623e-01	-1.809320e-01
5.723966e-01	6.137562e-01	-3.941935e-01
3.920892e-01	5.057738e-01	-2.114106e-01
5.709291e-01	6.287737e-01	-4.097397e-01
4.017264e-01	5.039198e-01	-1.577518e-01
5.697348e-01	6.278268e-01	-3.516991e-01
4.547026e-01	3.978699e-01	1.061590e-02
5.146800e-01	3.993130e-01	-1.043734e-02
4.687006e-01	1.678630e-01	-4.689129e-02
5.155205e-01	1.705255e-01	-5.737644e-02
4.851348e-01	-1.734978e-02	1.653480e-01
5.140543e-01	-1.939889e-02	1.107987e-01
4.921080e-01	-2.692854e-02	1.790040e-01
5.116056e-01	-3.372922e-02	1.193570e-01
4.871713e-01	-9.849221e-02	4.238047e-02
5.138956e-01	-1.046299e-01	-3.379389e-02
4.765615e-01	8.187270e-01	-2.305865e-01
4.701246e-01	8.369682e-01	-2.002856e-01
4.663295e-01	8.365942e-01	-2.004047e-01
4.624268e-01	8.360434e-01	-2.003855e-01
4.843642e-01	8.372846e-01	-2.037844e-01
4.892314e-01	8.368205e-01	-2.038908e-01
4.938402e-01	8.360150e-01	-2.039103e-01
4.565824e-01	8.229015e-01	-4.049883e-02
5.018775e-01	8.220647e-01	-6.439488e-02
4.682366e-01	7.946470e-01	-1.707878e-01
4.860129e-01	7.945424e-01	-1.747578e-01
4.316777e-01	6.960199e-01	4.817380e-02
5.323878e-01	7.073128e-01	-9.981630e-03
3.978960e-01	6.077505e-01	1.666504e-01
5.655301e-01	6.342018e-01	-1.396442e-01
3.703951e-01	5.775231e-01	2.134003e-01
5.760149e-01	6.185119e-01	-3.814564e-01
3.565556e-01	5.664897e-01	2.165758e-01
5.845920e-01	6.101044e-01	-4.293922e-01
3.567578e-01	5.787398e-01	1.744269e-01
5.761567e-01	6.256820e-01	-4.506562e-01
3.633669e-01	5.782127e-01	1.980208e-01
5.759635e-01	6.265691e-01	-3.979459e-01
4.547039e-01	3.981389e-01	1.189092e-02
5.146209e-01	3.994513e-01	-1.171018e-02
4.686953e-01	1.679881e-01	-3.884274e-02
5.154784e-01	1.708759e-01	-4.426425e-02
4.851378e-01	-1.702930e-02	1.467060e-01
5.141015e-01	-1.858396e-02	1.099856e-01
4.920462e-01	-2.655038e-02	1.563959e-01
5.115880e-01	-3.279118e-02	1.183793e-01
4.883420e-01	-9.788309e-02	2.921293e-02
5.174692e-01	-1.036990e-01	-2.914425e-02
4.763779e-01	8.187225e-01	-2.513984e-01
4.697948e-01	8.369502e-01	-2.228039e-01
4.660601e-01	8.365206e-01	-2.229051e-01
4.619651e-01	8.358907e-01	-2.228731e-01
4.839971e-01	8.372913e-01	-2.286359e-01
4.889500e-01	8.368282e-01	-2.287304e-01
4.935573e-01	8.360405e-01	-2.287435e-01
4.561465e-01	8.223979e-01	-6.222016e-02
5.018479e-01	8.221381e-01	-9.131156e-02
4.681646e-01	7.944629e-01	-1.927585e-01
4.859885e-01	7.945382e-01	-2.000776e-01
4.320747e-01	6.976908e-01	4.283777e-02
5.329403e-01	7.104121e-01	-3.630307e-02
3.981298e-01	6.185681e-01	1.787546e-01
5.788518e-01	6.403725e-01	-1.215165e-01
3.553050e-01	5.972775e-01	2.221899e-01
6.004874e-01	6.203495e-01	-3.152402e-01
3.396586e-01	6.120733e-01	2.256768e-01
6.067249e-01	6.108901e-01	-3.566932e-01
3.390512e-01	6.164719e-01	1.831844e-01
6.020806e-01	6.268134e-01	-3.803531e-01
3.456065e-01	6.094631e-01	2.058773e-01
5.930675e-01	6.289402e-01	-3.309370e-01
4.551716e-01	4.004511e-01	1.629410e-02
5.146176e-01	4.018669e-01	-1.608531e-02
4.688147e-01	1.698873e-01	-2.183174e-02
5.154561e-01	1.724730e-01	-4.023830e-02
4.852074e-01	-1.617559e-02	1.483412e-01
5.141399e-01	-1.767998e-02	1.093902e-01
4.920475e-01	-2.570871e-02	1.581084e-01
5.116364e-01	-3.182033e-02	1.178014e-01
4.889445e-01	-9.741109e-02	3.369431e-02
5.172485e-01	-1.027368e-01	-2.699669e-02
4.763520e-01	8.186475e-01	-2.185756e-01
4.696856e-01	8.366712e-01	-1.886232e-01
4.659556e-01	8.361326e-01	-1.887085e-01
4.618134e-01	8.354410e-01	-1.886533e-01
4.839402e-01	8.370558e-01	-1.951678e-01
4.889168e-01	8.365132e-01	-1.952783e-01
4.935437e-01	8.357093e-01	-1.952723e-01
4.558378e-01	8.218585e-01	-3.175870e-02
5.018444e-01	8.219962e-01	-6.228446e-02
4.681088e-01	7.940354e-01	-1.608161e-01
4.859709e-01	7.942925e-01	-1.692840e-01
4.322248e-01	6.991399e-01	6.251805e-02
5.329581e-01	7.143906e-01	-3.558052e-02
3.934874e-01	6.265204e-01	9.774964e-02
5.803190e-01	6.477419e-01	-1.885495e-01
3.332702e-01	6.292803e-01	-2.532342e-02
5.975794e-01	6.416724e-01	-4.350976e-01
3.186429e-01	6.431824e-01	-4.744420e-02
6.035263e-01	6.372901e-01	-4.866000e-01
3.192716e-01	6.505590e-01	-7.633379e-02
5.888308e-01	6.495570e-01	-4.959460e-01
3.261064e-01	6.450958e-01	-4.228651e-02
5.862218e-01	6.484802e-01	-4.466693e-01
4.560378e-01	4.027829e-01	2.462106e-02
5.146840e-01	4.062846e-01	-2.438638e-02
4.688214e-01	1.714979e-01	-1.252048e-02
5.153979e-01	1.745261e-01	-4.639980e-02
4.852109e-01	-1.529873e-02	1.484341e-01
5.141559e-01	-1.695722e-02	9.400426e-02
4.920672e-01	-2.490227e-02	1.599768e-01
5.119195e-01	-3.048826e-02	1.016612e-01
4.882536e-01	-9.711609e-02	3.584277e-02
5.172024e-01	-1.026658e-01	-4.394246e-02
4.761353e-01	8.181522e-01	-2.026449e-01
4.694338e-01	8.355456e-01	-1.736072e-01
4.657969e-01	8.350286e-01	-1.736806e-01
4.616064e-01	8.343402e-01	-1.736249e-01
4.836881e-01	8.360128e-01	-1.787582e-01
4.887915e-01	8.354763e-01	-1.788920e-01
4.934426e-01	8.346007e-01	-1.788734e-01
4.555938e-01	8.211741e-01	-2.264602e-02
5.018412e-01	8.213381e-01	-4.775354e-02
4.679326e-01	7.930275e-01	-1.472170e-01
4.856485e-01	7.932854e-01	-1.543185e-01
4.324653e-01	7.012033e-01	6.537173e-02
5.329612e-01	7.157142e-01	-3.622406e-02
3.905561e-01	6.300982e-01	1.093509e-01
5.767739e-01	6.526257e-01	-2.549122e-01
3.309553e-01	6.535886e-01	8.056720e-02
5.937108e-01	6.567323e-01	-5.611129e-01
3.141091e-01	6.666392e-01	7.557829e-02
5.998276e-01	6.580035e-01	-6.178763e-01
3.150243e-01	6.746663e-01	4.427871e-02
5.887517e-01	6.664509e-01	-6.255299e-01
3.236779e-01	6.697162e-01	6.645963e-02
5.852694e-01	6.651279e-01	-5.743307e-01
4.567988e-01	4.044396e-01	2.846239e-02
5.149518e-01	4.080410e-01	-2.832435e-02
4.688233e-01	1.727459e-01	-6.459019e-03
5.153962e-01	1.757651e-01	-5.201822e-02
4.852925e-01	-1.449847e-02	1.550029e-01
5.141428e-01	-1.687031e-02	8.524698e-02
4.920797e-01	-2.394019e-02	1.648380e-01
5.119171e-01	-3.041887e-02	9.298445e-02
4.880460e-01	-9.739964e-02	4.450948e-02
5.170354e-01	-1.026783e-01	-4.969410e-02
4.759653e-01	8.175890e-01	-2.116709e-01
4.691266e-01	8.344177e-01	-1.833822e-01
4.655936e-01	8.339874e-01	-1.834391e-01
4.613469e-01	8.333355e-01	-1.832617e-01
4.833201e-01	8.350114e-01	-1.828607e-01
4.885655e-01	8.346111e-01	-1.830317e-01
4.931968e-01	8.337979e-01	-1.829840e-01
4.553993e-01	8.206882e-01	-2.952167e-02
5.017073e-01	8.210526e-01	-5.701645e-02
4.678529e-01	7.920576e-01	-1.555803e-01
4.854541e-01	7.923969e-01	-1.554263e-01
4.324523e-01	7.041010e-01	5.496302e-02
5.328210e-01	7.176245e-01	-3.706908e-02
3.847973e-01	6.406616e-01	1.806105e-01
5.860037e-01	6.687985e-01	-2.193298e-01
3.315317e-01	6.710626e-01	2.787780e-01
6.382563e-01	6.638821e-01	-4.983266e-01
3.140498e-01	6.824262e-01	2.965371e-01
6.588054e-01	6.594280e-01	-5.465223e-01
3.157024e-01	6.884932e-01	2.632616e-01
6.517996e-01	6.666065e-01	-5.685547e-01
3.248062e-01	6.840926e-01	2.680562e-01
6.414584e-01	6.651694e-01	-5.174601e-01
4.570031e-01	4.068893e-01	2.799442e-02
5.149542e-01	4.099804e-01	-2.791538e-02
4.687478e-01	1.736029e-01	4.031754e-04
5.152862e-01	1.769425e-01	-5.018485e-02
4.852981e-01	-1.315991e-02	1.684347e-01
5.141189e-01	-1.682856e-02	8.903591e-02
4.920815e-01	-2.266394e-02	1.785997e-01
5.119184e-01	-3.039039e-02	9.689265e-02
4.887814e-01	-9.772614e-02	6.732066e-02
5.181668e-01	-1.025420e-01	-3.927816e-02
4.759643e-01	8.174196e-01	-2.161783e-01
4.690845e-01	8.340468e-01	-1.889043e-01
4.655351e-01	8.336668e-01	-1.889828e-01
4.613079e-01	8.330313e-01	-1.888365e-01
4.832861e-01	8.346941e-01	-1.882043e-01
4.885258e-01	8.343601e-01	-1.883466e-01
4.931622e-01	8.335781e-01	-1.882598e-01
4.552770e-01	8.205746e-01	-3.312750e-02
5.016412e-01	8.210399e-01	-6.087377e-02
4.678509e-01	7.916813e-01	-1.592728e-01
4.854483e-01	7.921668e-01	-1.579145e-01
4.324768e-01	7.062916e-01	5.084418e-02
5.327628e-01	7.204434e-01	-2.891574e-02
3.830681e-01	6.423903e-01	1.461859e-01
5.868255e-01	6.723682e-01	-1.783735e-01
3.317639e-01	6.744753e-01	1.334333e-01
6.349216e-01	6.625481e-01	-4.204296e-01
3.142756e-01	6.849592e-01	1.288985e-01
6.557014e-01	6.600872e-01	-4.667336e-01
3.159185e-01	6.909164e-01	9.481715e-02
6.473252e-01	6.624514e-01	-4.886648e-01
3.252423e-01	6.866961e-01	1.190463e-01
6.443946e-01	6.609858e-01	-4.382205e-01
4.571710e-01	4.095406e-01	2.663975e-02
5.149636e-01	4.127088e-01	-2.654521e-02
4.684705e-01	1.742970e-01	-5.164138e-03
5.151464e-01	1.781225e-01	-5.486517e-02
4.852806e-01	-1.165916e-02	1.635281e-01
5.140166e-01	-1.678644e-02	7.747184e-02
4.920793e-01	-2.121578e-02	1.728051e-01
5.119278e-01	-3.036641e-02	8.436805e-02
4.888550e-01	-9.758398e-02	6.501718e-02
5.181299e-01	-1.025060e-01	-5.095708e-02
4.759633e-01	8.173867e-01	-2.122443e-01
4.690198e-01	8.339201e-01	-1.860019e-01
4.654401e-01	8.335424e-01	-1.860810e-01
4.612148e-01	8.328691e-01	-1.859854e-01
4.832618e-01	8.346630e-01	-1.881356e-01
4.884997e-01	8.343554e-01	-1.882415e-01
4.931448e-01	8.335789e-01	-1.881830e-01
4.550026e-01	8.204847e-01	-3.681079e-02
5.015752e-01	8.210738e-01	-6.052961e-02
4.678487e-01	7.913886e-01	-1.576193e-01
4.854476e-01	7.920904e-01	-1.606927e-01
4.323561e-01	7.073290e-01	4.366335e-02
5.327674e-01	7.196203e-01	-2.424306e-02
3.792301e-01	6.555549e-01	2.082435e-02
5.873028e-01	6.796142e-01	-1.716909e-01
3.321721e-01	6.960305e-01	-8.583070e-02
6.457614e-01	6.873766e-01	-4.260143e-01
3.162962e-01	7.031980e-01	-1.069259e-01
6.663845e-01	6.859846e-01	-4.747476e-01
3.180093e-01	7.083138e-01	-1.346712e-01
6.678860e-01	6.933094e-01	-4.986562e-01
3.268309e-01	7.034416e-01	-1.014607e-01
6.592938e-01	6.896098e-01	-4.456580e-01
4.570064e-01	4.091213e-01	2.257482e-02
5.149447e-01	4.126779e-01	-2.250457e-02
4.682946e-01	1.743204e-01	-7.823675e-03
5.148921e-01	1.787199e-01	-4.889586e-02
4.852587e-01	-1.040376e-02	1.646621e-01
5.140599e-01	-1.565205e-02	8.108106e-02
4.920556e-01	-1.996917e-02	1.743750e-01
5.122102e-01	-2.928602e-02	8.912257e-02
4.889115e-01	-9.666581e-02	6.172891e-02
5.181702e-01	-1.019193e-01	-5.081738e-02
4.760126e-01	8.170230e-01	-2.051342e-01
4.690221e-01	8.335927e-01	-1.818076e-01
4.654225e-01	8.332800e-01	-1.818857e-01
4.612045e-01	8.325932e-01	-1.818280e-01
4.832920e-01	8.343011e-01	-1.847961e-01
4.885058e-01	8.340639e-01	-1.848930e-01
4.931778e-01	8.333124e-01	-1.848527e-01
4.547653e-01	8.203154e-01	-3.887170e-02
5.015705e-01	8.209965e-01	-6.109248e-02
4.678828e-01	7.908137e-01	-1.531722e-01
4.854759e-01	7.916598e-01	-1.575693e-01
4.320818e-01	7.091393e-01	1.918908e-02
5.328211e-01	7.202239e-01	-1.692420e-02
3.707265e-01	6.709228e-01	-1.394178e-01
5.887160e-01	6.889400e-01	-1.695640e-01
3.333091e-01	7.179036e-01	-4.004448e-01
6.442265e-01	7.086284e-01	-4.329987e-01
3.203612e-01	7.309613e-01	-4.495411e-01
6.651736e-01	7.177610e-01	-4.837132e-01
3.233048e-01	7.371087e-01	-4.622094e-01
6.627073e-01	7.182589e-01	-4.995939e-01
3.313518e-01	7.271776e-01	-4.144736e-01
6.530392e-01	7.142174e-01	-4.493525e-01
4.568552e-01	4.088253e-01	1.086524e-02
5.149552e-01	4.123226e-01	-1.076145e-02
4.682055e-01	1.742953e-01	-1.436987e-02
5.146714e-01	1.788898e-01	-3.482132e-02
4.851685e-01	-8.618696e-03	1.650339e-01
5.140575e-01	-1.426291e-02	1.069919e-01
4.918813e-01	-1.828663e-02	1.756143e-01
5.122417e-01	-2.792254e-02	1.143055e-01
4.890889e-01	-9.096427e-02	5.959148e-02
5.183011e-01	-9.732731e-02	-2.962946e-02
4.761842e-01	8.165470e-01	-1.957344e-01
4.690939e-01	8.332550e-01	-1.746791e-01
4.654194e-01	8.330408e-01	-1.747308e-01
4.612107e-01	8.323877e-01	-1.746915e-01
4.834363e-01	8.338655e-01	-1.779111e-01
4.885713e-01	8.336935e-01	-1.780148e-01
4.933032e-01	8.329954e-01	-1.779682e-01
4.545308e-01	8.202597e-01	-4.014186e-02
5.015316e-01	8.209364e-01	-6.068544e-02
4.679317e-01	7.904918e-01	-1.462027e-01
4.855374e-01	7.913560e-01	-1.510831e-01
4.315853e-01	7.122245e-01	1.214632e-02
5.327760e-01	7.213157e-01	-1.837992e-02
3.680288e-01	6.803606e-01	-1.606999e-01
5.896947e-01	6.997576e-01	-2.000257e-01
3.302657e-01	7.480164e-01	-4.235111e-01
6.521669e-01	7.434394e-01	-4.771914e-01
3.188278e-01	7.604749e-01	-4.718351e-01
6.708818e-01	7.474082e-01	-5.306029e-01
3.221313e-01	7.723842e-01	-4.837588e-01
6.704316e-01	7.546551e-01	-5.464210e-01
3.292702e-01	7.599397e-01	-4.377803e-01
6.622601e-01	7.481059e-01	-4.947001e-01
4.567999e-01	4.086976e-01	1.163542e-02
5.149404e-01	4.121054e-01	-1.153281e-02
4.681750e-01	1.737479e-01	-9.560391e-03
5.144882e-01	1.788286e-01	-3.266363e-02
4.851495e-01	-8.477266e-03	1.661893e-01
5.139923e-01	-1.403879e-02	1.058582e-01
4.918005e-01	-1.827896e-02	1.765493e-01
5.122250e-01	-2.784248e-02	1.133742e-01
4.890603e-01	-9.064586e-02	5.979287e-02
5.184360e-01	-9.731838e-02	-3.074802e-02
4.762582e-01	8.165357e-01	-1.988903e-01
4.691015e-01	8.332227e-01	-1.786591e-01
4.654014e-01	8.330195e-01	-1.786779e-01
4.611958e-01	8.323680e-01	-1.786853e-01
4.834558e-01	8.338402e-01	-1.823776e-01
4.885709e-01	8.336808e-01	-1.825062e-01
4.933092e-01	8.329930e-01	-1.824615e-01
4.541503e-01	8.202565e-01	-5.113027e-02
5.014719e-01	8.209728e-01	-7.278039e-02
4.679313e-01	7.904876e-01	-1.465926e-01
4.855445e-01	7.913564e-01	-1.523965e-01
4.296292e-01	7.146044e-01	4.763855e-03
5.333512e-01	7.231971e-01	-3.731086e-02
3.646597e-01	6.975845e-01	-1.687809e-01
5.926563e-01	7.221947e-01	-2.152395e-01
3.277201e-01	7.781243e-01	-4.275186e-01
6.479397e-01	7.715840e-01	-4.754112e-01
3.195294e-01	7.914864e-01	-4.747213e-01
6.666495e-01	7.833846e-01	-5.267848e-01
3.224497e-01	7.989529e-01	-4.871726e-01
6.629583e-01	7.826697e-01	-5.392364e-01
3.293156e-01	7.854731e-01	-4.424624e-01
6.539727e-01	7.751194e-01	-4.912457e-01
4.553210e-01	4.082313e-01	1.236799e-02
5.147128e-01	4.120239e-01	-1.225497e-02
4.679570e-01	1.715590e-01	8.444836e-04
5.141870e-01	1.784143e-01	-2.927562e-02
4.851440e-01	-9.964969e-03	1.764129e-01
5.139878e-01	-1.405256e-02	1.084690e-01
4.917392e-01	-2.067511e-02	1.859753e-01
5.122404e-01	-2.802635e-02	1.148418e-01
4.890350e-01	-9.465802e-02	6.110885e-02
5.183978e-01	-9.994908e-02	-3.159690e-02
4.764637e-01	8.178027e-01	-2.023023e-01
4.691724e-01	8.339075e-01	-1.800069e-01
4.653981e-01	8.335826e-01	-1.800405e-01
4.611956e-01	8.328584e-01	-1.800372e-01
4.835493e-01	8.347363e-01	-1.838680e-01
4.885914e-01	8.345534e-01	-1.839794e-01
4.933490e-01	8.339095e-01	-1.839320e-01
4.538471e-01	8.204241e-01	-5.176031e-02
5.014237e-01	8.215213e-01	-7.308865e-02
4.679413e-01	7.912692e-01	-1.494144e-01
4.856118e-01	7.926680e-01	-1.552336e-01
4.279347e-01	7.150337e-01	8.488415e-03
5.340530e-01	7.242016e-01	-3.618497e-02
3.601691e-01	6.993011e-01	-1.438155e-01
5.987735e-01	7.310651e-01	-2.012037e-01
3.261450e-01	7.838699e-01	-3.802911e-01
6.528994e-01	7.789979e-01	-4.182892e-01
3.192115e-01	7.951010e-01	-4.226993e-01
6.686072e-01	7.873167e-01	-4.602903e-01
3.221175e-01	8.028372e-01	-4.326672e-01
6.683099e-01	7.884009e-01	-4.687337e-01
3.286871e-01	7.898644e-01	-3.935153e-01
6.600807e-01	7.818818e-01	-4.310397e-01
4.545569e-01	4.080857e-01	1.190719e-02
5.145994e-01	4.118298e-01	-1.178528e-02
4.678022e-01	1.711526e-01	2.542409e-03
5.139349e-01	1.782409e-01	-2.655390e-02
4.852394e-01	-1.131446e-02	1.755998e-01
5.139845e-01	-1.490651e-02	1.123596e-01
4.917650e-01	-2.238150e-02	1.852509e-01
5.122516e-01	-3.082896e-02	1.184653e-01
4.890630e-01	-1.001633e-01	6.017983e-02
5.190343e-01	-1.036567e-01	-2.960316e-02
4.765663e-01	8.189757e-01	-2.180044e-01
4.692220e-01	8.346702e-01	-1.933216e-01
4.653927e-01	8.342823e-01	-1.933649e-01
4.611925e-01	8.335184e-01	-1.933622e-01
4.836556e-01	8.355045e-01	-1.977340e-01
4.886533e-01	8.352680e-01	-1.978871e-01
4.934586e-01	8.346248e-01	-1.978707e-01
4.536144e-01	8.205954e-01	-5.522864e-02
5.014312e-01	8.219028e-01	-7.822897e-02
4.679325e-01	7.920693e-01	-1.638199e-01
4.856370e-01	7.936414e-01	-1.706762e-01
4.268913e-01	7.144852e-01	9.680141e-03
5.355405e-01	7.241645e-01	-3.970978e-02
3.543144e-01	7.203684e-01	-1.238755e-01
6.102633e-01	7.621912e-01	-1.960574e-01
3.208343e-01	8.236465e-01	-3.137681e-01
6.171654e-01	7.599661e-01	-4.084471e-01
3.141340e-01	8.402975e-01	-3.510718e-01
6.135231e-01	7.514259e-01	-4.472793e-01
3.213518e-01	8.459487e-01	-3.556088e-01
6.037980e-01	7.516286e-01	-4.420761e-01
3.288760e-01	8.385344e-01	-3.241421e-01
6.038633e-01	7.516054e-01	-4.136874e-01
4.534778e-01	4.073123e-01	1.158509e-02
5.146002e-01	4.108408e-01	-1.139632e-02
4.674546e-01	1.710055e-01	2.820791e-03
5.138295e-01	1.782019e-01	-2.386715e-02
4.852018e-01	-1.128444e-02	1.830167e-01
5.140094e-01	-1.478516e-02	1.301445e-01
4.915754e-01	-2.227276e-02	1.935477e-01
5.122675e-01	-3.059425e-02	1.373399e-01
4.889323e-01	-9.998306e-02	6.548570e-02
5.193020e-01	-1.034691e-01	-1.140163e-02
4.767849e-01	8.198451e-01	-2.176271e-01
4.693879e-01	8.352110e-01	-1.929358e-01
4.653975e-01	8.348184e-01	-1.929967e-01
4.612066e-01	8.340688e-01	-1.930077e-01
4.838303e-01	8.358651e-01	-1.971333e-01
4.887751e-01	8.355608e-01	-1.972976e-01
4.935988e-01	8.348777e-01	-1.972833e-01
4.533826e-01	8.207283e-01	-5.502986e-02
5.014276e-01	8.219675e-01	-7.531081e-02
4.679345e-01	7.930050e-01	-1.643434e-01
4.856760e-01	7.943673e-01	-1.707702e-01
4.257554e-01	7.149530e-01	9.121419e-03
5.357150e-01	7.249882e-01	-3.733471e-02
3.498183e-01	7.439090e-01	-1.040296e-01
6.085654e-01	7.819116e-01	-1.088137e-01
3.207383e-01	8.600788e-01	-2.748864e-01
6.417519e-01	8.335348e-01	-2.458212e-01
3.161092e-01	8.905900e-01	-3.155539e-01
6.525752e-01	8.471466e-01	-2.837623e-01
3.225132e-01	8.946522e-01	-3.230089e-01
6.437420e-01	8.482373e-01	-3.004827e-01
3.302126e-01	8.797218e-01	-2.874283e-01
6.430167e-01	8.432545e-01	-2.606682e-01
4.532084e-01	4.072125e-01	8.947699e-03
5.148350e-01	4.109399e-01	-8.691518e-03
4.667179e-01	1.710051e-01	1.966514e-03
5.137836e-01	1.782554e-01	-2.169029e-02
4.851078e-01	-1.055121e-02	1.851560e-01
5.141444e-01	-1.458161e-02	1.274821e-01
4.912803e-01	-2.151447e-02	1.958952e-01
5.123892e-01	-3.050378e-02	1.341552e-01
4.888573e-01	-1.000754e-01	6.649210e-02
5.192803e-01	-1.032896e-01	-1.425828e-02
4.781285e-01	8.208749e-01	-1.879227e-01
4.704126e-01	8.359146e-01	-1.615444e-01
4.658388e-01	8.353864e-01	-1.616516e-01
4.616996e-01	8.346576e-01	-1.616084e-01
4.845049e-01	8.365021e-01	-1.642216e-01
4.892921e-01	8.362033e-01	-1.643621e-01
4.940344e-01	8.355783e-01	-1.643634e-01
4.536149e-01	8.210558e-01	-3.499580e-02
5.014226e-01	8.225989e-01	-4.621544e-02
4.687402e-01	7.940614e-01	-1.418582e-01
4.862250e-01	7.957761e-01	-1.455509e-01
4.259437e-01	7.179893e-01	1.122319e-02
5.356078e-01	7.266697e-01	-2.466643e-02
3.543945e-01	7.592806e-01	-8.837926e-02
6.067504e-01	7.998983e-01	-8.907156e-02
3.229957e-01	8.636006e-01	-2.035184e-01
6.474235e-01	8.728700e-01	-2.234101e-01
3.193378e-01	8.925951e-01	-2.459890e-01
6.629034e-01	8.904421e-01	-2.654565e-01
3.272716e-01	9.005026e-01	-2.569224e-01
6.587291e-01	8.994952e-01	-2.895636e-01
3.318489e-01	8.874012e-01	-2.176697e-01
6.541712e-01	8.919015e-01	-2.422870e-01
4.534843e-01	4.071088e-01	9.055360e-03
5.153953e-01	4.104756e-01	-8.830255e-03
4.661816e-01	1.711113e-01	4.971471e-04
5.137076e-01	1.779948e-01	-2.478529e-02
4.850040e-01	-1.017935e-02	1.923432e-01
5.141707e-01	-1.459728e-02	1.227448e-01
4.910625e-01	-2.107370e-02	2.042187e-01
5.124999e-01	-3.042596e-02	1.296603e-01
4.888471e-01	-9.947913e-02	7.438187e-02
5.192474e-01	-1.035895e-01	-1.761584e-02
4.791746e-01	8.232051e-01	-1.827286e-01
4.712042e-01	8.376644e-01	-1.561022e-01
4.662780e-01	8.369886e-01	-1.562089e-01
4.621008e-01	8.362758e-01	-1.561563e-01
4.849280e-01	8.381179e-01	-1.575158e-01
4.895243e-01	8.378166e-01	-1.576643e-01
4.941308e-01	8.372427e-01	-1.576809e-01
4.539128e-01	8.224347e-01	-3.239924e-02
5.012652e-01	8.245894e-01	-3.815491e-02
4.693338e-01	7.965020e-01	-1.384515e-01
4.866653e-01	7.986363e-01	-1.405561e-01
4.260850e-01	7.209535e-01	9.175380e-03
5.343639e-01	7.281863e-01	-2.180839e-02
3.566121e-01	7.746807e-01	-5.151824e-02
6.033715e-01	8.144393e-01	-9.647614e-02
3.244959e-01	8.945205e-01	-1.313500e-01
6.449428e-01	8.976091e-01	-2.398857e-01
3.203760e-01	9.249055e-01	-1.669891e-01
6.608129e-01	9.172211e-01	-2.844991e-01
3.290203e-01	9.324321e-01	-1.815979e-01
6.582577e-01	9.281884e-01	-3.062133e-01
3.324935e-01	9.198911e-01	-1.452824e-01
6.523100e-01	9.195360e-01	-2.587378e-01
4.532371e-01	4.092317e-01	9.159222e-03
5.154599e-01	4.113496e-01	-8.961729e-03
4.656743e-01	1.717492e-01	1.230805e-03
5.136655e-01	1.780234e-01	-2.635399e-02
4.849178e-01	-1.019895e-02	1.942557e-01
5.141586e-01	-1.455536e-02	1.209331e-01
4.908058e-01	-2.106704e-02	2.059360e-01
5.123724e-01	-2.998235e-02	1.282249e-01
4.855432e-01	-7.974529e-02	7.688855e-02
5.192481e-01	-1.021043e-01	-1.860623e-02
4.805873e-01	8.236497e-01	-2.068786e-01
4.722465e-01	8.394203e-01	-1.768685e-01
4.670978e-01	8.386759e-01	-1.769983e-01
4.626617e-01	8.378391e-01	-1.770095e-01
4.855462e-01	8.398727e-01	-1.742668e-01
4.899178e-01	8.396676e-01	-1.744438e-01
4.943508e-01	8.392038e-01	-1.745407e-01
4.545318e-01	8.234962e-01	-4.535787e-02
5.012626e-01	8.267320e-01	-4.626750e-02
4.708473e-01	7.970503e-01	-1.599432e-01
4.874163e-01	7.992100e-01	-1.583844e-01
4.261071e-01	7.228864e-01	-3.775537e-03
5.343083e-01	7.311515e-01	-1.806721e-02
3.584293e-01	7.959129e-01	-5.242540e-02
6.003798e-01	8.314970e-01	-5.370111e-02
3.315199e-01	9.299437e-01	-1.606865e-01
6.430176e-01	9.407758e-01	-1.737221e-01
3.246519e-01	9.649424e-01	-1.987542e-01
6.587283e-01	9.645657e-01	-2.169910e-01
3.349990e-01	9.721441e-01	-2.148249e-01
6.560120e-01	9.727382e-01	-2.380899e-01
3.399211e-01	9.603444e-01	-1.752560e-01
6.498507e-01	9.637369e-01	-1.920863e-01
4.540222e-01	4.090646e-01	8.479473e-03
5.160470e-01	4.112684e-01	-8.236280e-03
4.641673e-01	1.709238e-01	-1.553504e-02
5.136960e-01	1.765628e-01	-3.535458e-02
4.813687e-01	3.857596e-02	2.894490e-01
5.137647e-01	-1.576561e-02	1.389743e-01
4.876401e-01	4.300797e-02	3.165098e-01
5.111265e-01	-3.239454e-02	1.506611e-01
4.832013e-01	-2.162336e-02	2.159437e-01
5.152925e-01	-1.086224e-01	-1.863141e-03
4.808787e-01	8.235556e-01	-2.148118e-01
4.728220e-01	8.401399e-01	-1.847282e-01
4.676917e-01	8.395034e-01	-1.848536e-01
4.630304e-01	8.387712e-01	-1.848666e-01
4.857834e-01	8.402393e-01	-1.824904e-01
4.900188e-01	8.399112e-01	-1.826801e-01
4.943804e-01	8.394332e-01	-1.827745e-01
4.550571e-01	8.243951e-01	-4.935259e-02
5.011112e-01	8.267624e-01	-5.004420e-02
4.710494e-01	7.979648e-01	-1.661148e-01
4.874103e-01	7.994784e-01	-1.653201e-01
4.261994e-01	7.256901e-01	-2.564472e-03
5.334737e-01	7.314352e-01	-1.951427e-02
3.595013e-01	8.037761e-01	-4.644275e-02
5.976747e-01	8.312137e-01	-6.211577e-02
3.353451e-01	9.363147e-01	-1.517769e-01
6.417600e-01	9.367639e-01	-1.883956e-01
3.269922e-01	9.691164e-01	-1.911845e-01
6.572996e-01	9.619345e-01	-2.318927e-01
3.375311e-01	9.768785e-01	-2.079161e-01
6.548049e-01	9.694712e-01	-2.538844e-01
3.431529e-01	9.656841e-01	-1.667182e-01
6.484035e-01	9.605632e-01	-2.068344e-01
4.540314e-01	4.095345e-01	1.013597e-02
5.160221e-01	4.114836e-01	-9.838054e-03
4.619719e-01	1.716563e-01	-2.421490e-02
5.134552e-01	1.751940e-01	-5.564147e-02
4.776848e-01	6.212799e-02	2.859713e-01
5.121036e-01	-2.247473e-02	1.186557e-01
4.865084e-01	5.258542e-02	3.134577e-01
5.102345e-01	-4.026186e-02	1.320077e-01
4.822793e-01	-3.396695e-03	2.248942e-01
5.053912e-01	-1.217622e-01	-2.192457e-02
4.809679e-01	8.236630e-01	-2.482326e-01
4.732518e-01	8.408498e-01	-2.216872e-01
4.682333e-01	8.403690e-01	-2.218028e-01
4.633941e-01	8.398554e-01	-2.218402e-01
4.858975e-01	8.403983e-01	-2.212184e-01
4.900324e-01	8.399951e-01	-2.213918e-01
4.943584e-01	8.394326e-01	-2.214982e-01
4.556440e-01	8.257230e-01	-9.003364e-02
5.009968e-01	8.267394e-01	-8.838220e-02
4.710841e-01	7.991771e-01	-1.997536e-01
4.873621e-01	7.999884e-01	-1.997614e-01
4.262532e-01	7.276635e-01	-3.919162e-02
5.321573e-01	7.315766e-01	-5.433314e-02
3.599596e-01	8.182477e-01	-7.305112e-02
5.892020e-01	8.382568e-01	-8.808603e-02
3.356497e-01	9.577281e-01	-1.641036e-01
6.383640e-01	9.586943e-01	-2.224570e-01
3.269790e-01	9.905090e-01	-1.993900e-01
6.522437e-01	9.918777e-01	-2.647318e-01
3.372531e-01	9.981812e-01	-2.144219e-01
6.500921e-01	9.998856e-01	-2.847880e-01
3.430716e-01	9.873135e-01	-1.742329e-01
6.445554e-01	9.887245e-01	-2.400078e-01
4.537779e-01	4.108703e-01	1.068030e-02
5.157585e-01	4.134943e-01	-1.037932e-02
4.600689e-01	1.719553e-01	-2.470172e-02
5.132850e-01	1.751805e-01	-5.151330e-02
4.764391e-01	8.726374e-02	2.923205e-01
5.110939e-01	-2.199383e-02	1.188156e-01
4.861981e-01	8.853099e-02	3.213327e-01
5.099324e-01	-3.935772e-02	1.313706e-01
4.822064e-01	9.667180e-03	2.419498e-01
5.028573e-01	-1.214454e-01	-1.796263e-02
4.810684e-01	8.237005e-01	-2.682136e-01
4.733199e-01	8.407974e-01	-2.440561e-01
4.683059e-01	8.403277e-01	-2.441737e-01
4.633916e-01	8.397929e-01	-2.442074e-01
4.859433e-01	8.403587e-01	-2.440260e-01
4.900312e-01	8.399618e-01	-2.441815e-01
4.943492e-01	8.393952e-01	-2.442566e-01
4.556592e-01	8.258821e-01	-1.161330e-01
5.009235e-01	8.266869e-01	-1.148648e-01
4.712211e-01	7.991405e-01	-2.201665e-01
4.873648e-01	7.999010e-01	-2.203744e-01
4.262918e-01	7.311371e-01	-6.660806e-02
5.310536e-01	7.315596e-01	-7.475597e-02
3.604334e-01	8.208840e-01	-1.042443e-01
5.874017e-01	8.405226e-01	-1.041716e-01
3.356489e-01	9.645053e-01	-1.939791e-01
6.368645e-01	9.607787e-01	-2.380825e-01
3.269280e-01	9.994519e-01	-2.330496e-01
6.496066e-01	9.922122e-01	-2.795090e-01
3.369489e-01	1.006574e+00	-2.516330e-01
6.472768e-01	1.001303e+00	-2.993046e-01
3.424695e-01	9.951866e-01	-2.094463e-01
6.428215e-01	9.911687e-01	-2.555037e-01
4.522538e-01	4.112849e-01	9.390056e-03
5.138909e-01	4.140055e-01	-9.124746e-03
4.595215e-01	1.719629e-01	-2.220691e-02
5.125390e-01	1.755345e-01	-3.611784e-02
4.755323e-01	9.125488e-02	3.081338e-01
5.091818e-01	-1.238934e-02	1.543208e-01
4.846908e-01	9.240791e-02	3.384220e-01
5.081826e-01	-2.613464e-02	1.682765e-01
4.814479e-01	1.731362e-02	2.595565e-01
5.001939e-01	-1.112139e-01	3.008207e-02
4.810339e-01	8.236754e-01	-2.875547e-01
4.732723e-01	8.407326e-01	-2.641752e-01
4.681796e-01	8.402473e-01	-2.643013e-01
4.632227e-01	8.397558e-01	-2.643585e-01
4.858707e-01	8.402992e-01	-2.649618e-01
4.898865e-01	8.399397e-01	-2.651349e-01
4.941042e-01	8.393571e-01	-2.652252e-01
4.556543e-01	8.258542e-01	-1.364494e-01
5.008017e-01	8.267095e-01	-1.390196e-01
4.712145e-01	7.990791e-01	-2.390196e-01
4.873528e-01	7.998641e-01	-2.403181e-01
4.266262e-01	7.315112e-01	-8.954673e-02
5.301527e-01	7.331191e-01	-9.716554e-02
3.671213e-01	8.356968e-01	-1.358973e-01
5.828921e-01	8.466044e-01	-1.388586e-01
3.358548e-01	9.884182e-01	-2.227658e-01
6.270810e-01	9.763587e-01	-2.492242e-01
3.269301e-01	1.026843e+00	-2.624962e-01
6.394154e-01	1.005191e+00	-2.895883e-01
3.366308e-01	1.033303e+00	-2.790564e-01
6.353101e-01	1.016327e+00	-3.086936e-01
3.419341e-01	1.027641e+00	-2.385320e-01
6.304736e-01	1.006944e+00	-2.662582e-01
4.515813e-01	4.131355e-01	7.200039e-03
5.136725e-01	4.154831e-01	-6.962407e-03
4.594269e-01	1.723124e-01	-1.655200e-02
5.125130e-01	1.755822e-01	-2.339804e-02
4.751353e-01	8.391799e-02	3.023755e-01
5.084870e-01	-1.099511e-02	1.620187e-01
4.841343e-01	7.394615e-02	3.304634e-01
5.073944e-01	-2.323101e-02	1.747213e-01
4.813279e-01	8.010658e-03	2.419858e-01
4.994992e-01	-1.083361e-01	3.143381e-02
4.810582e-01	8.226621e-01	-2.391377e-01
4.732389e-01	8.406293e-01	-2.153319e-01
4.681635e-01	8.401886e-01	-2.154748e-01
4.631937e-01	8.396825e-01	-2.155545e-01
4.858685e-01	8.402300e-01	-2.112466e-01
4.898738e-01	8.399238e-01	-2.114153e-01
4.940473e-01	8.393268e-01	-2.115176e-01
4.556543e-01	8.258404e-01	-9.797245e-02
5.005342e-01	8.266792e-01	-7.500514e-02
4.712519e-01	7.983478e-01	-1.947305e-01
4.873473e-01	7.990389e-01	-1.889659e-01
4.280216e-01	7.317776e-01	-5.786699e-02
5.285605e-01	7.348772e-01	-3.580553e-02
3.784257e-01	8.382775e-01	-1.101200e-01
5.743521e-01	8.477685e-01	-7.293054e-02
3.498181e-01	9.771844e-01	-2.138418e-01
6.106929e-01	9.810108e-01	-1.709058e-01
3.412308e-01	9.994177e-01	-2.621879e-01
6.198534e-01	1.002754e+00	-2.091659e-01
3.483952e-01	1.013924e+00	-2.714948e-01
6.156334e-01	1.016345e+00	-2.246912e-01
3.530958e-01	1.000285e+00	-2.281498e-01
6.101251e-01	1.007406e+00	-1.866467e-01
4.515440e-01	4.155654e-01	3.140854e-03
5.136847e-01	4.168907e-01	-2.871496e-03
4.588978e-01	1.735240e-01	-3.672032e-02
5.123810e-01	1.757691e-01	-3.566400e-02
4.732048e-01	8.627103e-02	2.683597e-01
5.082523e-01	-1.123397e-02	1.221822e-01
4.826532e-01	7.122534e-02	3.020919e-01
5.073994e-01	-2.346424e-02	1.315674e-01
4.791749e-01	6.358438e-03	2.133904e-01
4.976173e-01	-1.085120e-01	-1.293592e-02
4.820158e-01	8.226449e-01	-2.333332e-01
4.736676e-01	8.405952e-01	-2.093584e-01
4.685356e-01	8.401629e-01	-2.095149e-01
4.633585e-01	8.396361e-01	-2.095989e-01
4.862575e-01	8.402284e-01	-2.045273e-01
4.901415e-01	8.399197e-01	-2.046984e-01
4.941955e-01	8.393119e-01	-2.048027e-01
4.556951e-01	8.257707e-01	-9.622340e-02
5.004834e-01	8.265519e-01	-6.666449e-02
4.718501e-01	7.983077e-01	-1.897867e-01
4.878460e-01	7.989962e-01	-1.823859e-01
4.281701e-01	7.322999e-01	-5.173497e-02
5.272048e-01	7.363079e-01	-3.086220e-02
3.829594e-01	8.466088e-01	-1.226815e-01
5.689009e-01	8.555892e-01	-7.590897e-02
3.559271e-01	9.996537e-01	-2.207321e-01
5.996501e-01	9.922156e-01	-1.693940e-01
3.484756e-01	1.022410e+00	-2.657188e-01
6.075548e-01	1.012785e+00	-2.094444e-01
3.552742e-01	1.031944e+00	-2.776262e-01
6.030724e-01	1.030275e+00	-2.228907e-01
3.614799e-01	1.024065e+00	-2.348057e-01
5.977672e-01	1.016389e+00	-1.843236e-01
4.513954e-01	4.165096e-01	-1.194895e-03
5.140208e-01	4.187575e-01	1.480135e-03
4.590203e-01	1.736779e-01	-3.165786e-02
5.130181e-01	1.758300e-01	-3.523706e-02
4.737135e-01	7.429209e-02	2.441410e-01
5.083734e-01	-1.159339e-02	1.240886e-01
4.828102e-01	5.940877e-02	2.688805e-01
5.074563e-01	-2.380032e-02	1.327695e-01
4.794629e-01	-3.437104e-03	1.562565e-01
4.992093e-01	-1.084722e-01	-1.374622e-02
4.820150e-01	8.227206e-01	-2.388105e-01
4.736409e-01	8.409376e-01	-2.151773e-01
4.685234e-01	8.404672e-01	-2.153343e-01
4.633268e-01	8.398435e-01	-2.154102e-01
4.862643e-01	8.408152e-01	-2.125307e-01
4.901665e-01	8.404988e-01	-2.127192e-01
4.942366e-01	8.398981e-01	-2.128153e-01
4.557709e-01	8.259398e-01	-9.601766e-02
5.005248e-01	8.267625e-01	-8.286898e-02
4.719768e-01	7.985882e-01	-1.942653e-01
4.880162e-01	7.993000e-01	-1.906238e-01
4.288341e-01	7.356001e-01	-5.949796e-02
5.271856e-01	7.394677e-01	-5.225859e-02
3.868516e-01	8.559985e-01	-1.232082e-01
5.633230e-01	8.577052e-01	-1.033823e-01
3.651430e-01	1.004843e+00	-2.171471e-01
5.902687e-01	9.938764e-01	-2.065462e-01
3.541920e-01	1.031204e+00	-2.618701e-01
6.005790e-01	1.022221e+00	-2.479728e-01
3.653381e-01	1.035778e+00	-2.755453e-01
5.942754e-01	1.033668e+00	-2.639791e-01
3.718635e-01	1.024721e+00	-2.313351e-01
5.886316e-01	1.016130e+00	-2.222980e-01
4.514244e-01	4.172410e-01	-1.356293e-04
5.149294e-01	4.206784e-01	4.147182e-04
4.591487e-01	1.746390e-01	-1.937040e-02
5.131910e-01	1.764790e-01	-3.465146e-02
4.740651e-01	6.568432e-02	2.443253e-01
5.084690e-01	-1.170146e-02	1.172311e-01
4.829774e-01	4.785657e-02	2.681495e-01
5.074923e-01	-2.389531e-02	1.249959e-01
4.793898e-01	-7.098611e-03	1.584081e-01
4.968922e-01	-1.098183e-01	-2.515782e-02
4.819840e-01	8.227308e-01	-2.693170e-01
4.735825e-01	8.409202e-01	-2.462109e-01
4.684351e-01	8.404247e-01	-2.463667e-01
4.632301e-01	8.398090e-01	-2.464183e-01
4.862499e-01	8.408101e-01	-2.463044e-01
4.901651e-01	8.405216e-01	-2.465152e-01
4.942420e-01	8.399909e-01	-2.466044e-01
4.558128e-01	8.260993e-01	-1.249316e-01
5.005612e-01	8.270924e-01	-1.246018e-01
4.719636e-01	7.988422e-01	-2.237591e-01
4.880825e-01	7.997428e-01	-2.240312e-01
4.293627e-01	7.366780e-01	-9.023543e-02
5.273405e-01	7.429098e-01	-9.460182e-02
3.888129e-01	8.580184e-01	-1.532103e-01
5.612913e-01	8.693509e-01	-1.590412e-01
3.743756e-01	1.012871e+00	-2.405332e-01
5.808680e-01	1.013767e+00	-2.366258e-01
3.645807e-01	1.044842e+00	-2.865356e-01
5.888851e-01	1.045048e+00	-2.802041e-01
3.767959e-01	1.047137e+00	-2.978503e-01
5.820806e-01	1.054438e+00	-2.863173e-01
3.825361e-01	1.033919e+00	-2.534543e-01
5.767903e-01	1.038504e+00	-2.479162e-01
4.508756e-01	4.170299e-01	7.682114e-04
5.148817e-01	4.204386e-01	-4.912994e-04
4.589640e-01	1.746923e-01	3.517853e-04
5.127311e-01	1.767234e-01	-2.758982e-02
4.741482e-01	5.488542e-02	2.483730e-01
5.085150e-01	-1.356078e-02	1.212293e-01
4.830820e-01	3.720494e-02	2.699011e-01
5.075394e-01	-2.659893e-02	1.280687e-01
4.793069e-01	-9.732475e-03	1.592212e-01
4.979530e-01	-1.109629e-01	-2.309137e-02
4.818088e-01	8.230750e-01	-3.198823e-01
4.733990e-01	8.409703e-01	-2.988288e-01
4.682096e-01	8.404774e-01	-2.989916e-01
4.630448e-01	8.398504e-01	-2.990478e-01
4.861595e-01	8.410040e-01	-2.995951e-01
4.901247e-01	8.407972e-01	-2.997972e-01
4.942299e-01	8.403538e-01	-2.998745e-01
4.558245e-01	8.265120e-01	-1.817020e-01
5.005623e-01	8.275032e-01	-1.835902e-01
4.718493e-01	7.991011e-01	-2.748196e-01
4.880843e-01	8.002912e-01	-2.758607e-01
4.294086e-01	7.375119e-01	-1.435654e-01
5.274564e-01	7.425674e-01	-1.523647e-01
3.915378e-01	8.676954e-01	-2.019625e-01
5.547832e-01	8.690120e-01	-2.191656e-01
3.748723e-01	1.025670e+00	-2.771136e-01
5.770217e-01	1.017965e+00	-2.859864e-01
3.659670e-01	1.061378e+00	-3.187304e-01
5.837066e-01	1.055942e+00	-3.251309e-01
3.761838e-01	1.061663e+00	-3.272026e-01
5.787507e-01	1.061345e+00	-3.335091e-01
3.816800e-01	1.049102e+00	-2.888396e-01
5.720617e-01	1.046479e+00	-2.980530e-01
4.504885e-01	4.169136e-01	1.036288e-03
5.147964e-01	4.202531e-01	-6.781739e-04
4.580943e-01	1.746841e-01	1.191418e-02
5.123687e-01	1.775343e-01	-1.355183e-02
4.741854e-01	4.350271e-02	2.566969e-01
5.088910e-01	-1.265877e-02	1.549830e-01
4.832003e-01	3.474706e-02	2.766968e-01
5.082785e-01	-2.524160e-02	1.649442e-01
4.790872e-01	-1.064281e-02	1.653569e-01
4.981972e-01	-1.076550e-01	2.082210e-02
4.817787e-01	8.233536e-01	-2.991945e-01
4.733761e-01	8.409932e-01	-2.774099e-01
4.681982e-01	8.405185e-01	-2.775671e-01
4.630384e-01	8.399053e-01	-2.776113e-01
4.861769e-01	8.410747e-01	-2.784352e-01
4.901692e-01	8.408590e-01	-2.786413e-01
4.943627e-01	8.404068e-01	-2.787293e-01
4.560424e-01	8.265650e-01	-1.613023e-01
5.007024e-01	8.274420e-01	-1.642806e-01
4.718353e-01	7.991614e-01	-2.549070e-01
4.881138e-01	8.003017e-01	-2.561929e-01
4.294569e-01	7.372531e-01	-1.297038e-01
5.275251e-01	7.422598e-01	-1.405119e-01
3.965482e-01	8.660443e-01	-1.915224e-01
5.497829e-01	8.762414e-01	-2.142815e-01
3.811083e-01	1.017615e+00	-2.628029e-01
5.691029e-01	1.022217e+00	-2.782713e-01
3.723163e-01	1.047651e+00	-3.025920e-01
5.744826e-01	1.053063e+00	-3.162878e-01
3.816898e-01	1.047596e+00	-3.096845e-01
5.709217e-01	1.068187e+00	-3.253397e-01
3.862199e-01	1.035086e+00	-2.737954e-01
5.665158e-01	1.044470e+00	-2.902199e-01
4.503857e-01	4.148257e-01	1.576488e-03
5.148734e-01	4.192551e-01	-1.218039e-03
4.577484e-01	1.749420e-01	1.117744e-02
5.123722e-01	1.777783e-01	-1.259747e-02
4.743970e-01	3.923215e-02	2.465770e-01
5.091522e-01	-7.552794e-03	1.496366e-01
4.828106e-01	3.411273e-02	2.642261e-01
5.086167e-01	-2.004004e-02	1.591754e-01
4.784390e-01	-1.110818e-02	1.552023e-01
4.983632e-01	-1.015466e-01	1.647473e-02
4.818141e-01	8.219178e-01	-2.623509e-01
4.736610e-01	8.388307e-01	-2.397060e-01
4.686221e-01	8.385882e-01	-2.398502e-01
4.634333e-01	8.383140e-01	-2.398513e-01
4.865172e-01	8.382132e-01	-2.398153e-01
4.905551e-01	8.377077e-01	-2.400295e-01
4.949175e-01	8.370596e-01	-2.401448e-01
4.567164e-01	8.246295e-01	-1.426723e-01
5.010238e-01	8.223777e-01	-1.357943e-01
4.719219e-01	7.970085e-01	-2.247001e-01
4.882373e-01	7.968957e-01	-2.238939e-01
4.294605e-01	7.304569e-01	-1.064553e-01
5.275255e-01	7.345860e-01	-1.150018e-01
4.005671e-01	8.605146e-01	-1.773836e-01
5.430978e-01	8.714485e-01	-1.880977e-01
3.893611e-01	1.008306e+00	-2.542483e-01
5.564713e-01	1.012820e+00	-2.412288e-01
3.872467e-01	1.033709e+00	-2.888954e-01
5.614571e-01	1.040818e+00	-2.760478e-01
3.957757e-01	1.035764e+00	-2.793629e-01
5.575245e-01	1.053288e+00	-2.772143e-01
3.977231e-01	1.024068e+00	-2.553425e-01
5.521826e-01	1.031546e+00	-2.495016e-01
4.503975e-01	4.106244e-01	1.516434e-03
5.148676e-01	4.130948e-01	-1.254163e-03
4.577164e-01	1.757107e-01	6.283290e-03
5.123873e-01	1.778679e-01	-1.456178e-02
4.742721e-01	4.165844e-02	2.291785e-01
5.093042e-01	-3.019877e-03	1.463016e-01
4.817902e-01	3.589300e-02	2.469131e-01
5.087091e-01	-1.498238e-02	1.557423e-01
4.784612e-01	-1.273226e-02	1.410550e-01
5.027989e-01	-6.224085e-02	1.439433e-02
4.817920e-01	8.165073e-01	-2.387524e-01
4.737446e-01	8.341831e-01	-2.161358e-01
4.687390e-01	8.342046e-01	-2.162800e-01
4.635304e-01	8.343195e-01	-2.163043e-01
4.867504e-01	8.332293e-01	-2.166707e-01
4.908652e-01	8.326820e-01	-2.168678e-01
4.953908e-01	8.317949e-01	-2.169566e-01
4.571835e-01	8.212997e-01	-1.150353e-01
5.012122e-01	8.169875e-01	-1.122236e-01
4.719117e-01	7.918609e-01	-2.001537e-01
4.882612e-01	7.907054e-01	-2.001122e-01
4.300097e-01	7.248170e-01	-9.723852e-02
5.269917e-01	7.246687e-01	-1.074040e-01
4.028872e-01	8.598213e-01	-1.693081e-01
5.353670e-01	8.664086e-01	-1.778532e-01
3.896164e-01	1.000147e+00	-2.451459e-01
5.428499e-01	1.001641e+00	-2.271448e-01
3.885656e-01	1.025910e+00	-2.787862e-01
5.456055e-01	1.030636e+00	-2.620819e-01
3.923221e-01	1.028639e+00	-2.714120e-01
5.430578e-01	1.040599e+00	-2.645929e-01
3.945817e-01	1.017090e+00	-2.462541e-01
5.395341e-01	1.021939e+00	-2.361104e-01
4.505172e-01	4.094933e-01	7.061384e-04
5.150521e-01	4.104801e-01	-5.150643e-04
4.578013e-01	1.758478e-01	6.933623e-03
5.124344e-01	1.776105e-01	-7.536477e-03
4.741290e-01	4.077088e-02	2.221341e-01
5.093586e-01	-2.072841e-03	1.466529e-01
4.806299e-01	3.464818e-02	2.381494e-01
5.086539e-01	-1.462545e-02	1.552631e-01
4.785227e-01	-1.286658e-02	1.286391e-01
5.082776e-01	-5.449931e-02	1.478781e-02
4.817755e-01	8.099452e-01	-1.847976e-01
4.737934e-01	8.296427e-01	-1.621911e-01
4.688188e-01	8.296986e-01	-1.623281e-01
4.635994e-01	8.296894e-01	-1.623435e-01
4.867899e-01	8.289647e-01	-1.625377e-01
4.909193e-01	8.284870e-01	-1.626975e-01
4.954577e-01	8.274586e-01	-1.627148e-01
4.573168e-01	8.171967e-01	-5.876144e-02
5.011507e-01	8.126435e-01	-5.744475e-02
4.719185e-01	7.856222e-01	-1.469032e-01
4.882604e-01	7.847807e-01	-1.469247e-01
4.308422e-01	7.171544e-01	-6.003086e-02
5.252271e-01	7.148219e-01	-5.874417e-02
4.056160e-01	8.286406e-01	-1.561383e-01
5.327440e-01	8.533071e-01	-1.467986e-01
3.932975e-01	9.827425e-01	-2.237616e-01
5.380453e-01	9.809345e-01	-2.074120e-01
3.899641e-01	1.003775e+00	-2.632993e-01
5.410858e-01	1.013909e+00	-2.453439e-01
3.939251e-01	1.010913e+00	-2.629640e-01
5.377163e-01	1.016622e+00	-2.484801e-01
3.979624e-01	1.001948e+00	-2.303228e-01
5.341666e-01	1.004212e+00	-2.174167e-01
4.520478e-01	4.079729e-01	6.659307e-04
5.165614e-01	4.090284e-01	-4.915830e-04
4.582478e-01	1.759808e-01	6.512298e-03
5.130185e-01	1.776160e-01	-1.029665e-02
4.742107e-01	3.898767e-02	1.975180e-01
5.098892e-01	-5.001819e-04	1.254820e-01
4.803142e-01	3.278810e-02	2.116123e-01
5.087182e-01	-1.353935e-02	1.317198e-01
4.785936e-01	-1.362089e-02	1.046629e-01
5.109807e-01	-5.199066e-02	-2.738897e-03
4.815106e-01	8.095729e-01	-1.945371e-01
4.736765e-01	8.285180e-01	-1.719399e-01
4.687020e-01	8.285617e-01	-1.720813e-01
4.634372e-01	8.287122e-01	-1.721065e-01
4.867411e-01	8.278686e-01	-1.725790e-01
4.908701e-01	8.274515e-01	-1.727540e-01
4.954228e-01	8.265728e-01	-1.727949e-01
4.572879e-01	8.166875e-01	-6.521492e-02
5.010580e-01	8.119782e-01	-6.591503e-02
4.718183e-01	7.854317e-01	-1.553717e-01
4.881704e-01	7.845548e-01	-1.559656e-01
4.311160e-01	7.160966e-01	-6.124703e-02
5.248019e-01	7.146592e-01	-6.390731e-02
4.043443e-01	8.286117e-01	-1.551373e-01
5.325133e-01	8.578768e-01	-1.486534e-01
3.938804e-01	9.803961e-01	-2.193494e-01
5.405712e-01	9.846554e-01	-2.081488e-01
3.906794e-01	9.993910e-01	-2.601199e-01
5.434357e-01	1.016193e+00	-2.455920e-01
3.947947e-01	1.005715e+00	-2.614622e-01
5.401350e-01	1.019070e+00	-2.499857e-01
3.989544e-01	9.974082e-01	-2.274054e-01
5.366435e-01	1.005301e+00	-2.184812e-01
4.525330e-01	4.076579e-01	8.588117e-04
5.171099e-01	4.087481e-01	-6.914936e-04
4.584502e-01	1.760714e-01	4.924447e-03
5.131241e-01	1.774469e-01	-1.169525e-02
4.743008e-01	3.361748e-02	1.981878e-01
5.106051e-01	-1.711173e-03	1.162016e-01
4.803490e-01	2.947977e-02	2.129403e-01
5.094853e-01	-1.419120e-02	1.222378e-01
4.776285e-01	-1.555182e-02	1.086587e-01
5.089203e-01	-6.732128e-02	-1.424291e-02
4.805714e-01	8.076407e-01	-1.608035e-01
4.732281e-01	8.265991e-01	-1.394851e-01
4.682454e-01	8.265236e-01	-1.395973e-01
4.630395e-01	8.267310e-01	-1.396443e-01
4.865962e-01	8.264616e-01	-1.394836e-01
4.907754e-01	8.262886e-01	-1.396351e-01
4.954000e-01	8.256865e-01	-1.396677e-01
4.572786e-01	8.160966e-01	-3.143493e-02
5.012494e-01	8.115668e-01	-3.059429e-02
4.711758e-01	7.835070e-01	-1.208119e-01
4.878400e-01	7.829762e-01	-1.206228e-01
4.332967e-01	7.153985e-01	-4.790185e-02
5.247580e-01	7.093120e-01	-3.666780e-02
4.140030e-01	7.943748e-01	-2.416199e-01
5.290321e-01	8.114570e-01	-2.292861e-01
3.950257e-01	9.457939e-01	-4.149331e-01
5.369970e-01	9.333994e-01	-4.228917e-01
3.910111e-01	9.740725e-01	-4.677861e-01
5.383388e-01	9.680720e-01	-4.722536e-01
3.931409e-01	9.866930e-01	-4.674176e-01
5.375508e-01	9.716359e-01	-4.715110e-01
3.970894e-01	9.681773e-01	-4.242548e-01
5.343751e-01	9.632328e-01	-4.332287e-01
4.521559e-01	4.076825e-01	5.651778e-04
5.169808e-01	4.088469e-01	-4.097011e-04
4.584851e-01	1.760687e-01	-1.612885e-02
5.130993e-01	1.773889e-01	-2.477104e-02
4.739840e-01	3.144808e-02	1.780739e-01
5.110973e-01	-2.076903e-03	9.330927e-02
4.801750e-01	2.756982e-02	1.927825e-01
5.101625e-01	-1.461687e-02	9.887160e-02
4.749730e-01	-1.808768e-02	8.168174e-02
5.084444e-01	-7.319600e-02	-4.397803e-02
4.803995e-01	8.080350e-01	-1.632078e-01
4.732046e-01	8.265955e-01	-1.374778e-01
4.682426e-01	8.266435e-01	-1.375970e-01
4.630378e-01	8.269286e-01	-1.377108e-01
4.865950e-01	8.262712e-01	-1.375949e-01
4.907919e-01	8.259755e-01	-1.377365e-01
4.954920e-01	8.253497e-01	-1.377346e-01
4.575594e-01	8.161668e-01	-1.289635e-02
5.017623e-01	8.114745e-01	-1.440347e-02
4.710842e-01	7.839774e-01	-1.184547e-01
4.878225e-01	7.833937e-01	-1.189909e-01
4.338424e-01	7.159891e-01	-2.347304e-02
5.252541e-01	6.979991e-01	2.536798e-02
4.114289e-01	8.008308e-01	-2.032625e-01
5.297664e-01	6.269631e-01	-6.193306e-02
3.926384e-01	9.489956e-01	-3.521169e-01
5.449857e-01	6.041154e-01	-2.330442e-01
3.873944e-01	9.756888e-01	-4.036827e-01
5.485107e-01	5.963837e-01	-2.685828e-01
3.911222e-01	9.813330e-01	-4.109615e-01
5.451269e-01	6.016165e-01	-2.866247e-01
3.948779e-01	9.689510e-01	-3.650666e-01
5.401851e-01	6.056119e-01	-2.481963e-01
4.515380e-01	4.145336e-01	-5.258691e-03
5.169668e-01	4.150826e-01	5.495136e-03
4.588018e-01	1.758428e-01	-6.940109e-02
5.133271e-01	1.774077e-01	-4.345968e-02
4.740055e-01	3.141085e-02	1.507812e-01
5.112712e-01	-4.182170e-03	8.432157e-02
4.802459e-01	2.767333e-02	1.680262e-01
5.102580e-01	-1.625462e-02	9.022962e-02
4.750696e-01	-1.820911e-02	5.578580e-02
5.083261e-01	-7.914989e-02	-5.558849e-02
4.798330e-01	8.076733e-01	-1.078373e-01
4.727686e-01	8.258510e-01	-8.050214e-02
4.676910e-01	8.260112e-01	-8.063032e-02
4.626116e-01	8.263690e-01	-8.074364e-02
4.864461e-01	8.252782e-01	-8.458890e-02
4.907049e-01	8.248605e-01	-8.472112e-02
4.954955e-01	8.242455e-01	-8.475320e-02
4.575575e-01	8.162950e-01	5.740719e-02
5.025429e-01	8.112705e-01	3.815313e-02
4.707393e-01	7.834716e-01	-5.716933e-02
4.877238e-01	7.832402e-01	-6.265178e-02
4.334517e-01	7.160566e-01	5.434225e-02
5.255318e-01	6.971976e-01	5.220146e-02
4.098758e-01	7.841927e-01	-1.915803e-01
5.322821e-01	6.695592e-01	-8.086114e-02
3.924310e-01	8.989961e-01	-3.534804e-01
5.467674e-01	7.049963e-01	-3.681184e-01
3.965517e-01	8.962146e-01	-4.064113e-01
5.506637e-01	7.130525e-01	-4.178971e-01
3.960140e-01	8.997508e-01	-4.032434e-01
5.498850e-01	7.226362e-01	-4.204273e-01
3.967541e-01	8.984869e-01	-3.633201e-01
5.456077e-01	7.192759e-01	-3.796203e-01
4.511986e-01	4.174382e-01	-4.552768e-03
5.164501e-01	4.194252e-01	4.775099e-03
4.588313e-01	1.758020e-01	-8.274378e-02
5.133429e-01	1.769133e-01	-5.797049e-02
4.738556e-01	3.171773e-02	1.598168e-01
5.109906e-01	-9.292390e-03	7.078926e-02
4.801969e-01	2.644693e-02	1.790978e-01
5.100585e-01	-1.930287e-02	7.709564e-02
4.750202e-01	-1.848636e-02	6.841136e-02
5.080875e-01	-9.168422e-02	-7.646475e-02
4.798162e-01	8.073407e-01	-1.461015e-01
4.727475e-01	8.258248e-01	-1.215091e-01
4.676837e-01	8.260460e-01	-1.216195e-01
4.625939e-01	8.263788e-01	-1.216744e-01
4.864469e-01	8.251796e-01	-1.260885e-01
4.907729e-01	8.247123e-01	-1.262081e-01
4.958094e-01	8.239886e-01	-1.262261e-01
4.575809e-01	8.163666e-01	2.372598e-02
5.034192e-01	8.114809e-01	-1.085935e-03
4.707608e-01	7.834318e-01	-9.136430e-02
4.877549e-01	7.832810e-01	-9.814268e-02
4.329934e-01	7.151493e-01	6.974981e-02
5.266399e-01	6.986358e-01	1.074258e-02
4.159254e-01	6.605586e-01	-1.362274e-01
5.287883e-01	6.401198e-01	-1.692120e-01
4.170564e-01	6.805511e-01	-4.094940e-01
5.207162e-01	6.661216e-01	-3.967152e-01
4.118412e-01	6.762319e-01	-4.684803e-01
5.284160e-01	6.798050e-01	-4.497662e-01
4.191508e-01	6.920825e-01	-4.745012e-01
5.298815e-01	6.976519e-01	-4.519464e-01
4.216132e-01	6.902065e-01	-4.214786e-01
5.259567e-01	6.818706e-01	-4.058639e-01
4.517044e-01	4.121858e-01	1.134291e-02
5.165019e-01	4.152404e-01	-1.112872e-02
4.587218e-01	1.729137e-01	-6.011428e-02
5.131477e-01	1.738695e-01	-7.019757e-02
4.739296e-01	2.022667e-02	1.781877e-01
5.107971e-01	-1.323857e-02	8.170496e-02
4.809713e-01	1.476558e-02	2.024182e-01
5.101150e-01	-2.223977e-02	9.042790e-02
4.741271e-01	-2.997894e-02	1.001486e-01
5.080060e-01	-8.388740e-02	-5.819284e-02
4.800603e-01	8.070698e-01	-2.532394e-01
4.727852e-01	8.259378e-01	-2.305468e-01
4.678285e-01	8.261147e-01	-2.306671e-01
4.627417e-01	8.263770e-01	-2.307349e-01
4.864722e-01	8.253415e-01	-2.340608e-01
4.908594e-01	8.248923e-01	-2.341540e-01
4.959216e-01	8.241796e-01	-2.341868e-01
4.576649e-01	8.164803e-01	-7.603937e-02
5.034002e-01	8.115700e-01	-9.227182e-02
4.710774e-01	7.833553e-01	-1.938451e-01
4.878754e-01	7.833792e-01	-1.981197e-01
4.310554e-01	7.087489e-01	2.347856e-02
5.283486e-01	6.990713e-01	-3.428326e-03
4.148477e-01	6.068038e-01	5.425257e-02
5.305835e-01	5.881629e-01	8.770178e-02
4.097459e-01	5.583689e-01	-3.762390e-02
5.293590e-01	5.083602e-01	7.173474e-02
4.080957e-01	5.201838e-01	-6.823203e-02
5.311427e-01	4.666551e-01	5.342890e-02
4.130062e-01	5.520093e-01	-9.932203e-02
5.288558e-01	4.872277e-01	1.621989e-02
4.212621e-01	5.479623e-01	-5.312756e-02
5.270761e-01	4.906461e-01	5.624742e-02
4.544132e-01	4.068816e-01	8.001478e-03
5.200142e-01	4.130959e-01	-7.631149e-03
4.607048e-01	1.729500e-01	-6.095486e-02
5.187249e-01	1.722018e-01	-6.204939e-02
4.751708e-01	1.828410e-02	2.064281e-01
5.119454e-01	-1.374107e-02	9.063362e-02
4.825233e-01	1.383482e-02	2.312011e-01
5.103542e-01	-2.247847e-02	1.034224e-01
4.743091e-01	-5.857589e-02	1.266979e-01
5.083557e-01	-1.044793e-01	-4.906379e-02
4.806315e-01	8.066803e-01	-2.905191e-01
4.729279e-01	8.260452e-01	-2.684111e-01
4.681742e-01	8.261976e-01	-2.685413e-01
4.630029e-01	8.263618e-01	-2.686301e-01
4.865364e-01	8.254667e-01	-2.700084e-01
4.910141e-01	8.250247e-01	-2.701035e-01
4.960292e-01	8.243250e-01	-2.701611e-01
4.576673e-01	8.162946e-01	-1.200105e-01
5.029950e-01	8.117188e-01	-1.268057e-01
4.715153e-01	7.828809e-01	-2.335882e-01
4.881280e-01	7.830568e-01	-2.353563e-01
4.289137e-01	7.010290e-01	1.101707e-02
5.294833e-01	7.014981e-01	-1.671624e-02
4.120256e-01	5.826643e-01	9.084198e-02
5.397879e-01	5.741716e-01	6.960442e-02
4.076216e-01	4.947026e-01	6.033104e-02
5.324835e-01	4.883707e-01	2.253112e-02
4.089604e-01	4.678514e-01	4.254817e-02
5.371579e-01	4.570862e-01	1.779473e-03
4.083534e-01	4.648059e-01	7.579646e-03
5.349539e-01	4.616426e-01	-3.423809e-02
4.165739e-01	4.763564e-01	4.531643e-02
5.329571e-01	4.666266e-01	6.667786e-03
4.557884e-01	4.043076e-01	7.279632e-03
5.208615e-01	4.130646e-01	-6.944372e-03
4.627454e-01	1.729809e-01	-5.576823e-02
5.207225e-01	1.722695e-01	-6.738614e-02
4.779498e-01	1.178867e-02	2.104784e-01
5.121161e-01	-1.357249e-02	1.025240e-01
4.852960e-01	7.599490e-03	2.329337e-01
5.104049e-01	-2.185940e-02	1.164600e-01
4.786017e-01	-5.498996e-02	1.234061e-01
5.105123e-01	-1.077046e-01	-3.268917e-02
4.806284e-01	8.066944e-01	-1.788081e-01
4.729160e-01	8.261052e-01	-1.559702e-01
4.681738e-01	8.262039e-01	-1.560650e-01
4.630039e-01	8.262637e-01	-1.561045e-01
4.865571e-01	8.255729e-01	-1.612488e-01
4.911767e-01	8.251218e-01	-1.612712e-01
4.961534e-01	8.243780e-01	-1.611672e-01
4.577504e-01	8.162109e-01	-2.289302e-02
5.031629e-01	8.117600e-01	-4.600051e-02
4.715499e-01	7.824237e-01	-1.285034e-01
4.881729e-01	7.825198e-01	-1.349725e-01
4.289673e-01	7.001256e-01	6.022074e-02
5.298851e-01	7.007299e-01	2.400287e-02
4.112630e-01	5.843832e-01	1.331809e-01
5.395314e-01	5.802075e-01	6.514256e-02
4.051267e-01	4.894454e-01	7.472014e-02
5.358421e-01	5.004777e-01	-1.926366e-02
4.064922e-01	4.594973e-01	4.632706e-02
5.389708e-01	4.707653e-01	-5.200782e-02
4.061917e-01	4.648941e-01	6.715772e-03
5.352206e-01	4.814697e-01	-8.571421e-02
4.124171e-01	4.792631e-01	5.666711e-02
5.325081e-01	4.935461e-01	-3.579665e-02
4.541934e-01	4.033143e-01	7.201616e-03
5.176837e-01	4.121144e-01	-6.878833e-03
4.629602e-01	1.711120e-01	-6.960525e-02
5.205342e-01	1.705079e-01	-7.997961e-02
4.804317e-01	2.493032e-03	1.793589e-01
5.119068e-01	-1.951225e-02	7.698178e-02
4.882917e-01	-5.254402e-03	1.973335e-01
5.098089e-01	-3.397042e-02	8.590526e-02
4.836560e-01	-7.946705e-02	7.351842e-02
5.092054e-01	-1.170252e-01	-6.897880e-02
4.809828e-01	8.082938e-01	-1.729720e-01
4.732674e-01	8.270636e-01	-1.514404e-01
4.686898e-01	8.271846e-01	-1.514995e-01
4.635935e-01	8.271871e-01	-1.514869e-01
4.868323e-01	8.260161e-01	-1.525556e-01
4.916778e-01	8.253714e-01	-1.526184e-01
4.963501e-01	8.245217e-01	-1.524850e-01
4.580589e-01	8.166317e-01	-3.190168e-02
5.031602e-01	8.120390e-01	-4.105612e-02
4.718190e-01	7.839476e-01	-1.304561e-01
4.883760e-01	7.831686e-01	-1.320896e-01
4.291308e-01	6.992108e-01	4.062080e-02
5.298702e-01	6.981051e-01	1.147757e-02
4.104721e-01	5.671998e-01	3.229744e-02
5.401877e-01	5.581148e-01	9.259301e-03
4.039863e-01	4.482318e-01	-6.780802e-02
5.361927e-01	4.538533e-01	-1.067118e-01
4.060322e-01	4.059153e-01	-1.060690e-01
5.404437e-01	4.129071e-01	-1.362657e-01
4.057679e-01	4.066262e-01	-1.386943e-01
5.374478e-01	4.195133e-01	-1.297702e-01
4.126397e-01	4.194020e-01	-8.476444e-02
5.346020e-01	4.301255e-01	-1.206380e-01
4.543319e-01	3.979559e-01	4.431677e-03
5.170572e-01	4.096977e-01	-4.100303e-03
4.642836e-01	1.686238e-01	-6.570245e-02
5.200467e-01	1.719859e-01	-6.109628e-02
4.843096e-01	-4.002169e-03	1.338596e-01
5.153460e-01	-1.227535e-02	9.083036e-02
4.924679e-01	-1.451751e-02	1.450403e-01
5.141247e-01	-2.690684e-02	9.815538e-02
4.839128e-01	-7.270878e-02	3.032297e-02
5.177028e-01	-9.821089e-02	-2.473623e-02
4.812047e-01	8.088295e-01	-2.359814e-01
4.737431e-01	8.280615e-01	-2.142318e-01
4.691893e-01	8.283888e-01	-2.142792e-01
4.642552e-01	8.284782e-01	-2.142777e-01
4.871898e-01	8.268565e-01	-2.155277e-01
4.920583e-01	8.261510e-01	-2.156270e-01
4.964906e-01	8.252679e-01	-2.155692e-01
4.585664e-01	8.180071e-01	-9.335180e-02
5.031773e-01	8.125268e-01	-1.001729e-01
4.719273e-01	7.858374e-01	-1.919420e-01
4.885111e-01	7.846835e-01	-1.936923e-01
4.291432e-01	6.973793e-01	-2.075244e-02
5.306058e-01	6.952860e-01	-3.797305e-02
4.111039e-01	5.501041e-01	1.834788e-02
5.412212e-01	5.482805e-01	-1.018205e-02
4.045221e-01	4.072717e-01	-6.648868e-02
5.402683e-01	4.312772e-01	-1.151308e-01
4.033096e-01	3.562554e-01	-9.843893e-02
5.445137e-01	3.852004e-01	-1.498106e-01
4.069124e-01	3.507623e-01	-1.375430e-01
5.404196e-01	3.842444e-01	-1.747406e-01
4.138543e-01	3.677142e-01	-8.406436e-02
5.352365e-01	4.022655e-01	-1.323746e-01
4.542184e-01	3.991869e-01	5.676494e-03
5.156910e-01	4.098224e-01	-5.383067e-03
4.640700e-01	1.687344e-01	-3.953689e-02
5.190221e-01	1.726158e-01	-5.975858e-02
4.842631e-01	-2.352639e-03	1.459908e-01
5.153013e-01	-1.428722e-02	6.331387e-02
4.923951e-01	-1.470846e-02	1.570451e-01
5.139395e-01	-2.967190e-02	6.724293e-02
4.816850e-01	-6.638777e-02	3.702376e-02
5.167967e-01	-1.042641e-01	-7.785116e-02
4.815088e-01	8.108959e-01	-2.830932e-01
4.741155e-01	8.307168e-01	-2.632582e-01
4.695978e-01	8.310477e-01	-2.632835e-01
4.646890e-01	8.310744e-01	-2.632563e-01
4.875880e-01	8.289133e-01	-2.639541e-01
4.924304e-01	8.280802e-01	-2.640797e-01
4.966276e-01	8.269570e-01	-2.640426e-01
4.587805e-01	8.196058e-01	-1.471698e-01
5.031885e-01	8.137839e-01	-1.514843e-01
4.719607e-01	7.890434e-01	-2.400527e-01
4.885969e-01	7.878003e-01	-2.412242e-01
4.290796e-01	6.924918e-01	-7.874856e-02
5.328249e-01	6.911556e-01	-8.203071e-02
4.123102e-01	5.304698e-01	-1.132672e-02
5.422157e-01	5.333382e-01	-2.183878e-02
4.096880e-01	3.807039e-01	-9.096451e-02
5.461416e-01	3.890207e-01	-1.270897e-01
4.040744e-01	3.345176e-01	-1.310485e-01
5.512949e-01	3.419739e-01	-1.633522e-01
4.131064e-01	3.304883e-01	-1.618358e-01
5.442169e-01	3.383469e-01	-1.900591e-01
4.197350e-01	3.480886e-01	-1.008050e-01
5.384815e-01	3.559861e-01	-1.413851e-01
4.517863e-01	3.996425e-01	5.308786e-03
5.141004e-01	4.085934e-01	-5.056697e-03
4.646355e-01	1.627349e-01	-3.386457e-02
5.189807e-01	1.726458e-01	-4.890718e-02
4.853049e-01	-4.144271e-03	1.501360e-01
5.153470e-01	-1.301529e-02	8.894283e-02
4.924972e-01	-1.313125e-02	1.612254e-01
5.138351e-01	-2.758954e-02	9.459665e-02
4.839622e-01	-8.516806e-02	4.018738e-02
5.157202e-01	-1.039566e-01	-4.067291e-02
4.815059e-01	8.112346e-01	-2.849759e-01
4.741468e-01	8.315954e-01	-2.662505e-01
4.696749e-01	8.319511e-01	-2.662716e-01
4.647160e-01	8.319985e-01	-2.662396e-01
4.876023e-01	8.297790e-01	-2.662071e-01
4.924598e-01	8.288252e-01	-2.663190e-01
4.966299e-01	8.276021e-01	-2.663040e-01
4.587928e-01	8.205291e-01	-1.512022e-01
5.031624e-01	8.144527e-01	-1.517568e-01
4.719033e-01	7.896929e-01	-2.417564e-01
4.884971e-01	7.883481e-01	-2.418578e-01
4.280846e-01	6.912174e-01	-7.875384e-02
5.332295e-01	6.906536e-01	-8.197470e-02
4.151235e-01	5.287182e-01	-2.021057e-02
5.431682e-01	5.328173e-01	-2.427550e-02
4.117858e-01	3.770977e-01	-9.551158e-02
5.540742e-01	3.879268e-01	-1.322502e-01
4.060226e-01	3.315511e-01	-1.421115e-01
5.603994e-01	3.393661e-01	-1.681636e-01
4.150058e-01	3.282050e-01	-1.793619e-01
5.534880e-01	3.357129e-01	-1.979615e-01
4.212082e-01	3.459512e-01	-1.066178e-01
5.467449e-01	3.551027e-01	-1.467108e-01
4.522836e-01	3.989314e-01	5.946657e-03
5.142656e-01	4.076250e-01	-5.734319e-03
4.643778e-01	1.598089e-01	-2.657070e-02
5.187797e-01	1.730621e-01	-4.811573e-02
4.850942e-01	-3.403574e-03	1.527538e-01
5.152995e-01	-1.284745e-02	7.492630e-02
4.923100e-01	-1.444876e-02	1.639632e-01
5.137280e-01	-2.798828e-02	7.931643e-02
4.836939e-01	-7.711247e-02	4.802754e-02
5.127731e-01	-1.071521e-01	-5.972854e-02
4.815101e-01	8.117628e-01	-2.808856e-01
4.741836e-01	8.323385e-01	-2.623327e-01
4.697061e-01	8.325667e-01	-2.623494e-01
4.647172e-01	8.324277e-01	-2.623130e-01
4.876092e-01	8.308214e-01	-2.623039e-01
4.924698e-01	8.297790e-01	-2.624181e-01
4.966307e-01	8.284630e-01	-2.624079e-01
4.587865e-01	8.207152e-01	-1.490912e-01
5.031140e-01	8.151331e-01	-1.494452e-01
4.718902e-01	7.899289e-01	-2.383088e-01
4.884708e-01	7.888651e-01	-2.383778e-01
4.276569e-01	6.904263e-01	-8.045311e-02
5.336720e-01	6.900120e-01	-8.070628e-02
4.165094e-01	5.274944e-01	-2.858308e-02
5.434382e-01	5.310061e-01	-2.713018e-02
4.126457e-01	3.777084e-01	-1.072109e-01
5.561593e-01	3.868103e-01	-1.334980e-01
4.071603e-01	3.321284e-01	-1.432934e-01
5.624343e-01	3.381748e-01	-1.686808e-01
4.156980e-01	3.286593e-01	-1.922835e-01
5.561026e-01	3.346302e-01	-1.985168e-01
4.215782e-01	3.463583e-01	-1.241755e-01
5.495619e-01	3.536190e-01	-1.496249e-01
4.527200e-01	3.983618e-01	5.560656e-03
5.145427e-01	4.069898e-01	-5.375819e-03
4.642934e-01	1.571487e-01	-2.818694e-02
5.186887e-01	1.732323e-01	-4.817899e-02
4.850893e-01	-2.383377e-03	1.546066e-01
5.152562e-01	-1.139407e-02	7.943451e-02
4.920148e-01	-1.216292e-02	1.668752e-01
5.136372e-01	-2.530692e-02	8.512312e-02
4.839768e-01	-7.325103e-02	5.123467e-02
5.125899e-01	-1.075652e-01	-5.557561e-02
4.814378e-01	8.127187e-01	-3.025748e-01
4.741732e-01	8.331871e-01	-2.840611e-01
4.697013e-01	8.333208e-01	-2.840745e-01
4.647131e-01	8.330008e-01	-2.840342e-01
4.875930e-01	8.320557e-01	-2.854319e-01
4.924613e-01	8.310882e-01	-2.855411e-01
4.966207e-01	8.297629e-01	-2.855423e-01
4.588103e-01	8.211873e-01	-1.689478e-01
5.031022e-01	8.160196e-01	-1.755131e-01
4.718158e-01	7.904671e-01	-2.590725e-01
4.883100e-01	7.897060e-01	-2.608525e-01
4.269887e-01	6.883770e-01	-9.625150e-02
5.349316e-01	6.881283e-01	-1.038126e-01
4.157024e-01	5.254896e-01	-4.434291e-02
5.437613e-01	5.260867e-01	-5.488015e-02
4.116526e-01	3.763603e-01	-1.347362e-01
5.574442e-01	3.799484e-01	-1.532006e-01
4.068142e-01	3.290522e-01	-1.673853e-01
5.640894e-01	3.305577e-01	-1.871477e-01
4.146525e-01	3.249124e-01	-2.104324e-01
5.577955e-01	3.261355e-01	-2.270764e-01
4.203838e-01	3.428483e-01	-1.523325e-01
5.514065e-01	3.454162e-01	-1.717747e-01
4.524312e-01	3.954896e-01	5.480080e-03
5.145983e-01	4.035419e-01	-5.296458e-03
4.620267e-01	1.565294e-01	-2.712910e-02
5.185873e-01	1.727855e-01	-4.184387e-02
4.849700e-01	-2.220144e-03	1.755386e-01
5.151967e-01	-1.066559e-02	1.019147e-01
4.906202e-01	-1.088986e-02	1.895781e-01
5.135124e-01	-2.358504e-02	1.090936e-01
4.820842e-01	-7.082692e-02	7.922488e-02
5.122503e-01	-1.066123e-01	-2.814239e-02
4.811217e-01	8.129140e-01	-2.915659e-01
4.740221e-01	8.331870e-01	-2.726597e-01
4.696394e-01	8.332953e-01	-2.726742e-01
4.646819e-01	8.329769e-01	-2.726358e-01
4.874185e-01	8.321788e-01	-2.740935e-01
4.923204e-01	8.313406e-01	-2.741907e-01
4.965630e-01	8.302305e-01	-2.742099e-01
4.589109e-01	8.214065e-01	-1.564287e-01
5.030793e-01	8.176149e-01	-1.632663e-01
4.717614e-01	7.904843e-01	-2.475656e-01
4.881755e-01	7.899094e-01	-2.494402e-01
4.267009e-01	6.879373e-01	-8.466397e-02
5.353131e-01	6.889708e-01	-9.010896e-02
4.161175e-01	5.267127e-01	-4.095824e-02
5.443923e-01	5.358458e-01	-5.130071e-02
4.122838e-01	3.828491e-01	-1.324200e-01
5.595950e-01	3.908817e-01	-1.435789e-01
4.084484e-01	3.361087e-01	-1.618943e-01
5.677556e-01	3.425732e-01	-1.747587e-01
4.147354e-01	3.314923e-01	-2.062513e-01
5.616145e-01	3.389970e-01	-2.178524e-01
4.204842e-01	3.501115e-01	-1.504335e-01
5.552601e-01	3.565315e-01	-1.625271e-01
4.524349e-01	3.956296e-01	5.116845e-03
5.146326e-01	4.037349e-01	-4.959996e-03
4.618544e-01	1.580111e-01	-2.888297e-02
5.184014e-01	1.739223e-01	-4.279698e-02
4.845088e-01	-5.714492e-04	1.714582e-01
5.151444e-01	-6.914000e-03	1.016196e-01
4.894742e-01	-9.484835e-03	1.848688e-01
5.134558e-01	-1.897082e-02	1.084748e-01
4.810964e-01	-6.658984e-02	7.416587e-02
5.103377e-01	-1.033802e-01	-3.071716e-02
4.809933e-01	8.134189e-01	-2.816019e-01
4.738844e-01	8.332029e-01	-2.635630e-01
4.695680e-01	8.332752e-01	-2.635832e-01
4.646045e-01	8.329588e-01	-2.635524e-01
4.872777e-01	8.322260e-01	-2.639583e-01
4.922073e-01	8.314437e-01	-2.640426e-01
4.965008e-01	8.304809e-01	-2.640473e-01
4.589106e-01	8.214981e-01	-1.533328e-01
5.028664e-01	8.182825e-01	-1.545893e-01
4.717054e-01	7.905529e-01	-2.395179e-01
4.879953e-01	7.900680e-01	-2.399812e-01
4.262229e-01	6.860970e-01	-8.955834e-02
5.351927e-01	6.894491e-01	-8.127196e-02
4.166732e-01	5.271880e-01	-4.354211e-02
5.443317e-01	5.389472e-01	-3.287359e-02
4.118634e-01	3.876515e-01	-1.312710e-01
5.619978e-01	4.025729e-01	-1.169877e-01
4.086520e-01	3.415136e-01	-1.585031e-01
5.714744e-01	3.570749e-01	-1.456557e-01
4.141539e-01	3.378544e-01	-2.007426e-01
5.677673e-01	3.524300e-01	-1.859473e-01
4.198239e-01	3.568083e-01	-1.488564e-01
5.609925e-01	3.691065e-01	-1.355332e-01
4.527474e-01	3.958885e-01	1.245856e-03
5.146703e-01	4.038146e-01	-1.138580e-03
4.618553e-01	1.590198e-01	-3.433561e-02
5.182390e-01	1.748802e-01	-4.053885e-02
4.844848e-01	-2.540281e-04	1.497396e-01
5.151714e-01	-3.036278e-03	1.081766e-01
4.888185e-01	-8.813305e-03	1.613611e-01
5.134183e-01	-1.473994e-02	1.160169e-01
4.810499e-01	-6.636643e-02	4.547521e-02
5.111092e-01	-9.257761e-02	-1.507466e-02
