5.335280e-01	8.210021e-01	-3.453018e-01
5.277290e-01	8.411436e-01	-3.298512e-01
5.234119e-01	8.409575e-01	-3.298772e-01
5.190450e-01	8.404505e-01	-3.298228e-01
5.394414e-01	8.408411e-01	-3.322434e-01
5.432944e-01	8.404822e-01	-3.322628e-01
5.473230e-01	8.399285e-01	-3.321358e-01
5.150564e-01	8.321788e-01	-2.121712e-01
5.532508e-01	8.319697e-01	-2.213874e-01
5.247025e-01	7.991239e-01	-2.987766e-01
5.396610e-01	7.989267e-01	-3.009954e-01
4.823216e-01	7.139286e-01	-1.243715e-01
5.867082e-01	7.089933e-01	-1.360601e-01
4.728934e-01	5.758197e-01	-6.824873e-02
5.958602e-01	5.684184e-01	-8.989106e-02
4.608296e-01	4.575492e-01	-1.321024e-01
6.014349e-01	4.422255e-01	-1.606314e-01
4.563661e-01	4.153601e-01	-1.564065e-01
6.076161e-01	4.078854e-01	-1.872090e-01
4.599949e-01	4.167455e-01	-1.935735e-01
6.057717e-01	4.069127e-01	-2.223754e-01
4.660684e-01	4.318678e-01	-1.492700e-01
5.991389e-01	4.192726e-01	-1.776821e-01
5.019090e-01	4.401099e-01	3.287616e-03
5.616527e-01	4.395504e-01	-3.316634e-03
4.914889e-01	2.469124e-01	3.046304e-02
5.693026e-01	2.530944e-01	1.987302e-02
4.901872e-01	9.188446e-02	1.879557e-01
5.707318e-01	9.626201e-02	1.746109e-01
4.994673e-01	6.468058e-02	1.966464e-01
5.602835e-01	6.640953e-02	1.824419e-01
4.681874e-01	3.319201e-02	8.657146e-02
5.956646e-01	3.570697e-02	6.793140e-02
5.334585e-01	8.208719e-01	-3.617972e-01
5.275626e-01	8.409081e-01	-3.483867e-01
5.232833e-01	8.407537e-01	-3.484004e-01
5.190241e-01	8.403242e-01	-3.483441e-01
5.394571e-01	8.406934e-01	-3.499143e-01
5.434080e-01	8.404113e-01	-3.499523e-01
5.475739e-01	8.399047e-01	-3.498690e-01
5.146701e-01	8.321730e-01	-2.373811e-01
5.539979e-01	8.320033e-01	-2.445465e-01
5.246779e-01	7.991835e-01	-3.175195e-01
5.399376e-01	7.990468e-01	-3.191686e-01
4.823366e-01	7.133508e-01	-1.550684e-01
5.867481e-01	7.096027e-01	-1.492611e-01
4.728133e-01	5.752894e-01	-1.007014e-01
5.944337e-01	5.685874e-01	-9.668086e-02
4.605134e-01	4.528135e-01	-1.492753e-01
6.013651e-01	4.417960e-01	-1.606172e-01
4.541286e-01	4.112452e-01	-1.707122e-01
6.071364e-01	4.069282e-01	-1.856561e-01
4.575933e-01	4.127456e-01	-2.069251e-01
6.051138e-01	4.060213e-01	-2.211653e-01
4.644443e-01	4.255506e-01	-1.656929e-01
5.990630e-01	4.178131e-01	-1.776607e-01
5.023584e-01	4.437873e-01	2.671018e-04
5.620404e-01	4.438203e-01	-2.773485e-04
4.915293e-01	2.485558e-01	2.962345e-02
5.692399e-01	2.554279e-01	3.653948e-02
4.887963e-01	9.194127e-02	1.832633e-01
5.713522e-01	9.542152e-02	1.897846e-01
4.965532e-01	6.675687e-02	1.909735e-01
5.607371e-01	6.605436e-02	1.964239e-01
4.685927e-01	3.434180e-02	7.986911e-02
5.992307e-01	3.599509e-02	8.002714e-02
5.327517e-01	8.191900e-01	-3.750946e-01
5.267953e-01	8.398588e-01	-3.614087e-01
5.228463e-01	8.398111e-01	-3.614334e-01
5.186988e-01	8.395408e-01	-3.613899e-01
5.392977e-01	8.399185e-01	-3.638396e-01
5.434054e-01	8.398732e-01	-3.638769e-01
5.475918e-01	8.395634e-01	-3.638079e-01
5.140783e-01	8.320437e-01	-2.461758e-01
5.545171e-01	8.319699e-01	-2.574665e-01
5.243462e-01	7.982761e-01	-3.288834e-01
5.399226e-01	7.984814e-01	-3.317087e-01
4.823950e-01	7.133359e-01	-1.567316e-01
5.867867e-01	7.114063e-01	-1.565022e-01
4.727300e-01	5.746776e-01	-9.680761e-02
5.934271e-01	5.695400e-01	-9.916585e-02
4.603035e-01	4.512095e-01	-1.460404e-01
6.005760e-01	4.420767e-01	-1.600656e-01
4.536892e-01	4.086900e-01	-1.679245e-01
6.052773e-01	4.070917e-01	-1.824512e-01
4.569196e-01	4.105741e-01	-2.046168e-01
6.019593e-01	4.063759e-01	-2.188080e-01
4.636438e-01	4.225449e-01	-1.625213e-01
5.980919e-01	4.180803e-01	-1.770546e-01
5.024281e-01	4.462161e-01	-1.599518e-04
5.622962e-01	4.467244e-01	1.452186e-04
4.915395e-01	2.493847e-01	2.326784e-02
5.692450e-01	2.568970e-01	3.298495e-02
4.883285e-01	9.154801e-02	1.705725e-01
5.719882e-01	9.365080e-02	1.886419e-01
4.960966e-01	6.673937e-02	1.773231e-01
5.612575e-01	6.399251e-02	1.945354e-01
4.685884e-01	3.512264e-02	6.442083e-02
6.031657e-01	3.628937e-02	7.266732e-02
5.327566e-01	8.191605e-01	-3.741515e-01
5.267826e-01	8.397321e-01	-3.582376e-01
5.228235e-01	8.397118e-01	-3.582827e-01
5.187032e-01	8.394657e-01	-3.582586e-01
5.393834e-01	8.398626e-01	-3.630075e-01
5.435520e-01	8.398468e-01	-3.630637e-01
5.478633e-01	8.395589e-01	-3.630619e-01
5.139228e-01	8.320432e-01	-2.380213e-01
5.548577e-01	8.319939e-01	-2.545073e-01
5.243940e-01	7.982786e-01	-3.246440e-01
5.402982e-01	7.984904e-01	-3.297971e-01
4.826127e-01	7.133387e-01	-1.492976e-01
5.867356e-01	7.136752e-01	-1.492381e-01
4.727305e-01	5.743340e-01	-9.255654e-02
5.927098e-01	5.720036e-01	-9.367364e-02
4.599338e-01	4.503563e-01	-1.448239e-01
6.004407e-01	4.448896e-01	-1.576203e-01
4.527804e-01	4.082495e-01	-1.669402e-01
6.050431e-01	4.091043e-01	-1.801913e-01
4.557646e-01	4.103727e-01	-2.037872e-01
6.014129e-01	4.092689e-01	-2.172206e-01
4.625257e-01	4.223674e-01	-1.614428e-01
5.980076e-01	4.210799e-01	-1.749750e-01
5.025140e-01	4.473422e-01	-6.265762e-04
5.623311e-01	4.482428e-01	6.241764e-04
4.916168e-01	2.499600e-01	2.133935e-02
5.690430e-01	2.570839e-01	3.157019e-02
4.882050e-01	9.115134e-02	1.642969e-01
5.721871e-01	9.268630e-02	1.850816e-01
4.962098e-01	6.671751e-02	1.706497e-01
5.614358e-01	6.361873e-02	1.893981e-01
4.685706e-01	3.524932e-02	5.910523e-02
6.024662e-01	3.629118e-02	6.881632e-02
5.327414e-01	8.188345e-01	-3.671178e-01
5.266474e-01	8.393498e-01	-3.517953e-01
5.227475e-01	8.393837e-01	-3.518285e-01
5.186810e-01	8.391607e-01	-3.517884e-01
5.393816e-01	8.395593e-01	-3.551723e-01
5.435695e-01	8.396339e-01	-3.552125e-01
5.479147e-01	8.394448e-01	-3.551553e-01
5.135988e-01	8.319693e-01	-2.351898e-01
5.549211e-01	8.319924e-01	-2.468300e-01
5.243970e-01	7.981493e-01	-3.195088e-01
5.404254e-01	7.983820e-01	-3.230084e-01
4.827130e-01	7.134259e-01	-1.507430e-01
5.867406e-01	7.148026e-01	-1.486688e-01
4.730781e-01	5.742885e-01	-9.696669e-02
5.927266e-01	5.727159e-01	-9.643840e-02
4.596944e-01	4.503648e-01	-1.475756e-01
6.004255e-01	4.449749e-01	-1.583409e-01
4.526110e-01	4.083497e-01	-1.690568e-01
6.050377e-01	4.092243e-01	-1.804770e-01
4.554626e-01	4.105100e-01	-2.056392e-01
6.014888e-01	4.094229e-01	-2.173267e-01
4.620934e-01	4.226727e-01	-1.640377e-01
5.980135e-01	4.211697e-01	-1.755778e-01
5.025384e-01	4.482751e-01	-8.043755e-04
5.623240e-01	4.490664e-01	8.056239e-04
4.916546e-01	2.507261e-01	2.008884e-02
5.690023e-01	2.580808e-01	3.053941e-02
4.881161e-01	9.065537e-02	1.600542e-01
5.723346e-01	9.154645e-02	1.792947e-01
4.963054e-01	6.662703e-02	1.662810e-01
5.615958e-01	6.279000e-02	1.835386e-01
4.685693e-01	3.574863e-02	5.676937e-02
6.024533e-01	3.665157e-02	6.583174e-02
5.326540e-01	8.184441e-01	-3.638856e-01
5.264204e-01	8.390015e-01	-3.488612e-01
5.226250e-01	8.390366e-01	-3.488899e-01
5.185891e-01	8.388228e-01	-3.488435e-01
5.393280e-01	8.394098e-01	-3.516778e-01
5.435677e-01	8.395659e-01	-3.517122e-01
5.479156e-01	8.394348e-01	-3.516346e-01
5.133370e-01	8.318853e-01	-2.328299e-01
5.549313e-01	8.320259e-01	-2.434369e-01
5.243906e-01	7.978734e-01	-3.170474e-01
5.404531e-01	7.982901e-01	-3.199475e-01
4.831660e-01	7.142283e-01	-1.483887e-01
5.867396e-01	7.159024e-01	-1.483918e-01
4.734936e-01	5.761519e-01	-8.444238e-02
5.924394e-01	5.741901e-01	-9.386902e-02
4.596955e-01	4.519545e-01	-1.309362e-01
5.997118e-01	4.475444e-01	-1.561216e-01
4.526871e-01	4.099812e-01	-1.510078e-01
6.042518e-01	4.115342e-01	-1.779394e-01
4.554900e-01	4.120607e-01	-1.877967e-01
6.007202e-01	4.117503e-01	-2.154273e-01
4.620561e-01	4.241736e-01	-1.474704e-01
5.975314e-01	4.234896e-01	-1.734816e-01
5.026122e-01	4.489887e-01	-7.788155e-04
5.623293e-01	4.496921e-01	7.829414e-04
4.916562e-01	2.514927e-01	1.854150e-02
5.689135e-01	2.583010e-01	2.591220e-02
4.880847e-01	9.054159e-02	1.576557e-01
5.724888e-01	9.034824e-02	1.701176e-01
4.964840e-01	6.661814e-02	1.635374e-01
5.616787e-01	6.205501e-02	1.747762e-01
4.685384e-01	3.634828e-02	5.130346e-02
6.023685e-01	3.667464e-02	5.480934e-02
5.326554e-01	8.183600e-01	-3.639578e-01
5.264134e-01	8.389347e-01	-3.494530e-01
5.226176e-01	8.389735e-01	-3.494794e-01
5.185963e-01	8.387702e-01	-3.494304e-01
5.393589e-01	8.393685e-01	-3.521501e-01
5.436245e-01	8.395293e-01	-3.521776e-01
5.480403e-01	8.394137e-01	-3.520931e-01
5.132875e-01	8.318868e-01	-2.326694e-01
5.550234e-01	8.320258e-01	-2.441560e-01
5.244059e-01	7.978314e-01	-3.170186e-01
5.405664e-01	7.982433e-01	-3.200001e-01
4.835244e-01	7.156762e-01	-1.469206e-01
5.867295e-01	7.171627e-01	-1.475691e-01
4.734990e-01	5.780643e-01	-8.121298e-02
5.918307e-01	5.771901e-01	-9.358861e-02
4.590437e-01	4.544841e-01	-1.293546e-01
5.987183e-01	4.534640e-01	-1.560841e-01
4.520119e-01	4.123714e-01	-1.495777e-01
6.029890e-01	4.172502e-01	-1.779118e-01
4.549177e-01	4.143515e-01	-1.867961e-01
5.995185e-01	4.173622e-01	-2.156475e-01
4.614101e-01	4.268511e-01	-1.460926e-01
5.966577e-01	4.291730e-01	-1.735064e-01
5.027035e-01	4.493348e-01	-6.670406e-04
5.623294e-01	4.503702e-01	6.705847e-04
4.916576e-01	2.521427e-01	1.634802e-02
5.689138e-01	2.584607e-01	2.271488e-02
4.880875e-01	9.027853e-02	1.552396e-01
5.726775e-01	9.020584e-02	1.672677e-01
4.969270e-01	6.629576e-02	1.609747e-01
5.617899e-01	6.201901e-02	1.722633e-01
4.683382e-01	3.672982e-02	4.793315e-02
6.023115e-01	3.668936e-02	5.187105e-02
5.332111e-01	8.181506e-01	-3.538505e-01
5.267677e-01	8.388261e-01	-3.403527e-01
5.227424e-01	8.388886e-01	-3.403715e-01
5.188946e-01	8.386986e-01	-3.403162e-01
5.399037e-01	8.391795e-01	-3.423667e-01
5.440565e-01	8.393278e-01	-3.423833e-01
5.486392e-01	8.392316e-01	-3.423112e-01
5.132896e-01	8.318861e-01	-2.247992e-01
5.551588e-01	8.319954e-01	-2.340499e-01
5.248427e-01	7.976895e-01	-3.073419e-01
5.411185e-01	7.980864e-01	-3.095838e-01
4.835771e-01	7.163535e-01	-1.309260e-01
5.865814e-01	7.179528e-01	-1.356647e-01
4.735520e-01	5.797263e-01	-6.101404e-02
5.911362e-01	5.813133e-01	-7.728386e-02
4.581415e-01	4.580421e-01	-1.082094e-01
5.978569e-01	4.599186e-01	-1.393062e-01
4.513443e-01	4.159826e-01	-1.268748e-01
6.021413e-01	4.215305e-01	-1.597264e-01
4.539556e-01	4.180185e-01	-1.649131e-01
5.985569e-01	4.218181e-01	-1.979841e-01
4.600369e-01	4.311279e-01	-1.253021e-01
5.956420e-01	4.345926e-01	-1.567108e-01
5.030101e-01	4.498103e-01	-2.440739e-04
5.623482e-01	4.515144e-01	2.482475e-04
4.916371e-01	2.527495e-01	1.103430e-02
5.689116e-01	2.588043e-01	1.461544e-02
4.880952e-01	8.954798e-02	1.471681e-01
5.727457e-01	9.026398e-02	1.566481e-01
4.973846e-01	6.536107e-02	1.524657e-01
5.618759e-01	6.203632e-02	1.614852e-01
4.678227e-01	3.684670e-02	3.810221e-02
6.022025e-01	3.694141e-02	3.966359e-02
5.331904e-01	8.174926e-01	-3.371558e-01
5.267352e-01	8.383318e-01	-3.234265e-01
5.227262e-01	8.384735e-01	-3.234490e-01
5.188907e-01	8.383514e-01	-3.233990e-01
5.399010e-01	8.387039e-01	-3.263735e-01
5.440595e-01	8.389339e-01	-3.263826e-01
5.486496e-01	8.389421e-01	-3.262952e-01
5.132297e-01	8.318437e-01	-2.078851e-01
5.551925e-01	8.319644e-01	-2.213915e-01
5.248412e-01	7.973934e-01	-2.908602e-01
5.411246e-01	7.977713e-01	-2.942604e-01
4.838081e-01	7.174075e-01	-1.134015e-01
5.864736e-01	7.180529e-01	-1.239787e-01
4.738213e-01	5.847704e-01	-3.486489e-02
5.910891e-01	5.819954e-01	-6.191046e-02
4.576802e-01	4.662941e-01	-7.583813e-02
5.978795e-01	4.604062e-01	-1.223093e-01
4.508960e-01	4.263406e-01	-9.381197e-02
6.018971e-01	4.224673e-01	-1.433284e-01
4.536084e-01	4.278106e-01	-1.328906e-01
5.984191e-01	4.226415e-01	-1.829378e-01
4.595926e-01	4.412134e-01	-9.302103e-02
5.955265e-01	4.352137e-01	-1.402681e-01
5.031313e-01	4.497325e-01	5.428971e-04
5.624575e-01	4.515035e-01	-5.369430e-04
4.915974e-01	2.527759e-01	1.238505e-02
5.688940e-01	2.587895e-01	1.479728e-02
4.881006e-01	8.953086e-02	1.525032e-01
5.729139e-01	9.027893e-02	1.599090e-01
4.976112e-01	6.535572e-02	1.587090e-01
5.620741e-01	6.233651e-02	1.653212e-01
4.677315e-01	3.741789e-02	4.607687e-02
6.016591e-01	3.703410e-02	4.301014e-02
5.333436e-01	8.175206e-01	-3.326253e-01
5.268044e-01	8.383794e-01	-3.193828e-01
5.227451e-01	8.385047e-01	-3.194045e-01
5.189415e-01	8.383749e-01	-3.193625e-01
5.400775e-01	8.387406e-01	-3.214536e-01
5.442328e-01	8.389646e-01	-3.214495e-01
5.489070e-01	8.389732e-01	-3.213646e-01
5.132269e-01	8.319248e-01	-2.051202e-01
5.553126e-01	8.320622e-01	-2.147698e-01
5.249445e-01	7.974271e-01	-2.868018e-01
5.413737e-01	7.978020e-01	-2.890326e-01
4.840083e-01	7.182167e-01	-1.086856e-01
5.862812e-01	7.182694e-01	-1.101737e-01
4.740968e-01	5.878940e-01	-1.806850e-02
5.910250e-01	5.854820e-01	-2.962507e-02
4.568706e-01	4.721622e-01	-4.663406e-02
5.979072e-01	4.675205e-01	-7.759596e-02
4.502749e-01	4.330594e-01	-6.035487e-02
6.016750e-01	4.300077e-01	-9.450430e-02
4.525883e-01	4.342589e-01	-1.004437e-01
5.984653e-01	4.309904e-01	-1.346198e-01
4.584351e-01	4.483044e-01	-6.360435e-02
5.953450e-01	4.431914e-01	-9.532992e-02
5.032234e-01	4.500510e-01	5.676923e-04
5.625496e-01	4.519584e-01	-5.643134e-04
4.911762e-01	2.533794e-01	1.098143e-02
5.687848e-01	2.590140e-01	1.195140e-02
4.880725e-01	8.953321e-02	1.544208e-01
5.730478e-01	9.031123e-02	1.596311e-01
4.976385e-01	6.539360e-02	1.606791e-01
5.623071e-01	6.302072e-02	1.651913e-01
4.677071e-01	3.820083e-02	4.356115e-02
6.009577e-01	3.720507e-02	4.011480e-02
5.333441e-01	8.159877e-01	-3.349692e-01
5.268029e-01	8.371476e-01	-3.237046e-01
5.227386e-01	8.374062e-01	-3.237220e-01
5.189384e-01	8.373783e-01	-3.236981e-01
5.401058e-01	8.374518e-01	-3.264831e-01
5.442790e-01	8.378171e-01	-3.264430e-01
5.489994e-01	8.380498e-01	-3.263879e-01
5.131841e-01	8.315825e-01	-2.054777e-01
5.554214e-01	8.318986e-01	-2.187506e-01
5.249516e-01	7.961962e-01	-2.881114e-01
5.414131e-01	7.968439e-01	-2.894177e-01
4.841269e-01	7.188827e-01	-1.129529e-01
5.862744e-01	7.182332e-01	-1.164139e-01
4.743110e-01	5.901881e-01	-1.770583e-02
5.911434e-01	5.848606e-01	-3.420409e-02
4.552848e-01	4.778415e-01	-4.716600e-02
5.989763e-01	4.684218e-01	-8.243485e-02
4.489161e-01	4.372363e-01	-6.032209e-02
6.026338e-01	4.308586e-01	-9.881400e-02
4.500786e-01	4.375553e-01	-1.011579e-01
5.988970e-01	4.329989e-01	-1.398097e-01
4.556128e-01	4.518922e-01	-6.454727e-02
5.955557e-01	4.451950e-01	-1.003807e-01
5.029566e-01	4.509117e-01	6.017092e-04
5.623521e-01	4.521449e-01	-6.029294e-04
4.906498e-01	2.540619e-01	1.017785e-02
5.687699e-01	2.593350e-01	1.048036e-02
4.880757e-01	8.953789e-02	1.558983e-01
5.732417e-01	9.050658e-02	1.598016e-01
4.976411e-01	6.542476e-02	1.622132e-01
5.625576e-01	6.393691e-02	1.653731e-01
4.676708e-01	3.913108e-02	4.384990e-02
6.005636e-01	3.734635e-02	3.893439e-02
5.333678e-01	8.143230e-01	-3.151675e-01
5.268208e-01	8.358942e-01	-3.024524e-01
5.227406e-01	8.363095e-01	-3.024698e-01
5.189480e-01	8.364431e-01	-3.024287e-01
5.401775e-01	8.359284e-01	-3.039879e-01
5.443636e-01	8.363308e-01	-3.039588e-01
5.491249e-01	8.366916e-01	-3.038602e-01
5.131449e-01	8.313250e-01	-1.886467e-01
5.554650e-01	8.314741e-01	-1.962072e-01
5.249752e-01	7.950808e-01	-2.697230e-01
5.414445e-01	7.957166e-01	-2.709904e-01
4.843425e-01	7.203361e-01	-9.315714e-02
5.861298e-01	7.187901e-01	-8.689406e-02
4.743109e-01	5.976022e-01	9.159390e-03
5.915893e-01	5.908457e-01	4.977175e-03
4.540452e-01	4.919961e-01	-1.114180e-02
5.992913e-01	4.808670e-01	-3.946945e-02
4.474199e-01	4.511336e-01	-2.305547e-02
6.028811e-01	4.440122e-01	-5.458079e-02
4.484896e-01	4.507823e-01	-6.535003e-02
5.990693e-01	4.454446e-01	-9.551482e-02
4.539501e-01	4.655181e-01	-2.849155e-02
5.957103e-01	4.576088e-01	-5.714581e-02
5.024256e-01	4.523053e-01	6.170177e-04
5.619959e-01	4.532230e-01	-6.225924e-04
4.902866e-01	2.547504e-01	6.156842e-03
5.687323e-01	2.597503e-01	5.185022e-03
4.880396e-01	8.953018e-02	1.488214e-01
5.732421e-01	9.088830e-02	1.470166e-01
4.975691e-01	6.541003e-02	1.546984e-01
5.625516e-01	6.510038e-02	1.517999e-01
4.675117e-01	3.953837e-02	3.618383e-02
5.997614e-01	3.770303e-02	2.615729e-02
5.333648e-01	8.142074e-01	-2.812282e-01
5.268136e-01	8.357341e-01	-2.669341e-01
5.227310e-01	8.361578e-01	-2.669547e-01
5.189326e-01	8.363139e-01	-2.669082e-01
5.401779e-01	8.358420e-01	-2.684532e-01
5.443709e-01	8.362819e-01	-2.684282e-01
5.491402e-01	8.366702e-01	-2.683179e-01
5.131179e-01	8.313193e-01	-1.537063e-01
5.554658e-01	8.314890e-01	-1.615367e-01
5.249749e-01	7.950227e-01	-2.368116e-01
5.414501e-01	7.956458e-01	-2.383658e-01
4.848486e-01	7.211759e-01	-6.310288e-02
5.859662e-01	7.199588e-01	-5.819934e-02
4.743056e-01	6.022161e-01	3.975456e-02
5.925318e-01	5.981591e-01	2.998338e-02
4.533779e-01	5.042138e-01	2.342612e-02
5.995470e-01	4.917046e-01	-1.586905e-02
4.466836e-01	4.664881e-01	1.207996e-02
6.029210e-01	4.561785e-01	-3.129651e-02
4.475811e-01	4.654635e-01	-3.045111e-02
5.990977e-01	4.561893e-01	-7.051731e-02
4.530122e-01	4.795198e-01	6.050128e-03
5.957161e-01	4.680694e-01	-3.282668e-02
5.023366e-01	4.528584e-01	1.054975e-03
5.616618e-01	4.534169e-01	-1.078916e-03
4.900887e-01	2.553426e-01	5.922419e-03
5.685003e-01	2.598535e-01	-1.245655e-03
4.880308e-01	8.951902e-02	1.467214e-01
5.731372e-01	9.083859e-02	1.357102e-01
4.975797e-01	6.538447e-02	1.525104e-01
5.623689e-01	6.509579e-02	1.400728e-01
4.670350e-01	3.959130e-02	3.432959e-02
5.987288e-01	3.775719e-02	1.297812e-02
5.330814e-01	8.131438e-01	-2.353609e-01
5.265211e-01	8.348411e-01	-2.205960e-01
5.225860e-01	8.352636e-01	-2.206158e-01
5.187103e-01	8.355048e-01	-2.205647e-01
5.399323e-01	8.350553e-01	-2.223907e-01
5.442662e-01	8.355992e-01	-2.223605e-01
5.490191e-01	8.360785e-01	-2.222265e-01
5.129722e-01	8.309969e-01	-1.127731e-01
5.554365e-01	8.311889e-01	-1.217785e-01
5.248659e-01	7.942483e-01	-1.934729e-01
5.413703e-01	7.947500e-01	-1.954347e-01
4.855666e-01	7.220589e-01	-3.564646e-02
5.859216e-01	7.207308e-01	-2.823177e-02
4.743043e-01	6.059279e-01	5.718927e-02
5.933940e-01	6.025712e-01	4.751951e-02
4.524382e-01	5.113840e-01	4.016422e-02
5.996190e-01	4.985873e-01	-3.472073e-03
4.450334e-01	4.739932e-01	2.737433e-02
6.032239e-01	4.646290e-01	-2.095916e-02
4.466143e-01	4.728608e-01	-1.405111e-02
5.991516e-01	4.634718e-01	-5.836506e-02
4.521743e-01	4.863238e-01	2.318266e-02
5.957302e-01	4.752918e-01	-2.011374e-02
5.021030e-01	4.528103e-01	1.032422e-03
5.612265e-01	4.533888e-01	-1.052024e-03
4.899989e-01	2.555201e-01	2.193232e-03
5.681432e-01	2.598307e-01	-3.892665e-03
4.880317e-01	8.948883e-02	1.369058e-01
5.730122e-01	9.059668e-02	1.247195e-01
4.975870e-01	6.538108e-02	1.423202e-01
5.622528e-01	6.499172e-02	1.284544e-01
4.668545e-01	3.957759e-02	2.749902e-02
5.982206e-01	3.765893e-02	3.989704e-03
5.330724e-01	8.122813e-01	-2.406706e-01
5.264937e-01	8.339332e-01	-2.257074e-01
5.225692e-01	8.343538e-01	-2.257340e-01
5.186850e-01	8.346626e-01	-2.256848e-01
5.399185e-01	8.341593e-01	-2.273417e-01
5.442646e-01	8.347674e-01	-2.273097e-01
5.490174e-01	8.353265e-01	-2.271737e-01
5.129067e-01	8.305539e-01	-1.159122e-01
5.554236e-01	8.309096e-01	-1.242271e-01
5.248595e-01	7.937663e-01	-1.980065e-01
5.413697e-01	7.942162e-01	-1.997625e-01
4.861270e-01	7.225143e-01	-3.662754e-02
5.858808e-01	7.214026e-01	-2.664813e-02
4.741820e-01	6.084565e-01	5.887882e-02
5.945817e-01	6.059478e-01	5.346359e-02
4.507199e-01	5.160840e-01	4.148654e-02
6.000348e-01	5.046728e-01	2.522088e-03
4.429344e-01	4.791069e-01	2.873446e-02
6.045820e-01	4.723168e-01	-1.479493e-02
4.453701e-01	4.789506e-01	-1.344311e-02
6.001151e-01	4.720369e-01	-5.273739e-02
4.509681e-01	4.912415e-01	2.433761e-02
5.965866e-01	4.819447e-01	-1.428081e-02
5.017351e-01	4.527444e-01	8.319754e-04
5.607904e-01	4.533276e-01	-8.481676e-04
4.899714e-01	2.556819e-01	3.121506e-04
5.680390e-01	2.599101e-01	-3.951750e-03
4.880272e-01	8.948966e-02	1.355181e-01
5.728599e-01	9.063148e-02	1.259630e-01
4.975348e-01	6.539722e-02	1.409549e-01
5.620362e-01	6.522775e-02	1.297499e-01
4.668521e-01	3.957231e-02	2.595935e-02
5.976024e-01	3.766175e-02	5.580417e-03
5.331780e-01	8.095831e-01	-2.595337e-01
5.265551e-01	8.311388e-01	-2.450347e-01
5.225967e-01	8.314478e-01	-2.450694e-01
5.187253e-01	8.318488e-01	-2.450237e-01
5.399438e-01	8.314554e-01	-2.467918e-01
5.442902e-01	8.321353e-01	-2.467596e-01
5.490347e-01	8.327717e-01	-2.466363e-01
5.129057e-01	8.288022e-01	-1.316292e-01
5.553735e-01	8.296573e-01	-1.406706e-01
5.249642e-01	7.920763e-01	-2.150476e-01
5.414346e-01	7.927959e-01	-2.169398e-01
4.865134e-01	7.227117e-01	-4.216105e-02
5.858455e-01	7.224688e-01	-3.309054e-02
4.740891e-01	6.121732e-01	7.051679e-02
5.950931e-01	6.124114e-01	7.572787e-02
4.504751e-01	5.232784e-01	7.188326e-02
6.011024e-01	5.139281e-01	5.686986e-02
4.428673e-01	4.872977e-01	6.463300e-02
6.066015e-01	4.842685e-01	4.764799e-02
4.452753e-01	4.864435e-01	2.105525e-02
6.019945e-01	4.842612e-01	8.549119e-03
4.507157e-01	4.974716e-01	5.487916e-02
5.983657e-01	4.936075e-01	4.096396e-02
5.016001e-01	4.527097e-01	7.842333e-04
5.606916e-01	4.532790e-01	-8.126494e-04
4.899431e-01	2.556677e-01	3.651488e-04
5.678931e-01	2.599204e-01	-5.376131e-03
4.880073e-01	8.943535e-02	1.371756e-01
5.726486e-01	9.064107e-02	1.253987e-01
4.974705e-01	6.533039e-02	1.427104e-01
5.617001e-01	6.538507e-02	1.291990e-01
4.668188e-01	3.956367e-02	2.689581e-02
5.972565e-01	3.760765e-02	3.950079e-03
5.331749e-01	8.058456e-01	-2.490741e-01
5.265057e-01	8.278688e-01	-2.341985e-01
5.225628e-01	8.280693e-01	-2.342455e-01
5.186687e-01	8.284689e-01	-2.342000e-01
5.398880e-01	8.284012e-01	-2.368490e-01
5.442478e-01	8.290632e-01	-2.368082e-01
5.489611e-01	8.297228e-01	-2.366789e-01
5.128202e-01	8.260512e-01	-1.182426e-01
5.551993e-01	8.273125e-01	-1.319896e-01
5.249721e-01	7.886693e-01	-2.035805e-01
5.414337e-01	7.897241e-01	-2.067644e-01
4.869037e-01	7.227422e-01	-2.645352e-02
5.858349e-01	7.234316e-01	-2.119169e-02
4.740470e-01	6.145757e-01	9.668545e-02
5.963227e-01	6.178780e-01	1.035562e-01
4.503343e-01	5.279575e-01	1.145016e-01
6.028192e-01	5.278399e-01	1.089926e-01
4.427086e-01	4.934686e-01	1.112873e-01
6.103574e-01	4.990890e-01	1.050880e-01
4.450806e-01	4.922848e-01	6.676458e-02
6.051745e-01	4.992178e-01	6.694554e-02
4.503431e-01	5.019322e-01	9.749611e-02
6.012332e-01	5.089780e-01	9.431298e-02
5.014485e-01	4.525644e-01	7.880715e-04
5.606415e-01	4.527515e-01	-8.221322e-04
4.899229e-01	2.555999e-01	-4.680508e-04
5.678027e-01	2.596714e-01	-7.925035e-03
4.879491e-01	8.900830e-02	1.360904e-01
5.724791e-01	9.061218e-02	1.236543e-01
4.974215e-01	6.481456e-02	1.417929e-01
5.613570e-01	6.541737e-02	1.276148e-01
4.666546e-01	3.955614e-02	2.763210e-02
5.968501e-01	3.740612e-02	3.159775e-03
5.332587e-01	8.048410e-01	-2.653489e-01
5.265245e-01	8.266674e-01	-2.504046e-01
5.225716e-01	8.267937e-01	-2.504535e-01
5.186868e-01	8.271155e-01	-2.504060e-01
5.398880e-01	8.272265e-01	-2.525829e-01
5.442475e-01	8.278428e-01	-2.525432e-01
5.489526e-01	8.284427e-01	-2.524186e-01
5.128008e-01	8.248779e-01	-1.308629e-01
5.550120e-01	8.264101e-01	-1.426579e-01
5.250965e-01	7.878684e-01	-2.189083e-01
5.414586e-01	7.888680e-01	-2.214837e-01
4.871790e-01	7.228416e-01	-3.239599e-02
5.854844e-01	7.251703e-01	-2.213948e-02
4.738329e-01	6.177680e-01	1.049071e-01
5.976459e-01	6.232507e-01	1.264514e-01
4.497565e-01	5.319681e-01	1.470443e-01
6.059546e-01	5.316156e-01	1.598727e-01
4.419893e-01	4.990509e-01	1.495914e-01
6.137154e-01	5.052305e-01	1.631914e-01
4.442894e-01	4.979556e-01	1.029303e-01
6.089565e-01	5.058116e-01	1.252957e-01
4.493396e-01	5.066923e-01	1.298806e-01
6.045302e-01	5.144667e-01	1.463278e-01
5.012624e-01	4.525377e-01	6.214892e-04
5.604473e-01	4.525052e-01	-6.931541e-04
4.899258e-01	2.555857e-01	-5.650212e-04
5.677071e-01	2.590149e-01	-9.567572e-03
4.878542e-01	8.880746e-02	1.379377e-01
5.721675e-01	9.032232e-02	1.230055e-01
4.973825e-01	6.446794e-02	1.438577e-01
5.608079e-01	6.534876e-02	1.269240e-01
4.664480e-01	3.954975e-02	2.955099e-02
5.967369e-01	3.724794e-02	2.857736e-03
5.332603e-01	8.028036e-01	-2.898062e-01
5.265223e-01	8.243677e-01	-2.756251e-01
5.225709e-01	8.247293e-01	-2.756938e-01
5.186851e-01	8.252001e-01	-2.756453e-01
5.397930e-01	8.249131e-01	-2.775213e-01
5.441645e-01	8.257267e-01	-2.774658e-01
5.488166e-01	8.265510e-01	-2.773455e-01
5.127828e-01	8.238407e-01	-1.490551e-01
5.545760e-01	8.257826e-01	-1.610381e-01
5.251240e-01	7.865415e-01	-2.402252e-01
5.414082e-01	7.876071e-01	-2.426113e-01
4.873415e-01	7.229025e-01	-4.532135e-02
5.850226e-01	7.264661e-01	-3.763591e-02
4.733477e-01	6.188678e-01	1.034438e-01
6.010568e-01	6.224564e-01	1.087106e-01
4.494093e-01	5.376870e-01	1.627735e-01
6.086967e-01	5.346397e-01	1.400088e-01
4.414648e-01	5.063996e-01	1.687618e-01
6.164300e-01	5.109337e-01	1.437809e-01
4.438756e-01	5.054383e-01	1.214171e-01
6.103137e-01	5.110540e-01	1.054302e-01
4.490367e-01	5.139980e-01	1.460728e-01
6.058055e-01	5.185782e-01	1.264823e-01
5.011931e-01	4.525651e-01	6.029130e-04
5.603496e-01	4.524938e-01	-6.855932e-04
4.899404e-01	2.556325e-01	2.946589e-04
5.676752e-01	2.589755e-01	-8.469713e-03
4.877234e-01	8.881509e-02	1.396728e-01
5.719302e-01	9.032658e-02	1.258654e-01
4.972539e-01	6.442258e-02	1.461379e-01
5.604914e-01	6.536549e-02	1.299627e-01
4.662051e-01	3.966173e-02	3.254408e-02
5.965915e-01	3.726778e-02	5.303403e-03
5.328370e-01	8.009021e-01	-2.771254e-01
5.261220e-01	8.227103e-01	-2.627969e-01
5.223634e-01	8.232142e-01	-2.628650e-01
5.183750e-01	8.237929e-01	-2.628091e-01
5.392568e-01	8.231885e-01	-2.647665e-01
5.438007e-01	8.240567e-01	-2.647120e-01
5.483205e-01	8.249510e-01	-2.645780e-01
5.126821e-01	8.229352e-01	-1.409341e-01
5.542306e-01	8.246566e-01	-1.526548e-01
5.249178e-01	7.847505e-01	-2.292105e-01
5.409300e-01	7.858334e-01	-2.316638e-01
4.874477e-01	7.230751e-01	-3.753434e-02
5.844690e-01	7.275178e-01	-2.934415e-02
4.721375e-01	6.206531e-01	1.211592e-01
6.041360e-01	6.265199e-01	1.159364e-01
4.488956e-01	5.399334e-01	1.903895e-01
6.121663e-01	5.419030e-01	1.444330e-01
4.408964e-01	5.105019e-01	1.976707e-01
6.208791e-01	5.196283e-01	1.477586e-01
4.432798e-01	5.100361e-01	1.515061e-01
6.143669e-01	5.196142e-01	1.106203e-01
4.484688e-01	5.183222e-01	1.742850e-01
6.088864e-01	5.268618e-01	1.312569e-01
5.010369e-01	4.526987e-01	5.899831e-04
5.600870e-01	4.525803e-01	-6.779681e-04
4.898477e-01	2.558022e-01	2.937501e-04
5.676681e-01	2.590866e-01	-8.424459e-03
4.875530e-01	8.885098e-02	1.399696e-01
5.717148e-01	9.055569e-02	1.230085e-01
4.970800e-01	6.442010e-02	1.463837e-01
5.603075e-01	6.557886e-02	1.270372e-01
4.660907e-01	4.007684e-02	3.266705e-02
5.963874e-01	3.756956e-02	4.399857e-03
5.328349e-01	8.004875e-01	-2.784298e-01
5.261093e-01	8.222957e-01	-2.640226e-01
5.223528e-01	8.227381e-01	-2.640797e-01
5.183639e-01	8.232476e-01	-2.640282e-01
5.392104e-01	8.228871e-01	-2.660744e-01
5.437384e-01	8.237660e-01	-2.660280e-01
5.481968e-01	8.246741e-01	-2.658986e-01
5.125797e-01	8.223266e-01	-1.440209e-01
5.539314e-01	8.242999e-01	-1.551108e-01
5.249207e-01	7.841229e-01	-2.311701e-01
5.409033e-01	7.854223e-01	-2.335885e-01
4.875448e-01	7.233563e-01	-4.067636e-02
5.836378e-01	7.287811e-01	-3.049655e-02
4.703922e-01	6.225839e-01	1.260796e-01
6.055415e-01	6.320506e-01	1.348807e-01
4.481912e-01	5.429637e-01	2.145026e-01
6.163490e-01	5.549551e-01	1.939136e-01
4.401806e-01	5.142331e-01	2.268622e-01
6.250874e-01	5.306290e-01	2.036773e-01
4.427561e-01	5.137351e-01	1.793013e-01
6.203571e-01	5.315589e-01	1.666676e-01
4.480301e-01	5.214624e-01	1.984253e-01
6.147443e-01	5.389909e-01	1.816425e-01
5.008317e-01	4.527515e-01	3.001267e-04
5.600177e-01	4.525722e-01	-4.174970e-04
4.896716e-01	2.564283e-01	3.547452e-04
5.676683e-01	2.596576e-01	-7.920054e-03
4.873112e-01	8.934882e-02	1.433745e-01
5.714375e-01	9.160475e-02	1.244985e-01
4.967876e-01	6.473295e-02	1.504717e-01
5.600385e-01	6.660205e-02	1.283757e-01
4.659875e-01	4.082715e-02	4.280434e-02
5.962178e-01	3.823606e-02	9.655049e-03
5.327119e-01	7.989594e-01	-2.988188e-01
5.259773e-01	8.206133e-01	-2.851340e-01
5.222590e-01	8.211810e-01	-2.852100e-01
5.182152e-01	8.217463e-01	-2.851590e-01
5.389974e-01	8.211666e-01	-2.869476e-01
5.435725e-01	8.222217e-01	-2.869011e-01
5.479647e-01	8.233131e-01	-2.867730e-01
5.123032e-01	8.211752e-01	-1.626633e-01
5.537019e-01	8.237287e-01	-1.736240e-01
5.248702e-01	7.826787e-01	-2.504097e-01
5.407224e-01	7.841189e-01	-2.525836e-01
4.875394e-01	7.235252e-01	-4.536732e-02
5.834509e-01	7.293968e-01	-3.471499e-02
4.686633e-01	6.247966e-01	1.292186e-01
6.088109e-01	6.339523e-01	1.332592e-01
4.474997e-01	5.478813e-01	2.407208e-01
6.249801e-01	5.545243e-01	2.055491e-01
4.397666e-01	5.205025e-01	2.581210e-01
6.338245e-01	5.322061e-01	2.190292e-01
4.423066e-01	5.204322e-01	2.099698e-01
6.297819e-01	5.323356e-01	1.797870e-01
4.474771e-01	5.278979e-01	2.251956e-01
6.247132e-01	5.384610e-01	1.926006e-01
5.003133e-01	4.532427e-01	1.968106e-04
5.600161e-01	4.526720e-01	-3.301489e-04
4.893991e-01	2.572322e-01	5.133281e-04
5.676690e-01	2.598996e-01	-3.195451e-03
4.868042e-01	8.964549e-02	1.474721e-01
5.710681e-01	9.230102e-02	1.380607e-01
4.959973e-01	6.504118e-02	1.548617e-01
5.597994e-01	6.734256e-02	1.430893e-01
4.658782e-01	4.183055e-02	4.666728e-02
5.958070e-01	3.878119e-02	2.450636e-02
5.319278e-01	7.980712e-01	-2.977590e-01
5.253475e-01	8.196385e-01	-2.839827e-01
5.216964e-01	8.201754e-01	-2.840576e-01
5.174438e-01	8.207564e-01	-2.840205e-01
5.379404e-01	8.203948e-01	-2.862148e-01
5.426733e-01	8.215772e-01	-2.861745e-01
5.469846e-01	8.227968e-01	-2.860437e-01
5.119464e-01	8.202839e-01	-1.636399e-01
5.532018e-01	8.235281e-01	-1.765328e-01
5.244619e-01	7.813801e-01	-2.501594e-01
5.399622e-01	7.831411e-01	-2.528716e-01
4.875104e-01	7.235199e-01	-5.146372e-02
5.834630e-01	7.292715e-01	-3.890047e-02
4.669457e-01	6.273524e-01	1.219392e-01
6.155303e-01	6.309642e-01	1.105629e-01
4.452906e-01	5.529764e-01	2.237573e-01
6.350373e-01	5.470839e-01	1.531604e-01
4.366290e-01	5.265146e-01	2.374150e-01
6.445700e-01	5.239171e-01	1.594787e-01
4.397887e-01	5.270383e-01	1.905665e-01
6.391676e-01	5.232898e-01	1.194135e-01
4.452215e-01	5.337934e-01	2.086076e-01
6.329800e-01	5.298369e-01	1.386516e-01
4.996746e-01	4.538929e-01	3.400686e-04
5.600187e-01	4.527200e-01	-4.680778e-04
4.891481e-01	2.573569e-01	7.043350e-03
5.675430e-01	2.598536e-01	3.159179e-03
4.860350e-01	8.974368e-02	1.562060e-01
5.706331e-01	9.231970e-02	1.486335e-01
4.947971e-01	6.518096e-02	1.636938e-01
5.594811e-01	6.735933e-02	1.542375e-01
4.658439e-01	4.252009e-02	5.321570e-02
5.955856e-01	3.896864e-02	3.355863e-02
5.319122e-01	7.958504e-01	-2.976011e-01
5.253307e-01	8.178580e-01	-2.833411e-01
5.216707e-01	8.186215e-01	-2.834223e-01
5.174013e-01	8.193678e-01	-2.833966e-01
5.379306e-01	8.181425e-01	-2.860771e-01
5.426501e-01	8.193887e-01	-2.860365e-01
5.469458e-01	8.207984e-01	-2.858945e-01
5.118679e-01	8.192145e-01	-1.624063e-01
5.531237e-01	8.223183e-01	-1.766299e-01
5.244465e-01	7.788844e-01	-2.496009e-01
5.399147e-01	7.800656e-01	-2.528599e-01
4.872317e-01	7.233647e-01	-5.188931e-02
5.835273e-01	7.280099e-01	-4.251840e-02
4.654965e-01	6.317613e-01	1.341259e-01
6.228819e-01	6.291185e-01	1.014051e-01
4.429568e-01	5.581660e-01	2.482485e-01
6.455162e-01	5.428230e-01	1.481823e-01
4.338461e-01	5.314000e-01	2.623572e-01
6.546615e-01	5.206836e-01	1.441249e-01
4.368899e-01	5.315523e-01	2.170634e-01
6.494781e-01	5.191442e-01	1.127922e-01
4.421726e-01	5.385191e-01	2.338946e-01
6.435670e-01	5.254723e-01	1.307744e-01
4.989362e-01	4.539472e-01	1.213433e-03
5.598952e-01	4.526254e-01	-1.297796e-03
4.889854e-01	2.573612e-01	1.254253e-02
5.672129e-01	2.597429e-01	7.267891e-03
4.855556e-01	8.982719e-02	1.635479e-01
5.701505e-01	9.246396e-02	1.593339e-01
4.941784e-01	6.525529e-02	1.711631e-01
5.591871e-01	6.752706e-02	1.657139e-01
4.657623e-01	4.310918e-02	5.979126e-02
5.949703e-01	3.907977e-02	4.434244e-02
5.310289e-01	7.934179e-01	-3.165663e-01
5.247930e-01	8.153921e-01	-3.015688e-01
5.211512e-01	8.162925e-01	-3.016564e-01
5.168273e-01	8.172716e-01	-3.016227e-01
5.371965e-01	8.155597e-01	-3.046904e-01
5.419292e-01	8.167851e-01	-3.046510e-01
5.462063e-01	8.183532e-01	-3.045027e-01
5.117803e-01	8.178251e-01	-1.744374e-01
5.528598e-01	8.206149e-01	-1.909257e-01
5.240345e-01	7.765076e-01	-2.665014e-01
5.392636e-01	7.772582e-01	-2.702637e-01
4.871972e-01	7.233936e-01	-5.237017e-02
5.834246e-01	7.278515e-01	-5.380918e-02
4.636792e-01	6.390597e-01	1.664371e-01
6.214297e-01	6.394975e-01	1.102130e-01
4.386762e-01	5.618948e-01	3.316301e-01
6.563791e-01	5.745603e-01	1.782148e-01
4.295909e-01	5.368371e-01	3.585247e-01
6.696491e-01	5.622962e-01	1.909733e-01
4.330336e-01	5.365031e-01	3.086883e-01
6.675773e-01	5.643806e-01	1.458485e-01
4.376694e-01	5.428389e-01	3.169884e-01
6.605875e-01	5.671532e-01	1.617633e-01
4.984036e-01	4.542619e-01	1.726924e-03
5.592440e-01	4.524602e-01	-1.829837e-03
4.888358e-01	2.576171e-01	1.135436e-02
5.667328e-01	2.597335e-01	1.001051e-02
4.851125e-01	8.985077e-02	1.586740e-01
5.696185e-01	9.265000e-02	1.586898e-01
4.936275e-01	6.525679e-02	1.662670e-01
5.587108e-01	6.773204e-02	1.648329e-01
4.653498e-01	4.329387e-02	5.817990e-02
5.945696e-01	3.928182e-02	4.552349e-02
5.313654e-01	7.919532e-01	-3.141254e-01
5.249708e-01	8.140169e-01	-3.006586e-01
5.212590e-01	8.148446e-01	-3.007900e-01
5.169666e-01	8.157477e-01	-3.006821e-01
5.372896e-01	8.142007e-01	-3.009233e-01
5.419439e-01	8.154968e-01	-3.008355e-01
5.462262e-01	8.171216e-01	-3.005914e-01
5.117884e-01	8.163027e-01	-1.677664e-01
5.527428e-01	8.192946e-01	-1.769624e-01
5.243657e-01	7.748588e-01	-2.655042e-01
5.393929e-01	7.756845e-01	-2.672264e-01
4.870761e-01	7.233742e-01	-4.598192e-02
5.832053e-01	7.277940e-01	-4.427146e-02
4.604148e-01	6.430693e-01	1.780148e-01
6.221707e-01	6.512544e-01	1.196370e-01
4.321986e-01	5.683169e-01	3.542355e-01
6.689050e-01	5.883315e-01	1.770199e-01
4.219702e-01	5.434217e-01	3.819797e-01
6.844229e-01	5.759233e-01	1.883871e-01
4.246032e-01	5.431862e-01	3.320978e-01
6.842954e-01	5.767591e-01	1.410378e-01
4.298311e-01	5.499104e-01	3.393827e-01
6.761020e-01	5.772141e-01	1.593263e-01
4.981356e-01	4.543147e-01	1.857376e-03
5.586138e-01	4.521987e-01	-1.967356e-03
4.886165e-01	2.583362e-01	1.464527e-04
5.664150e-01	2.600179e-01	1.009774e-02
4.847693e-01	8.996574e-02	1.391117e-01
5.691256e-01	9.312260e-02	1.586303e-01
4.932236e-01	6.533904e-02	1.456517e-01
5.584058e-01	6.814261e-02	1.647829e-01
4.648512e-01	4.346078e-02	3.827111e-02
5.942308e-01	4.005643e-02	4.893072e-02
5.310514e-01	7.906510e-01	-2.910256e-01
5.247576e-01	8.127706e-01	-2.742478e-01
5.210727e-01	8.136731e-01	-2.743335e-01
5.167476e-01	8.146870e-01	-2.742274e-01
5.370087e-01	8.129148e-01	-2.754775e-01
5.416383e-01	8.141927e-01	-2.754115e-01
5.458542e-01	8.158481e-01	-2.752194e-01
5.117396e-01	8.154257e-01	-1.465236e-01
5.525296e-01	8.180031e-01	-1.561341e-01
5.242484e-01	7.733947e-01	-2.432717e-01
5.391551e-01	7.742476e-01	-2.448328e-01
4.870711e-01	7.234589e-01	-3.178594e-02
5.827433e-01	7.276959e-01	-3.546605e-02
4.578897e-01	6.510801e-01	1.980267e-01
6.226648e-01	6.579277e-01	1.150046e-01
4.270558e-01	5.783956e-01	3.825354e-01
6.773862e-01	6.057366e-01	1.555343e-01
4.164267e-01	5.544809e-01	4.109311e-01
6.964934e-01	5.943123e-01	1.627361e-01
4.182058e-01	5.536032e-01	3.612183e-01
6.982376e-01	5.956082e-01	1.178818e-01
4.236637e-01	5.600913e-01	3.675151e-01
6.879838e-01	5.967503e-01	1.380441e-01
4.977886e-01	4.542789e-01	2.053491e-03
5.580721e-01	4.514150e-01	-2.159001e-03
4.883884e-01	2.587319e-01	-5.349821e-03
5.659359e-01	2.602258e-01	1.060147e-02
4.843590e-01	8.999810e-02	1.325133e-01
5.687721e-01	9.331691e-02	1.598167e-01
4.926389e-01	6.536872e-02	1.386366e-01
5.582088e-01	6.819902e-02	1.660301e-01
4.644724e-01	4.367638e-02	2.903309e-02
5.940472e-01	4.078511e-02	5.042867e-02
5.323910e-01	7.894368e-01	-2.519878e-01
5.257199e-01	8.119349e-01	-2.346528e-01
5.217108e-01	8.129355e-01	-2.347310e-01
5.175043e-01	8.140007e-01	-2.346494e-01
5.379766e-01	8.118142e-01	-2.359622e-01
5.423079e-01	8.131112e-01	-2.359101e-01
5.464895e-01	8.147585e-01	-2.357425e-01
5.118897e-01	8.147807e-01	-1.128877e-01
5.524933e-01	8.167467e-01	-1.199684e-01
5.252805e-01	7.720385e-01	-2.058972e-01
5.398651e-01	7.727161e-01	-2.070599e-01
4.871652e-01	7.239392e-01	-7.665537e-03
5.824168e-01	7.276697e-01	-1.732753e-02
4.553331e-01	6.604252e-01	2.039560e-01
6.251817e-01	6.612074e-01	7.939927e-02
4.186062e-01	5.940681e-01	3.451977e-01
6.832996e-01	6.271495e-01	2.357081e-02
4.077355e-01	5.695444e-01	3.608772e-01
7.001112e-01	6.202244e-01	7.956879e-03
4.096549e-01	5.678582e-01	3.122022e-01
7.015718e-01	6.239864e-01	-4.536920e-02
4.147839e-01	5.734266e-01	3.289974e-01
6.934243e-01	6.230014e-01	-1.484277e-03
4.977461e-01	4.541038e-01	2.064038e-03
5.576063e-01	4.504125e-01	-2.157335e-03
4.883123e-01	2.594448e-01	-4.843606e-03
5.656375e-01	2.606998e-01	1.790851e-02
4.839126e-01	9.039382e-02	1.373146e-01
5.684938e-01	9.389994e-02	1.710995e-01
4.918903e-01	6.586754e-02	1.430809e-01
5.580786e-01	6.859881e-02	1.775033e-01
4.641327e-01	4.377919e-02	3.162637e-02
5.938627e-01	4.176220e-02	5.881308e-02
5.311369e-01	7.871937e-01	-2.487755e-01
5.247722e-01	8.102419e-01	-2.300629e-01
5.208715e-01	8.115152e-01	-2.301266e-01
5.166820e-01	8.128542e-01	-2.300262e-01
5.369771e-01	8.101654e-01	-2.330119e-01
5.413672e-01	8.115738e-01	-2.329778e-01
5.455323e-01	8.132780e-01	-2.328206e-01
5.118268e-01	8.143981e-01	-1.017812e-01
5.520298e-01	8.157364e-01	-1.160281e-01
5.246127e-01	7.700950e-01	-2.000162e-01
5.389646e-01	7.710353e-01	-2.033234e-01
4.871683e-01	7.249004e-01	1.514400e-02
5.822253e-01	7.277752e-01	-2.044097e-02
4.514384e-01	6.695107e-01	2.604226e-01
6.239012e-01	6.660230e-01	2.350084e-02
4.108445e-01	6.108984e-01	4.386438e-01
6.832967e-01	6.449976e-01	-7.881442e-02
4.003286e-01	5.919694e-01	4.626524e-01
7.001324e-01	6.440285e-01	-1.038902e-01
4.018849e-01	5.910494e-01	4.123639e-01
7.016411e-01	6.517467e-01	-1.550372e-01
4.070803e-01	5.949475e-01	4.229235e-01
6.939377e-01	6.484230e-01	-1.045818e-01
4.975744e-01	4.540997e-01	4.094574e-03
5.569848e-01	4.501915e-01	-4.088258e-03
4.881116e-01	2.602356e-01	-1.520422e-03
5.651075e-01	2.610952e-01	1.751282e-02
4.835190e-01	9.063103e-02	1.513398e-01
5.683888e-01	9.425367e-02	1.822378e-01
4.915227e-01	6.614312e-02	1.579503e-01
5.580407e-01	6.888580e-02	1.892614e-01
4.637653e-01	4.386435e-02	3.983640e-02
5.934147e-01	4.238862e-02	6.634822e-02
5.289565e-01	7.848747e-01	-2.516085e-01
5.233301e-01	8.084558e-01	-2.330309e-01
5.194374e-01	8.101149e-01	-2.330944e-01
5.152815e-01	8.117798e-01	-2.329960e-01
5.352931e-01	8.083295e-01	-2.361607e-01
5.398120e-01	8.099449e-01	-2.361335e-01
5.440913e-01	8.117013e-01	-2.360009e-01
5.117241e-01	8.140694e-01	-1.041503e-01
5.516971e-01	8.146049e-01	-1.191097e-01
5.234731e-01	7.679528e-01	-2.023735e-01
5.376449e-01	7.691269e-01	-2.059896e-01
4.871739e-01	7.273958e-01	1.538442e-02
5.822818e-01	7.277577e-01	-2.480174e-02
4.461948e-01	6.787336e-01	2.760741e-01
6.283349e-01	6.718501e-01	-2.529689e-02
4.028013e-01	6.295411e-01	4.789055e-01
6.903130e-01	6.794788e-01	-1.691934e-01
3.911285e-01	6.137059e-01	5.102814e-01
7.083312e-01	6.814984e-01	-1.993943e-01
3.919205e-01	6.124265e-01	4.611594e-01
7.108259e-01	6.945229e-01	-2.465017e-01
3.969326e-01	6.150064e-01	4.648853e-01
7.029110e-01	6.907542e-01	-1.946978e-01
4.974608e-01	4.539761e-01	5.700822e-03
5.565889e-01	4.500929e-01	-5.699245e-03
4.876581e-01	2.602609e-01	3.394115e-03
5.646816e-01	2.609503e-01	2.363857e-02
4.831176e-01	9.078927e-02	1.566265e-01
5.681148e-01	9.436904e-02	1.960667e-01
4.910318e-01	6.643106e-02	1.633498e-01
5.579511e-01	6.892370e-02	2.036473e-01
4.634834e-01	4.393868e-02	4.356245e-02
5.930738e-01	4.284219e-02	8.121459e-02
5.271863e-01	7.829187e-01	-2.240890e-01
5.220369e-01	8.063189e-01	-2.051556e-01
5.182353e-01	8.081676e-01	-2.052192e-01
5.142931e-01	8.100196e-01	-2.051314e-01
5.335790e-01	8.064740e-01	-2.091933e-01
5.380999e-01	8.083635e-01	-2.091677e-01
5.424052e-01	8.102867e-01	-2.090320e-01
5.117221e-01	8.132222e-01	-7.980244e-02
5.511743e-01	8.137730e-01	-9.871193e-02
5.228285e-01	7.664441e-01	-1.760160e-01
5.364803e-01	7.679725e-01	-1.809123e-01
4.871677e-01	7.297769e-01	2.472884e-02
5.824712e-01	7.281399e-01	-1.744735e-02
4.438297e-01	6.933893e-01	2.407881e-01
6.317928e-01	6.840441e-01	-2.218361e-02
3.957770e-01	6.553272e-01	3.961533e-01
6.925469e-01	7.120042e-01	-1.515633e-01
3.826424e-01	6.469943e-01	4.176351e-01
7.110574e-01	7.200274e-01	-1.809547e-01
3.837967e-01	6.434563e-01	3.706280e-01
7.124743e-01	7.291185e-01	-2.249737e-01
3.890891e-01	6.443849e-01	3.810207e-01
7.049657e-01	7.249004e-01	-1.758272e-01
4.973641e-01	4.538173e-01	5.866905e-03
5.559092e-01	4.500152e-01	-5.861176e-03
4.874151e-01	2.600746e-01	-9.821092e-04
5.638149e-01	2.607766e-01	2.321114e-02
4.827613e-01	9.082066e-02	1.379737e-01
5.668691e-01	9.438165e-02	1.943749e-01
4.908131e-01	6.645167e-02	1.434051e-01
5.566991e-01	6.885341e-02	1.996442e-01
4.633048e-01	4.410455e-02	2.687202e-02
5.921297e-01	4.307066e-02	7.550249e-02
5.264172e-01	7.831190e-01	-2.254254e-01
5.212023e-01	8.061101e-01	-2.039371e-01
5.174872e-01	8.077961e-01	-2.040254e-01
5.137097e-01	8.094723e-01	-2.039663e-01
5.325074e-01	8.065417e-01	-2.082495e-01
5.370628e-01	8.084347e-01	-2.082588e-01
5.414155e-01	8.103558e-01	-2.081633e-01
5.117034e-01	8.125821e-01	-7.307266e-02
5.508974e-01	8.138512e-01	-9.309289e-02
5.224355e-01	7.665538e-01	-1.757881e-01
5.358301e-01	7.682207e-01	-1.810938e-01
4.872095e-01	7.319981e-01	1.963971e-02
5.826370e-01	7.302924e-01	-2.006794e-02
4.410921e-01	7.053298e-01	1.651461e-01
6.336130e-01	6.984713e-01	-7.025425e-02
3.878588e-01	6.908575e-01	2.202592e-01
6.916435e-01	7.435209e-01	-2.469938e-01
3.738917e-01	6.903759e-01	2.235377e-01
7.100169e-01	7.541227e-01	-2.846882e-01
3.745472e-01	6.897888e-01	1.792308e-01
7.115927e-01	7.668092e-01	-3.244125e-01
3.807130e-01	6.859512e-01	2.026192e-01
7.049093e-01	7.612877e-01	-2.713231e-01
4.973065e-01	4.537989e-01	6.357228e-03
5.555952e-01	4.500159e-01	-6.343260e-03
4.871492e-01	2.600637e-01	-6.524568e-03
5.627614e-01	2.606792e-01	1.453928e-02
4.823395e-01	9.078489e-02	1.168207e-01
5.658206e-01	9.422902e-02	1.630872e-01
4.905407e-01	6.625354e-02	1.207878e-01
5.556892e-01	6.829984e-02	1.671033e-01
4.618906e-01	4.421268e-02	-7.753142e-04
5.915843e-01	4.317304e-02	3.767928e-02
5.260803e-01	7.834309e-01	-2.366044e-01
5.208212e-01	8.062242e-01	-2.150835e-01
5.171704e-01	8.077638e-01	-2.151640e-01
5.134641e-01	8.092682e-01	-2.151043e-01
5.318874e-01	8.068162e-01	-2.192415e-01
5.364108e-01	8.086789e-01	-2.192511e-01
5.407773e-01	8.105687e-01	-2.191438e-01
5.116429e-01	8.119033e-01	-8.157141e-02
5.505538e-01	8.138544e-01	-1.011877e-01
5.221370e-01	7.666804e-01	-1.860419e-01
5.353329e-01	7.683878e-01	-1.912145e-01
4.873152e-01	7.343727e-01	9.332860e-03
5.826921e-01	7.313387e-01	-2.231664e-02
4.410482e-01	7.179616e-01	8.473357e-02
6.373113e-01	7.053409e-01	-9.841243e-02
3.847762e-01	7.280989e-01	7.216203e-02
6.881901e-01	7.625178e-01	-3.050426e-01
3.692908e-01	7.336179e-01	6.444882e-02
7.052549e-01	7.797608e-01	-3.456513e-01
3.704333e-01	7.355798e-01	2.617196e-02
7.060908e-01	7.914466e-01	-3.802979e-01
3.761998e-01	7.292284e-01	5.458150e-02
6.985822e-01	7.847131e-01	-3.276477e-01
4.972870e-01	4.534158e-01	5.725663e-03
5.555217e-01	4.499792e-01	-5.691211e-03
4.869122e-01	2.599886e-01	-5.233654e-03
5.621146e-01	2.602245e-01	1.885267e-02
4.819361e-01	9.069164e-02	1.200415e-01
5.651592e-01	9.422129e-02	1.638389e-01
4.902259e-01	6.615239e-02	1.240772e-01
5.550656e-01	6.820696e-02	1.678610e-01
4.613985e-01	4.431679e-02	1.342191e-03
5.913860e-01	4.323998e-02	3.973098e-02
5.256198e-01	7.863185e-01	-2.385985e-01
5.207347e-01	8.083405e-01	-2.154227e-01
5.170982e-01	8.094699e-01	-2.155028e-01
5.133858e-01	8.106526e-01	-2.154441e-01
5.316359e-01	8.089746e-01	-2.191408e-01
5.360962e-01	8.103732e-01	-2.191774e-01
5.404786e-01	8.118935e-01	-2.190637e-01
5.116416e-01	8.119730e-01	-8.089333e-02
5.504903e-01	8.140462e-01	-9.781294e-02
5.216541e-01	7.683366e-01	-1.881220e-01
5.347669e-01	7.699631e-01	-1.928274e-01
4.881345e-01	7.367377e-01	8.786221e-03
5.826828e-01	7.314062e-01	-3.019023e-02
4.397093e-01	7.331439e-01	3.791783e-03
6.424695e-01	7.174604e-01	-1.666808e-01
3.845202e-01	7.648930e-01	-5.050202e-02
6.882260e-01	7.978130e-01	-4.044636e-01
3.711477e-01	7.705168e-01	-6.454698e-02
7.019366e-01	8.181825e-01	-4.489197e-01
3.712350e-01	7.760211e-01	-9.117027e-02
7.012100e-01	8.289213e-01	-4.720150e-01
3.762277e-01	7.717588e-01	-6.503095e-02
6.945730e-01	8.210126e-01	-4.235895e-01
4.972857e-01	4.527745e-01	4.833871e-03
5.554998e-01	4.498703e-01	-4.802546e-03
4.867390e-01	2.597122e-01	4.590833e-03
5.616204e-01	2.597106e-01	2.974203e-02
4.815409e-01	9.068417e-02	1.217651e-01
5.646917e-01	9.444887e-02	1.658921e-01
4.899039e-01	6.614357e-02	1.252581e-01
5.547166e-01	6.826838e-02	1.699453e-01
4.610033e-01	4.440270e-02	4.070062e-03
5.909451e-01	4.355694e-02	4.540316e-02
5.250143e-01	7.914405e-01	-2.421802e-01
5.206200e-01	8.126379e-01	-2.213144e-01
5.169668e-01	8.132023e-01	-2.213906e-01
5.132505e-01	8.139821e-01	-2.213272e-01
5.313543e-01	8.132517e-01	-2.248004e-01
5.356989e-01	8.140624e-01	-2.248233e-01
5.401226e-01	8.149811e-01	-2.247011e-01
5.116531e-01	8.129756e-01	-8.957344e-02
5.502744e-01	8.147394e-01	-1.053344e-01
5.210307e-01	7.721510e-01	-1.922880e-01
5.341756e-01	7.738439e-01	-1.965024e-01
4.881749e-01	7.376409e-01	-1.857262e-02
5.824987e-01	7.319940e-01	-4.371985e-02
4.384430e-01	7.503154e-01	-6.849989e-02
6.484142e-01	7.321631e-01	-1.467657e-01
3.870056e-01	8.060773e-01	-1.750729e-01
6.856288e-01	8.309818e-01	-3.186103e-01
3.732598e-01	8.203597e-01	-1.999000e-01
6.992336e-01	8.555118e-01	-3.540177e-01
3.736641e-01	8.285739e-01	-2.146040e-01
6.978402e-01	8.671198e-01	-3.721464e-01
3.786931e-01	8.206846e-01	-1.873963e-01
6.922661e-01	8.579108e-01	-3.339190e-01
4.972052e-01	4.519251e-01	2.362201e-03
5.553198e-01	4.496123e-01	-2.289622e-03
4.866515e-01	2.593421e-01	1.512728e-02
5.614251e-01	2.591568e-01	3.971940e-02
4.812155e-01	9.064709e-02	1.246846e-01
5.644590e-01	9.500858e-02	1.756281e-01
4.895942e-01	6.610196e-02	1.258229e-01
5.544260e-01	6.858815e-02	1.802893e-01
4.605555e-01	4.440676e-02	6.956316e-03
5.905458e-01	4.391884e-02	6.041448e-02
5.237632e-01	7.937966e-01	-2.433071e-01
5.200213e-01	8.147296e-01	-2.206838e-01
5.163349e-01	8.151217e-01	-2.207619e-01
5.127457e-01	8.157893e-01	-2.207149e-01
5.305985e-01	8.155782e-01	-2.242707e-01
5.349448e-01	8.163403e-01	-2.243221e-01
5.396142e-01	8.170558e-01	-2.241792e-01
5.116593e-01	8.139638e-01	-9.098105e-02
5.502123e-01	8.154375e-01	-1.072844e-01
5.202667e-01	7.742478e-01	-1.942818e-01
5.332991e-01	7.758140e-01	-1.987390e-01
4.882791e-01	7.392842e-01	-2.638779e-02
5.822541e-01	7.325767e-01	-4.880207e-02
4.394231e-01	7.610403e-01	-5.762497e-02
6.481737e-01	7.413977e-01	-1.452845e-01
3.904255e-01	8.401818e-01	-1.382008e-01
6.852816e-01	8.479702e-01	-3.135527e-01
3.776526e-01	8.573663e-01	-1.619101e-01
6.932956e-01	8.756027e-01	-3.502781e-01
3.787415e-01	8.653155e-01	-1.769908e-01
6.869526e-01	8.843046e-01	-3.668344e-01
3.835431e-01	8.566911e-01	-1.503827e-01
6.827981e-01	8.744011e-01	-3.289224e-01
4.970764e-01	4.505030e-01	2.133262e-03
5.551825e-01	4.493007e-01	-2.045003e-03
4.865039e-01	2.584549e-01	2.442898e-02
5.612477e-01	2.589284e-01	4.198731e-02
4.810746e-01	9.042261e-02	1.311398e-01
5.645206e-01	9.523575e-02	1.762945e-01
4.896287e-01	6.579441e-02	1.315087e-01
5.544204e-01	6.861013e-02	1.809543e-01
4.595944e-01	4.403559e-02	1.714863e-02
5.905584e-01	4.400408e-02	6.314774e-02
5.239661e-01	7.961333e-01	-2.342399e-01
5.200816e-01	8.171732e-01	-2.096763e-01
5.163827e-01	8.173621e-01	-2.097537e-01
5.127559e-01	8.178712e-01	-2.097006e-01
5.307519e-01	8.181719e-01	-2.126133e-01
5.351013e-01	8.188581e-01	-2.126826e-01
5.397502e-01	8.195160e-01	-2.125462e-01
5.116737e-01	8.152589e-01	-8.068840e-02
5.502247e-01	8.170573e-01	-9.290727e-02
5.203114e-01	7.763774e-01	-1.860895e-01
5.334336e-01	7.779706e-01	-1.897131e-01
4.883334e-01	7.433634e-01	-2.320980e-02
5.822417e-01	7.338917e-01	-4.763547e-02
4.387944e-01	7.812858e-01	-8.328956e-02
6.502382e-01	7.618970e-01	-1.084780e-01
3.919615e-01	8.734059e-01	-2.008961e-01
6.762904e-01	8.724889e-01	-2.390636e-01
3.815213e-01	8.996130e-01	-2.351982e-01
6.831144e-01	9.026380e-01	-2.708298e-01
3.870818e-01	9.080129e-01	-2.449507e-01
6.747625e-01	9.103017e-01	-2.938742e-01
3.913043e-01	8.978416e-01	-2.129163e-01
6.688184e-01	8.998324e-01	-2.549418e-01
4.966617e-01	4.503122e-01	-6.619870e-04
5.548860e-01	4.492981e-01	8.234752e-04
4.861285e-01	2.574691e-01	2.677873e-02
5.612468e-01	2.577533e-01	4.275667e-02
4.808550e-01	9.030534e-02	1.505060e-01
5.643855e-01	9.515009e-02	1.805097e-01
4.896348e-01	6.570098e-02	1.540728e-01
5.539206e-01	6.797063e-02	1.856360e-01
4.595435e-01	4.367659e-02	3.241982e-02
5.905216e-01	4.391759e-02	6.397562e-02
5.240828e-01	7.965514e-01	-2.356997e-01
5.201047e-01	8.178918e-01	-2.106695e-01
5.164270e-01	8.182666e-01	-2.107562e-01
5.128014e-01	8.188772e-01	-2.107022e-01
5.308438e-01	8.188017e-01	-2.134511e-01
5.352265e-01	8.195703e-01	-2.135226e-01
5.398543e-01	8.203943e-01	-2.134302e-01
5.118657e-01	8.167576e-01	-8.150338e-02
5.503226e-01	8.183413e-01	-9.231885e-02
5.203519e-01	7.770435e-01	-1.875605e-01
5.335167e-01	7.782655e-01	-1.908538e-01
4.883617e-01	7.475293e-01	-2.261447e-02
5.826916e-01	7.357937e-01	-4.590736e-02
4.396249e-01	8.042225e-01	-4.709073e-02
6.518935e-01	7.842705e-01	-8.879809e-02
4.030567e-01	9.041750e-01	-1.246296e-01
6.666369e-01	9.013202e-01	-1.987455e-01
3.947477e-01	9.315918e-01	-1.550421e-01
6.750191e-01	9.307904e-01	-2.315685e-01
4.004933e-01	9.389010e-01	-1.702873e-01
6.667429e-01	9.389495e-01	-2.408526e-01
4.049788e-01	9.293633e-01	-1.380839e-01
6.612883e-01	9.284333e-01	-2.094164e-01
4.953852e-01	4.505413e-01	-1.235408e-03
5.543755e-01	4.495814e-01	1.382024e-03
4.855538e-01	2.573353e-01	2.722802e-02
5.612822e-01	2.575260e-01	3.899694e-02
4.806338e-01	9.036278e-02	1.622807e-01
5.642067e-01	9.518516e-02	1.846945e-01
4.896549e-01	6.570977e-02	1.672810e-01
5.536100e-01	6.788815e-02	1.908261e-01
4.595726e-01	4.365258e-02	4.142054e-02
5.906412e-01	4.391485e-02	6.508818e-02
5.241699e-01	7.965720e-01	-2.007267e-01
5.201472e-01	8.181903e-01	-1.754535e-01
5.164627e-01	8.186272e-01	-1.755411e-01
5.128254e-01	8.192544e-01	-1.754660e-01
5.309182e-01	8.192934e-01	-1.781321e-01
5.353109e-01	8.204213e-01	-1.781914e-01
5.399017e-01	8.216445e-01	-1.781153e-01
5.119134e-01	8.173306e-01	-5.082803e-02
5.503033e-01	8.203390e-01	-6.010879e-02
5.203707e-01	7.774454e-01	-1.544817e-01
5.335571e-01	7.785038e-01	-1.571917e-01
4.883792e-01	7.494490e-01	-5.636283e-03
5.825585e-01	7.417093e-01	-1.978438e-02
4.427803e-01	8.228356e-01	-3.256862e-02
6.512172e-01	8.058554e-01	-7.773589e-02
4.176148e-01	9.291786e-01	-1.108488e-01
6.514975e-01	9.269648e-01	-1.653648e-01
4.109703e-01	9.612836e-01	-1.462426e-01
6.603640e-01	9.580936e-01	-2.015520e-01
4.171017e-01	9.663516e-01	-1.613605e-01
6.522465e-01	9.660534e-01	-2.102097e-01
4.215675e-01	9.554828e-01	-1.250390e-01
6.473066e-01	9.541937e-01	-1.762471e-01
4.941546e-01	4.519509e-01	-2.114214e-03
5.537173e-01	4.512024e-01	2.251607e-03
4.854093e-01	2.573471e-01	2.603759e-02
5.609687e-01	2.580290e-01	3.652648e-02
4.805205e-01	9.053053e-02	1.687889e-01
5.638963e-01	9.600886e-02	1.830291e-01
4.893375e-01	6.640300e-02	1.745578e-01
5.534745e-01	6.880514e-02	1.894628e-01
4.599357e-01	4.355599e-02	4.889505e-02
5.904154e-01	4.396223e-02	6.394237e-02
5.244185e-01	7.969760e-01	-2.015205e-01
5.201680e-01	8.188888e-01	-1.761164e-01
5.164610e-01	8.192811e-01	-1.762142e-01
5.127116e-01	8.197352e-01	-1.761418e-01
5.310694e-01	8.201772e-01	-1.793312e-01
5.355411e-01	8.213724e-01	-1.793974e-01
5.401015e-01	8.226525e-01	-1.793345e-01
5.113698e-01	8.174887e-01	-4.996762e-02
5.503308e-01	8.212728e-01	-6.195412e-02
5.203949e-01	7.782591e-01	-1.545243e-01
5.338143e-01	7.789105e-01	-1.579670e-01
4.883090e-01	7.491070e-01	-6.039100e-03
5.822396e-01	7.437443e-01	-2.199628e-02
4.487155e-01	8.338357e-01	-4.598141e-02
6.405067e-01	8.207172e-01	-8.125718e-02
4.305396e-01	9.550189e-01	-1.178632e-01
6.428009e-01	9.466732e-01	-1.676826e-01
4.270757e-01	9.895309e-01	-1.553054e-01
6.502351e-01	9.863412e-01	-2.039767e-01
4.337776e-01	9.953253e-01	-1.676608e-01
6.406252e-01	9.939617e-01	-2.137542e-01
4.376814e-01	9.810077e-01	-1.314666e-01
6.351875e-01	9.797883e-01	-1.791759e-01
4.934169e-01	4.519859e-01	-1.873122e-03
5.533341e-01	4.513283e-01	1.997110e-03
4.853264e-01	2.573445e-01	2.597414e-02
5.609819e-01	2.580170e-01	3.163818e-02
4.802591e-01	9.078629e-02	1.864940e-01
5.637978e-01	9.660951e-02	1.936181e-01
4.889877e-01	6.663420e-02	1.945348e-01
5.534795e-01	7.127944e-02	2.021615e-01
4.599611e-01	4.253856e-02	7.292947e-02
5.884105e-01	4.323906e-02	7.752918e-02
5.245188e-01	7.976395e-01	-2.308466e-01
5.200191e-01	8.193321e-01	-2.094440e-01
5.163397e-01	8.197618e-01	-2.095801e-01
5.125009e-01	8.202213e-01	-2.095617e-01
5.311052e-01	8.203840e-01	-2.115420e-01
5.355923e-01	8.214923e-01	-2.116609e-01
5.401442e-01	8.226981e-01	-2.116903e-01
5.108443e-01	8.176255e-01	-9.628390e-02
5.502256e-01	8.212572e-01	-1.021300e-01
5.201253e-01	7.794620e-01	-1.874637e-01
5.338767e-01	7.796030e-01	-1.889793e-01
4.883173e-01	7.502449e-01	-5.959179e-02
5.805546e-01	7.442631e-01	-6.462940e-02
4.595191e-01	8.463783e-01	-1.329599e-01
6.276935e-01	8.360975e-01	-1.215424e-01
4.406556e-01	9.661456e-01	-2.389760e-01
6.353285e-01	9.662786e-01	-1.933726e-01
4.380654e-01	9.936038e-01	-2.819675e-01
6.385750e-01	1.013751e+00	-2.278852e-01
4.433003e-01	1.003494e+00	-2.926314e-01
6.326352e-01	1.021108e+00	-2.345092e-01
4.452698e-01	9.867817e-01	-2.526540e-01
6.284830e-01	1.007448e+00	-2.038034e-01
4.927590e-01	4.519759e-01	-3.550331e-03
5.526887e-01	4.513068e-01	3.635457e-03
4.847011e-01	2.561882e-01	2.553863e-02
5.609626e-01	2.579015e-01	3.307411e-02
4.800539e-01	9.061755e-02	1.749764e-01
5.637833e-01	9.663880e-02	1.925698e-01
4.889262e-01	6.659421e-02	1.820205e-01
5.536946e-01	7.125544e-02	2.000127e-01
4.599966e-01	4.095177e-02	6.052396e-02
5.890051e-01	4.155419e-02	7.573832e-02
5.245931e-01	8.012014e-01	-2.495139e-01
5.198467e-01	8.219608e-01	-2.302994e-01
5.161614e-01	8.221022e-01	-2.304171e-01
5.121487e-01	8.223001e-01	-2.303874e-01
5.311650e-01	8.232536e-01	-2.305224e-01
5.356433e-01	8.242198e-01	-2.306349e-01
5.401596e-01	8.250771e-01	-2.306435e-01
5.096375e-01	8.180603e-01	-1.228026e-01
5.502372e-01	8.222060e-01	-1.211702e-01
5.198271e-01	7.824426e-01	-2.082080e-01
5.339196e-01	7.827942e-01	-2.075218e-01
4.883065e-01	7.502733e-01	-9.042077e-02
5.790164e-01	7.460104e-01	-8.213985e-02
4.663827e-01	8.495343e-01	-1.815537e-01
6.195074e-01	8.516916e-01	-1.400650e-01
4.475725e-01	9.788206e-01	-2.966282e-01
6.280370e-01	9.889736e-01	-2.042637e-01
4.454255e-01	1.007697e+00	-3.413417e-01
6.335619e-01	1.030193e+00	-2.370063e-01
4.504136e-01	1.011009e+00	-3.500672e-01
6.265867e-01	1.035117e+00	-2.442234e-01
4.524681e-01	1.001284e+00	-3.096101e-01
6.229056e-01	1.021604e+00	-2.152763e-01
4.926569e-01	4.519980e-01	-5.204310e-03
5.526137e-01	4.513264e-01	5.264668e-03
4.843794e-01	2.547111e-01	2.508681e-02
5.611309e-01	2.573153e-01	4.172351e-02
4.800786e-01	9.148213e-02	1.858478e-01
5.637252e-01	9.655884e-02	2.041777e-01
4.890160e-01	6.724278e-02	1.943489e-01
5.533266e-01	7.121950e-02	2.115134e-01
4.600165e-01	4.096296e-02	7.427620e-02
5.890644e-01	3.821976e-02	8.726968e-02
5.265716e-01	8.021277e-01	-2.368765e-01
5.209206e-01	8.226503e-01	-2.189739e-01
5.168942e-01	8.228984e-01	-2.190862e-01
5.129161e-01	8.231699e-01	-2.190649e-01
5.331680e-01	8.236499e-01	-2.151507e-01
5.376786e-01	8.245315e-01	-2.152570e-01
5.420623e-01	8.253338e-01	-2.152793e-01
5.095791e-01	8.196026e-01	-1.123883e-01
5.502811e-01	8.233611e-01	-9.786501e-02
5.200838e-01	7.840018e-01	-1.992555e-01
5.346435e-01	7.843124e-01	-1.921085e-01
4.882366e-01	7.518766e-01	-8.030811e-02
5.770277e-01	7.481343e-01	-7.775329e-02
4.726533e-01	8.572093e-01	-1.887775e-01
6.058769e-01	8.553658e-01	-1.310976e-01
4.630484e-01	9.978294e-01	-3.007458e-01
6.221481e-01	9.860653e-01	-1.443290e-01
4.601373e-01	1.027206e+00	-3.458895e-01
6.257334e-01	1.026628e+00	-1.724043e-01
4.654413e-01	1.029440e+00	-3.502441e-01
6.192847e-01	1.047459e+00	-1.825393e-01
4.679706e-01	1.020997e+00	-3.118714e-01
6.165438e-01	1.022512e+00	-1.558176e-01
4.927338e-01	4.520305e-01	-1.043336e-02
5.526870e-01	4.517674e-01	1.049525e-02
4.839451e-01	2.543244e-01	2.281406e-02
5.615328e-01	2.569097e-01	4.933641e-02
4.800843e-01	9.233803e-02	1.846266e-01
5.637692e-01	9.655197e-02	2.137114e-01
4.891194e-01	6.777610e-02	1.936525e-01
5.533848e-01	7.100265e-02	2.212096e-01
4.602641e-01	4.113382e-02	7.365926e-02
5.904462e-01	3.830056e-02	9.725975e-02
5.322900e-01	8.020648e-01	-2.984148e-01
5.255572e-01	8.229207e-01	-2.831050e-01
5.208899e-01	8.232937e-01	-2.831976e-01
5.161905e-01	8.236883e-01	-2.831452e-01
5.385930e-01	8.235478e-01	-2.788510e-01
5.428670e-01	8.243762e-01	-2.789695e-01
5.473307e-01	8.251817e-01	-2.789756e-01
5.099849e-01	8.210018e-01	-1.820847e-01
5.508841e-01	8.235409e-01	-1.597407e-01
5.230125e-01	7.840880e-01	-2.585283e-01
5.377271e-01	7.842255e-01	-2.517127e-01
4.877337e-01	7.560222e-01	-1.447544e-01
5.754645e-01	7.532588e-01	-1.226897e-01
4.756511e-01	8.831998e-01	-2.351782e-01
5.998779e-01	8.768323e-01	-1.776702e-01
4.664258e-01	1.033022e+00	-3.098802e-01
6.135381e-01	1.026935e+00	-2.292748e-01
4.664456e-01	1.078564e+00	-3.529225e-01
6.174626e-01	1.073383e+00	-2.633429e-01
4.730828e-01	1.081702e+00	-3.569197e-01
6.124640e-01	1.079466e+00	-2.725431e-01
4.755594e-01	1.074566e+00	-3.198911e-01
6.080527e-01	1.067527e+00	-2.406532e-01
4.927935e-01	4.538820e-01	-9.409944e-03
5.528210e-01	4.552552e-01	9.450933e-03
4.839142e-01	2.544129e-01	2.945354e-02
5.615705e-01	2.571504e-01	5.208624e-02
4.801488e-01	9.511843e-02	1.989941e-01
5.637642e-01	9.760051e-02	2.214653e-01
4.895878e-01	7.047084e-02	2.078929e-01
5.532714e-01	7.192102e-02	2.294424e-01
4.611426e-01	4.151987e-02	8.089199e-02
5.870470e-01	3.852797e-02	1.013653e-01
5.351330e-01	8.029556e-01	-2.781160e-01
5.283465e-01	8.245783e-01	-2.601731e-01
5.237622e-01	8.249787e-01	-2.602753e-01
5.187660e-01	8.252183e-01	-2.602395e-01
5.411922e-01	8.244639e-01	-2.574267e-01
5.453812e-01	8.249177e-01	-2.575206e-01
5.499278e-01	8.253229e-01	-2.574916e-01
5.112827e-01	8.216177e-01	-1.575822e-01
5.513815e-01	8.236945e-01	-1.398982e-01
5.250546e-01	7.846742e-01	-2.379518e-01
5.397302e-01	7.847708e-01	-2.323637e-01
4.876605e-01	7.553749e-01	-1.399926e-01
5.750386e-01	7.535189e-01	-9.522724e-02
4.832354e-01	8.820961e-01	-2.435129e-01
5.898021e-01	8.711628e-01	-1.434741e-01
4.831780e-01	1.020707e+00	-2.968032e-01
6.023694e-01	1.007489e+00	-2.030315e-01
4.843181e-01	1.061010e+00	-3.390202e-01
6.072243e-01	1.053241e+00	-2.340641e-01
4.887929e-01	1.075822e+00	-3.379590e-01
6.028212e-01	1.060916e+00	-2.398241e-01
4.904618e-01	1.048380e+00	-3.043573e-01
5.982506e-01	1.043519e+00	-2.131011e-01
4.928373e-01	4.538439e-01	-1.322323e-02
5.531126e-01	4.553251e-01	1.322792e-02
4.836989e-01	2.545126e-01	1.897295e-02
5.616217e-01	2.571522e-01	5.515404e-02
4.801003e-01	9.505816e-02	1.923107e-01
5.631045e-01	9.819204e-02	2.177284e-01
4.897936e-01	7.029045e-02	2.030520e-01
5.523848e-01	7.190990e-02	2.249216e-01
4.611860e-01	4.113548e-02	7.154164e-02
5.868961e-01	3.861813e-02	1.008732e-01
5.352380e-01	8.032504e-01	-2.970877e-01
5.286399e-01	8.254554e-01	-2.797550e-01
5.241067e-01	8.259341e-01	-2.798825e-01
5.190734e-01	8.261268e-01	-2.798860e-01
5.416285e-01	8.249504e-01	-2.753258e-01
5.458508e-01	8.252242e-01	-2.754503e-01
5.505948e-01	8.254082e-01	-2.754457e-01
5.117094e-01	8.219139e-01	-1.815257e-01
5.518500e-01	8.237897e-01	-1.568274e-01
5.253730e-01	7.848662e-01	-2.590011e-01
5.402440e-01	7.848310e-01	-2.517870e-01
4.872476e-01	7.550405e-01	-1.667237e-01
5.744675e-01	7.526895e-01	-1.207931e-01
4.900970e-01	8.826559e-01	-2.814002e-01
5.820178e-01	8.760375e-01	-1.709436e-01
4.885998e-01	1.033298e+00	-3.442367e-01
5.949542e-01	1.014519e+00	-2.090576e-01
4.890732e-01	1.083365e+00	-3.869344e-01
5.999619e-01	1.059791e+00	-2.388279e-01
4.952379e-01	1.087837e+00	-3.824747e-01
5.968974e-01	1.073994e+00	-2.471256e-01
5.036700e-01	1.058729e+00	-3.506084e-01
5.935385e-01	1.049413e+00	-2.201758e-01
4.928986e-01	4.526772e-01	-1.261627e-02
5.532981e-01	4.551190e-01	1.258692e-02
4.833084e-01	2.542705e-01	2.666402e-02
5.617948e-01	2.568890e-01	6.345361e-02
4.800410e-01	9.501665e-02	1.909109e-01
5.627044e-01	9.834775e-02	2.275654e-01
4.898303e-01	7.026234e-02	2.000094e-01
5.519841e-01	7.202935e-02	2.355138e-01
4.610286e-01	4.016880e-02	7.663504e-02
5.854524e-01	3.844288e-02	1.157415e-01
5.350325e-01	8.041399e-01	-2.357031e-01
5.286876e-01	8.265969e-01	-2.119216e-01
5.242569e-01	8.271434e-01	-2.120281e-01
5.192987e-01	8.272880e-01	-2.120037e-01
5.415620e-01	8.256400e-01	-2.101540e-01
5.457584e-01	8.256790e-01	-2.102702e-01
5.504956e-01	8.256040e-01	-2.102809e-01
5.120986e-01	8.227088e-01	-1.010748e-01
5.520685e-01	8.237718e-01	-8.889143e-02
5.254458e-01	7.855520e-01	-1.952624e-01
5.402769e-01	7.853087e-01	-1.914896e-01
4.866847e-01	7.535049e-01	-9.818939e-02
5.740265e-01	7.525358e-01	-6.938957e-02
4.946753e-01	8.693336e-01	-2.369118e-01
5.798713e-01	8.692418e-01	-1.239534e-01
5.034450e-01	1.013277e+00	-1.924763e-01
5.887238e-01	1.002493e+00	-1.457674e-01
5.102674e-01	1.034898e+00	-2.291654e-01
5.931571e-01	1.049985e+00	-1.784352e-01
5.136853e-01	1.041054e+00	-2.220485e-01
5.907625e-01	1.056775e+00	-1.835636e-01
5.131530e-01	1.027112e+00	-1.974316e-01
5.880080e-01	1.039055e+00	-1.561768e-01
4.929994e-01	4.488904e-01	-1.227694e-02
5.539979e-01	4.522381e-01	1.227713e-02
4.829907e-01	2.537901e-01	3.683866e-02
5.620096e-01	2.561503e-01	5.952684e-02
4.799592e-01	9.499253e-02	2.143509e-01
5.622953e-01	9.834643e-02	2.250481e-01
4.898381e-01	7.010015e-02	2.247001e-01
5.516970e-01	7.201106e-02	2.335116e-01
4.609902e-01	3.977034e-02	1.068141e-01
5.846244e-01	3.826321e-02	1.103701e-01
5.356220e-01	8.092015e-01	-2.406718e-01
5.297189e-01	8.296070e-01	-2.184390e-01
5.255667e-01	8.302177e-01	-2.185461e-01
5.210105e-01	8.305829e-01	-2.185278e-01
5.417133e-01	8.280572e-01	-2.159999e-01
5.456768e-01	8.277192e-01	-2.161169e-01
5.502290e-01	8.272125e-01	-2.161202e-01
5.132709e-01	8.252152e-01	-1.090234e-01
5.516874e-01	8.243438e-01	-9.707290e-02
5.260737e-01	7.908660e-01	-2.008410e-01
5.403844e-01	7.900229e-01	-1.969952e-01
4.863363e-01	7.494292e-01	-1.090676e-01
5.732423e-01	7.520773e-01	-7.007752e-02
4.933443e-01	8.793463e-01	-2.020219e-01
5.760271e-01	8.712162e-01	-1.237470e-01
5.036198e-01	1.018793e+00	-2.058117e-01
5.796195e-01	1.003504e+00	-1.562199e-01
5.113418e-01	1.043381e+00	-2.443517e-01
5.830700e-01	1.043911e+00	-1.895276e-01
5.146081e-01	1.050309e+00	-2.334803e-01
5.809045e-01	1.052064e+00	-1.964248e-01
5.131896e-01	1.041180e+00	-2.095373e-01
5.783104e-01	1.034272e+00	-1.672536e-01
4.938361e-01	4.473584e-01	-1.196849e-02
5.548190e-01	4.515506e-01	1.195637e-02
4.829775e-01	2.531826e-01	4.261114e-02
5.622106e-01	2.555996e-01	5.898203e-02
4.798331e-01	9.544815e-02	2.230014e-01
5.616802e-01	9.823062e-02	2.319693e-01
4.897521e-01	7.031359e-02	2.334269e-01
5.510138e-01	7.129440e-02	2.406251e-01
4.612222e-01	3.987943e-02	1.151836e-01
5.847051e-01	3.828971e-02	1.164836e-01
5.347441e-01	8.095956e-01	-1.777408e-01
5.292591e-01	8.297209e-01	-1.549138e-01
5.250686e-01	8.303002e-01	-1.549768e-01
5.206586e-01	8.306146e-01	-1.549170e-01
5.412160e-01	8.281604e-01	-1.547467e-01
5.450692e-01	8.277536e-01	-1.548492e-01
5.494027e-01	8.271882e-01	-1.548440e-01
5.132610e-01	8.251327e-01	-5.054334e-02
5.513235e-01	8.239548e-01	-4.706617e-02
5.253391e-01	7.908974e-01	-1.399838e-01
5.394282e-01	7.900083e-01	-1.387987e-01
4.864079e-01	7.480550e-01	-5.233648e-02
5.720979e-01	7.481649e-01	-4.455204e-02
4.913729e-01	8.730263e-01	-1.698395e-01
5.729393e-01	8.595996e-01	-1.205655e-01
4.994326e-01	1.002333e+00	-2.058400e-01
5.712994e-01	9.907020e-01	-1.636812e-01
5.045219e-01	1.027727e+00	-2.462356e-01
5.716560e-01	1.042157e+00	-1.975472e-01
5.074092e-01	1.035088e+00	-2.382198e-01
5.695239e-01	1.050001e+00	-2.049604e-01
5.087250e-01	1.024153e+00	-2.096747e-01
5.671410e-01	1.033473e+00	-1.740212e-01
4.939107e-01	4.472874e-01	-9.718622e-03
5.547651e-01	4.516175e-01	9.742472e-03
4.828618e-01	2.529059e-01	3.909367e-02
5.621858e-01	2.555613e-01	4.213376e-02
4.796645e-01	9.589853e-02	2.117234e-01
5.612944e-01	9.798532e-02	2.093681e-01
4.893363e-01	7.090599e-02	2.211848e-01
5.510381e-01	7.081070e-02	2.169204e-01
4.613776e-01	3.994036e-02	1.005959e-01
5.837851e-01	3.889650e-02	8.603233e-02
5.327557e-01	8.092782e-01	-2.048778e-01
5.278941e-01	8.288590e-01	-1.850850e-01
5.236705e-01	8.291800e-01	-1.851640e-01
5.195464e-01	8.293202e-01	-1.851108e-01
5.394837e-01	8.276833e-01	-1.816023e-01
5.432290e-01	8.273063e-01	-1.816707e-01
5.471497e-01	8.268055e-01	-1.816088e-01
5.124946e-01	8.247989e-01	-7.579632e-02
5.482157e-01	8.234562e-01	-6.327082e-02
5.233968e-01	7.906257e-01	-1.673349e-01
5.377277e-01	7.899250e-01	-1.614545e-01
4.858608e-01	7.457609e-01	-1.195768e-01
5.698522e-01	7.481296e-01	-4.725739e-02
4.889874e-01	8.227671e-01	-4.162093e-01
5.742126e-01	8.266746e-01	-2.774345e-01
4.923216e-01	9.505782e-01	-6.443798e-01
5.735964e-01	9.473314e-01	-4.806701e-01
4.948103e-01	9.832192e-01	-7.107055e-01
5.744585e-01	9.813967e-01	-5.344506e-01
4.980634e-01	9.923658e-01	-7.088648e-01
5.702027e-01	9.896401e-01	-5.350178e-01
5.001768e-01	9.802089e-01	-6.542320e-01
5.674113e-01	9.774635e-01	-4.928017e-01
4.947532e-01	4.450667e-01	-9.531010e-03
5.548683e-01	4.496744e-01	9.536108e-03
4.827630e-01	2.529376e-01	2.959688e-02
5.621916e-01	2.556578e-01	3.977294e-02
4.794527e-01	9.593650e-02	2.072730e-01
5.608474e-01	9.799869e-02	2.005965e-01
4.889813e-01	7.080270e-02	2.160223e-01
5.509437e-01	7.076158e-02	2.072009e-01
4.612523e-01	3.992799e-02	8.874910e-02
5.836576e-01	3.883341e-02	7.229581e-02
5.314648e-01	8.079383e-01	-2.055804e-01
5.265973e-01	8.252903e-01	-1.857537e-01
5.224004e-01	8.256180e-01	-1.858096e-01
5.184466e-01	8.257868e-01	-1.857326e-01
5.381761e-01	8.241955e-01	-1.832999e-01
5.419665e-01	8.238278e-01	-1.833955e-01
5.459045e-01	8.233215e-01	-1.833667e-01
5.120541e-01	8.219032e-01	-7.944814e-02
5.481423e-01	8.205960e-01	-6.678425e-02
5.226711e-01	7.903382e-01	-1.671407e-01
5.367607e-01	7.898235e-01	-1.624911e-01
4.857976e-01	7.430537e-01	-1.102266e-01
5.699329e-01	7.440952e-01	-6.978805e-02
4.896871e-01	8.225264e-01	-3.924374e-01
5.742868e-01	8.036645e-01	-3.387347e-01
4.934872e-01	9.127138e-01	-6.002812e-01
5.684690e-01	8.957257e-01	-5.608200e-01
4.992119e-01	9.330595e-01	-6.625626e-01
5.658949e-01	9.194798e-01	-6.178432e-01
5.002866e-01	9.349580e-01	-6.567529e-01
5.642189e-01	9.231531e-01	-6.122173e-01
5.013906e-01	9.276623e-01	-6.091341e-01
5.631610e-01	9.146957e-01	-5.704296e-01
4.947411e-01	4.444139e-01	-7.038185e-03
5.547018e-01	4.489114e-01	7.012422e-03
4.827659e-01	2.529250e-01	1.762258e-02
5.616880e-01	2.556309e-01	2.492500e-02
4.793532e-01	9.631899e-02	1.972776e-01
5.603564e-01	9.681398e-02	1.846459e-01
4.880121e-01	7.088583e-02	2.058870e-01
5.509171e-01	6.914023e-02	1.907144e-01
4.618886e-01	4.058098e-02	6.934831e-02
5.835989e-01	3.707299e-02	4.888852e-02
5.282477e-01	8.101932e-01	-1.380861e-01
5.239590e-01	8.274077e-01	-1.179063e-01
5.205650e-01	8.281362e-01	-1.179053e-01
5.173411e-01	8.288418e-01	-1.178632e-01
5.344045e-01	8.262345e-01	-1.236364e-01
5.381625e-01	8.262000e-01	-1.237441e-01
5.419418e-01	8.262076e-01	-1.236943e-01
5.127712e-01	8.237301e-01	-1.151098e-02
5.477062e-01	8.228543e-01	-3.609535e-02
5.221988e-01	7.930205e-01	-9.821315e-02
5.355474e-01	7.923009e-01	-1.048567e-01
4.858292e-01	7.434142e-01	8.852731e-03
5.706149e-01	7.413245e-01	-4.780857e-02
4.886554e-01	7.826836e-01	-1.377164e-01
5.752827e-01	7.775538e-01	-2.355502e-01
4.980930e-01	8.325380e-01	-1.987716e-01
5.564005e-01	8.236520e-01	-2.632566e-01
5.070554e-01	8.513800e-01	-2.205097e-01
5.514585e-01	8.438705e-01	-2.878321e-01
5.049211e-01	8.497947e-01	-2.152394e-01
5.522767e-01	8.334287e-01	-2.795026e-01
5.041687e-01	8.371439e-01	-2.019817e-01
5.525725e-01	8.296371e-01	-2.639985e-01
4.944623e-01	4.439705e-01	4.993400e-03
5.546925e-01	4.482527e-01	-4.955444e-03
4.824268e-01	2.530976e-01	1.451792e-02
5.618369e-01	2.556292e-01	2.891650e-02
4.793576e-01	9.306878e-02	1.412355e-01
5.600936e-01	9.597126e-02	1.786794e-01
4.877835e-01	6.748898e-02	1.469067e-01
5.508678e-01	6.835573e-02	1.851861e-01
4.609444e-01	4.063278e-02	2.991561e-02
5.853312e-01	3.586086e-02	5.840130e-02
5.333288e-01	8.188696e-01	-1.804164e-01
5.271961e-01	8.376125e-01	-1.703847e-01
5.231076e-01	8.382105e-01	-1.704498e-01
5.190943e-01	8.386742e-01	-1.704990e-01
5.381953e-01	8.356333e-01	-1.680726e-01
5.418714e-01	8.348051e-01	-1.680637e-01
5.453520e-01	8.339489e-01	-1.682048e-01
5.127667e-01	8.308407e-01	-5.919727e-02
5.482420e-01	8.265581e-01	-4.125047e-02
5.242001e-01	7.990023e-01	-1.365885e-01
5.379261e-01	7.966453e-01	-1.277905e-01
4.830012e-01	7.434333e-01	-6.470770e-02
5.709370e-01	7.349681e-01	-5.587401e-02
4.886522e-01	7.149578e-01	-3.952293e-01
5.761093e-01	6.930289e-01	-3.394549e-01
4.995932e-01	7.373504e-01	-6.959382e-01
5.569763e-01	7.402143e-01	-6.431742e-01
5.016118e-01	7.499088e-01	-7.648833e-01
5.519837e-01	7.547628e-01	-7.125618e-01
5.046355e-01	7.530739e-01	-7.661182e-01
5.522350e-01	7.637194e-01	-7.066424e-01
5.057627e-01	7.478004e-01	-7.069283e-01
5.512194e-01	7.604569e-01	-6.540130e-01
4.930757e-01	4.427290e-01	-1.357765e-03
5.537412e-01	4.466467e-01	1.274438e-03
4.824225e-01	2.525562e-01	-1.503412e-02
5.619258e-01	2.558061e-01	3.585298e-02
4.789348e-01	8.985353e-02	1.414834e-01
5.601113e-01	9.549010e-02	2.148729e-01
4.867674e-01	6.538903e-02	1.476085e-01
5.508832e-01	6.838128e-02	2.222379e-01
4.596752e-01	3.887974e-02	1.322445e-02
5.871316e-01	3.504965e-02	8.798660e-02
5.311949e-01	8.210226e-01	-1.877681e-01
5.255198e-01	8.402447e-01	-1.721768e-01
5.214586e-01	8.405281e-01	-1.722364e-01
5.177780e-01	8.407245e-01	-1.721877e-01
5.367307e-01	8.386792e-01	-1.744847e-01
5.405411e-01	8.378302e-01	-1.745032e-01
5.442159e-01	8.369642e-01	-1.745285e-01
5.124629e-01	8.323919e-01	-5.701889e-02
5.483640e-01	8.278602e-01	-4.512931e-02
5.224928e-01	8.007852e-01	-1.435795e-01
5.363718e-01	7.977216e-01	-1.444558e-01
4.826416e-01	7.434511e-01	-5.340536e-02
5.726197e-01	7.350858e-01	-7.667661e-02
4.838244e-01	7.034540e-01	-3.597790e-01
5.682228e-01	7.059184e-01	-3.966125e-01
4.946505e-01	6.938498e-01	-6.763632e-01
5.562719e-01	6.938308e-01	-7.064012e-01
4.868883e-01	6.895160e-01	-7.483369e-01
5.577075e-01	6.926859e-01	-7.782524e-01
4.966995e-01	6.842973e-01	-7.499390e-01
5.510896e-01	6.942447e-01	-7.748331e-01
5.020961e-01	6.813352e-01	-6.883609e-01
5.491964e-01	6.940806e-01	-7.175974e-01
4.915418e-01	4.427543e-01	7.921642e-04
5.523697e-01	4.465156e-01	-8.505682e-04
4.824132e-01	2.553148e-01	-1.254155e-02
5.619057e-01	2.571071e-01	2.174443e-02
4.783760e-01	8.984240e-02	1.407803e-01
5.608548e-01	9.615136e-02	1.920989e-01
4.860813e-01	6.512973e-02	1.461503e-01
5.513877e-01	7.058413e-02	1.985615e-01
4.596962e-01	3.869497e-02	8.205520e-03
5.871034e-01	3.515711e-02	6.148194e-02
5.312921e-01	8.204917e-01	-1.602307e-01
5.255642e-01	8.405471e-01	-1.426685e-01
5.214542e-01	8.409930e-01	-1.427016e-01
5.177670e-01	8.413596e-01	-1.425944e-01
5.368671e-01	8.386275e-01	-1.425067e-01
5.406522e-01	8.378147e-01	-1.425040e-01
5.443596e-01	8.369466e-01	-1.424484e-01
5.116766e-01	8.328982e-01	-2.756779e-02
5.484015e-01	8.278264e-01	-2.273213e-02
5.223540e-01	8.003017e-01	-1.169129e-01
5.363720e-01	7.972099e-01	-1.152469e-01
4.783551e-01	7.324568e-01	-5.560038e-03
5.727228e-01	7.345473e-01	-1.843023e-02
4.765636e-01	6.690392e-01	-2.326183e-01
5.695809e-01	6.777808e-01	-2.390805e-01
4.886041e-01	6.175610e-01	-5.126551e-01
5.560710e-01	6.243695e-01	-4.967899e-01
4.818982e-01	6.056151e-01	-5.723910e-01
5.585304e-01	5.899426e-01	-5.487078e-01
4.917358e-01	6.040277e-01	-5.792115e-01
5.486391e-01	5.888215e-01	-5.511298e-01
4.981929e-01	6.050372e-01	-5.236779e-01
5.438303e-01	5.967251e-01	-5.065523e-01
4.912638e-01	4.435072e-01	5.632042e-04
5.521106e-01	4.468441e-01	-5.805628e-04
4.823985e-01	2.564072e-01	-2.155296e-02
5.616855e-01	2.576763e-01	1.052864e-03
4.782256e-01	8.996383e-02	1.201002e-01
5.611771e-01	9.589075e-02	1.412129e-01
4.861034e-01	6.494632e-02	1.249760e-01
5.514024e-01	7.006052e-02	1.445597e-01
4.592901e-01	3.866869e-02	-3.626131e-03
5.880092e-01	3.600335e-02	1.362977e-02
5.316691e-01	8.216454e-01	-2.291728e-01
5.258287e-01	8.413967e-01	-2.154333e-01
5.216246e-01	8.416144e-01	-2.154651e-01
5.177797e-01	8.417395e-01	-2.154123e-01
5.371858e-01	8.397133e-01	-2.143013e-01
5.409461e-01	8.387889e-01	-2.142993e-01
5.446281e-01	8.378496e-01	-2.142310e-01
5.115830e-01	8.327651e-01	-1.088498e-01
5.484295e-01	8.280453e-01	-1.027235e-01
5.223510e-01	8.006248e-01	-1.872748e-01
5.364302e-01	7.975079e-01	-1.850232e-01
4.764324e-01	7.218919e-01	-2.924171e-02
5.727876e-01	7.289805e-01	-2.821371e-02
4.719341e-01	6.304454e-01	5.360739e-02
5.710090e-01	6.366920e-01	6.878451e-02
4.790370e-01	5.571659e-01	6.400067e-02
5.592725e-01	5.474554e-01	6.670311e-02
4.750532e-01	5.265263e-01	5.407453e-02
5.614258e-01	5.119489e-01	5.555887e-02
4.835012e-01	5.278711e-01	1.990881e-02
5.535421e-01	5.071715e-01	2.099311e-02
4.894660e-01	5.396059e-01	5.124097e-02
5.497223e-01	5.217368e-01	5.252997e-02
4.913417e-01	4.489467e-01	2.759255e-04
5.515994e-01	4.514051e-01	-2.885662e-04
4.823979e-01	2.577716e-01	-1.756634e-02
5.604619e-01	2.605523e-01	-3.243251e-04
4.776874e-01	8.987834e-02	1.099166e-01
5.610095e-01	9.585526e-02	1.316828e-01
4.852614e-01	6.498910e-02	1.141600e-01
5.513702e-01	7.004319e-02	1.360906e-01
4.593006e-01	3.868617e-02	-8.708335e-03
5.879951e-01	3.820141e-02	1.355459e-02
5.292484e-01	8.254274e-01	-1.770784e-01
5.241953e-01	8.431528e-01	-1.611989e-01
5.200247e-01	8.430407e-01	-1.612069e-01
5.163444e-01	8.429140e-01	-1.611262e-01
5.356849e-01	8.422363e-01	-1.591547e-01
5.395207e-01	8.415044e-01	-1.591605e-01
5.433243e-01	8.406810e-01	-1.589797e-01
5.109497e-01	8.331666e-01	-7.236797e-02
5.480635e-01	8.299309e-01	-6.256144e-02
5.202351e-01	8.036284e-01	-1.442823e-01
5.352138e-01	8.017722e-01	-1.412959e-01
4.770772e-01	7.167870e-01	-2.794042e-02
5.728182e-01	7.207347e-01	1.991421e-03
4.668774e-01	6.123518e-01	-2.015288e-02
5.720060e-01	5.947986e-01	3.617700e-02
4.688318e-01	5.148934e-01	-9.828864e-02
5.617182e-01	4.870766e-01	-4.176818e-02
4.643074e-01	4.729988e-01	-1.309787e-01
5.618024e-01	4.501487e-01	-7.343651e-02
4.739429e-01	4.759113e-01	-1.633480e-01
5.567318e-01	4.520554e-01	-1.024867e-01
4.798937e-01	4.889420e-01	-1.130746e-01
5.533010e-01	4.651231e-01	-5.658817e-02
4.913516e-01	4.509062e-01	-2.382583e-03
5.499197e-01	4.520622e-01	2.492009e-03
4.822437e-01	2.591451e-01	-1.917757e-02
5.601047e-01	2.626576e-01	-1.537333e-03
4.776285e-01	8.839513e-02	9.393286e-02
5.611559e-01	9.585435e-02	1.090647e-01
4.853552e-01	6.390239e-02	9.767810e-02
5.515453e-01	6.989563e-02	1.115345e-01
4.588632e-01	3.880524e-02	-9.103213e-03
5.881345e-01	3.927676e-02	3.598274e-03
5.288761e-01	8.252726e-01	-2.260856e-01
5.236409e-01	8.429527e-01	-2.094645e-01
5.192398e-01	8.428957e-01	-2.094702e-01
5.155914e-01	8.427678e-01	-2.093922e-01
5.354675e-01	8.419122e-01	-2.100591e-01
5.393094e-01	8.411860e-01	-2.100976e-01
5.432602e-01	8.403805e-01	-2.099488e-01
5.099478e-01	8.329980e-01	-1.118221e-01
5.480753e-01	8.299739e-01	-1.151085e-01
5.197657e-01	8.034464e-01	-1.900471e-01
5.351819e-01	8.016930e-01	-1.906801e-01
4.762942e-01	7.093877e-01	-5.360348e-02
5.735199e-01	7.076601e-01	-4.411604e-02
4.645061e-01	5.940201e-01	-2.722125e-02
5.749410e-01	5.737810e-01	-2.353063e-02
4.604092e-01	4.802392e-01	-8.034839e-02
5.657166e-01	4.600427e-01	-9.656517e-02
4.550202e-01	4.346745e-01	-1.068573e-01
5.709930e-01	4.227841e-01	-1.264740e-01
4.650229e-01	4.375618e-01	-1.403974e-01
5.623410e-01	4.245784e-01	-1.558778e-01
4.707497e-01	4.512414e-01	-9.535186e-02
5.572162e-01	4.373107e-01	-1.110640e-01
4.911304e-01	4.492917e-01	-1.337256e-03
5.495995e-01	4.490441e-01	1.462698e-03
4.818313e-01	2.591042e-01	8.009653e-03
5.597432e-01	2.624984e-01	-9.797278e-04
4.773164e-01	8.850057e-02	1.324410e-01
5.611605e-01	9.524749e-02	1.374868e-01
4.853309e-01	6.395143e-02	1.385891e-01
5.515711e-01	6.949227e-02	1.418392e-01
4.572710e-01	3.952070e-02	4.392485e-02
5.875883e-01	3.992024e-02	1.668233e-02
5.260123e-01	8.249748e-01	-2.424942e-01
5.210444e-01	8.430048e-01	-2.254822e-01
5.172003e-01	8.428347e-01	-2.254955e-01
5.132904e-01	8.426274e-01	-2.254252e-01
5.334114e-01	8.422237e-01	-2.255009e-01
5.377730e-01	8.414406e-01	-2.255502e-01
5.418900e-01	8.405070e-01	-2.254151e-01
5.082878e-01	8.328454e-01	-1.272180e-01
5.478091e-01	8.298788e-01	-1.281932e-01
5.174239e-01	8.032197e-01	-2.063410e-01
5.337282e-01	8.013870e-01	-2.063125e-01
4.755673e-01	7.038369e-01	-8.079843e-02
5.746927e-01	7.017375e-01	-6.197243e-02
4.633110e-01	5.773190e-01	-6.761983e-02
5.808799e-01	5.638179e-01	-4.553924e-02
4.568072e-01	4.576463e-01	-1.364816e-01
5.720014e-01	4.470576e-01	-1.300798e-01
4.487422e-01	4.142560e-01	-1.673674e-01
5.785843e-01	4.084751e-01	-1.635235e-01
4.601332e-01	4.150213e-01	-2.008273e-01
5.663482e-01	4.088721e-01	-1.911648e-01
4.664468e-01	4.275327e-01	-1.519772e-01
5.603151e-01	4.214165e-01	-1.445365e-01
4.914936e-01	4.457676e-01	-2.311578e-03
5.496891e-01	4.446028e-01	2.468134e-03
4.816988e-01	2.588045e-01	9.977633e-03
5.592258e-01	2.618040e-01	1.941083e-02
4.769883e-01	8.855720e-02	1.390944e-01
5.605675e-01	9.484374e-02	1.543063e-01
4.850463e-01	6.386765e-02	1.458642e-01
5.511855e-01	6.913908e-02	1.594543e-01
4.562825e-01	4.008225e-02	4.993351e-02
5.874575e-01	3.991625e-02	5.676832e-02
5.251342e-01	8.244886e-01	-2.919348e-01
5.198267e-01	8.427979e-01	-2.759949e-01
5.162092e-01	8.426620e-01	-2.760155e-01
5.120357e-01	8.424318e-01	-2.759483e-01
5.327019e-01	8.420546e-01	-2.760066e-01
5.372611e-01	8.413304e-01	-2.760570e-01
5.415147e-01	8.403559e-01	-2.759295e-01
5.069314e-01	8.327461e-01	-1.750790e-01
5.477087e-01	8.298482e-01	-1.761071e-01
5.164446e-01	8.029462e-01	-2.539218e-01
5.333638e-01	8.011618e-01	-2.539219e-01
4.737260e-01	7.001534e-01	-1.180150e-01
5.759736e-01	6.979526e-01	-1.021492e-01
4.613720e-01	5.624269e-01	-9.139773e-02
5.833669e-01	5.573306e-01	-7.268892e-02
4.537222e-01	4.399752e-01	-1.559422e-01
5.796828e-01	4.341580e-01	-1.536111e-01
4.475264e-01	4.003654e-01	-1.852193e-01
5.858925e-01	3.981468e-01	-1.849691e-01
4.556839e-01	4.009269e-01	-2.177235e-01
5.758478e-01	3.968701e-01	-2.140429e-01
4.619771e-01	4.139220e-01	-1.709447e-01
5.701255e-01	4.093928e-01	-1.681950e-01
4.918180e-01	4.425099e-01	-2.619546e-03
5.500809e-01	4.415927e-01	2.770517e-03
4.816658e-01	2.578774e-01	2.484785e-02
5.582604e-01	2.601292e-01	3.934669e-02
4.769153e-01	8.848118e-02	1.690290e-01
5.598521e-01	9.444053e-02	1.904537e-01
4.850823e-01	6.382874e-02	1.768598e-01
5.505172e-01	6.909382e-02	1.976700e-01
4.552000e-01	4.002704e-02	7.666992e-02
5.871971e-01	3.989022e-02	9.202883e-02
5.251524e-01	8.271087e-01	-3.034537e-01
5.197158e-01	8.456212e-01	-2.886697e-01
5.160143e-01	8.451974e-01	-2.886888e-01
5.118612e-01	8.446481e-01	-2.886313e-01
5.324659e-01	8.450582e-01	-2.887346e-01
5.369148e-01	8.441256e-01	-2.887862e-01
5.410792e-01	8.428712e-01	-2.886887e-01
5.068371e-01	8.336511e-01	-1.886681e-01
5.472385e-01	8.302191e-01	-1.893405e-01
5.163586e-01	8.049783e-01	-2.652640e-01
5.331394e-01	8.028165e-01	-2.651277e-01
4.725841e-01	7.019047e-01	-1.277674e-01
5.765921e-01	6.998590e-01	-1.134736e-01
4.577177e-01	5.662870e-01	-9.453554e-02
5.850748e-01	5.611711e-01	-7.773341e-02
4.485386e-01	4.430757e-01	-1.532527e-01
5.835762e-01	4.356396e-01	-1.501034e-01
4.441489e-01	4.037004e-01	-1.804691e-01
5.873528e-01	3.989062e-01	-1.782654e-01
4.503205e-01	4.038918e-01	-2.136503e-01
5.799095e-01	3.974600e-01	-2.103476e-01
4.560263e-01	4.167784e-01	-1.683108e-01
5.750633e-01	4.110796e-01	-1.655357e-01
4.918336e-01	4.406909e-01	-2.921366e-03
5.501904e-01	4.404038e-01	3.060917e-03
4.816798e-01	2.578537e-01	2.967864e-02
5.575678e-01	2.590562e-01	4.550250e-02
4.768401e-01	8.812352e-02	1.823555e-01
5.596439e-01	9.408349e-02	2.093048e-01
4.849413e-01	6.318633e-02	1.902835e-01
5.501472e-01	6.891985e-02	2.174192e-01
4.544982e-01	4.030503e-02	8.045166e-02
5.872090e-01	3.942163e-02	1.032882e-01
5.223933e-01	8.280124e-01	-3.074467e-01
5.178705e-01	8.464906e-01	-2.939826e-01
5.141367e-01	8.458790e-01	-2.940066e-01
5.101416e-01	8.451343e-01	-2.939610e-01
5.301589e-01	8.466206e-01	-2.955144e-01
5.347250e-01	8.458640e-01	-2.955520e-01
5.389053e-01	8.446663e-01	-2.954775e-01
5.064831e-01	8.339083e-01	-1.949014e-01
5.462007e-01	8.306363e-01	-2.020150e-01
5.146822e-01	8.056440e-01	-2.688474e-01
5.310229e-01	8.040617e-01	-2.705056e-01
4.724288e-01	7.042870e-01	-1.274672e-01
5.765593e-01	7.017632e-01	-1.190033e-01
4.564169e-01	5.742912e-01	-7.758053e-02
5.844988e-01	5.643675e-01	-7.024535e-02
4.458249e-01	4.496422e-01	-1.190224e-01
5.864763e-01	4.385944e-01	-1.262929e-01
4.425531e-01	4.095070e-01	-1.392758e-01
5.912939e-01	4.035261e-01	-1.484591e-01
4.466647e-01	4.087984e-01	-1.729197e-01
5.860751e-01	4.018967e-01	-1.822969e-01
4.521810e-01	4.207903e-01	-1.338969e-01
5.819097e-01	4.130422e-01	-1.418858e-01
4.918192e-01	4.407682e-01	-2.825266e-03
5.502415e-01	4.405327e-01	2.944019e-03
4.816255e-01	2.579462e-01	2.308832e-02
5.571407e-01	2.590629e-01	4.102482e-02
4.768414e-01	8.815465e-02	1.709739e-01
5.595017e-01	9.396736e-02	1.949848e-01
4.849510e-01	6.316449e-02	1.781191e-01
5.500218e-01	6.890672e-02	2.018133e-01
4.545737e-01	4.076068e-02	6.573666e-02
5.872049e-01	3.941871e-02	8.675157e-02
5.222615e-01	8.285334e-01	-3.118478e-01
5.175257e-01	8.469710e-01	-2.983498e-01
5.138189e-01	8.463028e-01	-2.983791e-01
5.098017e-01	8.454769e-01	-2.983342e-01
5.297841e-01	8.474541e-01	-2.997608e-01
5.343720e-01	8.468574e-01	-2.997870e-01
5.385224e-01	8.458116e-01	-2.997155e-01
5.062373e-01	8.343174e-01	-1.959523e-01
5.456547e-01	8.314363e-01	-2.022913e-01
5.146857e-01	8.062662e-01	-2.718005e-01
5.308972e-01	8.047988e-01	-2.732393e-01
4.723930e-01	7.058563e-01	-1.220904e-01
5.764364e-01	7.033163e-01	-1.148116e-01
4.568515e-01	5.817038e-01	-6.297477e-02
5.841161e-01	5.673565e-01	-5.843776e-02
4.436975e-01	4.573054e-01	-1.018501e-01
5.875882e-01	4.424348e-01	-1.122273e-01
4.399108e-01	4.166553e-01	-1.201078e-01
5.932105e-01	4.074797e-01	-1.322780e-01
4.430535e-01	4.155747e-01	-1.548545e-01
5.890046e-01	4.062961e-01	-1.672792e-01
4.482201e-01	4.282049e-01	-1.171393e-01
5.848469e-01	4.163149e-01	-1.280856e-01
4.912914e-01	4.420041e-01	-2.338794e-03
5.497745e-01	4.419752e-01	2.423416e-03
4.813498e-01	2.583034e-01	1.895729e-02
5.564202e-01	2.593694e-01	2.523932e-02
4.768423e-01	8.788846e-02	1.579856e-01
5.593656e-01	9.383224e-02	1.705533e-01
4.849652e-01	6.274807e-02	1.635715e-01
5.498452e-01	6.889744e-02	1.759562e-01
4.542640e-01	4.079252e-02	4.708659e-02
5.872283e-01	3.914665e-02	5.450457e-02
5.217739e-01	8.281912e-01	-3.079282e-01
5.169595e-01	8.467325e-01	-2.938289e-01
5.132293e-01	8.460829e-01	-2.938582e-01
5.091711e-01	8.452918e-01	-2.938102e-01
5.290931e-01	8.473372e-01	-2.954364e-01
5.337005e-01	8.468658e-01	-2.954594e-01
5.378615e-01	8.459314e-01	-2.953813e-01
5.057846e-01	8.342596e-01	-1.891303e-01
5.450471e-01	8.317435e-01	-1.964319e-01
5.144533e-01	8.060389e-01	-2.671169e-01
5.305015e-01	8.045833e-01	-2.688143e-01
4.722289e-01	7.068001e-01	-1.149815e-01
5.761918e-01	7.042271e-01	-1.088996e-01
4.573686e-01	5.845379e-01	-5.379492e-02
5.839719e-01	5.694779e-01	-5.188785e-02
4.420857e-01	4.602461e-01	-9.654260e-02
5.898417e-01	4.449627e-01	-1.099411e-01
4.376699e-01	4.201542e-01	-1.150929e-01
5.952231e-01	4.104053e-01	-1.304264e-01
4.395797e-01	4.189560e-01	-1.510249e-01
5.915056e-01	4.101492e-01	-1.662492e-01
4.444453e-01	4.312431e-01	-1.123946e-01
5.873628e-01	4.199707e-01	-1.262702e-01
4.910152e-01	4.432646e-01	-1.889518e-03
5.493733e-01	4.428345e-01	1.957545e-03
4.812162e-01	2.588439e-01	1.272718e-02
5.562812e-01	2.599723e-01	1.532441e-02
4.768320e-01	8.758119e-02	1.459826e-01
5.593599e-01	9.363506e-02	1.553508e-01
4.849296e-01	6.232936e-02	1.510164e-01
5.497392e-01	6.881814e-02	1.601491e-01
4.538046e-01	4.084168e-02	3.484703e-02
5.874228e-01	3.890637e-02	3.820331e-02
5.215005e-01	8.281158e-01	-3.027044e-01
5.166323e-01	8.466859e-01	-2.883203e-01
5.128773e-01	8.459959e-01	-2.883460e-01
5.088474e-01	8.451833e-01	-2.882922e-01
5.286139e-01	8.475391e-01	-2.895126e-01
5.331326e-01	8.472008e-01	-2.895451e-01
5.372441e-01	8.464063e-01	-2.894707e-01
5.056212e-01	8.342453e-01	-1.847765e-01
5.443838e-01	8.323125e-01	-1.900819e-01
5.143446e-01	8.059994e-01	-2.626005e-01
5.301940e-01	8.048254e-01	-2.637314e-01
4.717577e-01	7.074915e-01	-1.140965e-01
5.760632e-01	7.048663e-01	-1.059241e-01
4.573202e-01	5.844176e-01	-6.192200e-02
5.841047e-01	5.724295e-01	-5.525862e-02
4.415151e-01	4.614983e-01	-1.128066e-01
5.903397e-01	4.489053e-01	-1.209265e-01
4.365260e-01	4.202845e-01	-1.341633e-01
5.962902e-01	4.143533e-01	-1.438470e-01
4.389367e-01	4.194538e-01	-1.695900e-01
5.925444e-01	4.145810e-01	-1.795795e-01
4.439622e-01	4.320685e-01	-1.287216e-01
5.878937e-01	4.246889e-01	-1.375302e-01
4.908850e-01	4.445958e-01	-1.968221e-03
5.492735e-01	4.442906e-01	2.033349e-03
4.811293e-01	2.590755e-01	1.112960e-02
5.563034e-01	2.604690e-01	1.666287e-02
4.767812e-01	8.727006e-02	1.456360e-01
5.593606e-01	9.359322e-02	1.599207e-01
4.848250e-01	6.195921e-02	1.508170e-01
5.496685e-01	6.880602e-02	1.651566e-01
4.532727e-01	4.082171e-02	3.330999e-02
5.875902e-01	3.889764e-02	4.361834e-02
