4.972797e-01	8.409413e-01	-2.678508e-01
4.915932e-01	8.556511e-01	-2.546279e-01
4.879026e-01	8.558294e-01	-2.546770e-01
4.837473e-01	8.556063e-01	-2.546457e-01
5.012930e-01	8.541012e-01	-2.527108e-01
5.047227e-01	8.531837e-01	-2.527416e-01
5.077451e-01	8.521488e-01	-2.526992e-01
4.769034e-01	8.455054e-01	-1.583750e-01
5.094504e-01	8.416045e-01	-1.500631e-01
4.885591e-01	8.232825e-01	-2.306648e-01
5.017008e-01	8.211057e-01	-2.280705e-01
4.474143e-01	7.348667e-01	-8.264236e-02
5.313122e-01	7.359968e-01	-8.010146e-02
4.343062e-01	6.213142e-01	-3.465183e-02
5.422335e-01	6.159644e-01	-3.034193e-02
4.285375e-01	5.236297e-01	-8.279771e-02
5.457389e-01	5.060459e-01	-8.918528e-02
4.264126e-01	4.909207e-01	-1.010102e-01
5.497842e-01	4.695450e-01	-1.095377e-01
4.294256e-01	4.921901e-01	-1.305474e-01
5.439547e-01	4.692279e-01	-1.402330e-01
4.329503e-01	5.027933e-01	-9.575952e-02
5.401762e-01	4.816361e-01	-1.028949e-01
4.594444e-01	5.089799e-01	3.617007e-03
5.097061e-01	5.066291e-01	-3.645879e-03
4.530014e-01	3.254926e-01	-1.527404e-02
5.128521e-01	3.204898e-01	-2.095513e-02
4.449350e-01	1.395329e-01	6.861042e-02
5.154372e-01	1.408828e-01	7.444567e-02
4.518438e-01	1.075042e-01	6.975592e-02
5.100214e-01	1.157534e-01	7.649878e-02
4.181182e-01	9.191105e-02	-4.489005e-02
5.260476e-01	9.232357e-02	-4.153195e-02
4.971913e-01	8.409404e-01	-2.475776e-01
4.915251e-01	8.557175e-01	-2.349551e-01
4.877246e-01	8.558520e-01	-2.350067e-01
4.836725e-01	8.556139e-01	-2.349773e-01
5.013027e-01	8.541551e-01	-2.333797e-01
5.047297e-01	8.531950e-01	-2.334042e-01
5.077980e-01	8.521508e-01	-2.333409e-01
4.767393e-01	8.454307e-01	-1.447241e-01
5.097417e-01	8.416430e-01	-1.379132e-01
4.885392e-01	8.231396e-01	-2.127218e-01
5.017474e-01	8.210881e-01	-2.106077e-01
4.475120e-01	7.342247e-01	-7.546061e-02
5.313419e-01	7.357933e-01	-7.450740e-02
4.348770e-01	6.213161e-01	-2.804806e-02
5.421282e-01	6.158350e-01	-2.942558e-02
4.271680e-01	5.208116e-01	-6.716545e-02
5.457606e-01	5.049893e-01	-8.476868e-02
4.250790e-01	4.872062e-01	-8.295032e-02
5.498400e-01	4.687932e-01	-1.036472e-01
4.275984e-01	4.867131e-01	-1.116740e-01
5.441194e-01	4.676879e-01	-1.330692e-01
4.314044e-01	4.974504e-01	-7.991765e-02
5.405058e-01	4.803271e-01	-9.807289e-02
4.606764e-01	5.087664e-01	3.531148e-03
5.102088e-01	5.064979e-01	-3.558786e-03
4.533440e-01	3.253992e-01	-1.755981e-02
5.130438e-01	3.204990e-01	-2.062815e-02
4.458259e-01	1.393825e-01	6.038708e-02
5.154424e-01	1.412796e-01	7.254025e-02
4.527078e-01	1.075581e-01	6.117382e-02
5.094993e-01	1.162890e-01	7.433220e-02
4.201495e-01	9.248280e-02	-4.795503e-02
5.261467e-01	9.226547e-02	-4.123382e-02
4.970486e-01	8.409406e-01	-2.525362e-01
4.914129e-01	8.557916e-01	-2.395531e-01
4.875404e-01	8.558880e-01	-2.396057e-01
4.835741e-01	8.556390e-01	-2.395788e-01
5.013009e-01	8.542302e-01	-2.381124e-01
5.047296e-01	8.532233e-01	-2.381386e-01
5.078138e-01	8.521672e-01	-2.380837e-01
4.766389e-01	8.454274e-01	-1.462504e-01
5.099577e-01	8.417186e-01	-1.402023e-01
4.884956e-01	8.230577e-01	-2.164943e-01
5.017558e-01	8.210816e-01	-2.145870e-01
4.476709e-01	7.342200e-01	-7.175843e-02
5.314009e-01	7.356843e-01	-7.461462e-02
4.353042e-01	6.222616e-01	-1.997262e-02
5.421002e-01	6.158234e-01	-3.050599e-02
4.262280e-01	5.208452e-01	-6.229420e-02
5.462613e-01	5.050536e-01	-8.602482e-02
4.241315e-01	4.873148e-01	-7.777228e-02
5.505170e-01	4.690354e-01	-1.044192e-01
4.260181e-01	4.870033e-01	-1.076112e-01
5.451714e-01	4.677218e-01	-1.342867e-01
4.300418e-01	4.976562e-01	-7.561862e-02
5.418374e-01	4.804355e-01	-9.954362e-02
4.613222e-01	5.088044e-01	4.471288e-03
5.105358e-01	5.068906e-01	-4.504971e-03
4.534014e-01	3.253783e-01	-1.750695e-02
5.130968e-01	3.208798e-01	-2.276256e-02
4.464016e-01	1.391260e-01	6.088399e-02
5.155017e-01	1.418821e-01	7.018460e-02
4.533821e-01	1.075588e-01	6.156846e-02
5.094897e-01	1.168103e-01	7.200556e-02
4.209153e-01	9.294854e-02	-5.006444e-02
5.261564e-01	9.226229e-02	-4.448281e-02
4.969160e-01	8.409683e-01	-2.548588e-01
4.912919e-01	8.559117e-01	-2.415928e-01
4.873757e-01	8.559673e-01	-2.416458e-01
4.834685e-01	8.557026e-01	-2.416193e-01
5.012920e-01	8.543838e-01	-2.403528e-01
5.047275e-01	8.533354e-01	-2.403795e-01
5.078220e-01	8.522720e-01	-2.403253e-01
4.765699e-01	8.454367e-01	-1.462940e-01
5.101730e-01	8.419335e-01	-1.412684e-01
4.884617e-01	8.230485e-01	-2.182406e-01
5.017685e-01	8.211009e-01	-2.165830e-01
4.478220e-01	7.341750e-01	-7.018370e-02
5.315334e-01	7.356328e-01	-7.643525e-02
4.353529e-01	6.222696e-01	-1.835362e-02
5.421420e-01	6.156474e-01	-3.443889e-02
4.240714e-01	5.205662e-01	-6.416298e-02
5.478305e-01	5.044433e-01	-9.336053e-02
4.202395e-01	4.868170e-01	-8.027361e-02
5.525151e-01	4.688519e-01	-1.126490e-01
4.213792e-01	4.861407e-01	-1.110036e-01
5.477318e-01	4.673081e-01	-1.442103e-01
4.258115e-01	4.974671e-01	-7.792084e-02
5.444131e-01	4.799566e-01	-1.075720e-01
4.615247e-01	5.080169e-01	5.774723e-03
5.108756e-01	5.060640e-01	-5.799020e-03
4.534469e-01	3.250403e-01	-1.658722e-02
5.131056e-01	3.208913e-01	-2.358880e-02
4.468003e-01	1.388412e-01	6.414725e-02
5.155314e-01	1.420509e-01	7.038416e-02
4.540094e-01	1.075438e-01	6.519397e-02
5.094895e-01	1.169542e-01	7.226698e-02
4.208306e-01	9.305271e-02	-4.379015e-02
5.261536e-01	9.224898e-02	-4.435656e-02
4.967580e-01	8.410096e-01	-2.650331e-01
4.911384e-01	8.560598e-01	-2.504862e-01
4.872051e-01	8.560889e-01	-2.505462e-01
4.833411e-01	8.558139e-01	-2.505288e-01
5.012646e-01	8.545669e-01	-2.505255e-01
5.047191e-01	8.534883e-01	-2.505431e-01
5.078230e-01	8.524174e-01	-2.504660e-01
4.765373e-01	8.455060e-01	-1.488247e-01
5.103825e-01	8.421612e-01	-1.501221e-01
4.883924e-01	8.230469e-01	-2.259644e-01
5.017694e-01	8.211337e-01	-2.261158e-01
4.480326e-01	7.338849e-01	-7.164817e-02
5.318257e-01	7.356254e-01	-8.278863e-02
4.354731e-01	6.216839e-01	-1.996863e-02
5.423149e-01	6.156564e-01	-3.991770e-02
4.212523e-01	5.206096e-01	-6.519239e-02
5.499458e-01	5.047799e-01	-1.022292e-01
4.161223e-01	4.867752e-01	-8.158486e-02
5.542432e-01	4.693170e-01	-1.218783e-01
4.158772e-01	4.863098e-01	-1.172974e-01
5.500812e-01	4.677057e-01	-1.550548e-01
4.205645e-01	4.976396e-01	-8.155964e-02
5.468727e-01	4.805408e-01	-1.171392e-01
4.615904e-01	5.077112e-01	7.297821e-03
5.111939e-01	5.055296e-01	-7.316778e-03
4.536618e-01	3.247456e-01	-1.520638e-02
5.130796e-01	3.209907e-01	-2.477436e-02
4.471476e-01	1.385962e-01	6.819445e-02
5.155354e-01	1.421333e-01	7.052747e-02
4.545020e-01	1.075006e-01	6.949018e-02
5.094874e-01	1.170130e-01	7.245083e-02
4.207674e-01	9.320103e-02	-3.908473e-02
5.261301e-01	9.225622e-02	-4.419967e-02
4.966486e-01	8.410271e-01	-2.757419e-01
4.910195e-01	8.561712e-01	-2.606108e-01
4.870770e-01	8.561866e-01	-2.606713e-01
4.832462e-01	8.559076e-01	-2.606528e-01
5.012516e-01	8.547086e-01	-2.611685e-01
5.047173e-01	8.536195e-01	-2.611844e-01
5.078288e-01	8.525503e-01	-2.611059e-01
4.765321e-01	8.456106e-01	-1.547311e-01
5.105661e-01	8.424199e-01	-1.589149e-01
4.883529e-01	8.230404e-01	-2.351129e-01
5.017760e-01	8.211463e-01	-2.359786e-01
4.483953e-01	7.338762e-01	-7.208817e-02
5.320880e-01	7.356246e-01	-8.897568e-02
4.354877e-01	6.213152e-01	-2.096582e-02
5.424867e-01	6.156814e-01	-4.574713e-02
4.172488e-01	5.206485e-01	-7.122840e-02
5.520674e-01	5.053388e-01	-1.103951e-01
4.104808e-01	4.868583e-01	-8.836238e-02
5.566856e-01	4.699377e-01	-1.302477e-01
4.087489e-01	4.864725e-01	-1.258688e-01
5.531485e-01	4.681648e-01	-1.647830e-01
4.144039e-01	4.978711e-01	-8.867449e-02
5.499092e-01	4.811263e-01	-1.258967e-01
4.615698e-01	5.076461e-01	8.759737e-03
5.112405e-01	5.049899e-01	-8.777500e-03
4.537923e-01	3.245417e-01	-1.266337e-02
5.130086e-01	3.210810e-01	-2.562572e-02
4.472634e-01	1.383034e-01	7.403328e-02
5.155368e-01	1.422137e-01	7.099499e-02
4.546721e-01	1.073802e-01	7.553730e-02
5.094797e-01	1.171087e-01	7.311714e-02
4.207211e-01	9.320842e-02	-3.371848e-02
5.261292e-01	9.225294e-02	-4.398607e-02
4.964946e-01	8.410329e-01	-2.942348e-01
4.908338e-01	8.562606e-01	-2.784980e-01
4.869216e-01	8.562674e-01	-2.785596e-01
4.831033e-01	8.559882e-01	-2.785380e-01
5.012023e-01	8.548393e-01	-2.795409e-01
5.047035e-01	8.537565e-01	-2.795600e-01
5.078276e-01	8.526989e-01	-2.794781e-01
4.765259e-01	8.457001e-01	-1.684940e-01
5.106796e-01	8.426794e-01	-1.746486e-01
4.882765e-01	8.230231e-01	-2.519532e-01
5.017723e-01	8.211509e-01	-2.534411e-01
4.488038e-01	7.338691e-01	-8.012078e-02
5.323619e-01	7.355919e-01	-1.009940e-01
4.355449e-01	6.199308e-01	-2.580979e-02
5.431600e-01	6.152204e-01	-5.992030e-02
4.129665e-01	5.203741e-01	-8.584200e-02
5.547422e-01	5.051546e-01	-1.279306e-01
4.050500e-01	4.869330e-01	-1.038005e-01
5.594863e-01	4.696455e-01	-1.479960e-01
4.022819e-01	4.865111e-01	-1.414314e-01
5.569313e-01	4.677093e-01	-1.847474e-01
4.084410e-01	4.980025e-01	-1.032024e-01
5.537220e-01	4.806884e-01	-1.444422e-01
4.615342e-01	5.071143e-01	1.060919e-02
5.112453e-01	5.036047e-01	-1.062231e-02
4.539020e-01	3.242013e-01	-8.603714e-03
5.128464e-01	3.210667e-01	-2.555681e-02
4.473131e-01	1.380778e-01	8.206643e-02
5.155336e-01	1.422447e-01	7.581422e-02
4.548000e-01	1.073320e-01	8.379614e-02
5.094679e-01	1.171636e-01	7.841936e-02
4.206756e-01	9.320968e-02	-2.612403e-02
5.261047e-01	9.216025e-02	-3.971246e-02
4.962491e-01	8.410395e-01	-2.921175e-01
4.905142e-01	8.563381e-01	-2.762697e-01
4.866935e-01	8.563300e-01	-2.763312e-01
4.828585e-01	8.560449e-01	-2.763075e-01
5.010532e-01	8.549879e-01	-2.774763e-01
5.046496e-01	8.539316e-01	-2.774933e-01
5.077972e-01	8.528894e-01	-2.774152e-01
4.765147e-01	8.457549e-01	-1.669653e-01
5.107606e-01	8.429654e-01	-1.732988e-01
4.881307e-01	8.230015e-01	-2.499917e-01
5.017322e-01	8.211594e-01	-2.516437e-01
4.492248e-01	7.339543e-01	-8.005902e-02
5.326408e-01	7.355872e-01	-9.982058e-02
4.356949e-01	6.199724e-01	-2.586715e-02
5.442482e-01	6.150855e-01	-5.952648e-02
4.111434e-01	5.274280e-01	-8.708744e-02
5.587332e-01	5.059617e-01	-1.277267e-01
4.030575e-01	4.958186e-01	-1.048541e-01
5.643012e-01	4.707741e-01	-1.474232e-01
3.993948e-01	4.972184e-01	-1.414300e-01
5.627322e-01	4.693212e-01	-1.840482e-01
4.056377e-01	5.078900e-01	-1.039090e-01
5.588200e-01	4.823909e-01	-1.442484e-01
4.614094e-01	5.071218e-01	1.152173e-02
5.112489e-01	5.033895e-01	-1.153389e-02
4.539228e-01	3.240149e-01	-7.571563e-03
5.127164e-01	3.210469e-01	-2.668755e-02
4.473413e-01	1.379977e-01	8.110034e-02
5.155330e-01	1.422855e-01	7.542915e-02
4.548319e-01	1.073181e-01	8.258422e-02
5.094663e-01	1.172167e-01	7.808937e-02
4.207099e-01	9.320094e-02	-2.805487e-02
5.260549e-01	9.186000e-02	-4.058833e-02
4.958244e-01	8.410127e-01	-2.862537e-01
4.899951e-01	8.563478e-01	-2.718796e-01
4.863442e-01	8.563346e-01	-2.719374e-01
4.824530e-01	8.560488e-01	-2.719197e-01
5.006561e-01	8.550419e-01	-2.717322e-01
5.044670e-01	8.540122e-01	-2.717559e-01
5.076430e-01	8.529724e-01	-2.716948e-01
4.764954e-01	8.457736e-01	-1.600660e-01
5.107886e-01	8.431106e-01	-1.701315e-01
4.878546e-01	8.228821e-01	-2.465865e-01
5.015243e-01	8.211329e-01	-2.463529e-01
4.496290e-01	7.341379e-01	-7.513198e-02
5.327252e-01	7.356056e-01	-9.947032e-02
4.357803e-01	6.200753e-01	-2.558235e-02
5.452238e-01	6.150763e-01	-5.565036e-02
4.092732e-01	5.341853e-01	-9.204858e-02
5.613931e-01	5.065294e-01	-1.273708e-01
4.004371e-01	5.060109e-01	-1.110887e-01
5.678638e-01	4.709030e-01	-1.476232e-01
3.967967e-01	5.085417e-01	-1.479836e-01
5.663979e-01	4.695274e-01	-1.849606e-01
4.026759e-01	5.174247e-01	-1.090619e-01
5.623947e-01	4.825432e-01	-1.442974e-01
4.613635e-01	5.071140e-01	1.210436e-02
5.112514e-01	5.030993e-01	-1.211104e-02
4.539211e-01	3.239661e-01	-7.028720e-03
5.125901e-01	3.209854e-01	-2.749151e-02
4.473546e-01	1.377055e-01	7.976691e-02
5.155336e-01	1.422782e-01	7.411215e-02
4.548551e-01	1.069840e-01	8.109809e-02
5.094746e-01	1.171685e-01	7.670037e-02
4.206846e-01	9.319640e-02	-2.893575e-02
5.260323e-01	9.172281e-02	-4.098701e-02
4.954993e-01	8.408838e-01	-2.948867e-01
4.895910e-01	8.563378e-01	-2.782878e-01
4.860469e-01	8.563223e-01	-2.783520e-01
4.821057e-01	8.560346e-01	-2.783283e-01
5.003116e-01	8.550453e-01	-2.795318e-01
5.042847e-01	8.540175e-01	-2.795363e-01
5.074891e-01	8.529761e-01	-2.794327e-01
4.764592e-01	8.457712e-01	-1.637951e-01
5.107917e-01	8.431191e-01	-1.728932e-01
4.876164e-01	8.226417e-01	-2.518552e-01
5.013164e-01	8.209867e-01	-2.535170e-01
4.497798e-01	7.344993e-01	-7.616632e-02
5.327343e-01	7.356108e-01	-9.848960e-02
4.356386e-01	6.204364e-01	-2.578533e-02
5.461393e-01	6.148217e-01	-5.960882e-02
4.052072e-01	5.343813e-01	-9.611543e-02
5.634847e-01	5.082943e-01	-1.367349e-01
3.955013e-01	5.076144e-01	-1.158040e-01
5.704186e-01	4.722843e-01	-1.577322e-01
3.910655e-01	5.102558e-01	-1.541089e-01
5.696285e-01	4.713970e-01	-1.972778e-01
3.968790e-01	5.182484e-01	-1.135544e-01
5.660042e-01	4.841380e-01	-1.546731e-01
4.613230e-01	5.072141e-01	1.313422e-02
5.111998e-01	5.030933e-01	-1.313907e-02
4.539073e-01	3.239120e-01	-4.113267e-03
5.125149e-01	3.207602e-01	-2.732373e-02
4.473435e-01	1.372642e-01	8.388612e-02
5.155281e-01	1.422601e-01	7.460795e-02
4.548141e-01	1.065540e-01	8.525360e-02
5.094755e-01	1.171529e-01	7.717924e-02
4.206434e-01	9.319333e-02	-2.500844e-02
5.259625e-01	9.146667e-02	-4.071475e-02
4.952795e-01	8.408283e-01	-3.025747e-01
4.893303e-01	8.563396e-01	-2.854439e-01
4.858514e-01	8.563242e-01	-2.855065e-01
4.818870e-01	8.560361e-01	-2.854775e-01
5.000800e-01	8.550497e-01	-2.876211e-01
5.041504e-01	8.540221e-01	-2.876269e-01
5.073800e-01	8.529796e-01	-2.875257e-01
4.764361e-01	8.457730e-01	-1.688273e-01
5.107922e-01	8.431224e-01	-1.802060e-01
4.874316e-01	8.225524e-01	-2.581431e-01
5.011632e-01	8.209243e-01	-2.610178e-01
4.500660e-01	7.351887e-01	-7.783560e-02
5.327861e-01	7.356122e-01	-1.035450e-01
4.356627e-01	6.228006e-01	-2.606753e-02
5.483105e-01	6.140427e-01	-6.822886e-02
4.033526e-01	5.415161e-01	-9.897318e-02
5.688894e-01	5.084205e-01	-1.476122e-01
3.922057e-01	5.178161e-01	-1.188985e-01
5.764159e-01	4.724837e-01	-1.689836e-01
3.874415e-01	5.221544e-01	-1.578494e-01
5.774230e-01	4.720503e-01	-2.096619e-01
3.930272e-01	5.285851e-01	-1.167973e-01
5.731994e-01	4.842880e-01	-1.660223e-01
4.612442e-01	5.072231e-01	1.496750e-02
5.111721e-01	5.030072e-01	-1.496726e-02
4.539058e-01	3.236856e-01	3.178975e-03
5.123291e-01	3.203475e-01	-2.720039e-02
4.473309e-01	1.370728e-01	9.519286e-02
5.154935e-01	1.422528e-01	7.889163e-02
4.547837e-01	1.064650e-01	9.690566e-02
5.094438e-01	1.171558e-01	8.177391e-02
4.206247e-01	9.318466e-02	-1.394843e-02
5.258617e-01	9.090878e-02	-3.728057e-02
4.949775e-01	8.407880e-01	-3.059692e-01
4.890614e-01	8.563365e-01	-2.886712e-01
4.856110e-01	8.563219e-01	-2.887335e-01
4.816396e-01	8.560307e-01	-2.887070e-01
4.997815e-01	8.550497e-01	-2.909612e-01
5.039214e-01	8.540260e-01	-2.909649e-01
5.072004e-01	8.529777e-01	-2.908666e-01
4.763812e-01	8.457521e-01	-1.709971e-01
5.107498e-01	8.431214e-01	-1.823857e-01
4.871627e-01	8.224934e-01	-2.609200e-01
5.008580e-01	8.208691e-01	-2.639439e-01
4.502227e-01	7.357119e-01	-7.898544e-02
5.328004e-01	7.361074e-01	-1.028465e-01
4.353825e-01	6.246637e-01	-2.877210e-02
5.499960e-01	6.144246e-01	-6.609971e-02
4.007204e-01	5.530537e-01	-1.107371e-01
5.764489e-01	5.154512e-01	-1.484202e-01
3.878188e-01	5.277301e-01	-1.322118e-01
5.857365e-01	4.812247e-01	-1.702991e-01
3.835879e-01	5.312866e-01	-1.727839e-01
5.871722e-01	4.820098e-01	-2.131018e-01
3.895068e-01	5.394701e-01	-1.293119e-01
5.826570e-01	4.928910e-01	-1.678683e-01
4.608262e-01	5.082512e-01	1.571651e-02
5.111272e-01	5.034578e-01	-1.572745e-02
4.537360e-01	3.236623e-01	5.571007e-03
5.122809e-01	3.203141e-01	-2.720050e-02
4.473082e-01	1.369767e-01	9.981998e-02
5.154814e-01	1.422390e-01	8.014260e-02
4.547482e-01	1.064246e-01	1.014374e-01
5.094067e-01	1.171546e-01	8.297762e-02
4.206994e-01	9.319764e-02	-1.332122e-02
5.258075e-01	8.992860e-02	-3.761061e-02
4.948053e-01	8.407910e-01	-3.113783e-01
4.888775e-01	8.563591e-01	-2.940094e-01
4.854187e-01	8.563437e-01	-2.940729e-01
4.814538e-01	8.560460e-01	-2.940443e-01
4.996003e-01	8.550812e-01	-2.963566e-01
5.037802e-01	8.540776e-01	-2.963565e-01
5.071019e-01	8.530173e-01	-2.962462e-01
4.763070e-01	8.457515e-01	-1.750038e-01
5.107182e-01	8.431421e-01	-1.867322e-01
4.869894e-01	8.224879e-01	-2.657416e-01
5.006922e-01	8.208677e-01	-2.689244e-01
4.502425e-01	7.361599e-01	-8.168738e-02
5.327972e-01	7.370630e-01	-1.053583e-01
4.342422e-01	6.260303e-01	-3.683300e-02
5.520641e-01	6.156473e-01	-7.052263e-02
3.965251e-01	5.588616e-01	-1.293171e-01
5.819274e-01	5.226735e-01	-1.582232e-01
3.811608e-01	5.311648e-01	-1.523530e-01
5.935412e-01	4.942345e-01	-1.806657e-01
3.779058e-01	5.344936e-01	-1.940282e-01
5.955591e-01	4.955426e-01	-2.249012e-01
3.847277e-01	5.445858e-01	-1.485192e-01
5.898494e-01	5.037463e-01	-1.784877e-01
4.600229e-01	5.084592e-01	1.765689e-02
5.108734e-01	5.034899e-01	-1.767716e-02
4.536090e-01	3.233319e-01	1.240158e-02
5.120450e-01	3.203130e-01	-2.675032e-02
4.472809e-01	1.368063e-01	1.081829e-01
5.154324e-01	1.422060e-01	8.269487e-02
4.546462e-01	1.063888e-01	1.099334e-01
5.093883e-01	1.171240e-01	8.562232e-02
4.207199e-01	9.321408e-02	-4.339198e-03
5.257651e-01	8.911499e-02	-3.646950e-02
4.945891e-01	8.407905e-01	-3.063403e-01
4.887418e-01	8.563620e-01	-2.888691e-01
4.852782e-01	8.563477e-01	-2.889340e-01
4.813379e-01	8.560516e-01	-2.889044e-01
4.994189e-01	8.550816e-01	-2.912650e-01
5.036097e-01	8.540813e-01	-2.912644e-01
5.069826e-01	8.530132e-01	-2.911606e-01
4.762534e-01	8.457546e-01	-1.738392e-01
5.106102e-01	8.431314e-01	-1.825705e-01
4.867733e-01	8.224859e-01	-2.611663e-01
5.003736e-01	8.208601e-01	-2.643408e-01
4.502394e-01	7.364906e-01	-7.941140e-02
5.327667e-01	7.376745e-01	-1.032629e-01
4.334458e-01	6.286153e-01	-3.312884e-02
5.549001e-01	6.174984e-01	-6.849468e-02
3.922389e-01	5.704223e-01	-1.169711e-01
5.893048e-01	5.264089e-01	-1.579572e-01
3.771904e-01	5.461961e-01	-1.385444e-01
6.032547e-01	4.973448e-01	-1.802536e-01
3.738894e-01	5.496306e-01	-1.792452e-01
6.064460e-01	5.006782e-01	-2.248764e-01
3.804331e-01	5.579457e-01	-1.355137e-01
5.999112e-01	5.088758e-01	-1.784648e-01
4.599987e-01	5.084578e-01	1.908382e-02
5.106599e-01	5.034675e-01	-1.909891e-02
4.535396e-01	3.228991e-01	1.313442e-02
5.116607e-01	3.202788e-01	-2.672914e-02
4.472757e-01	1.366903e-01	1.069327e-01
5.153083e-01	1.421569e-01	8.200368e-02
4.546360e-01	1.063698e-01	1.086073e-01
5.094107e-01	1.170614e-01	8.489677e-02
4.207716e-01	9.330789e-02	-4.372752e-03
5.257258e-01	8.908960e-02	-3.666159e-02
4.942156e-01	8.408036e-01	-3.092629e-01
4.885471e-01	8.563861e-01	-2.909667e-01
4.850392e-01	8.563929e-01	-2.910397e-01
4.811735e-01	8.561115e-01	-2.910148e-01
4.991892e-01	8.550851e-01	-2.937375e-01
5.033656e-01	8.540901e-01	-2.937331e-01
5.068302e-01	8.530157e-01	-2.936339e-01
4.761973e-01	8.457981e-01	-1.720408e-01
5.105242e-01	8.431298e-01	-1.829300e-01
4.864356e-01	8.225190e-01	-2.629186e-01
4.999426e-01	8.208604e-01	-2.665761e-01
4.502580e-01	7.364940e-01	-7.874562e-02
5.327666e-01	7.380759e-01	-1.023283e-01
4.324965e-01	6.314296e-01	-3.078093e-02
5.590385e-01	6.185427e-01	-6.989272e-02
3.871496e-01	5.797486e-01	-1.120121e-01
6.018144e-01	5.317876e-01	-1.604071e-01
3.732628e-01	5.601084e-01	-1.328562e-01
6.152430e-01	5.024692e-01	-1.822530e-01
3.691855e-01	5.653790e-01	-1.737034e-01
6.176243e-01	5.052849e-01	-2.271214e-01
3.751572e-01	5.719252e-01	-1.306033e-01
6.120583e-01	5.146722e-01	-1.812016e-01
4.600897e-01	5.082009e-01	2.038454e-02
5.106063e-01	5.031683e-01	-2.039119e-02
4.534300e-01	3.223848e-01	1.821007e-02
5.111331e-01	3.200186e-01	-2.573505e-02
4.472783e-01	1.366128e-01	1.149557e-01
5.151668e-01	1.421247e-01	8.616748e-02
4.546262e-01	1.063628e-01	1.170571e-01
5.094076e-01	1.170521e-01	8.958282e-02
4.208191e-01	9.337262e-02	4.871165e-03
5.257207e-01	8.903642e-02	-3.180487e-02
4.939456e-01	8.407953e-01	-3.042997e-01
4.884301e-01	8.563887e-01	-2.837142e-01
4.848941e-01	8.564031e-01	-2.838014e-01
4.810681e-01	8.561388e-01	-2.837655e-01
4.990039e-01	8.550552e-01	-2.866917e-01
5.031260e-01	8.540667e-01	-2.866597e-01
5.066586e-01	8.529651e-01	-2.865424e-01
4.761373e-01	8.458762e-01	-1.579432e-01
5.103601e-01	8.430922e-01	-1.691090e-01
4.861396e-01	8.225247e-01	-2.550448e-01
4.994987e-01	8.208433e-01	-2.586805e-01
4.502519e-01	7.369923e-01	-6.570320e-02
5.327684e-01	7.390284e-01	-8.440866e-02
4.297697e-01	6.354120e-01	-2.967554e-02
5.627002e-01	6.221357e-01	-5.639719e-02
3.803792e-01	5.936869e-01	-1.277956e-01
6.133282e-01	5.440195e-01	-1.533174e-01
3.671992e-01	5.742022e-01	-1.517386e-01
6.265743e-01	5.151793e-01	-1.752743e-01
3.632095e-01	5.807565e-01	-1.932728e-01
6.283343e-01	5.192642e-01	-2.199643e-01
3.690904e-01	5.865795e-01	-1.476482e-01
6.230513e-01	5.295113e-01	-1.737001e-01
4.600928e-01	5.081879e-01	1.982528e-02
5.101810e-01	5.030693e-01	-1.982390e-02
4.532550e-01	3.223725e-01	1.577244e-02
5.107789e-01	3.199515e-01	-2.488157e-02
4.473450e-01	1.366412e-01	1.138247e-01
5.149562e-01	1.421235e-01	8.766944e-02
4.547208e-01	1.065029e-01	1.162576e-01
5.088407e-01	1.171090e-01	9.116792e-02
4.208317e-01	9.342755e-02	4.813965e-03
5.257182e-01	8.890707e-02	-3.032333e-02
4.937010e-01	8.407424e-01	-3.243830e-01
4.883269e-01	8.563654e-01	-3.056744e-01
4.847607e-01	8.564057e-01	-3.057593e-01
4.809678e-01	8.561437e-01	-3.057162e-01
4.988340e-01	8.549336e-01	-3.079926e-01
5.029007e-01	8.539463e-01	-3.079807e-01
5.064930e-01	8.528001e-01	-3.078841e-01
4.760786e-01	8.459541e-01	-1.792752e-01
5.101480e-01	8.430209e-01	-1.897140e-01
4.858629e-01	8.225231e-01	-2.758766e-01
4.990944e-01	8.207591e-01	-2.788512e-01
4.502465e-01	7.371640e-01	-7.411416e-02
5.327533e-01	7.403932e-01	-1.032803e-01
4.266438e-01	6.357507e-01	-3.735895e-02
5.667567e-01	6.288404e-01	-8.473161e-02
3.704424e-01	6.112627e-01	-1.401902e-01
6.229647e-01	5.570672e-01	-1.928386e-01
3.569306e-01	5.912488e-01	-1.622217e-01
6.374580e-01	5.298579e-01	-2.157940e-01
3.533160e-01	6.001396e-01	-2.057365e-01
6.393539e-01	5.367625e-01	-2.628668e-01
3.601895e-01	6.067008e-01	-1.609810e-01
6.332982e-01	5.467001e-01	-2.150185e-01
4.601792e-01	5.082205e-01	2.264019e-02
5.100635e-01	5.030763e-01	-2.263517e-02
4.530555e-01	3.223823e-01	2.149039e-02
5.105143e-01	3.197928e-01	-2.530918e-02
4.473860e-01	1.366712e-01	1.192139e-01
5.148541e-01	1.421219e-01	8.646157e-02
4.547992e-01	1.066899e-01	1.215898e-01
5.086997e-01	1.171637e-01	8.980994e-02
4.204018e-01	9.345590e-02	1.188817e-02
5.256797e-01	8.871473e-02	-3.128064e-02
4.935535e-01	8.405462e-01	-2.927893e-01
4.882641e-01	8.562492e-01	-2.727584e-01
4.846804e-01	8.563569e-01	-2.728561e-01
4.809011e-01	8.561255e-01	-2.728196e-01
4.987432e-01	8.546544e-01	-2.758481e-01
5.027912e-01	8.536520e-01	-2.758310e-01
5.063986e-01	8.524838e-01	-2.757256e-01
4.760418e-01	8.459709e-01	-1.474280e-01
5.099908e-01	8.429213e-01	-1.611133e-01
4.856997e-01	8.224446e-01	-2.450710e-01
4.988441e-01	8.204989e-01	-2.490597e-01
4.505454e-01	7.373755e-01	-4.700824e-02
5.327008e-01	7.413282e-01	-8.678515e-02
4.249923e-01	6.389313e-01	-1.740268e-02
5.690610e-01	6.365423e-01	-7.904058e-02
3.675398e-01	6.366180e-01	-1.289606e-01
6.262926e-01	5.799927e-01	-1.753123e-01
3.529404e-01	6.263087e-01	-1.503902e-01
6.420036e-01	5.569456e-01	-1.980319e-01
3.502829e-01	6.404675e-01	-1.916942e-01
6.448504e-01	5.656343e-01	-2.421161e-01
3.576055e-01	6.440123e-01	-1.483219e-01
6.378318e-01	5.739127e-01	-1.964314e-01
4.604568e-01	5.082705e-01	2.618266e-02
5.099862e-01	5.034792e-01	-2.616653e-02
4.530431e-01	3.223990e-01	2.421738e-02
5.103371e-01	3.197895e-01	-3.228446e-02
4.474297e-01	1.366923e-01	1.193595e-01
5.148394e-01	1.421147e-01	7.553566e-02
4.548745e-01	1.067627e-01	1.217379e-01
5.087012e-01	1.171636e-01	7.897203e-02
4.198099e-01	9.345777e-02	1.608352e-02
5.256105e-01	8.853397e-02	-3.921925e-02
4.935140e-01	8.401890e-01	-2.607213e-01
4.882392e-01	8.560017e-01	-2.412136e-01
4.846511e-01	8.561926e-01	-2.413047e-01
4.808634e-01	8.560133e-01	-2.412716e-01
4.987109e-01	8.541842e-01	-2.442371e-01
5.027609e-01	8.531275e-01	-2.442193e-01
5.063605e-01	8.519595e-01	-2.441039e-01
4.760132e-01	8.459561e-01	-1.208038e-01
5.099078e-01	8.427010e-01	-1.348708e-01
4.856342e-01	8.221395e-01	-2.152767e-01
4.987300e-01	8.199945e-01	-2.192396e-01
4.507614e-01	7.374260e-01	-2.715744e-02
5.326841e-01	7.415769e-01	-6.932320e-02
4.233903e-01	6.425651e-01	-1.313595e-02
5.713362e-01	6.414366e-01	-6.433007e-02
3.684857e-01	6.519336e-01	-1.290457e-01
6.321021e-01	6.015099e-01	-1.631667e-01
3.534928e-01	6.526961e-01	-1.501424e-01
6.510848e-01	5.815788e-01	-1.845680e-01
3.509528e-01	6.664440e-01	-1.882496e-01
6.534530e-01	5.933725e-01	-2.249791e-01
3.586919e-01	6.657847e-01	-1.482115e-01
6.459271e-01	5.994658e-01	-1.845201e-01
4.607125e-01	5.083446e-01	2.760687e-02
5.099694e-01	5.041373e-01	-2.757909e-02
4.530411e-01	3.224338e-01	2.185977e-02
5.102340e-01	3.197773e-01	-4.036955e-02
4.474412e-01	1.366862e-01	1.151974e-01
5.148982e-01	1.421085e-01	6.060894e-02
4.548840e-01	1.067628e-01	1.174689e-01
5.090082e-01	1.170961e-01	6.379470e-02
4.194157e-01	9.345634e-02	1.330752e-02
5.255095e-01	8.851019e-02	-5.228816e-02
4.934621e-01	8.397337e-01	-2.565733e-01
4.882197e-01	8.555400e-01	-2.368563e-01
4.846365e-01	8.558231e-01	-2.369397e-01
4.808370e-01	8.557128e-01	-2.369058e-01
4.986810e-01	8.534676e-01	-2.398240e-01
5.027374e-01	8.523496e-01	-2.398134e-01
5.063348e-01	8.512153e-01	-2.396977e-01
4.759878e-01	8.458694e-01	-1.163800e-01
5.098577e-01	8.423887e-01	-1.308274e-01
4.855860e-01	8.216840e-01	-2.112296e-01
4.986288e-01	8.192980e-01	-2.152515e-01
4.508754e-01	7.374548e-01	-2.545400e-02
5.327041e-01	7.416372e-01	-6.467259e-02
4.207336e-01	6.476735e-01	-2.062111e-02
5.758935e-01	6.477550e-01	-5.682306e-02
3.699609e-01	6.699347e-01	-1.551540e-01
6.392889e-01	6.225576e-01	-1.465471e-01
3.542389e-01	6.794497e-01	-1.770690e-01
6.590838e-01	6.087927e-01	-1.649966e-01
3.535440e-01	6.922392e-01	-2.084455e-01
6.599850e-01	6.184750e-01	-2.032384e-01
3.614860e-01	6.910824e-01	-1.725536e-01
6.530830e-01	6.215052e-01	-1.661617e-01
4.608715e-01	5.082660e-01	2.761312e-02
5.099683e-01	5.043575e-01	-2.757788e-02
4.530461e-01	3.224337e-01	2.276971e-02
5.102081e-01	3.197740e-01	-3.973507e-02
4.474410e-01	1.366550e-01	1.154523e-01
5.149845e-01	1.421066e-01	6.099266e-02
4.548813e-01	1.067332e-01	1.181826e-01
5.091905e-01	1.169846e-01	6.439868e-02
4.190067e-01	9.345419e-02	1.662139e-02
5.254667e-01	8.853071e-02	-5.144782e-02
4.934652e-01	8.394151e-01	-2.127483e-01
4.882223e-01	8.551272e-01	-1.923527e-01
4.846531e-01	8.554546e-01	-1.924277e-01
4.808382e-01	8.553981e-01	-1.923832e-01
4.986819e-01	8.528465e-01	-1.948587e-01
5.027453e-01	8.516605e-01	-1.948534e-01
5.063330e-01	8.505520e-01	-1.947233e-01
4.759806e-01	8.456844e-01	-7.638270e-02
5.098515e-01	8.419883e-01	-8.909826e-02
4.855908e-01	8.213736e-01	-1.698096e-01
4.986237e-01	8.187961e-01	-1.733086e-01
4.508986e-01	7.374638e-01	6.459348e-03
5.326059e-01	7.418357e-01	-3.621680e-02
4.169817e-01	6.527907e-01	9.015825e-04
5.776824e-01	6.577736e-01	-3.252035e-02
3.684897e-01	6.902948e-01	-1.197834e-01
6.406212e-01	6.456222e-01	-1.178441e-01
3.510430e-01	7.001812e-01	-1.395088e-01
6.621163e-01	6.391383e-01	-1.370276e-01
3.524773e-01	7.127743e-01	-1.653753e-01
6.635884e-01	6.477813e-01	-1.719168e-01
3.608103e-01	7.110796e-01	-1.354921e-01
6.560226e-01	6.478555e-01	-1.361372e-01
4.613523e-01	5.082037e-01	2.839920e-02
5.099619e-01	5.046843e-01	-2.833931e-02
4.531313e-01	3.225692e-01	2.159226e-02
5.101789e-01	3.200134e-01	-4.521906e-02
4.474408e-01	1.366364e-01	1.139713e-01
5.151080e-01	1.421130e-01	5.205353e-02
4.548742e-01	1.067024e-01	1.164427e-01
5.094932e-01	1.168451e-01	5.537144e-02
4.187190e-01	9.344932e-02	1.489291e-02
5.254390e-01	8.852966e-02	-5.897034e-02
4.934712e-01	8.389579e-01	-1.686875e-01
4.882229e-01	8.544566e-01	-1.471114e-01
4.846665e-01	8.547877e-01	-1.471882e-01
4.808381e-01	8.547814e-01	-1.471272e-01
4.986830e-01	8.521227e-01	-1.493902e-01
5.027601e-01	8.509387e-01	-1.493935e-01
5.063361e-01	8.499007e-01	-1.492390e-01
4.759713e-01	8.452974e-01	-3.257867e-02
5.098541e-01	8.416126e-01	-4.459571e-02
4.856071e-01	8.208261e-01	-1.268884e-01
4.986262e-01	8.181363e-01	-1.302364e-01
4.508231e-01	7.374641e-01	4.005300e-02
5.325638e-01	7.418723e-01	-9.934737e-04
4.117910e-01	6.600626e-01	1.488478e-02
5.812234e-01	6.660692e-01	-8.722114e-03
3.687837e-01	7.101792e-01	-1.070250e-01
6.423187e-01	6.686735e-01	-1.007876e-01
3.520091e-01	7.209752e-01	-1.293444e-01
6.644852e-01	6.644809e-01	-1.227172e-01
3.541391e-01	7.322813e-01	-1.512783e-01
6.657578e-01	6.729567e-01	-1.542093e-01
3.621830e-01	7.296006e-01	-1.212917e-01
6.573519e-01	6.721408e-01	-1.181155e-01
4.614491e-01	5.079604e-01	2.785351e-02
5.097641e-01	5.047455e-01	-2.778142e-02
4.533373e-01	3.227924e-01	2.064228e-02
5.101611e-01	3.205568e-01	-4.557614e-02
4.474754e-01	1.366340e-01	1.132745e-01
5.152382e-01	1.421378e-01	5.097438e-02
4.548884e-01	1.066867e-01	1.155279e-01
5.098503e-01	1.167266e-01	5.403752e-02
4.186377e-01	9.343600e-02	1.272252e-02
5.254341e-01	8.846736e-02	-6.138391e-02
4.934778e-01	8.386499e-01	-2.038391e-01
4.882253e-01	8.540632e-01	-1.822242e-01
4.846879e-01	8.544125e-01	-1.823050e-01
4.808412e-01	8.544539e-01	-1.822499e-01
4.986864e-01	8.516291e-01	-1.844335e-01
5.027825e-01	8.504219e-01	-1.844477e-01
5.063453e-01	8.494048e-01	-1.843153e-01
4.759651e-01	8.450679e-01	-6.337575e-02
5.098842e-01	8.412377e-01	-7.452466e-02
4.856261e-01	8.203402e-01	-1.600819e-01
4.986288e-01	8.175424e-01	-1.632196e-01
4.502327e-01	7.373912e-01	1.723912e-02
5.325354e-01	7.416838e-01	-2.500661e-02
4.068391e-01	6.659723e-01	-1.769996e-03
5.850927e-01	6.727359e-01	-2.715337e-02
3.674668e-01	7.263165e-01	-1.457812e-01
6.482698e-01	6.953019e-01	-1.166333e-01
3.516300e-01	7.398368e-01	-1.689400e-01
6.702863e-01	6.970125e-01	-1.387066e-01
3.542867e-01	7.481089e-01	-1.862321e-01
6.723678e-01	7.047095e-01	-1.750465e-01
3.619643e-01	7.440883e-01	-1.588447e-01
6.638597e-01	7.030289e-01	-1.358049e-01
4.614413e-01	5.053902e-01	2.818908e-02
5.095088e-01	5.038789e-01	-2.811433e-02
4.533766e-01	3.227734e-01	2.712756e-02
5.100948e-01	3.206361e-01	-4.513270e-02
4.474869e-01	1.365942e-01	1.192250e-01
5.153876e-01	1.421249e-01	5.577523e-02
4.548922e-01	1.065508e-01	1.219075e-01
5.100966e-01	1.163597e-01	5.887549e-02
4.185873e-01	9.338663e-02	1.898249e-02
5.253918e-01	8.846753e-02	-5.758683e-02
4.935990e-01	8.381646e-01	-2.244868e-01
4.883035e-01	8.535393e-01	-2.038004e-01
4.848565e-01	8.538680e-01	-2.038813e-01
4.809520e-01	8.539505e-01	-2.038311e-01
4.987663e-01	8.510361e-01	-2.058968e-01
5.029117e-01	8.498529e-01	-2.059120e-01
5.064109e-01	8.488653e-01	-2.057913e-01
4.760163e-01	8.447050e-01	-8.418394e-02
5.100059e-01	8.408858e-01	-9.432583e-02
4.857712e-01	8.196536e-01	-1.801449e-01
4.986565e-01	8.168152e-01	-1.831318e-01
4.494995e-01	7.373902e-01	7.275728e-04
5.325580e-01	7.415617e-01	-3.842061e-02
4.014338e-01	6.695139e-01	-4.532628e-02
5.897292e-01	6.819796e-01	-4.663625e-02
3.648659e-01	7.422625e-01	-1.977202e-01
6.536943e-01	7.226615e-01	-1.487790e-01
3.500431e-01	7.601748e-01	-2.230736e-01
6.753973e-01	7.259480e-01	-1.693184e-01
3.533145e-01	7.687970e-01	-2.383884e-01
6.756936e-01	7.351170e-01	-1.983803e-01
3.605642e-01	7.622699e-01	-2.099654e-01
6.678656e-01	7.351080e-01	-1.655884e-01
4.614331e-01	5.024075e-01	2.784659e-02
5.092801e-01	5.016046e-01	-2.778050e-02
4.534733e-01	3.225689e-01	3.260472e-02
5.100046e-01	3.206180e-01	-3.165310e-02
4.474828e-01	1.364836e-01	1.296573e-01
5.154615e-01	1.421226e-01	7.403176e-02
4.548841e-01	1.063828e-01	1.328162e-01
5.101420e-01	1.162800e-01	7.784922e-02
4.185738e-01	9.328634e-02	2.763722e-02
5.253867e-01	8.838501e-02	-4.030968e-02
4.937313e-01	8.375491e-01	-1.998743e-01
4.883572e-01	8.527237e-01	-1.779098e-01
4.849630e-01	8.529605e-01	-1.779947e-01
4.810166e-01	8.530087e-01	-1.779349e-01
4.988631e-01	8.503009e-01	-1.798300e-01
5.030612e-01	8.491749e-01	-1.798574e-01
5.065038e-01	8.482172e-01	-1.797261e-01
4.760389e-01	8.439785e-01	-5.833099e-02
5.101773e-01	8.403563e-01	-6.752355e-02
4.858716e-01	8.185313e-01	-1.557143e-01
4.987137e-01	8.158529e-01	-1.584037e-01
4.484618e-01	7.374626e-01	2.110045e-02
5.325817e-01	7.413509e-01	-2.065975e-02
3.985133e-01	6.773754e-01	-4.886378e-02
5.911132e-01	6.852794e-01	-4.250460e-02
3.661008e-01	7.497640e-01	-2.146726e-01
6.498598e-01	7.418457e-01	-1.455033e-01
3.519971e-01	7.746195e-01	-2.435809e-01
6.706570e-01	7.537197e-01	-1.686652e-01
3.545183e-01	7.819674e-01	-2.542808e-01
6.698769e-01	7.649508e-01	-1.892233e-01
3.617561e-01	7.732477e-01	-2.256420e-01
6.622666e-01	7.601281e-01	-1.585846e-01
4.613899e-01	5.012118e-01	2.759321e-02
5.090324e-01	5.002478e-01	-2.753918e-02
4.534918e-01	3.224258e-01	3.265063e-02
5.099946e-01	3.206220e-01	-2.861685e-02
4.474463e-01	1.363301e-01	1.319805e-01
5.157914e-01	1.420718e-01	7.723817e-02
4.548820e-01	1.059167e-01	1.355513e-01
5.107269e-01	1.160285e-01	8.110552e-02
4.185097e-01	9.308862e-02	2.982753e-02
5.253261e-01	8.831623e-02	-3.749506e-02
4.940435e-01	8.367475e-01	-1.915567e-01
4.885111e-01	8.516819e-01	-1.693107e-01
4.851575e-01	8.518562e-01	-1.693885e-01
4.811782e-01	8.518599e-01	-1.693304e-01
4.991030e-01	8.493901e-01	-1.708745e-01
5.033419e-01	8.483801e-01	-1.709057e-01
5.067027e-01	8.474230e-01	-1.707752e-01
4.760818e-01	8.431704e-01	-5.089476e-02
5.104100e-01	8.396975e-01	-5.852025e-02
4.860655e-01	8.174940e-01	-1.480760e-01
4.989251e-01	8.149449e-01	-1.503276e-01
4.476114e-01	7.374163e-01	2.239119e-02
5.326998e-01	7.405899e-01	-1.538422e-02
3.960269e-01	6.880454e-01	-5.644630e-02
5.936800e-01	6.955397e-01	-4.163387e-02
3.655493e-01	7.649921e-01	-2.191289e-01
6.492366e-01	7.652762e-01	-1.402260e-01
3.530028e-01	7.940629e-01	-2.491480e-01
6.700811e-01	7.792087e-01	-1.644005e-01
3.551615e-01	8.017588e-01	-2.582067e-01
6.676573e-01	7.926767e-01	-1.816396e-01
3.623815e-01	7.922018e-01	-2.297849e-01
6.604332e-01	7.871410e-01	-1.519002e-01
4.613420e-01	4.991836e-01	2.674419e-02
5.089018e-01	4.977551e-01	-2.665702e-02
4.535349e-01	3.219151e-01	3.094844e-02
5.099620e-01	3.205545e-01	-2.772541e-02
4.473451e-01	1.360584e-01	1.311666e-01
5.158978e-01	1.420703e-01	7.880251e-02
4.548585e-01	1.052028e-01	1.349092e-01
5.110899e-01	1.159267e-01	8.282410e-02
4.183300e-01	9.279864e-02	2.904921e-02
5.253217e-01	8.834027e-02	-3.567512e-02
4.944865e-01	8.359959e-01	-1.927592e-01
4.888251e-01	8.507179e-01	-1.700822e-01
4.854428e-01	8.509123e-01	-1.701671e-01
4.814784e-01	8.508939e-01	-1.701165e-01
4.995282e-01	8.485246e-01	-1.707567e-01
5.037398e-01	8.476287e-01	-1.707970e-01
5.070008e-01	8.466403e-01	-1.706685e-01
4.761975e-01	8.425781e-01	-5.184541e-02
5.106716e-01	8.389308e-01	-5.575930e-02
4.863294e-01	8.166448e-01	-1.496457e-01
4.992782e-01	8.141787e-01	-1.508527e-01
4.470435e-01	7.373862e-01	1.859170e-02
5.327367e-01	7.405876e-01	-1.186363e-02
3.927725e-01	7.016916e-01	-5.136130e-02
5.941905e-01	7.074971e-01	-3.859032e-02
3.650064e-01	7.866169e-01	-1.927470e-01
6.452104e-01	7.964478e-01	-1.359997e-01
3.533871e-01	8.175563e-01	-2.208354e-01
6.657621e-01	8.142341e-01	-1.613888e-01
3.557331e-01	8.254476e-01	-2.338116e-01
6.639239e-01	8.235819e-01	-1.773467e-01
3.625570e-01	8.147627e-01	-2.039756e-01
6.567520e-01	8.164699e-01	-1.475198e-01
4.613998e-01	4.976834e-01	2.294335e-02
5.090537e-01	4.965149e-01	-2.279401e-02
4.542230e-01	3.219290e-01	3.011305e-02
5.098377e-01	3.207037e-01	-2.485220e-02
4.473441e-01	1.360801e-01	1.330160e-01
5.158918e-01	1.423819e-01	8.889941e-02
4.549015e-01	1.051804e-01	1.373732e-01
5.110837e-01	1.160291e-01	9.336209e-02
4.184727e-01	9.311856e-02	3.106597e-02
5.253171e-01	8.887240e-02	-2.581281e-02
4.948130e-01	8.351079e-01	-2.052070e-01
4.890619e-01	8.497861e-01	-1.832903e-01
4.856285e-01	8.500043e-01	-1.833746e-01
4.816422e-01	8.499730e-01	-1.833247e-01
4.998517e-01	8.476892e-01	-1.841397e-01
5.040406e-01	8.468768e-01	-1.841792e-01
5.072553e-01	8.458505e-01	-1.840522e-01
4.762042e-01	8.419580e-01	-6.468788e-02
5.108547e-01	8.380736e-01	-6.816661e-02
4.864855e-01	8.156805e-01	-1.616001e-01
4.995030e-01	8.134316e-01	-1.633217e-01
4.461835e-01	7.373773e-01	1.574060e-02
5.327687e-01	7.401515e-01	-2.124299e-02
3.899929e-01	7.195184e-01	-6.190647e-02
5.940340e-01	7.193021e-01	-6.207516e-02
3.654686e-01	8.130499e-01	-1.880201e-01
6.409488e-01	8.071434e-01	-1.784815e-01
3.538511e-01	8.431457e-01	-2.157622e-01
6.622113e-01	8.263558e-01	-2.073092e-01
3.563752e-01	8.524104e-01	-2.259463e-01
6.597995e-01	8.346450e-01	-2.224406e-01
3.627133e-01	8.416258e-01	-1.977763e-01
6.498192e-01	8.269761e-01	-1.908032e-01
4.613422e-01	4.960272e-01	1.919946e-02
5.090938e-01	4.948875e-01	-1.903731e-02
4.544195e-01	3.219261e-01	3.155809e-02
5.097983e-01	3.206502e-01	-1.115488e-02
4.473151e-01	1.360949e-01	1.432231e-01
5.157211e-01	1.426995e-01	1.109729e-01
4.549187e-01	1.051775e-01	1.481716e-01
5.109698e-01	1.165687e-01	1.158524e-01
4.185436e-01	9.316289e-02	4.268441e-02
5.250246e-01	8.914687e-02	-1.444942e-03
4.950390e-01	8.345245e-01	-2.022140e-01
4.892170e-01	8.491560e-01	-1.785138e-01
4.857385e-01	8.493680e-01	-1.785993e-01
4.817239e-01	8.493269e-01	-1.785426e-01
5.001236e-01	8.471164e-01	-1.793803e-01
5.042987e-01	8.463096e-01	-1.794321e-01
5.075130e-01	8.452408e-01	-1.792955e-01
4.762093e-01	8.414234e-01	-5.808065e-02
5.111313e-01	8.373569e-01	-6.242730e-02
4.866128e-01	8.150252e-01	-1.586384e-01
4.997680e-01	8.129088e-01	-1.602125e-01
4.459750e-01	7.373774e-01	1.649765e-02
5.330418e-01	7.400829e-01	-1.804384e-02
3.868280e-01	7.384870e-01	-4.788977e-02
5.957929e-01	7.321277e-01	-5.974888e-02
3.658685e-01	8.401654e-01	-1.505795e-01
6.314644e-01	8.308051e-01	-1.695460e-01
3.544715e-01	8.692418e-01	-1.775700e-01
6.450607e-01	8.528482e-01	-1.982847e-01
3.585226e-01	8.756396e-01	-1.774251e-01
6.440995e-01	8.579850e-01	-2.123223e-01
3.637456e-01	8.662615e-01	-1.566462e-01
6.373724e-01	8.487021e-01	-1.808501e-01
4.613290e-01	4.954083e-01	1.853642e-02
5.092553e-01	4.936544e-01	-1.837705e-02
4.544377e-01	3.218677e-01	3.206817e-02
5.097992e-01	3.205141e-01	-1.220652e-02
4.473139e-01	1.360980e-01	1.457133e-01
5.157164e-01	1.429855e-01	1.138259e-01
4.549549e-01	1.051858e-01	1.503611e-01
5.110371e-01	1.176011e-01	1.189892e-01
4.185755e-01	9.272241e-02	4.104302e-02
5.245496e-01	8.924854e-02	-2.749741e-04
4.951105e-01	8.341964e-01	-1.919204e-01
4.892532e-01	8.487117e-01	-1.670135e-01
4.857725e-01	8.488861e-01	-1.671003e-01
4.817439e-01	8.488460e-01	-1.670495e-01
5.001680e-01	8.467409e-01	-1.686561e-01
5.043569e-01	8.459174e-01	-1.687070e-01
5.075793e-01	8.448338e-01	-1.685805e-01
4.762080e-01	8.409483e-01	-4.535328e-02
5.113291e-01	8.367294e-01	-5.278998e-02
4.867368e-01	8.146886e-01	-1.481689e-01
4.999636e-01	8.126488e-01	-1.505302e-01
4.459160e-01	7.376814e-01	2.980935e-02
5.331088e-01	7.397557e-01	-1.536816e-02
3.847920e-01	7.523854e-01	-2.118470e-02
5.967066e-01	7.443559e-01	-5.725824e-02
3.659567e-01	8.618752e-01	-1.280181e-01
6.236110e-01	8.446133e-01	-1.636482e-01
3.545447e-01	8.932704e-01	-1.548213e-01
6.339163e-01	8.732015e-01	-1.910234e-01
3.595517e-01	9.016620e-01	-1.561025e-01
6.329538e-01	8.803983e-01	-1.924703e-01
3.645065e-01	8.878760e-01	-1.351517e-01
6.275625e-01	8.681532e-01	-1.662764e-01
4.611229e-01	4.949388e-01	1.987065e-02
5.092148e-01	4.928522e-01	-1.969169e-02
4.543400e-01	3.216083e-01	3.263179e-02
5.096310e-01	3.201184e-01	-1.622739e-02
4.473129e-01	1.362614e-01	1.452693e-01
5.156933e-01	1.429847e-01	1.027635e-01
4.549865e-01	1.053233e-01	1.494990e-01
5.112149e-01	1.176669e-01	1.073442e-01
4.187573e-01	9.260512e-02	3.811308e-02
5.238835e-01	8.959343e-02	-1.056850e-02
4.951126e-01	8.339206e-01	-1.824339e-01
4.892497e-01	8.483318e-01	-1.572334e-01
4.857717e-01	8.484462e-01	-1.573291e-01
4.817378e-01	8.484296e-01	-1.572829e-01
5.001650e-01	8.464384e-01	-1.585205e-01
5.043561e-01	8.456212e-01	-1.585688e-01
5.075839e-01	8.445758e-01	-1.584410e-01
4.762086e-01	8.405668e-01	-3.581778e-02
5.116108e-01	8.365091e-01	-4.162636e-02
4.867718e-01	8.145055e-01	-1.388596e-01
5.000111e-01	8.125309e-01	-1.407569e-01
4.459769e-01	7.391619e-01	3.266550e-02
5.334754e-01	7.403159e-01	-2.746201e-03
3.848960e-01	7.699549e-01	-1.639098e-02
5.969633e-01	7.558806e-01	-4.517281e-02
3.665252e-01	8.829831e-01	-1.219829e-01
6.161159e-01	8.611068e-01	-1.417251e-01
3.578227e-01	9.124792e-01	-1.492141e-01
6.238018e-01	8.912440e-01	-1.709587e-01
3.650481e-01	9.186281e-01	-1.509515e-01
6.209125e-01	8.986688e-01	-1.733217e-01
3.698053e-01	9.052899e-01	-1.293199e-01
6.159860e-01	8.877698e-01	-1.472860e-01
4.609791e-01	4.951378e-01	1.787781e-02
5.096124e-01	4.930949e-01	-1.771509e-02
4.543383e-01	3.218737e-01	2.237962e-02
5.096325e-01	3.201168e-01	-2.054944e-02
4.471697e-01	1.365260e-01	1.306432e-01
5.155537e-01	1.428088e-01	1.018009e-01
4.549811e-01	1.053941e-01	1.337454e-01
5.111873e-01	1.174522e-01	1.053452e-01
4.187586e-01	9.260592e-02	1.462481e-02
5.237692e-01	9.049013e-02	-2.331502e-02
4.950960e-01	8.330046e-01	-1.756537e-01
4.892492e-01	8.477190e-01	-1.514259e-01
4.857655e-01	8.478438e-01	-1.515228e-01
4.817223e-01	8.479024e-01	-1.514862e-01
5.001536e-01	8.460001e-01	-1.525927e-01
5.043369e-01	8.452261e-01	-1.526540e-01
5.075814e-01	8.442541e-01	-1.525388e-01
4.762017e-01	8.403009e-01	-3.236456e-02
5.118744e-01	8.362781e-01	-3.747519e-02
4.867793e-01	8.139253e-01	-1.326684e-01
5.000060e-01	8.121459e-01	-1.343531e-01
4.460182e-01	7.427456e-01	3.496753e-02
5.338910e-01	7.416490e-01	2.268969e-03
3.854534e-01	7.816730e-01	-1.699135e-02
5.965288e-01	7.684913e-01	-3.603641e-02
3.739107e-01	8.972560e-01	-1.242678e-01
6.066943e-01	8.850202e-01	-1.234830e-01
3.658708e-01	9.280672e-01	-1.524819e-01
6.119468e-01	9.180304e-01	-1.520622e-01
3.733489e-01	9.342047e-01	-1.532923e-01
6.062304e-01	9.244543e-01	-1.543672e-01
3.792028e-01	9.188328e-01	-1.312616e-01
6.009339e-01	9.117702e-01	-1.295998e-01
4.605973e-01	4.959596e-01	1.618690e-02
5.096292e-01	4.931365e-01	-1.602667e-02
4.543542e-01	3.219945e-01	1.526049e-02
5.096508e-01	3.202862e-01	-2.641432e-02
4.470953e-01	1.370212e-01	1.188251e-01
5.155403e-01	1.427208e-01	9.011350e-02
4.549725e-01	1.060346e-01	1.215807e-01
5.111500e-01	1.174422e-01	9.303770e-02
4.187602e-01	9.238020e-02	6.879710e-04
5.239015e-01	9.077366e-02	-3.770456e-02
4.949946e-01	8.319253e-01	-1.643244e-01
4.892392e-01	8.474243e-01	-1.404609e-01
4.857274e-01	8.475587e-01	-1.405581e-01
4.816652e-01	8.476027e-01	-1.405260e-01
5.001217e-01	8.459347e-01	-1.422857e-01
5.042219e-01	8.451563e-01	-1.423451e-01
5.075265e-01	8.441967e-01	-1.422241e-01
4.761734e-01	8.396917e-01	-2.368478e-02
5.120081e-01	8.359177e-01	-3.186424e-02
4.867677e-01	8.132257e-01	-1.219066e-01
4.999222e-01	8.116884e-01	-1.244912e-01
4.463301e-01	7.460523e-01	3.888083e-02
5.339285e-01	7.428520e-01	8.583997e-03
3.868184e-01	7.924607e-01	-6.465337e-03
5.955957e-01	7.758470e-01	-2.979505e-02
3.827949e-01	9.144914e-01	-9.617127e-02
5.963859e-01	8.921388e-01	-1.096226e-01
3.749160e-01	9.482669e-01	-1.235715e-01
5.988899e-01	9.297969e-01	-1.374944e-01
3.842419e-01	9.517488e-01	-1.220644e-01
5.911602e-01	9.350076e-01	-1.383711e-01
3.899079e-01	9.359609e-01	-1.018092e-01
5.860931e-01	9.196647e-01	-1.147443e-01
4.601956e-01	4.979565e-01	1.183140e-02
5.096075e-01	4.948297e-01	-1.167561e-02
4.543101e-01	3.220087e-01	9.796647e-03
5.096924e-01	3.212780e-01	-2.572457e-02
4.470531e-01	1.370859e-01	1.143243e-01
5.155306e-01	1.432436e-01	9.373632e-02
4.549656e-01	1.062448e-01	1.174927e-01
5.106920e-01	1.192148e-01	9.755127e-02
4.187906e-01	9.211104e-02	-2.514280e-03
5.240971e-01	9.129094e-02	-3.043199e-02
4.950014e-01	8.315656e-01	-1.611629e-01
4.893076e-01	8.474516e-01	-1.370094e-01
4.857672e-01	8.475854e-01	-1.370997e-01
4.816884e-01	8.476114e-01	-1.370489e-01
5.001570e-01	8.459567e-01	-1.387277e-01
5.042201e-01	8.451753e-01	-1.387888e-01
5.075255e-01	8.442132e-01	-1.386717e-01
4.761763e-01	8.395767e-01	-2.005754e-02
5.121132e-01	8.358795e-01	-2.735518e-02
4.867610e-01	8.131126e-01	-1.188722e-01
4.998652e-01	8.116509e-01	-1.211582e-01
4.470480e-01	7.487600e-01	4.188592e-02
5.340092e-01	7.446060e-01	7.671678e-03
3.877426e-01	8.018090e-01	-3.746708e-03
5.937077e-01	7.892456e-01	-3.339743e-02
3.896698e-01	9.200612e-01	-9.037811e-02
5.867709e-01	9.026532e-01	-1.130407e-01
3.837270e-01	9.487166e-01	-1.186095e-01
5.879681e-01	9.405648e-01	-1.425675e-01
3.944970e-01	9.539080e-01	-1.186062e-01
5.794633e-01	9.427412e-01	-1.431565e-01
3.988534e-01	9.390694e-01	-9.677008e-02
5.757550e-01	9.271771e-01	-1.180895e-01
4.601645e-01	4.997458e-01	1.174450e-02
5.095953e-01	4.957857e-01	-1.159397e-02
4.543517e-01	3.231681e-01	1.129073e-02
5.097181e-01	3.212727e-01	-2.572521e-02
4.470981e-01	1.385405e-01	1.171130e-01
5.154157e-01	1.432298e-01	9.522673e-02
4.549667e-01	1.086558e-01	1.204264e-01
5.104200e-01	1.191966e-01	9.919668e-02
4.202107e-01	9.248496e-02	-1.154212e-03
5.241858e-01	9.131542e-02	-3.035987e-02
4.950084e-01	8.316590e-01	-1.685922e-01
4.894921e-01	8.479022e-01	-1.446981e-01
4.859020e-01	8.479540e-01	-1.447936e-01
4.818326e-01	8.478422e-01	-1.447428e-01
5.001727e-01	8.465568e-01	-1.454152e-01
5.041559e-01	8.457648e-01	-1.454752e-01
5.074530e-01	8.447646e-01	-1.453575e-01
4.762474e-01	8.395839e-01	-2.762806e-02
5.121135e-01	8.359106e-01	-2.983806e-02
4.867750e-01	8.131394e-01	-1.262192e-01
4.997277e-01	8.117019e-01	-1.271195e-01
4.475957e-01	7.524402e-01	3.649454e-02
5.338417e-01	7.465999e-01	8.127144e-03
3.885004e-01	8.102940e-01	-1.021076e-02
5.874548e-01	8.030881e-01	-3.486396e-02
3.932117e-01	9.286550e-01	-1.002302e-01
5.768145e-01	9.192181e-01	-1.167443e-01
3.891294e-01	9.592406e-01	-1.301012e-01
5.781169e-01	9.579089e-01	-1.469255e-01
3.996086e-01	9.632066e-01	-1.306636e-01
5.709996e-01	9.599314e-01	-1.483764e-01
4.038979e-01	9.487158e-01	-1.068547e-01
5.673555e-01	9.460427e-01	-1.224045e-01
4.600665e-01	5.012740e-01	5.848659e-03
5.094674e-01	4.970056e-01	-5.669231e-03
4.544140e-01	3.234639e-01	9.540643e-03
5.099034e-01	3.216441e-01	-1.334454e-02
4.469585e-01	1.389250e-01	1.202191e-01
5.149053e-01	1.435533e-01	1.206865e-01
4.547315e-01	1.098666e-01	1.241410e-01
5.091172e-01	1.199246e-01	1.254384e-01
4.205488e-01	9.267722e-02	9.535500e-04
5.243397e-01	9.169535e-02	-7.600742e-03
4.950234e-01	8.315239e-01	-1.742473e-01
4.896311e-01	8.479026e-01	-1.504029e-01
4.860032e-01	8.479693e-01	-1.504963e-01
4.819658e-01	8.478660e-01	-1.504460e-01
5.001706e-01	8.465668e-01	-1.508459e-01
5.040841e-01	8.457732e-01	-1.509094e-01
5.074015e-01	8.447734e-01	-1.507943e-01
4.762675e-01	8.395907e-01	-3.238785e-02
5.121143e-01	8.356440e-01	-3.225610e-02
4.868596e-01	8.129439e-01	-1.314513e-01
4.997274e-01	8.111962e-01	-1.319492e-01
4.478084e-01	7.566719e-01	3.286145e-02
5.336307e-01	7.480349e-01	4.262215e-03
3.920201e-01	8.204990e-01	-2.441355e-02
5.825056e-01	8.131137e-01	-4.600241e-02
3.994629e-01	9.357942e-01	-1.080092e-01
5.715838e-01	9.308562e-01	-1.204108e-01
3.988963e-01	9.671007e-01	-1.386445e-01
5.735333e-01	9.682699e-01	-1.577235e-01
4.095189e-01	9.707792e-01	-1.403593e-01
5.661532e-01	9.699697e-01	-1.541446e-01
4.122323e-01	9.590699e-01	-1.151105e-01
5.628023e-01	9.567520e-01	-1.263842e-01
4.597669e-01	5.049898e-01	4.750080e-03
5.095651e-01	4.998754e-01	-4.572052e-03
4.543854e-01	3.236107e-01	1.134506e-02
5.102931e-01	3.237160e-01	-9.658442e-03
4.469523e-01	1.390248e-01	1.296085e-01
5.144070e-01	1.439197e-01	1.269486e-01
4.545804e-01	1.106532e-01	1.338927e-01
5.072525e-01	1.201920e-01	1.320854e-01
4.210454e-01	9.267239e-02	3.790043e-03
5.242910e-01	9.224394e-02	-2.322407e-03
4.949795e-01	8.317442e-01	-1.753989e-01
4.896145e-01	8.481379e-01	-1.513929e-01
4.859841e-01	8.482205e-01	-1.514897e-01
4.819533e-01	8.481315e-01	-1.514430e-01
5.000023e-01	8.467464e-01	-1.515095e-01
5.037682e-01	8.459225e-01	-1.515823e-01
5.071260e-01	8.448871e-01	-1.514890e-01
4.762656e-01	8.397591e-01	-3.405470e-02
5.118057e-01	8.356496e-01	-3.257007e-02
4.868735e-01	8.130291e-01	-1.329150e-01
4.996948e-01	8.111893e-01	-1.328667e-01
4.485647e-01	7.576679e-01	2.864167e-02
5.323646e-01	7.494456e-01	1.952108e-03
4.003045e-01	8.296646e-01	-2.801333e-02
5.775737e-01	8.235199e-01	-5.496459e-02
4.060040e-01	9.417129e-01	-1.089909e-01
5.666214e-01	9.391426e-01	-1.274287e-01
4.063088e-01	9.727109e-01	-1.408098e-01
5.683973e-01	9.747156e-01	-1.659014e-01
4.140638e-01	9.759975e-01	-1.439162e-01
5.604469e-01	9.781547e-01	-1.575032e-01
4.156132e-01	9.622893e-01	-1.170438e-01
5.575364e-01	9.655242e-01	-1.295355e-01
4.595022e-01	5.098168e-01	6.466397e-03
5.095696e-01	5.044138e-01	-6.303687e-03
4.543755e-01	3.248119e-01	1.456605e-02
5.103772e-01	3.252892e-01	-1.145109e-02
4.467727e-01	1.399954e-01	1.333709e-01
5.141243e-01	1.444427e-01	1.175673e-01
4.543736e-01	1.133868e-01	1.372276e-01
5.073003e-01	1.208894e-01	1.223108e-01
4.209800e-01	9.286566e-02	5.061356e-03
5.230749e-01	9.228006e-02	-7.983341e-03
4.949747e-01	8.316939e-01	-1.661991e-01
4.895462e-01	8.478615e-01	-1.432996e-01
4.858922e-01	8.480608e-01	-1.434011e-01
4.818613e-01	8.480499e-01	-1.433608e-01
4.998186e-01	8.461412e-01	-1.409740e-01
5.034032e-01	8.452845e-01	-1.410443e-01
5.067644e-01	8.442497e-01	-1.409768e-01
4.761600e-01	8.397799e-01	-3.019737e-02
5.112725e-01	8.351848e-01	-1.726441e-02
4.868761e-01	8.128345e-01	-1.253652e-01
4.996917e-01	8.105942e-01	-1.217286e-01
4.490535e-01	7.594896e-01	2.133578e-02
5.299195e-01	7.514259e-01	1.555400e-02
4.066713e-01	8.426784e-01	-4.974139e-02
5.722611e-01	8.332968e-01	-3.255311e-02
4.144018e-01	9.571373e-01	-1.315227e-01
5.623649e-01	9.446433e-01	-1.100890e-01
4.150761e-01	9.833362e-01	-1.717242e-01
5.647629e-01	9.780647e-01	-1.472792e-01
4.202883e-01	9.848229e-01	-1.761852e-01
5.577496e-01	9.842477e-01	-1.467282e-01
4.211994e-01	9.700578e-01	-1.413368e-01
5.548199e-01	9.703146e-01	-1.158662e-01
4.592997e-01	5.122991e-01	3.046290e-03
5.095623e-01	5.069165e-01	-2.873830e-03
4.543204e-01	3.253666e-01	7.056778e-03
5.104202e-01	3.260127e-01	-9.299387e-03
4.467691e-01	1.399802e-01	1.253421e-01
5.138275e-01	1.445057e-01	1.186815e-01
4.544331e-01	1.137612e-01	1.286197e-01
5.069940e-01	1.210804e-01	1.230981e-01
4.208821e-01	9.283221e-02	-1.129996e-02
5.228180e-01	9.152872e-02	-1.066236e-02
4.949723e-01	8.301080e-01	-1.483539e-01
4.895386e-01	8.472604e-01	-1.251627e-01
4.858395e-01	8.475801e-01	-1.252462e-01
4.817916e-01	8.477109e-01	-1.251859e-01
4.997786e-01	8.454064e-01	-1.234159e-01
5.032962e-01	8.444708e-01	-1.234930e-01
5.066369e-01	8.432454e-01	-1.234117e-01
4.760923e-01	8.396841e-01	-1.427864e-02
5.108788e-01	8.340358e-01	-4.243694e-03
4.868328e-01	8.121945e-01	-1.083981e-01
4.996568e-01	8.096215e-01	-1.055963e-01
4.495732e-01	7.601436e-01	2.485568e-02
5.279266e-01	7.545936e-01	1.664720e-02
4.145661e-01	8.441309e-01	-4.314956e-02
5.658529e-01	8.410907e-01	-3.367076e-02
4.230162e-01	9.655934e-01	-1.142557e-01
5.573007e-01	9.526359e-01	-1.150558e-01
4.216712e-01	9.920564e-01	-1.550192e-01
5.601465e-01	9.870646e-01	-1.489849e-01
4.288348e-01	9.935823e-01	-1.586290e-01
5.518683e-01	9.929717e-01	-1.521515e-01
4.314491e-01	9.838319e-01	-1.232330e-01
5.486275e-01	9.788670e-01	-1.216032e-01
4.590578e-01	5.153533e-01	4.315478e-03
5.095443e-01	5.099024e-01	-4.152736e-03
4.542506e-01	3.261949e-01	8.052042e-03
5.104396e-01	3.265892e-01	-1.035912e-02
4.468266e-01	1.399253e-01	1.243868e-01
5.131910e-01	1.437505e-01	1.175871e-01
4.548303e-01	1.136115e-01	1.275241e-01
5.060678e-01	1.207090e-01	1.212881e-01
4.212765e-01	9.273561e-02	-1.005615e-02
5.225674e-01	9.094615e-02	-1.967281e-02
4.948741e-01	8.301508e-01	-1.385280e-01
4.894522e-01	8.472908e-01	-1.163157e-01
4.857495e-01	8.476215e-01	-1.164096e-01
4.817164e-01	8.477697e-01	-1.163661e-01
4.995889e-01	8.454208e-01	-1.138520e-01
5.030311e-01	8.444820e-01	-1.139221e-01
5.063916e-01	8.432335e-01	-1.138289e-01
4.760398e-01	8.395324e-01	-1.056176e-02
5.105404e-01	8.333027e-01	2.304310e-03
4.867585e-01	8.122033e-01	-1.008116e-01
4.995226e-01	8.096426e-01	-9.714422e-02
4.499578e-01	7.592780e-01	1.466787e-02
5.266242e-01	7.549284e-01	1.958635e-02
4.215369e-01	8.428007e-01	-8.016035e-02
5.586971e-01	8.455609e-01	-4.723534e-02
4.245996e-01	9.571736e-01	-1.732488e-01
5.516001e-01	9.506757e-01	-1.454406e-01
4.235592e-01	9.825469e-01	-2.176423e-01
5.534021e-01	9.817324e-01	-1.861728e-01
4.299651e-01	9.862165e-01	-2.241949e-01
5.465313e-01	9.846330e-01	-1.891681e-01
4.325880e-01	9.779988e-01	-1.836402e-01
5.435619e-01	9.707986e-01	-1.538203e-01
4.590291e-01	5.160908e-01	2.728441e-03
5.097398e-01	5.109763e-01	-2.575303e-03
4.541164e-01	3.270431e-01	6.353156e-03
5.105087e-01	3.273057e-01	-1.007344e-02
4.468578e-01	1.396325e-01	1.198964e-01
5.131019e-01	1.423210e-01	1.165218e-01
4.550314e-01	1.135383e-01	1.226946e-01
5.058380e-01	1.195678e-01	1.187993e-01
4.238878e-01	9.272028e-02	-1.579792e-02
5.225621e-01	8.989088e-02	-2.301135e-02
4.948748e-01	8.301587e-01	-1.504757e-01
4.894573e-01	8.473023e-01	-1.279692e-01
4.857486e-01	8.476319e-01	-1.280611e-01
4.817153e-01	8.477789e-01	-1.280145e-01
4.996005e-01	8.453267e-01	-1.266935e-01
5.030668e-01	8.442355e-01	-1.267593e-01
5.064615e-01	8.428257e-01	-1.266615e-01
4.760390e-01	8.390020e-01	-1.750891e-02
5.105570e-01	8.319126e-01	-9.942631e-03
4.867624e-01	8.122139e-01	-1.103107e-01
4.995314e-01	8.096543e-01	-1.085094e-01
4.505125e-01	7.588980e-01	6.429525e-03
5.264891e-01	7.546258e-01	1.172733e-02
4.248688e-01	8.506243e-01	-6.175389e-02
5.506862e-01	8.525413e-01	-5.217890e-02
4.334915e-01	9.659805e-01	-1.225656e-01
5.445076e-01	9.574720e-01	-1.404184e-01
4.336832e-01	9.927989e-01	-1.652443e-01
5.463293e-01	9.887335e-01	-1.785224e-01
4.406179e-01	9.961450e-01	-1.748774e-01
5.400388e-01	9.917114e-01	-1.831330e-01
4.430359e-01	9.849510e-01	-1.330611e-01
5.369555e-01	9.788692e-01	-1.502737e-01
4.589762e-01	5.162404e-01	3.596127e-03
5.098361e-01	5.113125e-01	-3.447060e-03
4.538702e-01	3.275305e-01	1.035151e-02
5.103686e-01	3.278442e-01	-7.598314e-03
4.468238e-01	1.393839e-01	1.349508e-01
5.123934e-01	1.412185e-01	1.230926e-01
4.550165e-01	1.134958e-01	1.388398e-01
5.047476e-01	1.187227e-01	1.273896e-01
4.251280e-01	9.273228e-02	-1.573608e-03
5.224928e-01	8.940697e-02	-1.119351e-02
4.946271e-01	8.300973e-01	-1.398500e-01
4.893164e-01	8.471774e-01	-1.162154e-01
4.855803e-01	8.475215e-01	-1.163278e-01
4.815220e-01	8.476687e-01	-1.163055e-01
4.995299e-01	8.450772e-01	-1.145630e-01
5.030411e-01	8.438789e-01	-1.146464e-01
5.064568e-01	8.423982e-01	-1.145747e-01
4.758755e-01	8.384504e-01	-1.055445e-02
5.104846e-01	8.307991e-01	-1.347676e-03
4.865037e-01	8.121977e-01	-1.025091e-01
4.992689e-01	8.095014e-01	-1.000945e-01
4.505144e-01	7.584882e-01	6.816289e-03
5.257746e-01	7.541779e-01	1.052947e-02
4.280438e-01	8.488569e-01	-6.748326e-02
5.445498e-01	8.484822e-01	-5.601018e-02
4.393826e-01	9.669186e-01	-1.258967e-01
5.382028e-01	9.547595e-01	-1.377249e-01
4.409942e-01	9.971028e-01	-1.681431e-01
5.395371e-01	9.840207e-01	-1.755922e-01
4.445392e-01	1.000903e+00	-1.754617e-01
5.346830e-01	9.873551e-01	-1.793696e-01
4.469250e-01	9.889882e-01	-1.359754e-01
5.321702e-01	9.739203e-01	-1.467491e-01
4.589584e-01	5.157007e-01	3.952596e-03
5.098436e-01	5.110062e-01	-3.815644e-03
4.535317e-01	3.279476e-01	9.517645e-03
5.103378e-01	3.293369e-01	-8.669374e-03
4.466332e-01	1.387802e-01	1.289866e-01
5.123470e-01	1.410855e-01	1.219923e-01
4.548913e-01	1.131174e-01	1.326163e-01
5.048804e-01	1.186309e-01	1.259543e-01
4.248725e-01	9.281452e-02	-4.717889e-03
5.220312e-01	8.944927e-02	-1.218593e-02
4.945176e-01	8.295515e-01	-1.197855e-01
4.892585e-01	8.465369e-01	-9.661488e-02
4.855173e-01	8.469009e-01	-9.671588e-02
4.814838e-01	8.470509e-01	-9.669164e-02
4.995131e-01	8.445362e-01	-9.541439e-02
5.030426e-01	8.433549e-01	-9.550235e-02
5.064698e-01	8.419188e-01	-9.543273e-02
4.758669e-01	8.377658e-01	4.203655e-03
5.104871e-01	8.302205e-01	1.121745e-02
4.864526e-01	8.117122e-01	-8.445188e-02
4.992463e-01	8.090190e-01	-8.263609e-02
4.509227e-01	7.572876e-01	7.638852e-03
5.258427e-01	7.534692e-01	1.153013e-02
4.324369e-01	8.437026e-01	-9.558103e-02
5.419582e-01	8.439118e-01	-8.393810e-02
4.477271e-01	9.672208e-01	-1.757012e-01
5.332958e-01	9.534940e-01	-1.795917e-01
4.495969e-01	1.000025e+00	-2.183889e-01
5.344667e-01	9.839042e-01	-2.221019e-01
4.530302e-01	1.003517e+00	-2.216242e-01
5.296710e-01	9.871739e-01	-2.199348e-01
4.557291e-01	9.894775e-01	-1.840966e-01
5.270935e-01	9.729044e-01	-1.864405e-01
4.589294e-01	5.153867e-01	3.885792e-03
5.098422e-01	5.107844e-01	-3.762613e-03
4.532915e-01	3.284437e-01	7.654230e-03
5.102941e-01	3.304870e-01	-9.438929e-03
4.465473e-01	1.385719e-01	1.214011e-01
5.122370e-01	1.405766e-01	1.072943e-01
4.548288e-01	1.128796e-01	1.249693e-01
5.049815e-01	1.181783e-01	1.110577e-01
4.248701e-01	9.294181e-02	-7.823979e-03
5.211936e-01	8.949037e-02	-2.177679e-02
4.939441e-01	8.289275e-01	-1.042979e-01
4.888144e-01	8.458292e-01	-8.234642e-02
4.850982e-01	8.461646e-01	-8.244146e-02
4.810804e-01	8.463436e-01	-8.241905e-02
4.992842e-01	8.440459e-01	-8.169193e-02
5.028987e-01	8.429630e-01	-8.176356e-02
5.064067e-01	8.416461e-01	-8.167519e-02
4.758113e-01	8.371733e-01	1.497454e-02
5.104421e-01	8.301966e-01	1.916930e-02
4.861748e-01	8.112035e-01	-6.995032e-02
4.990743e-01	8.086715e-01	-6.893285e-02
4.515352e-01	7.562440e-01	8.584697e-03
5.257415e-01	7.532314e-01	1.116724e-02
4.361678e-01	8.405116e-01	-1.298950e-01
5.393393e-01	8.451803e-01	-1.188450e-01
4.520701e-01	9.611130e-01	-2.439903e-01
5.299528e-01	9.552054e-01	-2.332526e-01
4.557059e-01	9.914145e-01	-2.894403e-01
5.302442e-01	9.821781e-01	-2.782990e-01
4.589054e-01	9.963202e-01	-2.904194e-01
5.252950e-01	9.856452e-01	-2.725539e-01
4.616715e-01	9.832748e-01	-2.518091e-01
5.228069e-01	9.727184e-01	-2.391597e-01
4.589953e-01	5.151224e-01	4.155552e-03
5.099708e-01	5.107043e-01	-4.031683e-03
4.531540e-01	3.287278e-01	4.830224e-03
5.103387e-01	3.307214e-01	-1.329877e-02
4.465464e-01	1.385334e-01	1.109351e-01
5.122439e-01	1.401335e-01	9.104099e-02
4.548271e-01	1.128354e-01	1.143337e-01
5.052799e-01	1.176727e-01	9.421554e-02
4.247947e-01	9.295415e-02	-1.238695e-02
5.211252e-01	8.944261e-02	-3.381575e-02
4.938721e-01	8.272512e-01	-1.048951e-01
4.887589e-01	8.443244e-01	-8.439296e-02
4.850431e-01	8.447135e-01	-8.449055e-02
4.810415e-01	8.450027e-01	-8.446983e-02
4.992754e-01	8.426142e-01	-8.250569e-02
5.029024e-01	8.415979e-01	-8.257171e-02
5.064262e-01	8.403941e-01	-8.248272e-02
4.758089e-01	8.365731e-01	1.109532e-02
5.104473e-01	8.300183e-01	2.056864e-02
4.861625e-01	8.098341e-01	-7.097342e-02
4.990695e-01	8.077214e-01	-6.820595e-02
4.521630e-01	7.557811e-01	-4.368972e-03
5.254714e-01	7.530463e-01	1.121546e-02
4.402533e-01	8.376115e-01	-1.888297e-01
5.380006e-01	8.461808e-01	-1.498375e-01
4.562146e-01	9.560490e-01	-3.307667e-01
5.271660e-01	9.544457e-01	-2.928186e-01
4.614874e-01	9.857359e-01	-3.799613e-01
5.282875e-01	9.794119e-01	-3.386996e-01
4.641641e-01	9.904709e-01	-3.781184e-01
5.241151e-01	9.834165e-01	-3.321102e-01
4.665031e-01	9.780643e-01	-3.378441e-01
5.213014e-01	9.719758e-01	-2.988450e-01
4.592119e-01	5.150322e-01	3.401598e-03
5.101572e-01	5.105610e-01	-3.310266e-03
4.531260e-01	3.288019e-01	2.413807e-03
5.107652e-01	3.307212e-01	-1.148155e-02
4.465337e-01	1.384950e-01	1.061884e-01
5.123239e-01	1.396610e-01	9.188662e-02
4.548293e-01	1.127775e-01	1.096039e-01
5.057760e-01	1.171449e-01	9.510134e-02
4.247171e-01	9.293429e-02	-1.704236e-02
5.211406e-01	8.927376e-02	-3.241513e-02
4.937911e-01	8.248437e-01	-1.137255e-01
4.887538e-01	8.418125e-01	-9.340782e-02
4.850424e-01	8.420972e-01	-9.351000e-02
4.810579e-01	8.423282e-01	-9.349349e-02
4.992388e-01	8.402178e-01	-9.170253e-02
5.028776e-01	8.393330e-01	-9.175707e-02
5.064128e-01	8.382638e-01	-9.165309e-02
4.758633e-01	8.347998e-01	4.805149e-03
5.104464e-01	8.288738e-01	1.325903e-02
4.861572e-01	8.077169e-01	-7.852523e-02
4.989627e-01	8.061113e-01	-7.600036e-02
4.530397e-01	7.531939e-01	-1.481310e-02
5.249535e-01	7.515498e-01	1.634686e-04
4.438156e-01	8.292016e-01	-2.290402e-01
5.340275e-01	8.438102e-01	-1.932763e-01
4.585598e-01	9.438750e-01	-4.028145e-01
5.234669e-01	9.510852e-01	-3.545186e-01
4.618162e-01	9.756384e-01	-4.559661e-01
5.261427e-01	9.762352e-01	-4.016860e-01
4.647624e-01	9.836055e-01	-4.537733e-01
5.215344e-01	9.800280e-01	-3.969147e-01
4.676092e-01	9.709337e-01	-4.101608e-01
5.178729e-01	9.685059e-01	-3.615766e-01
4.593258e-01	5.125697e-01	3.499507e-03
5.103666e-01	5.088009e-01	-3.394835e-03
4.530713e-01	3.286005e-01	1.228064e-03
5.109755e-01	3.299518e-01	-1.168499e-02
4.465116e-01	1.382795e-01	1.087958e-01
5.124519e-01	1.392291e-01	9.167579e-02
4.548295e-01	1.124832e-01	1.124883e-01
5.062960e-01	1.167301e-01	9.500384e-02
4.246542e-01	9.285837e-02	-1.457451e-02
5.211545e-01	8.890261e-02	-3.274836e-02
4.937719e-01	8.242127e-01	-1.349276e-01
4.887606e-01	8.409312e-01	-1.171423e-01
4.850631e-01	8.412544e-01	-1.172645e-01
4.811242e-01	8.415589e-01	-1.172730e-01
4.991680e-01	8.391958e-01	-1.141768e-01
5.027293e-01	8.382487e-01	-1.142175e-01
5.062269e-01	8.371642e-01	-1.141252e-01
4.758635e-01	8.345411e-01	-2.132083e-02
5.101436e-01	8.282742e-01	-7.442990e-03
4.861418e-01	8.071657e-01	-1.000594e-01
4.987784e-01	8.057588e-01	-9.552317e-02
4.533044e-01	7.521218e-01	-4.541686e-02
5.244266e-01	7.507495e-01	-2.523645e-02
4.454857e-01	8.085079e-01	-2.975023e-01
5.320824e-01	8.345134e-01	-2.548451e-01
4.596170e-01	9.208806e-01	-4.986131e-01
5.220186e-01	9.386177e-01	-4.536993e-01
4.633636e-01	9.525440e-01	-5.556502e-01
5.231129e-01	9.669812e-01	-5.054935e-01
4.657689e-01	9.573991e-01	-5.512701e-01
5.197649e-01	9.689143e-01	-4.994975e-01
4.679872e-01	9.458817e-01	-5.059116e-01
5.167854e-01	9.574898e-01	-4.616002e-01
4.593600e-01	5.104303e-01	3.800090e-03
5.103803e-01	5.072016e-01	-3.730382e-03
4.529377e-01	3.282486e-01	-1.269560e-02
5.109909e-01	3.295917e-01	-2.196363e-02
4.464023e-01	1.377083e-01	9.928798e-02
5.125072e-01	1.387821e-01	8.422931e-02
4.547100e-01	1.119202e-01	1.029902e-01
5.063344e-01	1.164138e-01	8.717091e-02
4.245781e-01	9.283540e-02	-2.633403e-02
5.210758e-01	8.879384e-02	-4.429510e-02
4.937502e-01	8.242666e-01	-1.463586e-01
4.887527e-01	8.408770e-01	-1.284430e-01
4.850589e-01	8.413063e-01	-1.285389e-01
4.811215e-01	8.416529e-01	-1.285281e-01
4.991466e-01	8.390684e-01	-1.266241e-01
5.027232e-01	8.381289e-01	-1.266611e-01
5.062280e-01	8.370736e-01	-1.265849e-01
4.756048e-01	8.351610e-01	-2.766312e-02
5.100870e-01	8.282427e-01	-1.884763e-02
4.860012e-01	8.071882e-01	-1.090495e-01
4.987086e-01	8.057649e-01	-1.060012e-01
4.532736e-01	7.522583e-01	-4.305154e-02
5.243483e-01	7.508137e-01	-3.518754e-02
4.489225e-01	7.818308e-01	-3.114857e-01
5.316581e-01	8.097063e-01	-2.830713e-01
4.607232e-01	8.876676e-01	-5.364286e-01
5.201618e-01	9.083579e-01	-4.880551e-01
4.664528e-01	9.182501e-01	-5.950290e-01
5.168138e-01	9.334570e-01	-5.402885e-01
4.674496e-01	9.227247e-01	-5.874701e-01
5.150591e-01	9.381385e-01	-5.315951e-01
4.681191e-01	9.107653e-01	-5.431250e-01
5.137163e-01	9.273349e-01	-4.948664e-01
4.593844e-01	5.094400e-01	4.930489e-03
5.105911e-01	5.065015e-01	-4.902306e-03
4.529623e-01	3.275857e-01	-1.579070e-02
5.109281e-01	3.260030e-01	-2.651751e-02
4.463758e-01	1.366770e-01	9.934213e-02
5.121585e-01	1.384427e-01	8.579744e-02
4.546719e-01	1.111366e-01	1.031452e-01
5.055916e-01	1.160952e-01	8.895927e-02
4.240952e-01	9.208481e-02	-2.716453e-02
5.213431e-01	8.714955e-02	-4.471800e-02
4.914970e-01	8.289770e-01	-1.226560e-01
4.869179e-01	8.433678e-01	-1.044204e-01
4.833939e-01	8.436545e-01	-1.044879e-01
4.796912e-01	8.440120e-01	-1.044750e-01
4.972287e-01	8.423548e-01	-1.068832e-01
5.004698e-01	8.419356e-01	-1.069457e-01
5.041819e-01	8.413270e-01	-1.069024e-01
4.747287e-01	8.372259e-01	8.268637e-04
5.090916e-01	8.308917e-01	-1.123151e-02
4.846564e-01	8.106765e-01	-8.309652e-02
4.974127e-01	8.092473e-01	-8.566582e-02
4.528785e-01	7.545120e-01	-8.228460e-04
5.244011e-01	7.508342e-01	-2.434342e-02
4.465782e-01	7.370005e-01	-2.404062e-01
5.286170e-01	7.498103e-01	-2.565133e-01
4.652720e-01	8.116388e-01	-4.512623e-01
5.167173e-01	8.163026e-01	-4.717863e-01
4.720931e-01	8.354619e-01	-5.017906e-01
5.126251e-01	8.375774e-01	-5.213841e-01
4.726717e-01	8.406215e-01	-4.918610e-01
5.118084e-01	8.408767e-01	-5.119461e-01
4.725118e-01	8.304431e-01	-4.558223e-01
5.110716e-01	8.292356e-01	-4.770475e-01
4.592176e-01	5.095078e-01	9.544980e-03
5.099450e-01	5.069978e-01	-9.575162e-03
4.529637e-01	3.275160e-01	-1.220966e-02
5.108622e-01	3.257276e-01	-3.416813e-02
4.460668e-01	1.373878e-01	8.724447e-02
5.119328e-01	1.392124e-01	6.145180e-02
4.539338e-01	1.118981e-01	8.956069e-02
5.056362e-01	1.164930e-01	6.353794e-02
4.212130e-01	9.208193e-02	-3.441150e-02
5.213887e-01	8.717988e-02	-6.553638e-02
4.921255e-01	8.265718e-01	-1.317232e-01
4.869722e-01	8.415918e-01	-1.170459e-01
4.835404e-01	8.419375e-01	-1.171006e-01
4.799507e-01	8.423592e-01	-1.170552e-01
4.972561e-01	8.409755e-01	-1.173553e-01
5.004841e-01	8.409221e-01	-1.173955e-01
5.041187e-01	8.407964e-01	-1.173314e-01
4.747431e-01	8.362650e-01	-1.208238e-02
5.079877e-01	8.317992e-01	-1.402600e-02
4.853589e-01	8.083926e-01	-9.035769e-02
4.974890e-01	8.081790e-01	-9.093435e-02
4.530433e-01	7.550504e-01	-1.565783e-02
5.242350e-01	7.531160e-01	-2.233140e-02
4.466322e-01	7.328711e-01	-2.913284e-01
5.308964e-01	7.361821e-01	-2.811895e-01
4.691701e-01	7.732522e-01	-5.284700e-01
5.157398e-01	7.800658e-01	-5.307260e-01
4.795733e-01	7.868188e-01	-5.858296e-01
5.103317e-01	7.962355e-01	-5.870302e-01
4.815697e-01	7.925256e-01	-5.760726e-01
5.092673e-01	7.993709e-01	-5.771441e-01
4.798962e-01	7.857664e-01	-5.329913e-01
5.087505e-01	7.912353e-01	-5.368062e-01
4.591805e-01	5.091394e-01	9.368243e-03
5.092496e-01	5.068097e-01	-9.387142e-03
4.532724e-01	3.274574e-01	-1.086810e-02
5.108770e-01	3.257456e-01	-3.115542e-02
4.462941e-01	1.389307e-01	9.273912e-02
5.121195e-01	1.422206e-01	7.203924e-02
4.539483e-01	1.126638e-01	9.559770e-02
5.058166e-01	1.192902e-01	7.471319e-02
4.211730e-01	9.259995e-02	-2.940120e-02
5.213836e-01	8.886571e-02	-5.506738e-02
4.921489e-01	8.267372e-01	-1.362398e-01
4.869489e-01	8.418351e-01	-1.218479e-01
4.835460e-01	8.422672e-01	-1.219139e-01
4.798460e-01	8.426714e-01	-1.218511e-01
4.972754e-01	8.410780e-01	-1.216582e-01
5.005243e-01	8.409582e-01	-1.216590e-01
5.042013e-01	8.407626e-01	-1.215835e-01
4.745776e-01	8.363890e-01	-1.286827e-02
5.081409e-01	8.318008e-01	-1.311104e-02
4.852518e-01	8.084360e-01	-9.246837e-02
4.974907e-01	8.080537e-01	-9.252889e-02
4.522007e-01	7.546270e-01	-1.544021e-02
5.242484e-01	7.521129e-01	-1.982544e-02
4.506690e-01	7.287189e-01	-2.911904e-01
5.300913e-01	7.338302e-01	-3.032901e-01
4.650179e-01	7.313387e-01	-5.703459e-01
5.194541e-01	7.382313e-01	-5.948943e-01
4.714649e-01	7.330927e-01	-6.344420e-01
5.157735e-01	7.409526e-01	-6.601738e-01
4.738586e-01	7.333068e-01	-6.333297e-01
5.119030e-01	7.408935e-01	-6.548221e-01
4.744216e-01	7.313668e-01	-5.796725e-01
5.108824e-01	7.382770e-01	-6.044022e-01
4.591821e-01	5.049886e-01	9.436999e-03
5.093107e-01	5.048448e-01	-9.453459e-03
4.536677e-01	3.255887e-01	-9.627094e-03
5.107603e-01	3.234508e-01	-2.825861e-02
4.462920e-01	1.390023e-01	9.767051e-02
5.126777e-01	1.424998e-01	8.602894e-02
4.536375e-01	1.126191e-01	9.934695e-02
5.070596e-01	1.196566e-01	8.845742e-02
4.220818e-01	9.259976e-02	-2.787523e-02
5.220480e-01	9.027621e-02	-5.206262e-02
4.921770e-01	8.267352e-01	-1.021527e-01
4.869389e-01	8.419791e-01	-8.476091e-02
4.835109e-01	8.423747e-01	-8.478796e-02
4.797345e-01	8.427660e-01	-8.466251e-02
4.972839e-01	8.411926e-01	-8.584462e-02
5.006717e-01	8.410152e-01	-8.583114e-02
5.043060e-01	8.407823e-01	-8.571483e-02
4.745041e-01	8.364726e-01	2.489044e-02
5.082059e-01	8.318769e-01	1.955537e-02
4.850984e-01	8.084434e-01	-6.098556e-02
4.975463e-01	8.080347e-01	-6.195809e-02
4.497594e-01	7.514255e-01	2.882274e-02
5.244888e-01	7.520578e-01	-7.834640e-03
4.489728e-01	7.217525e-01	-2.409543e-01
5.313346e-01	7.309239e-01	-2.794974e-01
4.648634e-01	7.050422e-01	-4.848459e-01
5.183269e-01	7.193092e-01	-5.368962e-01
4.677283e-01	6.913914e-01	-5.440975e-01
5.151547e-01	7.047675e-01	-5.969018e-01
4.704387e-01	6.916575e-01	-5.449358e-01
5.044624e-01	7.045361e-01	-5.922194e-01
4.714983e-01	6.937513e-01	-4.938805e-01
5.035281e-01	7.057667e-01	-5.444993e-01
4.591811e-01	5.046222e-01	1.167164e-02
5.093263e-01	5.045914e-01	-1.167849e-02
4.539642e-01	3.244351e-01	-9.376762e-03
5.107132e-01	3.233924e-01	-2.735385e-02
4.464846e-01	1.392419e-01	9.218013e-02
5.129200e-01	1.428304e-01	7.209654e-02
4.539589e-01	1.120115e-01	9.371783e-02
5.075666e-01	1.195898e-01	7.397588e-02
4.220629e-01	9.313969e-02	-2.727152e-02
5.225772e-01	9.200422e-02	-5.361093e-02
4.919876e-01	8.271284e-01	-8.885645e-02
4.868526e-01	8.423956e-01	-7.031912e-02
4.834379e-01	8.426829e-01	-7.034973e-02
4.795915e-01	8.430040e-01	-7.022326e-02
4.972030e-01	8.414943e-01	-7.173806e-02
5.006142e-01	8.412212e-01	-7.171839e-02
5.042571e-01	8.409292e-01	-7.159599e-02
4.744865e-01	8.364741e-01	4.003560e-02
5.082138e-01	8.318951e-01	3.314678e-02
4.846834e-01	8.088333e-01	-4.805430e-02
4.972707e-01	8.084725e-01	-4.948247e-02
4.493952e-01	7.472878e-01	4.651703e-02
5.256442e-01	7.509797e-01	1.206454e-02
4.478140e-01	7.060932e-01	-1.896652e-01
5.321242e-01	7.241809e-01	-2.525591e-01
4.630222e-01	6.709611e-01	-4.561978e-01
5.199256e-01	6.916367e-01	-4.993978e-01
4.632725e-01	6.504758e-01	-5.141683e-01
5.174111e-01	6.670268e-01	-5.582067e-01
4.687679e-01	6.529520e-01	-5.167853e-01
5.071484e-01	6.663877e-01	-5.561281e-01
4.699489e-01	6.575978e-01	-4.651485e-01
5.052956e-01	6.704491e-01	-5.073563e-01
4.591656e-01	5.045361e-01	1.225383e-02
5.092373e-01	5.045356e-01	-1.224416e-02
4.542650e-01	3.239756e-01	-1.093397e-02
5.107386e-01	3.234410e-01	-3.081828e-02
4.465059e-01	1.391678e-01	8.023589e-02
5.130494e-01	1.428916e-01	5.798907e-02
4.539709e-01	1.108806e-01	8.121211e-02
5.076128e-01	1.195594e-01	5.903982e-02
4.215657e-01	9.279863e-02	-3.735668e-02
5.234052e-01	9.210902e-02	-6.667216e-02
4.919837e-01	8.285454e-01	-6.865264e-02
4.868399e-01	8.435986e-01	-4.973460e-02
4.834304e-01	8.437542e-01	-4.977844e-02
4.795306e-01	8.436689e-01	-4.967900e-02
4.971622e-01	8.425739e-01	-5.010882e-02
5.005913e-01	8.420179e-01	-5.008546e-02
5.042127e-01	8.414202e-01	-4.993981e-02
4.744843e-01	8.363015e-01	6.001409e-02
5.082301e-01	8.320006e-01	5.729831e-02
4.845382e-01	8.103413e-01	-2.843840e-02
4.972009e-01	8.099692e-01	-2.874450e-02
4.484172e-01	7.429131e-01	7.031118e-02
5.278767e-01	7.481631e-01	6.207306e-02
4.473625e-01	6.855966e-01	-9.807111e-02
5.322986e-01	6.976954e-01	-1.269101e-01
4.610280e-01	6.364493e-01	-3.270144e-01
5.207569e-01	6.539918e-01	-3.682154e-01
4.581703e-01	6.057698e-01	-3.826057e-01
5.178123e-01	6.224450e-01	-4.260501e-01
4.684425e-01	6.098559e-01	-3.965399e-01
5.097837e-01	6.219398e-01	-4.330320e-01
4.690875e-01	6.183054e-01	-3.386828e-01
5.079477e-01	6.312039e-01	-3.788453e-01
4.595706e-01	5.055994e-01	1.203893e-02
5.095965e-01	5.053738e-01	-1.205236e-02
4.542702e-01	3.249314e-01	-2.489367e-02
5.109112e-01	3.234873e-01	-4.388773e-02
4.466409e-01	1.393481e-01	5.866910e-02
5.135331e-01	1.428596e-01	3.892539e-02
4.541768e-01	1.106607e-01	5.931208e-02
5.081874e-01	1.188269e-01	3.839933e-02
4.210515e-01	9.281146e-02	-5.997881e-02
5.244612e-01	9.283440e-02	-8.935127e-02
4.920259e-01	8.292879e-01	-6.030913e-02
4.869079e-01	8.444993e-01	-4.058850e-02
4.835023e-01	8.445643e-01	-4.062747e-02
4.795561e-01	8.442847e-01	-4.053571e-02
4.971887e-01	8.434170e-01	-4.053777e-02
5.006210e-01	8.426895e-01	-4.052065e-02
5.042317e-01	8.418819e-01	-4.037013e-02
4.745337e-01	8.362606e-01	6.672552e-02
5.082805e-01	8.321290e-01	6.552116e-02
4.845392e-01	8.110929e-01	-2.141949e-02
4.972060e-01	8.105390e-01	-2.134260e-02
4.478472e-01	7.403424e-01	8.166929e-02
5.286142e-01	7.443129e-01	8.194021e-02
4.456204e-01	6.660061e-01	-2.485411e-02
5.328147e-01	6.803709e-01	-4.694103e-02
4.564650e-01	6.050316e-01	-1.937943e-01
5.214430e-01	6.142966e-01	-2.465127e-01
4.523115e-01	5.709565e-01	-2.384543e-01
5.239810e-01	5.823661e-01	-2.946943e-01
4.670463e-01	5.773975e-01	-2.563974e-01
5.129628e-01	5.851210e-01	-3.081449e-01
4.687857e-01	5.873393e-01	-2.052198e-01
5.092930e-01	5.948144e-01	-2.582052e-01
4.595710e-01	5.056482e-01	1.158392e-02
5.096099e-01	5.056219e-01	-1.153920e-02
4.542701e-01	3.250989e-01	-3.265721e-02
5.110578e-01	3.233978e-01	-5.244356e-02
4.466437e-01	1.392781e-01	3.989043e-02
5.137154e-01	1.422905e-01	2.127821e-02
4.541785e-01	1.096399e-01	3.975091e-02
5.083424e-01	1.168675e-01	2.004225e-02
4.206735e-01	9.277221e-02	-7.678436e-02
5.245566e-01	9.236678e-02	-1.050858e-01
4.920371e-01	8.293667e-01	-5.940706e-02
4.869184e-01	8.446541e-01	-4.020624e-02
4.835095e-01	8.446766e-01	-4.024380e-02
4.795617e-01	8.443229e-01	-4.016803e-02
4.971876e-01	8.436161e-01	-3.885549e-02
5.006275e-01	8.428654e-01	-3.883324e-02
5.042025e-01	8.419839e-01	-3.865255e-02
4.745754e-01	8.361393e-01	5.793312e-02
5.082480e-01	8.322421e-01	6.178471e-02
4.845368e-01	8.113040e-01	-2.446302e-02
4.971495e-01	8.106655e-01	-2.304269e-02
4.479618e-01	7.392221e-01	6.743287e-02
5.286208e-01	7.418420e-01	9.315572e-02
4.431314e-01	6.506421e-01	1.039164e-02
5.332110e-01	6.588593e-01	3.361448e-02
4.507210e-01	5.764328e-01	-1.027606e-01
5.252961e-01	5.828580e-01	-1.149556e-01
4.467157e-01	5.398436e-01	-1.405601e-01
5.316907e-01	5.483872e-01	-1.547736e-01
4.608474e-01	5.446684e-01	-1.629654e-01
5.200891e-01	5.494773e-01	-1.730339e-01
4.651107e-01	5.539082e-01	-1.142364e-01
5.147185e-01	5.600662e-01	-1.269909e-01
4.595783e-01	5.058317e-01	4.146691e-03
5.087665e-01	5.056610e-01	-4.014588e-03
4.541767e-01	3.253249e-01	-3.976607e-02
5.111101e-01	3.230521e-01	-4.766969e-02
4.466484e-01	1.393303e-01	3.202353e-02
5.141020e-01	1.422618e-01	2.952221e-02
4.541489e-01	1.095222e-01	3.191521e-02
5.085315e-01	1.164901e-01	2.904431e-02
4.208105e-01	9.275627e-02	-8.465491e-02
5.251557e-01	9.126305e-02	-9.189839e-02
4.918934e-01	8.299262e-01	-7.378160e-02
4.868935e-01	8.450277e-01	-5.493093e-02
4.834515e-01	8.450317e-01	-5.497101e-02
4.794821e-01	8.445623e-01	-5.489962e-02
4.970991e-01	8.441096e-01	-5.378728e-02
5.005213e-01	8.433586e-01	-5.377261e-02
5.040663e-01	8.423482e-01	-5.361161e-02
4.745779e-01	8.361463e-01	4.560113e-02
5.081418e-01	8.325998e-01	4.745492e-02
4.843360e-01	8.118999e-01	-3.839978e-02
4.969436e-01	8.112450e-01	-3.719656e-02
4.480436e-01	7.393667e-01	5.515041e-02
5.286213e-01	7.397966e-01	8.024112e-02
4.414376e-01	6.447176e-01	1.754935e-02
5.334806e-01	6.443052e-01	5.908895e-02
4.450119e-01	5.580778e-01	-8.371745e-02
5.313271e-01	5.596865e-01	-5.065344e-02
4.420701e-01	5.208229e-01	-1.186518e-01
5.365542e-01	5.248713e-01	-8.394833e-02
4.528670e-01	5.238364e-01	-1.438215e-01
5.269440e-01	5.242684e-01	-1.074841e-01
4.576642e-01	5.352375e-01	-9.625600e-02
5.220494e-01	5.365839e-01	-6.368024e-02
4.595936e-01	5.058591e-01	8.902904e-04
5.079585e-01	5.056144e-01	-7.496217e-04
4.541729e-01	3.258339e-01	-4.304064e-02
5.111052e-01	3.230512e-01	-4.574239e-02
4.466552e-01	1.393239e-01	3.115919e-02
5.143076e-01	1.423730e-01	3.569005e-02
4.540883e-01	1.092695e-01	3.117266e-02
5.086378e-01	1.164847e-01	3.558185e-02
4.208095e-01	9.275597e-02	-8.449462e-02
5.256727e-01	9.124427e-02	-8.469625e-02
4.917213e-01	8.307647e-01	-9.394336e-02
4.867985e-01	8.454726e-01	-7.688020e-02
4.833110e-01	8.454475e-01	-7.690343e-02
4.793474e-01	8.449625e-01	-7.684489e-02
4.969484e-01	8.446557e-01	-7.581224e-02
5.003496e-01	8.439817e-01	-7.581412e-02
5.039238e-01	8.429940e-01	-7.567146e-02
4.745615e-01	8.362983e-01	1.135628e-02
5.079914e-01	8.333877e-01	1.386529e-02
4.841498e-01	8.126606e-01	-6.286835e-02
4.968001e-01	8.120395e-01	-6.186106e-02
4.481037e-01	7.388332e-01	3.913334e-02
5.287376e-01	7.386858e-01	6.246646e-02
4.392189e-01	6.378688e-01	2.433963e-02
5.335999e-01	6.304798e-01	6.541903e-02
4.406265e-01	5.359534e-01	-5.761033e-02
5.371996e-01	5.340165e-01	-9.754445e-03
4.375388e-01	4.976963e-01	-8.827977e-02
5.419131e-01	4.971736e-01	-3.822311e-02
4.471779e-01	5.009232e-01	-1.157035e-01
5.338837e-01	4.973252e-01	-6.721065e-02
4.518817e-01	5.123900e-01	-7.064335e-02
5.292180e-01	5.100052e-01	-2.403625e-02
4.596104e-01	5.047445e-01	6.684200e-04
5.080010e-01	5.044470e-01	-5.505526e-04
4.541796e-01	3.257405e-01	-3.660171e-02
5.112397e-01	3.230250e-01	-4.451140e-02
4.467219e-01	1.393008e-01	4.493479e-02
5.143998e-01	1.427931e-01	4.135373e-02
4.540801e-01	1.087133e-01	4.585256e-02
5.086195e-01	1.165838e-01	4.169884e-02
4.208167e-01	9.312928e-02	-7.300881e-02
5.263065e-01	9.125385e-02	-7.441360e-02
4.917067e-01	8.308963e-01	-1.296385e-01
4.867430e-01	8.455156e-01	-1.132388e-01
4.832204e-01	8.454686e-01	-1.132664e-01
4.792400e-01	8.449853e-01	-1.132076e-01
4.969267e-01	8.447233e-01	-1.107838e-01
5.003380e-01	8.440642e-01	-1.107977e-01
5.039240e-01	8.431353e-01	-1.106692e-01
4.745033e-01	8.362986e-01	-2.490936e-02
5.079196e-01	8.338397e-01	-1.565625e-02
4.841071e-01	8.126678e-01	-9.783570e-02
4.967896e-01	8.120856e-01	-9.502389e-02
4.477811e-01	7.358916e-01	5.531765e-03
5.287368e-01	7.371801e-01	3.885610e-02
4.360364e-01	6.262127e-01	4.835108e-03
5.355468e-01	6.237077e-01	4.788757e-02
4.355327e-01	5.154939e-01	-6.595566e-02
5.409375e-01	5.194506e-01	-3.698240e-02
4.309873e-01	4.796778e-01	-9.438445e-02
5.472319e-01	4.819832e-01	-6.650598e-02
4.404562e-01	4.816039e-01	-1.230906e-01
5.393592e-01	4.822358e-01	-9.427007e-02
4.456891e-01	4.922091e-01	-7.925604e-02
5.338913e-01	4.959093e-01	-5.112062e-02
4.596384e-01	5.028762e-01	-1.850020e-03
5.080110e-01	5.021681e-01	1.960222e-03
4.541753e-01	3.246915e-01	-3.332438e-02
5.115178e-01	3.223472e-01	-3.204312e-02
4.467421e-01	1.392006e-01	5.099741e-02
5.149779e-01	1.427820e-01	5.319071e-02
4.540793e-01	1.080412e-01	5.205551e-02
5.090446e-01	1.163137e-01	5.371955e-02
4.209477e-01	9.314125e-02	-5.651053e-02
5.274034e-01	9.123027e-02	-5.621969e-02
4.917110e-01	8.316337e-01	-1.522766e-01
4.867036e-01	8.457738e-01	-1.358641e-01
4.831621e-01	8.456419e-01	-1.358971e-01
4.791563e-01	8.452151e-01	-1.358408e-01
4.969147e-01	8.449024e-01	-1.341014e-01
5.003439e-01	8.442425e-01	-1.341167e-01
5.039291e-01	8.434241e-01	-1.339770e-01
4.744205e-01	8.364000e-01	-4.602087e-02
5.079052e-01	8.346981e-01	-3.991832e-02
4.841086e-01	8.129686e-01	-1.196558e-01
4.968168e-01	8.124166e-01	-1.177737e-01
4.475512e-01	7.335886e-01	-1.179455e-02
5.288887e-01	7.367896e-01	1.116146e-02
4.329344e-01	6.219863e-01	-3.293363e-03
5.382308e-01	6.213338e-01	2.464812e-02
4.307871e-01	5.076754e-01	-6.956767e-02
5.441126e-01	5.102133e-01	-6.016230e-02
4.249411e-01	4.710695e-01	-9.647535e-02
5.507213e-01	4.726806e-01	-8.909111e-02
4.332646e-01	4.717183e-01	-1.263422e-01
5.430240e-01	4.725936e-01	-1.173399e-01
4.379406e-01	4.834773e-01	-8.320370e-02
5.379331e-01	4.847795e-01	-7.432556e-02
4.596791e-01	5.019689e-01	-1.598112e-03
5.082069e-01	5.004902e-01	1.700848e-03
4.541929e-01	3.239366e-01	-3.053571e-02
5.116445e-01	3.218651e-01	-2.455219e-02
4.467218e-01	1.390274e-01	5.167433e-02
5.152838e-01	1.428002e-01	6.344492e-02
4.540122e-01	1.073573e-01	5.290781e-02
5.091699e-01	1.163051e-01	6.457944e-02
4.209562e-01	9.315840e-02	-4.291687e-02
5.273171e-01	9.115506e-02	-4.392981e-02
4.917254e-01	8.323237e-01	-2.044359e-01
4.866717e-01	8.463635e-01	-1.887633e-01
4.831123e-01	8.462137e-01	-1.887966e-01
4.790927e-01	8.458160e-01	-1.887387e-01
4.969112e-01	8.452825e-01	-1.878014e-01
5.003663e-01	8.445501e-01	-1.878203e-01
5.039512e-01	8.437400e-01	-1.876913e-01
4.743417e-01	8.367524e-01	-9.392326e-02
5.079099e-01	8.353207e-01	-9.143172e-02
4.841122e-01	8.132753e-01	-1.690597e-01
4.968930e-01	8.125538e-01	-1.682248e-01
4.472936e-01	7.318318e-01	-4.312151e-02
5.292760e-01	7.368118e-01	-3.234156e-02
4.313742e-01	6.197835e-01	-2.046488e-02
5.413597e-01	6.188651e-01	-4.893968e-03
4.290735e-01	5.056674e-01	-9.131100e-02
5.483943e-01	5.011974e-01	-9.055853e-02
4.226877e-01	4.671526e-01	-1.172565e-01
5.554822e-01	4.634354e-01	-1.183490e-01
4.300244e-01	4.671459e-01	-1.482965e-01
5.484291e-01	4.620204e-01	-1.488116e-01
4.351291e-01	4.797163e-01	-1.052756e-01
5.438692e-01	4.753178e-01	-1.050687e-01
4.600139e-01	5.010890e-01	-1.268778e-03
5.089089e-01	4.993453e-01	1.390814e-03
4.543447e-01	3.238673e-01	-1.986181e-02
5.116458e-01	3.217063e-01	-2.222790e-02
4.467791e-01	1.386188e-01	6.393050e-02
5.154605e-01	1.428481e-01	6.927003e-02
4.540700e-01	1.068703e-01	6.589412e-02
5.092576e-01	1.163862e-01	7.102139e-02
4.210182e-01	9.315810e-02	-3.191881e-02
5.272377e-01	9.065256e-02	-3.846476e-02
4.919588e-01	8.330600e-01	-2.559727e-01
4.866882e-01	8.472164e-01	-2.405372e-01
4.831487e-01	8.470159e-01	-2.405905e-01
4.791092e-01	8.465289e-01	-2.405523e-01
4.969822e-01	8.460783e-01	-2.399790e-01
5.006374e-01	8.452490e-01	-2.400073e-01
5.041240e-01	8.444118e-01	-2.398959e-01
4.743364e-01	8.370777e-01	-1.398810e-01
5.080272e-01	8.361214e-01	-1.388479e-01
4.842518e-01	8.138801e-01	-2.177445e-01
4.973250e-01	8.130007e-01	-2.173271e-01
4.473110e-01	7.318646e-01	-7.325533e-02
5.299778e-01	7.354740e-01	-7.060455e-02
4.302450e-01	6.207705e-01	-3.348827e-02
5.442693e-01	6.122650e-01	-8.583311e-03
4.292433e-01	5.064001e-01	-1.011724e-01
5.495000e-01	4.932694e-01	-1.102005e-01
4.240474e-01	4.670078e-01	-1.251723e-01
5.558416e-01	4.568045e-01	-1.354097e-01
4.302979e-01	4.676075e-01	-1.552817e-01
5.502220e-01	4.543695e-01	-1.665130e-01
4.353176e-01	4.811526e-01	-1.145340e-01
5.460519e-01	4.681949e-01	-1.243645e-01
4.600475e-01	5.008931e-01	3.142654e-04
5.089871e-01	4.985704e-01	-2.443370e-04
4.544632e-01	3.236174e-01	-1.021174e-02
5.115993e-01	3.216496e-01	-1.732613e-02
4.469159e-01	1.376669e-01	7.465281e-02
5.154929e-01	1.429002e-01	7.509968e-02
4.542674e-01	1.058928e-01	7.670709e-02
5.092694e-01	1.164953e-01	7.727418e-02
4.210812e-01	9.306925e-02	-2.437680e-02
5.272224e-01	9.048068e-02	-3.271697e-02
4.920124e-01	8.336045e-01	-2.745786e-01
4.866883e-01	8.480513e-01	-2.582491e-01
4.831491e-01	8.478386e-01	-2.583253e-01
4.791076e-01	8.472623e-01	-2.583019e-01
4.969907e-01	8.469936e-01	-2.584431e-01
5.007151e-01	8.461720e-01	-2.584879e-01
5.041833e-01	8.452944e-01	-2.584165e-01
4.743325e-01	8.375393e-01	-1.519997e-01
5.080964e-01	8.368030e-01	-1.538488e-01
4.843172e-01	8.144321e-01	-2.341812e-01
4.974674e-01	8.135420e-01	-2.345734e-01
4.476536e-01	7.324172e-01	-7.857899e-02
5.305213e-01	7.341441e-01	-8.036397e-02
4.299103e-01	6.245910e-01	-3.715913e-02
5.477983e-01	6.065506e-01	-2.718804e-02
4.302599e-01	5.236036e-01	-9.968780e-02
5.525492e-01	4.892240e-01	-1.196431e-01
4.263112e-01	4.837651e-01	-1.231646e-01
5.586025e-01	4.524817e-01	-1.442588e-01
4.311075e-01	4.870028e-01	-1.509183e-01
5.531861e-01	4.500847e-01	-1.755826e-01
4.359716e-01	4.991949e-01	-1.124408e-01
5.489819e-01	4.641728e-01	-1.337510e-01
4.599208e-01	5.005568e-01	6.560159e-04
5.090080e-01	4.976011e-01	-6.084304e-04
4.544625e-01	3.231026e-01	-6.046553e-03
5.115905e-01	3.212842e-01	-1.116623e-02
4.469882e-01	1.370792e-01	8.473028e-02
5.154851e-01	1.429155e-01	8.929961e-02
4.543887e-01	1.052779e-01	8.720376e-02
5.092519e-01	1.165460e-01	9.220128e-02
4.211472e-01	9.299984e-02	-1.787178e-02
5.272030e-01	9.033319e-02	-1.995080e-02
4.920159e-01	8.340967e-01	-2.745647e-01
4.866745e-01	8.487849e-01	-2.577465e-01
4.831279e-01	8.485929e-01	-2.578292e-01
4.790955e-01	8.479725e-01	-2.578136e-01
4.969912e-01	8.478841e-01	-2.584599e-01
5.007288e-01	8.471578e-01	-2.585077e-01
5.042011e-01	8.462446e-01	-2.584545e-01
4.743319e-01	8.380501e-01	-1.497318e-01
5.081673e-01	8.374500e-01	-1.535551e-01
4.843442e-01	8.149310e-01	-2.335552e-01
4.975190e-01	8.141047e-01	-2.345044e-01
4.477167e-01	7.327958e-01	-7.388519e-02
5.308357e-01	7.335415e-01	-8.080260e-02
4.297900e-01	6.267731e-01	-3.282162e-02
5.492578e-01	6.065459e-01	-3.177234e-02
4.298871e-01	5.347410e-01	-9.375763e-02
5.544915e-01	4.934954e-01	-1.178672e-01
4.275297e-01	4.961830e-01	-1.168706e-01
5.599456e-01	4.558334e-01	-1.420094e-01
4.320882e-01	4.973499e-01	-1.438909e-01
5.550539e-01	4.533942e-01	-1.740386e-01
4.360719e-01	5.116010e-01	-1.062354e-01
5.510878e-01	4.672450e-01	-1.321828e-01
4.595657e-01	5.005453e-01	1.948305e-03
5.090507e-01	4.976283e-01	-1.921476e-03
4.544621e-01	3.230956e-01	-5.727261e-03
5.115268e-01	3.213017e-01	-1.320003e-02
4.470463e-01	1.370299e-01	8.472617e-02
5.154735e-01	1.430294e-01	8.660787e-02
4.544733e-01	1.051619e-01	8.697575e-02
5.092518e-01	1.168045e-01	8.934703e-02
4.212695e-01	9.298985e-02	-2.141836e-02
5.271350e-01	9.025105e-02	-2.550120e-02
4.920175e-01	8.346753e-01	-2.855325e-01
4.866517e-01	8.495417e-01	-2.684871e-01
4.830837e-01	8.493737e-01	-2.685717e-01
4.790717e-01	8.486940e-01	-2.685565e-01
4.969879e-01	8.487740e-01	-2.696619e-01
5.007325e-01	8.481290e-01	-2.697117e-01
5.042092e-01	8.471606e-01	-2.696606e-01
4.743279e-01	8.385389e-01	-1.584503e-01
5.082266e-01	8.380593e-01	-1.643433e-01
4.843495e-01	8.155833e-01	-2.436511e-01
4.975423e-01	8.147434e-01	-2.452004e-01
4.477810e-01	7.330651e-01	-7.747352e-02
5.311040e-01	7.330451e-01	-9.108637e-02
4.297665e-01	6.260509e-01	-3.210380e-02
5.500640e-01	6.045887e-01	-4.473513e-02
4.286546e-01	5.350961e-01	-9.396490e-02
5.563444e-01	4.916223e-01	-1.252825e-01
4.267877e-01	4.970770e-01	-1.163793e-01
5.614823e-01	4.547964e-01	-1.498981e-01
4.303649e-01	4.968681e-01	-1.442309e-01
5.573419e-01	4.524188e-01	-1.821027e-01
4.347282e-01	5.118587e-01	-1.068285e-01
5.534999e-01	4.658478e-01	-1.397640e-01
4.594177e-01	5.005388e-01	5.068135e-03
5.091039e-01	4.976148e-01	-5.054729e-03
4.544706e-01	3.228712e-01	-3.427417e-03
5.114764e-01	3.213094e-01	-1.540803e-02
4.470482e-01	1.369672e-01	8.730330e-02
5.155093e-01	1.430732e-01	8.319733e-02
4.544753e-01	1.050783e-01	8.952095e-02
5.093802e-01	1.169540e-01	8.577317e-02
4.212770e-01	9.296773e-02	-1.923792e-02
5.270545e-01	8.981799e-02	-3.008832e-02
4.920202e-01	8.349773e-01	-2.565425e-01
4.866446e-01	8.499945e-01	-2.392669e-01
4.830715e-01	8.498622e-01	-2.393453e-01
4.790677e-01	8.491894e-01	-2.393203e-01
4.969882e-01	8.492773e-01	-2.399807e-01
5.007405e-01	8.486715e-01	-2.400202e-01
5.042257e-01	8.476739e-01	-2.399492e-01
4.743299e-01	8.389959e-01	-1.330326e-01
5.082806e-01	8.384537e-01	-1.368638e-01
4.843678e-01	8.159766e-01	-2.164917e-01
4.975777e-01	8.150552e-01	-2.174579e-01
4.479655e-01	7.331129e-01	-6.275164e-02
5.313199e-01	7.325594e-01	-6.936945e-02
4.300556e-01	6.273507e-01	-2.493526e-02
5.504249e-01	6.053924e-01	-3.213627e-02
4.277577e-01	5.406256e-01	-9.028227e-02
5.583183e-01	4.926786e-01	-1.066567e-01
4.249035e-01	5.047657e-01	-1.129417e-01
5.638235e-01	4.573009e-01	-1.298995e-01
4.281483e-01	5.051157e-01	-1.405083e-01
5.598941e-01	4.551211e-01	-1.628902e-01
4.323291e-01	5.196769e-01	-1.031601e-01
5.559894e-01	4.675978e-01	-1.214852e-01
4.591151e-01	5.006664e-01	6.081911e-03
5.091081e-01	4.976985e-01	-6.064082e-03
4.544488e-01	3.228704e-01	-5.819297e-03
5.114025e-01	3.214251e-01	-1.886708e-02
4.470519e-01	1.369233e-01	7.922529e-02
5.156111e-01	1.431110e-01	6.992224e-02
4.544741e-01	1.049911e-01	8.069524e-02
5.098072e-01	1.170657e-01	7.187891e-02
4.211307e-01	9.294718e-02	-2.125792e-02
5.268208e-01	8.964878e-02	-4.015686e-02
