5.353998e-01	8.322398e-01	-2.558321e-01
5.287350e-01	8.528954e-01	-2.355500e-01
5.245519e-01	8.520221e-01	-2.356523e-01
5.213872e-01	8.513817e-01	-2.356407e-01
5.410010e-01	8.556572e-01	-2.385297e-01
5.453033e-01	8.568124e-01	-2.385475e-01
5.499455e-01	8.577971e-01	-2.384903e-01
5.179584e-01	8.450677e-01	-1.060971e-01
5.579922e-01	8.538304e-01	-1.174974e-01
5.298078e-01	8.124784e-01	-2.065222e-01
5.447203e-01	8.166739e-01	-2.097050e-01
4.962022e-01	7.411877e-01	-3.404796e-02
5.975388e-01	7.574822e-01	-4.553449e-02
4.427986e-01	7.099810e-01	-1.757488e-01
6.475961e-01	7.120130e-01	-1.560618e-01
4.136328e-01	7.159485e-01	-4.338990e-01
6.959068e-01	7.270268e-01	-4.095763e-01
4.042416e-01	7.143822e-01	-4.821271e-01
7.124870e-01	7.403464e-01	-4.618820e-01
4.200586e-01	7.192513e-01	-5.032870e-01
7.073390e-01	7.502849e-01	-4.839211e-01
4.196197e-01	7.175722e-01	-4.512139e-01
7.022046e-01	7.441906e-01	-4.283568e-01
5.261831e-01	4.655071e-01	4.810983e-03
5.817359e-01	4.711241e-01	-4.745775e-03
5.162974e-01	2.730711e-01	-1.565638e-03
5.911523e-01	2.739584e-01	1.186362e-02
5.141633e-01	1.066781e-01	1.780953e-01
5.923784e-01	1.077818e-01	1.943744e-01
5.230764e-01	8.266264e-02	1.876189e-01
5.849161e-01	8.454159e-02	2.024898e-01
4.900494e-01	5.068412e-02	5.557772e-02
6.154791e-01	3.973955e-02	6.134293e-02
5.353713e-01	8.322417e-01	-2.522709e-01
5.287145e-01	8.528282e-01	-2.328773e-01
5.245309e-01	8.518999e-01	-2.329721e-01
5.209349e-01	8.509943e-01	-2.329274e-01
5.409201e-01	8.556553e-01	-2.347485e-01
5.453023e-01	8.568071e-01	-2.347915e-01
5.499458e-01	8.577825e-01	-2.347199e-01
5.172520e-01	8.438048e-01	-1.053356e-01
5.579781e-01	8.535646e-01	-1.133251e-01
5.298207e-01	8.119844e-01	-2.038600e-01
5.447279e-01	8.164436e-01	-2.058339e-01
4.946226e-01	7.411481e-01	-3.489598e-02
5.972313e-01	7.576180e-01	-4.296212e-02
4.367061e-01	7.116134e-01	-1.828511e-01
6.497220e-01	7.139421e-01	-1.494471e-01
4.306603e-01	7.153202e-01	-4.388850e-01
6.959006e-01	7.367755e-01	-3.970258e-01
4.274040e-01	7.147666e-01	-4.896220e-01
7.125112e-01	7.544122e-01	-4.515998e-01
4.366011e-01	7.208880e-01	-5.049800e-01
7.073538e-01	7.623326e-01	-4.690224e-01
4.424081e-01	7.188781e-01	-4.534426e-01
7.017721e-01	7.548137e-01	-4.138563e-01
5.258648e-01	4.577715e-01	4.811002e-03
5.816224e-01	4.660569e-01	-4.745272e-03
5.163391e-01	2.714151e-01	4.103482e-02
5.912321e-01	2.714981e-01	3.468891e-02
5.141618e-01	1.067517e-01	2.458910e-01
5.915681e-01	1.058932e-01	2.267899e-01
5.229970e-01	8.293045e-02	2.595093e-01
5.847157e-01	8.386610e-02	2.374605e-01
4.897224e-01	4.993035e-02	1.488067e-01
6.143458e-01	3.951638e-02	1.095940e-01
5.351231e-01	8.322419e-01	-2.545487e-01
5.285457e-01	8.528106e-01	-2.349091e-01
5.243115e-01	8.518835e-01	-2.349825e-01
5.202014e-01	8.509279e-01	-2.349477e-01
5.406744e-01	8.556048e-01	-2.365000e-01
5.452080e-01	8.567011e-01	-2.365452e-01
5.498742e-01	8.575894e-01	-2.364826e-01
5.158537e-01	8.432061e-01	-1.080626e-01
5.576563e-01	8.527537e-01	-1.146454e-01
5.296243e-01	8.117186e-01	-2.065820e-01
5.445316e-01	8.160793e-01	-2.080829e-01
4.915431e-01	7.390372e-01	-3.951297e-02
5.969851e-01	7.575681e-01	-4.932487e-02
4.404559e-01	7.110111e-01	-1.755396e-01
6.548220e-01	7.209374e-01	-1.139814e-01
4.221025e-01	7.174122e-01	-4.168731e-01
7.014375e-01	7.572088e-01	-2.786539e-01
4.039312e-01	7.222726e-01	-4.613192e-01
7.154062e-01	7.762971e-01	-3.209955e-01
4.069478e-01	7.262451e-01	-4.885365e-01
7.111006e-01	7.869409e-01	-3.428766e-01
4.174205e-01	7.213966e-01	-4.368833e-01
7.049261e-01	7.793687e-01	-2.959387e-01
5.252458e-01	4.524413e-01	5.717774e-03
5.815729e-01	4.621418e-01	-5.597536e-03
5.163404e-01	2.700481e-01	4.594814e-02
5.912353e-01	2.699364e-01	4.677588e-02
5.141575e-01	1.069310e-01	2.441762e-01
5.905343e-01	1.048923e-01	2.485731e-01
5.229501e-01	8.339606e-02	2.572300e-01
5.843895e-01	8.302221e-02	2.603857e-01
4.895287e-01	4.949718e-02	1.433140e-01
6.127228e-01	3.942511e-02	1.310043e-01
5.345054e-01	8.304064e-01	-2.702513e-01
5.280687e-01	8.513303e-01	-2.485766e-01
5.236989e-01	8.505004e-01	-2.486403e-01
5.192722e-01	8.495255e-01	-2.486151e-01
5.402079e-01	8.540238e-01	-2.518834e-01
5.448765e-01	8.551604e-01	-2.519366e-01
5.495559e-01	8.559710e-01	-2.518794e-01
5.148528e-01	8.423080e-01	-1.149463e-01
5.568451e-01	8.514543e-01	-1.295531e-01
5.290449e-01	8.098686e-01	-2.194433e-01
5.438967e-01	8.141435e-01	-2.235093e-01
4.896824e-01	7.384387e-01	-3.915489e-02
5.964516e-01	7.575697e-01	-6.714482e-02
4.405140e-01	7.121090e-01	-1.272545e-01
6.581244e-01	7.344141e-01	-1.270624e-01
3.793373e-01	7.535360e-01	-3.204975e-01
7.065096e-01	7.791788e-01	-3.127508e-01
3.701501e-01	7.578758e-01	-3.561839e-01
7.201267e-01	7.990838e-01	-3.542591e-01
3.666309e-01	7.741565e-01	-3.881837e-01
7.150489e-01	8.109903e-01	-3.775390e-01
3.779690e-01	7.596449e-01	-3.424019e-01
7.086586e-01	8.009404e-01	-3.309771e-01
5.241230e-01	4.504973e-01	9.208449e-03
5.810003e-01	4.600291e-01	-9.037632e-03
5.162513e-01	2.681581e-01	6.144134e-02
5.912129e-01	2.698495e-01	4.161483e-02
5.136701e-01	1.069520e-01	2.480510e-01
5.896463e-01	1.045935e-01	2.378796e-01
5.225356e-01	8.341008e-02	2.594524e-01
5.837413e-01	8.258826e-02	2.484568e-01
4.887754e-01	4.940965e-02	1.435293e-01
6.118767e-01	3.926276e-02	1.150946e-01
5.338096e-01	8.284197e-01	-2.797319e-01
5.274558e-01	8.497118e-01	-2.579189e-01
5.229998e-01	8.489077e-01	-2.579767e-01
5.183846e-01	8.478815e-01	-2.579625e-01
5.395261e-01	8.523678e-01	-2.616873e-01
5.443367e-01	8.534994e-01	-2.617360e-01
5.491259e-01	8.541804e-01	-2.616791e-01
5.137839e-01	8.405199e-01	-1.259177e-01
5.561248e-01	8.491938e-01	-1.421899e-01
5.284669e-01	8.078145e-01	-2.293162e-01
5.432695e-01	8.117146e-01	-2.339226e-01
4.888032e-01	7.385697e-01	-4.429495e-02
5.952152e-01	7.575693e-01	-7.706971e-02
4.323150e-01	7.317224e-01	-1.161265e-01
6.605091e-01	7.467303e-01	-9.020097e-02
3.654031e-01	7.751260e-01	-2.916132e-01
7.084852e-01	7.990365e-01	-1.826697e-01
3.557495e-01	7.885330e-01	-3.242728e-01
7.217616e-01	8.246456e-01	-2.107843e-01
3.548875e-01	7.958111e-01	-3.559130e-01
7.179701e-01	8.344046e-01	-2.381422e-01
3.625064e-01	7.936102e-01	-3.135504e-01
7.114186e-01	8.238518e-01	-2.002296e-01
5.234696e-01	4.487213e-01	9.235828e-03
5.804635e-01	4.576846e-01	-9.058817e-03
5.161095e-01	2.660224e-01	7.116674e-02
5.909789e-01	2.683480e-01	4.431868e-02
5.133004e-01	1.069154e-01	2.654450e-01
5.888791e-01	1.027140e-01	2.404096e-01
5.221602e-01	8.341131e-02	2.778550e-01
5.832017e-01	8.050758e-02	2.512676e-01
4.883419e-01	4.920494e-02	1.633076e-01
6.111578e-01	3.813988e-02	1.179617e-01
5.331905e-01	8.251078e-01	-2.794577e-01
5.268902e-01	8.459717e-01	-2.577290e-01
5.224837e-01	8.450127e-01	-2.577921e-01
5.178332e-01	8.440737e-01	-2.577757e-01
5.387913e-01	8.492990e-01	-2.613644e-01
5.436016e-01	8.506795e-01	-2.614114e-01
5.484514e-01	8.516124e-01	-2.613654e-01
5.133864e-01	8.374329e-01	-1.281657e-01
5.553741e-01	8.471736e-01	-1.434157e-01
5.280801e-01	8.044283e-01	-2.299232e-01
5.427410e-01	8.084892e-01	-2.342994e-01
4.890268e-01	7.384947e-01	-4.944300e-02
5.947682e-01	7.576305e-01	-7.884970e-02
4.315051e-01	7.385976e-01	-1.246497e-01
6.625955e-01	7.648394e-01	-7.456613e-02
3.719882e-01	7.836894e-01	-3.080702e-01
7.111497e-01	8.221833e-01	-1.387117e-01
3.570470e-01	7.985647e-01	-3.428926e-01
7.229312e-01	8.473161e-01	-1.624013e-01
3.561340e-01	8.068918e-01	-3.710629e-01
7.194536e-01	8.580303e-01	-1.897819e-01
3.645382e-01	8.031251e-01	-3.290880e-01
7.133875e-01	8.482423e-01	-1.554598e-01
5.234157e-01	4.476007e-01	9.062127e-03
5.802759e-01	4.553452e-01	-8.891850e-03
5.158495e-01	2.638675e-01	7.031738e-02
5.907167e-01	2.662998e-01	4.469929e-02
5.127156e-01	1.063609e-01	2.640393e-01
5.883428e-01	1.004243e-01	2.399807e-01
5.218439e-01	8.307306e-02	2.765129e-01
5.822013e-01	7.796320e-02	2.511287e-01
4.879704e-01	4.782489e-02	1.605101e-01
6.106294e-01	3.670415e-02	1.175902e-01
5.326857e-01	8.213488e-01	-2.769034e-01
5.263827e-01	8.416385e-01	-2.558883e-01
5.220146e-01	8.406125e-01	-2.559579e-01
5.173606e-01	8.398241e-01	-2.559302e-01
5.381175e-01	8.453120e-01	-2.586712e-01
5.428585e-01	8.468001e-01	-2.587146e-01
5.477821e-01	8.480884e-01	-2.586759e-01
5.130965e-01	8.336065e-01	-1.249676e-01
5.547844e-01	8.441211e-01	-1.397439e-01
5.277699e-01	8.005756e-01	-2.262390e-01
5.422412e-01	8.047622e-01	-2.300617e-01
4.890808e-01	7.395744e-01	-5.219734e-02
5.936692e-01	7.574497e-01	-7.759791e-02
4.308099e-01	7.535831e-01	-1.189052e-01
6.627046e-01	7.769532e-01	-8.279330e-02
3.726826e-01	7.991404e-01	-2.756782e-01
7.116100e-01	8.424966e-01	-1.589880e-01
3.563666e-01	8.137153e-01	-3.094080e-01
7.235742e-01	8.670428e-01	-1.832048e-01
3.554161e-01	8.220721e-01	-3.368402e-01
7.205823e-01	8.778778e-01	-2.135870e-01
3.645629e-01	8.177251e-01	-2.962598e-01
7.147721e-01	8.677780e-01	-1.777421e-01
5.230718e-01	4.468216e-01	8.707846e-03
5.793344e-01	4.541672e-01	-8.546954e-03
5.154241e-01	2.628734e-01	7.304402e-02
5.901510e-01	2.648764e-01	4.565394e-02
5.120043e-01	1.051733e-01	2.477309e-01
5.877328e-01	9.908997e-02	2.333663e-01
5.212238e-01	8.204654e-02	2.588133e-01
5.811601e-01	7.662096e-02	2.424589e-01
4.869911e-01	4.632192e-02	1.398404e-01
6.102396e-01	3.445368e-02	1.152287e-01
5.322470e-01	8.197160e-01	-2.750538e-01
5.260093e-01	8.399363e-01	-2.544170e-01
5.216540e-01	8.388554e-01	-2.544872e-01
5.169943e-01	8.380950e-01	-2.544675e-01
5.377452e-01	8.437021e-01	-2.566397e-01
5.425034e-01	8.451861e-01	-2.566813e-01
5.474600e-01	8.465191e-01	-2.566350e-01
5.127668e-01	8.319167e-01	-1.335907e-01
5.545560e-01	8.422950e-01	-1.398967e-01
5.274423e-01	7.989585e-01	-2.280422e-01
5.417971e-01	8.029660e-01	-2.300989e-01
4.893374e-01	7.416783e-01	-7.155985e-02
5.917454e-01	7.563447e-01	-7.844063e-02
4.297746e-01	7.646541e-01	-1.291923e-01
6.637379e-01	7.879351e-01	-9.319417e-02
3.708034e-01	8.252116e-01	-2.805691e-01
7.120653e-01	8.656362e-01	-1.810020e-01
3.561339e-01	8.463945e-01	-3.123880e-01
7.237326e-01	8.903254e-01	-2.064853e-01
3.556233e-01	8.525322e-01	-3.372000e-01
7.213153e-01	8.996382e-01	-2.335193e-01
3.661461e-01	8.379670e-01	-2.997956e-01
7.164394e-01	8.900592e-01	-1.991859e-01
5.226284e-01	4.446790e-01	5.778991e-03
5.781455e-01	4.517649e-01	-5.643422e-03
5.151982e-01	2.606544e-01	7.070025e-02
5.898160e-01	2.638057e-01	4.921659e-02
5.112933e-01	1.038895e-01	2.479894e-01
5.873606e-01	9.742954e-02	2.327344e-01
5.203763e-01	8.112890e-02	2.584536e-01
5.806218e-01	7.515188e-02	2.422019e-01
4.867066e-01	4.515449e-02	1.374505e-01
6.099566e-01	3.249897e-02	1.113185e-01
5.322510e-01	8.184386e-01	-2.746596e-01
5.259351e-01	8.383490e-01	-2.536850e-01
5.216479e-01	8.371214e-01	-2.537561e-01
5.169769e-01	8.361114e-01	-2.537327e-01
5.376643e-01	8.424919e-01	-2.558520e-01
5.424505e-01	8.441048e-01	-2.559005e-01
5.473462e-01	8.456005e-01	-2.558609e-01
5.128101e-01	8.295715e-01	-1.353652e-01
5.545449e-01	8.415653e-01	-1.414959e-01
5.274404e-01	7.973036e-01	-2.295539e-01
5.418017e-01	8.015323e-01	-2.314406e-01
4.905886e-01	7.416576e-01	-7.974514e-02
5.916359e-01	7.562449e-01	-8.475537e-02
4.303609e-01	7.725427e-01	-1.461247e-01
6.631759e-01	8.076193e-01	-9.642028e-02
3.760121e-01	8.450966e-01	-2.957967e-01
7.121481e-01	8.978081e-01	-1.973889e-01
3.625591e-01	8.685837e-01	-3.289401e-01
7.240201e-01	9.265535e-01	-2.240091e-01
3.645529e-01	8.760604e-01	-3.492017e-01
7.217256e-01	9.347038e-01	-2.487416e-01
3.730095e-01	8.709398e-01	-3.134578e-01
7.161833e-01	9.238939e-01	-2.148554e-01
5.224627e-01	4.436553e-01	3.943459e-03
5.777997e-01	4.503563e-01	-3.854227e-03
5.150893e-01	2.595339e-01	6.483912e-02
5.895226e-01	2.630188e-01	4.803921e-02
5.107563e-01	1.031736e-01	2.451995e-01
5.871506e-01	9.629036e-02	2.315708e-01
5.197767e-01	8.056031e-02	2.559309e-01
5.802466e-01	7.386719e-02	2.413743e-01
4.864639e-01	4.451457e-02	1.349083e-01
6.100013e-01	3.169426e-02	1.098535e-01
5.322684e-01	8.182830e-01	-2.746208e-01
5.259265e-01	8.379189e-01	-2.528198e-01
5.216618e-01	8.366044e-01	-2.528932e-01
5.170076e-01	8.353924e-01	-2.528659e-01
5.376853e-01	8.421291e-01	-2.550833e-01
5.424602e-01	8.437022e-01	-2.551370e-01
5.473579e-01	8.451384e-01	-2.550951e-01
5.128624e-01	8.284107e-01	-1.324790e-01
5.546032e-01	8.407639e-01	-1.399768e-01
5.274442e-01	7.971300e-01	-2.294668e-01
5.418176e-01	8.012712e-01	-2.316611e-01
4.920895e-01	7.416672e-01	-7.199357e-02
5.916244e-01	7.563071e-01	-8.516257e-02
4.309720e-01	7.770681e-01	-1.126379e-01
6.627887e-01	8.197582e-01	-1.085834e-01
3.787912e-01	8.622808e-01	-2.100316e-01
7.114053e-01	9.204276e-01	-2.145221e-01
3.657956e-01	8.896231e-01	-2.388991e-01
7.236643e-01	9.504552e-01	-2.436538e-01
3.687935e-01	8.978831e-01	-2.573079e-01
7.212958e-01	9.572102e-01	-2.678784e-01
3.763804e-01	8.901889e-01	-2.261574e-01
7.154755e-01	9.501935e-01	-2.322257e-01
5.224862e-01	4.437438e-01	3.858461e-03
5.777346e-01	4.503824e-01	-3.775347e-03
5.150328e-01	2.591242e-01	6.089788e-02
5.894366e-01	2.618925e-01	4.406942e-02
5.106117e-01	1.020855e-01	2.381773e-01
5.870887e-01	9.491795e-02	2.259097e-01
5.196438e-01	7.933532e-02	2.483518e-01
5.801114e-01	7.211959e-02	2.358690e-01
4.863979e-01	4.390327e-02	1.288215e-01
6.100502e-01	3.069057e-02	1.061909e-01
5.324397e-01	8.184661e-01	-2.844137e-01
5.259455e-01	8.377808e-01	-2.611981e-01
5.217748e-01	8.364294e-01	-2.612911e-01
5.171053e-01	8.350487e-01	-2.612604e-01
5.379021e-01	8.420727e-01	-2.640166e-01
5.427640e-01	8.436272e-01	-2.641037e-01
5.476009e-01	8.450446e-01	-2.640715e-01
5.130887e-01	8.276768e-01	-1.396494e-01
5.551724e-01	8.404589e-01	-1.504737e-01
5.275401e-01	7.972131e-01	-2.389992e-01
5.420810e-01	8.012093e-01	-2.422489e-01
4.954044e-01	7.402491e-01	-8.041529e-02
5.917264e-01	7.566293e-01	-1.038881e-01
4.368106e-01	7.783964e-01	-1.166553e-01
6.620911e-01	8.340942e-01	-1.448253e-01
3.833093e-01	8.725868e-01	-2.025636e-01
7.110540e-01	9.564546e-01	-2.256778e-01
3.702778e-01	9.096610e-01	-2.309719e-01
7.232732e-01	9.871587e-01	-2.601940e-01
3.730988e-01	9.190531e-01	-2.482562e-01
7.209879e-01	1.001474e+00	-2.845005e-01
3.797615e-01	9.036783e-01	-2.182980e-01
7.150130e-01	9.890151e-01	-2.416082e-01
5.226343e-01	4.439590e-01	4.143811e-03
5.777342e-01	4.503548e-01	-4.091471e-03
5.150248e-01	2.589234e-01	6.244106e-02
5.894312e-01	2.611526e-01	4.877413e-02
5.104660e-01	1.013707e-01	2.424136e-01
5.870508e-01	9.348047e-02	2.397797e-01
5.194875e-01	7.856362e-02	2.526371e-01
5.800356e-01	7.049545e-02	2.506428e-01
4.863250e-01	4.263942e-02	1.313762e-01
6.100584e-01	2.983189e-02	1.198743e-01
5.336587e-01	8.183895e-01	-2.994713e-01
5.267367e-01	8.375872e-01	-2.771411e-01
5.227668e-01	8.363039e-01	-2.772546e-01
5.184410e-01	8.349481e-01	-2.772426e-01
5.393560e-01	8.414451e-01	-2.795592e-01
5.440217e-01	8.427823e-01	-2.796476e-01
5.486311e-01	8.439520e-01	-2.796172e-01
5.142851e-01	8.273361e-01	-1.542261e-01
5.562816e-01	8.384849e-01	-1.638719e-01
5.282239e-01	7.970398e-01	-2.527567e-01
5.430610e-01	8.004419e-01	-2.556866e-01
4.970216e-01	7.400796e-01	-9.176715e-02
5.916681e-01	7.566321e-01	-1.153076e-01
4.398139e-01	7.897322e-01	-1.203349e-01
6.591115e-01	8.355197e-01	-1.583788e-01
3.883162e-01	8.959347e-01	-1.994535e-01
7.088302e-01	9.643257e-01	-2.526730e-01
3.749355e-01	9.352834e-01	-2.298694e-01
7.182335e-01	9.924851e-01	-2.852955e-01
3.771610e-01	9.428976e-01	-2.488569e-01
7.168885e-01	9.999267e-01	-3.138012e-01
3.820878e-01	9.324725e-01	-2.157642e-01
7.122460e-01	9.926237e-01	-2.728870e-01
5.226451e-01	4.440571e-01	4.625644e-03
5.777088e-01	4.502795e-01	-4.610179e-03
5.150507e-01	2.589210e-01	7.108901e-02
5.892252e-01	2.605471e-01	5.266135e-02
5.103062e-01	1.008249e-01	2.580586e-01
5.869955e-01	9.255384e-02	2.468211e-01
5.193204e-01	7.794867e-02	2.689250e-01
5.799477e-01	6.977864e-02	2.580115e-01
4.862117e-01	4.182661e-02	1.480985e-01
6.098595e-01	2.907833e-02	1.263853e-01
5.344823e-01	8.181164e-01	-2.945936e-01
5.274013e-01	8.373665e-01	-2.722868e-01
5.235454e-01	8.362209e-01	-2.723539e-01
5.195838e-01	8.349946e-01	-2.723136e-01
5.403315e-01	8.405849e-01	-2.741443e-01
5.449027e-01	8.416525e-01	-2.741906e-01
5.493899e-01	8.425792e-01	-2.741235e-01
5.156187e-01	8.274300e-01	-1.463768e-01
5.573429e-01	8.365298e-01	-1.572530e-01
5.287923e-01	7.967505e-01	-2.457859e-01
5.437202e-01	7.993250e-01	-2.482540e-01
4.998287e-01	7.401494e-01	-8.524977e-02
5.915742e-01	7.566107e-01	-1.123237e-01
4.446443e-01	7.987745e-01	-1.116593e-01
6.522021e-01	8.362817e-01	-1.596426e-01
3.938047e-01	9.169619e-01	-1.841044e-01
6.963479e-01	9.615043e-01	-2.588881e-01
3.818420e-01	9.563493e-01	-2.146842e-01
7.065015e-01	9.982000e-01	-2.925505e-01
3.847773e-01	9.617183e-01	-2.344829e-01
7.028605e-01	1.003548e+00	-3.200177e-01
3.879685e-01	9.527342e-01	-2.006860e-01
6.998677e-01	9.891998e-01	-2.789846e-01
5.226448e-01	4.441074e-01	6.180719e-03
5.774246e-01	4.505754e-01	-6.206403e-03
5.147727e-01	2.590702e-01	7.044311e-02
5.890785e-01	2.606832e-01	5.120636e-02
5.100906e-01	1.005579e-01	2.555976e-01
5.869343e-01	9.204088e-02	2.224694e-01
5.190257e-01	7.744496e-02	2.628961e-01
5.798962e-01	6.947826e-02	2.313766e-01
4.860374e-01	4.161483e-02	1.472023e-01
6.094434e-01	2.823946e-02	1.010856e-01
5.355541e-01	8.182558e-01	-2.833086e-01
5.281665e-01	8.375551e-01	-2.629616e-01
5.242239e-01	8.364143e-01	-2.630687e-01
5.205935e-01	8.352031e-01	-2.630629e-01
5.414827e-01	8.407676e-01	-2.662728e-01
5.459684e-01	8.417872e-01	-2.663642e-01
5.504922e-01	8.426660e-01	-2.663286e-01
5.168610e-01	8.275950e-01	-1.428348e-01
5.586141e-01	8.360630e-01	-1.545869e-01
5.296753e-01	7.967870e-01	-2.402670e-01
5.448492e-01	7.991096e-01	-2.447384e-01
5.017205e-01	7.401477e-01	-8.543245e-02
5.915952e-01	7.566149e-01	-1.133593e-01
4.499578e-01	8.036101e-01	-1.146795e-01
6.448413e-01	8.359178e-01	-1.628380e-01
3.969042e-01	9.246719e-01	-1.908492e-01
6.872312e-01	9.602259e-01	-2.623840e-01
3.857150e-01	9.544670e-01	-2.220348e-01
6.988643e-01	9.901788e-01	-2.966199e-01
3.870115e-01	9.643468e-01	-2.421812e-01
6.952280e-01	9.966344e-01	-3.239225e-01
3.913912e-01	9.524255e-01	-2.077071e-01
6.921009e-01	9.886193e-01	-2.824962e-01
5.222628e-01	4.443389e-01	6.692171e-03
5.767452e-01	4.503644e-01	-6.737625e-03
5.144994e-01	2.593002e-01	7.399330e-02
5.889984e-01	2.604570e-01	4.933146e-02
5.098957e-01	1.005615e-01	2.514725e-01
5.867774e-01	9.215862e-02	2.186650e-01
5.185814e-01	7.744109e-02	2.608273e-01
5.795575e-01	6.969508e-02	2.271487e-01
4.857920e-01	4.170538e-02	1.416077e-01
6.091743e-01	2.790870e-02	9.836201e-02
5.366936e-01	8.183807e-01	-2.659009e-01
5.290972e-01	8.377069e-01	-2.455947e-01
5.249764e-01	8.365194e-01	-2.457204e-01
5.216079e-01	8.352377e-01	-2.457209e-01
5.427387e-01	8.407044e-01	-2.492909e-01
5.471565e-01	8.415741e-01	-2.493825e-01
5.517673e-01	8.423221e-01	-2.493298e-01
5.179777e-01	8.277817e-01	-1.336492e-01
5.596231e-01	8.355351e-01	-1.491524e-01
5.305396e-01	7.968413e-01	-2.238192e-01
5.458599e-01	7.988775e-01	-2.286744e-01
5.030118e-01	7.406631e-01	-8.173197e-02
5.914649e-01	7.563419e-01	-1.090240e-01
4.522819e-01	8.158105e-01	-1.101818e-01
6.372970e-01	8.364589e-01	-1.732330e-01
4.000854e-01	9.378923e-01	-1.813820e-01
6.783471e-01	9.686673e-01	-2.887464e-01
3.878146e-01	9.670939e-01	-2.127238e-01
6.909401e-01	9.976854e-01	-3.260378e-01
3.896428e-01	9.757538e-01	-2.320654e-01
6.858796e-01	1.002932e+00	-3.518120e-01
3.943672e-01	9.646422e-01	-1.974309e-01
6.828497e-01	9.978308e-01	-3.086878e-01
5.217244e-01	4.445143e-01	7.013044e-03
5.760348e-01	4.504236e-01	-7.074109e-03
5.141242e-01	2.594127e-01	7.577876e-02
5.886964e-01	2.605302e-01	4.908153e-02
5.096093e-01	1.002973e-01	2.479473e-01
5.865139e-01	9.231533e-02	2.177036e-01
5.177734e-01	7.706888e-02	2.551823e-01
5.790609e-01	6.979812e-02	2.262355e-01
4.850497e-01	4.175000e-02	1.396235e-01
6.082850e-01	2.763249e-02	9.880568e-02
5.368215e-01	8.184636e-01	-2.649808e-01
5.293226e-01	8.377708e-01	-2.441606e-01
5.252269e-01	8.366314e-01	-2.442835e-01
5.219334e-01	8.354939e-01	-2.442767e-01
5.430566e-01	8.407643e-01	-2.478725e-01
5.475648e-01	8.415531e-01	-2.479678e-01
5.522240e-01	8.421737e-01	-2.479165e-01
5.184540e-01	8.279160e-01	-1.303088e-01
5.604855e-01	8.350910e-01	-1.475070e-01
5.306484e-01	7.969272e-01	-2.216649e-01
5.460572e-01	7.988911e-01	-2.265671e-01
5.036032e-01	7.409948e-01	-7.992496e-02
5.913451e-01	7.561814e-01	-1.107192e-01
4.538209e-01	8.121462e-01	-1.073832e-01
6.357091e-01	8.400280e-01	-2.023171e-01
4.039693e-01	9.377650e-01	-1.768614e-01
6.699051e-01	9.620280e-01	-3.443305e-01
3.922307e-01	9.681770e-01	-2.069064e-01
6.824802e-01	9.985256e-01	-3.854720e-01
3.930304e-01	9.778396e-01	-2.260731e-01
6.795825e-01	1.003110e+00	-4.074930e-01
3.979413e-01	9.652774e-01	-1.927429e-01
6.738073e-01	9.974883e-01	-3.634900e-01
5.215302e-01	4.446673e-01	8.231033e-03
5.756717e-01	4.501725e-01	-8.308591e-03
5.138514e-01	2.594687e-01	7.709627e-02
5.885838e-01	2.605667e-01	4.900926e-02
5.094540e-01	1.002850e-01	2.435242e-01
5.863427e-01	9.240308e-02	2.130932e-01
5.174567e-01	7.697859e-02	2.499073e-01
5.787333e-01	6.990333e-02	2.213888e-01
4.849758e-01	4.181155e-02	1.349724e-01
6.079231e-01	2.744632e-02	9.474855e-02
5.370244e-01	8.199001e-01	-2.636831e-01
5.296091e-01	8.388475e-01	-2.427722e-01
5.255051e-01	8.380302e-01	-2.429093e-01
5.222703e-01	8.371555e-01	-2.429209e-01
5.433062e-01	8.409243e-01	-2.462593e-01
5.478336e-01	8.416130e-01	-2.463490e-01
5.524865e-01	8.422597e-01	-2.462985e-01
5.188709e-01	8.284302e-01	-1.299262e-01
5.607799e-01	8.348794e-01	-1.457409e-01
5.308317e-01	7.979469e-01	-2.206504e-01
5.462277e-01	7.991191e-01	-2.249666e-01
5.037735e-01	7.426410e-01	-8.027003e-02
5.910838e-01	7.559192e-01	-1.078302e-01
4.538267e-01	8.194823e-01	-1.111124e-01
6.342553e-01	8.441992e-01	-1.867996e-01
4.059815e-01	9.469167e-01	-1.940071e-01
6.666156e-01	9.797719e-01	-2.619104e-01
3.940112e-01	9.745027e-01	-2.267688e-01
6.787215e-01	1.005797e+00	-2.979788e-01
3.945652e-01	9.836525e-01	-2.461716e-01
6.742506e-01	1.018739e+00	-3.215482e-01
4.001215e-01	9.727982e-01	-2.103010e-01
6.697704e-01	1.005173e+00	-2.806322e-01
5.214555e-01	4.449784e-01	8.049193e-03
5.754834e-01	4.502484e-01	-8.126045e-03
5.132954e-01	2.595297e-01	7.616366e-02
5.886070e-01	2.600018e-01	4.885541e-02
5.090278e-01	9.985359e-02	2.383853e-01
5.862836e-01	9.250049e-02	2.136930e-01
5.166879e-01	7.634807e-02	2.456010e-01
5.786430e-01	6.999357e-02	2.221408e-01
4.846478e-01	4.184105e-02	1.259136e-01
6.073819e-01	2.707713e-02	9.385304e-02
5.374104e-01	8.208328e-01	-2.612472e-01
5.301024e-01	8.392159e-01	-2.396826e-01
5.259063e-01	8.384702e-01	-2.398299e-01
5.226761e-01	8.376597e-01	-2.398492e-01
5.436127e-01	8.409582e-01	-2.435332e-01
5.480850e-01	8.416870e-01	-2.436205e-01
5.526835e-01	8.422828e-01	-2.435828e-01
5.193250e-01	8.285214e-01	-1.250028e-01
5.609401e-01	8.344432e-01	-1.412442e-01
5.313026e-01	7.983340e-01	-2.173232e-01
5.465418e-01	7.992189e-01	-2.218923e-01
5.039659e-01	7.427336e-01	-7.761631e-02
5.910258e-01	7.558474e-01	-1.058674e-01
4.566754e-01	8.230456e-01	-1.098194e-01
6.351205e-01	8.527812e-01	-1.508707e-01
4.067698e-01	9.517838e-01	-1.872292e-01
6.664109e-01	9.872299e-01	-2.109949e-01
3.953698e-01	9.797729e-01	-2.189800e-01
6.788050e-01	1.024048e+00	-2.405535e-01
3.958142e-01	9.883349e-01	-2.366251e-01
6.723818e-01	1.027885e+00	-2.613448e-01
4.009517e-01	9.753513e-01	-2.032301e-01
6.675559e-01	1.012364e+00	-2.276945e-01
5.214652e-01	4.449037e-01	7.348557e-03
5.754623e-01	4.494736e-01	-7.414181e-03
5.129634e-01	2.592004e-01	7.521864e-02
5.885963e-01	2.589521e-01	4.843239e-02
5.088192e-01	9.908421e-02	2.352670e-01
5.862731e-01	9.233388e-02	2.153029e-01
5.163817e-01	7.518668e-02	2.432675e-01
5.786349e-01	7.012872e-02	2.238058e-01
4.843388e-01	4.162882e-02	1.236506e-01
6.071387e-01	2.641092e-02	9.721137e-02
5.383953e-01	8.222596e-01	-2.625745e-01
5.311378e-01	8.399906e-01	-2.410934e-01
5.267003e-01	8.393223e-01	-2.412326e-01
5.233529e-01	8.386538e-01	-2.412465e-01
5.443782e-01	8.412409e-01	-2.446791e-01
5.487393e-01	8.417694e-01	-2.447636e-01
5.533051e-01	8.423333e-01	-2.447272e-01
5.201275e-01	8.285827e-01	-1.250620e-01
5.615692e-01	8.342291e-01	-1.376240e-01
5.322082e-01	7.994469e-01	-2.183783e-01
5.473375e-01	8.000016e-01	-2.225318e-01
5.041448e-01	7.430559e-01	-7.729803e-02
5.910213e-01	7.557151e-01	-9.933110e-02
4.563127e-01	8.296515e-01	-1.116574e-01
6.362589e-01	8.580406e-01	-1.302260e-01
4.078798e-01	9.617457e-01	-1.930982e-01
6.628116e-01	1.002845e+00	-1.896667e-01
3.961769e-01	9.890473e-01	-2.257427e-01
6.735075e-01	1.037594e+00	-2.198974e-01
3.972972e-01	9.931554e-01	-2.431365e-01
6.662922e-01	1.040846e+00	-2.374851e-01
4.035234e-01	9.846585e-01	-2.089724e-01
6.614975e-01	1.027601e+00	-2.051465e-01
5.218987e-01	4.443873e-01	5.344878e-03
5.755028e-01	4.481650e-01	-5.370934e-03
5.129142e-01	2.578361e-01	7.299192e-02
5.887309e-01	2.571213e-01	5.030058e-02
5.086759e-01	9.746321e-02	2.365916e-01
5.863125e-01	9.160277e-02	2.300116e-01
5.162255e-01	7.355265e-02	2.452531e-01
5.788185e-01	6.980237e-02	2.395252e-01
4.842855e-01	4.042038e-02	1.237129e-01
6.072285e-01	2.544739e-02	1.093948e-01
5.393499e-01	8.231067e-01	-2.728142e-01
5.322212e-01	8.413301e-01	-2.523533e-01
5.276245e-01	8.407965e-01	-2.525061e-01
5.240630e-01	8.403047e-01	-2.525362e-01
5.453400e-01	8.419042e-01	-2.548586e-01
5.496735e-01	8.421024e-01	-2.549444e-01
5.542456e-01	8.423747e-01	-2.549143e-01
5.210004e-01	8.292608e-01	-1.379974e-01
5.627476e-01	8.329928e-01	-1.464977e-01
5.329763e-01	8.002284e-01	-2.284840e-01
5.480772e-01	8.002937e-01	-2.312724e-01
5.042861e-01	7.440819e-01	-8.746783e-02
5.910265e-01	7.554092e-01	-1.042227e-01
4.575816e-01	8.346005e-01	-1.225631e-01
6.367500e-01	8.561449e-01	-1.413811e-01
4.138518e-01	9.643506e-01	-1.997191e-01
6.621433e-01	9.988180e-01	-2.171308e-01
4.027382e-01	9.924317e-01	-2.325546e-01
6.708663e-01	1.030297e+00	-2.504503e-01
4.047731e-01	9.944536e-01	-2.498077e-01
6.639972e-01	1.034277e+00	-2.724634e-01
4.113804e-01	9.866702e-01	-2.154836e-01
6.598548e-01	1.028257e+00	-2.350499e-01
5.219222e-01	4.442879e-01	5.034615e-03
5.754602e-01	4.478426e-01	-5.064628e-03
5.124573e-01	2.574219e-01	7.186846e-02
5.886487e-01	2.571495e-01	5.262750e-02
5.086690e-01	9.667938e-02	2.365937e-01
5.861262e-01	9.111756e-02	2.310476e-01
5.162479e-01	7.225294e-02	2.453032e-01
5.784882e-01	6.974934e-02	2.404820e-01
4.838496e-01	3.951830e-02	1.240210e-01
6.071130e-01	2.511822e-02	1.125935e-01
5.401888e-01	8.255234e-01	-2.404804e-01
5.329570e-01	8.437499e-01	-2.203474e-01
5.282178e-01	8.431931e-01	-2.204736e-01
5.245140e-01	8.426757e-01	-2.204711e-01
5.461041e-01	8.439267e-01	-2.219540e-01
5.504056e-01	8.437880e-01	-2.220419e-01
5.549954e-01	8.435667e-01	-2.220035e-01
5.214482e-01	8.300255e-01	-1.132249e-01
5.633555e-01	8.329809e-01	-1.185796e-01
5.335675e-01	8.022435e-01	-1.996100e-01
5.488479e-01	8.018311e-01	-2.013060e-01
5.043552e-01	7.443857e-01	-7.380854e-02
5.905138e-01	7.550151e-01	-9.147791e-02
4.594173e-01	8.348558e-01	-1.166133e-01
6.296057e-01	8.523917e-01	-1.569785e-01
4.189435e-01	9.589211e-01	-1.817951e-01
6.570541e-01	9.864131e-01	-2.661481e-01
4.080729e-01	9.885322e-01	-2.137693e-01
6.644954e-01	1.024603e+00	-3.022929e-01
4.130343e-01	9.940907e-01	-2.292913e-01
6.604526e-01	1.021710e+00	-3.230502e-01
4.172060e-01	9.803445e-01	-1.965420e-01
6.542494e-01	1.014050e+00	-2.839794e-01
5.219446e-01	4.431038e-01	5.054073e-03
5.754954e-01	4.462161e-01	-5.081210e-03
5.122753e-01	2.569368e-01	6.981948e-02
5.885792e-01	2.568707e-01	5.196745e-02
5.085157e-01	9.576932e-02	2.280265e-01
5.858125e-01	8.965071e-02	2.245189e-01
5.161545e-01	7.105345e-02	2.361383e-01
5.780214e-01	6.902239e-02	2.329645e-01
4.834987e-01	3.689695e-02	1.187683e-01
6.069171e-01	2.348910e-02	1.083011e-01
5.408348e-01	8.284229e-01	-2.607644e-01
5.337111e-01	8.464952e-01	-2.420452e-01
5.288857e-01	8.460510e-01	-2.421916e-01
5.249687e-01	8.457091e-01	-2.422274e-01
5.468031e-01	8.461107e-01	-2.402065e-01
5.510734e-01	8.457082e-01	-2.403014e-01
5.555864e-01	8.451081e-01	-2.402542e-01
5.218762e-01	8.323603e-01	-1.374999e-01
5.638329e-01	8.330545e-01	-1.277127e-01
5.338815e-01	8.051729e-01	-2.211068e-01
5.493478e-01	8.039822e-01	-2.181012e-01
5.041479e-01	7.453669e-01	-9.603086e-02
5.905243e-01	7.550029e-01	-9.437638e-02
4.590646e-01	8.308524e-01	-1.446611e-01
6.316493e-01	8.558578e-01	-1.539609e-01
4.196069e-01	9.552988e-01	-2.231288e-01
6.562847e-01	9.990981e-01	-2.438869e-01
4.085471e-01	9.869183e-01	-2.588007e-01
6.645890e-01	1.030860e+00	-2.793896e-01
4.121314e-01	9.944183e-01	-2.757069e-01
6.583507e-01	1.042137e+00	-2.964839e-01
4.178669e-01	9.783900e-01	-2.383114e-01
6.527781e-01	1.027141e+00	-2.600778e-01
5.219377e-01	4.431683e-01	4.117656e-03
5.755028e-01	4.462787e-01	-4.146916e-03
5.122691e-01	2.559495e-01	6.746320e-02
5.885707e-01	2.564684e-01	5.279660e-02
5.082591e-01	9.404124e-02	2.288348e-01
5.854818e-01	8.861875e-02	2.282431e-01
5.159553e-01	6.891049e-02	2.370551e-01
5.775352e-01	6.855333e-02	2.368457e-01
4.823311e-01	3.495281e-02	1.192171e-01
6.069087e-01	2.260821e-02	1.103655e-01
5.414367e-01	8.306042e-01	-2.560983e-01
5.343033e-01	8.489124e-01	-2.347862e-01
5.294485e-01	8.484232e-01	-2.349389e-01
5.253726e-01	8.479162e-01	-2.349702e-01
5.473116e-01	8.486652e-01	-2.339506e-01
5.515060e-01	8.481967e-01	-2.340358e-01
5.559593e-01	8.473359e-01	-2.339661e-01
5.224130e-01	8.339599e-01	-1.250132e-01
5.640819e-01	8.333011e-01	-1.183091e-01
5.343007e-01	8.071426e-01	-2.151953e-01
5.497722e-01	8.059425e-01	-2.131924e-01
5.038425e-01	7.454858e-01	-9.508379e-02
5.906417e-01	7.546951e-01	-8.101822e-02
4.588527e-01	8.300563e-01	-1.383953e-01
6.328423e-01	8.546146e-01	-1.358570e-01
4.276634e-01	9.522120e-01	-2.207411e-01
6.548489e-01	9.982380e-01	-2.303446e-01
4.202937e-01	9.822504e-01	-2.560317e-01
6.614057e-01	1.028999e+00	-2.688872e-01
4.250829e-01	9.888228e-01	-2.732601e-01
6.558884e-01	1.036347e+00	-2.842707e-01
4.291260e-01	9.750163e-01	-2.364128e-01
6.506203e-01	1.024822e+00	-2.461542e-01
5.215853e-01	4.426017e-01	4.135180e-03
5.754951e-01	4.454765e-01	-4.159612e-03
5.120767e-01	2.545705e-01	6.561257e-02
5.885310e-01	2.556462e-01	5.240803e-02
5.078396e-01	9.315938e-02	2.314272e-01
5.849926e-01	8.751080e-02	2.280145e-01
5.156758e-01	6.778736e-02	2.404174e-01
5.771188e-01	6.802202e-02	2.366875e-01
4.810513e-01	3.255018e-02	1.201384e-01
6.060516e-01	2.175030e-02	1.100267e-01
5.416808e-01	8.308580e-01	-2.242858e-01
5.346072e-01	8.498995e-01	-2.013997e-01
5.297295e-01	8.493435e-01	-2.015247e-01
5.255971e-01	8.486529e-01	-2.015078e-01
5.475867e-01	8.499098e-01	-2.006081e-01
5.517488e-01	8.493940e-01	-2.006675e-01
5.561755e-01	8.483499e-01	-2.005653e-01
5.227185e-01	8.347828e-01	-8.888781e-02
5.640177e-01	8.336344e-01	-8.223232e-02
5.344664e-01	8.077019e-01	-1.830645e-01
5.498936e-01	8.065851e-01	-1.810697e-01
5.031989e-01	7.455261e-01	-5.447679e-02
5.906525e-01	7.535085e-01	-4.346361e-02
4.583946e-01	8.287887e-01	-9.725617e-02
6.327120e-01	8.505920e-01	-8.771615e-02
4.328693e-01	9.513448e-01	-1.656807e-01
6.473333e-01	9.968645e-01	-1.738386e-01
4.261470e-01	9.780093e-01	-2.019661e-01
6.528292e-01	1.027523e+00	-2.118994e-01
4.322776e-01	9.847974e-01	-2.204634e-01
6.459642e-01	1.030883e+00	-2.237409e-01
4.361663e-01	9.721712e-01	-1.807538e-01
6.421736e-01	1.019869e+00	-1.875885e-01
5.207428e-01	4.415604e-01	3.878687e-03
5.754552e-01	4.433535e-01	-3.874311e-03
5.118296e-01	2.536153e-01	6.026729e-02
5.880764e-01	2.553161e-01	4.695443e-02
5.074003e-01	9.322350e-02	2.318209e-01
5.838608e-01	8.732840e-02	2.218650e-01
5.152248e-01	6.795353e-02	2.408394e-01
5.758863e-01	6.799842e-02	2.303021e-01
4.809350e-01	3.244336e-02	1.202663e-01
6.054407e-01	2.164330e-02	1.042159e-01
5.421888e-01	8.322344e-01	-2.021362e-01
5.350785e-01	8.514562e-01	-1.786985e-01
5.301780e-01	8.507295e-01	-1.787906e-01
5.258929e-01	8.497849e-01	-1.787467e-01
5.479315e-01	8.517970e-01	-1.768376e-01
5.520062e-01	8.512949e-01	-1.769085e-01
5.563163e-01	8.502038e-01	-1.768312e-01
5.230107e-01	8.356447e-01	-6.712037e-02
5.640012e-01	8.346204e-01	-5.588704e-02
5.347168e-01	8.088772e-01	-1.617865e-01
5.500583e-01	8.079940e-01	-1.584707e-01
5.023861e-01	7.454926e-01	-3.446104e-02
5.901566e-01	7.514510e-01	-2.771576e-02
4.581209e-01	8.257539e-01	-8.384782e-02
6.321641e-01	8.330797e-01	-8.355119e-02
4.336855e-01	9.476168e-01	-1.353976e-01
6.398938e-01	9.671256e-01	-1.716401e-01
4.275257e-01	9.767734e-01	-1.689355e-01
6.412730e-01	9.933271e-01	-2.090977e-01
4.332123e-01	9.825124e-01	-1.857130e-01
6.353520e-01	9.959174e-01	-2.194725e-01
4.372057e-01	9.714652e-01	-1.498014e-01
6.340058e-01	9.850281e-01	-1.844818e-01
5.200964e-01	4.398204e-01	2.990236e-03
5.751855e-01	4.404763e-01	-2.946404e-03
5.115050e-01	2.528790e-01	5.232282e-02
5.867313e-01	2.546164e-01	4.325072e-02
5.066971e-01	9.325291e-02	2.270869e-01
5.823733e-01	8.705059e-02	2.147817e-01
5.143886e-01	6.806753e-02	2.366143e-01
5.739736e-01	6.768800e-02	2.231114e-01
4.806873e-01	3.241002e-02	1.175508e-01
6.054585e-01	2.147817e-02	9.768777e-02
5.434479e-01	8.320893e-01	-2.198307e-01
5.365797e-01	8.516321e-01	-1.982024e-01
5.319036e-01	8.509734e-01	-1.982975e-01
5.273088e-01	8.500186e-01	-1.982681e-01
5.492100e-01	8.517914e-01	-1.969440e-01
5.533907e-01	8.512276e-01	-1.970138e-01
5.576679e-01	8.501639e-01	-1.969136e-01
5.240010e-01	8.356880e-01	-8.539048e-02
5.648087e-01	8.344483e-01	-7.806471e-02
5.356142e-01	8.087814e-01	-1.789347e-01
5.507108e-01	8.079627e-01	-1.763416e-01
5.023482e-01	7.419697e-01	-7.929115e-02
5.903828e-01	7.459659e-01	-3.598228e-02
4.590318e-01	8.033337e-01	-3.181215e-01
6.315424e-01	8.111261e-01	-2.876222e-01
4.419781e-01	9.128969e-01	-5.295587e-01
6.371747e-01	9.387592e-01	-5.201811e-01
4.384507e-01	9.494087e-01	-5.874401e-01
6.346681e-01	9.646392e-01	-5.782104e-01
4.448314e-01	9.548133e-01	-5.855514e-01
6.289179e-01	9.676353e-01	-5.734554e-01
4.474645e-01	9.431333e-01	-5.393378e-01
6.284855e-01	9.568880e-01	-5.309991e-01
5.201820e-01	4.347833e-01	3.009462e-03
5.753160e-01	4.341139e-01	-2.962987e-03
5.115076e-01	2.515733e-01	5.493782e-02
5.865110e-01	2.526900e-01	4.824331e-02
5.064670e-01	9.328855e-02	2.332371e-01
5.822448e-01	8.632969e-02	2.157086e-01
5.142077e-01	6.819075e-02	2.430983e-01
5.739144e-01	6.699388e-02	2.242877e-01
4.808074e-01	3.206960e-02	1.227246e-01
6.055288e-01	2.071398e-02	9.790141e-02
5.448986e-01	8.298996e-01	-2.663740e-01
5.379758e-01	8.503268e-01	-2.472676e-01
5.333690e-01	8.497496e-01	-2.473194e-01
5.285191e-01	8.488352e-01	-2.472529e-01
5.504793e-01	8.503605e-01	-2.431018e-01
5.548243e-01	8.496699e-01	-2.431351e-01
5.591115e-01	8.484088e-01	-2.429874e-01
5.243984e-01	8.347229e-01	-1.319815e-01
5.660762e-01	8.329592e-01	-1.107524e-01
5.367478e-01	8.067408e-01	-2.244841e-01
5.518364e-01	8.057534e-01	-2.177759e-01
5.022822e-01	7.391313e-01	-1.515355e-01
5.906246e-01	7.418587e-01	-1.141557e-01
4.652038e-01	7.665485e-01	-5.064331e-01
6.293696e-01	7.859321e-01	-4.375803e-01
4.504529e-01	8.308371e-01	-8.216691e-01
6.356255e-01	8.814834e-01	-7.469155e-01
4.458964e-01	8.670090e-01	-9.021715e-01
6.342832e-01	9.102328e-01	-8.213258e-01
4.515896e-01	8.756192e-01	-9.005688e-01
6.279906e-01	9.141609e-01	-8.195925e-01
4.555538e-01	8.617625e-01	-8.347442e-01
6.260979e-01	9.019846e-01	-7.627338e-01
5.201808e-01	4.251568e-01	2.362102e-03
5.753982e-01	4.276513e-01	-2.341778e-03
5.115127e-01	2.504160e-01	6.335454e-02
5.865763e-01	2.506866e-01	6.296762e-02
5.065597e-01	9.333365e-02	2.712536e-01
5.822634e-01	8.590169e-02	2.537584e-01
5.144712e-01	6.846102e-02	2.830414e-01
5.739678e-01	6.669758e-02	2.629841e-01
4.817954e-01	3.215526e-02	1.597446e-01
6.055681e-01	2.063029e-02	1.284236e-01
5.455173e-01	8.280979e-01	-2.745696e-01
5.386080e-01	8.470346e-01	-2.553566e-01
5.341336e-01	8.467592e-01	-2.554106e-01
5.291716e-01	8.461123e-01	-2.553563e-01
5.512615e-01	8.466632e-01	-2.561146e-01
5.559572e-01	8.461593e-01	-2.561408e-01
5.601761e-01	8.453538e-01	-2.560222e-01
5.248417e-01	8.341718e-01	-1.339712e-01
5.675284e-01	8.321974e-01	-1.352372e-01
5.372468e-01	8.042834e-01	-2.294717e-01
5.524758e-01	8.025344e-01	-2.289172e-01
5.022013e-01	7.365773e-01	-1.383916e-01
5.910469e-01	7.371246e-01	-1.445822e-01
4.716132e-01	7.408632e-01	-4.914339e-01
6.183270e-01	7.348652e-01	-4.995084e-01
4.633743e-01	7.481987e-01	-8.327896e-01
6.270197e-01	7.919368e-01	-8.454909e-01
4.572209e-01	7.641011e-01	-9.133128e-01
6.328645e-01	8.159571e-01	-9.273953e-01
4.653218e-01	7.668371e-01	-9.128370e-01
6.258486e-01	8.220512e-01	-9.254111e-01
4.706302e-01	7.579554e-01	-8.464068e-01
6.215560e-01	8.101426e-01	-8.618336e-01
5.200887e-01	4.218989e-01	3.652586e-03
5.754874e-01	4.256154e-01	-3.695168e-03
5.115139e-01	2.501081e-01	5.482014e-02
5.865781e-01	2.495851e-01	5.839879e-02
5.069262e-01	9.265534e-02	2.652662e-01
5.822779e-01	8.472922e-02	2.443546e-01
5.147107e-01	6.756989e-02	2.749671e-01
5.740195e-01	6.527493e-02	2.532718e-01
4.820807e-01	3.221024e-02	1.436431e-01
6.060191e-01	2.065068e-02	1.248425e-01
5.468872e-01	8.223148e-01	-2.627541e-01
5.401698e-01	8.416337e-01	-2.543629e-01
5.356172e-01	8.416182e-01	-2.545179e-01
5.309662e-01	8.416277e-01	-2.545039e-01
5.529584e-01	8.411108e-01	-2.556737e-01
5.577013e-01	8.406848e-01	-2.558670e-01
5.617785e-01	8.402620e-01	-2.556201e-01
5.257791e-01	8.322414e-01	-1.304003e-01
5.687804e-01	8.297884e-01	-1.296847e-01
5.385065e-01	7.993979e-01	-2.175416e-01
5.539762e-01	7.978311e-01	-2.162949e-01
5.021465e-01	7.359273e-01	-1.194048e-01
5.914451e-01	7.344485e-01	-1.198797e-01
4.726480e-01	7.159154e-01	-4.317411e-01
6.152594e-01	7.137164e-01	-4.277650e-01
4.656134e-01	7.230789e-01	-7.422868e-01
6.242796e-01	7.388187e-01	-7.771800e-01
4.626057e-01	7.144399e-01	-8.160447e-01
6.312144e-01	7.459128e-01	-8.554167e-01
4.741142e-01	7.265211e-01	-8.159663e-01
6.237100e-01	7.495324e-01	-8.568670e-01
4.781548e-01	7.207874e-01	-7.537188e-01
6.188178e-01	7.423342e-01	-7.938393e-01
5.202360e-01	4.218313e-01	5.054858e-03
5.759887e-01	4.261190e-01	-5.112512e-03
5.111924e-01	2.495755e-01	4.463950e-02
5.865784e-01	2.489304e-01	3.789032e-02
5.072466e-01	9.137873e-02	2.246112e-01
5.828419e-01	8.254135e-02	2.001064e-01
5.153586e-01	6.657086e-02	2.325851e-01
5.747521e-01	6.130552e-02	2.060870e-01
4.829073e-01	3.191970e-02	1.104658e-01
6.072080e-01	1.908865e-02	7.363176e-02
5.487095e-01	8.217491e-01	-2.321388e-01
5.424778e-01	8.414034e-01	-2.185993e-01
5.374705e-01	8.412805e-01	-2.186428e-01
5.332083e-01	8.411807e-01	-2.185717e-01
5.552170e-01	8.410988e-01	-2.209555e-01
5.594261e-01	8.406386e-01	-2.210212e-01
5.639506e-01	8.400099e-01	-2.209040e-01
5.274932e-01	8.316980e-01	-9.991543e-02
5.700632e-01	8.294425e-01	-1.082917e-01
5.404875e-01	7.991060e-01	-1.865533e-01
5.561879e-01	7.981396e-01	-1.880018e-01
5.019258e-01	7.323824e-01	-6.276076e-02
5.935432e-01	7.292874e-01	-1.031971e-01
4.776503e-01	6.730965e-01	-4.129748e-01
6.170391e-01	6.788849e-01	-3.789987e-01
4.719963e-01	6.762069e-01	-6.030651e-01
6.233414e-01	6.969960e-01	-7.198027e-01
4.646023e-01	6.819280e-01	-6.655991e-01
6.294806e-01	7.033098e-01	-7.946778e-01
4.750264e-01	6.887041e-01	-6.721703e-01
6.218701e-01	7.101136e-01	-7.940897e-01
4.809969e-01	6.856919e-01	-6.158630e-01
6.169161e-01	7.047928e-01	-7.335316e-01
5.197465e-01	4.223705e-01	6.949025e-03
5.759917e-01	4.266125e-01	-6.991388e-03
5.109888e-01	2.479651e-01	3.246603e-02
5.863298e-01	2.479588e-01	1.675115e-02
5.072550e-01	9.037922e-02	2.128715e-01
5.830101e-01	8.042350e-02	1.790911e-01
5.154435e-01	6.581195e-02	2.219735e-01
5.749131e-01	5.823711e-02	1.857501e-01
4.830976e-01	3.116665e-02	1.048902e-01
6.076013e-01	1.883345e-02	5.270728e-02
5.496155e-01	8.218870e-01	-2.362275e-01
5.436344e-01	8.414962e-01	-2.197605e-01
5.386688e-01	8.412416e-01	-2.198142e-01
5.346668e-01	8.410213e-01	-2.197644e-01
5.558366e-01	8.412483e-01	-2.204183e-01
5.599709e-01	8.407336e-01	-2.204717e-01
5.645077e-01	8.400196e-01	-2.203788e-01
5.289099e-01	8.312117e-01	-9.345692e-02
5.704441e-01	8.290160e-01	-9.178778e-02
5.416330e-01	7.992158e-01	-1.897171e-01
5.569029e-01	7.983720e-01	-1.891350e-01
5.010321e-01	7.212483e-01	-1.726798e-02
5.942439e-01	7.199951e-01	-2.892742e-02
4.793715e-01	6.070868e-01	-1.382012e-01
6.154124e-01	6.371577e-01	-1.592977e-01
4.751027e-01	6.439679e-01	-3.611716e-01
6.221174e-01	6.727886e-01	-4.246190e-01
4.707205e-01	6.560323e-01	-4.068608e-01
6.247546e-01	6.739758e-01	-4.791415e-01
4.759135e-01	6.645858e-01	-4.210242e-01
6.218248e-01	6.884705e-01	-4.870010e-01
4.807099e-01	6.626889e-01	-3.729686e-01
6.184245e-01	6.862122e-01	-4.365786e-01
5.196331e-01	4.220161e-01	6.884149e-03
5.756444e-01	4.266192e-01	-6.932661e-03
5.109823e-01	2.452853e-01	3.608187e-02
5.860755e-01	2.471802e-01	2.428263e-02
5.072556e-01	8.790910e-02	2.091231e-01
5.831448e-01	7.923208e-02	1.902954e-01
5.154471e-01	6.323013e-02	2.189432e-01
5.755261e-01	5.652051e-02	1.980131e-01
4.832323e-01	3.032643e-02	1.053668e-01
6.076945e-01	1.884502e-02	6.864750e-02
5.502406e-01	8.229724e-01	-2.282901e-01
5.444615e-01	8.416262e-01	-2.088315e-01
5.394220e-01	8.413387e-01	-2.089257e-01
5.354905e-01	8.410440e-01	-2.089365e-01
5.564126e-01	8.413900e-01	-2.066504e-01
5.602909e-01	8.408250e-01	-2.066856e-01
5.648443e-01	8.400453e-01	-2.065832e-01
5.295709e-01	8.309273e-01	-8.602245e-02
5.705339e-01	8.290871e-01	-7.481108e-02
5.426158e-01	7.999844e-01	-1.833556e-01
5.576187e-01	7.997211e-01	-1.798809e-01
5.003432e-01	7.124132e-01	-3.083546e-02
5.948535e-01	7.123048e-01	-1.048007e-02
4.770027e-01	6.125802e-01	-1.563807e-01
6.137616e-01	6.275910e-01	-1.229732e-01
4.707218e-01	6.142566e-01	-3.848535e-01
6.220317e-01	6.481337e-01	-3.681902e-01
4.673585e-01	6.044775e-01	-4.365594e-01
6.212283e-01	6.460775e-01	-4.245625e-01
4.747775e-01	6.259640e-01	-4.572182e-01
6.192729e-01	6.614991e-01	-4.356354e-01
4.784741e-01	6.259477e-01	-3.990870e-01
6.178535e-01	6.614316e-01	-3.818862e-01
5.193176e-01	4.209666e-01	1.554067e-03
5.754681e-01	4.266923e-01	-1.426516e-03
5.108330e-01	2.429956e-01	1.596998e-02
5.860597e-01	2.449668e-01	2.761240e-02
5.070333e-01	8.558369e-02	1.971978e-01
5.830739e-01	7.754398e-02	1.996781e-01
5.148140e-01	6.152626e-02	2.078833e-01
5.755945e-01	5.405515e-02	2.077193e-01
4.833405e-01	3.019246e-02	9.253972e-02
6.077028e-01	1.879365e-02	8.508374e-02
5.504895e-01	8.229290e-01	-2.302852e-01
5.447496e-01	8.410957e-01	-2.099700e-01
5.397621e-01	8.407669e-01	-2.100702e-01
5.358495e-01	8.403387e-01	-2.100867e-01
5.565502e-01	8.407180e-01	-2.075621e-01
5.603422e-01	8.400584e-01	-2.075801e-01
5.648155e-01	8.392204e-01	-2.074620e-01
5.299096e-01	8.301771e-01	-8.659754e-02
5.703957e-01	8.285910e-01	-7.502450e-02
5.429338e-01	8.000918e-01	-1.852644e-01
5.578710e-01	7.998593e-01	-1.817125e-01
5.002480e-01	7.099596e-01	-3.083862e-02
5.949324e-01	7.123349e-01	-1.764483e-03
4.758303e-01	6.062720e-01	-9.713637e-02
6.132971e-01	6.040667e-01	-8.070298e-02
4.683491e-01	5.655929e-01	-2.894624e-01
6.209707e-01	6.135564e-01	-3.200656e-01
4.653915e-01	5.385436e-01	-3.378013e-01
6.198635e-01	6.178493e-01	-3.771831e-01
4.715255e-01	5.304989e-01	-3.703346e-01
6.183107e-01	6.356364e-01	-3.946789e-01
4.776447e-01	5.657110e-01	-3.070799e-01
6.164362e-01	6.347503e-01	-3.356972e-01
5.193225e-01	4.213221e-01	-2.453010e-04
5.754836e-01	4.268773e-01	4.074691e-04
5.107112e-01	2.417226e-01	7.209212e-03
5.861006e-01	2.434673e-01	2.920076e-02
5.069693e-01	8.251922e-02	1.960646e-01
5.828511e-01	7.665340e-02	1.998281e-01
5.148062e-01	5.870787e-02	2.072423e-01
5.755661e-01	5.333153e-02	2.087809e-01
4.829457e-01	2.968799e-02	9.121659e-02
6.072202e-01	1.856075e-02	8.823364e-02
5.509499e-01	8.229751e-01	-2.351907e-01
5.451097e-01	8.410295e-01	-2.152219e-01
5.400804e-01	8.407075e-01	-2.153139e-01
5.361010e-01	8.402621e-01	-2.153685e-01
5.570179e-01	8.407386e-01	-2.116564e-01
5.607640e-01	8.400985e-01	-2.116580e-01
5.653124e-01	8.392989e-01	-2.115108e-01
5.300659e-01	8.299090e-01	-1.037970e-01
5.704913e-01	8.286129e-01	-8.974282e-02
5.432715e-01	8.001516e-01	-1.952172e-01
5.584854e-01	7.999153e-01	-1.910638e-01
4.999101e-01	7.068290e-01	-4.057596e-02
5.960222e-01	7.091668e-01	-2.409783e-02
4.755920e-01	5.911715e-01	-7.014396e-02
6.139011e-01	5.883793e-01	-9.147761e-03
4.669668e-01	4.927295e-01	-2.051517e-01
6.210362e-01	5.224428e-01	-1.324811e-01
4.632396e-01	4.469270e-01	-2.459807e-01
6.212538e-01	4.769622e-01	-1.756508e-01
4.697782e-01	4.519726e-01	-2.841600e-01
6.172265e-01	4.725399e-01	-2.068474e-01
4.751477e-01	4.634634e-01	-2.238763e-01
6.156745e-01	4.919779e-01	-1.509036e-01
5.191972e-01	4.216028e-01	-8.288734e-04
5.756086e-01	4.271125e-01	1.008011e-03
5.105031e-01	2.406481e-01	8.222034e-03
5.861069e-01	2.413792e-01	4.006068e-02
5.069894e-01	8.129171e-02	2.436028e-01
5.826014e-01	7.564558e-02	2.452647e-01
5.148135e-01	5.812627e-02	2.584230e-01
5.752495e-01	5.260289e-02	2.562821e-01
4.826395e-01	2.691530e-02	1.431035e-01
6.070400e-01	1.790164e-02	1.300064e-01
5.510079e-01	8.229021e-01	-2.376207e-01
5.450845e-01	8.407539e-01	-2.167280e-01
5.400432e-01	8.403745e-01	-2.168056e-01
5.360743e-01	8.398030e-01	-2.168589e-01
5.571266e-01	8.405880e-01	-2.125237e-01
5.608279e-01	8.399887e-01	-2.125241e-01
5.654334e-01	8.392165e-01	-2.123145e-01
5.302473e-01	8.286440e-01	-1.075839e-01
5.705691e-01	8.283898e-01	-9.521101e-02
5.433620e-01	8.001015e-01	-1.994112e-01
5.587695e-01	7.999726e-01	-1.956893e-01
4.999202e-01	7.021543e-01	-4.880357e-02
5.968747e-01	7.047285e-01	-3.280661e-02
4.768972e-01	5.793303e-01	-9.214945e-02
6.144533e-01	5.788630e-01	-5.204691e-02
4.664284e-01	4.659430e-01	-2.329481e-01
6.226199e-01	4.927060e-01	-2.097361e-01
4.627290e-01	4.162053e-01	-2.770972e-01
6.234926e-01	4.460164e-01	-2.599284e-01
4.698208e-01	4.200897e-01	-3.145176e-01
6.193886e-01	4.562943e-01	-2.883133e-01
4.750391e-01	4.355733e-01	-2.516180e-01
6.167905e-01	4.603926e-01	-2.282273e-01
5.191008e-01	4.196612e-01	-8.070891e-04
5.756388e-01	4.243175e-01	9.877060e-04
5.102854e-01	2.395698e-01	3.002583e-02
5.860284e-01	2.391761e-01	4.927645e-02
5.070991e-01	8.024144e-02	2.551018e-01
5.823978e-01	7.412510e-02	2.525429e-01
5.149547e-01	5.740029e-02	2.695208e-01
5.752799e-01	5.123015e-02	2.630889e-01
4.822798e-01	2.423181e-02	1.600395e-01
6.071268e-01	1.635157e-02	1.397128e-01
5.512351e-01	8.229222e-01	-2.696183e-01
5.451109e-01	8.408133e-01	-2.479932e-01
5.400530e-01	8.403935e-01	-2.480289e-01
5.360864e-01	8.398362e-01	-2.479886e-01
5.572966e-01	8.406115e-01	-2.463657e-01
5.609691e-01	8.400142e-01	-2.464223e-01
5.656159e-01	8.392715e-01	-2.462604e-01
5.302479e-01	8.278611e-01	-1.350766e-01
5.705741e-01	8.281243e-01	-1.294591e-01
5.435201e-01	8.001462e-01	-2.297585e-01
5.591570e-01	8.000398e-01	-2.278851e-01
4.995228e-01	6.962316e-01	-8.044802e-02
5.975803e-01	7.002690e-01	-6.830979e-02
4.765397e-01	5.580941e-01	-1.107756e-01
6.164756e-01	5.668468e-01	-8.336416e-02
4.662641e-01	4.366793e-01	-2.523622e-01
6.234936e-01	4.484607e-01	-2.199957e-01
4.636827e-01	3.898478e-01	-2.990091e-01
6.245841e-01	4.001786e-01	-2.682409e-01
4.710647e-01	3.898004e-01	-3.354824e-01
6.196595e-01	3.998396e-01	-2.986702e-01
4.756036e-01	4.043810e-01	-2.712404e-01
6.164475e-01	4.163111e-01	-2.378744e-01
5.181125e-01	4.151830e-01	-6.623770e-04
5.754951e-01	4.186886e-01	8.106251e-04
5.093274e-01	2.374419e-01	5.561274e-02
5.853463e-01	2.377930e-01	5.660583e-02
5.069508e-01	7.993385e-02	2.827154e-01
5.817698e-01	7.364685e-02	2.682113e-01
5.147710e-01	5.726288e-02	2.980930e-01
5.751798e-01	5.074407e-02	2.802485e-01
4.816136e-01	2.203903e-02	1.902228e-01
6.064826e-01	1.628662e-02	1.576489e-01
5.511462e-01	8.229495e-01	-2.865227e-01
5.450352e-01	8.408594e-01	-2.654909e-01
5.399387e-01	8.404287e-01	-2.655212e-01
5.359849e-01	8.398410e-01	-2.654716e-01
5.571834e-01	8.406292e-01	-2.643582e-01
5.608847e-01	8.400347e-01	-2.644237e-01
5.655647e-01	8.393354e-01	-2.642743e-01
5.301783e-01	8.273357e-01	-1.528052e-01
5.705605e-01	8.279473e-01	-1.484117e-01
5.434205e-01	8.001875e-01	-2.463105e-01
5.591024e-01	8.000579e-01	-2.447780e-01
4.990502e-01	6.944017e-01	-9.809300e-02
5.978534e-01	6.978655e-01	-8.513938e-02
4.771351e-01	5.537185e-01	-1.110385e-01
6.166529e-01	5.580743e-01	-7.775501e-02
4.664236e-01	4.272612e-01	-2.369599e-01
6.240843e-01	4.325864e-01	-1.916892e-01
4.640006e-01	3.803266e-01	-2.812921e-01
6.252953e-01	3.887330e-01	-2.356092e-01
4.716691e-01	3.782294e-01	-3.190983e-01
6.197344e-01	3.872105e-01	-2.696556e-01
4.763718e-01	3.929855e-01	-2.559298e-01
6.160558e-01	4.034949e-01	-2.102076e-01
5.169724e-01	4.135614e-01	-3.487752e-04
5.750364e-01	4.153641e-01	5.323807e-04
5.082734e-01	2.361668e-01	5.310686e-02
5.847645e-01	2.356047e-01	5.455904e-02
5.065702e-01	7.982767e-02	2.742358e-01
5.810258e-01	7.314749e-02	2.656307e-01
5.144828e-01	5.723386e-02	2.889835e-01
5.748654e-01	5.037433e-02	2.776761e-01
4.806727e-01	2.073709e-02	1.795754e-01
6.059586e-01	1.560605e-02	1.541533e-01
5.510942e-01	8.227921e-01	-2.962037e-01
5.449516e-01	8.406917e-01	-2.763998e-01
5.398487e-01	8.402144e-01	-2.764193e-01
5.358945e-01	8.395960e-01	-2.763606e-01
5.570948e-01	8.405836e-01	-2.744730e-01
5.608348e-01	8.400052e-01	-2.745496e-01
5.655053e-01	8.393360e-01	-2.744091e-01
5.301193e-01	8.268281e-01	-1.669236e-01
5.705308e-01	8.275256e-01	-1.590401e-01
5.433493e-01	8.000897e-01	-2.567684e-01
5.590684e-01	7.998887e-01	-2.542105e-01
4.986708e-01	6.922131e-01	-1.127518e-01
5.979495e-01	6.957408e-01	-9.259768e-02
4.776656e-01	5.437046e-01	-1.145237e-01
6.168031e-01	5.495973e-01	-7.503854e-02
4.699895e-01	4.106037e-01	-2.183551e-01
6.237795e-01	4.148539e-01	-1.767013e-01
4.673880e-01	3.660971e-01	-2.589554e-01
6.255003e-01	3.712633e-01	-2.160137e-01
4.754739e-01	3.639432e-01	-2.946394e-01
6.186001e-01	3.696237e-01	-2.490495e-01
4.803313e-01	3.791684e-01	-2.357175e-01
6.149852e-01	3.865298e-01	-1.938961e-01
5.168263e-01	4.117489e-01	-2.657951e-04
5.748508e-01	4.117357e-01	4.349558e-04
5.077313e-01	2.342282e-01	5.584953e-02
5.846009e-01	2.326077e-01	5.548900e-02
5.063652e-01	7.939561e-02	2.709505e-01
5.809460e-01	7.250332e-02	2.615982e-01
5.142270e-01	5.677919e-02	2.853448e-01
5.748319e-01	5.011246e-02	2.734652e-01
4.798307e-01	2.027810e-02	1.804944e-01
6.060613e-01	1.518540e-02	1.538047e-01
5.510385e-01	8.231749e-01	-2.868966e-01
5.449139e-01	8.406752e-01	-2.671988e-01
5.397819e-01	8.401763e-01	-2.672180e-01
5.358559e-01	8.394920e-01	-2.671615e-01
5.570256e-01	8.406208e-01	-2.653388e-01
5.607991e-01	8.400413e-01	-2.654110e-01
5.654351e-01	8.393665e-01	-2.652763e-01
5.300742e-01	8.268358e-01	-1.588388e-01
5.704967e-01	8.275506e-01	-1.512133e-01
5.432929e-01	8.001189e-01	-2.477758e-01
5.590171e-01	7.999918e-01	-2.452943e-01
4.986903e-01	6.915995e-01	-1.066387e-01
5.982970e-01	6.956730e-01	-8.785234e-02
4.814231e-01	5.437362e-01	-1.017074e-01
6.169311e-01	5.475028e-01	-6.942866e-02
4.746652e-01	4.045312e-01	-1.939012e-01
6.221589e-01	4.094754e-01	-1.685345e-01
4.711815e-01	3.602761e-01	-2.325343e-01
6.250135e-01	3.654585e-01	-2.064712e-01
4.798201e-01	3.582475e-01	-2.676339e-01
6.172505e-01	3.639595e-01	-2.395921e-01
4.848278e-01	3.741089e-01	-2.107356e-01
6.129994e-01	3.801079e-01	-1.854806e-01
5.171673e-01	4.115794e-01	1.627274e-04
5.749167e-01	4.115004e-01	1.961279e-05
5.074617e-01	2.323574e-01	5.366240e-02
5.847770e-01	2.300667e-01	5.395069e-02
5.063671e-01	7.844691e-02	2.633325e-01
5.810643e-01	7.255299e-02	2.553832e-01
5.142611e-01	5.604795e-02	2.770623e-01
5.748602e-01	5.027984e-02	2.668923e-01
4.793448e-01	1.942609e-02	1.717889e-01
6.061825e-01	1.462668e-02	1.480311e-01
5.510976e-01	8.236403e-01	-2.804343e-01
5.448877e-01	8.406698e-01	-2.607937e-01
5.398489e-01	8.401636e-01	-2.608151e-01
5.358607e-01	8.394158e-01	-2.607612e-01
5.571752e-01	8.406264e-01	-2.591089e-01
5.609704e-01	8.400409e-01	-2.591790e-01
5.655738e-01	8.393356e-01	-2.590461e-01
5.301632e-01	8.268497e-01	-1.528171e-01
5.705374e-01	8.275002e-01	-1.459360e-01
5.433148e-01	8.002088e-01	-2.412730e-01
5.590776e-01	8.000650e-01	-2.389827e-01
4.989580e-01	6.909973e-01	-1.001606e-01
5.987334e-01	6.947364e-01	-8.516859e-02
4.852993e-01	5.429265e-01	-9.042644e-02
6.161445e-01	5.425456e-01	-6.576215e-02
4.798223e-01	4.038599e-01	-1.802932e-01
6.173846e-01	4.032573e-01	-1.635601e-01
4.756389e-01	3.610274e-01	-2.184707e-01
6.194485e-01	3.584789e-01	-2.014646e-01
4.847925e-01	3.597009e-01	-2.534353e-01
6.115572e-01	3.569033e-01	-2.346733e-01
4.898111e-01	3.749810e-01	-1.970155e-01
6.074824e-01	3.742229e-01	-1.803193e-01
5.175682e-01	4.103840e-01	1.213020e-03
5.749958e-01	4.100319e-01	-1.020845e-03
5.074317e-01	2.300323e-01	5.236806e-02
5.858409e-01	2.272763e-01	5.293762e-02
5.063922e-01	7.624721e-02	2.600270e-01
5.817190e-01	7.194533e-02	2.533520e-01
5.143397e-01	5.382147e-02	2.735217e-01
5.749946e-01	5.031003e-02	2.649907e-01
4.789654e-01	1.820197e-02	1.657673e-01
6.066804e-01	1.375027e-02	1.474246e-01
5.515967e-01	8.239154e-01	-2.769609e-01
5.454723e-01	8.406800e-01	-2.571666e-01
5.404013e-01	8.401552e-01	-2.571971e-01
5.365169e-01	8.393576e-01	-2.571499e-01
5.579142e-01	8.406354e-01	-2.555776e-01
5.616693e-01	8.400269e-01	-2.556416e-01
5.664469e-01	8.392770e-01	-2.555104e-01
5.308310e-01	8.268613e-01	-1.492064e-01
5.709243e-01	8.274755e-01	-1.418557e-01
5.439198e-01	8.002294e-01	-2.373032e-01
5.596718e-01	8.000859e-01	-2.349717e-01
4.998810e-01	6.919193e-01	-9.695338e-02
5.994641e-01	6.928421e-01	-8.269627e-02
4.878854e-01	5.444532e-01	-9.010713e-02
6.136591e-01	5.369889e-01	-6.462570e-02
4.832532e-01	4.069701e-01	-1.819379e-01
6.131419e-01	3.981292e-01	-1.635681e-01
4.781876e-01	3.645307e-01	-2.201994e-01
6.156715e-01	3.540012e-01	-2.013740e-01
4.875441e-01	3.627245e-01	-2.547919e-01
6.064893e-01	3.524899e-01	-2.344979e-01
4.922578e-01	3.769769e-01	-1.985920e-01
6.017537e-01	3.696371e-01	-1.801957e-01
5.175814e-01	4.108552e-01	1.485065e-03
5.746317e-01	4.106030e-01	-1.289689e-03
5.074041e-01	2.302960e-01	5.163032e-02
5.861105e-01	2.276989e-01	5.257849e-02
5.064851e-01	7.573409e-02	2.387304e-01
5.820444e-01	7.148270e-02	2.476437e-01
5.145082e-01	5.314325e-02	2.503354e-01
5.752606e-01	5.026631e-02	2.590871e-01
4.788950e-01	1.719215e-02	1.471047e-01
6.067499e-01	1.326007e-02	1.435940e-01
5.517346e-01	8.238196e-01	-2.753068e-01
5.455235e-01	8.402333e-01	-2.563275e-01
5.405914e-01	8.397281e-01	-2.563232e-01
5.366248e-01	8.388332e-01	-2.562415e-01
5.581030e-01	8.401105e-01	-2.548125e-01
5.619032e-01	8.394671e-01	-2.548942e-01
5.665908e-01	8.386137e-01	-2.547623e-01
5.310596e-01	8.266413e-01	-1.463315e-01
5.711045e-01	8.267408e-01	-1.393864e-01
5.439824e-01	7.999910e-01	-2.359576e-01
5.597763e-01	7.997794e-01	-2.335595e-01
4.999872e-01	6.930037e-01	-9.491884e-02
5.994235e-01	6.910720e-01	-8.110914e-02
4.889303e-01	5.459275e-01	-8.584811e-02
6.095940e-01	5.349265e-01	-6.406569e-02
4.855469e-01	4.104756e-01	-1.723779e-01
6.098351e-01	3.981062e-01	-1.616474e-01
4.800420e-01	3.678333e-01	-2.092614e-01
6.116989e-01	3.542657e-01	-1.988725e-01
4.894089e-01	3.664164e-01	-2.437228e-01
6.021531e-01	3.540068e-01	-2.321429e-01
4.939141e-01	3.806185e-01	-1.888938e-01
5.975966e-01	3.703311e-01	-1.782983e-01
5.175779e-01	4.114015e-01	1.821251e-03
5.733052e-01	4.109868e-01	-1.628481e-03
5.065230e-01	2.307096e-01	4.779472e-02
5.855454e-01	2.283506e-01	5.134774e-02
5.063908e-01	7.589720e-02	2.160667e-01
5.819383e-01	7.150383e-02	2.340873e-01
5.145100e-01	5.323745e-02	2.258925e-01
5.751866e-01	5.018118e-02	2.441724e-01
4.781276e-01	1.722390e-02	1.227470e-01
6.066229e-01	1.329143e-02	1.338434e-01
5.517086e-01	8.235310e-01	-2.749002e-01
5.454413e-01	8.398260e-01	-2.551554e-01
5.405575e-01	8.392797e-01	-2.551702e-01
5.366020e-01	8.383691e-01	-2.551048e-01
5.580769e-01	8.396960e-01	-2.537784e-01
5.618765e-01	8.390927e-01	-2.538481e-01
5.665584e-01	8.382617e-01	-2.537106e-01
5.310296e-01	8.265795e-01	-1.456263e-01
5.710891e-01	8.266945e-01	-1.383271e-01
5.439728e-01	7.996673e-01	-2.345484e-01
5.597507e-01	7.994334e-01	-2.322989e-01
4.998209e-01	6.937115e-01	-9.382574e-02
5.992689e-01	6.909989e-01	-7.996827e-02
4.890487e-01	5.460666e-01	-8.594111e-02
6.048540e-01	5.349689e-01	-6.115588e-02
4.857087e-01	4.112677e-01	-1.705827e-01
6.044360e-01	3.966908e-01	-1.591352e-01
4.803347e-01	3.684605e-01	-2.069508e-01
6.069120e-01	3.538620e-01	-1.963249e-01
4.893440e-01	3.672621e-01	-2.417651e-01
5.976181e-01	3.540353e-01	-2.305170e-01
4.938175e-01	3.814951e-01	-1.872676e-01
5.933374e-01	3.696058e-01	-1.762858e-01
5.172236e-01	4.115737e-01	1.825444e-03
5.728856e-01	4.112642e-01	-1.636758e-03
5.056120e-01	2.309943e-01	4.591902e-02
5.838758e-01	2.286184e-01	5.102814e-02
5.056188e-01	7.605351e-02	2.172169e-01
5.807070e-01	7.153337e-02	2.325302e-01
5.137800e-01	5.335691e-02	2.274969e-01
5.741094e-01	5.016510e-02	2.423915e-01
4.772208e-01	1.740792e-02	1.243115e-01
6.059493e-01	1.331138e-02	1.315052e-01
5.516380e-01	8.231309e-01	-2.754596e-01
5.451208e-01	8.394366e-01	-2.562722e-01
5.404966e-01	8.388353e-01	-2.562846e-01
5.363299e-01	8.379773e-01	-2.562205e-01
5.578249e-01	8.393325e-01	-2.550084e-01
5.618683e-01	8.387645e-01	-2.550802e-01
5.663977e-01	8.379838e-01	-2.549500e-01
5.310055e-01	8.265554e-01	-1.486919e-01
5.710781e-01	8.266760e-01	-1.429131e-01
5.438256e-01	7.993475e-01	-2.359103e-01
5.595880e-01	7.990769e-01	-2.339276e-01
4.996966e-01	6.940616e-01	-9.434730e-02
5.991677e-01	6.913067e-01	-8.272414e-02
4.885171e-01	5.458701e-01	-8.545540e-02
6.025383e-01	5.352553e-01	-6.463943e-02
4.841084e-01	4.117274e-01	-1.695372e-01
6.025060e-01	3.973694e-01	-1.616780e-01
4.788085e-01	3.690794e-01	-2.052167e-01
6.056136e-01	3.547667e-01	-1.982378e-01
4.875087e-01	3.677524e-01	-2.406147e-01
5.967895e-01	3.545565e-01	-2.335039e-01
4.923168e-01	3.825232e-01	-1.864372e-01
5.923298e-01	3.700739e-01	-1.792550e-01
5.166531e-01	4.130452e-01	1.958469e-03
5.723943e-01	4.119488e-01	-1.776594e-03
5.047560e-01	2.318951e-01	4.390914e-02
5.824819e-01	2.292671e-01	4.720863e-02
5.051039e-01	7.612959e-02	2.159824e-01
5.800124e-01	7.154854e-02	2.246806e-01
5.133946e-01	5.340590e-02	2.261817e-01
5.734419e-01	5.020138e-02	2.340286e-01
4.768555e-01	1.746571e-02	1.225410e-01
6.054572e-01	1.342176e-02	1.207173e-01
5.516190e-01	8.223078e-01	-2.825423e-01
5.450196e-01	8.387406e-01	-2.640882e-01
5.404868e-01	8.381398e-01	-2.640984e-01
5.362212e-01	8.373591e-01	-2.640314e-01
5.578050e-01	8.386558e-01	-2.629685e-01
5.618537e-01	8.381996e-01	-2.630407e-01
5.663644e-01	8.374555e-01	-2.629186e-01
5.309929e-01	8.264994e-01	-1.576030e-01
5.710653e-01	8.266060e-01	-1.527909e-01
5.437690e-01	7.987254e-01	-2.433574e-01
5.595775e-01	7.984675e-01	-2.416443e-01
4.993905e-01	6.941161e-01	-9.877725e-02
5.989591e-01	6.913891e-01	-9.161592e-02
4.878715e-01	5.435708e-01	-8.662717e-02
6.014646e-01	5.341850e-01	-7.126267e-02
4.830418e-01	4.063872e-01	-1.677316e-01
6.030300e-01	3.982493e-01	-1.715531e-01
4.779147e-01	3.661403e-01	-2.021533e-01
6.059523e-01	3.561246e-01	-2.081080e-01
4.869102e-01	3.644772e-01	-2.379303e-01
5.979061e-01	3.550842e-01	-2.432629e-01
4.920825e-01	3.784191e-01	-1.847746e-01
5.935549e-01	3.706082e-01	-1.891131e-01
5.160848e-01	4.133519e-01	2.180136e-03
5.720155e-01	4.126208e-01	-2.009584e-03
5.048207e-01	2.319432e-01	4.392884e-02
5.825481e-01	2.295484e-01	4.473941e-02
5.050083e-01	7.624432e-02	2.199135e-01
5.800553e-01	7.156615e-02	2.215448e-01
5.132512e-01	5.344370e-02	2.304771e-01
5.734672e-01	5.030779e-02	2.308750e-01
4.767825e-01	1.759757e-02	1.269547e-01
6.053125e-01	1.343331e-02	1.167873e-01
5.516046e-01	8.192335e-01	-2.857665e-01
5.449839e-01	8.369249e-01	-2.671671e-01
5.404733e-01	8.365322e-01	-2.671740e-01
5.361854e-01	8.359457e-01	-2.671061e-01
5.577850e-01	8.368248e-01	-2.661735e-01
5.619000e-01	8.364753e-01	-2.662430e-01
5.663326e-01	8.358379e-01	-2.661215e-01
5.310571e-01	8.259370e-01	-1.588680e-01
5.711640e-01	8.252132e-01	-1.545712e-01
5.437592e-01	7.965956e-01	-2.459091e-01
5.595537e-01	7.958024e-01	-2.443626e-01
4.992730e-01	6.943794e-01	-9.786572e-02
5.989215e-01	6.913970e-01	-9.238390e-02
4.874623e-01	5.444955e-01	-8.177307e-02
6.021746e-01	5.354829e-01	-7.310881e-02
4.826805e-01	4.087958e-01	-1.675117e-01
6.045956e-01	4.009798e-01	-1.761593e-01
4.774373e-01	3.682363e-01	-2.029071e-01
6.072598e-01	3.589573e-01	-2.139117e-01
4.845619e-01	3.664181e-01	-2.398454e-01
5.992839e-01	3.576803e-01	-2.494469e-01
4.905446e-01	3.797606e-01	-1.851192e-01
5.951682e-01	3.733236e-01	-1.939544e-01
5.155725e-01	4.134757e-01	2.603754e-03
5.718825e-01	4.129470e-01	-2.442237e-03
5.048530e-01	2.320182e-01	4.232851e-02
5.825920e-01	2.300250e-01	3.859879e-02
5.049852e-01	7.629597e-02	2.217389e-01
5.801142e-01	7.158137e-02	2.184606e-01
5.131119e-01	5.341288e-02	2.325345e-01
5.734909e-01	5.049993e-02	2.278534e-01
4.768201e-01	1.768198e-02	1.279326e-01
6.052375e-01	1.337212e-02	1.107659e-01
