5.526842e-01	7.274917e-01	-3.682596e-01
5.474734e-01	7.464407e-01	-3.554148e-01
5.433805e-01	7.466069e-01	-3.554028e-01
5.393246e-01	7.469260e-01	-3.553658e-01
5.586541e-01	7.463102e-01	-3.545310e-01
5.623341e-01	7.463871e-01	-3.546011e-01
5.664615e-01	7.461255e-01	-3.545479e-01
5.353547e-01	7.416631e-01	-2.474131e-01
5.713933e-01	7.395255e-01	-2.418872e-01
5.455265e-01	7.091476e-01	-3.250405e-01
5.594203e-01	7.092923e-01	-3.230223e-01
5.070430e-01	6.354865e-01	-1.703261e-01
6.009271e-01	6.317981e-01	-1.551381e-01
5.036896e-01	4.981655e-01	-1.411790e-01
6.051912e-01	4.985245e-01	-1.152794e-01
5.024368e-01	3.827021e-01	-2.138232e-01
6.059733e-01	3.751698e-01	-1.901655e-01
5.005275e-01	3.490634e-01	-2.458798e-01
6.095006e-01	3.402717e-01	-2.204084e-01
5.035825e-01	3.494667e-01	-2.789392e-01
6.068271e-01	3.395652e-01	-2.523235e-01
5.078667e-01	3.636908e-01	-2.301099e-01
6.023734e-01	3.530333e-01	-2.061184e-01
5.280187e-01	3.820629e-01	-8.288083e-03
5.769119e-01	3.793493e-01	8.328060e-03
5.217669e-01	2.282093e-01	6.498101e-02
5.857118e-01	2.248218e-01	9.585778e-02
5.217173e-01	8.800799e-02	2.816392e-01
5.856720e-01	7.807684e-02	3.189491e-01
5.342398e-01	6.325212e-02	2.970740e-01
5.759404e-01	5.796960e-02	3.338529e-01
5.005051e-01	2.921677e-02	1.967409e-01
6.156748e-01	2.655521e-02	2.260235e-01
5.526875e-01	7.323667e-01	-3.595656e-01
5.475073e-01	7.501711e-01	-3.461468e-01
5.433891e-01	7.503951e-01	-3.461484e-01
5.395181e-01	7.505511e-01	-3.460937e-01
5.587651e-01	7.494096e-01	-3.456756e-01
5.624502e-01	7.491172e-01	-3.457503e-01
5.666236e-01	7.485440e-01	-3.457129e-01
5.354201e-01	7.437128e-01	-2.393747e-01
5.716786e-01	7.406387e-01	-2.372719e-01
5.454980e-01	7.136850e-01	-3.173364e-01
5.594763e-01	7.125819e-01	-3.163781e-01
5.068825e-01	6.353670e-01	-1.623958e-01
6.009036e-01	6.322106e-01	-1.488233e-01
5.039071e-01	5.004403e-01	-1.250198e-01
6.050141e-01	4.986708e-01	-1.021717e-01
5.033149e-01	3.871517e-01	-1.805256e-01
6.060359e-01	3.780372e-01	-1.736184e-01
5.009396e-01	3.517837e-01	-2.068429e-01
6.095105e-01	3.428412e-01	-1.998638e-01
5.043802e-01	3.521254e-01	-2.365321e-01
6.069247e-01	3.416805e-01	-2.336365e-01
5.087703e-01	3.650658e-01	-1.945519e-01
6.027267e-01	3.543040e-01	-1.895542e-01
5.286483e-01	3.897518e-01	-7.710648e-03
5.772109e-01	3.895825e-01	7.751911e-03
5.223163e-01	2.294093e-01	3.194816e-02
5.863094e-01	2.273899e-01	4.826702e-02
5.216749e-01	8.754075e-02	2.033959e-01
5.855488e-01	7.848895e-02	2.222644e-01
5.318460e-01	6.343810e-02	2.131135e-01
5.759403e-01	5.809917e-02	2.313018e-01
5.005182e-01	2.958074e-02	1.073387e-01
6.160166e-01	2.672498e-02	1.197552e-01
5.524195e-01	7.352521e-01	-3.512062e-01
5.474018e-01	7.527279e-01	-3.367632e-01
5.433303e-01	7.529539e-01	-3.367648e-01
5.395398e-01	7.531186e-01	-3.367082e-01
5.587467e-01	7.517899e-01	-3.368607e-01
5.624466e-01	7.512743e-01	-3.369310e-01
5.666242e-01	7.505991e-01	-3.368773e-01
5.354437e-01	7.456312e-01	-2.280858e-01
5.718390e-01	7.417930e-01	-2.293535e-01
5.452340e-01	7.166125e-01	-3.087213e-01
5.594264e-01	7.149263e-01	-3.087139e-01
5.068982e-01	6.353294e-01	-1.519163e-01
6.008202e-01	6.326690e-01	-1.424313e-01
5.039044e-01	5.013037e-01	-1.145970e-01
6.048199e-01	4.988233e-01	-9.638808e-02
4.993806e-01	3.869633e-01	-1.762869e-01
6.075277e-01	3.846490e-01	-1.711150e-01
4.970244e-01	3.517146e-01	-2.036868e-01
6.105408e-01	3.487991e-01	-1.983776e-01
5.011204e-01	3.520686e-01	-2.358069e-01
6.081426e-01	3.480442e-01	-2.331821e-01
5.052125e-01	3.640589e-01	-1.915587e-01
6.042337e-01	3.601693e-01	-1.876746e-01
5.290054e-01	3.927262e-01	-4.821923e-03
5.777107e-01	3.927499e-01	4.875261e-03
5.221835e-01	2.299183e-01	3.649048e-02
5.865279e-01	2.289987e-01	4.570946e-02
5.216693e-01	8.755849e-02	2.200220e-01
5.853019e-01	7.955552e-02	2.278677e-01
5.311912e-01	6.452700e-02	2.311116e-01
5.759197e-01	5.905710e-02	2.377976e-01
5.003835e-01	3.022199e-02	1.256042e-01
6.156712e-01	2.721075e-02	1.239553e-01
5.524296e-01	7.364349e-01	-3.457621e-01
5.474198e-01	7.540594e-01	-3.318766e-01
5.433354e-01	7.543576e-01	-3.318762e-01
5.396453e-01	7.545995e-01	-3.318239e-01
5.588655e-01	7.529925e-01	-3.321714e-01
5.626263e-01	7.524372e-01	-3.322316e-01
5.668631e-01	7.517011e-01	-3.321722e-01
5.354480e-01	7.470747e-01	-2.248139e-01
5.720347e-01	7.427392e-01	-2.268396e-01
5.451882e-01	7.177606e-01	-3.037336e-01
5.594484e-01	7.160073e-01	-3.039761e-01
5.068438e-01	6.354406e-01	-1.462874e-01
6.006452e-01	6.328425e-01	-1.403738e-01
5.038707e-01	5.030725e-01	-1.007798e-01
6.045126e-01	4.993506e-01	-9.313517e-02
4.957924e-01	3.888766e-01	-1.570360e-01
6.083441e-01	3.892094e-01	-1.652323e-01
4.918300e-01	3.533091e-01	-1.817951e-01
6.109839e-01	3.527526e-01	-1.911622e-01
4.946775e-01	3.538080e-01	-2.158707e-01
6.089274e-01	3.522236e-01	-2.266062e-01
4.994589e-01	3.648888e-01	-1.729810e-01
6.052690e-01	3.646514e-01	-1.820109e-01
5.292343e-01	3.943393e-01	-2.850076e-03
5.781242e-01	3.939285e-01	2.901254e-03
5.221739e-01	2.304092e-01	4.121691e-02
5.864078e-01	2.304969e-01	4.997962e-02
5.216522e-01	8.778447e-02	2.209771e-01
5.848269e-01	8.056011e-02	2.275937e-01
5.307766e-01	6.546847e-02	2.314862e-01
5.758215e-01	5.977569e-02	2.369137e-01
5.001621e-01	3.153736e-02	1.267496e-01
6.151878e-01	2.800774e-02	1.227026e-01
5.524204e-01	7.370342e-01	-3.462776e-01
5.474132e-01	7.546691e-01	-3.320008e-01
5.433274e-01	7.549675e-01	-3.320031e-01
5.396651e-01	7.552294e-01	-3.319539e-01
5.588760e-01	7.537229e-01	-3.327550e-01
5.626532e-01	7.531983e-01	-3.328153e-01
5.668989e-01	7.525172e-01	-3.327749e-01
5.354415e-01	7.478348e-01	-2.222999e-01
5.720776e-01	7.435744e-01	-2.264660e-01
5.451010e-01	7.182852e-01	-3.031680e-01
5.594460e-01	7.166840e-01	-3.039512e-01
5.067476e-01	6.358671e-01	-1.395614e-01
6.004037e-01	6.332147e-01	-1.390858e-01
5.038491e-01	5.045274e-01	-9.003852e-02
6.044327e-01	5.002643e-01	-9.177771e-02
4.946645e-01	3.930374e-01	-1.474613e-01
6.104441e-01	3.928612e-01	-1.641836e-01
4.905709e-01	3.581794e-01	-1.711446e-01
6.134430e-01	3.563115e-01	-1.897130e-01
4.921998e-01	3.590623e-01	-2.049576e-01
6.110586e-01	3.565523e-01	-2.249509e-01
4.971472e-01	3.704607e-01	-1.634262e-01
6.075279e-01	3.696404e-01	-1.808384e-01
5.292382e-01	3.946490e-01	-1.338995e-03
5.782415e-01	3.942526e-01	1.377742e-03
5.217576e-01	2.310980e-01	4.123639e-02
5.864486e-01	2.314684e-01	4.568473e-02
5.212746e-01	8.843385e-02	2.248773e-01
5.845722e-01	8.133852e-02	2.276748e-01
5.298488e-01	6.688997e-02	2.358669e-01
5.757694e-01	6.054812e-02	2.374049e-01
5.001227e-01	3.326519e-02	1.303157e-01
6.147774e-01	2.880044e-02	1.213170e-01
5.524260e-01	7.379388e-01	-3.324726e-01
5.474150e-01	7.554583e-01	-3.172303e-01
5.433279e-01	7.557535e-01	-3.172421e-01
5.397196e-01	7.560263e-01	-3.171919e-01
5.588895e-01	7.546111e-01	-3.181333e-01
5.626855e-01	7.541006e-01	-3.181815e-01
5.669330e-01	7.534501e-01	-3.181314e-01
5.354421e-01	7.486630e-01	-2.064885e-01
5.720795e-01	7.444271e-01	-2.109661e-01
5.450991e-01	7.193326e-01	-2.892847e-01
5.594708e-01	7.176449e-01	-2.901775e-01
5.068179e-01	6.389453e-01	-1.292046e-01
6.001459e-01	6.361381e-01	-1.239097e-01
5.032650e-01	5.087457e-01	-8.793845e-02
6.044386e-01	5.073573e-01	-7.951773e-02
4.907995e-01	4.002786e-01	-1.518105e-01
6.140409e-01	4.025123e-01	-1.564051e-01
4.858262e-01	3.647863e-01	-1.766634e-01
6.177028e-01	3.648642e-01	-1.819060e-01
4.868812e-01	3.643410e-01	-2.112200e-01
6.159601e-01	3.661626e-01	-2.183571e-01
4.926288e-01	3.767375e-01	-1.682981e-01
6.121229e-01	3.792948e-01	-1.738068e-01
5.291828e-01	3.970928e-01	-1.729681e-03
5.780024e-01	3.957247e-01	1.769727e-03
5.215851e-01	2.324236e-01	3.082236e-02
5.862188e-01	2.338287e-01	3.563637e-02
5.208534e-01	8.882123e-02	1.981245e-01
5.840532e-01	8.289287e-02	2.054110e-01
5.291647e-01	6.745822e-02	2.071904e-01
5.753146e-01	6.185190e-02	2.138555e-01
5.001087e-01	3.442877e-02	9.953401e-02
6.140841e-01	3.014281e-02	9.970595e-02
5.525203e-01	7.391304e-01	-3.348401e-01
5.474671e-01	7.564409e-01	-3.193212e-01
5.433575e-01	7.567391e-01	-3.193392e-01
5.398266e-01	7.570636e-01	-3.192909e-01
5.589578e-01	7.556516e-01	-3.206238e-01
5.627635e-01	7.551475e-01	-3.206618e-01
5.669844e-01	7.545419e-01	-3.206260e-01
5.354633e-01	7.498719e-01	-2.041449e-01
5.720692e-01	7.457135e-01	-2.103547e-01
5.451000e-01	7.208242e-01	-2.898083e-01
5.595481e-01	7.191180e-01	-2.911224e-01
5.069560e-01	6.431872e-01	-1.159834e-01
5.999380e-01	6.422107e-01	-1.178309e-01
5.024318e-01	5.180886e-01	-6.015448e-02
6.052564e-01	5.218964e-01	-6.500457e-02
4.884548e-01	4.180419e-01	-1.227785e-01
6.171447e-01	4.205368e-01	-1.418792e-01
4.836976e-01	3.819031e-01	-1.448825e-01
6.230898e-01	3.850861e-01	-1.657595e-01
4.826120e-01	3.816496e-01	-1.802927e-01
6.218144e-01	3.854401e-01	-2.037409e-01
4.882236e-01	3.958861e-01	-1.395764e-01
6.173290e-01	3.967578e-01	-1.596743e-01
5.289444e-01	4.026440e-01	-1.195819e-03
5.778657e-01	3.992416e-01	1.221339e-03
5.212107e-01	2.357356e-01	2.591543e-02
5.862173e-01	2.357439e-01	2.342932e-02
5.201775e-01	9.073651e-02	1.926146e-01
5.833448e-01	8.471429e-02	1.965444e-01
5.283158e-01	6.958336e-02	2.011919e-01
5.747622e-01	6.389169e-02	2.050537e-01
4.998620e-01	3.534487e-02	8.714982e-02
6.134437e-01	3.173653e-02	8.559609e-02
5.522026e-01	7.405542e-01	-3.394857e-01
5.472478e-01	7.578669e-01	-3.247203e-01
5.432426e-01	7.582852e-01	-3.247344e-01
5.398074e-01	7.586075e-01	-3.246896e-01
5.588370e-01	7.573170e-01	-3.255214e-01
5.626664e-01	7.569933e-01	-3.255711e-01
5.668898e-01	7.564535e-01	-3.255311e-01
5.354415e-01	7.518869e-01	-2.095579e-01
5.720426e-01	7.479534e-01	-2.155587e-01
5.448338e-01	7.226936e-01	-2.952622e-01
5.594013e-01	7.210357e-01	-2.958900e-01
5.071433e-01	6.462129e-01	-1.259360e-01
5.997064e-01	6.465742e-01	-1.241354e-01
5.008161e-01	5.202611e-01	-8.202789e-02
6.068972e-01	5.235521e-01	-7.606975e-02
4.721248e-01	4.211356e-01	-1.243649e-01
6.242428e-01	4.234363e-01	-1.598120e-01
4.630209e-01	3.885562e-01	-1.551336e-01
6.334182e-01	3.927324e-01	-1.842354e-01
4.597176e-01	3.864840e-01	-1.980160e-01
6.328866e-01	3.929418e-01	-2.273418e-01
4.662571e-01	3.988896e-01	-1.538419e-01
6.275632e-01	4.022285e-01	-1.808041e-01
5.289418e-01	4.035873e-01	-1.330122e-03
5.779226e-01	3.999491e-01	1.358366e-03
5.206975e-01	2.361723e-01	2.680213e-02
5.862150e-01	2.367948e-01	2.856825e-02
5.193495e-01	9.100872e-02	2.043312e-01
5.831422e-01	8.599441e-02	2.136651e-01
5.277315e-01	6.974217e-02	2.144094e-01
5.745410e-01	6.463625e-02	2.235204e-01
4.991576e-01	3.558243e-02	1.044771e-01
6.132331e-01	3.355314e-02	1.078795e-01
5.525717e-01	7.430572e-01	-3.271863e-01
5.474309e-01	7.603428e-01	-3.112591e-01
5.433170e-01	7.606907e-01	-3.112948e-01
5.399550e-01	7.610163e-01	-3.112561e-01
5.590281e-01	7.600011e-01	-3.122790e-01
5.628580e-01	7.597367e-01	-3.122953e-01
5.670699e-01	7.593149e-01	-3.122223e-01
5.354437e-01	7.543732e-01	-1.961035e-01
5.720514e-01	7.512654e-01	-2.014489e-01
5.451070e-01	7.254117e-01	-2.824590e-01
5.596575e-01	7.240070e-01	-2.835479e-01
5.074241e-01	6.489725e-01	-1.169145e-01
5.996167e-01	6.537708e-01	-1.078046e-01
4.980696e-01	5.269085e-01	-7.627119e-02
6.108689e-01	5.344989e-01	-6.924191e-02
4.653315e-01	4.338681e-01	-1.471466e-01
6.365528e-01	4.446802e-01	-1.618786e-01
4.547106e-01	4.027660e-01	-1.751639e-01
6.477250e-01	4.157801e-01	-1.873800e-01
4.517477e-01	4.015809e-01	-2.117575e-01
6.502157e-01	4.192676e-01	-2.283420e-01
4.583824e-01	4.134623e-01	-1.682041e-01
6.442981e-01	4.291840e-01	-1.816103e-01
5.290510e-01	4.070319e-01	-1.485812e-03
5.785518e-01	4.034573e-01	1.517094e-03
5.207835e-01	2.374414e-01	2.505231e-02
5.860791e-01	2.388512e-01	2.669026e-02
5.192528e-01	9.121279e-02	1.893803e-01
5.832278e-01	8.815766e-02	2.017191e-01
5.278033e-01	6.971356e-02	1.978464e-01
5.745450e-01	6.636431e-02	2.102150e-01
4.987442e-01	3.600738e-02	8.734161e-02
6.132425e-01	3.554839e-02	9.586095e-02
5.531008e-01	7.466235e-01	-3.091063e-01
5.477588e-01	7.644911e-01	-2.924318e-01
5.434972e-01	7.646869e-01	-2.924781e-01
5.401937e-01	7.647639e-01	-2.924395e-01
5.594175e-01	7.644013e-01	-2.936240e-01
5.633749e-01	7.642527e-01	-2.936339e-01
5.675672e-01	7.637140e-01	-2.935591e-01
5.356081e-01	7.577674e-01	-1.763906e-01
5.723875e-01	7.552049e-01	-1.822738e-01
5.456387e-01	7.285766e-01	-2.642468e-01
5.602366e-01	7.273644e-01	-2.656230e-01
5.088280e-01	6.544657e-01	-9.779691e-02
5.995743e-01	6.579342e-01	-9.041934e-02
4.954515e-01	5.386559e-01	-5.894246e-02
6.141883e-01	5.450106e-01	-6.969656e-02
4.602428e-01	4.528250e-01	-1.466456e-01
6.490790e-01	4.680066e-01	-1.889187e-01
4.480790e-01	4.232428e-01	-1.728629e-01
6.605433e-01	4.413362e-01	-2.215773e-01
4.445162e-01	4.232167e-01	-2.132594e-01
6.625587e-01	4.449802e-01	-2.608982e-01
4.509343e-01	4.328979e-01	-1.670351e-01
6.569780e-01	4.549622e-01	-2.098988e-01
5.290751e-01	4.092108e-01	-1.576596e-03
5.785773e-01	4.046322e-01	1.607392e-03
5.208758e-01	2.389349e-01	2.071324e-02
5.861293e-01	2.406553e-01	2.195113e-02
5.191903e-01	9.183395e-02	1.792216e-01
5.836169e-01	8.930495e-02	1.928391e-01
5.279156e-01	6.991317e-02	1.870102e-01
5.746928e-01	6.674276e-02	2.005198e-01
4.984991e-01	3.680320e-02	7.618870e-02
6.134349e-01	3.719262e-02	8.557668e-02
5.532109e-01	7.487471e-01	-2.964202e-01
5.478992e-01	7.664746e-01	-2.786230e-01
5.435799e-01	7.666301e-01	-2.786737e-01
5.403321e-01	7.666773e-01	-2.786390e-01
5.595864e-01	7.663485e-01	-2.806773e-01
5.635849e-01	7.661285e-01	-2.806816e-01
5.678014e-01	7.655574e-01	-2.806473e-01
5.357749e-01	7.594982e-01	-1.570295e-01
5.726618e-01	7.567669e-01	-1.663515e-01
5.458270e-01	7.305008e-01	-2.495771e-01
5.604298e-01	7.290096e-01	-2.517263e-01
5.107188e-01	6.609994e-01	-5.631349e-02
5.995418e-01	6.602955e-01	-7.032265e-02
4.957780e-01	5.527641e-01	3.396673e-02
6.177450e-01	5.553205e-01	-6.539546e-03
4.567230e-01	4.877864e-01	-1.051506e-02
6.544597e-01	4.928395e-01	-8.473798e-02
4.392250e-01	4.661396e-01	-2.293065e-02
6.694545e-01	4.684223e-01	-1.066403e-01
4.352121e-01	4.678076e-01	-6.633462e-02
6.722202e-01	4.711150e-01	-1.471258e-01
4.430091e-01	4.734136e-01	-3.082002e-02
6.659115e-01	4.796938e-01	-1.045980e-01
5.292115e-01	4.098155e-01	-1.026974e-04
5.785991e-01	4.055190e-01	1.442505e-04
5.209350e-01	2.404866e-01	2.441972e-02
5.861636e-01	2.416463e-01	1.457960e-02
5.189644e-01	9.255844e-02	1.892349e-01
5.836526e-01	8.966915e-02	1.881445e-01
5.279302e-01	7.018289e-02	1.976854e-01
5.746968e-01	6.682537e-02	1.961432e-01
4.983740e-01	3.717995e-02	8.629921e-02
6.134536e-01	3.770120e-02	7.619845e-02
5.532113e-01	7.504561e-01	-3.053380e-01
5.479548e-01	7.679391e-01	-2.871692e-01
5.436087e-01	7.680972e-01	-2.872216e-01
5.404122e-01	7.681592e-01	-2.871721e-01
5.596548e-01	7.675959e-01	-2.885948e-01
5.636586e-01	7.672064e-01	-2.886033e-01
5.679075e-01	7.665335e-01	-2.885813e-01
5.358825e-01	7.606687e-01	-1.611087e-01
5.728108e-01	7.575226e-01	-1.678511e-01
5.458257e-01	7.321326e-01	-2.575136e-01
5.604457e-01	7.302840e-01	-2.586786e-01
5.117034e-01	6.652448e-01	-5.988164e-02
5.993669e-01	6.608514e-01	-5.930676e-02
4.959535e-01	5.677006e-01	4.377794e-03
6.207663e-01	5.664304e-01	7.994778e-02
4.579073e-01	5.446805e-01	-5.055685e-02
6.576595e-01	5.182052e-01	1.255172e-01
4.408175e-01	5.324587e-01	-5.820756e-02
6.712856e-01	4.951722e-01	1.302486e-01
4.377512e-01	5.354548e-01	-1.007448e-01
6.733510e-01	4.981424e-01	9.462974e-02
4.488679e-01	5.396710e-01	-7.056464e-02
6.669062e-01	5.052927e-01	1.121307e-01
5.292649e-01	4.094596e-01	-2.520186e-04
5.786600e-01	4.061397e-01	3.107656e-04
5.209264e-01	2.414004e-01	2.595265e-02
5.862014e-01	2.432727e-01	1.350923e-02
5.187679e-01	9.372360e-02	1.890814e-01
5.836436e-01	9.036962e-02	1.845980e-01
5.278760e-01	7.106549e-02	1.976891e-01
5.745921e-01	6.713872e-02	1.929812e-01
4.983501e-01	3.788282e-02	8.757459e-02
6.134636e-01	3.838620e-02	7.590753e-02
5.535096e-01	7.503558e-01	-2.815948e-01
5.482023e-01	7.678484e-01	-2.613975e-01
5.437690e-01	7.679690e-01	-2.614682e-01
5.405573e-01	7.680914e-01	-2.614481e-01
5.599815e-01	7.674375e-01	-2.630199e-01
5.641361e-01	7.669812e-01	-2.630205e-01
5.683514e-01	7.663839e-01	-2.629554e-01
5.359493e-01	7.606691e-01	-1.376230e-01
5.733410e-01	7.574964e-01	-1.445149e-01
5.460152e-01	7.317895e-01	-2.350913e-01
5.607461e-01	7.299851e-01	-2.365808e-01
5.122170e-01	6.637707e-01	-4.437079e-02
5.997726e-01	6.591033e-01	-4.893661e-02
4.875916e-01	5.764849e-01	4.666121e-02
6.271800e-01	5.703086e-01	2.813714e-02
4.376574e-01	5.353293e-01	2.034304e-02
6.693113e-01	5.256390e-01	-2.583179e-02
4.255778e-01	5.221971e-01	1.095627e-02
6.856344e-01	5.084508e-01	-4.498937e-02
4.246260e-01	5.265226e-01	-3.295138e-02
6.857060e-01	5.138513e-01	-8.303046e-02
4.320745e-01	5.311317e-01	4.826755e-04
6.783540e-01	5.195218e-01	-4.455560e-02
5.293122e-01	4.086398e-01	-4.249691e-04
5.788133e-01	4.055260e-01	4.719395e-04
5.209290e-01	2.417158e-01	2.709404e-02
5.864556e-01	2.436648e-01	1.702206e-02
5.185796e-01	9.478181e-02	1.942547e-01
5.835744e-01	9.089295e-02	1.963442e-01
5.277460e-01	7.209004e-02	2.033860e-01
5.745283e-01	6.744400e-02	2.059298e-01
4.983540e-01	3.841432e-02	9.361447e-02
6.134733e-01	3.894846e-02	9.051798e-02
5.536148e-01	7.501994e-01	-2.750092e-01
5.482937e-01	7.678323e-01	-2.562457e-01
5.438178e-01	7.679758e-01	-2.563053e-01
5.406238e-01	7.681608e-01	-2.562600e-01
5.601682e-01	7.672886e-01	-2.539501e-01
5.644272e-01	7.667443e-01	-2.539469e-01
5.686649e-01	7.661207e-01	-2.538911e-01
5.359406e-01	7.605948e-01	-1.392532e-01
5.736020e-01	7.571999e-01	-1.282734e-01
5.460514e-01	7.314851e-01	-2.315815e-01
5.608400e-01	7.296180e-01	-2.278613e-01
5.121447e-01	6.624845e-01	-6.700223e-02
5.996131e-01	6.582889e-01	-2.872347e-02
4.841340e-01	5.945893e-01	-9.986682e-02
6.325305e-01	5.911758e-01	9.881791e-02
4.437371e-01	5.738094e-01	-2.544823e-01
6.755468e-01	5.506970e-01	1.377281e-01
4.326461e-01	5.719388e-01	-2.802874e-01
6.910208e-01	5.405615e-01	1.372431e-01
4.317172e-01	5.747149e-01	-3.153562e-01
6.908821e-01	5.459075e-01	1.054622e-01
4.360703e-01	5.751134e-01	-2.742928e-01
6.847180e-01	5.472121e-01	1.241329e-01
5.291222e-01	4.069945e-01	-9.489341e-03
5.786854e-01	4.053953e-01	9.571685e-03
5.208268e-01	2.416153e-01	3.263567e-02
5.863916e-01	2.433934e-01	7.187356e-02
5.179033e-01	9.531990e-02	1.960089e-01
5.832219e-01	9.184596e-02	2.502111e-01
5.268123e-01	7.257608e-02	2.064786e-01
5.742660e-01	6.851383e-02	2.600874e-01
4.982751e-01	3.867570e-02	1.080808e-01
6.130744e-01	3.952459e-02	1.560614e-01
5.536646e-01	7.505853e-01	-2.429012e-01
5.483677e-01	7.678975e-01	-2.251119e-01
5.438744e-01	7.680271e-01	-2.251477e-01
5.406913e-01	7.682250e-01	-2.250940e-01
5.602558e-01	7.672228e-01	-2.247247e-01
5.645446e-01	7.665889e-01	-2.247188e-01
5.688091e-01	7.659007e-01	-2.246166e-01
5.359209e-01	7.606115e-01	-1.122574e-01
5.736835e-01	7.569406e-01	-1.087978e-01
5.460501e-01	7.320223e-01	-2.002850e-01
5.608630e-01	7.299139e-01	-1.988772e-01
5.121185e-01	6.683396e-01	-4.587925e-02
5.987876e-01	6.612744e-01	-3.580172e-02
4.816145e-01	6.199158e-01	-1.111778e-01
6.355519e-01	6.112110e-01	4.902310e-02
4.342856e-01	6.001078e-01	-2.894647e-01
6.803612e-01	5.826505e-01	-4.496996e-02
4.158430e-01	5.968390e-01	-3.215245e-01
6.972206e-01	5.784915e-01	-7.113424e-02
4.205825e-01	6.049241e-01	-3.545786e-01
6.962200e-01	5.840095e-01	-9.190491e-02
4.291626e-01	6.046645e-01	-3.093467e-01
6.883746e-01	5.833700e-01	-6.029972e-02
5.288883e-01	4.066789e-01	-9.306594e-03
5.786278e-01	4.050708e-01	9.268619e-03
5.208067e-01	2.416618e-01	4.294129e-02
5.857383e-01	2.437837e-01	7.571407e-02
5.175506e-01	9.544031e-02	1.929794e-01
5.830399e-01	9.218517e-02	2.430005e-01
5.264907e-01	7.256927e-02	2.011296e-01
5.741375e-01	6.900008e-02	2.517373e-01
4.982508e-01	3.864123e-02	9.959136e-02
6.127390e-01	3.977740e-02	1.443474e-01
5.536674e-01	7.510580e-01	-2.300080e-01
5.483685e-01	7.681429e-01	-2.128631e-01
5.438753e-01	7.682182e-01	-2.129192e-01
5.406934e-01	7.683836e-01	-2.128932e-01
5.602652e-01	7.674959e-01	-2.118037e-01
5.645582e-01	7.667935e-01	-2.118022e-01
5.688509e-01	7.660368e-01	-2.117101e-01
5.357874e-01	7.606360e-01	-1.040032e-01
5.738315e-01	7.569038e-01	-9.686796e-02
5.460490e-01	7.322888e-01	-1.888627e-01
5.608746e-01	7.301128e-01	-1.864820e-01
5.112547e-01	6.706714e-01	-5.489093e-02
5.990294e-01	6.618811e-01	-3.229285e-02
4.783493e-01	6.381884e-01	-1.990734e-01
6.433212e-01	6.249089e-01	-5.475137e-02
4.319635e-01	6.307391e-01	-4.424456e-01
6.873224e-01	6.132860e-01	-1.871101e-01
4.142357e-01	6.284136e-01	-4.877876e-01
7.033781e-01	6.158999e-01	-2.202637e-01
4.198375e-01	6.304967e-01	-5.127478e-01
7.019206e-01	6.219112e-01	-2.419710e-01
4.283260e-01	6.295595e-01	-4.611011e-01
6.939520e-01	6.193480e-01	-2.032580e-01
5.285839e-01	4.064851e-01	-9.178624e-03
5.787448e-01	4.047686e-01	9.250069e-03
5.206960e-01	2.415520e-01	4.337103e-02
5.857406e-01	2.437503e-01	8.827375e-02
5.175644e-01	9.539546e-02	1.933463e-01
5.826955e-01	9.234551e-02	2.638276e-01
5.265469e-01	7.253345e-02	2.011337e-01
5.739709e-01	6.930198e-02	2.732590e-01
4.983415e-01	3.860990e-02	9.147365e-02
6.118057e-01	3.976792e-02	1.629247e-01
5.546615e-01	7.518283e-01	-2.209046e-01
5.490600e-01	7.687890e-01	-2.043593e-01
5.447137e-01	7.688407e-01	-2.044154e-01
5.411558e-01	7.690378e-01	-2.043940e-01
5.608699e-01	7.678598e-01	-2.021699e-01
5.652764e-01	7.671248e-01	-2.021545e-01
5.693871e-01	7.662962e-01	-2.020372e-01
5.360093e-01	7.615706e-01	-9.906214e-02
5.742778e-01	7.572702e-01	-8.633976e-02
5.466255e-01	7.329962e-01	-1.811868e-01
5.614325e-01	7.309259e-01	-1.772909e-01
5.102935e-01	6.766158e-01	-5.710746e-02
6.003052e-01	6.643252e-01	-2.292220e-02
4.625760e-01	6.623290e-01	-2.178211e-01
6.488391e-01	6.357424e-01	-8.505218e-02
4.203900e-01	6.561820e-01	-4.687262e-01
6.959917e-01	6.457157e-01	-2.572810e-01
4.074407e-01	6.646221e-01	-5.169424e-01
7.119884e-01	6.549804e-01	-2.962646e-01
4.131661e-01	6.667116e-01	-5.396394e-01
7.101206e-01	6.624438e-01	-3.160048e-01
4.199212e-01	6.613073e-01	-4.868628e-01
7.019697e-01	6.570522e-01	-2.737985e-01
5.284520e-01	4.078097e-01	-1.037757e-02
5.789247e-01	4.060178e-01	1.050859e-02
5.206968e-01	2.418301e-01	4.208587e-02
5.857433e-01	2.443703e-01	8.517534e-02
5.175883e-01	9.536289e-02	1.821871e-01
5.827504e-01	9.225125e-02	2.510034e-01
5.269096e-01	7.239237e-02	1.882423e-01
5.741216e-01	6.924917e-02	2.595107e-01
4.983578e-01	3.856095e-02	7.272304e-02
6.118606e-01	3.953441e-02	1.476397e-01
5.548784e-01	7.517032e-01	-2.286101e-01
5.492493e-01	7.686497e-01	-2.124249e-01
5.449216e-01	7.687126e-01	-2.124770e-01
5.412811e-01	7.688613e-01	-2.124697e-01
5.610623e-01	7.677470e-01	-2.107172e-01
5.655059e-01	7.670312e-01	-2.107055e-01
5.696090e-01	7.661679e-01	-2.105737e-01
5.361429e-01	7.614606e-01	-1.058979e-01
5.747379e-01	7.572176e-01	-9.577697e-02
5.468525e-01	7.327901e-01	-1.880350e-01
5.616753e-01	7.308322e-01	-1.849346e-01
5.099220e-01	6.786667e-01	-6.358017e-02
6.037262e-01	6.672192e-01	-3.308542e-02
4.553174e-01	6.711053e-01	-2.349212e-01
6.531695e-01	6.588240e-01	-1.411574e-01
4.205715e-01	6.774521e-01	-4.769674e-01
6.988765e-01	6.765977e-01	-3.614035e-01
4.090731e-01	6.863242e-01	-5.253500e-01
7.146544e-01	6.861574e-01	-4.087803e-01
4.148012e-01	6.887862e-01	-5.455691e-01
7.130157e-01	6.939908e-01	-4.251548e-01
4.213303e-01	6.828562e-01	-4.941623e-01
7.058154e-01	6.886825e-01	-3.785035e-01
5.284455e-01	4.079273e-01	-1.063217e-02
5.797743e-01	4.058495e-01	1.078354e-02
5.207987e-01	2.418528e-01	5.099435e-02
5.860840e-01	2.446729e-01	9.719697e-02
5.176533e-01	9.533174e-02	1.841193e-01
5.830263e-01	9.217997e-02	2.697300e-01
5.272573e-01	7.234230e-02	1.921162e-01
5.744749e-01	6.922931e-02	2.781256e-01
4.984583e-01	3.820794e-02	8.135853e-02
6.118876e-01	3.944020e-02	1.646483e-01
5.546773e-01	7.519236e-01	-2.221779e-01
5.490915e-01	7.686212e-01	-2.061043e-01
5.447360e-01	7.686449e-01	-2.061466e-01
5.411502e-01	7.687342e-01	-2.061292e-01
5.609048e-01	7.678741e-01	-2.056731e-01
5.652912e-01	7.672517e-01	-2.056620e-01
5.695049e-01	7.663917e-01	-2.055131e-01
5.360907e-01	7.613443e-01	-1.029528e-01
5.747644e-01	7.575802e-01	-9.912383e-02
5.468394e-01	7.326224e-01	-1.830606e-01
5.616134e-01	7.309590e-01	-1.817804e-01
5.099105e-01	6.808337e-01	-6.572367e-02
6.046499e-01	6.714869e-01	-4.144293e-02
4.613832e-01	6.903806e-01	-2.586440e-01
6.547178e-01	6.777537e-01	-1.872583e-01
4.221811e-01	7.081590e-01	-4.953085e-01
6.987762e-01	7.090514e-01	-4.135031e-01
4.112338e-01	7.217268e-01	-5.448816e-01
7.174094e-01	7.231975e-01	-4.635767e-01
4.156696e-01	7.285271e-01	-5.625764e-01
7.126696e-01	7.293467e-01	-4.794610e-01
4.218076e-01	7.205425e-01	-5.121874e-01
7.056510e-01	7.227630e-01	-4.313492e-01
5.283941e-01	4.089249e-01	-9.060269e-03
5.798295e-01	4.060432e-01	9.211006e-03
5.207980e-01	2.419734e-01	5.887038e-02
5.860776e-01	2.448495e-01	8.920200e-02
5.176665e-01	9.530619e-02	1.938652e-01
5.834562e-01	9.215194e-02	2.577800e-01
5.272738e-01	7.230283e-02	1.988746e-01
5.752171e-01	6.919533e-02	2.661912e-01
4.984771e-01	3.799001e-02	8.483257e-02
6.119227e-01	3.852659e-02	1.530835e-01
5.556660e-01	7.529495e-01	-2.313608e-01
5.493033e-01	7.690542e-01	-2.140568e-01
5.449076e-01	7.689605e-01	-2.141054e-01
5.412080e-01	7.688510e-01	-2.140809e-01
5.611230e-01	7.684720e-01	-2.127866e-01
5.655431e-01	7.678977e-01	-2.128048e-01
5.696988e-01	7.670585e-01	-2.126686e-01
5.360723e-01	7.612557e-01	-1.100202e-01
5.747648e-01	7.588841e-01	-1.022077e-01
5.476165e-01	7.327178e-01	-1.921677e-01
5.623553e-01	7.319714e-01	-1.898881e-01
5.098613e-01	6.816109e-01	-6.744890e-02
6.049105e-01	6.759211e-01	-4.477106e-02
4.501177e-01	7.144292e-01	-2.043966e-01
6.604208e-01	6.979664e-01	-1.241480e-01
4.167775e-01	7.571852e-01	-3.812320e-01
7.029986e-01	7.464651e-01	-2.780303e-01
4.097551e-01	7.701148e-01	-4.213694e-01
7.203712e-01	7.654457e-01	-3.153455e-01
4.143003e-01	7.743502e-01	-4.393258e-01
7.159546e-01	7.726310e-01	-3.346544e-01
4.170617e-01	7.692947e-01	-3.963224e-01
7.102947e-01	7.666410e-01	-2.942763e-01
5.281271e-01	4.102735e-01	-8.988856e-03
5.798339e-01	4.067613e-01	9.144620e-03
5.207502e-01	2.419628e-01	5.741200e-02
5.853534e-01	2.451105e-01	8.708353e-02
5.176739e-01	9.490775e-02	2.028687e-01
5.834681e-01	9.194821e-02	2.558119e-01
5.272946e-01	7.189862e-02	2.089726e-01
5.754097e-01	6.892543e-02	2.639613e-01
4.984924e-01	3.766285e-02	9.086956e-02
6.119443e-01	3.776069e-02	1.502866e-01
5.556965e-01	7.547225e-01	-2.359558e-01
5.493071e-01	7.698056e-01	-2.213708e-01
5.448922e-01	7.696124e-01	-2.214042e-01
5.411743e-01	7.694602e-01	-2.214162e-01
5.611240e-01	7.693126e-01	-2.206732e-01
5.655359e-01	7.687695e-01	-2.206140e-01
5.696923e-01	7.681053e-01	-2.204787e-01
5.355399e-01	7.614170e-01	-1.213986e-01
5.745492e-01	7.600539e-01	-1.099516e-01
5.475971e-01	7.335411e-01	-1.992891e-01
5.623388e-01	7.335998e-01	-1.962008e-01
5.089375e-01	6.829036e-01	-7.371162e-02
6.046727e-01	6.781698e-01	-7.113876e-02
4.441569e-01	7.225062e-01	-1.809495e-01
6.612249e-01	7.165352e-01	-1.091852e-01
4.139938e-01	8.004212e-01	-3.127424e-01
7.052263e-01	7.859649e-01	-2.169118e-01
4.075335e-01	8.254206e-01	-3.471592e-01
7.231871e-01	8.044153e-01	-2.421733e-01
4.120477e-01	8.297672e-01	-3.504253e-01
7.182379e-01	8.123607e-01	-2.595046e-01
4.143175e-01	8.269575e-01	-3.223377e-01
7.130970e-01	8.070520e-01	-2.302137e-01
5.281092e-01	4.113323e-01	-6.273594e-03
5.800382e-01	4.080385e-01	6.389581e-03
5.206956e-01	2.421796e-01	5.745347e-02
5.853614e-01	2.451294e-01	7.558474e-02
5.176879e-01	9.460411e-02	2.138858e-01
5.834268e-01	9.184258e-02	2.514324e-01
5.272173e-01	7.184631e-02	2.216641e-01
5.755485e-01	6.894135e-02	2.607720e-01
4.984520e-01	3.765004e-02	1.010683e-01
6.113275e-01	3.701505e-02	1.413108e-01
5.556174e-01	7.546321e-01	-2.426402e-01
5.490650e-01	7.701247e-01	-2.262812e-01
5.445588e-01	7.698421e-01	-2.263269e-01
5.408286e-01	7.695947e-01	-2.263020e-01
5.610141e-01	7.699002e-01	-2.248831e-01
5.653965e-01	7.695049e-01	-2.248942e-01
5.695658e-01	7.690223e-01	-2.247903e-01
5.343956e-01	7.613649e-01	-1.227381e-01
5.743011e-01	7.610641e-01	-1.142020e-01
5.473856e-01	7.334741e-01	-2.043278e-01
5.622147e-01	7.338328e-01	-2.016868e-01
5.081321e-01	6.838784e-01	-7.915165e-02
6.035896e-01	6.803876e-01	-6.907349e-02
4.461997e-01	7.314913e-01	-1.867601e-01
6.609011e-01	7.326177e-01	-9.936820e-02
4.191025e-01	8.096259e-01	-3.252876e-01
7.037747e-01	8.188525e-01	-1.771958e-01
4.117847e-01	8.379677e-01	-3.632839e-01
7.198241e-01	8.385215e-01	-2.027279e-01
4.157366e-01	8.443347e-01	-3.609529e-01
7.160773e-01	8.495436e-01	-2.231951e-01
4.194210e-01	8.379434e-01	-3.325101e-01
7.104442e-01	8.416768e-01	-1.921552e-01
5.276558e-01	4.122144e-01	-6.278745e-03
5.799216e-01	4.095340e-01	6.392839e-03
5.205294e-01	2.423342e-01	6.070626e-02
5.851640e-01	2.451774e-01	7.520484e-02
5.176700e-01	9.453405e-02	2.210503e-01
5.833148e-01	9.173352e-02	2.500122e-01
5.268358e-01	7.183749e-02	2.296517e-01
5.755441e-01	6.894186e-02	2.593249e-01
4.984753e-01	3.771598e-02	1.097100e-01
6.110947e-01	3.632612e-02	1.412431e-01
5.551268e-01	7.558064e-01	-2.769513e-01
5.484085e-01	7.715346e-01	-2.593663e-01
5.439049e-01	7.709118e-01	-2.594489e-01
5.402437e-01	7.702907e-01	-2.594371e-01
5.603526e-01	7.719730e-01	-2.591696e-01
5.645120e-01	7.718375e-01	-2.592446e-01
5.685250e-01	7.715578e-01	-2.592067e-01
5.334564e-01	7.613198e-01	-1.576265e-01
5.732337e-01	7.632334e-01	-1.545711e-01
5.469618e-01	7.345529e-01	-2.381840e-01
5.617946e-01	7.360938e-01	-2.374256e-01
5.079892e-01	6.866513e-01	-1.081265e-01
6.018432e-01	6.837659e-01	-1.036473e-01
4.485869e-01	7.438690e-01	-1.745110e-01
6.594409e-01	7.452657e-01	-1.317996e-01
4.208991e-01	8.559754e-01	-2.431626e-01
7.021226e-01	8.478933e-01	-2.228345e-01
4.135357e-01	8.905194e-01	-2.765324e-01
7.180482e-01	8.775802e-01	-2.519556e-01
4.176818e-01	9.003906e-01	-2.881623e-01
7.130264e-01	8.916885e-01	-2.749377e-01
4.217103e-01	8.881534e-01	-2.559659e-01
7.080709e-01	8.800262e-01	-2.399286e-01
5.261110e-01	4.133182e-01	-6.039191e-03
5.781492e-01	4.115002e-01	6.133545e-03
5.201017e-01	2.425161e-01	6.109500e-02
5.847006e-01	2.451420e-01	7.507870e-02
5.175126e-01	9.451981e-02	2.320942e-01
5.828692e-01	9.168993e-02	2.528320e-01
5.258682e-01	7.204702e-02	2.416716e-01
5.753925e-01	6.919357e-02	2.632309e-01
4.984606e-01	3.797247e-02	1.257123e-01
6.106488e-01	3.620908e-02	1.461680e-01
5.541838e-01	7.557252e-01	-3.015004e-01
5.475224e-01	7.714452e-01	-2.840649e-01
5.431597e-01	7.708656e-01	-2.841581e-01
5.395824e-01	7.702601e-01	-2.841550e-01
5.596895e-01	7.718282e-01	-2.843558e-01
5.637780e-01	7.717292e-01	-2.844424e-01
5.677205e-01	7.715250e-01	-2.844188e-01
5.330423e-01	7.612864e-01	-1.780123e-01
5.726922e-01	7.630855e-01	-1.770386e-01
5.463084e-01	7.344890e-01	-2.600452e-01
5.612280e-01	7.358764e-01	-2.599680e-01
5.078122e-01	6.870387e-01	-1.206131e-01
5.999984e-01	6.848604e-01	-1.219101e-01
4.502276e-01	7.654475e-01	-1.723302e-01
6.567863e-01	7.557061e-01	-1.524344e-01
4.225302e-01	9.000886e-01	-2.334447e-01
6.990301e-01	8.677862e-01	-2.461366e-01
4.174840e-01	9.331921e-01	-2.669050e-01
7.167783e-01	9.085754e-01	-2.778224e-01
4.250873e-01	9.378582e-01	-2.779627e-01
7.055762e-01	9.183045e-01	-2.980716e-01
4.301724e-01	9.325686e-01	-2.459020e-01
7.014718e-01	9.067057e-01	-2.620908e-01
5.245058e-01	4.133385e-01	-5.230070e-03
5.763824e-01	4.124592e-01	5.279595e-03
5.190718e-01	2.425184e-01	6.552899e-02
5.842109e-01	2.448735e-01	7.469971e-02
5.174991e-01	9.451001e-02	2.493511e-01
5.825409e-01	9.149034e-02	2.622333e-01
5.258287e-01	7.223368e-02	2.604561e-01
5.753793e-01	6.920243e-02	2.740636e-01
4.982502e-01	3.856366e-02	1.473156e-01
6.106486e-01	3.570655e-02	1.581486e-01
5.542440e-01	7.559461e-01	-3.438338e-01
5.474809e-01	7.714547e-01	-3.278646e-01
5.429657e-01	7.709103e-01	-3.279639e-01
5.392342e-01	7.703283e-01	-3.279549e-01
5.596989e-01	7.717581e-01	-3.265965e-01
5.637485e-01	7.716442e-01	-3.266873e-01
5.676159e-01	7.714285e-01	-3.266618e-01
5.326217e-01	7.612544e-01	-2.203855e-01
5.720586e-01	7.630545e-01	-2.113331e-01
5.462769e-01	7.345675e-01	-3.008947e-01
5.612277e-01	7.357671e-01	-2.985029e-01
5.077855e-01	6.877308e-01	-1.563030e-01
5.963781e-01	6.876066e-01	-1.455456e-01
4.513146e-01	7.747082e-01	-1.926697e-01
6.566674e-01	7.654909e-01	-1.678586e-01
4.237848e-01	9.012560e-01	-2.642380e-01
6.885414e-01	8.875166e-01	-2.682475e-01
4.177495e-01	9.391457e-01	-2.995985e-01
7.008977e-01	9.293581e-01	-3.012445e-01
4.278698e-01	9.397582e-01	-3.133539e-01
6.927148e-01	9.415124e-01	-3.242997e-01
4.315682e-01	9.354341e-01	-2.779303e-01
6.869289e-01	9.277145e-01	-2.851738e-01
5.243989e-01	4.157900e-01	-7.402644e-03
5.757928e-01	4.161836e-01	7.401744e-03
5.190881e-01	2.443601e-01	6.321137e-02
5.837234e-01	2.448998e-01	8.038060e-02
5.174667e-01	9.443863e-02	2.379364e-01
5.824662e-01	9.147531e-02	2.639071e-01
5.257802e-01	7.222275e-02	2.486454e-01
5.753790e-01	6.918763e-02	2.744800e-01
4.985580e-01	3.855204e-02	1.263123e-01
6.106775e-01	3.544923e-02	1.561740e-01
5.550189e-01	7.565657e-01	-4.112763e-01
5.477173e-01	7.718088e-01	-3.985515e-01
5.431424e-01	7.712340e-01	-3.986588e-01
5.392450e-01	7.705796e-01	-3.986667e-01
5.598690e-01	7.719228e-01	-3.937996e-01
5.637845e-01	7.717018e-01	-3.938890e-01
5.676309e-01	7.714042e-01	-3.938418e-01
5.326816e-01	7.612484e-01	-2.952300e-01
5.712655e-01	7.631294e-01	-2.700233e-01
5.464082e-01	7.362181e-01	-3.688412e-01
5.615525e-01	7.367455e-01	-3.617885e-01
5.083542e-01	6.894141e-01	-2.311228e-01
5.938791e-01	6.940889e-01	-1.915385e-01
4.535498e-01	7.843961e-01	-2.853116e-01
6.483102e-01	7.753344e-01	-2.102993e-01
4.428287e-01	9.183442e-01	-3.614017e-01
6.766557e-01	9.032868e-01	-3.121611e-01
4.441102e-01	9.579687e-01	-4.044510e-01
6.816930e-01	9.370050e-01	-3.482261e-01
4.518124e-01	9.586625e-01	-4.166272e-01
6.741145e-01	9.450772e-01	-3.713461e-01
4.565198e-01	9.513992e-01	-3.745672e-01
6.707679e-01	9.354236e-01	-3.292207e-01
5.245408e-01	4.226022e-01	-1.155664e-02
5.758262e-01	4.232550e-01	1.148948e-02
5.196201e-01	2.480262e-01	5.201778e-02
5.837660e-01	2.456756e-01	7.928845e-02
5.178460e-01	9.468415e-02	2.306265e-01
5.825564e-01	9.145616e-02	2.615795e-01
5.259955e-01	7.226518e-02	2.397250e-01
5.755516e-01	6.919283e-02	2.716451e-01
4.991708e-01	3.805130e-02	1.001150e-01
6.108227e-01	3.537084e-02	1.559494e-01
5.554215e-01	7.561693e-01	-4.860751e-01
5.478541e-01	7.713577e-01	-4.738376e-01
5.433265e-01	7.709154e-01	-4.739436e-01
5.392546e-01	7.703580e-01	-4.739431e-01
5.601276e-01	7.711847e-01	-4.708233e-01
5.641131e-01	7.709593e-01	-4.709119e-01
5.681424e-01	7.706382e-01	-4.708522e-01
5.328297e-01	7.612270e-01	-3.640488e-01
5.714263e-01	7.630678e-01	-3.466947e-01
5.465259e-01	7.361460e-01	-4.405763e-01
5.619317e-01	7.367024e-01	-4.356377e-01
5.089875e-01	6.897844e-01	-2.881832e-01
5.936962e-01	6.961965e-01	-2.699951e-01
4.591312e-01	7.805400e-01	-3.601747e-01
6.415988e-01	7.858804e-01	-3.118379e-01
4.469026e-01	9.159964e-01	-4.647471e-01
6.701657e-01	9.248386e-01	-4.089876e-01
4.413896e-01	9.486777e-01	-5.110863e-01
6.765752e-01	9.585306e-01	-4.485925e-01
4.473415e-01	9.572212e-01	-5.252553e-01
6.703488e-01	9.698910e-01	-4.726156e-01
4.539665e-01	9.444793e-01	-4.796773e-01
6.653150e-01	9.555859e-01	-4.268967e-01
5.244131e-01	4.245273e-01	-9.920304e-03
5.757616e-01	4.251491e-01	9.725718e-03
5.197301e-01	2.494819e-01	5.504941e-02
5.849449e-01	2.456885e-01	6.771067e-02
5.184179e-01	9.470581e-02	2.399931e-01
5.833230e-01	9.143759e-02	2.593259e-01
5.265278e-01	7.218952e-02	2.496592e-01
5.764235e-01	6.922349e-02	2.694489e-01
4.994152e-01	3.774360e-02	1.124045e-01
6.113716e-01	3.532925e-02	1.387110e-01
5.555020e-01	7.561290e-01	-4.181971e-01
5.480475e-01	7.713246e-01	-4.047055e-01
5.436073e-01	7.708782e-01	-4.048169e-01
5.393656e-01	7.703355e-01	-4.048049e-01
5.603073e-01	7.711438e-01	-4.017065e-01
5.642981e-01	7.709211e-01	-4.017808e-01
5.684319e-01	7.706040e-01	-4.017165e-01
5.330392e-01	7.615358e-01	-3.007233e-01
5.715027e-01	7.630919e-01	-2.825155e-01
5.465212e-01	7.360334e-01	-3.759301e-01
5.619293e-01	7.365904e-01	-3.706613e-01
5.097405e-01	6.909015e-01	-2.420134e-01
5.927565e-01	6.947615e-01	-2.244856e-01
4.681754e-01	7.831938e-01	-3.455485e-01
6.327056e-01	7.911780e-01	-2.796288e-01
4.500312e-01	9.126707e-01	-4.783166e-01
6.575096e-01	9.241347e-01	-3.699046e-01
4.399080e-01	9.554023e-01	-5.256041e-01
6.631975e-01	9.504216e-01	-4.050452e-01
4.439470e-01	9.535370e-01	-5.372286e-01
6.578799e-01	9.649293e-01	-4.275208e-01
4.524690e-01	9.455785e-01	-4.929802e-01
6.536372e-01	9.512214e-01	-3.868203e-01
5.244781e-01	4.239492e-01	-9.709529e-03
5.759823e-01	4.237689e-01	9.543266e-03
5.198718e-01	2.492303e-01	4.726849e-02
5.889684e-01	2.452707e-01	6.871309e-02
5.192708e-01	9.498295e-02	2.203173e-01
5.841979e-01	9.345743e-02	2.575277e-01
5.266967e-01	7.220052e-02	2.285364e-01
5.768440e-01	7.120990e-02	2.667020e-01
4.999920e-01	3.723343e-02	9.397683e-02
6.119465e-01	3.539847e-02	1.381618e-01
5.562073e-01	7.565663e-01	-3.462982e-01
5.492187e-01	7.720639e-01	-3.318413e-01
5.448958e-01	7.719843e-01	-3.319899e-01
5.406765e-01	7.717463e-01	-3.320175e-01
5.611397e-01	7.713541e-01	-3.243962e-01
5.652326e-01	7.710297e-01	-3.244792e-01
5.693846e-01	7.706449e-01	-3.244437e-01
5.342367e-01	7.633364e-01	-2.459289e-01
5.720550e-01	7.635850e-01	-2.028060e-01
5.467210e-01	7.371801e-01	-3.114831e-01
5.620943e-01	7.369121e-01	-2.995090e-01
5.114570e-01	6.917833e-01	-2.003322e-01
5.926929e-01	6.942505e-01	-1.515439e-01
4.790178e-01	7.857414e-01	-2.931555e-01
6.268944e-01	7.944460e-01	-1.818483e-01
4.788719e-01	9.223426e-01	-4.080596e-01
6.509613e-01	9.314060e-01	-2.489803e-01
4.806510e-01	9.543057e-01	-4.512795e-01
6.540682e-01	9.595622e-01	-2.821502e-01
4.863689e-01	9.609592e-01	-4.628617e-01
6.486229e-01	9.709845e-01	-2.968767e-01
4.877034e-01	9.490059e-01	-4.213992e-01
6.455088e-01	9.580233e-01	-2.628606e-01
5.250453e-01	4.230780e-01	-1.257087e-02
5.766672e-01	4.232725e-01	1.244843e-02
5.201229e-01	2.491315e-01	2.990387e-02
5.921984e-01	2.451797e-01	5.661450e-02
5.202858e-01	9.509902e-02	1.878886e-01
5.851389e-01	9.399361e-02	2.278810e-01
5.271941e-01	7.221518e-02	1.955458e-01
5.773118e-01	7.174557e-02	2.363524e-01
5.007528e-01	3.685794e-02	6.856147e-02
6.126218e-01	3.532931e-02	1.197665e-01
5.563819e-01	7.565808e-01	-2.910630e-01
5.496411e-01	7.725416e-01	-2.757297e-01
5.453962e-01	7.726480e-01	-2.758397e-01
5.411854e-01	7.725763e-01	-2.758433e-01
5.614942e-01	7.715794e-01	-2.682659e-01
5.656567e-01	7.712044e-01	-2.683410e-01
5.698798e-01	7.707612e-01	-2.683316e-01
5.348693e-01	7.644801e-01	-1.855806e-01
5.724375e-01	7.638615e-01	-1.459782e-01
5.467431e-01	7.373704e-01	-2.560562e-01
5.620962e-01	7.368323e-01	-2.445902e-01
5.126554e-01	6.930629e-01	-1.700199e-01
5.921298e-01	6.938192e-01	-9.192511e-02
4.882051e-01	7.967739e-01	-2.727852e-01
6.237832e-01	7.946025e-01	-1.078076e-01
4.955166e-01	9.266850e-01	-3.877669e-01
6.413542e-01	9.295283e-01	-1.710321e-01
4.992014e-01	9.558290e-01	-4.357457e-01
6.453465e-01	9.584454e-01	-1.995839e-01
5.004650e-01	9.641462e-01	-4.245206e-01
6.381541e-01	9.658639e-01	-2.147084e-01
5.018446e-01	9.511190e-01	-3.911470e-01
6.355509e-01	9.556159e-01	-1.843586e-01
5.254689e-01	4.224926e-01	-1.682163e-02
5.773710e-01	4.232424e-01	1.675016e-02
5.204769e-01	2.489207e-01	1.773506e-02
5.937452e-01	2.449592e-01	4.951945e-02
5.207590e-01	9.506359e-02	1.720769e-01
5.858672e-01	9.437358e-02	2.195932e-01
5.274724e-01	7.208380e-02	1.792263e-01
5.777787e-01	7.207619e-02	2.279780e-01
5.013979e-01	3.611968e-02	5.074775e-02
6.130770e-01	3.535891e-02	1.120020e-01
5.560882e-01	7.565789e-01	-2.466113e-01
5.495588e-01	7.727264e-01	-2.305439e-01
5.453853e-01	7.728376e-01	-2.306459e-01
5.411745e-01	7.728005e-01	-2.306414e-01
5.613940e-01	7.717749e-01	-2.233939e-01
5.654634e-01	7.714028e-01	-2.234509e-01
5.697377e-01	7.709488e-01	-2.234216e-01
5.350907e-01	7.646804e-01	-1.424889e-01
5.724258e-01	7.639612e-01	-1.062137e-01
5.465718e-01	7.373579e-01	-2.132982e-01
5.616795e-01	7.367706e-01	-2.026954e-01
5.133144e-01	6.928198e-01	-1.418974e-01
5.911682e-01	6.937510e-01	-5.179034e-02
4.991960e-01	8.070153e-01	-2.465388e-01
6.164123e-01	7.902600e-01	-6.208647e-02
5.100439e-01	9.290661e-01	-3.138023e-01
6.348223e-01	9.289246e-01	-1.151886e-01
5.103549e-01	9.582118e-01	-3.539460e-01
6.385054e-01	9.585943e-01	-1.401233e-01
5.119787e-01	9.628222e-01	-3.523599e-01
6.329228e-01	9.676825e-01	-1.556961e-01
5.144782e-01	9.522291e-01	-3.204081e-01
6.289858e-01	9.548373e-01	-1.286044e-01
5.266708e-01	4.208731e-01	-2.200011e-02
5.783699e-01	4.228939e-01	2.197778e-02
5.212169e-01	2.478200e-01	9.493457e-03
5.950271e-01	2.434911e-01	4.702038e-02
5.208533e-01	9.501271e-02	1.572638e-01
5.860091e-01	9.426859e-02	2.125249e-01
5.274831e-01	7.179925e-02	1.639641e-01
5.780243e-01	7.178237e-02	2.204432e-01
5.019053e-01	3.606972e-02	4.133744e-02
6.135143e-01	3.498153e-02	1.091496e-01
5.563304e-01	7.568188e-01	-2.300740e-01
5.496265e-01	7.731781e-01	-2.137574e-01
5.454988e-01	7.732932e-01	-2.138401e-01
5.412868e-01	7.732818e-01	-2.138149e-01
5.614991e-01	7.721913e-01	-2.054599e-01
5.656136e-01	7.717717e-01	-2.055267e-01
5.699252e-01	7.712905e-01	-2.055105e-01
5.352434e-01	7.648152e-01	-1.278552e-01
5.724398e-01	7.641662e-01	-8.677588e-02
5.467247e-01	7.373306e-01	-1.982235e-01
5.617949e-01	7.367433e-01	-1.862390e-01
5.137481e-01	6.923956e-01	-1.325143e-01
5.910873e-01	6.929276e-01	-3.390963e-02
5.065559e-01	8.052344e-01	-2.269953e-01
6.174235e-01	7.837541e-01	-5.391167e-02
5.200701e-01	9.285030e-01	-2.705080e-01
6.250235e-01	9.236005e-01	-1.134486e-01
5.230383e-01	9.548643e-01	-3.094422e-01
6.264104e-01	9.535719e-01	-1.422336e-01
5.248344e-01	9.599077e-01	-3.082979e-01
6.217642e-01	9.605315e-01	-1.521635e-01
5.268071e-01	9.504775e-01	-2.769315e-01
6.191822e-01	9.477445e-01	-1.252076e-01
5.271989e-01	4.154386e-01	-2.567526e-02
5.791591e-01	4.204937e-01	2.566465e-02
5.217690e-01	2.457505e-01	1.497188e-02
5.948070e-01	2.418870e-01	5.352038e-02
5.208756e-01	9.489657e-02	1.708989e-01
5.860258e-01	9.421944e-02	2.172370e-01
5.274882e-01	7.163896e-02	1.786018e-01
5.780839e-01	7.177040e-02	2.257015e-01
5.025841e-01	3.596047e-02	5.775473e-02
6.137737e-01	3.498711e-02	1.235826e-01
5.563737e-01	7.574571e-01	-2.438393e-01
5.496430e-01	7.737132e-01	-2.252016e-01
5.455204e-01	7.738237e-01	-2.252835e-01
5.412902e-01	7.738433e-01	-2.252454e-01
5.616087e-01	7.725956e-01	-2.192563e-01
5.658364e-01	7.720574e-01	-2.193425e-01
5.701882e-01	7.714854e-01	-2.193503e-01
5.352932e-01	7.649462e-01	-1.307886e-01
5.726756e-01	7.641255e-01	-1.006061e-01
5.467430e-01	7.373692e-01	-2.091374e-01
5.618764e-01	7.367580e-01	-2.002610e-01
5.143719e-01	6.899539e-01	-1.260014e-01
5.909536e-01	6.879228e-01	-5.519728e-02
5.069111e-01	8.024444e-01	-2.029750e-01
6.173891e-01	7.812634e-01	-8.594228e-02
5.235730e-01	9.272031e-01	-2.302552e-01
6.179807e-01	9.197991e-01	-1.451945e-01
5.267820e-01	9.464740e-01	-2.661845e-01
6.183833e-01	9.474082e-01	-1.756449e-01
5.276578e-01	9.518196e-01	-2.658386e-01
6.149019e-01	9.524009e-01	-1.840844e-01
5.293397e-01	9.447618e-01	-2.369316e-01
6.133432e-01	9.410420e-01	-1.563261e-01
5.275640e-01	4.086140e-01	-2.393680e-02
5.798545e-01	4.154433e-01	2.391780e-02
5.223617e-01	2.432691e-01	2.106571e-02
5.948531e-01	2.388058e-01	6.234653e-02
5.209100e-01	9.436366e-02	1.875490e-01
5.860295e-01	9.345100e-02	2.326982e-01
5.275239e-01	7.092234e-02	1.967224e-01
5.781292e-01	7.083450e-02	2.422315e-01
5.027628e-01	3.560885e-02	8.495846e-02
6.139867e-01	3.461016e-02	1.410531e-01
5.563823e-01	7.574368e-01	-2.653678e-01
5.496100e-01	7.736874e-01	-2.485625e-01
5.454915e-01	7.737516e-01	-2.486594e-01
5.412132e-01	7.737210e-01	-2.486422e-01
5.615987e-01	7.725865e-01	-2.411529e-01
5.658183e-01	7.720397e-01	-2.412355e-01
5.701811e-01	7.714374e-01	-2.412157e-01
5.352297e-01	7.644250e-01	-1.522607e-01
5.726637e-01	7.636002e-01	-1.179148e-01
5.467263e-01	7.371656e-01	-2.300890e-01
5.618804e-01	7.367033e-01	-2.200784e-01
5.143121e-01	6.861789e-01	-1.625329e-01
5.902334e-01	6.846533e-01	-6.037691e-02
5.064454e-01	7.969649e-01	-2.708082e-01
6.133193e-01	7.805260e-01	-8.421009e-02
5.223296e-01	9.196861e-01	-3.087269e-01
6.223564e-01	9.205517e-01	-1.409430e-01
5.240759e-01	9.431556e-01	-3.507004e-01
6.259488e-01	9.526559e-01	-1.679715e-01
5.280806e-01	9.462389e-01	-3.363019e-01
6.223593e-01	9.568501e-01	-1.805471e-01
5.295795e-01	9.382001e-01	-3.098699e-01
6.196964e-01	9.459522e-01	-1.539672e-01
5.277518e-01	4.043026e-01	-2.890470e-02
5.800672e-01	4.120082e-01	2.890612e-02
5.224200e-01	2.412913e-01	2.068902e-02
5.948772e-01	2.364094e-01	7.743715e-02
5.209103e-01	9.291802e-02	1.863808e-01
5.860246e-01	9.086823e-02	2.514902e-01
5.275783e-01	6.865828e-02	1.953700e-01
5.781921e-01	6.841938e-02	2.605806e-01
5.027362e-01	3.465109e-02	8.049126e-02
6.143398e-01	3.379772e-02	1.555766e-01
5.556923e-01	7.535497e-01	-1.921908e-01
5.494476e-01	7.711982e-01	-1.688217e-01
5.453562e-01	7.714615e-01	-1.689163e-01
5.410373e-01	7.714926e-01	-1.688826e-01
5.614473e-01	7.694930e-01	-1.623917e-01
5.656316e-01	7.684330e-01	-1.624500e-01
5.700494e-01	7.669199e-01	-1.624298e-01
5.351816e-01	7.625733e-01	-6.383901e-02
5.726322e-01	7.566921e-01	-3.156132e-02
5.458976e-01	7.329730e-01	-1.550449e-01
5.610059e-01	7.318003e-01	-1.454191e-01
5.137929e-01	6.795205e-01	-6.688077e-02
5.893441e-01	6.741564e-01	1.577041e-02
5.088457e-01	7.829012e-01	-1.548578e-01
6.118677e-01	7.520666e-01	1.612906e-02
5.131285e-01	9.016298e-01	-1.846806e-01
6.241668e-01	8.853448e-01	-1.269879e-02
5.189267e-01	9.392451e-01	-2.174511e-01
6.285261e-01	9.385290e-01	-3.462630e-02
5.188739e-01	9.437681e-01	-2.167227e-01
6.266359e-01	9.399903e-01	-4.676796e-02
5.201650e-01	9.325317e-01	-1.915043e-01
6.236948e-01	9.205654e-01	-2.503906e-02
5.279168e-01	3.982326e-01	-2.742375e-02
5.800592e-01	4.056010e-01	2.743609e-02
5.225171e-01	2.411555e-01	8.770393e-03
5.957673e-01	2.348578e-01	4.226023e-02
5.206432e-01	9.156889e-02	1.694387e-01
5.860195e-01	8.739003e-02	2.152042e-01
5.274804e-01	6.668760e-02	1.774492e-01
5.781257e-01	6.547661e-02	2.235628e-01
5.015995e-01	3.338436e-02	6.015532e-02
6.143522e-01	3.082189e-02	1.137910e-01
5.559436e-01	7.530010e-01	-2.187645e-01
5.494593e-01	7.698988e-01	-2.033439e-01
5.453465e-01	7.702436e-01	-2.034098e-01
5.409140e-01	7.703797e-01	-2.034003e-01
5.615541e-01	7.675188e-01	-1.940740e-01
5.657697e-01	7.661766e-01	-1.941287e-01
5.700943e-01	7.645539e-01	-1.941221e-01
5.344698e-01	7.612358e-01	-1.120742e-01
5.723431e-01	7.546124e-01	-6.903480e-02
5.459028e-01	7.328802e-01	-1.857570e-01
5.611434e-01	7.314837e-01	-1.725100e-01
5.118185e-01	6.736049e-01	-9.306795e-02
5.881860e-01	6.659784e-01	1.832942e-02
5.053887e-01	6.954822e-01	-3.057505e-01
6.054639e-01	6.917293e-01	2.193425e-01
5.094332e-01	7.586395e-01	-4.870610e-01
6.151699e-01	7.610911e-01	4.069440e-01
5.154139e-01	7.692906e-01	-5.247195e-01
6.133766e-01	7.728928e-01	4.347263e-01
5.155392e-01	7.804427e-01	-5.364161e-01
6.123441e-01	7.773280e-01	4.190761e-01
5.141660e-01	7.790266e-01	-4.989773e-01
6.120154e-01	7.735684e-01	4.038172e-01
5.279184e-01	3.888877e-01	-3.453455e-02
5.799960e-01	3.946449e-01	3.454549e-02
5.226085e-01	2.376003e-01	-3.668612e-04
5.955935e-01	2.315720e-01	6.334473e-02
5.196960e-01	8.837756e-02	1.639215e-01
5.852082e-01	8.397841e-02	2.232738e-01
5.268629e-01	6.518026e-02	1.733552e-01
5.773918e-01	6.271621e-02	2.294833e-01
5.012789e-01	3.216336e-02	5.442893e-02
6.141388e-01	2.820387e-02	1.175107e-01
5.556605e-01	7.506801e-01	-2.190012e-01
5.488439e-01	7.663035e-01	-2.053569e-01
5.447215e-01	7.659583e-01	-2.054424e-01
5.401868e-01	7.655030e-01	-2.054528e-01
5.606416e-01	7.655576e-01	-1.975850e-01
5.645419e-01	7.646576e-01	-1.976137e-01
5.686485e-01	7.635494e-01	-1.975648e-01
5.338179e-01	7.570449e-01	-1.111217e-01
5.713222e-01	7.544115e-01	-7.329369e-02
5.459073e-01	7.317784e-01	-1.834911e-01
5.609866e-01	7.309119e-01	-1.718559e-01
5.119900e-01	6.747527e-01	-1.099403e-01
5.882995e-01	6.663832e-01	-1.832127e-02
5.036525e-01	6.756124e-01	-4.575609e-01
5.968561e-01	6.473252e-01	-1.907653e-01
5.167326e-01	6.663437e-01	-7.405764e-01
5.991643e-01	6.555125e-01	-4.181426e-01
5.209371e-01	6.681063e-01	-8.099931e-01
6.044092e-01	6.582623e-01	-4.681619e-01
5.268422e-01	6.692625e-01	-8.062788e-01
5.995923e-01	6.608253e-01	-4.736305e-01
5.273026e-01	6.630510e-01	-7.486079e-01
5.984010e-01	6.587469e-01	-4.315819e-01
5.270419e-01	3.874191e-01	-3.280125e-02
5.795155e-01	3.903125e-01	3.286429e-02
5.223619e-01	2.323729e-01	-2.021322e-03
5.946318e-01	2.296214e-01	6.964397e-02
5.189073e-01	8.537741e-02	1.686718e-01
5.845474e-01	8.109125e-02	2.448017e-01
5.264891e-01	6.420571e-02	1.810245e-01
5.762661e-01	6.108457e-02	2.522841e-01
4.987544e-01	3.094248e-02	5.947287e-02
6.146094e-01	2.547835e-02	1.265106e-01
5.544733e-01	7.499476e-01	-2.639862e-01
5.478302e-01	7.643824e-01	-2.476210e-01
5.435049e-01	7.637563e-01	-2.476341e-01
5.390489e-01	7.632234e-01	-2.476115e-01
5.595042e-01	7.645059e-01	-2.511179e-01
5.630878e-01	7.638822e-01	-2.511781e-01
5.671247e-01	7.631787e-01	-2.511633e-01
5.332974e-01	7.545125e-01	-1.225836e-01
5.706365e-01	7.542988e-01	-1.441638e-01
5.456555e-01	7.294930e-01	-2.167535e-01
5.603803e-01	7.294070e-01	-2.215196e-01
5.102298e-01	6.602463e-01	-7.224947e-02
5.957646e-01	6.464472e-01	-5.454101e-02
5.042800e-01	5.921530e-01	-4.069790e-02
5.988058e-01	5.293337e-01	6.806402e-03
5.155180e-01	4.656679e-01	-9.206939e-02
6.017566e-01	3.879938e-01	-7.636055e-03
5.189279e-01	4.354806e-01	-1.141043e-01
6.055869e-01	3.569884e-01	-2.359247e-02
5.227855e-01	4.351752e-01	-1.361611e-01
6.043023e-01	3.517061e-01	-5.855977e-02
5.240927e-01	4.408284e-01	-1.034868e-01
6.007175e-01	3.637585e-01	-2.251187e-02
5.240404e-01	3.841088e-01	-1.044490e-02
5.779449e-01	3.842041e-01	1.042705e-02
5.217127e-01	2.300459e-01	5.211401e-02
5.935118e-01	2.290567e-01	6.922918e-02
5.182320e-01	8.236411e-02	2.724250e-01
5.835946e-01	7.979601e-02	2.943863e-01
5.255560e-01	6.204475e-02	2.883423e-01
5.751597e-01	6.074879e-02	3.100965e-01
4.972519e-01	3.002774e-02	1.765453e-01
6.137887e-01	2.557288e-02	1.946376e-01
5.536221e-01	7.475693e-01	-2.905901e-01
5.472769e-01	7.628455e-01	-2.753161e-01
5.428880e-01	7.622106e-01	-2.753321e-01
5.387354e-01	7.616144e-01	-2.753318e-01
5.586225e-01	7.630249e-01	-2.778658e-01
5.619956e-01	7.626473e-01	-2.779151e-01
5.658590e-01	7.621447e-01	-2.779292e-01
5.329796e-01	7.518526e-01	-1.586933e-01
5.699704e-01	7.529228e-01	-1.737631e-01
5.454788e-01	7.275285e-01	-2.456815e-01
5.598007e-01	7.278738e-01	-2.492850e-01
5.078984e-01	6.502051e-01	-7.863689e-02
5.959764e-01	6.431718e-01	-7.422595e-02
5.061631e-01	5.450437e-01	1.057449e-02
5.969175e-01	5.284544e-01	5.028868e-02
5.214468e-01	4.565145e-01	2.910997e-02
5.781168e-01	4.643345e-01	1.072982e-01
5.266844e-01	4.341723e-01	2.222029e-02
5.721240e-01	4.410750e-01	1.056752e-01
5.280986e-01	4.360828e-01	-4.028005e-03
5.696195e-01	4.515781e-01	8.458678e-02
5.283052e-01	4.400268e-01	1.842961e-02
5.700052e-01	4.532622e-01	1.009212e-01
5.241755e-01	3.862210e-01	-2.384098e-03
5.775005e-01	3.873129e-01	2.238482e-03
5.208881e-01	2.302337e-01	4.510419e-02
5.916246e-01	2.291559e-01	2.394706e-02
5.166883e-01	8.212864e-02	2.429037e-01
5.821518e-01	7.970092e-02	2.305941e-01
5.239213e-01	6.108280e-02	2.556419e-01
5.739157e-01	5.989031e-02	2.437905e-01
4.963922e-01	2.988549e-02	1.427042e-01
6.120998e-01	2.570414e-02	1.247472e-01
5.531622e-01	7.472543e-01	-3.235918e-01
5.470878e-01	7.626860e-01	-3.117994e-01
5.426409e-01	7.621577e-01	-3.118233e-01
5.385541e-01	7.616465e-01	-3.118303e-01
5.583671e-01	7.626786e-01	-3.119616e-01
5.617352e-01	7.622767e-01	-3.119933e-01
5.655960e-01	7.616553e-01	-3.119750e-01
5.327204e-01	7.515218e-01	-2.061137e-01
5.699425e-01	7.518821e-01	-2.084203e-01
5.452515e-01	7.269295e-01	-2.818089e-01
5.593227e-01	7.272323e-01	-2.818453e-01
5.064305e-01	6.449264e-01	-9.360722e-02
5.965794e-01	6.407911e-01	-9.661315e-02
5.050637e-01	5.340216e-01	3.259834e-03
5.988389e-01	5.244303e-01	4.801580e-02
5.183138e-01	4.307993e-01	7.181794e-02
5.898427e-01	4.215289e-01	1.088878e-01
5.225147e-01	3.996296e-01	7.562973e-02
5.903637e-01	3.904138e-01	1.103201e-01
5.241740e-01	3.997731e-01	4.605398e-02
5.876230e-01	3.874079e-01	8.355577e-02
5.248586e-01	4.124581e-01	6.179785e-02
5.863405e-01	3.988004e-01	9.989127e-02
5.244039e-01	3.868974e-01	8.763711e-04
5.774130e-01	3.879677e-01	-1.045021e-03
5.202858e-01	2.304696e-01	4.620373e-02
5.872384e-01	2.304598e-01	3.852855e-02
5.159160e-01	8.231885e-02	2.374924e-01
5.816833e-01	8.004887e-02	2.366358e-01
5.234376e-01	6.053071e-02	2.496950e-01
5.736411e-01	6.015339e-02	2.509572e-01
4.965035e-01	2.919359e-02	1.358640e-01
6.102658e-01	2.640626e-02	1.300279e-01
5.529657e-01	7.472942e-01	-2.831791e-01
5.469154e-01	7.628496e-01	-2.646137e-01
5.424449e-01	7.623233e-01	-2.645994e-01
5.385078e-01	7.618597e-01	-2.644958e-01
5.580893e-01	7.627779e-01	-2.680934e-01
5.614824e-01	7.623465e-01	-2.681334e-01
5.654290e-01	7.616444e-01	-2.680476e-01
5.327586e-01	7.517797e-01	-1.527319e-01
5.699124e-01	7.517911e-01	-1.731889e-01
5.452443e-01	7.271680e-01	-2.411948e-01
5.592322e-01	7.272695e-01	-2.462851e-01
5.062582e-01	6.443363e-01	-7.256335e-02
5.965067e-01	6.424575e-01	-9.555816e-02
5.039765e-01	5.300913e-01	-3.046168e-02
5.991142e-01	5.258265e-01	6.500995e-04
5.023986e-01	4.164166e-01	-8.852350e-02
5.965163e-01	4.190023e-01	-9.439561e-02
5.012951e-01	3.841357e-01	-1.142363e-01
5.979480e-01	3.791398e-01	-1.226580e-01
5.074462e-01	3.840821e-01	-1.429963e-01
5.945883e-01	3.818646e-01	-1.583306e-01
5.111705e-01	3.956999e-01	-1.025558e-01
5.920854e-01	3.965372e-01	-1.110000e-01
5.243672e-01	3.941024e-01	-2.289056e-03
5.747498e-01	3.958130e-01	2.245533e-03
5.192791e-01	2.306711e-01	1.874221e-02
5.859036e-01	2.336144e-01	1.904428e-02
5.152292e-01	8.193596e-02	1.602608e-01
5.811201e-01	8.093376e-02	1.773932e-01
5.230599e-01	5.878103e-02	1.658552e-01
5.731401e-01	6.066607e-02	1.847027e-01
4.964349e-01	2.878270e-02	4.609884e-02
6.094620e-01	2.867533e-02	6.724413e-02
5.533049e-01	7.476116e-01	-2.822104e-01
5.470913e-01	7.631567e-01	-2.647531e-01
5.427247e-01	7.625635e-01	-2.647548e-01
5.387523e-01	7.621003e-01	-2.646711e-01
5.582862e-01	7.629543e-01	-2.651069e-01
5.619348e-01	7.624817e-01	-2.651592e-01
5.656847e-01	7.617727e-01	-2.650907e-01
5.331842e-01	7.519937e-01	-1.587377e-01
5.702938e-01	7.518883e-01	-1.600194e-01
5.456765e-01	7.277322e-01	-2.426296e-01
5.597962e-01	7.273959e-01	-2.425820e-01
5.064324e-01	6.428750e-01	-7.924262e-02
5.966681e-01	6.417897e-01	-8.572555e-02
5.036052e-01	5.213190e-01	-8.508966e-02
5.992762e-01	5.161084e-01	-4.607702e-02
4.979798e-01	4.068607e-01	-1.501033e-01
5.993491e-01	3.950133e-01	-1.333282e-01
4.958920e-01	3.700984e-01	-1.746492e-01
6.008508e-01	3.587210e-01	-1.626768e-01
5.019690e-01	3.709065e-01	-1.621041e-01
5.964204e-01	3.603805e-01	-1.935387e-01
5.061662e-01	3.827006e-01	-1.609138e-01
5.932826e-01	3.733370e-01	-1.480040e-01
5.252484e-01	3.947043e-01	-4.335274e-03
5.748113e-01	3.964895e-01	4.318747e-03
5.188098e-01	2.308589e-01	1.564253e-02
5.856394e-01	2.357090e-01	3.126683e-02
5.150442e-01	8.116925e-02	1.490310e-01
5.810961e-01	8.149693e-02	1.952522e-01
5.229439e-01	5.797699e-02	1.545978e-01
5.730325e-01	6.104086e-02	2.029423e-01
4.951096e-01	2.797400e-02	4.502058e-02
6.094936e-01	3.015128e-02	9.452788e-02
5.540334e-01	7.482551e-01	-2.851143e-01
5.476229e-01	7.640960e-01	-2.681547e-01
5.435773e-01	7.635654e-01	-2.681654e-01
5.393111e-01	7.629141e-01	-2.680888e-01
5.590414e-01	7.638600e-01	-2.668491e-01
5.630565e-01	7.632812e-01	-2.669119e-01
5.664436e-01	7.625477e-01	-2.668449e-01
5.341116e-01	7.522957e-01	-1.646381e-01
5.710635e-01	7.520155e-01	-1.581824e-01
5.463228e-01	7.286329e-01	-2.464859e-01
5.607422e-01	7.278830e-01	-2.442822e-01
5.068952e-01	6.432020e-01	-9.032996e-02
5.968602e-01	6.415827e-01	-8.450866e-02
5.023227e-01	5.205892e-01	-9.436814e-02
5.994758e-01	5.131961e-01	-5.471293e-02
4.942587e-01	4.018066e-01	-1.646921e-01
6.008348e-01	3.841183e-01	-1.416801e-01
4.910583e-01	3.636137e-01	-1.915938e-01
6.022229e-01	3.487504e-01	-1.715380e-01
4.968749e-01	3.631887e-01	-1.748373e-01
5.970966e-01	3.501378e-01	-2.019344e-01
5.018443e-01	3.761757e-01	-1.765154e-01
5.938193e-01	3.632178e-01	-1.563389e-01
5.258325e-01	3.948301e-01	-5.477077e-03
5.749500e-01	3.964494e-01	5.449579e-03
5.184841e-01	2.302196e-01	1.395327e-02
5.862358e-01	2.357197e-01	3.393657e-02
5.147481e-01	8.130049e-02	1.676631e-01
5.811284e-01	8.266951e-02	2.050913e-01
5.226181e-01	5.815206e-02	1.756983e-01
5.729199e-01	6.263679e-02	2.141172e-01
4.942687e-01	2.795388e-02	6.608969e-02
6.096145e-01	3.066924e-02	1.063349e-01
5.540406e-01	7.483402e-01	-2.858213e-01
5.476571e-01	7.641580e-01	-2.697806e-01
5.436159e-01	7.636372e-01	-2.697858e-01
5.393644e-01	7.630180e-01	-2.697112e-01
5.590470e-01	7.639028e-01	-2.677079e-01
5.631554e-01	7.633209e-01	-2.677698e-01
5.664849e-01	7.625743e-01	-2.676929e-01
5.342755e-01	7.524229e-01	-1.704174e-01
5.711402e-01	7.519865e-01	-1.608542e-01
5.463279e-01	7.286514e-01	-2.484500e-01
5.607460e-01	7.279167e-01	-2.454713e-01
5.069792e-01	6.403347e-01	-1.112192e-01
5.968652e-01	6.406288e-01	-8.843045e-02
5.022901e-01	5.107728e-01	-1.038585e-01
6.003012e-01	5.096307e-01	-6.268000e-02
4.934416e-01	3.836591e-01	-1.722342e-01
6.019764e-01	3.781841e-01	-1.488452e-01
4.898447e-01	3.474652e-01	-2.064863e-01
6.035586e-01	3.424729e-01	-1.792086e-01
4.973122e-01	3.472661e-01	-2.283920e-01
5.960715e-01	3.447992e-01	-2.092274e-01
5.018691e-01	3.600138e-01	-1.880923e-01
5.925649e-01	3.580460e-01	-1.633731e-01
5.258828e-01	3.939759e-01	-6.168346e-03
5.749595e-01	3.932872e-01	6.160808e-03
5.178894e-01	2.296161e-01	1.614589e-02
5.859648e-01	2.359135e-01	4.261555e-02
5.143573e-01	8.134131e-02	1.763398e-01
5.804027e-01	8.321216e-02	2.154764e-01
5.223771e-01	5.817960e-02	1.845812e-01
5.722322e-01	6.366483e-02	2.258036e-01
4.926318e-01	2.793969e-02	8.703415e-02
6.086191e-01	3.106778e-02	1.297936e-01
5.537795e-01	7.483656e-01	-2.903424e-01
5.475596e-01	7.641884e-01	-2.738032e-01
5.433957e-01	7.636674e-01	-2.738096e-01
5.393287e-01	7.631093e-01	-2.737398e-01
5.589585e-01	7.640350e-01	-2.719039e-01
5.630854e-01	7.635034e-01	-2.719686e-01
5.664887e-01	7.626675e-01	-2.718762e-01
5.342650e-01	7.523671e-01	-1.726826e-01
5.711256e-01	7.519142e-01	-1.642288e-01
5.462267e-01	7.286819e-01	-2.525265e-01
5.606065e-01	7.279639e-01	-2.498813e-01
5.070590e-01	6.389503e-01	-1.168643e-01
5.969125e-01	6.394681e-01	-9.125437e-02
5.020873e-01	5.097411e-01	-1.054286e-01
6.009713e-01	5.079709e-01	-6.523092e-02
4.921991e-01	3.916810e-01	-2.000766e-01
6.024404e-01	3.797532e-01	-1.570681e-01
4.868037e-01	3.544204e-01	-2.373195e-01
6.043460e-01	3.452504e-01	-1.893471e-01
4.961817e-01	3.545596e-01	-2.670384e-01
5.955831e-01	3.470105e-01	-2.209033e-01
5.011324e-01	3.670400e-01	-2.156947e-01
5.920392e-01	3.595555e-01	-1.723731e-01
5.256106e-01	3.938246e-01	-6.571135e-03
5.744359e-01	3.928798e-01	6.586172e-03
5.169033e-01	2.284643e-01	1.730845e-02
5.843740e-01	2.358471e-01	4.721034e-02
5.131344e-01	8.190635e-02	1.822726e-01
5.795918e-01	8.349627e-02	2.303622e-01
5.206486e-01	5.906374e-02	1.926817e-01
5.718008e-01	6.450390e-02	2.415246e-01
4.914266e-01	2.779873e-02	9.618185e-02
6.076424e-01	3.107674e-02	1.403980e-01
5.537080e-01	7.483105e-01	-2.931145e-01
5.474926e-01	7.642425e-01	-2.762806e-01
5.432476e-01	7.637444e-01	-2.762873e-01
5.393069e-01	7.631664e-01	-2.762196e-01
5.589279e-01	7.640702e-01	-2.746202e-01
5.630708e-01	7.635247e-01	-2.746869e-01
5.665039e-01	7.626908e-01	-2.745913e-01
5.342120e-01	7.523803e-01	-1.740441e-01
5.710683e-01	7.518232e-01	-1.667289e-01
5.462189e-01	7.285721e-01	-2.550022e-01
5.605854e-01	7.277348e-01	-2.526610e-01
5.068737e-01	6.389155e-01	-1.182482e-01
5.969461e-01	6.385874e-01	-9.459718e-02
5.019030e-01	5.078884e-01	-1.063701e-01
6.013808e-01	5.046026e-01	-7.065073e-02
4.922538e-01	3.900236e-01	-2.085983e-01
6.019354e-01	3.791980e-01	-1.651257e-01
4.874176e-01	3.533570e-01	-2.459417e-01
6.046054e-01	3.450092e-01	-1.983804e-01
4.968816e-01	3.536324e-01	-2.763299e-01
5.958661e-01	3.445445e-01	-2.301257e-01
5.015315e-01	3.664143e-01	-2.239933e-01
5.918875e-01	3.582758e-01	-1.805279e-01
5.254381e-01	3.938540e-01	-6.316818e-03
5.739795e-01	3.929810e-01	6.377557e-03
5.164179e-01	2.271513e-01	1.816569e-02
5.847139e-01	2.349098e-01	4.425443e-02
5.129074e-01	8.207779e-02	1.827092e-01
5.794599e-01	8.353752e-02	2.284775e-01
5.203472e-01	5.987559e-02	1.935506e-01
5.714673e-01	6.456307e-02	2.397014e-01
4.908232e-01	2.711686e-02	9.615283e-02
6.076271e-01	3.104154e-02	1.380365e-01
5.537388e-01	7.467107e-01	-3.027240e-01
5.474933e-01	7.636614e-01	-2.864514e-01
5.432383e-01	7.632960e-01	-2.864537e-01
5.393086e-01	7.626234e-01	-2.863917e-01
5.589699e-01	7.636220e-01	-2.861128e-01
5.632308e-01	7.631157e-01	-2.861772e-01
5.666119e-01	7.623253e-01	-2.860971e-01
5.342079e-01	7.522131e-01	-1.817735e-01
5.711654e-01	7.514520e-01	-1.801929e-01
5.462482e-01	7.272927e-01	-2.630430e-01
5.606755e-01	7.260596e-01	-2.622935e-01
5.068513e-01	6.390411e-01	-1.170762e-01
5.977520e-01	6.385005e-01	-1.085338e-01
5.017940e-01	5.097603e-01	-9.719637e-02
6.021225e-01	5.065616e-01	-8.051043e-02
4.916252e-01	3.967274e-01	-1.824647e-01
6.022950e-01	3.819464e-01	-1.664039e-01
4.869801e-01	3.602928e-01	-2.155438e-01
6.048537e-01	3.477634e-01	-1.974666e-01
4.953717e-01	3.598351e-01	-2.507889e-01
5.977038e-01	3.451101e-01	-2.299469e-01
5.003048e-01	3.714883e-01	-1.988794e-01
5.925194e-01	3.589497e-01	-1.819072e-01
5.256448e-01	3.938880e-01	-2.565076e-03
5.740997e-01	3.930886e-01	2.651163e-03
5.163778e-01	2.264034e-01	2.709295e-02
5.844178e-01	2.327485e-01	4.439774e-02
5.130089e-01	8.232851e-02	1.949835e-01
5.795170e-01	8.328672e-02	2.283431e-01
5.204610e-01	6.091001e-02	2.049770e-01
5.714946e-01	6.452736e-02	2.394176e-01
4.910892e-01	2.702144e-02	1.029510e-01
6.076688e-01	3.101083e-02	1.365676e-01
5.537606e-01	7.436728e-01	-3.079581e-01
5.475117e-01	7.615210e-01	-2.924094e-01
5.432578e-01	7.612318e-01	-2.924106e-01
5.393411e-01	7.607265e-01	-2.923486e-01
5.590007e-01	7.614678e-01	-2.920774e-01
5.633773e-01	7.610072e-01	-2.921278e-01
5.667060e-01	7.603434e-01	-2.920566e-01
5.343358e-01	7.514234e-01	-1.863302e-01
5.714470e-01	7.503656e-01	-1.847312e-01
5.462645e-01	7.248977e-01	-2.672070e-01
5.607227e-01	7.235219e-01	-2.664550e-01
5.070330e-01	6.398886e-01	-1.164204e-01
5.984732e-01	6.391696e-01	-1.077773e-01
5.017627e-01	5.128014e-01	-8.601077e-02
6.040142e-01	5.136290e-01	-7.470371e-02
4.915869e-01	3.977309e-01	-1.599760e-01
6.048123e-01	3.943915e-01	-1.584698e-01
4.868659e-01	3.612175e-01	-1.894940e-01
6.083268e-01	3.584788e-01	-1.879317e-01
4.932884e-01	3.600770e-01	-2.233182e-01
6.008455e-01	3.578571e-01	-2.211130e-01
4.986946e-01	3.718547e-01	-1.760613e-01
5.950884e-01	3.698502e-01	-1.740900e-01
5.270125e-01	3.953184e-01	-2.071788e-03
5.753114e-01	3.940991e-01	2.155632e-03
5.163747e-01	2.264938e-01	3.071761e-02
5.838844e-01	2.327848e-01	4.484744e-02
5.130263e-01	8.263068e-02	1.948762e-01
5.796250e-01	8.330210e-02	2.252751e-01
5.209301e-01	6.163542e-02	2.046962e-01
5.715246e-01	6.462517e-02	2.351770e-01
4.912996e-01	2.693785e-02	1.013506e-01
6.077538e-01	3.105787e-02	1.255960e-01
