5.578950e-01	6.964948e-01	-2.723478e-01
5.508313e-01	7.140033e-01	-2.537866e-01
5.459036e-01	7.134798e-01	-2.538242e-01
5.414033e-01	7.125403e-01	-2.538991e-01
5.639847e-01	7.150039e-01	-2.543770e-01
5.689425e-01	7.150710e-01	-2.545621e-01
5.736494e-01	7.145125e-01	-2.546104e-01
5.350252e-01	7.007059e-01	-1.380011e-01
5.802051e-01	7.015203e-01	-1.412919e-01
5.487029e-01	6.723719e-01	-2.288513e-01
5.665123e-01	6.734623e-01	-2.296755e-01
4.986349e-01	5.716661e-01	-7.649021e-02
6.158389e-01	5.687926e-01	-8.364473e-02
4.945282e-01	4.077340e-01	-2.118125e-02
6.228007e-01	4.029448e-01	-2.239794e-02
4.896750e-01	2.627699e-01	-1.198851e-01
6.331551e-01	2.539527e-01	-1.104046e-01
4.880950e-01	2.160322e-01	-1.517236e-01
6.354630e-01	2.093499e-01	-1.455401e-01
4.927966e-01	2.152211e-01	-1.944260e-01
6.345253e-01	2.102563e-01	-1.837543e-01
4.980137e-01	2.353499e-01	-1.382489e-01
6.315664e-01	2.265537e-01	-1.283815e-01
5.274031e-01	2.568795e-01	2.081995e-03
6.007664e-01	2.558253e-01	-1.939441e-03
5.185780e-01	3.901219e-02	-4.476982e-02
6.031292e-01	2.702664e-02	-5.594204e-02
5.340078e-01	-4.398209e-02	3.837219e-01
5.964394e-01	-2.263421e-02	3.764238e-01
5.356401e-01	-3.906816e-02	4.295335e-01
5.943024e-01	-1.320729e-02	4.232546e-01
5.420906e-01	-1.121994e-01	4.046105e-01
5.846214e-01	-7.921138e-02	3.929403e-01
5.580572e-01	6.963996e-01	-2.408599e-01
5.508376e-01	7.140232e-01	-2.244677e-01
5.460032e-01	7.135253e-01	-2.244934e-01
5.414034e-01	7.125958e-01	-2.245444e-01
5.640010e-01	7.149556e-01	-2.226838e-01
5.690084e-01	7.149140e-01	-2.229039e-01
5.736977e-01	7.142486e-01	-2.229602e-01
5.350491e-01	7.007675e-01	-1.206806e-01
5.802055e-01	7.015170e-01	-1.140700e-01
5.487575e-01	6.718597e-01	-2.020507e-01
5.665085e-01	6.727685e-01	-2.000444e-01
4.986355e-01	5.716695e-01	-6.906958e-02
6.154506e-01	5.697335e-01	-5.099951e-02
4.944838e-01	4.077194e-01	-1.397524e-02
6.223433e-01	4.049039e-01	2.067928e-02
4.896791e-01	2.630854e-01	-8.498695e-02
6.331586e-01	2.534557e-01	-5.521486e-02
4.878579e-01	2.160253e-01	-1.120360e-01
6.354108e-01	2.085498e-01	-8.786900e-02
4.928325e-01	2.152040e-01	-1.523460e-01
6.341719e-01	2.082856e-01	-1.255156e-01
4.982351e-01	2.350339e-01	-1.010800e-01
6.310822e-01	2.253517e-01	-7.278731e-02
5.280514e-01	2.554283e-01	-1.646181e-03
6.008312e-01	2.566511e-01	1.921556e-03
5.193533e-01	3.901726e-02	-4.673737e-02
6.032740e-01	3.497146e-02	-3.737686e-02
5.346856e-01	-8.302723e-02	3.213908e-01
5.994409e-01	-7.438097e-02	3.208717e-01
5.357072e-01	-9.277941e-02	3.584588e-01
5.994493e-01	-8.144743e-02	3.556136e-01
5.443635e-01	-1.586703e-01	3.015585e-01
5.895905e-01	-1.380987e-01	2.804297e-01
5.582451e-01	6.965259e-01	-2.471213e-01
5.508749e-01	7.144642e-01	-2.302606e-01
5.461246e-01	7.140143e-01	-2.302875e-01
5.414208e-01	7.131351e-01	-2.303468e-01
5.640671e-01	7.151068e-01	-2.285014e-01
5.691490e-01	7.149566e-01	-2.287124e-01
5.737959e-01	7.142517e-01	-2.287708e-01
5.351275e-01	7.009827e-01	-1.238121e-01
5.802341e-01	7.015353e-01	-1.171017e-01
5.488604e-01	6.718606e-01	-2.072773e-01
5.665412e-01	6.727486e-01	-2.052600e-01
4.986213e-01	5.716352e-01	-7.005999e-02
6.151725e-01	5.699946e-01	-5.318798e-02
4.944526e-01	4.073428e-01	-2.344461e-02
6.219648e-01	4.050051e-01	1.739312e-02
4.898066e-01	2.631754e-01	-9.255578e-02
6.331709e-01	2.518744e-01	-6.728730e-02
4.878554e-01	2.159394e-01	-1.169427e-01
6.354105e-01	2.075811e-01	-1.004779e-01
4.930337e-01	2.150860e-01	-1.571584e-01
6.341623e-01	2.070345e-01	-1.393955e-01
4.985978e-01	2.344150e-01	-1.045512e-01
6.310533e-01	2.241573e-01	-8.558609e-02
5.281685e-01	2.545229e-01	-2.883301e-03
6.008688e-01	2.572977e-01	3.172820e-03
5.199882e-01	3.916375e-02	-5.036274e-02
6.037054e-01	3.741772e-02	-4.072610e-02
5.366805e-01	-7.389171e-02	3.359902e-01
6.004657e-01	-6.795289e-02	3.242587e-01
5.369378e-01	-7.790495e-02	3.766130e-01
6.008765e-01	-7.067035e-02	3.620886e-01
5.485834e-01	-1.469633e-01	3.349941e-01
5.905644e-01	-1.297469e-01	3.025178e-01
5.584676e-01	6.968084e-01	-2.450162e-01
5.509605e-01	7.151945e-01	-2.282441e-01
5.462821e-01	7.147980e-01	-2.282705e-01
5.414809e-01	7.140087e-01	-2.283308e-01
5.642067e-01	7.154633e-01	-2.256380e-01
5.693972e-01	7.151250e-01	-2.258436e-01
5.739829e-01	7.143157e-01	-2.258934e-01
5.352303e-01	7.013174e-01	-1.229939e-01
5.803461e-01	7.015516e-01	-1.124441e-01
5.489816e-01	6.719412e-01	-2.056994e-01
5.666393e-01	6.727552e-01	-2.025933e-01
4.986911e-01	5.716169e-01	-7.088880e-02
6.148929e-01	5.703643e-01	-4.871017e-02
4.944939e-01	4.073461e-01	-2.853070e-02
6.214412e-01	4.067912e-01	2.229840e-02
4.898769e-01	2.637949e-01	-9.589296e-02
6.332237e-01	2.528853e-01	-6.447767e-02
4.878022e-01	2.162912e-01	-1.188426e-01
6.354645e-01	2.078700e-01	-9.715997e-02
4.930528e-01	2.151542e-01	-1.616790e-01
6.343549e-01	2.070601e-01	-1.368974e-01
4.987679e-01	2.343874e-01	-1.048722e-01
6.311666e-01	2.243233e-01	-8.328518e-02
5.282893e-01	2.541194e-01	-3.905316e-03
6.008713e-01	2.574140e-01	4.192559e-03
5.203184e-01	3.926618e-02	-5.981404e-02
6.039665e-01	3.713902e-02	-4.152126e-02
5.369395e-01	-6.000670e-02	3.478757e-01
6.017009e-01	-5.954868e-02	3.288013e-01
5.370162e-01	-6.071091e-02	3.901425e-01
6.024974e-01	-5.892269e-02	3.686786e-01
5.495562e-01	-1.335752e-01	3.507505e-01
5.911561e-01	-1.199065e-01	3.177304e-01
5.584825e-01	6.974921e-01	-2.449017e-01
5.509626e-01	7.161294e-01	-2.283619e-01
5.463122e-01	7.157812e-01	-2.283919e-01
5.414848e-01	7.150511e-01	-2.284564e-01
5.642058e-01	7.161289e-01	-2.261975e-01
5.693946e-01	7.156934e-01	-2.264183e-01
5.739825e-01	7.147524e-01	-2.264841e-01
5.353296e-01	7.018421e-01	-1.233264e-01
5.803624e-01	7.017522e-01	-1.146167e-01
5.490128e-01	6.724713e-01	-2.056162e-01
5.666343e-01	6.731312e-01	-2.030099e-01
4.988514e-01	5.714370e-01	-7.083664e-02
6.146598e-01	5.706390e-01	-4.981764e-02
4.944027e-01	4.074451e-01	-2.103205e-02
6.208124e-01	4.076878e-01	2.582786e-02
4.897908e-01	2.639718e-01	-8.470671e-02
6.332297e-01	2.547823e-01	-5.183101e-02
4.876507e-01	2.170109e-01	-1.100474e-01
6.356199e-01	2.091068e-01	-8.316867e-02
4.928919e-01	2.152246e-01	-1.516013e-01
6.347727e-01	2.072957e-01	-1.235109e-01
4.986518e-01	2.342593e-01	-9.987570e-02
6.316569e-01	2.249207e-01	-7.080550e-02
5.285295e-01	2.540814e-01	-4.072403e-03
6.008697e-01	2.580726e-01	4.367709e-03
5.209893e-01	3.919056e-02	-5.414855e-02
6.040418e-01	3.746842e-02	-3.491684e-02
5.368878e-01	-7.250714e-02	3.305775e-01
6.038667e-01	-7.406490e-02	3.176847e-01
5.369692e-01	-7.791712e-02	3.691589e-01
6.047853e-01	-7.944209e-02	3.532508e-01
5.492184e-01	-1.460562e-01	3.191794e-01
5.944027e-01	-1.351333e-01	2.846869e-01
5.585122e-01	6.981573e-01	-2.393564e-01
5.510038e-01	7.170650e-01	-2.233220e-01
5.464104e-01	7.167988e-01	-2.233504e-01
5.415541e-01	7.161740e-01	-2.234333e-01
5.642318e-01	7.167890e-01	-2.211086e-01
5.694258e-01	7.162225e-01	-2.212929e-01
5.740050e-01	7.151223e-01	-2.213509e-01
5.355405e-01	7.026896e-01	-1.194822e-01
5.804292e-01	7.018312e-01	-1.104414e-01
5.490476e-01	6.732240e-01	-2.002862e-01
5.666326e-01	6.735096e-01	-1.975755e-01
4.991422e-01	5.716424e-01	-7.002712e-02
6.141871e-01	5.712824e-01	-4.475675e-02
4.942942e-01	4.095261e-01	-1.613603e-02
6.204192e-01	4.128203e-01	3.158670e-02
4.892682e-01	2.666629e-01	-7.989708e-02
6.333355e-01	2.624513e-01	-4.535523e-02
4.866703e-01	2.211592e-01	-1.055078e-01
6.356210e-01	2.181860e-01	-7.434653e-02
4.911996e-01	2.173447e-01	-1.456440e-01
6.351413e-01	2.179349e-01	-1.143538e-01
4.969056e-01	2.357393e-01	-9.566665e-02
6.321005e-01	2.349298e-01	-6.409132e-02
5.286558e-01	2.541491e-01	-4.137702e-03
6.009182e-01	2.589505e-01	4.410174e-03
5.209804e-01	3.889411e-02	-6.869667e-02
6.043665e-01	3.737134e-02	-4.206342e-02
5.371426e-01	-2.293401e-02	3.412228e-01
6.045381e-01	-4.802109e-02	3.222041e-01
5.375180e-01	-1.198832e-02	3.892847e-01
6.051013e-01	-4.526917e-02	3.615145e-01
5.493507e-01	-2.193660e-02	3.757986e-01
5.937511e-01	-1.055601e-01	3.122200e-01
5.587413e-01	6.983385e-01	-2.064431e-01
5.512820e-01	7.174275e-01	-1.923344e-01
5.467412e-01	7.171990e-01	-1.923423e-01
5.419238e-01	7.166563e-01	-1.924030e-01
5.644449e-01	7.169999e-01	-1.899822e-01
5.696634e-01	7.163421e-01	-1.901493e-01
5.741810e-01	7.151756e-01	-1.901875e-01
5.358406e-01	7.034021e-01	-9.640658e-02
5.804957e-01	7.018831e-01	-8.706629e-02
5.492340e-01	6.735717e-01	-1.700785e-01
5.666943e-01	6.736980e-01	-1.672522e-01
4.998881e-01	5.721417e-01	-5.259461e-02
6.134899e-01	5.719063e-01	-2.948451e-02
4.942590e-01	4.121619e-01	7.806595e-03
6.189852e-01	4.162641e-01	4.221484e-02
4.870286e-01	2.719485e-01	-4.611877e-02
6.332968e-01	2.678648e-01	-2.989086e-02
4.840508e-01	2.276382e-01	-6.883439e-02
6.356161e-01	2.234176e-01	-5.855907e-02
4.862984e-01	2.245298e-01	-1.101016e-01
6.353747e-01	2.230484e-01	-9.660176e-02
4.920675e-01	2.415578e-01	-6.230647e-02
6.322823e-01	2.392563e-01	-4.790406e-02
5.284628e-01	2.544621e-01	-4.445399e-03
6.007236e-01	2.601689e-01	4.704925e-03
5.209669e-01	3.894923e-02	-7.141171e-02
6.044780e-01	3.750313e-02	-5.248573e-02
5.363950e-01	-1.507043e-02	3.449445e-01
6.040618e-01	-4.579486e-02	3.125435e-01
5.370659e-01	-3.023562e-03	3.911428e-01
6.041886e-01	-4.153110e-02	3.520113e-01
5.487808e-01	-9.465080e-03	3.762203e-01
5.904648e-01	-1.029055e-01	3.107013e-01
5.589342e-01	6.983501e-01	-1.821696e-01
5.513870e-01	7.174941e-01	-1.679427e-01
5.468961e-01	7.172574e-01	-1.679629e-01
5.420755e-01	7.167158e-01	-1.680240e-01
5.645530e-01	7.170635e-01	-1.646213e-01
5.698361e-01	7.163953e-01	-1.647666e-01
5.743322e-01	7.152214e-01	-1.647617e-01
5.359822e-01	7.035885e-01	-7.327588e-02
5.805376e-01	7.020894e-01	-6.005477e-02
5.494289e-01	6.735968e-01	-1.465805e-01
5.668239e-01	6.737618e-01	-1.425775e-01
5.017734e-01	5.742398e-01	-3.788691e-02
6.128291e-01	5.734203e-01	7.082286e-04
4.941579e-01	4.201045e-01	2.031854e-02
6.181847e-01	4.220966e-01	7.923681e-02
4.834349e-01	2.847073e-01	-3.654316e-02
6.321822e-01	2.842067e-01	7.799851e-03
4.794079e-01	2.390742e-01	-6.111324e-02
6.351889e-01	2.409874e-01	-2.062834e-02
4.826329e-01	2.381582e-01	-1.027659e-01
6.353089e-01	2.411718e-01	-5.919918e-02
4.882802e-01	2.561817e-01	-5.237917e-02
6.319317e-01	2.549583e-01	-1.042079e-02
5.271620e-01	2.582240e-01	-4.592127e-03
5.997332e-01	2.639064e-01	4.846350e-03
5.209556e-01	4.325257e-02	-7.592219e-02
6.045545e-01	3.904503e-02	-7.455303e-02
5.363843e-01	-1.052146e-02	3.474160e-01
6.034485e-01	-4.329685e-02	2.992587e-01
5.371698e-01	1.548999e-03	3.915055e-01
6.031885e-01	-3.672022e-02	3.394697e-01
5.481588e-01	-8.281722e-03	3.839789e-01
5.890087e-01	-1.009821e-01	3.029020e-01
5.590061e-01	6.983353e-01	-1.558310e-01
5.514635e-01	7.174902e-01	-1.399453e-01
5.470282e-01	7.172505e-01	-1.399787e-01
5.422162e-01	7.167094e-01	-1.400637e-01
5.646019e-01	7.170650e-01	-1.378951e-01
5.699252e-01	7.163985e-01	-1.379835e-01
5.744127e-01	7.152284e-01	-1.379362e-01
5.362530e-01	7.036538e-01	-4.305879e-02
5.806338e-01	7.023202e-01	-3.569673e-02
5.495899e-01	6.735919e-01	-1.198162e-01
5.668722e-01	6.737756e-01	-1.175168e-01
5.035571e-01	5.759820e-01	-1.673212e-02
6.125237e-01	5.754049e-01	1.814575e-02
4.938199e-01	4.236146e-01	3.882632e-02
6.182371e-01	4.251286e-01	8.928459e-02
4.771498e-01	2.935194e-01	-1.021562e-02
6.324517e-01	2.897640e-01	2.198988e-02
4.722605e-01	2.462531e-01	-3.302378e-02
6.357895e-01	2.473923e-01	-5.469182e-03
4.744105e-01	2.465444e-01	-7.503302e-02
6.355601e-01	2.477771e-01	-4.145404e-02
4.797478e-01	2.636897e-01	-2.643177e-02
6.320543e-01	2.624162e-01	4.618313e-03
5.256944e-01	2.617129e-01	-4.555981e-03
5.987378e-01	2.675325e-01	4.819813e-03
5.209441e-01	4.745208e-02	-8.550884e-02
6.046103e-01	4.077495e-02	-9.048249e-02
5.363934e-01	9.148066e-02	3.703663e-01
5.968747e-01	5.215583e-02	3.096259e-01
5.379536e-01	1.087286e-01	4.218324e-01
5.965305e-01	6.939311e-02	3.519322e-01
5.482662e-01	3.423299e-02	4.318537e-01
5.880404e-01	1.454579e-02	3.373694e-01
5.590676e-01	6.983725e-01	-9.972037e-02
5.515139e-01	7.175542e-01	-8.126736e-02
5.471258e-01	7.172854e-01	-8.129799e-02
5.423284e-01	7.167287e-01	-8.132899e-02
5.646399e-01	7.172945e-01	-8.013672e-02
5.699679e-01	7.167334e-01	-8.027675e-02
5.744614e-01	7.156724e-01	-8.021168e-02
5.366536e-01	7.038962e-01	1.963831e-02
5.807225e-01	7.033394e-01	2.183677e-02
5.498711e-01	6.736417e-01	-6.284273e-02
5.670180e-01	6.740691e-01	-6.193377e-02
5.060461e-01	5.777966e-01	4.022641e-02
6.123620e-01	5.777745e-01	7.382289e-02
4.927589e-01	4.272723e-01	8.484838e-02
6.182538e-01	4.336723e-01	1.370755e-01
4.681853e-01	3.061910e-01	1.960130e-02
6.346482e-01	3.004910e-01	5.912101e-02
4.606722e-01	2.599961e-01	-6.528944e-03
6.388006e-01	2.592485e-01	2.885142e-02
4.623802e-01	2.635234e-01	-5.002778e-02
6.386585e-01	2.575132e-01	-7.598022e-03
4.682910e-01	2.796139e-01	2.248669e-03
6.341779e-01	2.712677e-01	4.119848e-02
5.248832e-01	2.649658e-01	-4.370247e-03
5.975560e-01	2.695596e-01	4.672782e-03
5.209353e-01	4.707031e-02	-8.421730e-02
6.045941e-01	4.130797e-02	-9.351066e-02
5.338298e-01	-1.549487e-02	3.459393e-01
5.978065e-01	-5.469724e-02	2.668153e-01
5.347589e-01	-8.522503e-03	3.915037e-01
5.970914e-01	-5.326714e-02	3.035674e-01
5.407815e-01	-9.099124e-02	3.682583e-01
5.880202e-01	-1.171089e-01	2.501875e-01
5.591646e-01	6.985465e-01	-1.104092e-01
5.515739e-01	7.176971e-01	-9.189271e-02
5.471886e-01	7.174074e-01	-9.195118e-02
5.423635e-01	7.168264e-01	-9.201059e-02
5.647037e-01	7.175738e-01	-9.100660e-02
5.700167e-01	7.171054e-01	-9.108908e-02
5.745498e-01	7.161325e-01	-9.098839e-02
5.368203e-01	7.042112e-01	9.042626e-03
5.807753e-01	7.043011e-01	1.079327e-02
5.500410e-01	6.739021e-01	-7.348518e-02
5.671809e-01	6.745626e-01	-7.282288e-02
5.072295e-01	5.795025e-01	3.236794e-02
6.123110e-01	5.804843e-01	6.008490e-02
4.867153e-01	4.365714e-01	8.662385e-02
6.187064e-01	4.406264e-01	1.244313e-01
4.559159e-01	3.215110e-01	3.973908e-02
6.404970e-01	3.058934e-01	5.697678e-02
4.448252e-01	2.772946e-01	1.714616e-02
6.474583e-01	2.659496e-01	2.802401e-02
4.498597e-01	2.772360e-01	-2.533315e-02
6.465865e-01	2.642975e-01	-7.450861e-03
4.559629e-01	2.925633e-01	2.285881e-02
6.406215e-01	2.785519e-01	3.934286e-02
5.253829e-01	2.698169e-01	-1.916370e-03
5.976202e-01	2.766576e-01	2.215614e-03
5.209756e-01	4.906142e-02	-9.115320e-02
6.045407e-01	4.481100e-02	-1.056466e-01
5.338818e-01	5.778008e-02	3.580754e-01
5.941674e-01	3.406743e-02	2.897978e-01
5.390281e-01	7.260741e-02	4.079517e-01
5.935735e-01	4.820970e-02	3.260648e-01
5.415536e-01	-1.731720e-03	4.048018e-01
5.863616e-01	-6.565264e-04	3.033365e-01
5.594295e-01	6.990844e-01	-1.103285e-01
5.519161e-01	7.180523e-01	-9.147037e-02
5.476068e-01	7.176993e-01	-9.153883e-02
5.427960e-01	7.170861e-01	-9.160217e-02
5.649150e-01	7.180318e-01	-9.002855e-02
5.701923e-01	7.175902e-01	-9.010665e-02
5.747279e-01	7.166454e-01	-8.997883e-02
5.374849e-01	7.045525e-01	7.605063e-03
5.809404e-01	7.049595e-01	1.242427e-02
5.504732e-01	6.745644e-01	-7.441927e-02
5.674092e-01	6.753306e-01	-7.290910e-02
5.087005e-01	5.812861e-01	2.957233e-02
6.122233e-01	5.820812e-01	5.935932e-02
4.797604e-01	4.524245e-01	8.524344e-02
6.196907e-01	4.450594e-01	1.262824e-01
4.413441e-01	3.438313e-01	5.231937e-02
6.459433e-01	3.174197e-01	6.983231e-02
4.292915e-01	3.009422e-01	3.109756e-02
6.560501e-01	2.795995e-01	4.103708e-02
4.360465e-01	2.997722e-01	-1.086059e-02
6.550556e-01	2.804155e-01	6.134386e-03
4.420966e-01	3.149903e-01	3.561478e-02
6.477935e-01	2.935287e-01	5.210413e-02
5.266832e-01	2.729927e-01	-1.004910e-03
5.977396e-01	2.825352e-01	1.324304e-03
5.213549e-01	5.213137e-02	-8.546658e-02
6.045722e-01	4.982084e-02	-9.597138e-02
5.338742e-01	6.277503e-02	3.619399e-01
5.918507e-01	4.095236e-02	2.942192e-01
5.389510e-01	6.447996e-02	4.104748e-01
5.893481e-01	2.521457e-02	3.288927e-01
5.413666e-01	8.559810e-03	4.009338e-01
5.859337e-01	9.169901e-03	3.137888e-01
5.603676e-01	7.001283e-01	-9.140233e-02
5.531122e-01	7.188985e-01	-7.279317e-02
5.487176e-01	7.184820e-01	-7.284801e-02
5.440803e-01	7.178175e-01	-7.288648e-02
5.659681e-01	7.187654e-01	-7.020813e-02
5.711446e-01	7.181650e-01	-7.026897e-02
5.755324e-01	7.171119e-01	-7.013743e-02
5.383787e-01	7.051679e-01	2.398792e-02
5.815083e-01	7.051451e-01	3.412052e-02
5.514205e-01	6.756091e-01	-5.663552e-02
5.682662e-01	6.762830e-01	-5.351844e-02
5.093334e-01	5.835174e-01	3.938023e-02
6.121987e-01	5.824800e-01	7.868171e-02
4.731037e-01	4.662883e-01	8.199860e-02
6.232253e-01	4.539166e-01	1.578814e-01
4.303624e-01	3.648550e-01	3.575543e-02
6.550728e-01	3.362885e-01	1.208313e-01
4.165149e-01	3.296649e-01	1.264085e-02
6.657115e-01	2.993711e-01	9.636684e-02
4.208499e-01	3.285033e-01	-2.993190e-02
6.641181e-01	3.011279e-01	6.244263e-02
4.275067e-01	3.412568e-01	1.818656e-02
6.570290e-01	3.120386e-01	1.038642e-01
5.279133e-01	2.736358e-01	-1.118354e-04
5.980265e-01	2.818416e-01	4.712041e-04
5.202137e-01	5.179299e-02	-8.955926e-02
6.044479e-01	4.896918e-02	-9.637683e-02
5.339129e-01	8.325148e-02	3.729245e-01
5.915118e-01	4.184113e-02	3.000941e-01
5.388969e-01	9.603147e-02	4.237624e-01
5.911835e-01	2.362766e-02	3.359210e-01
5.416273e-01	2.729502e-02	4.287571e-01
5.883360e-01	1.259165e-02	3.290347e-01
5.607653e-01	7.008434e-01	-4.980958e-02
5.537663e-01	7.195817e-01	-3.215390e-02
5.493881e-01	7.191682e-01	-3.219129e-02
5.449002e-01	7.185069e-01	-3.221007e-02
5.664701e-01	7.193674e-01	-2.927092e-02
5.716070e-01	7.186857e-01	-2.932138e-02
5.759190e-01	7.175537e-01	-2.918873e-02
5.392043e-01	7.060711e-01	5.864509e-02
5.819837e-01	7.053595e-01	6.983159e-02
5.519305e-01	6.764883e-01	-1.736018e-02
5.685498e-01	6.770562e-01	-1.387078e-02
5.099730e-01	5.865103e-01	6.727882e-02
6.121863e-01	5.843294e-01	1.070748e-01
4.669983e-01	4.802257e-01	1.046259e-01
6.278521e-01	4.680615e-01	2.085832e-01
4.210853e-01	3.930167e-01	6.669578e-02
6.621521e-01	3.667359e-01	2.147346e-01
4.044191e-01	3.638110e-01	4.786810e-02
6.739374e-01	3.331335e-01	1.975769e-01
4.062087e-01	3.720601e-01	5.307601e-03
6.737942e-01	3.334390e-01	1.669175e-01
4.138123e-01	3.816154e-01	4.876146e-02
6.669514e-01	3.428792e-01	1.998509e-01
5.293113e-01	2.746423e-01	4.369104e-04
5.987405e-01	2.817875e-01	-4.358115e-05
5.190719e-01	5.023100e-02	-8.697947e-02
6.047329e-01	4.803345e-02	-9.908243e-02
5.339583e-01	8.636587e-02	3.756467e-01
5.916525e-01	4.216782e-02	3.011324e-01
5.388582e-01	1.003712e-01	4.266711e-01
5.944484e-01	2.116063e-02	3.410979e-01
5.430633e-01	2.951348e-02	4.364411e-01
5.914973e-01	1.409599e-02	3.292497e-01
5.610451e-01	7.013066e-01	-7.584156e-02
5.541794e-01	7.200789e-01	-5.951558e-02
5.497978e-01	7.196659e-01	-5.954347e-02
5.453374e-01	7.190073e-01	-5.956931e-02
5.668865e-01	7.197137e-01	-5.775960e-02
5.720489e-01	7.189084e-01	-5.783408e-02
5.763346e-01	7.176739e-01	-5.773300e-02
5.394551e-01	7.064839e-01	3.000420e-02
5.824284e-01	7.053611e-01	3.666525e-02
5.521770e-01	6.770614e-01	-4.339197e-02
5.687561e-01	6.774239e-01	-4.122266e-02
5.100906e-01	5.889288e-01	5.220057e-02
6.121878e-01	5.854231e-01	7.580356e-02
4.640080e-01	4.977647e-01	1.132243e-01
6.350425e-01	4.776912e-01	1.862893e-01
4.142013e-01	4.315332e-01	1.021122e-01
6.738330e-01	3.848439e-01	2.094784e-01
3.949031e-01	3.974236e-01	9.193420e-02
6.865271e-01	3.552267e-01	1.965592e-01
3.988780e-01	4.025312e-01	4.906071e-02
6.847586e-01	3.558350e-01	1.646616e-01
4.071907e-01	4.129247e-01	8.490057e-02
6.790060e-01	3.645531e-01	1.949011e-01
5.295818e-01	2.752599e-01	1.232710e-03
5.993415e-01	2.813869e-01	-8.396661e-04
5.180641e-01	5.006546e-02	-7.086293e-02
6.062772e-01	4.618902e-02	-9.498931e-02
5.339908e-01	8.838931e-02	3.791611e-01
5.926680e-01	4.590837e-02	3.031882e-01
5.388177e-01	1.028835e-01	4.291856e-01
5.953769e-01	2.186483e-02	3.435951e-01
5.426365e-01	3.189936e-02	4.400323e-01
5.939611e-01	1.695715e-02	3.323386e-01
5.612863e-01	7.018633e-01	-7.977355e-02
5.544916e-01	7.206029e-01	-6.339330e-02
5.500907e-01	7.201611e-01	-6.341510e-02
5.456317e-01	7.194868e-01	-6.341989e-02
5.671473e-01	7.202209e-01	-6.056094e-02
5.722807e-01	7.193666e-01	-6.062897e-02
5.765533e-01	7.180806e-01	-6.052417e-02
5.396166e-01	7.070111e-01	2.462780e-02
5.827273e-01	7.054971e-01	3.670628e-02
5.524530e-01	6.776314e-01	-4.817935e-02
5.689928e-01	6.779197e-01	-4.438513e-02
5.099560e-01	5.912476e-01	4.687659e-02
6.120684e-01	5.860386e-01	7.275219e-02
4.593597e-01	5.132827e-01	1.122254e-01
6.439480e-01	4.842311e-01	1.716984e-01
4.060684e-01	4.586444e-01	1.151279e-01
6.878458e-01	3.985343e-01	1.769439e-01
3.896461e-01	4.323381e-01	1.098133e-01
7.034372e-01	3.710802e-01	1.630145e-01
3.936878e-01	4.371435e-01	6.945109e-02
7.013823e-01	3.728312e-01	1.305318e-01
4.010480e-01	4.441283e-01	9.941167e-02
6.950797e-01	3.808961e-01	1.615733e-01
5.296961e-01	2.746984e-01	1.230997e-03
5.993599e-01	2.807634e-01	-8.434620e-04
5.171912e-01	4.771372e-02	-6.678733e-02
6.073602e-01	4.042159e-02	-9.368457e-02
5.340234e-01	1.002162e-01	3.797767e-01
5.960258e-01	4.878242e-02	3.039588e-01
5.387664e-01	1.163861e-01	4.297252e-01
6.020893e-01	2.791094e-02	3.453535e-01
5.448521e-01	4.494143e-02	4.463978e-01
5.970405e-01	2.059442e-02	3.378304e-01
5.614663e-01	7.022336e-01	-6.919140e-02
5.547591e-01	7.208840e-01	-5.251393e-02
5.503319e-01	7.204129e-01	-5.253244e-02
5.458642e-01	7.197353e-01	-5.255869e-02
5.673362e-01	7.204383e-01	-4.906569e-02
5.724484e-01	7.195220e-01	-4.908722e-02
5.767290e-01	7.181933e-01	-4.899444e-02
5.398069e-01	7.072268e-01	3.635819e-02
5.830230e-01	7.055638e-01	5.237052e-02
5.526707e-01	6.779376e-01	-3.720500e-02
5.692191e-01	6.781915e-01	-3.231942e-02
5.099033e-01	5.930074e-01	5.595399e-02
6.120939e-01	5.876970e-01	8.748479e-02
4.520312e-01	5.232138e-01	1.012938e-01
6.518186e-01	4.941747e-01	1.858794e-01
3.957087e-01	4.870071e-01	9.075112e-02
6.977966e-01	4.236370e-01	1.881745e-01
3.792413e-01	4.705880e-01	7.266764e-02
7.134669e-01	4.010954e-01	1.766075e-01
3.812559e-01	4.723674e-01	2.230893e-02
7.138065e-01	4.022589e-01	1.438484e-01
3.884693e-01	4.747112e-01	7.114689e-02
7.073323e-01	4.075473e-01	1.724975e-01
5.302342e-01	2.743391e-01	8.315326e-04
5.998378e-01	2.805237e-01	-4.757120e-04
5.164521e-01	4.672467e-02	-8.132079e-02
6.083152e-01	3.881109e-02	-9.264935e-02
5.340408e-01	1.122520e-01	3.847825e-01
5.965234e-01	8.281083e-02	3.376394e-01
5.387350e-01	1.395373e-01	4.385241e-01
6.007590e-01	1.038069e-01	3.859085e-01
5.462158e-01	6.636986e-02	4.654421e-01
5.965317e-01	5.400915e-02	3.942187e-01
5.615816e-01	7.022766e-01	-5.683637e-02
5.549127e-01	7.209017e-01	-3.906962e-02
5.504950e-01	7.204188e-01	-3.908836e-02
5.460349e-01	7.197458e-01	-3.910767e-02
5.674093e-01	7.204509e-01	-3.316076e-02
5.725259e-01	7.195254e-01	-3.313076e-02
5.768250e-01	7.181958e-01	-3.300148e-02
5.399165e-01	7.073001e-01	5.084007e-02
5.832561e-01	7.055763e-01	7.741667e-02
5.529181e-01	6.780008e-01	-2.544731e-02
5.693308e-01	6.782492e-01	-1.750136e-02
5.098419e-01	5.948743e-01	5.363524e-02
6.120945e-01	5.883422e-01	1.192644e-01
4.490340e-01	5.371276e-01	1.382846e-02
6.565382e-01	5.048462e-01	2.283011e-01
3.853063e-01	5.203716e-01	-8.764512e-02
7.119803e-01	4.519126e-01	2.469252e-01
3.657301e-01	5.135759e-01	-1.069105e-01
7.324742e-01	4.346803e-01	2.421275e-01
3.654147e-01	5.155490e-01	-1.444427e-01
7.347851e-01	4.399711e-01	2.083386e-01
3.739131e-01	5.134581e-01	-1.069681e-01
7.257205e-01	4.418217e-01	2.308592e-01
5.306256e-01	2.740992e-01	-5.966111e-03
6.001345e-01	2.802467e-01	6.165442e-03
5.160996e-01	4.562098e-02	-9.806663e-02
6.085804e-01	3.664725e-02	-8.355537e-02
5.340468e-01	1.124615e-01	3.827968e-01
5.956330e-01	8.959839e-02	3.667449e-01
5.386695e-01	1.401446e-01	4.336966e-01
5.981532e-01	1.129294e-01	4.169857e-01
5.454567e-01	6.794805e-02	4.558943e-01
5.935298e-01	5.888702e-02	4.322100e-01
5.617087e-01	7.022351e-01	-1.024311e-01
5.551042e-01	7.208993e-01	-8.320017e-02
5.507116e-01	7.204164e-01	-8.321607e-02
5.463008e-01	7.197523e-01	-8.323792e-02
5.674699e-01	7.204032e-01	-7.526082e-02
5.725846e-01	7.194272e-01	-7.518118e-02
5.769061e-01	7.180554e-01	-7.506655e-02
5.400568e-01	7.073879e-01	1.530776e-02
5.833782e-01	7.055485e-01	7.515407e-02
5.531849e-01	6.779625e-01	-6.798066e-02
5.694386e-01	6.781589e-01	-5.744709e-02
5.098625e-01	5.986882e-01	2.545067e-02
6.121684e-01	5.888628e-01	9.534657e-02
4.441856e-01	5.564759e-01	-1.051288e-02
6.667861e-01	5.192370e-01	1.913419e-01
3.767993e-01	5.671408e-01	-9.893393e-02
7.251735e-01	4.845584e-01	1.955923e-01
3.533364e-01	5.635600e-01	-1.136422e-01
7.476293e-01	4.761866e-01	1.914562e-01
3.520638e-01	5.690109e-01	-1.532367e-01
7.511166e-01	4.834366e-01	1.557714e-01
3.604807e-01	5.680183e-01	-1.191304e-01
7.415378e-01	4.824070e-01	1.787272e-01
5.310385e-01	2.738861e-01	-1.047728e-02
6.005836e-01	2.798434e-01	1.058855e-02
5.161493e-01	4.438746e-02	-1.059969e-01
6.091987e-01	3.616374e-02	-7.418658e-02
5.350457e-01	1.131535e-01	3.920303e-01
5.955946e-01	9.036456e-02	3.797407e-01
5.392752e-01	1.407582e-01	4.485803e-01
5.975014e-01	1.142832e-01	4.308918e-01
5.486012e-01	6.890477e-02	4.791379e-01
5.926670e-01	5.968970e-02	4.461586e-01
5.618479e-01	7.022431e-01	-1.583347e-01
5.552428e-01	7.209180e-01	-1.376315e-01
5.508935e-01	7.204277e-01	-1.376693e-01
5.465841e-01	7.197761e-01	-1.376851e-01
5.675040e-01	7.204056e-01	-1.303947e-01
5.726124e-01	7.194257e-01	-1.304083e-01
5.769399e-01	7.180515e-01	-1.303533e-01
5.404103e-01	7.073893e-01	-3.036348e-02
5.834900e-01	7.055842e-01	7.553454e-03
5.535440e-01	6.780003e-01	-1.209418e-01
5.695829e-01	6.781995e-01	-1.116509e-01
5.108651e-01	6.030408e-01	-1.596913e-02
6.123576e-01	5.910525e-01	7.578991e-02
4.455051e-01	5.793394e-01	-7.795909e-02
6.727495e-01	5.342062e-01	2.096522e-01
3.768733e-01	6.030682e-01	-2.076728e-01
7.326759e-01	5.216475e-01	2.759677e-01
3.553367e-01	6.033726e-01	-2.267195e-01
7.573698e-01	5.227100e-01	2.846534e-01
3.551860e-01	6.106622e-01	-2.707412e-01
7.596711e-01	5.266886e-01	2.502550e-01
3.629439e-01	6.084390e-01	-2.307611e-01
7.500130e-01	5.244298e-01	2.612825e-01
5.320064e-01	2.737904e-01	-1.531609e-02
6.009519e-01	2.795287e-01	1.537201e-02
5.163694e-01	4.437073e-02	-9.460790e-02
6.093930e-01	3.661257e-02	-5.726500e-02
5.347530e-01	1.027357e-01	4.021494e-01
5.955218e-01	7.674862e-02	3.859487e-01
5.392573e-01	1.280036e-01	4.563186e-01
5.973810e-01	6.882051e-02	4.345078e-01
5.471579e-01	6.030107e-02	4.642373e-01
5.921827e-01	4.516687e-02	4.233557e-01
5.617673e-01	7.022377e-01	-2.148737e-01
5.552374e-01	7.209005e-01	-1.943882e-01
5.509040e-01	7.204263e-01	-1.944325e-01
5.466042e-01	7.197961e-01	-1.944627e-01
5.674422e-01	7.202113e-01	-1.892342e-01
5.725381e-01	7.191634e-01	-1.892973e-01
5.768849e-01	7.177300e-01	-1.892637e-01
5.406526e-01	7.075155e-01	-8.345745e-02
5.835007e-01	7.055361e-01	-6.077357e-02
5.534949e-01	6.780443e-01	-1.750805e-01
5.693150e-01	6.782025e-01	-1.688744e-01
5.108417e-01	6.048812e-01	-4.654298e-02
6.125356e-01	5.927594e-01	9.834562e-03
4.334492e-01	6.056752e-01	-6.883059e-02
6.774669e-01	5.520778e-01	1.510569e-01
3.713375e-01	6.452999e-01	-1.564422e-01
7.379085e-01	5.603024e-01	2.360590e-01
3.499545e-01	6.579447e-01	-1.703190e-01
7.622676e-01	5.670298e-01	2.049950e-01
3.494743e-01	6.651567e-01	-2.089291e-01
7.651368e-01	5.751703e-01	1.704145e-01
3.577498e-01	6.579028e-01	-1.764565e-01
7.557824e-01	5.708896e-01	2.130623e-01
5.320817e-01	2.729146e-01	-1.467566e-02
6.010263e-01	2.781125e-01	1.476007e-02
5.173519e-01	4.397920e-02	-9.340009e-02
6.094732e-01	3.676436e-02	-6.332333e-02
5.353208e-01	9.741013e-02	4.035323e-01
5.955399e-01	7.235854e-02	3.694784e-01
5.399190e-01	1.235305e-01	4.583705e-01
5.958525e-01	8.511204e-02	4.172586e-01
5.471241e-01	5.306369e-02	4.699306e-01
5.920948e-01	4.095975e-02	4.061517e-01
5.617555e-01	7.020134e-01	-2.318999e-01
5.552537e-01	7.206267e-01	-2.122014e-01
5.509569e-01	7.202569e-01	-2.122256e-01
5.466844e-01	7.197312e-01	-2.122459e-01
5.674444e-01	7.193795e-01	-2.072359e-01
5.725496e-01	7.181575e-01	-2.073319e-01
5.768956e-01	7.166384e-01	-2.073067e-01
5.408254e-01	7.075322e-01	-1.031929e-01
5.835980e-01	7.052025e-01	-8.227631e-02
5.534481e-01	6.779417e-01	-1.923488e-01
5.691538e-01	6.778579e-01	-1.865943e-01
5.108217e-01	6.065778e-01	-6.302880e-02
6.125322e-01	5.959548e-01	-1.902437e-02
4.319937e-01	6.216641e-01	-8.807825e-02
6.865551e-01	5.761179e-01	1.072144e-01
3.743350e-01	6.786491e-01	-1.723005e-01
7.443308e-01	6.091614e-01	1.642372e-01
3.534238e-01	6.971209e-01	-1.848498e-01
7.676433e-01	6.209652e-01	1.712719e-01
3.543790e-01	7.065472e-01	-2.185034e-01
7.686554e-01	6.279577e-01	1.530172e-01
3.622180e-01	6.989883e-01	-1.902518e-01
7.608958e-01	6.238576e-01	1.515952e-01
5.322360e-01	2.720312e-01	-1.342261e-02
6.010047e-01	2.758427e-01	1.353625e-02
5.176307e-01	4.417342e-02	-8.286933e-02
6.094314e-01	3.720704e-02	-6.450324e-02
5.354025e-01	9.474564e-02	4.078463e-01
5.955383e-01	7.047538e-02	3.622581e-01
5.406428e-01	1.184946e-01	4.617888e-01
5.948440e-01	7.872715e-02	4.094194e-01
5.470245e-01	5.041031e-02	4.687706e-01
5.935686e-01	4.070103e-02	4.045127e-01
5.617541e-01	7.019197e-01	-2.404101e-01
5.552517e-01	7.205094e-01	-2.190273e-01
5.509681e-01	7.201805e-01	-2.190572e-01
5.466966e-01	7.196908e-01	-2.190801e-01
5.674465e-01	7.190465e-01	-2.142923e-01
5.725609e-01	7.177664e-01	-2.144183e-01
5.769101e-01	7.162055e-01	-2.144120e-01
5.408472e-01	7.075333e-01	-1.047116e-01
5.836319e-01	7.051325e-01	-8.549945e-02
5.534323e-01	6.778862e-01	-1.988546e-01
5.691477e-01	6.777683e-01	-1.936537e-01
5.107370e-01	6.092598e-01	-6.100694e-02
6.124159e-01	5.983760e-01	-2.582434e-02
4.311978e-01	6.439072e-01	-9.532858e-02
6.887368e-01	5.999501e-01	8.939761e-02
3.758476e-01	7.242768e-01	-1.725341e-01
7.422654e-01	6.438475e-01	1.323827e-01
3.554136e-01	7.524653e-01	-1.868108e-01
7.638645e-01	6.581796e-01	1.389418e-01
3.563069e-01	7.642555e-01	-2.161585e-01
7.645324e-01	6.652941e-01	1.167190e-01
3.659207e-01	7.532588e-01	-1.898067e-01
7.562502e-01	6.579401e-01	1.204534e-01
5.325648e-01	2.719639e-01	-1.283048e-02
6.009984e-01	2.751654e-01	1.297325e-02
5.177432e-01	4.534147e-02	-6.032224e-02
6.094456e-01	3.796182e-02	-5.469880e-02
5.351359e-01	8.691821e-02	4.138668e-01
5.955133e-01	6.588975e-02	3.662767e-01
5.395437e-01	9.021606e-02	4.656665e-01
5.973487e-01	1.645888e-02	4.123112e-01
5.438065e-01	3.342597e-02	4.633556e-01
5.945922e-01	-4.604464e-02	3.935659e-01
5.617498e-01	7.016383e-01	-2.298807e-01
5.552400e-01	7.200397e-01	-2.080563e-01
5.509668e-01	7.197880e-01	-2.080962e-01
5.466935e-01	7.192672e-01	-2.081389e-01
5.674392e-01	7.184576e-01	-2.058470e-01
5.725523e-01	7.172798e-01	-2.059682e-01
5.769072e-01	7.158274e-01	-2.059719e-01
5.408509e-01	7.073079e-01	-9.394677e-02
5.836341e-01	7.051190e-01	-8.428253e-02
5.534274e-01	6.776415e-01	-1.877717e-01
5.691082e-01	6.775373e-01	-1.854477e-01
5.110201e-01	6.104681e-01	-4.831631e-02
6.123859e-01	6.028532e-01	-4.430118e-02
4.344642e-01	6.676316e-01	-6.592953e-02
6.906854e-01	6.259067e-01	-2.365652e-03
3.816903e-01	7.589906e-01	-1.292619e-01
7.421041e-01	6.884081e-01	-3.318597e-02
3.622169e-01	7.903509e-01	-1.445608e-01
7.629682e-01	7.151078e-01	-4.624595e-02
3.630113e-01	7.966903e-01	-1.887874e-01
7.634587e-01	7.246684e-01	-7.104034e-02
3.718258e-01	7.834886e-01	-1.474258e-01
7.556807e-01	7.145321e-01	-4.812992e-02
5.326892e-01	2.722954e-01	-6.571891e-03
6.009247e-01	2.751040e-01	6.708396e-03
5.178010e-01	4.665726e-02	-5.763881e-02
6.092883e-01	3.994238e-02	-5.698194e-02
5.347742e-01	8.308518e-02	4.125179e-01
5.942547e-01	6.042193e-02	3.632049e-01
5.395311e-01	9.069279e-02	4.637900e-01
5.924501e-01	4.693999e-02	4.092941e-01
5.412642e-01	2.561146e-02	4.606636e-01
5.917366e-01	-1.952193e-02	3.825938e-01
5.617634e-01	7.015182e-01	-2.229288e-01
5.552374e-01	7.199162e-01	-1.998546e-01
5.509659e-01	7.197074e-01	-1.999027e-01
5.466880e-01	7.191813e-01	-1.999701e-01
5.674430e-01	7.183591e-01	-1.983830e-01
5.725607e-01	7.172453e-01	-1.984980e-01
5.769258e-01	7.158251e-01	-1.985439e-01
5.408489e-01	7.073084e-01	-8.367837e-02
5.837093e-01	7.052720e-01	-7.627240e-02
5.534230e-01	6.774472e-01	-1.801258e-01
5.691077e-01	6.773872e-01	-1.785595e-01
5.110473e-01	6.129466e-01	-4.420771e-02
6.129509e-01	6.067351e-01	-4.733052e-02
4.354384e-01	6.986738e-01	-7.161265e-02
6.910688e-01	6.506319e-01	-4.569262e-02
3.845315e-01	8.203956e-01	-1.372136e-01
7.417212e-01	7.422155e-01	-1.222635e-01
3.624875e-01	8.559759e-01	-1.594494e-01
7.597290e-01	7.673643e-01	-1.475620e-01
3.658031e-01	8.593467e-01	-1.870120e-01
7.576397e-01	7.754227e-01	-1.690540e-01
3.750892e-01	8.547273e-01	-1.549294e-01
7.513654e-01	7.669218e-01	-1.380601e-01
5.326176e-01	2.752158e-01	-3.752678e-04
6.008825e-01	2.762643e-01	5.523987e-04
5.176263e-01	4.882500e-02	-6.640534e-02
6.092771e-01	4.077704e-02	-7.435524e-02
5.353522e-01	9.595113e-02	4.164972e-01
5.939392e-01	7.502442e-02	3.573919e-01
5.397571e-01	1.092895e-01	4.710380e-01
5.921217e-01	8.930576e-02	4.056625e-01
5.413333e-01	3.777703e-02	4.771123e-01
5.908330e-01	1.680415e-02	3.765244e-01
5.618254e-01	6.998543e-01	-2.132107e-01
5.552683e-01	7.194017e-01	-1.875386e-01
5.509776e-01	7.192228e-01	-1.875983e-01
5.466860e-01	7.187211e-01	-1.876666e-01
5.674593e-01	7.178792e-01	-1.844729e-01
5.725504e-01	7.167626e-01	-1.845683e-01
5.769210e-01	7.153165e-01	-1.845758e-01
5.408434e-01	7.063681e-01	-7.755582e-02
5.836776e-01	7.042597e-01	-7.278652e-02
5.534193e-01	6.763608e-01	-1.691878e-01
5.690475e-01	6.763452e-01	-1.653040e-01
5.114852e-01	6.122382e-01	-4.278580e-02
6.129721e-01	6.090387e-01	-1.995009e-02
4.388580e-01	7.018006e-01	-5.588235e-02
6.914037e-01	6.765111e-01	-9.041532e-03
3.988499e-01	8.251917e-01	-1.235026e-01
7.371626e-01	7.925861e-01	-8.609800e-02
3.854999e-01	8.687352e-01	-1.444492e-01
7.536976e-01	8.212288e-01	-1.155749e-01
3.890370e-01	8.757598e-01	-1.738495e-01
7.522749e-01	8.346200e-01	-1.345412e-01
3.948242e-01	8.605843e-01	-1.414355e-01
7.454884e-01	8.238056e-01	-1.019635e-01
5.326053e-01	2.804472e-01	7.387405e-04
6.008058e-01	2.809860e-01	-5.317651e-04
5.180589e-01	5.310401e-02	-8.557473e-02
6.091473e-01	4.531160e-02	-8.770226e-02
5.364286e-01	1.056581e-01	4.206318e-01
5.936736e-01	7.640572e-02	3.649663e-01
5.421869e-01	1.127462e-01	4.769425e-01
5.893552e-01	9.362264e-02	4.155905e-01
5.420333e-01	4.842807e-02	4.802584e-01
5.873711e-01	3.506646e-02	3.896537e-01
5.618768e-01	6.985004e-01	-2.088181e-01
5.553199e-01	7.186986e-01	-1.825040e-01
5.509988e-01	7.187245e-01	-1.825773e-01
5.466841e-01	7.183734e-01	-1.826556e-01
5.674698e-01	7.172241e-01	-1.787285e-01
5.724900e-01	7.162839e-01	-1.788352e-01
5.768346e-01	7.150638e-01	-1.788343e-01
5.407535e-01	7.062567e-01	-7.389854e-02
5.834912e-01	7.039534e-01	-5.889503e-02
5.534153e-01	6.758445e-01	-1.650845e-01
5.688910e-01	6.754900e-01	-1.600790e-01
5.115946e-01	6.139634e-01	-3.643326e-02
6.128923e-01	6.109695e-01	-1.173646e-02
4.453594e-01	7.204080e-01	-6.600751e-02
6.876572e-01	6.932312e-01	-8.304439e-03
4.138046e-01	8.533988e-01	-1.297542e-01
7.336143e-01	8.251726e-01	-8.096928e-02
4.039718e-01	8.933830e-01	-1.589451e-01
7.506663e-01	8.627570e-01	-1.141706e-01
4.094224e-01	8.965819e-01	-1.801052e-01
7.441674e-01	8.723787e-01	-1.308727e-01
4.141722e-01	8.856631e-01	-1.461168e-01
7.373341e-01	8.591057e-01	-9.681872e-02
5.325779e-01	2.842794e-01	2.029461e-04
6.008927e-01	2.855281e-01	1.087703e-05
5.182863e-01	6.026803e-02	-8.943626e-02
6.085836e-01	5.117739e-02	-8.783016e-02
5.374338e-01	1.029911e-01	4.210722e-01
5.936213e-01	7.564271e-02	3.651187e-01
5.425173e-01	1.137786e-01	4.773269e-01
5.898356e-01	9.241767e-02	4.151753e-01
5.425402e-01	4.619706e-02	4.763785e-01
5.866569e-01	3.772563e-02	3.884064e-01
5.617244e-01	6.984261e-01	-2.429910e-01
5.550694e-01	7.180973e-01	-2.137435e-01
5.507267e-01	7.181571e-01	-2.138747e-01
5.461835e-01	7.177919e-01	-2.139874e-01
5.673308e-01	7.168214e-01	-2.088182e-01
5.721002e-01	7.159685e-01	-2.090026e-01
5.764779e-01	7.149295e-01	-2.090231e-01
5.400804e-01	7.061333e-01	-8.250044e-02
5.828839e-01	7.038064e-01	-5.946396e-02
5.531104e-01	6.756025e-01	-1.949487e-01
5.686382e-01	6.748273e-01	-1.883390e-01
5.121295e-01	6.154145e-01	-5.220788e-02
6.120493e-01	6.112208e-01	-1.309975e-02
4.525646e-01	7.427243e-01	-9.650359e-02
6.855336e-01	7.019473e-01	-1.171865e-02
4.259517e-01	8.923612e-01	-1.608819e-01
7.223474e-01	8.508831e-01	-9.319969e-02
4.154080e-01	9.263988e-01	-1.977596e-01
7.361507e-01	8.937151e-01	-1.314240e-01
4.222245e-01	9.301181e-01	-2.143629e-01
7.275721e-01	9.069625e-01	-1.491608e-01
4.281235e-01	9.178522e-01	-1.761821e-01
7.206587e-01	8.924665e-01	-1.105106e-01
5.325614e-01	2.875786e-01	-1.603595e-03
6.006796e-01	2.885121e-01	1.901208e-03
5.200108e-01	6.639811e-02	-8.629491e-02
6.083145e-01	5.880110e-02	-7.877662e-02
5.348159e-01	5.867876e-02	4.109437e-01
5.935743e-01	3.173327e-02	3.303359e-01
5.402054e-01	5.618776e-02	4.594877e-01
5.922024e-01	-1.739793e-02	3.699767e-01
5.369871e-01	-4.684202e-03	4.036442e-01
5.860289e-01	-9.333294e-02	2.853758e-01
5.617169e-01	6.980410e-01	-2.308230e-01
5.550113e-01	7.180394e-01	-2.023001e-01
5.506608e-01	7.180901e-01	-2.024244e-01
5.460688e-01	7.177293e-01	-2.025255e-01
5.673274e-01	7.168080e-01	-1.986041e-01
5.720326e-01	7.159524e-01	-1.987707e-01
5.764138e-01	7.149127e-01	-1.987646e-01
5.400251e-01	7.061356e-01	-7.560953e-02
5.825316e-01	7.037846e-01	-5.495572e-02
5.529162e-01	6.754305e-01	-1.840158e-01
5.685122e-01	6.746553e-01	-1.791447e-01
5.122941e-01	6.180953e-01	-4.769936e-02
6.120318e-01	6.137305e-01	-1.755059e-02
4.562926e-01	7.498416e-01	-9.379410e-02
6.840043e-01	7.111160e-01	-2.456871e-02
4.293908e-01	8.898916e-01	-1.519472e-01
7.163831e-01	8.574182e-01	-9.819633e-02
4.195249e-01	9.268004e-01	-1.872173e-01
7.304138e-01	8.972899e-01	-1.369674e-01
4.249287e-01	9.304391e-01	-2.025603e-01
7.232658e-01	9.102608e-01	-1.514062e-01
4.306081e-01	9.175953e-01	-1.669602e-01
7.159279e-01	8.949760e-01	-1.144282e-01
5.324264e-01	2.914830e-01	-1.771378e-03
6.006424e-01	2.940539e-01	2.062665e-03
5.216866e-01	7.574476e-02	-8.744934e-02
6.083096e-01	6.809131e-02	-8.441005e-02
5.345731e-01	6.400225e-02	4.113947e-01
5.949165e-01	4.382000e-02	3.574876e-01
5.396770e-01	6.584880e-02	4.619316e-01
5.957555e-01	9.122850e-03	4.041643e-01
5.367572e-01	3.827252e-03	4.227873e-01
5.864948e-01	-4.060926e-02	2.949118e-01
5.617110e-01	6.978667e-01	-2.558071e-01
5.550014e-01	7.175837e-01	-2.285601e-01
5.506246e-01	7.176427e-01	-2.286941e-01
5.460091e-01	7.173653e-01	-2.287918e-01
5.673290e-01	7.164983e-01	-2.242382e-01
5.719997e-01	7.157281e-01	-2.244205e-01
5.763525e-01	7.147339e-01	-2.244205e-01
5.400121e-01	7.060872e-01	-1.039221e-01
5.823009e-01	7.037684e-01	-8.204674e-02
5.527400e-01	6.753839e-01	-2.108787e-01
5.683848e-01	6.746458e-01	-2.052660e-01
5.123058e-01	6.178488e-01	-9.298585e-02
6.121208e-01	6.136293e-01	-5.124946e-02
4.634281e-01	7.517579e-01	-1.601721e-01
6.791096e-01	7.307810e-01	-6.987794e-02
4.405356e-01	9.027790e-01	-2.293117e-01
7.065615e-01	8.843583e-01	-1.507436e-01
4.307305e-01	9.397575e-01	-2.700270e-01
7.194012e-01	9.235703e-01	-1.926017e-01
4.374319e-01	9.421778e-01	-2.821122e-01
7.116824e-01	9.355415e-01	-2.054802e-01
4.431370e-01	9.302894e-01	-2.434781e-01
7.042727e-01	9.209426e-01	-1.671740e-01
5.320982e-01	2.920867e-01	-2.788662e-03
6.006151e-01	2.957086e-01	3.073567e-03
5.222928e-01	7.620925e-02	-9.907368e-02
6.082307e-01	7.293433e-02	-9.569847e-02
5.358988e-01	7.296173e-02	4.125414e-01
5.953194e-01	5.817227e-02	3.660965e-01
5.405124e-01	6.824401e-02	4.657755e-01
5.957003e-01	4.999961e-02	4.159772e-01
5.395666e-01	1.149709e-02	4.263233e-01
5.866624e-01	8.300183e-04	3.509752e-01
5.616609e-01	6.978766e-01	-2.564910e-01
5.549443e-01	7.171888e-01	-2.306995e-01
5.505654e-01	7.171821e-01	-2.308059e-01
5.459212e-01	7.168851e-01	-2.308978e-01
5.673286e-01	7.162936e-01	-2.259811e-01
5.719779e-01	7.155868e-01	-2.261561e-01
5.763486e-01	7.146758e-01	-2.261687e-01
5.400194e-01	7.055217e-01	-1.107342e-01
5.823044e-01	7.037407e-01	-8.715734e-02
5.525743e-01	6.753011e-01	-2.132553e-01
5.682984e-01	6.746286e-01	-2.071012e-01
5.123783e-01	6.173260e-01	-1.039894e-01
6.120483e-01	6.141891e-01	-5.993943e-02
4.713933e-01	7.549069e-01	-1.699595e-01
6.723800e-01	7.404144e-01	-7.756133e-02
4.512451e-01	9.051405e-01	-2.320063e-01
6.945105e-01	9.004461e-01	-1.445500e-01
4.435556e-01	9.443763e-01	-2.693060e-01
7.060205e-01	9.433027e-01	-1.843826e-01
4.508774e-01	9.481168e-01	-2.801595e-01
6.960420e-01	9.487861e-01	-1.904609e-01
4.564784e-01	9.349699e-01	-2.448907e-01
6.888384e-01	9.344253e-01	-1.576967e-01
5.311543e-01	2.910447e-01	-4.153565e-03
6.006131e-01	2.943908e-01	4.408482e-03
5.224753e-01	7.389355e-02	-1.254058e-01
6.082271e-01	7.026789e-02	-1.111191e-01
5.370520e-01	8.497550e-02	3.997577e-01
5.953984e-01	6.878197e-02	3.669416e-01
5.409075e-01	9.480958e-02	4.571656e-01
5.952632e-01	8.366618e-02	4.193677e-01
5.418323e-01	1.878089e-02	4.317049e-01
5.867537e-01	2.894129e-02	3.909003e-01
5.616822e-01	6.970360e-01	-2.764331e-01
5.549431e-01	7.162830e-01	-2.538108e-01
5.505608e-01	7.160575e-01	-2.539200e-01
5.459143e-01	7.155077e-01	-2.539965e-01
5.673529e-01	7.157999e-01	-2.468159e-01
5.719750e-01	7.151957e-01	-2.470136e-01
5.763475e-01	7.143648e-01	-2.470384e-01
5.400135e-01	7.022583e-01	-1.409771e-01
5.822378e-01	7.033690e-01	-1.067398e-01
5.525702e-01	6.738250e-01	-2.347247e-01
5.682941e-01	6.735711e-01	-2.255649e-01
5.124642e-01	6.172667e-01	-1.333953e-01
6.112736e-01	6.136860e-01	-7.204647e-02
4.760337e-01	7.567769e-01	-2.061818e-01
6.627489e-01	7.412129e-01	-8.108763e-02
4.605233e-01	9.136519e-01	-2.612703e-01
6.857129e-01	9.055303e-01	-1.402330e-01
4.550348e-01	9.506829e-01	-2.999173e-01
6.947322e-01	9.471651e-01	-1.785717e-01
4.632749e-01	9.553610e-01	-3.062516e-01
6.844992e-01	9.532169e-01	-1.847573e-01
4.680975e-01	9.431080e-01	-2.720185e-01
6.778849e-01	9.375285e-01	-1.533062e-01
5.307522e-01	2.906665e-01	-1.034556e-02
6.006780e-01	2.939576e-01	1.054962e-02
5.234900e-01	7.268859e-02	-1.158010e-01
6.084170e-01	6.837918e-02	-1.091249e-01
5.370365e-01	8.107919e-02	3.838227e-01
5.957451e-01	6.790201e-02	3.687811e-01
5.409058e-01	8.515266e-02	4.370953e-01
5.976349e-01	4.089366e-02	4.192595e-01
5.429174e-01	1.333498e-02	4.100721e-01
5.884913e-01	2.532955e-02	3.863391e-01
5.616903e-01	6.970426e-01	-2.615855e-01
5.549971e-01	7.162801e-01	-2.370033e-01
5.505784e-01	7.160249e-01	-2.371160e-01
5.459318e-01	7.154258e-01	-2.372319e-01
5.674311e-01	7.158257e-01	-2.336602e-01
5.719844e-01	7.152234e-01	-2.337743e-01
5.763431e-01	7.143866e-01	-2.337514e-01
5.401045e-01	7.013434e-01	-1.167685e-01
5.822237e-01	7.033347e-01	-9.221134e-02
5.525667e-01	6.737550e-01	-2.156456e-01
5.682770e-01	6.735584e-01	-2.100808e-01
5.128001e-01	6.151085e-01	-1.113669e-01
6.108925e-01	6.136508e-01	-5.582421e-02
4.833972e-01	7.503349e-01	-1.772547e-01
6.557124e-01	7.392029e-01	-6.137623e-02
4.702010e-01	9.067020e-01	-2.266491e-01
6.745052e-01	9.058661e-01	-1.064262e-01
4.645782e-01	9.438226e-01	-2.621155e-01
6.821247e-01	9.470369e-01	-1.419706e-01
4.718847e-01	9.485102e-01	-2.701617e-01
6.721713e-01	9.538879e-01	-1.476274e-01
4.768091e-01	9.360154e-01	-2.375534e-01
6.661824e-01	9.385615e-01	-1.185264e-01
5.307230e-01	2.883224e-01	-1.090937e-02
6.011720e-01	2.920567e-01	1.108645e-02
5.240824e-01	7.166371e-02	-1.128572e-01
6.089924e-01	6.739795e-02	-1.026913e-01
5.376085e-01	8.011901e-02	3.874837e-01
5.963144e-01	7.108205e-02	3.693721e-01
5.412799e-01	8.798718e-02	4.401170e-01
6.001499e-01	3.486813e-02	4.204968e-01
5.450989e-01	1.203616e-02	4.169806e-01
5.898226e-01	2.402891e-02	3.927069e-01
5.617113e-01	6.971254e-01	-2.131109e-01
5.550486e-01	7.163759e-01	-1.893395e-01
5.506053e-01	7.160628e-01	-1.894264e-01
5.459588e-01	7.154325e-01	-1.894804e-01
5.675275e-01	7.160908e-01	-1.804908e-01
5.720103e-01	7.155035e-01	-1.806671e-01
5.763469e-01	7.146524e-01	-1.806677e-01
5.401598e-01	7.006643e-01	-8.678807e-02
5.821865e-01	7.033567e-01	-4.291689e-02
5.526355e-01	6.737503e-01	-1.766804e-01
5.682966e-01	6.735481e-01	-1.648303e-01
5.128770e-01	6.099446e-01	-9.943289e-02
6.100503e-01	6.130787e-01	-2.121655e-02
4.886175e-01	7.431089e-01	-1.795912e-01
6.502122e-01	7.381046e-01	-3.829493e-02
4.770392e-01	8.972884e-01	-2.313178e-01
6.669674e-01	9.104854e-01	-6.627478e-02
4.728281e-01	9.368522e-01	-2.707888e-01
6.742471e-01	9.483477e-01	-1.073276e-01
4.783684e-01	9.442807e-01	-2.762035e-01
6.633900e-01	9.539143e-01	-1.036479e-01
4.836220e-01	9.309570e-01	-2.414145e-01
6.580119e-01	9.396212e-01	-7.687705e-02
5.308877e-01	2.844845e-01	-1.683727e-02
6.018065e-01	2.869242e-01	1.701568e-02
5.243872e-01	7.128707e-02	-1.093599e-01
6.094481e-01	6.722200e-02	-7.561098e-02
5.377055e-01	7.908645e-02	3.896760e-01
5.965892e-01	6.942328e-02	3.947601e-01
5.413277e-01	8.409829e-02	4.426656e-01
6.014103e-01	2.187906e-02	4.456891e-01
5.456345e-01	1.071613e-02	4.211254e-01
5.905455e-01	2.287740e-02	4.163417e-01
5.615951e-01	6.967814e-01	-1.694129e-01
5.549484e-01	7.161644e-01	-1.449431e-01
5.505181e-01	7.157038e-01	-1.450072e-01
5.458318e-01	7.148229e-01	-1.450401e-01
5.674387e-01	7.160711e-01	-1.383571e-01
5.718138e-01	7.154976e-01	-1.384998e-01
5.760871e-01	7.146516e-01	-1.384857e-01
5.400863e-01	6.986154e-01	-4.349856e-02
5.821095e-01	7.026926e-01	-1.096452e-02
5.526353e-01	6.729078e-01	-1.344540e-01
5.682563e-01	6.728058e-01	-1.255107e-01
5.130481e-01	6.042794e-01	-8.607055e-02
6.096953e-01	6.087717e-01	-4.837242e-03
4.926108e-01	7.383676e-01	-1.909445e-01
6.439489e-01	7.310793e-01	-3.118785e-02
4.819857e-01	8.781604e-01	-2.809721e-01
6.605528e-01	8.967478e-01	-6.565053e-02
4.776308e-01	9.198803e-01	-3.251063e-01
6.680276e-01	9.382134e-01	-1.039683e-01
4.828011e-01	9.283198e-01	-3.275767e-01
6.586308e-01	9.448481e-01	-1.019867e-01
4.881465e-01	9.125942e-01	-2.910160e-01
6.528869e-01	9.289241e-01	-7.553430e-02
5.311154e-01	2.796015e-01	-1.608027e-02
6.024435e-01	2.823879e-01	1.625783e-02
5.244194e-01	6.938563e-02	-1.088245e-01
6.096025e-01	6.631693e-02	-7.218631e-02
5.395065e-01	8.706725e-02	3.907332e-01
5.967196e-01	7.210167e-02	3.957430e-01
5.428702e-01	8.961555e-02	4.450549e-01
5.997883e-01	6.335417e-02	4.473549e-01
5.473142e-01	1.729150e-02	4.375858e-01
5.906639e-01	3.078779e-02	4.321291e-01
5.614875e-01	6.967871e-01	-1.595650e-01
5.549171e-01	7.161538e-01	-1.352078e-01
5.504827e-01	7.156585e-01	-1.352771e-01
5.457765e-01	7.147291e-01	-1.353262e-01
5.673755e-01	7.161260e-01	-1.277813e-01
5.716373e-01	7.155994e-01	-1.279197e-01
5.757918e-01	7.147971e-01	-1.278896e-01
5.400401e-01	6.978617e-01	-3.464338e-02
5.819609e-01	7.024001e-01	1.593199e-03
5.526341e-01	6.727785e-01	-1.252386e-01
5.681749e-01	6.726712e-01	-1.151472e-01
5.133276e-01	6.001729e-01	-8.225040e-02
6.094832e-01	6.048996e-01	2.996676e-03
4.955925e-01	7.345383e-01	-2.164910e-01
6.394216e-01	7.258860e-01	-2.779257e-02
4.873813e-01	8.692069e-01	-3.332439e-01
6.564885e-01	8.865947e-01	-5.938744e-02
4.833742e-01	9.108626e-01	-3.801143e-01
6.633955e-01	9.274493e-01	-9.789973e-02
4.866596e-01	9.191222e-01	-3.824610e-01
6.543742e-01	9.359843e-01	-9.653546e-02
4.921799e-01	9.018031e-01	-3.434429e-01
6.485902e-01	9.202590e-01	-6.985456e-02
5.313160e-01	2.747846e-01	-1.602438e-02
6.030014e-01	2.780182e-01	1.619256e-02
5.243951e-01	6.606495e-02	-1.024946e-01
6.096493e-01	6.469560e-02	-6.431796e-02
5.405535e-01	9.102250e-02	3.968888e-01
5.969825e-01	7.429582e-02	4.098434e-01
5.438249e-01	9.257640e-02	4.520031e-01
5.990851e-01	8.755159e-02	4.627420e-01
5.481948e-01	2.141318e-02	4.451093e-01
5.911898e-01	3.442493e-02	4.500495e-01
5.614374e-01	6.966741e-01	-1.555486e-01
5.548781e-01	7.160757e-01	-1.310135e-01
5.504274e-01	7.155334e-01	-1.310892e-01
5.456840e-01	7.145348e-01	-1.311382e-01
5.673617e-01	7.160957e-01	-1.231264e-01
5.716071e-01	7.155603e-01	-1.232689e-01
5.757595e-01	7.147385e-01	-1.232311e-01
5.399867e-01	6.971044e-01	-3.150816e-02
5.819813e-01	7.014106e-01	6.997896e-03
5.526325e-01	6.721754e-01	-1.219763e-01
5.681720e-01	6.720599e-01	-1.111917e-01
5.139514e-01	5.965662e-01	-7.699229e-02
6.093816e-01	5.990639e-01	4.777850e-03
4.982007e-01	7.268588e-01	-2.174359e-01
6.371112e-01	7.227925e-01	-2.621619e-02
4.907033e-01	8.635906e-01	-3.307793e-01
6.498986e-01	8.769830e-01	-5.610042e-02
4.870985e-01	9.050512e-01	-3.767067e-01
6.544948e-01	9.186608e-01	-9.377318e-02
4.897067e-01	9.127310e-01	-3.791305e-01
6.482946e-01	9.254296e-01	-9.359165e-02
4.952821e-01	8.991477e-01	-3.409030e-01
6.435550e-01	9.091524e-01	-6.694426e-02
5.319080e-01	2.701127e-01	-1.617075e-02
6.039270e-01	2.743049e-01	1.632848e-02
5.245440e-01	6.276175e-02	-8.884110e-02
6.098402e-01	6.032643e-02	-5.593102e-02
5.414454e-01	8.916748e-02	3.969268e-01
5.975032e-01	7.776130e-02	4.149525e-01
5.449485e-01	9.520468e-02	4.511454e-01
5.990614e-01	9.708969e-02	4.673182e-01
5.487593e-01	2.428862e-02	4.403322e-01
5.921256e-01	3.741642e-02	4.537773e-01
5.613315e-01	6.956761e-01	-1.563477e-01
5.548759e-01	7.152740e-01	-1.297183e-01
5.504257e-01	7.147551e-01	-1.298041e-01
5.456842e-01	7.138061e-01	-1.298503e-01
5.673612e-01	7.149649e-01	-1.244014e-01
5.716078e-01	7.141588e-01	-1.245614e-01
5.757844e-01	7.130683e-01	-1.245297e-01
5.399706e-01	6.961611e-01	-1.911692e-02
5.822850e-01	6.981125e-01	7.260432e-03
5.525327e-01	6.709135e-01	-1.186103e-01
5.680693e-01	6.706781e-01	-1.111997e-01
5.143787e-01	5.916618e-01	-5.804031e-02
6.093549e-01	5.944391e-01	1.156113e-04
4.996219e-01	7.048330e-01	-2.333275e-01
6.343583e-01	7.188916e-01	-6.623639e-02
4.903852e-01	8.323765e-01	-3.951147e-01
6.446649e-01	8.629918e-01	-1.203331e-01
4.867263e-01	8.765976e-01	-4.480355e-01
6.478816e-01	9.176627e-01	-1.595612e-01
4.890861e-01	8.819522e-01	-4.487920e-01
6.433254e-01	9.228488e-01	-1.629383e-01
4.940919e-01	8.670480e-01	-4.060712e-01
6.389123e-01	9.079274e-01	-1.315881e-01
5.321163e-01	2.645511e-01	-1.586524e-02
6.043577e-01	2.685724e-01	1.599786e-02
5.248576e-01	5.817804e-02	-8.340637e-02
6.101684e-01	5.522300e-02	-5.112514e-02
5.422701e-01	8.710938e-02	4.005087e-01
5.983816e-01	7.564544e-02	4.231663e-01
5.457322e-01	8.917124e-02	4.537628e-01
5.990313e-01	9.021811e-02	4.758016e-01
5.491010e-01	1.813401e-02	4.390106e-01
5.925921e-01	3.779291e-02	4.542345e-01
5.617426e-01	6.939011e-01	-1.374297e-01
5.553312e-01	7.135258e-01	-1.119679e-01
5.508120e-01	7.131287e-01	-1.120538e-01
5.461426e-01	7.124234e-01	-1.121173e-01
5.676985e-01	7.127886e-01	-1.019053e-01
5.719053e-01	7.117944e-01	-1.020675e-01
5.761214e-01	7.104471e-01	-1.020415e-01
5.399672e-01	6.952026e-01	-1.010431e-02
5.822941e-01	6.953253e-01	3.920215e-02
5.526976e-01	6.690954e-01	-1.035350e-01
5.682121e-01	6.685712e-01	-8.961233e-02
5.143617e-01	5.882186e-01	-5.157752e-02
6.085033e-01	5.924141e-01	3.331249e-02
5.004547e-01	7.060415e-01	-2.251589e-01
6.348275e-01	7.102938e-01	1.094841e-02
4.950249e-01	8.113797e-01	-3.460606e-01
6.425330e-01	8.315693e-01	5.309342e-03
4.910283e-01	8.477430e-01	-3.943461e-01
6.455503e-01	8.787372e-01	-2.620213e-02
4.945857e-01	8.476610e-01	-3.928704e-01
6.417148e-01	8.844185e-01	-3.277240e-02
5.006620e-01	8.288544e-01	-3.552826e-01
6.370499e-01	8.688971e-01	-6.568772e-03
5.325266e-01	2.618934e-01	-2.150019e-02
6.049095e-01	2.668059e-01	2.166609e-02
5.255734e-01	5.265250e-02	-8.610001e-02
6.111792e-01	5.026065e-02	-4.316817e-02
5.424699e-01	7.419451e-02	3.897401e-01
5.989271e-01	7.557448e-02	4.207495e-01
5.459497e-01	8.729393e-02	4.411823e-01
5.989799e-01	8.685698e-02	4.717956e-01
5.491189e-01	1.641343e-02	4.124638e-01
5.930930e-01	3.624388e-02	4.460587e-01
5.624942e-01	6.939470e-01	-1.370190e-01
5.561734e-01	7.133879e-01	-1.129183e-01
5.515631e-01	7.131209e-01	-1.129797e-01
5.470598e-01	7.125009e-01	-1.130249e-01
5.684228e-01	7.118723e-01	-1.020552e-01
5.727206e-01	7.106938e-01	-1.022198e-01
5.770259e-01	7.092801e-01	-1.022187e-01
5.402101e-01	6.965818e-01	-1.434133e-02
5.822726e-01	6.946430e-01	3.977078e-02
5.529372e-01	6.694794e-01	-1.046127e-01
5.685503e-01	6.685940e-01	-8.915777e-02
5.125582e-01	5.861843e-01	-4.435497e-02
6.074093e-01	5.920097e-01	3.606403e-02
4.978457e-01	7.056809e-01	-2.196296e-01
6.338629e-01	6.915593e-01	5.089294e-02
5.063289e-01	7.358007e-01	-2.983286e-01
6.414109e-01	7.844225e-01	8.039259e-02
5.158156e-01	7.574848e-01	-3.363960e-01
6.442525e-01	8.208855e-01	5.446304e-02
5.176821e-01	7.459169e-01	-3.309851e-01
6.418304e-01	8.257542e-01	4.683324e-02
5.199384e-01	7.393441e-01	-3.026832e-01
6.377409e-01	8.122975e-01	6.942338e-02
5.323394e-01	2.581787e-01	-2.109329e-02
6.048940e-01	2.641636e-01	2.123961e-02
5.253488e-01	5.037762e-02	-8.712113e-02
6.111739e-01	4.578714e-02	-4.886415e-02
5.422423e-01	7.539715e-02	3.878020e-01
5.989160e-01	8.065325e-02	4.192128e-01
5.458530e-01	9.358293e-02	4.397980e-01
5.986462e-01	9.002417e-02	4.710570e-01
5.488205e-01	1.553498e-02	4.184068e-01
5.930566e-01	4.060823e-02	4.427934e-01
5.624173e-01	6.929879e-01	-1.228958e-01
5.558444e-01	7.121298e-01	-1.002803e-01
5.512017e-01	7.122032e-01	-1.003420e-01
5.466070e-01	7.120187e-01	-1.002729e-01
5.682831e-01	7.102883e-01	-8.978824e-02
5.725957e-01	7.091523e-01	-8.999170e-02
5.769740e-01	7.077557e-01	-8.995360e-02
5.396374e-01	6.970012e-01	1.368272e-02
5.810947e-01	6.944189e-01	6.237096e-02
5.525579e-01	6.693689e-01	-8.253054e-02
5.684679e-01	6.682181e-01	-6.802268e-02
5.119670e-01	5.862240e-01	-4.881749e-02
6.038406e-01	5.921351e-01	6.094604e-02
5.035535e-01	6.303203e-01	-4.392827e-01
6.260732e-01	6.307566e-01	-1.702162e-01
5.028225e-01	6.564667e-01	-7.980198e-01
6.378887e-01	7.034820e-01	-4.527605e-01
5.051322e-01	6.832229e-01	-8.761491e-01
6.399940e-01	7.378355e-01	-5.085864e-01
5.064600e-01	6.843803e-01	-8.638921e-01
6.385074e-01	7.433550e-01	-5.084859e-01
5.093901e-01	6.715495e-01	-8.048550e-01
6.351884e-01	7.309564e-01	-4.656526e-01
5.318593e-01	2.554275e-01	-2.145676e-02
6.043616e-01	2.639812e-01	2.159278e-02
5.246931e-01	5.020967e-02	-7.707253e-02
6.109912e-01	4.611428e-02	-3.451181e-02
5.307488e-01	-7.916142e-02	3.656980e-01
6.006089e-01	2.368537e-02	3.531559e-01
5.299312e-01	-8.488421e-02	4.108717e-01
6.043910e-01	-6.241849e-02	3.935469e-01
5.333354e-01	-1.402100e-01	3.534465e-01
5.930876e-01	-1.278546e-01	3.288855e-01
5.621110e-01	6.924363e-01	-1.064551e-01
5.549551e-01	7.121198e-01	-8.347745e-02
5.503798e-01	7.121977e-01	-8.355357e-02
5.454964e-01	7.120047e-01	-8.353397e-02
5.675074e-01	7.103325e-01	-8.029483e-02
5.716338e-01	7.092146e-01	-8.041979e-02
5.761285e-01	7.078337e-01	-8.031836e-02
5.387504e-01	6.974992e-01	3.778530e-02
5.801500e-01	6.944889e-01	5.268384e-02
5.523082e-01	6.692054e-01	-6.226138e-02
5.681678e-01	6.680746e-01	-5.784592e-02
5.104800e-01	5.888481e-01	-1.300165e-02
6.039473e-01	5.921859e-01	4.217239e-02
5.055532e-01	5.862367e-01	-3.443751e-01
6.218207e-01	5.990725e-01	-2.724419e-01
5.013087e-01	5.906246e-01	-6.716441e-01
6.359645e-01	6.289598e-01	-6.291650e-01
5.008137e-01	6.129656e-01	-7.421206e-01
6.418556e-01	6.633385e-01	-6.957237e-01
5.027035e-01	6.179149e-01	-7.380153e-01
6.385025e-01	6.664314e-01	-6.938643e-01
5.067642e-01	6.059645e-01	-6.806788e-01
6.336042e-01	6.473667e-01	-6.424770e-01
5.310835e-01	2.557872e-01	-9.891791e-03
6.043561e-01	2.638984e-01	9.871384e-03
5.246229e-01	5.156657e-02	-5.911598e-02
6.109163e-01	4.839696e-02	-3.972856e-02
5.314258e-01	6.612723e-02	3.783415e-01
6.004916e-01	6.743345e-02	3.571759e-01
5.306981e-01	6.349902e-02	4.215852e-01
6.064357e-01	2.475113e-02	4.031379e-01
5.336047e-01	2.029647e-02	4.283548e-01
5.930833e-01	-5.847595e-02	3.358659e-01
5.610318e-01	6.924574e-01	-1.024637e-01
5.535142e-01	7.119173e-01	-8.250029e-02
5.488337e-01	7.118626e-01	-8.259927e-02
5.437590e-01	7.116115e-01	-8.261839e-02
5.665165e-01	7.103679e-01	-7.725935e-02
5.706438e-01	7.092562e-01	-7.734904e-02
5.753962e-01	7.079160e-01	-7.724691e-02
5.377775e-01	6.975164e-01	3.101289e-02
5.798437e-01	6.947507e-01	5.399835e-02
5.517343e-01	6.689545e-01	-6.068701e-02
5.678157e-01	6.680225e-01	-5.366253e-02
5.091512e-01	5.878244e-01	-1.740248e-02
6.041089e-01	5.921068e-01	4.868709e-02
5.078768e-01	5.673085e-01	-3.531308e-01
6.211745e-01	5.879418e-01	-2.171705e-01
5.006194e-01	5.610638e-01	-7.055807e-01
6.308517e-01	5.926890e-01	-5.370026e-01
4.973091e-01	5.634251e-01	-7.786585e-01
6.361634e-01	6.059958e-01	-5.979296e-01
5.017887e-01	5.612439e-01	-7.758354e-01
6.318713e-01	6.063008e-01	-5.991651e-01
5.073866e-01	5.599765e-01	-7.144202e-01
6.269232e-01	5.917528e-01	-5.503531e-01
5.306314e-01	2.537500e-01	-7.544884e-03
6.042709e-01	2.594921e-01	7.510020e-03
5.241774e-01	5.152755e-02	-5.802830e-02
6.111889e-01	4.673427e-02	-3.391054e-02
5.320741e-01	6.667677e-02	3.885664e-01
5.990278e-01	7.122549e-02	3.625154e-01
5.327914e-01	7.464825e-02	4.338771e-01
6.020561e-01	6.050275e-02	4.108503e-01
5.357572e-01	2.122786e-02	4.337811e-01
5.895904e-01	1.231838e-02	3.844936e-01
5.602964e-01	6.918167e-01	-1.130057e-01
5.528089e-01	7.114522e-01	-9.405035e-02
5.480738e-01	7.115309e-01	-9.413154e-02
5.428082e-01	7.112194e-01	-9.415390e-02
5.661176e-01	7.099873e-01	-8.793616e-02
5.705038e-01	7.089780e-01	-8.806268e-02
5.753779e-01	7.077045e-01	-8.801544e-02
5.366050e-01	6.975372e-01	1.902894e-02
5.799014e-01	6.947526e-01	4.609027e-02
5.511514e-01	6.683925e-01	-7.118153e-02
5.675862e-01	6.668935e-01	-6.309325e-02
5.061024e-01	5.851554e-01	1.555419e-02
6.057426e-01	5.897721e-01	7.474627e-02
5.057614e-01	4.833124e-01	-1.851284e-01
6.235960e-01	5.326665e-01	-3.286977e-02
4.984453e-01	4.758860e-01	-5.218908e-01
6.294115e-01	5.389494e-01	-2.782711e-01
4.967658e-01	4.803170e-01	-5.850523e-01
6.339051e-01	5.337529e-01	-3.295327e-01
4.999562e-01	4.772450e-01	-7.029699e-01
6.290454e-01	5.379557e-01	-3.386945e-01
5.049765e-01	4.764583e-01	-5.440162e-01
6.245818e-01	5.351119e-01	-2.868447e-01
5.296619e-01	2.529821e-01	-8.093505e-03
6.034279e-01	2.577488e-01	8.156773e-03
5.235994e-01	4.793977e-02	-8.656045e-02
6.106365e-01	3.997651e-02	-3.733615e-02
5.326470e-01	6.005565e-02	3.662570e-01
5.971424e-01	4.798361e-02	3.692999e-01
5.330883e-01	5.959369e-02	4.140489e-01
6.019821e-01	-3.498499e-03	4.145589e-01
5.369471e-01	2.855887e-03	3.828043e-01
5.850941e-01	-6.784660e-02	3.888895e-01
5.599927e-01	6.891197e-01	-6.820371e-02
5.526582e-01	7.099767e-01	-4.666038e-02
5.479349e-01	7.103547e-01	-4.672281e-02
5.426679e-01	7.103448e-01	-4.674964e-02
5.659293e-01	7.082819e-01	-4.635101e-02
5.703997e-01	7.075081e-01	-4.641083e-02
5.753089e-01	7.063063e-01	-4.631324e-02
5.360521e-01	6.975517e-01	7.398859e-02
5.798808e-01	6.937860e-01	7.509613e-02
5.506254e-01	6.664722e-01	-2.379306e-02
5.670338e-01	6.641597e-01	-2.320462e-02
5.031164e-01	5.819872e-01	9.063420e-02
6.079668e-01	5.849903e-01	9.151318e-02
4.990819e-01	4.416252e-01	-2.689798e-02
6.242694e-01	4.564166e-01	-4.366888e-02
4.769400e-01	4.286194e-01	-2.742655e-01
6.325752e-01	4.728799e-01	-3.050842e-01
4.702656e-01	4.110983e-01	-3.218391e-01
6.361247e-01	4.694706e-01	-3.612134e-01
4.685373e-01	4.304454e-01	-3.506069e-01
6.318237e-01	4.865774e-01	-3.651209e-01
4.709559e-01	4.400192e-01	-2.909084e-01
6.275222e-01	4.872327e-01	-3.144132e-01
5.289747e-01	2.535460e-01	-9.832096e-04
6.027213e-01	2.583824e-01	1.088291e-03
5.213112e-01	4.207388e-02	-1.030242e-01
6.074830e-01	3.470330e-02	-5.632021e-02
5.335189e-01	7.604998e-02	3.673726e-01
5.942189e-01	6.050529e-02	3.696107e-01
5.360631e-01	8.692326e-02	4.187962e-01
5.975636e-01	6.995415e-02	4.181155e-01
5.435775e-01	3.033494e-02	4.245571e-01
5.841011e-01	1.486775e-02	4.200971e-01
5.587912e-01	6.891710e-01	-2.663247e-01
5.520772e-01	7.100189e-01	-2.507974e-01
5.473048e-01	7.104244e-01	-2.508606e-01
5.420431e-01	7.104120e-01	-2.509892e-01
5.653033e-01	7.083271e-01	-2.485433e-01
5.696758e-01	7.075105e-01	-2.486628e-01
5.745600e-01	7.063239e-01	-2.486809e-01
5.353869e-01	6.977411e-01	-1.346458e-01
5.792247e-01	6.938263e-01	-1.276511e-01
5.489789e-01	6.666866e-01	-2.223151e-01
5.654801e-01	6.643031e-01	-2.198253e-01
5.008796e-01	5.779763e-01	-5.774511e-02
6.107275e-01	5.805888e-01	-2.296948e-02
4.983819e-01	4.242223e-01	7.838538e-02
6.257175e-01	4.402977e-01	1.418034e-01
5.003548e-01	3.249421e-01	1.876236e-01
6.320456e-01	3.351229e-01	2.194682e-01
5.023314e-01	2.880638e-01	1.970223e-01
6.274537e-01	3.040080e-01	2.238306e-01
5.050402e-01	2.900951e-01	1.630640e-01
6.248308e-01	3.058231e-01	1.983165e-01
5.105222e-01	3.088870e-01	1.785016e-01
6.239880e-01	3.231261e-01	2.115557e-01
5.291159e-01	2.542851e-01	-2.673360e-03
6.027936e-01	2.620906e-01	2.788723e-03
5.213563e-01	4.274646e-02	-8.035589e-02
6.075518e-01	3.489684e-02	-5.590413e-02
5.360702e-01	9.458482e-02	3.905093e-01
5.941961e-01	6.886936e-02	3.598975e-01
5.407382e-01	1.086252e-01	4.428554e-01
5.966969e-01	8.651375e-02	4.057836e-01
5.485857e-01	3.829779e-02	4.510702e-01
5.845648e-01	3.195390e-02	3.929020e-01
5.567671e-01	6.892312e-01	-2.375654e-01
5.507005e-01	7.100288e-01	-2.199813e-01
5.456578e-01	7.104058e-01	-2.200522e-01
5.408668e-01	7.103118e-01	-2.201671e-01
5.638177e-01	7.083403e-01	-2.183479e-01
5.680408e-01	7.075271e-01	-2.184816e-01
5.729659e-01	7.063416e-01	-2.184832e-01
5.344054e-01	6.977558e-01	-1.104962e-01
5.780961e-01	6.940833e-01	-1.045435e-01
5.470874e-01	6.666999e-01	-1.967340e-01
5.637552e-01	6.645948e-01	-1.949277e-01
5.003155e-01	5.765516e-01	-6.095412e-02
6.108793e-01	5.798254e-01	-4.038883e-02
4.974743e-01	4.239673e-01	7.607081e-03
6.267117e-01	4.235269e-01	3.760450e-02
4.986854e-01	3.093531e-01	-2.653239e-02
6.301624e-01	3.005878e-01	-2.792393e-02
4.989571e-01	2.658982e-01	-4.763383e-02
6.256502e-01	2.634721e-01	-5.548466e-02
5.028588e-01	2.651511e-01	-8.103659e-02
6.236919e-01	2.667107e-01	-8.222679e-02
5.080988e-01	2.809425e-01	-3.933628e-02
6.214423e-01	2.839483e-01	-4.124131e-02
5.293818e-01	2.545670e-01	-1.293711e-03
6.027161e-01	2.645295e-01	1.401666e-03
5.215207e-01	4.334518e-02	-6.779151e-02
6.068340e-01	4.000330e-02	-6.313216e-02
5.389200e-01	1.000162e-01	3.983385e-01
5.937559e-01	7.688832e-02	3.346917e-01
5.440556e-01	1.045573e-01	4.497882e-01
5.952784e-01	9.526827e-02	3.798280e-01
5.499269e-01	4.093883e-02	4.565206e-01
5.846055e-01	3.801467e-02	3.703038e-01
5.552987e-01	6.891778e-01	-2.193429e-01
5.496610e-01	7.099844e-01	-2.025666e-01
5.445912e-01	7.103139e-01	-2.026373e-01
5.401262e-01	7.102214e-01	-2.027619e-01
5.627365e-01	7.083641e-01	-2.004994e-01
5.669502e-01	7.075562e-01	-2.006501e-01
5.719324e-01	7.063700e-01	-2.006439e-01
5.340058e-01	6.978062e-01	-1.001185e-01
5.775565e-01	6.940944e-01	-9.232850e-02
5.456069e-01	6.664965e-01	-1.812113e-01
5.624965e-01	6.646616e-01	-1.788730e-01
5.000507e-01	5.738928e-01	-5.902915e-02
6.112768e-01	5.776104e-01	-3.119739e-02
4.970355e-01	4.150016e-01	1.212680e-03
6.258156e-01	4.192524e-01	4.536329e-02
4.975514e-01	2.946933e-01	-4.215666e-02
6.285240e-01	2.868171e-01	-1.699222e-02
4.976407e-01	2.454890e-01	-6.604940e-02
6.250173e-01	2.442891e-01	-4.537355e-02
5.011671e-01	2.451524e-01	-1.020960e-01
6.238349e-01	2.458266e-01	-7.771726e-02
5.064663e-01	2.633016e-01	-5.584093e-02
6.203700e-01	2.642288e-01	-3.235659e-02
5.301688e-01	2.548685e-01	-1.552869e-03
6.027092e-01	2.645460e-01	1.698915e-03
5.219464e-01	4.351910e-02	-5.720794e-02
6.067274e-01	4.026863e-02	-6.173850e-02
5.405405e-01	7.070504e-02	3.882970e-01
5.955837e-01	1.419869e-02	3.350336e-01
5.469338e-01	8.280648e-02	4.351935e-01
5.957410e-01	2.941629e-02	3.782979e-01
5.499365e-01	1.291543e-02	4.262419e-01
5.858679e-01	2.974244e-02	3.540448e-01
5.553142e-01	6.895582e-01	-2.017837e-01
5.493535e-01	7.099825e-01	-1.843608e-01
5.442144e-01	7.102485e-01	-1.844148e-01
5.397230e-01	7.101770e-01	-1.845034e-01
5.625255e-01	7.083757e-01	-1.819675e-01
5.667961e-01	7.076009e-01	-1.821087e-01
5.718202e-01	7.065410e-01	-1.820806e-01
5.338153e-01	6.978986e-01	-8.221222e-02
5.775027e-01	6.947317e-01	-7.351885e-02
5.456750e-01	6.664993e-01	-1.640628e-01
5.625831e-01	6.649877e-01	-1.613134e-01
4.999335e-01	5.715482e-01	-5.162239e-02
6.113507e-01	5.773264e-01	-1.859320e-02
4.971020e-01	4.104745e-01	-6.007046e-03
6.247082e-01	4.218692e-01	4.715736e-02
4.955260e-01	2.755795e-01	-6.903878e-02
6.300452e-01	2.819466e-01	-2.900498e-02
4.918270e-01	2.239268e-01	-9.690397e-02
6.280740e-01	2.380717e-01	-5.866437e-02
4.980113e-01	2.207505e-01	-1.352218e-01
6.257195e-01	2.372809e-01	-9.398592e-02
5.054833e-01	2.380030e-01	-8.448254e-02
6.223405e-01	2.535713e-01	-4.586446e-02
5.310960e-01	2.550340e-01	-1.842640e-03
6.026970e-01	2.639433e-01	2.010819e-03
5.224172e-01	4.392908e-02	-7.516748e-02
6.065423e-01	3.928515e-02	-7.106344e-02
5.434681e-01	7.107757e-02	3.747380e-01
5.955718e-01	2.373397e-02	3.330499e-01
5.496596e-01	7.893057e-02	4.240672e-01
6.024941e-01	2.885533e-02	3.782362e-01
5.530595e-01	1.378223e-02	4.254065e-01
5.878595e-01	2.654166e-02	3.645730e-01
5.549346e-01	6.906823e-01	-2.201598e-01
5.486742e-01	7.100495e-01	-2.015759e-01
5.433348e-01	7.102479e-01	-2.016134e-01
5.391055e-01	7.101465e-01	-2.016968e-01
5.619416e-01	7.089936e-01	-2.007623e-01
5.661316e-01	7.083896e-01	-2.008819e-01
5.713457e-01	7.076272e-01	-2.008405e-01
5.332869e-01	6.979111e-01	-9.700523e-02
5.772922e-01	6.963333e-01	-9.486666e-02
5.455514e-01	6.665901e-01	-1.820424e-01
5.626175e-01	6.660762e-01	-1.814445e-01
4.999284e-01	5.705509e-01	-6.595293e-02
6.116095e-01	5.765072e-01	-4.354685e-02
4.968990e-01	4.039129e-01	-3.336557e-02
6.250762e-01	4.131337e-01	2.221157e-02
4.912654e-01	2.611266e-01	-1.139650e-01
6.303426e-01	2.640562e-01	-7.175215e-02
4.858201e-01	2.094985e-01	-1.447237e-01
6.295111e-01	2.189594e-01	-1.038259e-01
4.962147e-01	2.065069e-01	-1.820952e-01
6.268730e-01	2.165346e-01	-1.338217e-01
5.044869e-01	2.234274e-01	-1.296123e-01
6.224478e-01	2.335544e-01	-8.789236e-02
5.311276e-01	2.534725e-01	-1.679722e-03
6.024393e-01	2.602405e-01	1.830051e-03
5.223844e-01	4.351987e-02	-7.764767e-02
6.062106e-01	3.752452e-02	-7.102881e-02
5.432447e-01	8.212050e-02	3.766063e-01
5.940008e-01	6.408112e-02	3.411316e-01
5.491017e-01	8.528094e-02	4.260340e-01
5.936696e-01	7.519628e-02	3.875749e-01
5.526651e-01	2.396609e-02	4.423876e-01
5.878670e-01	2.983806e-02	3.838959e-01
5.542762e-01	6.919848e-01	-2.245609e-01
5.477173e-01	7.110325e-01	-2.056487e-01
5.422517e-01	7.108492e-01	-2.056879e-01
5.383052e-01	7.104758e-01	-2.057627e-01
5.612853e-01	7.106364e-01	-2.047200e-01
5.654780e-01	7.102037e-01	-2.048548e-01
5.708564e-01	7.095433e-01	-2.048154e-01
5.322701e-01	6.980872e-01	-9.965461e-02
5.771223e-01	6.979825e-01	-9.704010e-02
5.449784e-01	6.669881e-01	-1.859953e-01
5.625539e-01	6.671905e-01	-1.852382e-01
4.992270e-01	5.699823e-01	-6.648169e-02
6.116323e-01	5.762826e-01	-4.547906e-02
4.961256e-01	4.024405e-01	-3.144595e-02
6.250804e-01	4.116996e-01	1.469055e-02
4.888293e-01	2.563362e-01	-1.112503e-01
6.311594e-01	2.595172e-01	-7.271375e-02
4.830157e-01	2.062781e-01	-1.418827e-01
6.297947e-01	2.153624e-01	-1.049593e-01
4.943995e-01	2.034021e-01	-1.806188e-01
6.277466e-01	2.126036e-01	-1.400844e-01
5.027257e-01	2.201028e-01	-1.273162e-01
6.237420e-01	2.295007e-01	-8.968168e-02
5.310598e-01	2.528922e-01	-1.823702e-03
6.020713e-01	2.593637e-01	1.972216e-03
5.223902e-01	4.368268e-02	-7.527635e-02
6.060868e-01	3.718489e-02	-6.867231e-02
5.431425e-01	8.138392e-02	3.791089e-01
5.931643e-01	6.674200e-02	3.422998e-01
5.489634e-01	8.830429e-02	4.291967e-01
5.904155e-01	8.774301e-02	3.888541e-01
5.523051e-01	2.351704e-02	4.457096e-01
5.878762e-01	3.168143e-02	3.955985e-01
5.538920e-01	6.922441e-01	-2.159694e-01
5.472920e-01	7.112921e-01	-1.973395e-01
5.417570e-01	7.110074e-01	-1.973740e-01
5.379142e-01	7.105469e-01	-1.974243e-01
5.609655e-01	7.110566e-01	-1.956031e-01
5.651308e-01	7.106676e-01	-1.957584e-01
5.705847e-01	7.100079e-01	-1.957262e-01
5.317818e-01	6.982301e-01	-9.137925e-02
5.770061e-01	6.986167e-01	-8.494550e-02
5.445596e-01	6.670309e-01	-1.772773e-01
5.624428e-01	6.673768e-01	-1.753544e-01
4.986564e-01	5.704974e-01	-5.948659e-02
6.116762e-01	5.764812e-01	-3.404642e-02
4.950341e-01	4.028303e-01	-1.596112e-02
6.251807e-01	4.131057e-01	2.790032e-02
4.872235e-01	2.560788e-01	-1.013070e-01
6.312891e-01	2.652111e-01	-5.907751e-02
4.811998e-01	2.063421e-01	-1.326467e-01
6.302609e-01	2.186429e-01	-9.195946e-02
4.923247e-01	2.040307e-01	-1.725919e-01
6.284401e-01	2.154455e-01	-1.293659e-01
5.002018e-01	2.207908e-01	-1.178093e-01
6.237888e-01	2.325933e-01	-7.617128e-02
5.310079e-01	2.526961e-01	-1.877639e-03
6.019727e-01	2.591888e-01	2.008489e-03
5.222512e-01	4.375351e-02	-7.534997e-02
6.061136e-01	3.669097e-02	-6.803195e-02
5.429752e-01	6.851359e-02	3.751116e-01
5.961580e-01	9.104951e-03	3.451153e-01
5.448693e-01	1.415985e-02	4.246417e-01
5.947908e-01	2.195856e-02	3.917743e-01
5.520440e-01	1.332324e-02	4.359297e-01
5.884985e-01	1.853764e-02	3.916449e-01
