5.232208e-01	6.922262e-01	-2.417655e-01
5.190297e-01	7.088945e-01	-2.276104e-01
5.156960e-01	7.091516e-01	-2.276346e-01
5.118968e-01	7.089152e-01	-2.276153e-01
5.288491e-01	7.090135e-01	-2.283249e-01
5.323759e-01	7.089849e-01	-2.283702e-01
5.360731e-01	7.085973e-01	-2.282945e-01
5.083801e-01	7.042126e-01	-1.335390e-01
5.406550e-01	7.023513e-01	-1.353217e-01
5.163409e-01	6.753674e-01	-2.055205e-01
5.288433e-01	6.765361e-01	-2.057917e-01
4.804326e-01	6.155921e-01	-6.576115e-02
5.652170e-01	6.085014e-01	-8.378825e-02
4.748870e-01	4.983312e-01	-3.249728e-02
5.729252e-01	4.899525e-01	-6.025850e-02
4.675260e-01	3.953475e-01	-1.108523e-01
5.740867e-01	3.854084e-01	-1.387608e-01
4.641426e-01	3.614141e-01	-1.385413e-01
5.779093e-01	3.498858e-01	-1.682845e-01
4.674915e-01	3.615999e-01	-1.690831e-01
5.720407e-01	3.498762e-01	-1.955499e-01
4.712691e-01	3.750687e-01	-1.250220e-01
5.680568e-01	3.606925e-01	-1.518900e-01
4.982430e-01	3.815722e-01	1.125963e-02
5.444244e-01	3.785848e-01	-1.125253e-02
4.894432e-01	2.317276e-01	4.955656e-02
5.476889e-01	2.297942e-01	1.181975e-02
4.915791e-01	9.113601e-02	1.837888e-01
5.487580e-01	8.318254e-02	1.317754e-01
5.014979e-01	6.766292e-02	1.930008e-01
5.453536e-01	6.532305e-02	1.387674e-01
4.688684e-01	5.268380e-02	1.122281e-01
5.515083e-01	3.979522e-02	4.480801e-02
5.232158e-01	6.922890e-01	-2.342400e-01
5.190236e-01	7.087924e-01	-2.195180e-01
5.156425e-01	7.090722e-01	-2.195348e-01
5.118783e-01	7.089102e-01	-2.195023e-01
5.288498e-01	7.086844e-01	-2.210198e-01
5.323857e-01	7.085993e-01	-2.210777e-01
5.360849e-01	7.082844e-01	-2.210191e-01
5.083656e-01	7.042000e-01	-1.257213e-01
5.408897e-01	7.022486e-01	-1.326474e-01
5.163471e-01	6.754357e-01	-1.984575e-01
5.288914e-01	6.764483e-01	-2.002438e-01
4.810212e-01	6.154798e-01	-6.202103e-02
5.654603e-01	6.083742e-01	-8.247781e-02
4.754358e-01	4.973702e-01	-2.949381e-02
5.729931e-01	4.891760e-01	-6.025698e-02
4.675457e-01	3.949594e-01	-9.593428e-02
5.740446e-01	3.810830e-01	-1.332389e-01
4.634533e-01	3.604292e-01	-1.194348e-01
5.774147e-01	3.463955e-01	-1.593301e-01
4.665660e-01	3.613790e-01	-1.502296e-01
5.714699e-01	3.473146e-01	-1.883573e-01
4.709335e-01	3.743783e-01	-1.100608e-01
5.675331e-01	3.587900e-01	-1.467887e-01
4.983580e-01	3.841949e-01	1.213386e-02
5.452400e-01	3.820001e-01	-1.207847e-02
4.895131e-01	2.315889e-01	2.422288e-02
5.477036e-01	2.297885e-01	-4.231997e-03
4.916202e-01	8.989335e-02	1.260615e-01
5.505359e-01	8.197708e-02	9.530117e-02
5.014804e-01	6.679511e-02	1.309966e-01
5.458377e-01	6.298131e-02	9.907221e-02
4.688576e-01	5.256274e-02	4.890838e-02
5.578252e-01	3.906037e-02	1.419778e-03
5.232483e-01	6.922912e-01	-2.352587e-01
5.190424e-01	7.086086e-01	-2.213133e-01
5.156524e-01	7.088983e-01	-2.213185e-01
5.118883e-01	7.088522e-01	-2.212683e-01
5.288861e-01	7.082978e-01	-2.223587e-01
5.324668e-01	7.081760e-01	-2.224139e-01
5.361444e-01	7.079236e-01	-2.223665e-01
5.083753e-01	7.041681e-01	-1.293063e-01
5.411175e-01	7.021168e-01	-1.353266e-01
5.163909e-01	6.754363e-01	-2.001708e-01
5.289724e-01	6.762764e-01	-2.018095e-01
4.813494e-01	6.152014e-01	-7.210346e-02
5.656311e-01	6.081928e-01	-8.088054e-02
4.759727e-01	4.960381e-01	-4.008777e-02
5.729970e-01	4.886591e-01	-5.736018e-02
4.674354e-01	3.928683e-01	-9.931310e-02
5.741547e-01	3.794031e-01	-1.254134e-01
4.623930e-01	3.575182e-01	-1.232065e-01
5.774340e-01	3.446311e-01	-1.492416e-01
4.650432e-01	3.587791e-01	-1.545232e-01
5.716708e-01	3.458638e-01	-1.790102e-01
4.700229e-01	3.707467e-01	-1.134742e-01
5.677594e-01	3.578545e-01	-1.394078e-01
4.983858e-01	3.855731e-01	7.882923e-03
5.456837e-01	3.836121e-01	-7.784361e-03
4.895203e-01	2.318272e-01	1.313718e-02
5.476871e-01	2.298784e-01	-2.296217e-03
4.916303e-01	8.948676e-02	1.171980e-01
5.508691e-01	8.105600e-02	1.004260e-01
5.014144e-01	6.658001e-02	1.221449e-01
5.454326e-01	6.081447e-02	1.040989e-01
4.687992e-01	5.259668e-02	3.805531e-02
5.661700e-01	3.835950e-02	6.162713e-03
5.232414e-01	6.922753e-01	-2.521351e-01
5.190423e-01	7.083704e-01	-2.384692e-01
5.156434e-01	7.086725e-01	-2.384805e-01
5.118873e-01	7.087441e-01	-2.384424e-01
5.288869e-01	7.079095e-01	-2.394573e-01
5.324720e-01	7.077764e-01	-2.395017e-01
5.361524e-01	7.075996e-01	-2.394453e-01
5.083753e-01	7.040915e-01	-1.440096e-01
5.412290e-01	7.019733e-01	-1.500197e-01
5.163943e-01	6.754157e-01	-2.157559e-01
5.289797e-01	6.760390e-01	-2.172125e-01
4.816743e-01	6.151398e-01	-8.245389e-02
5.657441e-01	6.076526e-01	-8.761543e-02
4.761296e-01	4.950778e-01	-4.628501e-02
5.729960e-01	4.882313e-01	-6.123059e-02
4.661596e-01	3.915744e-01	-1.006737e-01
5.748581e-01	3.769716e-01	-1.277723e-01
4.601727e-01	3.561867e-01	-1.257566e-01
5.781283e-01	3.422490e-01	-1.527617e-01
4.618982e-01	3.574210e-01	-1.560946e-01
5.733179e-01	3.428151e-01	-1.823624e-01
4.673517e-01	3.684803e-01	-1.159124e-01
5.696439e-01	3.555738e-01	-1.412776e-01
4.984415e-01	3.873160e-01	7.363042e-03
5.458634e-01	3.845333e-01	-7.266288e-03
4.898641e-01	2.320197e-01	1.504277e-02
5.476773e-01	2.299700e-01	-8.359377e-04
4.916150e-01	8.927025e-02	1.198914e-01
5.514005e-01	8.085861e-02	1.047629e-01
5.012230e-01	6.652012e-02	1.248752e-01
5.454296e-01	6.022123e-02	1.087456e-01
4.684818e-01	5.275261e-02	4.060896e-02
5.673795e-01	3.824728e-02	1.099223e-02
5.232602e-01	6.923963e-01	-2.505009e-01
5.190605e-01	7.083442e-01	-2.362269e-01
5.156495e-01	7.086545e-01	-2.362420e-01
5.118960e-01	7.087425e-01	-2.362090e-01
5.289043e-01	7.078205e-01	-2.372117e-01
5.324953e-01	7.076740e-01	-2.372613e-01
5.361640e-01	7.075057e-01	-2.371940e-01
5.084077e-01	7.040634e-01	-1.418211e-01
5.412849e-01	7.019032e-01	-1.467070e-01
5.164407e-01	6.755418e-01	-2.137986e-01
5.290152e-01	6.760271e-01	-2.149762e-01
4.821703e-01	6.154412e-01	-8.067223e-02
5.658437e-01	6.071882e-01	-8.529711e-02
4.762456e-01	4.957723e-01	-4.559209e-02
5.731443e-01	4.879555e-01	-5.772873e-02
4.636237e-01	3.925947e-01	-1.014919e-01
5.769972e-01	3.764663e-01	-1.222135e-01
4.569805e-01	3.573323e-01	-1.238094e-01
5.814867e-01	3.417261e-01	-1.446227e-01
4.581736e-01	3.581516e-01	-1.558581e-01
5.770100e-01	3.419749e-01	-1.752493e-01
4.637387e-01	3.685956e-01	-1.165314e-01
5.735029e-01	3.545618e-01	-1.364654e-01
4.985223e-01	3.893318e-01	5.288514e-03
5.465299e-01	3.862618e-01	-5.187703e-03
4.902748e-01	2.330038e-01	3.465700e-03
5.476807e-01	2.304601e-01	-1.757852e-03
4.914704e-01	8.927654e-02	1.036199e-01
5.514888e-01	8.086286e-02	1.008526e-01
5.009698e-01	6.650325e-02	1.081044e-01
5.450876e-01	6.005863e-02	1.042344e-01
4.685152e-01	5.328828e-02	2.269691e-02
5.679612e-01	3.823373e-02	5.605185e-03
5.234492e-01	6.928035e-01	-2.491964e-01
5.191360e-01	7.083651e-01	-2.352917e-01
5.157308e-01	7.086765e-01	-2.353096e-01
5.119544e-01	7.087768e-01	-2.352808e-01
5.289835e-01	7.078260e-01	-2.362362e-01
5.326267e-01	7.076776e-01	-2.362794e-01
5.362423e-01	7.075062e-01	-2.362175e-01
5.084364e-01	7.040602e-01	-1.415433e-01
5.414103e-01	7.018939e-01	-1.462703e-01
5.166448e-01	6.759440e-01	-2.128039e-01
5.291989e-01	6.760889e-01	-2.138768e-01
4.824394e-01	6.162595e-01	-7.966632e-02
5.659217e-01	6.071498e-01	-8.440668e-02
4.762899e-01	4.981717e-01	-4.382802e-02
5.733501e-01	4.879595e-01	-5.420038e-02
4.611716e-01	3.958532e-01	-1.002391e-01
5.800344e-01	3.766688e-01	-1.186614e-01
4.541633e-01	3.620839e-01	-1.207540e-01
5.852808e-01	3.420160e-01	-1.404175e-01
4.545528e-01	3.630182e-01	-1.539822e-01
5.817956e-01	3.422128e-01	-1.723347e-01
4.600697e-01	3.732293e-01	-1.153821e-01
5.781589e-01	3.546736e-01	-1.335622e-01
4.985400e-01	3.920430e-01	4.751845e-03
5.468469e-01	3.885812e-01	-4.656448e-03
4.903451e-01	2.339240e-01	1.101447e-03
5.478345e-01	2.308835e-01	-2.809027e-03
4.914700e-01	8.959892e-02	1.014151e-01
5.519000e-01	8.128407e-02	1.003228e-01
5.008527e-01	6.689327e-02	1.056845e-01
5.451044e-01	6.031818e-02	1.036801e-01
4.707982e-01	5.328868e-02	1.710058e-02
5.678694e-01	3.828891e-02	2.901879e-03
5.236938e-01	6.935149e-01	-2.361340e-01
5.192541e-01	7.086430e-01	-2.224735e-01
5.158727e-01	7.089781e-01	-2.224951e-01
5.120608e-01	7.090812e-01	-2.224693e-01
5.291154e-01	7.080117e-01	-2.227806e-01
5.328473e-01	7.078329e-01	-2.228053e-01
5.363746e-01	7.076072e-01	-2.227370e-01
5.084585e-01	7.040961e-01	-1.310560e-01
5.415339e-01	7.019000e-01	-1.330971e-01
5.168609e-01	6.765781e-01	-2.010210e-01
5.294018e-01	6.763217e-01	-2.013012e-01
4.826942e-01	6.167490e-01	-7.728539e-02
5.659230e-01	6.071699e-01	-6.843617e-02
4.760815e-01	5.003561e-01	-4.292900e-02
5.741187e-01	4.886602e-01	-4.064065e-02
4.575216e-01	4.029331e-01	-1.010313e-01
5.852721e-01	3.810934e-01	-1.097085e-01
4.500585e-01	3.720682e-01	-1.222972e-01
5.912743e-01	3.469768e-01	-1.313326e-01
4.503515e-01	3.726493e-01	-1.553527e-01
5.883409e-01	3.453732e-01	-1.641515e-01
4.553058e-01	3.816114e-01	-1.159600e-01
5.844542e-01	3.573551e-01	-1.252603e-01
4.988385e-01	3.924505e-01	3.888742e-03
5.474743e-01	3.889275e-01	-3.795056e-03
4.903030e-01	2.339418e-01	-5.808617e-03
5.480730e-01	2.309195e-01	-3.474805e-03
4.914753e-01	8.929292e-02	8.985864e-02
5.522574e-01	8.174822e-02	1.007261e-01
5.008074e-01	6.680141e-02	9.365284e-02
5.451083e-01	6.070643e-02	1.041529e-01
4.699759e-01	5.362916e-02	6.365086e-03
5.714880e-01	3.838444e-02	5.646307e-03
5.237647e-01	6.939140e-01	-2.017731e-01
5.192981e-01	7.088082e-01	-1.871888e-01
5.159060e-01	7.091743e-01	-1.872166e-01
5.120931e-01	7.092937e-01	-1.871905e-01
5.291797e-01	7.081176e-01	-1.878218e-01
5.329579e-01	7.079238e-01	-1.878330e-01
5.364485e-01	7.076678e-01	-1.877434e-01
5.084656e-01	7.041618e-01	-9.736352e-02
5.415785e-01	7.019002e-01	-1.005594e-01
5.169235e-01	6.769191e-01	-1.678821e-01
5.294665e-01	6.764417e-01	-1.685219e-01
4.830666e-01	6.169825e-01	-5.115030e-02
5.658937e-01	6.073501e-01	-4.190716e-02
4.756618e-01	5.036618e-01	-2.870869e-02
5.751177e-01	4.904259e-01	-1.951053e-02
4.529912e-01	4.127760e-01	-9.314875e-02
5.912198e-01	3.875061e-01	-9.313615e-02
4.443308e-01	3.827697e-01	-1.143470e-01
5.981469e-01	3.534944e-01	-1.151026e-01
4.438960e-01	3.838402e-01	-1.472512e-01
5.957857e-01	3.511542e-01	-1.482581e-01
4.489013e-01	3.921104e-01	-1.082824e-01
5.919648e-01	3.626440e-01	-1.091414e-01
5.001508e-01	3.925912e-01	3.569287e-03
5.483857e-01	3.896991e-01	-3.474566e-03
4.902349e-01	2.342657e-01	-1.072998e-02
5.484399e-01	2.308868e-01	-8.854075e-03
4.914742e-01	8.910312e-02	7.868601e-02
5.522197e-01	8.176434e-02	8.931748e-02
5.007867e-01	6.670327e-02	8.180684e-02
5.446585e-01	6.088020e-02	9.210567e-02
4.693107e-01	5.345644e-02	-6.098215e-03
5.702716e-01	3.850123e-02	-5.807420e-03
5.238200e-01	6.941417e-01	-1.960194e-01
5.193352e-01	7.089394e-01	-1.807059e-01
5.159326e-01	7.093380e-01	-1.807369e-01
5.121278e-01	7.094797e-01	-1.807093e-01
5.292265e-01	7.082223e-01	-1.812883e-01
5.330227e-01	7.080320e-01	-1.812970e-01
5.364912e-01	7.077581e-01	-1.811997e-01
5.084953e-01	7.042627e-01	-8.911140e-02
5.415941e-01	7.019301e-01	-9.191938e-02
5.169979e-01	6.771638e-01	-1.617408e-01
5.295400e-01	6.765484e-01	-1.623258e-01
4.833283e-01	6.169786e-01	-4.153213e-02
5.658010e-01	6.078792e-01	-3.486092e-02
4.743625e-01	5.075579e-01	-2.160834e-02
5.762305e-01	4.923284e-01	-1.584748e-02
4.486004e-01	4.208586e-01	-9.333247e-02
5.963925e-01	3.925117e-01	-9.539787e-02
4.389382e-01	3.907841e-01	-1.155925e-01
6.032135e-01	3.594021e-01	-1.184162e-01
4.376675e-01	3.924280e-01	-1.482560e-01
6.017047e-01	3.572516e-01	-1.516087e-01
4.428959e-01	4.012288e-01	-1.084856e-01
5.980356e-01	3.678951e-01	-1.115052e-01
5.007411e-01	3.937204e-01	3.891397e-03
5.483944e-01	3.920620e-01	-3.801712e-03
4.902300e-01	2.353958e-01	-8.108011e-03
5.485185e-01	2.309952e-01	-1.623109e-02
4.914473e-01	8.922737e-02	7.945408e-02
5.521653e-01	8.201624e-02	7.455046e-02
5.004010e-01	6.702498e-02	8.230500e-02
5.443930e-01	6.141836e-02	7.675210e-02
4.692689e-01	5.396491e-02	-6.886429e-03
5.679599e-01	3.942495e-02	-2.236798e-02
5.238174e-01	6.941507e-01	-1.820541e-01
5.193371e-01	7.089444e-01	-1.658937e-01
5.159299e-01	7.093542e-01	-1.659350e-01
5.121333e-01	7.095231e-01	-1.659142e-01
5.292262e-01	7.082260e-01	-1.675356e-01
5.330126e-01	7.080405e-01	-1.675484e-01
5.364903e-01	7.077740e-01	-1.674472e-01
5.085254e-01	7.044901e-01	-7.345038e-02
5.415951e-01	7.019656e-01	-8.085935e-02
5.170230e-01	6.772346e-01	-1.476570e-01
5.295502e-01	6.765692e-01	-1.495758e-01
4.837739e-01	6.177426e-01	-2.470075e-02
5.656314e-01	6.094887e-01	-2.889093e-02
4.721422e-01	5.171286e-01	-2.898031e-03
5.780563e-01	4.956294e-01	-1.091852e-02
4.442555e-01	4.344902e-01	-7.947445e-02
6.004078e-01	4.013501e-01	-9.157677e-02
4.326423e-01	4.029728e-01	-1.020755e-01
6.080261e-01	3.717145e-01	-1.149651e-01
4.311054e-01	4.029790e-01	-1.341695e-01
6.078473e-01	3.696227e-01	-1.484184e-01
4.372222e-01	4.128822e-01	-9.456516e-02
6.040931e-01	3.791527e-01	-1.078519e-01
5.009447e-01	3.948264e-01	6.864173e-03
5.483606e-01	3.941425e-01	-6.772922e-03
4.902235e-01	2.362740e-01	-1.918337e-03
5.485299e-01	2.315815e-01	-1.917299e-02
4.915594e-01	9.034904e-02	9.088515e-02
5.521373e-01	8.244570e-02	6.716168e-02
5.004233e-01	6.848197e-02	9.424358e-02
5.444229e-01	6.235275e-02	6.936407e-02
4.693588e-01	5.576947e-02	7.594256e-03
5.673150e-01	3.953243e-02	-2.900469e-02
5.238413e-01	6.938586e-01	-1.569441e-01
5.193797e-01	7.088522e-01	-1.400533e-01
5.159935e-01	7.093146e-01	-1.401065e-01
5.122153e-01	7.095250e-01	-1.400940e-01
5.292500e-01	7.080384e-01	-1.417119e-01
5.330293e-01	7.078803e-01	-1.417231e-01
5.365015e-01	7.076739e-01	-1.416062e-01
5.086719e-01	7.050016e-01	-4.828336e-02
5.415962e-01	7.019892e-01	-5.552735e-02
5.171058e-01	6.772087e-01	-1.231214e-01
5.295738e-01	6.764777e-01	-1.250547e-01
4.838844e-01	6.195367e-01	-2.017799e-03
5.653480e-01	6.119181e-01	-1.101569e-02
4.691333e-01	5.224305e-01	1.598409e-02
5.795372e-01	5.009277e-01	-5.554692e-04
4.381200e-01	4.435757e-01	-6.859552e-02
6.060101e-01	4.114269e-01	-9.139898e-02
4.250657e-01	4.147635e-01	-9.274441e-02
6.156398e-01	3.830231e-01	-1.176393e-01
4.227112e-01	4.162724e-01	-1.259532e-01
6.155860e-01	3.823900e-01	-1.507169e-01
4.288365e-01	4.249371e-01	-8.429730e-02
6.114773e-01	3.902211e-01	-1.081183e-01
5.009151e-01	3.959964e-01	1.137245e-02
5.481356e-01	3.949664e-01	-1.126050e-02
4.902202e-01	2.371200e-01	1.089117e-03
5.484188e-01	2.318080e-01	-2.674728e-02
4.915582e-01	9.035374e-02	8.952650e-02
5.516981e-01	8.239824e-02	5.062345e-02
5.000708e-01	6.846644e-02	9.245123e-02
5.445840e-01	6.235288e-02	5.190877e-02
4.691273e-01	5.575499e-02	7.121122e-03
5.600194e-01	3.928594e-02	-4.740377e-02
5.238740e-01	6.931958e-01	-1.542415e-01
5.194129e-01	7.086366e-01	-1.379017e-01
5.160447e-01	7.091798e-01	-1.379566e-01
5.122803e-01	7.095069e-01	-1.379413e-01
5.292832e-01	7.076691e-01	-1.390540e-01
5.330620e-01	7.075429e-01	-1.390545e-01
5.365285e-01	7.074299e-01	-1.389340e-01
5.087516e-01	7.053809e-01	-4.561085e-02
5.416095e-01	7.019912e-01	-5.061657e-02
5.171896e-01	6.770602e-01	-1.199864e-01
5.296037e-01	6.762170e-01	-1.211860e-01
4.840026e-01	6.218442e-01	2.354843e-03
5.647545e-01	6.140279e-01	-2.453560e-03
4.679953e-01	5.272263e-01	2.247290e-02
5.811028e-01	5.072877e-01	1.005570e-02
4.341343e-01	4.570909e-01	-5.985015e-02
6.113578e-01	4.227501e-01	-8.177559e-02
4.207686e-01	4.328766e-01	-8.354744e-02
6.223482e-01	3.960669e-01	-1.078460e-01
4.183413e-01	4.355471e-01	-1.178286e-01
6.226554e-01	3.968502e-01	-1.417762e-01
4.235245e-01	4.430466e-01	-7.621337e-02
6.176953e-01	4.038291e-01	-9.923484e-02
5.007070e-01	3.966730e-01	1.128794e-02
5.471465e-01	3.950413e-01	-1.117201e-02
4.902422e-01	2.376926e-01	8.381697e-04
5.484163e-01	2.323786e-01	-2.591730e-02
4.915873e-01	9.034777e-02	8.779551e-02
5.514660e-01	8.287510e-02	5.807927e-02
5.000826e-01	6.840985e-02	9.080327e-02
5.439731e-01	6.303244e-02	5.982577e-02
4.669754e-01	5.629299e-02	5.480964e-03
5.607520e-01	3.945082e-02	-3.885231e-02
5.239466e-01	6.928784e-01	-1.617696e-01
5.194384e-01	7.085664e-01	-1.448011e-01
5.160682e-01	7.091354e-01	-1.448655e-01
5.123127e-01	7.095045e-01	-1.448525e-01
5.293350e-01	7.075767e-01	-1.463049e-01
5.331370e-01	7.074775e-01	-1.463055e-01
5.365868e-01	7.073945e-01	-1.461943e-01
5.087575e-01	7.056239e-01	-4.891498e-02
5.416436e-01	7.020217e-01	-5.526986e-02
5.172840e-01	6.769578e-01	-1.262091e-01
5.296924e-01	6.761137e-01	-1.278374e-01
4.842811e-01	6.243443e-01	2.624034e-03
5.639936e-01	6.155653e-01	-4.341559e-03
4.653040e-01	5.353253e-01	2.214348e-02
5.842172e-01	5.133122e-01	4.914076e-03
4.260389e-01	4.719798e-01	-6.438826e-02
6.178538e-01	4.343661e-01	-8.889495e-02
4.134650e-01	4.516752e-01	-8.773185e-02
6.314231e-01	4.097981e-01	-1.146602e-01
4.110477e-01	4.533394e-01	-1.224008e-01
6.315517e-01	4.111054e-01	-1.483029e-01
4.162029e-01	4.589885e-01	-8.101847e-02
6.258758e-01	4.179887e-01	-1.061565e-01
5.004736e-01	3.978246e-01	1.196401e-02
5.463313e-01	3.959316e-01	-1.184854e-02
4.902471e-01	2.383636e-01	-1.227774e-03
5.483147e-01	2.332967e-01	-2.929035e-02
4.915774e-01	8.946700e-02	8.216430e-02
5.513772e-01	8.451635e-02	5.595094e-02
4.999655e-01	6.733040e-02	8.491023e-02
5.442205e-01	6.500404e-02	5.773794e-02
4.668248e-01	5.626364e-02	-1.500822e-03
5.602513e-01	4.010988e-02	-4.152901e-02
5.239614e-01	6.923455e-01	-1.465869e-01
5.194427e-01	7.083859e-01	-1.298437e-01
5.160700e-01	7.089943e-01	-1.299236e-01
5.123256e-01	7.094610e-01	-1.299237e-01
5.293602e-01	7.073435e-01	-1.307546e-01
5.331789e-01	7.072753e-01	-1.307460e-01
5.366325e-01	7.072513e-01	-1.306365e-01
5.087601e-01	7.057370e-01	-3.509165e-02
5.416666e-01	7.020225e-01	-3.837711e-02
5.173078e-01	6.767445e-01	-1.114019e-01
5.297093e-01	6.759055e-01	-1.121864e-01
4.845410e-01	6.266320e-01	1.298367e-02
5.631304e-01	6.176897e-01	1.572134e-02
4.628013e-01	5.412770e-01	2.768983e-02
5.867772e-01	5.214639e-01	2.662640e-02
4.191318e-01	4.869362e-01	-6.489708e-02
6.242632e-01	4.506164e-01	-7.404013e-02
4.066142e-01	4.686233e-01	-8.872397e-02
6.393160e-01	4.283769e-01	-1.011099e-01
4.046878e-01	4.741519e-01	-1.240597e-01
6.404952e-01	4.299567e-01	-1.367676e-01
4.101003e-01	4.792734e-01	-8.196829e-02
6.342837e-01	4.364927e-01	-9.300389e-02
5.004715e-01	3.989715e-01	1.184273e-02
5.462552e-01	3.971983e-01	-1.171157e-02
4.903797e-01	2.385901e-01	-5.151209e-03
5.482733e-01	2.339919e-01	-2.897472e-02
4.914702e-01	8.935853e-02	8.224346e-02
5.508793e-01	8.493595e-02	5.864088e-02
4.998223e-01	6.717313e-02	8.553442e-02
5.437875e-01	6.594041e-02	6.042806e-02
4.668552e-01	5.601264e-02	-2.533540e-03
5.585307e-01	4.033733e-02	-4.058795e-02
5.240025e-01	6.920913e-01	-1.252111e-01
5.194637e-01	7.082927e-01	-1.084085e-01
5.160922e-01	7.089204e-01	-1.084891e-01
5.123585e-01	7.094428e-01	-1.084816e-01
5.294057e-01	7.072160e-01	-1.093203e-01
5.332363e-01	7.071647e-01	-1.093007e-01
5.366786e-01	7.071693e-01	-1.091767e-01
5.087621e-01	7.058371e-01	-1.463401e-02
5.416688e-01	7.020197e-01	-1.804738e-02
5.173287e-01	6.766425e-01	-9.052419e-02
5.297293e-01	6.758053e-01	-9.132548e-02
4.846124e-01	6.278145e-01	3.058568e-02
5.624205e-01	6.195166e-01	3.356864e-02
4.615693e-01	5.461431e-01	3.760726e-02
5.885463e-01	5.305119e-01	4.351632e-02
4.140040e-01	5.053416e-01	-6.169837e-02
6.307989e-01	4.659271e-01	-5.452986e-02
3.996769e-01	4.881218e-01	-8.562067e-02
6.468735e-01	4.475197e-01	-8.105596e-02
3.966610e-01	4.983560e-01	-1.212696e-01
6.486586e-01	4.518312e-01	-1.162925e-01
4.035352e-01	5.029299e-01	-7.934456e-02
6.423920e-01	4.571666e-01	-7.349997e-02
5.004612e-01	3.993607e-01	1.165062e-02
5.458587e-01	3.978429e-01	-1.152780e-02
4.904047e-01	2.386713e-01	-6.614754e-03
5.481880e-01	2.350451e-01	-3.166476e-02
4.913691e-01	8.890582e-02	8.244741e-02
5.504323e-01	8.492358e-02	5.648293e-02
4.996857e-01	6.680898e-02	8.597811e-02
5.435754e-01	6.598702e-02	5.821828e-02
4.661145e-01	5.456397e-02	-1.911724e-03
5.581957e-01	4.050251e-02	-4.321637e-02
5.240475e-01	6.920933e-01	-1.199057e-01
5.194811e-01	7.082995e-01	-1.031912e-01
5.161085e-01	7.089309e-01	-1.032742e-01
5.123796e-01	7.094840e-01	-1.032718e-01
5.294364e-01	7.072173e-01	-1.043184e-01
5.332731e-01	7.071662e-01	-1.043014e-01
5.367021e-01	7.071714e-01	-1.041785e-01
5.087640e-01	7.060445e-01	-1.000265e-02
5.416709e-01	7.020395e-01	-1.454612e-02
5.173660e-01	6.766778e-01	-8.533391e-02
5.297837e-01	6.758249e-01	-8.647810e-02
4.847067e-01	6.285948e-01	3.919756e-02
5.620736e-01	6.204143e-01	3.306962e-02
4.609821e-01	5.508516e-01	5.418508e-02
5.901914e-01	5.359353e-01	3.883868e-02
4.108856e-01	5.225549e-01	-3.905363e-02
6.364301e-01	4.854068e-01	-6.298868e-02
3.951044e-01	5.082985e-01	-6.082951e-02
6.520951e-01	4.722120e-01	-9.045540e-02
3.915916e-01	5.188544e-01	-9.832895e-02
6.546275e-01	4.784110e-01	-1.249209e-01
3.991552e-01	5.219420e-01	-5.762899e-02
6.481463e-01	4.819298e-01	-8.195420e-02
5.003464e-01	3.993697e-01	1.342312e-02
5.452412e-01	3.978499e-01	-1.331427e-02
4.904081e-01	2.388136e-01	-4.978613e-03
5.480164e-01	2.357357e-01	-3.320163e-02
4.913485e-01	8.863947e-02	8.938178e-02
5.503625e-01	8.505689e-02	5.849177e-02
4.996111e-01	6.668857e-02	9.352432e-02
5.443485e-01	6.640566e-02	6.061042e-02
4.659167e-01	5.456168e-02	5.222860e-03
5.573837e-01	4.082574e-02	-4.134255e-02
5.241843e-01	6.921268e-01	-1.246793e-01
5.195676e-01	7.083420e-01	-1.086685e-01
5.162295e-01	7.089723e-01	-1.087434e-01
5.124873e-01	7.095485e-01	-1.087322e-01
5.295457e-01	7.072368e-01	-1.096378e-01
5.334008e-01	7.071816e-01	-1.096228e-01
5.367816e-01	7.071775e-01	-1.095126e-01
5.087997e-01	7.061558e-01	-1.655829e-02
5.416989e-01	7.020366e-01	-2.055203e-02
5.174928e-01	6.767123e-01	-9.038042e-02
5.299149e-01	6.758443e-01	-9.132659e-02
4.849069e-01	6.287463e-01	3.691169e-02
5.616086e-01	6.209149e-01	2.442569e-02
4.585687e-01	5.542685e-01	5.750157e-02
5.914828e-01	5.428735e-01	2.459246e-02
4.075567e-01	5.428317e-01	-2.553628e-02
6.409934e-01	5.082524e-01	-7.196866e-02
3.910935e-01	5.328218e-01	-4.370305e-02
6.573135e-01	4.954314e-01	-1.011933e-01
3.882489e-01	5.406356e-01	-8.142532e-02
6.602131e-01	5.021870e-01	-1.350288e-01
3.949512e-01	5.427617e-01	-4.412847e-02
6.530000e-01	5.052805e-01	-9.380348e-02
5.003716e-01	3.992471e-01	1.550694e-02
5.451087e-01	3.977317e-01	-1.540991e-02
4.904071e-01	2.393556e-01	-4.126261e-03
5.479161e-01	2.365800e-01	-3.258752e-02
4.913078e-01	8.841605e-02	8.944356e-02
5.502825e-01	8.523048e-02	6.103082e-02
4.993177e-01	6.652279e-02	9.367643e-02
5.448121e-01	6.657576e-02	6.276388e-02
4.656337e-01	5.495502e-02	6.543272e-03
5.570766e-01	4.144412e-02	-3.737014e-02
5.242682e-01	6.922767e-01	-1.206758e-01
5.196162e-01	7.084700e-01	-1.053188e-01
5.162848e-01	7.090931e-01	-1.053819e-01
5.125319e-01	7.096859e-01	-1.053616e-01
5.296143e-01	7.073296e-01	-1.056420e-01
5.334781e-01	7.072564e-01	-1.056352e-01
5.368265e-01	7.072220e-01	-1.055365e-01
5.088015e-01	7.062659e-01	-1.696979e-02
5.417024e-01	7.020344e-01	-1.815971e-02
5.175544e-01	6.767706e-01	-8.779544e-02
5.299767e-01	6.758856e-01	-8.790998e-02
4.849032e-01	6.291834e-01	3.539915e-02
5.610967e-01	6.209813e-01	2.501210e-02
4.566782e-01	5.596495e-01	5.370868e-02
5.948194e-01	5.509039e-01	3.062014e-02
4.053678e-01	5.649107e-01	-2.259614e-02
6.458583e-01	5.285907e-01	-5.834814e-02
3.896169e-01	5.589387e-01	-3.910962e-02
6.637179e-01	5.194215e-01	-8.239181e-02
3.875065e-01	5.662541e-01	-7.443996e-02
6.653855e-01	5.276856e-01	-1.148646e-01
3.937313e-01	5.679356e-01	-4.028982e-02
6.583458e-01	5.292927e-01	-7.712137e-02
5.003459e-01	3.991451e-01	1.551531e-02
5.449414e-01	3.976001e-01	-1.540882e-02
4.903926e-01	2.394069e-01	-1.745556e-03
5.478356e-01	2.369099e-01	-3.150484e-02
4.912938e-01	8.834816e-02	9.580626e-02
5.502605e-01	8.528277e-02	7.298220e-02
4.991486e-01	6.648827e-02	1.005165e-01
5.450298e-01	6.665143e-02	7.680662e-02
4.656762e-01	5.519888e-02	1.401870e-02
5.572851e-01	4.157332e-02	-2.312340e-02
5.244178e-01	6.923245e-01	-1.199087e-01
5.197001e-01	7.085244e-01	-1.046242e-01
5.164039e-01	7.091404e-01	-1.046808e-01
5.126306e-01	7.097422e-01	-1.046581e-01
5.297491e-01	7.073580e-01	-1.041933e-01
5.336303e-01	7.072795e-01	-1.041882e-01
5.369189e-01	7.072287e-01	-1.040837e-01
5.088233e-01	7.063226e-01	-1.632534e-02
5.417286e-01	7.020085e-01	-1.457692e-02
5.176700e-01	6.768001e-01	-8.697792e-02
5.300494e-01	6.758900e-01	-8.627278e-02
4.849002e-01	6.300157e-01	3.484625e-02
5.609798e-01	6.208597e-01	2.984078e-02
4.553586e-01	5.656335e-01	4.257295e-02
5.974128e-01	5.588597e-01	3.173962e-02
4.047927e-01	5.816094e-01	-3.397402e-02
6.498913e-01	5.484937e-01	-6.009899e-02
3.883252e-01	5.792174e-01	-5.622198e-02
6.683979e-01	5.453545e-01	-8.299446e-02
3.862996e-01	5.887870e-01	-9.208217e-02
6.684245e-01	5.531361e-01	-1.137383e-01
3.925439e-01	5.896308e-01	-5.159696e-02
6.611469e-01	5.528463e-01	-7.788019e-02
5.003785e-01	3.991694e-01	1.512230e-02
5.447664e-01	3.977213e-01	-1.501505e-02
4.904006e-01	2.396308e-01	-1.200483e-03
5.477172e-01	2.376944e-01	-3.018035e-02
4.912925e-01	8.833906e-02	9.770911e-02
5.501563e-01	8.532909e-02	7.502604e-02
4.991175e-01	6.646737e-02	1.025547e-01
5.450290e-01	6.668650e-02	7.920392e-02
4.656626e-01	5.548381e-02	1.547263e-02
5.579150e-01	4.182067e-02	-2.159951e-02
5.247989e-01	6.924054e-01	-1.297754e-01
5.198907e-01	7.085701e-01	-1.141717e-01
5.166419e-01	7.091726e-01	-1.142302e-01
5.128284e-01	7.097676e-01	-1.142089e-01
5.300051e-01	7.074147e-01	-1.138487e-01
5.338825e-01	7.073542e-01	-1.138452e-01
5.370631e-01	7.072761e-01	-1.137390e-01
5.088872e-01	7.063492e-01	-2.320389e-02
5.417692e-01	7.020355e-01	-2.137699e-02
5.179527e-01	6.768512e-01	-9.576263e-02
5.302795e-01	6.759333e-01	-9.518710e-02
4.848891e-01	6.308122e-01	2.950223e-02
5.610352e-01	6.217737e-01	2.653142e-02
4.523491e-01	5.721543e-01	2.480081e-02
6.022892e-01	5.665944e-01	2.644851e-02
4.028023e-01	5.992199e-01	-7.299422e-02
6.541433e-01	5.664456e-01	-6.831305e-02
3.858783e-01	5.993685e-01	-9.410205e-02
6.724743e-01	5.686583e-01	-9.012860e-02
3.850583e-01	6.096958e-01	-1.234843e-01
6.729427e-01	5.763456e-01	-1.166596e-01
3.915384e-01	6.100646e-01	-8.939911e-02
6.655918e-01	5.746672e-01	-8.547492e-02
5.006036e-01	3.992660e-01	1.453332e-02
5.447712e-01	3.981115e-01	-1.442296e-02
4.904899e-01	2.398880e-01	-8.055417e-04
5.476553e-01	2.382858e-01	-2.807894e-02
4.912938e-01	8.832490e-02	1.020601e-01
5.501169e-01	8.557650e-02	8.331073e-02
4.990989e-01	6.646298e-02	1.070218e-01
5.447901e-01	6.697278e-02	8.783923e-02
4.660993e-01	5.554767e-02	1.695610e-02
5.583206e-01	4.200768e-02	-1.520277e-02
5.251123e-01	6.925114e-01	-1.633664e-01
5.200626e-01	7.086357e-01	-1.475200e-01
5.168346e-01	7.092200e-01	-1.475850e-01
5.129933e-01	7.097998e-01	-1.475608e-01
5.302268e-01	7.074805e-01	-1.479365e-01
5.340723e-01	7.074249e-01	-1.479502e-01
5.371941e-01	7.073129e-01	-1.478449e-01
5.089232e-01	7.063563e-01	-5.107304e-02
5.418115e-01	7.020529e-01	-5.334707e-02
5.181414e-01	6.769323e-01	-1.266202e-01
5.304352e-01	6.759914e-01	-1.272873e-01
4.847782e-01	6.316698e-01	1.900730e-02
5.610740e-01	6.219820e-01	1.076542e-04
4.465551e-01	5.830634e-01	1.009341e-02
6.074020e-01	5.779530e-01	3.023529e-03
3.976107e-01	6.224768e-01	-8.254538e-02
6.618306e-01	5.900677e-01	-8.945659e-02
3.812366e-01	6.266825e-01	-1.016788e-01
6.793237e-01	5.971986e-01	-1.085251e-01
3.819415e-01	6.382782e-01	-1.270935e-01
6.794764e-01	6.041341e-01	-1.368280e-01
3.887851e-01	6.380240e-01	-9.721841e-02
6.730053e-01	5.996013e-01	-1.061863e-01
5.007295e-01	3.991589e-01	1.438530e-02
5.447646e-01	3.980505e-01	-1.428169e-02
4.905733e-01	2.400303e-01	8.508096e-03
5.474161e-01	2.385682e-01	-2.464638e-02
4.913105e-01	8.832461e-02	1.088427e-01
5.500335e-01	8.575316e-02	8.182552e-02
4.990963e-01	6.645936e-02	1.134273e-01
5.445842e-01	6.703095e-02	8.601838e-02
4.666942e-01	5.563793e-02	2.435506e-02
5.583762e-01	4.235464e-02	-1.604440e-02
5.252668e-01	6.927209e-01	-1.654213e-01
5.201406e-01	7.087187e-01	-1.495053e-01
5.169231e-01	7.092802e-01	-1.495667e-01
5.130676e-01	7.098361e-01	-1.495367e-01
5.303205e-01	7.075542e-01	-1.499852e-01
5.341666e-01	7.074948e-01	-1.500004e-01
5.372728e-01	7.073539e-01	-1.498898e-01
5.089356e-01	7.063603e-01	-5.333652e-02
5.418576e-01	7.020978e-01	-5.601467e-02
5.182303e-01	6.770933e-01	-1.288134e-01
5.305240e-01	6.760730e-01	-1.295992e-01
4.845116e-01	6.325974e-01	1.561506e-02
5.611149e-01	6.229116e-01	-5.771480e-03
4.423433e-01	5.914720e-01	-8.528131e-04
6.128474e-01	5.894690e-01	-6.437095e-03
3.951501e-01	6.380501e-01	-9.593594e-02
6.683277e-01	6.129932e-01	-9.824623e-02
3.788365e-01	6.464275e-01	-1.157311e-01
6.871380e-01	6.191183e-01	-1.177401e-01
3.796019e-01	6.575887e-01	-1.385261e-01
6.858028e-01	6.253792e-01	-1.460480e-01
3.867316e-01	6.560650e-01	-1.098521e-01
6.793803e-01	6.221979e-01	-1.146271e-01
5.009191e-01	3.991193e-01	1.444088e-02
5.447679e-01	3.980216e-01	-1.434594e-02
4.906729e-01	2.401516e-01	1.283492e-02
5.473679e-01	2.386492e-01	-2.485152e-02
4.913046e-01	8.815301e-02	1.122151e-01
5.500308e-01	8.573195e-02	7.643435e-02
4.990990e-01	6.623854e-02	1.166015e-01
5.445296e-01	6.689793e-02	8.046980e-02
4.663003e-01	5.529021e-02	2.802110e-02
5.584902e-01	4.271106e-02	-2.227584e-02
5.253152e-01	6.932210e-01	-1.701975e-01
5.201626e-01	7.090599e-01	-1.544068e-01
5.169460e-01	7.095973e-01	-1.544705e-01
5.130776e-01	7.101102e-01	-1.544464e-01
5.303518e-01	7.078235e-01	-1.545290e-01
5.342084e-01	7.077255e-01	-1.545450e-01
5.373236e-01	7.075132e-01	-1.544434e-01
5.089112e-01	7.064598e-01	-5.894121e-02
5.419413e-01	7.022378e-01	-5.999597e-02
5.182384e-01	6.774414e-01	-1.339077e-01
5.305398e-01	6.763011e-01	-1.342256e-01
4.841909e-01	6.339868e-01	7.517172e-03
5.613598e-01	6.260805e-01	-1.163169e-02
4.373029e-01	6.033013e-01	-5.345031e-03
6.171593e-01	6.049864e-01	-1.240622e-02
3.921625e-01	6.523849e-01	-9.033241e-02
6.744846e-01	6.320023e-01	-1.010549e-01
3.759543e-01	6.643748e-01	-1.085218e-01
6.924220e-01	6.396601e-01	-1.200949e-01
3.762128e-01	6.746388e-01	-1.331126e-01
6.914411e-01	6.478732e-01	-1.486955e-01
3.830999e-01	6.724015e-01	-1.046435e-01
6.852130e-01	6.428331e-01	-1.175891e-01
5.013673e-01	3.988835e-01	1.437266e-02
5.449404e-01	3.980048e-01	-1.427887e-02
4.910253e-01	2.402548e-01	1.485155e-02
5.474310e-01	2.386860e-01	-2.287376e-02
4.913487e-01	8.789118e-02	1.138536e-01
5.501081e-01	8.575596e-02	7.794382e-02
4.993088e-01	6.601909e-02	1.182038e-01
5.445209e-01	6.690730e-02	8.208609e-02
4.660026e-01	5.489235e-02	2.932689e-02
5.586870e-01	4.323034e-02	-2.022737e-02
5.254374e-01	6.936235e-01	-1.799662e-01
5.202512e-01	7.094579e-01	-1.635127e-01
5.170249e-01	7.100043e-01	-1.635830e-01
5.131310e-01	7.105059e-01	-1.635687e-01
5.304519e-01	7.081070e-01	-1.637013e-01
5.343107e-01	7.079683e-01	-1.637298e-01
5.374366e-01	7.076695e-01	-1.636380e-01
5.088974e-01	7.067727e-01	-6.636815e-02
5.420800e-01	7.023110e-01	-6.776772e-02
5.182728e-01	6.778518e-01	-1.431445e-01
5.305597e-01	6.766006e-01	-1.435860e-01
4.833555e-01	6.354967e-01	-1.799183e-03
5.617862e-01	6.281567e-01	-2.121373e-02
4.325568e-01	6.122029e-01	-2.369945e-02
6.197681e-01	6.167870e-01	-2.898226e-02
3.886717e-01	6.688463e-01	-1.114797e-01
6.786846e-01	6.491293e-01	-1.210163e-01
3.732715e-01	6.865003e-01	-1.304140e-01
6.960298e-01	6.624421e-01	-1.400055e-01
3.744403e-01	6.968790e-01	-1.505878e-01
6.944283e-01	6.703745e-01	-1.686502e-01
3.815300e-01	6.925994e-01	-1.247335e-01
6.884678e-01	6.639543e-01	-1.379292e-01
5.014979e-01	3.985150e-01	1.398866e-02
5.451592e-01	3.977932e-01	-1.388384e-02
4.914815e-01	2.406065e-01	1.539790e-02
5.474554e-01	2.386673e-01	-2.103307e-02
4.913195e-01	8.798468e-02	1.154216e-01
5.501693e-01	8.598775e-02	7.900668e-02
4.992527e-01	6.610052e-02	1.198549e-01
5.444515e-01	6.737004e-02	8.299328e-02
4.660549e-01	5.498791e-02	3.056702e-02
5.587346e-01	4.354166e-02	-1.991048e-02
5.253636e-01	6.937401e-01	-1.943611e-01
5.202192e-01	7.096015e-01	-1.762520e-01
5.169768e-01	7.101047e-01	-1.763330e-01
5.130917e-01	7.105910e-01	-1.763254e-01
5.303708e-01	7.082868e-01	-1.782457e-01
5.342180e-01	7.081367e-01	-1.782816e-01
5.374101e-01	7.078662e-01	-1.781981e-01
5.087842e-01	7.068065e-01	-7.281563e-02
5.421256e-01	7.024540e-01	-8.206545e-02
5.182493e-01	6.780156e-01	-1.551121e-01
5.304551e-01	6.768687e-01	-1.579064e-01
4.828413e-01	6.363364e-01	-6.326331e-03
5.628068e-01	6.304749e-01	-3.666993e-02
4.290478e-01	6.315027e-01	-2.894141e-02
6.225614e-01	6.298863e-01	-5.306508e-02
3.846818e-01	6.981325e-01	-1.211377e-01
6.790303e-01	6.684398e-01	-1.509585e-01
3.694777e-01	7.159997e-01	-1.418717e-01
6.962370e-01	6.806931e-01	-1.710897e-01
3.707641e-01	7.255021e-01	-1.597876e-01
6.949266e-01	6.891378e-01	-2.007303e-01
3.773987e-01	7.192104e-01	-1.340385e-01
6.885557e-01	6.838334e-01	-1.682156e-01
5.015950e-01	3.984827e-01	1.395190e-02
5.454750e-01	3.979050e-01	-1.384769e-02
4.921283e-01	2.408108e-01	1.453846e-02
5.474561e-01	2.387345e-01	-2.119423e-02
4.912829e-01	8.772285e-02	1.141568e-01
5.501212e-01	8.633358e-02	7.884051e-02
4.992398e-01	6.582247e-02	1.183085e-01
5.441525e-01	6.753352e-02	8.270069e-02
4.659551e-01	5.497389e-02	2.919261e-02
5.587569e-01	4.371728e-02	-2.146660e-02
5.250260e-01	6.938052e-01	-2.170166e-01
5.200034e-01	7.099025e-01	-1.985856e-01
5.166926e-01	7.103249e-01	-1.986623e-01
5.128930e-01	7.107824e-01	-1.986545e-01
5.301684e-01	7.087510e-01	-2.023093e-01
5.340275e-01	7.086151e-01	-2.023625e-01
5.373561e-01	7.084253e-01	-2.022895e-01
5.086397e-01	7.070988e-01	-9.070905e-02
5.422154e-01	7.031502e-01	-1.081393e-01
5.180967e-01	6.781093e-01	-1.756670e-01
5.302863e-01	6.771913e-01	-1.808281e-01
4.827491e-01	6.396723e-01	-1.440025e-02
5.643083e-01	6.339434e-01	-6.392389e-02
4.262949e-01	6.474565e-01	-3.297946e-02
6.254725e-01	6.434054e-01	-8.414040e-02
3.846508e-01	7.192764e-01	-1.263631e-01
6.810573e-01	6.904688e-01	-1.774111e-01
3.685831e-01	7.373860e-01	-1.455881e-01
6.988975e-01	7.029039e-01	-1.968312e-01
3.695735e-01	7.449999e-01	-1.619899e-01
6.973540e-01	7.115573e-01	-2.259188e-01
3.770704e-01	7.391858e-01	-1.385129e-01
6.909934e-01	7.065376e-01	-1.940608e-01
5.016047e-01	3.990078e-01	1.937441e-02
5.455580e-01	3.987775e-01	-1.931274e-02
4.923550e-01	2.410180e-01	2.481301e-02
5.474585e-01	2.387261e-01	-2.567742e-02
4.912485e-01	8.776096e-02	1.218824e-01
5.497707e-01	8.623926e-02	7.076557e-02
4.990578e-01	6.577373e-02	1.257867e-01
5.439140e-01	6.750491e-02	7.431605e-02
4.651943e-01	5.614651e-02	3.597798e-02
5.538723e-01	4.420915e-02	-3.281739e-02
5.245297e-01	6.940593e-01	-2.071868e-01
5.197300e-01	7.105408e-01	-1.886262e-01
5.163816e-01	7.108819e-01	-1.887041e-01
5.127033e-01	7.111810e-01	-1.886989e-01
5.298698e-01	7.096799e-01	-1.920678e-01
5.337066e-01	7.095668e-01	-1.921151e-01
5.371970e-01	7.093505e-01	-1.920488e-01
5.086277e-01	7.071813e-01	-8.217955e-02
5.422968e-01	7.034531e-01	-9.821486e-02
5.179657e-01	6.783728e-01	-1.665938e-01
5.300504e-01	6.776049e-01	-1.713527e-01
4.827526e-01	6.414438e-01	-1.270514e-02
5.650421e-01	6.356124e-01	-5.434898e-02
4.245099e-01	6.622968e-01	-3.625967e-02
6.257087e-01	6.546971e-01	-7.632226e-02
3.833808e-01	7.376265e-01	-1.277341e-01
6.810036e-01	7.132091e-01	-1.712802e-01
3.682893e-01	7.566952e-01	-1.484983e-01
6.977068e-01	7.289014e-01	-1.918867e-01
3.694133e-01	7.633508e-01	-1.647264e-01
6.963720e-01	7.380717e-01	-2.204864e-01
3.767305e-01	7.559468e-01	-1.403424e-01
6.902167e-01	7.323018e-01	-1.880652e-01
5.018024e-01	3.992466e-01	1.905150e-02
5.460224e-01	3.990935e-01	-1.898949e-02
4.923449e-01	2.414428e-01	2.202073e-02
5.475541e-01	2.387626e-01	-2.648760e-02
4.912359e-01	8.843899e-02	1.194121e-01
5.500420e-01	8.521619e-02	7.133529e-02
4.990614e-01	6.591343e-02	1.234211e-01
5.438915e-01	6.595492e-02	7.485430e-02
4.653060e-01	5.671417e-02	3.406634e-02
5.571214e-01	4.419894e-02	-3.439962e-02
5.245342e-01	6.943323e-01	-2.347948e-01
5.197440e-01	7.112130e-01	-2.165519e-01
5.164161e-01	7.115011e-01	-2.166353e-01
5.127422e-01	7.115798e-01	-2.166313e-01
5.298731e-01	7.105914e-01	-2.198588e-01
5.337101e-01	7.103950e-01	-2.199204e-01
5.372018e-01	7.100298e-01	-2.198954e-01
5.087073e-01	7.071838e-01	-1.083990e-01
5.424050e-01	7.034878e-01	-1.234058e-01
5.179853e-01	6.787597e-01	-1.932310e-01
5.300530e-01	6.781623e-01	-1.976677e-01
4.826942e-01	6.440703e-01	-3.730968e-02
5.657856e-01	6.366267e-01	-7.696647e-02
4.260353e-01	6.713155e-01	-5.843799e-02
6.259035e-01	6.656315e-01	-1.020889e-01
3.857267e-01	7.443528e-01	-1.446879e-01
6.820446e-01	7.296116e-01	-1.971130e-01
3.716069e-01	7.646306e-01	-1.662057e-01
6.987885e-01	7.477217e-01	-2.186235e-01
3.723710e-01	7.714694e-01	-1.842608e-01
6.970589e-01	7.572306e-01	-2.480019e-01
3.795719e-01	7.617466e-01	-1.583107e-01
6.911244e-01	7.499719e-01	-2.143726e-01
5.015903e-01	4.000924e-01	1.725334e-02
5.459951e-01	3.996746e-01	-1.720310e-02
4.922548e-01	2.417354e-01	2.106282e-02
5.475544e-01	2.388176e-01	-2.568562e-02
4.911131e-01	8.933971e-02	1.191879e-01
5.500441e-01	8.513141e-02	7.986533e-02
4.989867e-01	6.670842e-02	1.232976e-01
5.438150e-01	6.565523e-02	8.352238e-02
4.653124e-01	5.701045e-02	3.317899e-02
5.592850e-01	4.467572e-02	-3.169503e-02
5.247298e-01	6.944069e-01	-2.346583e-01
5.199263e-01	7.118942e-01	-2.163614e-01
5.166620e-01	7.121869e-01	-2.164446e-01
5.129939e-01	7.121516e-01	-2.164434e-01
5.300505e-01	7.110953e-01	-2.186273e-01
5.339006e-01	7.108271e-01	-2.186896e-01
5.373439e-01	7.104045e-01	-2.186625e-01
5.089781e-01	7.072840e-01	-1.083542e-01
5.426690e-01	7.036436e-01	-1.179328e-01
5.181639e-01	6.789616e-01	-1.932901e-01
5.301253e-01	6.784013e-01	-1.961174e-01
4.826587e-01	6.475902e-01	-4.103786e-02
5.665054e-01	6.372700e-01	-6.965818e-02
4.274251e-01	6.798602e-01	-7.126211e-02
6.257729e-01	6.738682e-01	-9.219200e-02
3.875170e-01	7.541283e-01	-1.654291e-01
6.803411e-01	7.471556e-01	-1.898607e-01
3.730995e-01	7.759394e-01	-1.906509e-01
6.965402e-01	7.660227e-01	-2.135693e-01
3.727306e-01	7.800298e-01	-2.093659e-01
6.951106e-01	7.754319e-01	-2.425029e-01
3.802397e-01	7.712856e-01	-1.798567e-01
6.892430e-01	7.689097e-01	-2.073757e-01
5.016675e-01	4.008403e-01	1.222728e-02
5.463646e-01	4.002975e-01	-1.212984e-02
4.922494e-01	2.417393e-01	1.919070e-02
5.477624e-01	2.387534e-01	-1.853009e-02
4.910955e-01	9.031353e-02	1.300756e-01
5.500432e-01	8.376499e-02	9.595322e-02
4.989087e-01	6.759151e-02	1.346430e-01
5.434904e-01	6.360800e-02	9.968839e-02
4.675907e-01	5.704980e-02	3.260431e-02
5.610015e-01	4.388678e-02	-2.062986e-02
5.251444e-01	6.957868e-01	-2.265204e-01
5.203748e-01	7.131711e-01	-2.054330e-01
5.170546e-01	7.133811e-01	-2.056047e-01
5.133608e-01	7.132046e-01	-2.056780e-01
5.304890e-01	7.121670e-01	-2.078024e-01
5.342921e-01	7.118078e-01	-2.079667e-01
5.376557e-01	7.112855e-01	-2.080862e-01
5.092145e-01	7.076007e-01	-8.084787e-02
5.429858e-01	7.042328e-01	-8.855696e-02
5.184118e-01	6.803461e-01	-1.870712e-01
5.304229e-01	6.796811e-01	-1.890935e-01
4.832164e-01	6.483463e-01	-2.246993e-02
5.671322e-01	6.395743e-01	-6.671919e-02
4.277434e-01	6.842602e-01	-6.381492e-02
6.237299e-01	6.815228e-01	-7.260536e-02
3.905146e-01	7.539650e-01	-1.530337e-01
6.775161e-01	7.584683e-01	-1.690325e-01
3.807573e-01	7.713367e-01	-1.666638e-01
6.940220e-01	7.771267e-01	-1.933118e-01
3.830923e-01	7.796400e-01	-1.875294e-01
6.926122e-01	7.872975e-01	-2.212741e-01
3.880600e-01	7.709808e-01	-1.631843e-01
6.866869e-01	7.808007e-01	-1.862336e-01
5.017471e-01	4.010991e-01	1.315112e-02
5.466855e-01	4.002951e-01	-1.305165e-02
4.921820e-01	2.415970e-01	2.579105e-02
5.478023e-01	2.383224e-01	-1.910179e-02
4.910835e-01	9.029246e-02	1.340193e-01
5.498846e-01	8.320212e-02	9.114706e-02
4.989702e-01	6.729740e-02	1.385431e-01
5.428785e-01	6.296905e-02	9.473408e-02
4.674078e-01	5.651429e-02	3.893520e-02
5.572873e-01	4.278182e-02	-2.171279e-02
5.256683e-01	6.957799e-01	-2.218127e-01
5.207812e-01	7.131559e-01	-2.025830e-01
5.172513e-01	7.133625e-01	-2.026970e-01
5.134506e-01	7.131782e-01	-2.027305e-01
5.310255e-01	7.121381e-01	-2.037243e-01
5.347226e-01	7.118010e-01	-2.038096e-01
5.380264e-01	7.113252e-01	-2.038300e-01
5.091708e-01	7.075780e-01	-9.179654e-02
5.431775e-01	7.044690e-01	-9.429210e-02
5.186528e-01	6.803057e-01	-1.813688e-01
5.307155e-01	6.796061e-01	-1.824364e-01
4.833246e-01	6.507570e-01	-3.121032e-02
5.676150e-01	6.409760e-01	-5.737533e-02
4.288918e-01	6.935995e-01	-6.315176e-02
6.225955e-01	6.916314e-01	-7.595973e-02
3.950248e-01	7.586095e-01	-1.604695e-01
6.773287e-01	7.727923e-01	-1.701259e-01
3.863591e-01	7.793970e-01	-1.861115e-01
6.905037e-01	7.931051e-01	-1.957169e-01
3.915425e-01	7.872940e-01	-2.063719e-01
6.886333e-01	8.042496e-01	-2.212285e-01
3.948035e-01	7.767438e-01	-1.749899e-01
6.831458e-01	7.972395e-01	-1.865532e-01
5.018902e-01	4.020876e-01	1.266156e-02
5.472651e-01	4.010692e-01	-1.256539e-02
4.921499e-01	2.414720e-01	2.502712e-02
5.478504e-01	2.383320e-01	-1.721387e-02
4.910159e-01	9.042720e-02	1.332274e-01
5.499150e-01	8.307005e-02	8.952667e-02
4.989816e-01	6.717112e-02	1.380033e-01
5.430813e-01	6.285521e-02	9.321379e-02
4.674619e-01	5.508324e-02	3.780047e-02
5.554391e-01	4.214573e-02	-2.193927e-02
5.261921e-01	6.957827e-01	-2.446894e-01
5.211676e-01	7.131375e-01	-2.258081e-01
5.175165e-01	7.133436e-01	-2.259238e-01
5.136590e-01	7.131706e-01	-2.259614e-01
5.314725e-01	7.121146e-01	-2.270010e-01
5.351325e-01	7.117900e-01	-2.270780e-01
5.384291e-01	7.113469e-01	-2.270879e-01
5.091747e-01	7.076442e-01	-1.160943e-01
5.435811e-01	7.046243e-01	-1.194311e-01
5.190865e-01	6.802190e-01	-2.028205e-01
5.311742e-01	6.794223e-01	-2.039958e-01
4.839051e-01	6.529624e-01	-5.212563e-02
5.680857e-01	6.422677e-01	-7.254333e-02
4.355226e-01	7.008851e-01	-7.853168e-02
6.220096e-01	6.994891e-01	-9.748221e-02
3.989577e-01	7.738653e-01	-1.735745e-01
6.727365e-01	7.870311e-01	-1.892234e-01
3.909275e-01	7.936602e-01	-2.005208e-01
6.828755e-01	8.099703e-01	-2.149128e-01
3.954867e-01	7.989173e-01	-2.205288e-01
6.805915e-01	8.203098e-01	-2.384999e-01
3.986891e-01	7.923516e-01	-1.886708e-01
6.760586e-01	8.126194e-01	-2.048387e-01
5.019305e-01	4.048824e-01	1.134893e-02
5.475471e-01	4.041044e-01	-1.126056e-02
4.920139e-01	2.418005e-01	2.414044e-02
5.478293e-01	2.388198e-01	-1.525884e-02
4.906788e-01	9.248339e-02	1.322508e-01
5.498682e-01	8.315707e-02	9.068750e-02
4.987073e-01	6.829935e-02	1.369550e-01
5.435148e-01	6.289169e-02	9.450109e-02
4.674985e-01	5.505200e-02	3.617431e-02
5.545977e-01	4.211269e-02	-2.133208e-02
5.272946e-01	6.964284e-01	-2.482389e-01
5.222398e-01	7.134905e-01	-2.300026e-01
5.183582e-01	7.138226e-01	-2.301179e-01
5.145158e-01	7.138427e-01	-2.301638e-01
5.324191e-01	7.123415e-01	-2.295730e-01
5.358774e-01	7.120399e-01	-2.296516e-01
5.390962e-01	7.116585e-01	-2.296574e-01
5.092977e-01	7.085092e-01	-1.237131e-01
5.437714e-01	7.050592e-01	-1.196916e-01
5.198654e-01	6.803665e-01	-2.075256e-01
5.317358e-01	6.794345e-01	-2.064942e-01
4.841209e-01	6.530771e-01	-6.346858e-02
5.679820e-01	6.438230e-01	-7.234988e-02
4.372030e-01	7.140128e-01	-1.001891e-01
6.193078e-01	7.027423e-01	-9.536087e-02
4.029194e-01	7.967668e-01	-1.961733e-01
6.657625e-01	7.968427e-01	-1.856830e-01
3.956636e-01	8.165122e-01	-2.256697e-01
6.762448e-01	8.245398e-01	-2.118915e-01
3.996241e-01	8.326848e-01	-2.437063e-01
6.734036e-01	8.338060e-01	-2.349734e-01
4.042726e-01	8.177601e-01	-2.109339e-01
6.689090e-01	8.263873e-01	-2.012673e-01
5.020170e-01	4.073986e-01	8.149830e-03
5.478371e-01	4.066041e-01	-8.052585e-03
4.920118e-01	2.423683e-01	2.355210e-02
5.478628e-01	2.400331e-01	-8.355932e-03
4.910618e-01	9.433008e-02	1.361990e-01
5.498618e-01	8.408100e-02	1.038177e-01
4.992764e-01	6.907972e-02	1.413957e-01
5.437132e-01	6.390338e-02	1.082320e-01
4.692913e-01	5.507131e-02	3.683602e-02
5.542375e-01	4.255017e-02	-8.534404e-03
5.277854e-01	6.965659e-01	-2.251268e-01
5.227376e-01	7.135456e-01	-2.048449e-01
5.187764e-01	7.139390e-01	-2.049970e-01
5.149604e-01	7.140051e-01	-2.050641e-01
5.327595e-01	7.123399e-01	-2.024655e-01
5.361329e-01	7.120531e-01	-2.025633e-01
5.393088e-01	7.116798e-01	-2.025853e-01
5.093954e-01	7.086702e-01	-9.752627e-02
5.438233e-01	7.052003e-01	-8.691243e-02
5.203990e-01	6.803582e-01	-1.844749e-01
5.319938e-01	6.792989e-01	-1.803216e-01
4.846281e-01	6.529858e-01	-4.684195e-02
5.673469e-01	6.437767e-01	-5.003490e-02
4.401152e-01	7.154155e-01	-7.513760e-02
6.146888e-01	7.060795e-01	-9.285344e-02
4.093037e-01	7.969491e-01	-1.690827e-01
6.561446e-01	8.035734e-01	-1.831805e-01
4.030178e-01	8.189991e-01	-1.943813e-01
6.668568e-01	8.351381e-01	-2.034521e-01
4.065844e-01	8.260810e-01	-2.145546e-01
6.637164e-01	8.434781e-01	-2.255969e-01
4.113548e-01	8.204890e-01	-1.838796e-01
6.590058e-01	8.350420e-01	-1.936185e-01
5.015990e-01	4.073353e-01	8.428928e-03
5.477033e-01	4.065253e-01	-8.329263e-03
4.919946e-01	2.424728e-01	2.356523e-02
5.479409e-01	2.402968e-01	-1.057017e-02
4.911109e-01	9.465743e-02	1.335627e-01
5.498557e-01	8.420263e-02	9.902668e-02
4.993208e-01	6.923025e-02	1.384713e-01
5.438565e-01	6.419532e-02	1.033612e-01
4.692672e-01	5.467148e-02	3.602763e-02
5.543165e-01	4.117139e-02	-9.254115e-03
5.279098e-01	6.965767e-01	-2.001333e-01
5.228019e-01	7.135363e-01	-1.805173e-01
5.188423e-01	7.139279e-01	-1.806482e-01
5.150427e-01	7.139968e-01	-1.806922e-01
5.328167e-01	7.123294e-01	-1.792952e-01
5.361514e-01	7.120479e-01	-1.793763e-01
5.393329e-01	7.116655e-01	-1.793778e-01
5.094672e-01	7.086516e-01	-7.564156e-02
5.438546e-01	7.050270e-01	-6.848942e-02
5.205857e-01	6.803533e-01	-1.603213e-01
5.321651e-01	6.792130e-01	-1.579539e-01
4.853955e-01	6.526353e-01	-2.205364e-02
5.659927e-01	6.433355e-01	-3.847142e-02
4.432971e-01	7.138210e-01	-6.010221e-02
6.114563e-01	7.085038e-01	-9.180766e-02
4.177061e-01	8.013921e-01	-1.443821e-01
6.474274e-01	8.084996e-01	-1.781567e-01
4.127180e-01	8.275768e-01	-1.756023e-01
6.572376e-01	8.402182e-01	-1.985207e-01
4.186378e-01	8.434992e-01	-1.882193e-01
6.534485e-01	8.486364e-01	-2.231012e-01
4.205481e-01	8.270977e-01	-1.571464e-01
6.483852e-01	8.391634e-01	-1.920372e-01
5.015594e-01	4.075932e-01	1.057492e-02
5.476915e-01	4.070656e-01	-1.049804e-02
4.912334e-01	2.431394e-01	2.545336e-02
5.480547e-01	2.414935e-01	-1.326815e-02
4.910585e-01	9.492852e-02	1.327476e-01
5.498179e-01	8.521094e-02	8.506861e-02
4.992932e-01	6.920124e-02	1.374457e-01
5.442747e-01	6.542052e-02	8.892141e-02
4.688854e-01	5.455487e-02	3.562570e-02
5.486454e-01	4.127920e-02	-1.896924e-02
5.283822e-01	6.965292e-01	-1.949652e-01
5.232114e-01	7.135223e-01	-1.757063e-01
5.192156e-01	7.138941e-01	-1.758265e-01
5.154258e-01	7.139565e-01	-1.758528e-01
5.330814e-01	7.123195e-01	-1.744944e-01
5.363013e-01	7.120371e-01	-1.745767e-01
5.394758e-01	7.115756e-01	-1.745650e-01
5.097377e-01	7.084111e-01	-7.166497e-02
5.438648e-01	7.044885e-01	-6.418055e-02
5.210209e-01	6.803481e-01	-1.555192e-01
5.325140e-01	6.791977e-01	-1.533552e-01
4.854259e-01	6.524420e-01	-1.650190e-02
5.655304e-01	6.433676e-01	-3.386735e-02
4.439875e-01	7.167619e-01	-5.336508e-02
6.091441e-01	7.093808e-01	-8.932489e-02
4.252850e-01	8.184807e-01	-1.275466e-01
6.404203e-01	8.098062e-01	-1.739885e-01
4.206002e-01	8.481345e-01	-1.585769e-01
6.497371e-01	8.397846e-01	-1.977437e-01
4.263472e-01	8.545781e-01	-1.701814e-01
6.450190e-01	8.494580e-01	-2.222323e-01
4.287101e-01	8.455114e-01	-1.394372e-01
6.399050e-01	8.397877e-01	-1.910985e-01
5.010639e-01	4.074398e-01	1.126670e-02
5.474064e-01	4.070487e-01	-1.119729e-02
4.909629e-01	2.431340e-01	2.726975e-02
5.480872e-01	2.418095e-01	-1.368701e-02
4.913006e-01	9.426893e-02	1.333170e-01
5.498384e-01	8.575714e-02	8.626536e-02
4.996600e-01	6.770945e-02	1.382389e-01
5.453751e-01	6.614475e-02	9.042902e-02
4.685282e-01	5.346559e-02	4.139123e-02
5.496564e-01	4.208514e-02	-1.615482e-02
5.290105e-01	6.970277e-01	-1.742989e-01
5.238122e-01	7.139274e-01	-1.565152e-01
5.197480e-01	7.142211e-01	-1.566264e-01
5.159383e-01	7.142122e-01	-1.566468e-01
5.335535e-01	7.127498e-01	-1.545685e-01
5.366725e-01	7.123003e-01	-1.546445e-01
5.397652e-01	7.116615e-01	-1.546156e-01
5.101104e-01	7.083926e-01	-5.913855e-02
5.438663e-01	7.043929e-01	-4.832191e-02
5.214970e-01	6.808834e-01	-1.374116e-01
5.330598e-01	6.795400e-01	-1.343760e-01
4.858406e-01	6.522366e-01	-1.154829e-02
5.645837e-01	6.432616e-01	-1.748163e-02
4.465980e-01	7.138573e-01	-4.951024e-02
6.051497e-01	7.077385e-01	-5.492919e-02
4.322866e-01	8.140022e-01	-1.197055e-01
6.295399e-01	8.073189e-01	-1.453139e-01
4.272167e-01	8.430067e-01	-1.507593e-01
6.385768e-01	8.376258e-01	-1.753487e-01
4.315725e-01	8.564257e-01	-1.628968e-01
6.332418e-01	8.466186e-01	-1.901953e-01
4.351866e-01	8.383540e-01	-1.313813e-01
6.283909e-01	8.354751e-01	-1.579646e-01
5.004103e-01	4.083167e-01	9.615459e-03
5.469460e-01	4.075021e-01	-9.536291e-03
4.908661e-01	2.431732e-01	2.446165e-02
5.480881e-01	2.421108e-01	-1.387945e-02
4.913941e-01	9.428828e-02	1.278059e-01
5.496936e-01	8.578082e-02	8.537271e-02
4.996568e-01	6.783846e-02	1.326967e-01
5.453807e-01	6.656089e-02	8.936673e-02
4.698123e-01	5.363364e-02	3.474910e-02
5.491899e-01	4.304052e-02	-1.637481e-02
5.288901e-01	6.967936e-01	-1.559412e-01
5.238032e-01	7.136237e-01	-1.390300e-01
5.197366e-01	7.139624e-01	-1.391183e-01
5.159236e-01	7.139927e-01	-1.391291e-01
5.334879e-01	7.122734e-01	-1.377461e-01
5.365554e-01	7.117639e-01	-1.378083e-01
5.396422e-01	7.110536e-01	-1.377727e-01
5.103678e-01	7.083032e-01	-4.645646e-02
5.437741e-01	7.038240e-01	-3.856251e-02
5.214717e-01	6.808842e-01	-1.208298e-01
5.330225e-01	6.795130e-01	-1.186447e-01
4.864858e-01	6.520781e-01	-2.737910e-03
5.633228e-01	6.431894e-01	-1.289892e-02
4.499571e-01	7.079622e-01	-4.502955e-02
6.006249e-01	7.034244e-01	-4.836219e-02
4.367870e-01	8.027924e-01	-1.168638e-01
6.190363e-01	7.999862e-01	-1.305908e-01
4.321861e-01	8.288885e-01	-1.472228e-01
6.260474e-01	8.296227e-01	-1.601148e-01
4.371754e-01	8.374006e-01	-1.590731e-01
6.206599e-01	8.366496e-01	-1.721882e-01
4.409029e-01	8.251197e-01	-1.281553e-01
6.160924e-01	8.255901e-01	-1.416367e-01
5.004007e-01	4.091770e-01	9.661099e-03
5.469432e-01	4.083118e-01	-9.591149e-03
4.905820e-01	2.433062e-01	1.878736e-02
5.482849e-01	2.429031e-01	-1.967118e-02
4.913915e-01	9.449854e-02	1.121127e-01
5.497510e-01	8.917417e-02	7.225839e-02
4.995661e-01	6.789737e-02	1.161646e-01
5.462068e-01	7.027532e-02	7.566117e-02
4.690468e-01	5.452683e-02	2.165220e-02
5.494539e-01	4.578451e-02	-2.813433e-02
5.286775e-01	6.966856e-01	-1.391167e-01
5.237145e-01	7.132863e-01	-1.249532e-01
5.196863e-01	7.136089e-01	-1.250216e-01
5.159017e-01	7.136223e-01	-1.250259e-01
5.333512e-01	7.118585e-01	-1.222460e-01
5.363792e-01	7.112749e-01	-1.222805e-01
5.394685e-01	7.105020e-01	-1.221887e-01
5.104690e-01	7.073539e-01	-3.914130e-02
5.436499e-01	7.024838e-01	-2.555187e-02
5.214111e-01	6.808637e-01	-1.066068e-01
5.329721e-01	6.794065e-01	-1.024239e-01
4.871435e-01	6.511189e-01	-2.391795e-02
5.628208e-01	6.425291e-01	-1.967975e-02
4.545874e-01	6.977457e-01	-2.323389e-01
5.947648e-01	7.002887e-01	-2.018174e-01
4.411021e-01	7.905774e-01	-4.269322e-01
6.098098e-01	7.921506e-01	-4.059944e-01
4.344452e-01	8.261893e-01	-4.748829e-01
6.152625e-01	8.213654e-01	-4.513814e-01
4.415490e-01	8.285896e-01	-4.750547e-01
6.092241e-01	8.285617e-01	-4.514908e-01
4.458163e-01	8.155789e-01	-4.355409e-01
6.051133e-01	8.172953e-01	-4.158714e-01
5.004665e-01	4.090625e-01	9.748248e-03
5.470642e-01	4.082257e-01	-9.676315e-03
4.905481e-01	2.434230e-01	2.048213e-03
5.483424e-01	2.431677e-01	-2.250315e-02
4.913994e-01	9.423121e-02	9.313682e-02
5.497491e-01	8.912150e-02	6.198585e-02
4.995332e-01	6.723031e-02	9.695399e-02
5.463239e-01	7.017750e-02	6.432845e-02
4.681191e-01	5.453342e-02	-1.009408e-03
5.498326e-01	4.580490e-02	-4.193093e-02
5.287501e-01	6.967051e-01	-1.569115e-01
5.239242e-01	7.132720e-01	-1.416886e-01
5.198994e-01	7.136020e-01	-1.417622e-01
5.161245e-01	7.136176e-01	-1.417696e-01
5.335993e-01	7.116418e-01	-1.389379e-01
5.366420e-01	7.109093e-01	-1.389764e-01
5.397174e-01	7.099416e-01	-1.388943e-01
5.107651e-01	7.068719e-01	-5.011321e-02
5.436815e-01	7.010826e-01	-3.720042e-02
5.213987e-01	6.808586e-01	-1.227484e-01
5.331370e-01	6.792687e-01	-1.185845e-01
4.879673e-01	6.476693e-01	-5.592848e-02
5.626648e-01	6.405231e-01	-3.535649e-02
4.582323e-01	6.800359e-01	-3.134103e-01
5.910822e-01	6.895030e-01	-2.695837e-01
4.482781e-01	7.648215e-01	-5.434502e-01
6.006377e-01	7.794513e-01	-5.034145e-01
4.413090e-01	8.016923e-01	-5.984985e-01
6.011561e-01	8.123647e-01	-5.548282e-01
4.477730e-01	8.052324e-01	-5.963268e-01
5.948877e-01	8.192024e-01	-5.501081e-01
4.522524e-01	7.908853e-01	-5.520992e-01
5.927461e-01	8.050483e-01	-5.126001e-01
5.004854e-01	4.087964e-01	8.714193e-03
5.470750e-01	4.071367e-01	-8.682618e-03
4.904602e-01	2.435535e-01	-1.094943e-02
5.483158e-01	2.432208e-01	-2.236960e-02
4.914001e-01	9.408726e-02	9.061422e-02
5.492486e-01	8.920193e-02	6.850766e-02
4.994920e-01	6.712034e-02	9.508769e-02
5.460863e-01	7.063210e-02	7.087837e-02
4.681028e-01	5.451966e-02	-9.552078e-03
5.486004e-01	4.702995e-02	-3.985331e-02
5.287399e-01	6.972710e-01	-1.617175e-01
5.239941e-01	7.137638e-01	-1.460844e-01
5.200039e-01	7.141215e-01	-1.461552e-01
5.163100e-01	7.142149e-01	-1.461557e-01
5.337614e-01	7.118271e-01	-1.441404e-01
5.368803e-01	7.109702e-01	-1.441782e-01
5.399469e-01	7.099477e-01	-1.440954e-01
5.111026e-01	7.069145e-01	-5.231345e-02
5.438204e-01	7.009609e-01	-4.273286e-02
5.213823e-01	6.812212e-01	-1.266373e-01
5.331997e-01	6.793628e-01	-1.235520e-01
4.899866e-01	6.426087e-01	-5.468379e-02
5.624869e-01	6.378763e-01	-4.979165e-02
4.639811e-01	6.640916e-01	-3.155331e-01
5.859671e-01	6.750984e-01	-3.047039e-01
4.539393e-01	7.374123e-01	-5.508730e-01
5.898429e-01	7.566271e-01	-5.507175e-01
4.481726e-01	7.661768e-01	-6.068560e-01
5.883626e-01	7.856100e-01	-6.042933e-01
4.551057e-01	7.732028e-01	-6.042159e-01
5.825484e-01	7.908986e-01	-5.981280e-01
4.590093e-01	7.608443e-01	-5.596585e-01
5.809601e-01	7.778453e-01	-5.594715e-01
5.007614e-01	4.061887e-01	9.028588e-03
5.471302e-01	4.043784e-01	-9.020759e-03
4.904923e-01	2.435535e-01	-6.096482e-03
5.483151e-01	2.431943e-01	-2.198357e-02
4.913951e-01	9.415464e-02	9.841136e-02
5.494103e-01	8.947874e-02	7.034266e-02
4.993973e-01	6.733716e-02	1.029416e-01
5.463585e-01	7.119677e-02	7.287347e-02
4.677540e-01	5.466229e-02	1.049101e-03
5.486405e-01	4.705650e-02	-3.731116e-02
5.287308e-01	6.970310e-01	-1.607687e-01
5.241513e-01	7.136191e-01	-1.453482e-01
5.201727e-01	7.140341e-01	-1.454194e-01
5.165588e-01	7.142079e-01	-1.454109e-01
5.339669e-01	7.117167e-01	-1.441977e-01
5.371683e-01	7.108818e-01	-1.442269e-01
5.402361e-01	7.099001e-01	-1.441357e-01
5.113845e-01	7.072077e-01	-5.051417e-02
5.440132e-01	7.009822e-01	-4.417475e-02
5.213752e-01	6.809768e-01	-1.250793e-01
5.332408e-01	6.788625e-01	-1.229527e-01
4.915434e-01	6.406354e-01	-5.194654e-02
5.622875e-01	6.363994e-01	-5.451087e-02
4.702455e-01	6.364537e-01	-3.219360e-01
5.808867e-01	6.621143e-01	-3.187636e-01
4.604870e-01	6.926212e-01	-5.728313e-01
5.791683e-01	7.313016e-01	-5.626768e-01
4.533125e-01	7.261460e-01	-6.299401e-01
5.761780e-01	7.567880e-01	-6.164060e-01
4.616973e-01	7.325502e-01	-6.257013e-01
5.701200e-01	7.586289e-01	-6.091405e-01
4.673146e-01	7.154071e-01	-5.804515e-01
5.677253e-01	7.455633e-01	-5.706645e-01
5.010835e-01	4.057129e-01	9.214995e-03
5.475177e-01	4.040912e-01	-9.227050e-03
4.905060e-01	2.442259e-01	-3.767654e-03
5.483121e-01	2.432661e-01	-2.193715e-02
4.914295e-01	9.583731e-02	1.004184e-01
5.494117e-01	9.032974e-02	7.088111e-02
4.993980e-01	6.959178e-02	1.051013e-01
5.465136e-01	7.262433e-02	7.348127e-02
4.680995e-01	5.495440e-02	4.886100e-03
5.476158e-01	4.746038e-02	-3.235168e-02
5.288407e-01	6.972943e-01	-1.596829e-01
5.241720e-01	7.136788e-01	-1.443632e-01
5.201797e-01	7.141561e-01	-1.444323e-01
5.165601e-01	7.144263e-01	-1.444167e-01
5.341610e-01	7.121489e-01	-1.438161e-01
5.374382e-01	7.118836e-01	-1.438382e-01
5.405317e-01	7.116669e-01	-1.437415e-01
5.112928e-01	7.081549e-01	-4.868006e-02
5.441893e-01	7.040228e-01	-4.515364e-02
5.214412e-01	6.809454e-01	-1.235598e-01
5.335222e-01	6.787897e-01	-1.222899e-01
4.914717e-01	6.384710e-01	-4.800183e-02
5.615691e-01	6.357310e-01	-5.746149e-02
4.737532e-01	6.191280e-01	-3.083329e-01
5.758875e-01	6.538484e-01	-3.213032e-01
4.668907e-01	6.596577e-01	-5.579321e-01
5.678601e-01	7.048717e-01	-5.592303e-01
4.612077e-01	6.845776e-01	-6.144574e-01
5.625426e-01	7.272475e-01	-6.138326e-01
4.694850e-01	6.888351e-01	-6.113181e-01
5.575606e-01	7.259359e-01	-6.059140e-01
4.750016e-01	6.755063e-01	-5.655683e-01
5.563295e-01	7.146490e-01	-5.666502e-01
5.013805e-01	4.042856e-01	9.537207e-03
5.482531e-01	4.037861e-01	-9.558455e-03
4.910840e-01	2.437926e-01	-2.959112e-03
5.483454e-01	2.431670e-01	-2.088552e-02
4.915780e-01	9.630326e-02	1.081990e-01
5.495623e-01	9.028707e-02	7.271968e-02
4.995710e-01	7.154945e-02	1.129477e-01
5.465077e-01	7.252635e-02	7.566188e-02
4.699256e-01	5.499856e-02	9.475918e-03
5.480045e-01	4.731447e-02	-3.339397e-02
5.289482e-01	6.957646e-01	-1.526875e-01
5.243023e-01	7.121474e-01	-1.370855e-01
5.203407e-01	7.129967e-01	-1.371621e-01
5.168927e-01	7.135512e-01	-1.371507e-01
5.343451e-01	7.109662e-01	-1.399662e-01
5.376799e-01	7.110873e-01	-1.399992e-01
5.408540e-01	7.111627e-01	-1.399386e-01
5.115122e-01	7.081655e-01	-3.353377e-02
5.447968e-01	7.042296e-01	-4.547320e-02
5.219237e-01	6.792204e-01	-1.130195e-01
5.340379e-01	6.770455e-01	-1.163269e-01
4.909606e-01	6.386998e-01	-1.596924e-02
5.619575e-01	6.357679e-01	-6.350026e-02
4.768727e-01	6.229740e-01	-2.575476e-01
5.677090e-01	6.420613e-01	-3.363633e-01
4.763705e-01	6.215906e-01	-5.163634e-01
5.546116e-01	6.812172e-01	-5.718027e-01
4.754608e-01	6.344088e-01	-5.704144e-01
5.480148e-01	6.974120e-01	-6.262504e-01
4.798762e-01	6.363469e-01	-5.687594e-01
5.451658e-01	6.979941e-01	-6.183347e-01
4.840322e-01	6.294656e-01	-5.247215e-01
5.453759e-01	6.899661e-01	-5.781803e-01
5.014589e-01	4.034975e-01	2.064331e-02
5.487795e-01	4.032711e-01	-2.067663e-02
4.916372e-01	2.435899e-01	8.505115e-03
5.483974e-01	2.418789e-01	-2.783503e-02
4.916542e-01	9.599002e-02	1.258374e-01
5.496903e-01	8.892240e-02	7.118542e-02
5.000393e-01	7.111161e-02	1.310364e-01
5.464850e-01	7.015339e-02	7.456218e-02
4.697815e-01	5.454622e-02	2.605804e-02
5.483956e-01	4.563320e-02	-4.101890e-02
5.294487e-01	6.961704e-01	-1.286315e-01
5.249767e-01	7.124603e-01	-1.123819e-01
5.208536e-01	7.133060e-01	-1.124847e-01
5.174725e-01	7.139126e-01	-1.125103e-01
5.352066e-01	7.111808e-01	-1.143680e-01
5.383903e-01	7.112601e-01	-1.143782e-01
5.420247e-01	7.112882e-01	-1.143144e-01
5.118904e-01	7.088031e-01	-7.896829e-03
5.459587e-01	7.045912e-01	-1.623655e-02
5.222489e-01	6.795455e-01	-8.901636e-02
5.348018e-01	6.774812e-01	-9.101343e-02
4.909286e-01	6.380521e-01	1.043839e-02
5.633622e-01	6.323999e-01	-1.563318e-02
4.769368e-01	5.981102e-01	-2.357474e-01
5.656746e-01	6.068736e-01	-2.805257e-01
4.770560e-01	5.930206e-01	-4.804270e-01
5.593818e-01	6.246082e-01	-4.794598e-01
4.776100e-01	5.996287e-01	-5.357997e-01
5.598789e-01	6.238629e-01	-5.318949e-01
4.824523e-01	6.055294e-01	-5.379148e-01
5.584420e-01	6.313676e-01	-5.317520e-01
4.848441e-01	6.021783e-01	-4.896848e-01
5.558105e-01	6.284235e-01	-4.887378e-01
5.022966e-01	4.027527e-01	1.924608e-02
5.504627e-01	4.023543e-01	-1.928108e-02
4.935734e-01	2.432447e-01	1.073260e-03
5.495019e-01	2.407200e-01	-2.753947e-02
4.924056e-01	9.500040e-02	1.111076e-01
5.506440e-01	8.694596e-02	6.922211e-02
5.011015e-01	7.093704e-02	1.146789e-01
5.456654e-01	6.826770e-02	7.155751e-02
4.698277e-01	5.436890e-02	3.104578e-03
5.565203e-01	4.427651e-02	-4.650908e-02
5.298471e-01	6.962237e-01	-1.261594e-01
5.255262e-01	7.128163e-01	-1.117997e-01
5.212995e-01	7.137132e-01	-1.118729e-01
5.178969e-01	7.144312e-01	-1.118611e-01
5.360029e-01	7.115970e-01	-1.143479e-01
5.392829e-01	7.116795e-01	-1.143739e-01
5.431684e-01	7.116471e-01	-1.143268e-01
5.122287e-01	7.098383e-01	-1.237283e-02
5.471702e-01	7.052959e-01	-2.236407e-02
5.225959e-01	6.797028e-01	-8.759518e-02
5.356964e-01	6.777418e-01	-9.018186e-02
4.905975e-01	6.383072e-01	1.245170e-02
5.653921e-01	6.339767e-01	-2.374890e-02
4.775626e-01	5.869389e-01	-2.029020e-01
5.690928e-01	5.999514e-01	-2.562942e-01
4.823968e-01	5.726170e-01	-4.547729e-01
5.589554e-01	5.920117e-01	-4.717291e-01
4.828289e-01	5.688754e-01	-5.081114e-01
5.572656e-01	5.863156e-01	-5.244773e-01
4.877838e-01	5.776408e-01	-5.106004e-01
5.519335e-01	5.913975e-01	-5.252117e-01
4.911372e-01	5.767422e-01	-4.639339e-01
5.503489e-01	5.916767e-01	-4.807002e-01
5.024794e-01	4.026794e-01	1.682791e-02
5.510774e-01	4.023154e-01	-1.682397e-02
4.938272e-01	2.430746e-01	-1.835297e-03
5.499724e-01	2.404878e-01	-2.710748e-02
4.924061e-01	9.680393e-02	1.139573e-01
5.506352e-01	8.634133e-02	7.883304e-02
5.009035e-01	7.490805e-02	1.185822e-01
5.447394e-01	6.745167e-02	8.221552e-02
4.735075e-01	5.639023e-02	5.459341e-03
5.584980e-01	4.376237e-02	-3.862644e-02
5.303729e-01	6.962195e-01	-9.804006e-02
5.260009e-01	7.128822e-01	-8.332550e-02
5.216610e-01	7.138226e-01	-8.338499e-02
5.181926e-01	7.146432e-01	-8.336221e-02
5.366464e-01	7.116468e-01	-8.556950e-02
5.400002e-01	7.117259e-01	-8.559195e-02
5.439227e-01	7.116625e-01	-8.551001e-02
5.125176e-01	7.106180e-01	1.203142e-02
5.475542e-01	7.054585e-01	2.564465e-03
5.229354e-01	6.797411e-01	-6.154444e-02
5.364242e-01	6.778575e-01	-6.385248e-02
4.899511e-01	6.376930e-01	3.534950e-02
5.670810e-01	6.334484e-01	-4.869376e-04
4.781059e-01	5.787889e-01	-1.226383e-01
5.667622e-01	5.891173e-01	-1.898200e-01
4.822624e-01	5.396479e-01	-3.345408e-01
5.523834e-01	5.557162e-01	-4.048339e-01
4.783048e-01	5.202014e-01	-3.826014e-01
5.514612e-01	5.458679e-01	-4.556901e-01
4.869980e-01	5.255783e-01	-3.928600e-01
5.453256e-01	5.513001e-01	-4.587873e-01
4.920263e-01	5.308737e-01	-3.446320e-01
5.435901e-01	5.526261e-01	-4.131862e-01
5.025603e-01	4.030533e-01	1.571973e-02
5.510370e-01	4.023131e-01	-1.567204e-02
4.940068e-01	2.430251e-01	-1.847018e-03
5.505671e-01	2.402502e-01	-2.676919e-02
4.925819e-01	9.701815e-02	9.714581e-02
5.507717e-01	8.627954e-02	6.631281e-02
5.009447e-01	7.512021e-02	1.006480e-01
5.446874e-01	6.742597e-02	6.852594e-02
4.730816e-01	5.719569e-02	2.311476e-03
5.595112e-01	4.376988e-02	-4.026439e-02
5.304599e-01	6.962221e-01	-7.384880e-02
5.260752e-01	7.129157e-01	-5.668691e-02
5.217179e-01	7.138712e-01	-5.672720e-02
5.182494e-01	7.147059e-01	-5.668366e-02
5.368232e-01	7.116817e-01	-5.904928e-02
5.401948e-01	7.117428e-01	-5.907276e-02
5.441109e-01	7.116637e-01	-5.896829e-02
5.125645e-01	7.106987e-01	4.192256e-02
5.476413e-01	7.054985e-01	3.096219e-02
5.229202e-01	6.798399e-01	-3.690328e-02
5.364938e-01	6.778991e-01	-3.974255e-02
4.890326e-01	6.341559e-01	6.711116e-02
5.678052e-01	6.310521e-01	2.748252e-02
4.769810e-01	5.577151e-01	-4.471574e-02
5.671957e-01	5.695657e-01	-1.376548e-01
4.824148e-01	4.997129e-01	-2.158305e-01
5.495012e-01	5.254456e-01	-3.407766e-01
4.796873e-01	4.751415e-01	-2.581142e-01
5.470141e-01	4.994831e-01	-3.903670e-01
4.879091e-01	4.801744e-01	-2.730796e-01
5.376457e-01	5.021358e-01	-3.951501e-01
4.929384e-01	4.881596e-01	-2.265575e-01
5.365433e-01	5.082552e-01	-3.489632e-01
5.025569e-01	4.036883e-01	1.442008e-02
5.510253e-01	4.023191e-01	-1.430665e-02
4.939435e-01	2.431885e-01	-1.394259e-02
5.511340e-01	2.402700e-01	-3.367042e-02
4.927042e-01	9.669712e-02	7.052226e-02
5.513486e-01	8.664110e-02	4.572459e-02
5.010329e-01	7.452443e-02	7.321775e-02
5.447940e-01	6.754968e-02	4.712110e-02
4.726838e-01	5.726025e-02	-1.793832e-02
5.618505e-01	4.560807e-02	-5.581713e-02
5.305385e-01	6.982610e-01	-8.334561e-02
5.262195e-01	7.152071e-01	-6.478662e-02
5.218852e-01	7.158769e-01	-6.481692e-02
5.184498e-01	7.164029e-01	-6.477743e-02
5.368646e-01	7.135825e-01	-6.707565e-02
5.401855e-01	7.132478e-01	-6.711525e-02
5.441127e-01	7.128342e-01	-6.699137e-02
5.128821e-01	7.112143e-01	3.233343e-02
5.476716e-01	7.061764e-01	2.114127e-02
5.229493e-01	6.823403e-01	-4.771308e-02
5.365476e-01	6.804332e-01	-5.074305e-02
4.890415e-01	6.326219e-01	6.105914e-02
5.679249e-01	6.279340e-01	2.796810e-02
4.761814e-01	5.376330e-01	1.038886e-02
5.666767e-01	5.419000e-01	-8.274600e-02
4.805814e-01	4.630793e-01	-1.033874e-01
5.461520e-01	4.838406e-01	-2.530634e-01
4.781061e-01	4.305997e-01	-1.374182e-01
5.436414e-01	4.569652e-01	-2.977863e-01
4.854315e-01	4.347526e-01	-1.591889e-01
5.357358e-01	4.628305e-01	-3.086410e-01
4.902525e-01	4.448651e-01	-1.155093e-01
5.349779e-01	4.704033e-01	-2.625681e-01
5.025405e-01	4.035647e-01	1.106736e-02
5.510022e-01	4.021660e-01	-1.094143e-02
4.939607e-01	2.438690e-01	-1.435138e-02
5.518632e-01	2.402755e-01	-3.199282e-02
4.927322e-01	9.674044e-02	7.384811e-02
5.513960e-01	8.665286e-02	4.953453e-02
5.010175e-01	7.465511e-02	7.679950e-02
5.447082e-01	6.757458e-02	5.086490e-02
4.719649e-01	5.837741e-02	-1.373111e-02
5.631278e-01	4.568036e-02	-5.314925e-02
5.305331e-01	6.997001e-01	-1.651521e-01
5.262030e-01	7.165681e-01	-1.475629e-01
5.219001e-01	7.168926e-01	-1.475795e-01
5.184940e-01	7.171663e-01	-1.475424e-01
5.368403e-01	7.150503e-01	-1.495726e-01
5.401701e-01	7.145287e-01	-1.496338e-01
5.440669e-01	7.139235e-01	-1.495475e-01
5.130570e-01	7.114258e-01	-5.212745e-02
5.476335e-01	7.068658e-01	-6.208236e-02
5.229093e-01	6.841771e-01	-1.300408e-01
5.365192e-01	6.827927e-01	-1.327938e-01
4.890228e-01	6.294735e-01	6.401604e-03
5.682925e-01	6.234733e-01	-3.285965e-02
4.765549e-01	5.206787e-01	8.580003e-03
5.669366e-01	5.190983e-01	-6.660590e-02
4.778584e-01	4.273895e-01	-6.570917e-02
5.441872e-01	4.359485e-01	-1.694545e-01
4.748668e-01	3.922870e-01	-9.451982e-02
5.432310e-01	4.042020e-01	-2.046600e-01
4.823127e-01	3.994832e-01	-1.222176e-01
5.341235e-01	4.085972e-01	-2.242550e-01
4.870307e-01	4.107313e-01	-7.905609e-02
5.325360e-01	4.195614e-01	-1.799234e-01
5.025784e-01	4.044930e-01	1.093211e-02
5.509552e-01	4.022714e-01	-1.079865e-02
4.939745e-01	2.461205e-01	-1.177177e-02
5.522525e-01	2.404182e-01	-3.088993e-02
4.930077e-01	9.667383e-02	8.287388e-02
5.517514e-01	8.540646e-02	5.368834e-02
5.012375e-01	7.432529e-02	8.632864e-02
5.448060e-01	6.661703e-02	5.544152e-02
4.720113e-01	6.098629e-02	-7.547953e-03
5.648955e-01	4.471137e-02	-4.967736e-02
5.293199e-01	7.006468e-01	-2.038294e-01
5.251774e-01	7.170810e-01	-1.878076e-01
5.214105e-01	7.173428e-01	-1.878245e-01
5.179986e-01	7.174504e-01	-1.877849e-01
5.356136e-01	7.159227e-01	-1.896812e-01
5.393630e-01	7.153810e-01	-1.897390e-01
5.430150e-01	7.148357e-01	-1.896623e-01
5.130541e-01	7.116198e-01	-9.459853e-02
5.475488e-01	7.076042e-01	-1.040186e-01
5.219864e-01	6.851233e-01	-1.691194e-01
5.353682e-01	6.842230e-01	-1.716273e-01
4.887610e-01	6.264974e-01	-4.034800e-02
5.691021e-01	6.173986e-01	-6.226530e-02
4.764279e-01	5.121110e-01	-2.266102e-02
5.681337e-01	5.000495e-01	-6.423765e-02
4.762796e-01	4.057307e-01	-9.319039e-02
5.487446e-01	4.087006e-01	-1.469314e-01
4.747823e-01	3.685554e-01	-1.217455e-01
5.481261e-01	3.736081e-01	-1.783140e-01
4.808913e-01	3.722734e-01	-1.507972e-01
5.387489e-01	3.795102e-01	-2.017154e-01
4.855218e-01	3.837748e-01	-1.069799e-01
5.363593e-01	3.919002e-01	-1.583659e-01
5.021847e-01	4.022838e-01	7.900780e-03
5.506533e-01	3.986901e-01	-7.753237e-03
4.939664e-01	2.462172e-01	6.136970e-04
5.529195e-01	2.402420e-01	-1.013501e-02
4.930312e-01	9.677653e-02	1.002379e-01
5.522099e-01	8.572207e-02	8.465328e-02
5.013363e-01	7.421757e-02	1.047246e-01
5.447993e-01	6.663309e-02	8.751508e-02
4.719706e-01	6.202624e-02	2.238694e-02
5.694593e-01	4.473918e-02	-9.106161e-03
5.286142e-01	7.024018e-01	-2.362348e-01
5.242224e-01	7.177922e-01	-2.203242e-01
5.208534e-01	7.178969e-01	-2.203441e-01
5.172317e-01	7.178784e-01	-2.203158e-01
5.346358e-01	7.167969e-01	-2.231466e-01
5.386801e-01	7.163352e-01	-2.232195e-01
5.421120e-01	7.157395e-01	-2.231548e-01
5.128843e-01	7.117891e-01	-1.263984e-01
5.473637e-01	7.086031e-01	-1.402099e-01
5.214323e-01	6.857610e-01	-2.010269e-01
5.347756e-01	6.851898e-01	-2.048223e-01
4.880358e-01	6.226349e-01	-6.876218e-02
5.702323e-01	6.118030e-01	-9.535036e-02
4.760741e-01	5.035676e-01	-4.629189e-02
5.699130e-01	4.852800e-01	-9.039371e-02
4.753826e-01	3.956025e-01	-1.180861e-01
5.527334e-01	3.872549e-01	-1.691857e-01
4.729143e-01	3.576159e-01	-1.462026e-01
5.506573e-01	3.504124e-01	-1.994316e-01
4.801331e-01	3.575516e-01	-1.742122e-01
5.439497e-01	3.553152e-01	-2.234848e-01
4.852488e-01	3.705593e-01	-1.313795e-01
5.416399e-01	3.686635e-01	-1.805719e-01
5.017627e-01	3.956563e-01	8.082245e-03
5.497226e-01	3.932345e-01	-7.948073e-03
4.939394e-01	2.439721e-01	1.697344e-02
5.528437e-01	2.401207e-01	9.452763e-04
4.932894e-01	9.675546e-02	1.217893e-01
5.524386e-01	8.741298e-02	1.029742e-01
5.017492e-01	7.414175e-02	1.271570e-01
5.452320e-01	6.821670e-02	1.070058e-01
4.720692e-01	6.192472e-02	4.709958e-02
5.674614e-01	4.477922e-02	1.302839e-02
5.284238e-01	7.038305e-01	-2.307933e-01
5.238272e-01	7.185664e-01	-2.156992e-01
5.205995e-01	7.186034e-01	-2.157131e-01
5.168783e-01	7.184282e-01	-2.156781e-01
5.342566e-01	7.176375e-01	-2.174572e-01
5.384155e-01	7.170806e-01	-2.175320e-01
5.416769e-01	7.163733e-01	-2.174766e-01
5.126597e-01	7.119426e-01	-1.259443e-01
5.472172e-01	7.091548e-01	-1.346118e-01
5.212932e-01	6.864465e-01	-1.971969e-01
5.346234e-01	6.857190e-01	-1.994950e-01
4.872646e-01	6.216430e-01	-7.224875e-02
5.705720e-01	6.097888e-01	-8.941439e-02
4.757757e-01	5.030068e-01	-5.370431e-02
5.745263e-01	4.851802e-01	-8.083475e-02
4.748907e-01	3.961403e-01	-1.248268e-01
5.595702e-01	3.794260e-01	-1.549346e-01
4.688213e-01	3.585141e-01	-1.524650e-01
5.611262e-01	3.408017e-01	-1.841682e-01
4.772057e-01	3.573548e-01	-1.803300e-01
5.499209e-01	3.442714e-01	-2.088976e-01
4.831563e-01	3.703367e-01	-1.378957e-01
5.452406e-01	3.578556e-01	-1.666447e-01
5.017632e-01	3.924985e-01	7.673313e-03
5.497188e-01	3.902311e-01	-7.544511e-03
4.939318e-01	2.420662e-01	2.207523e-02
5.528830e-01	2.388773e-01	6.834076e-03
4.937414e-01	9.684593e-02	1.320379e-01
5.531647e-01	8.915239e-02	1.160115e-01
5.022914e-01	7.426874e-02	1.378851e-01
5.462635e-01	6.941047e-02	1.207786e-01
4.731041e-01	6.160989e-02	5.640875e-02
5.679752e-01	4.477834e-02	2.618428e-02
5.282930e-01	7.046866e-01	-2.323497e-01
5.235636e-01	7.191676e-01	-2.173475e-01
5.203862e-01	7.191130e-01	-2.173651e-01
5.166054e-01	7.187998e-01	-2.173312e-01
5.339231e-01	7.185014e-01	-2.189107e-01
5.381163e-01	7.179449e-01	-2.189833e-01
5.412930e-01	7.171875e-01	-2.189289e-01
5.124711e-01	7.119454e-01	-1.273530e-01
5.470251e-01	7.094659e-01	-1.354229e-01
5.212417e-01	6.871824e-01	-1.986700e-01
5.345534e-01	6.862512e-01	-2.007825e-01
4.871399e-01	6.211722e-01	-7.549406e-02
5.708125e-01	6.083974e-01	-8.524835e-02
4.755928e-01	5.034573e-01	-5.585650e-02
5.779145e-01	4.839878e-01	-7.201927e-02
4.735970e-01	3.980930e-01	-1.254447e-01
5.719687e-01	3.768538e-01	-1.455110e-01
4.656820e-01	3.612123e-01	-1.517903e-01
5.737375e-01	3.398316e-01	-1.729942e-01
4.736768e-01	3.604048e-01	-1.805378e-01
5.647377e-01	3.415178e-01	-1.996162e-01
4.798039e-01	3.726028e-01	-1.388053e-01
5.601886e-01	3.552217e-01	-1.581189e-01
5.017615e-01	3.929938e-01	6.855423e-03
5.496364e-01	3.905866e-01	-6.730486e-03
4.939085e-01	2.420809e-01	2.235499e-02
5.528650e-01	2.388873e-01	7.102792e-03
4.941877e-01	9.698118e-02	1.346911e-01
5.532078e-01	9.021868e-02	1.167919e-01
5.028732e-01	7.438048e-02	1.407047e-01
5.464472e-01	7.053956e-02	1.214612e-01
4.735346e-01	6.148045e-02	5.791057e-02
5.677663e-01	4.479260e-02	2.515302e-02
5.282029e-01	7.050782e-01	-2.148530e-01
5.233371e-01	7.195673e-01	-1.993152e-01
5.200661e-01	7.194612e-01	-1.993407e-01
5.162740e-01	7.190463e-01	-1.993058e-01
5.337489e-01	7.190577e-01	-2.003370e-01
5.379109e-01	7.184922e-01	-2.004066e-01
5.410651e-01	7.177116e-01	-2.003525e-01
5.121869e-01	7.119864e-01	-1.103882e-01
5.467664e-01	7.098494e-01	-1.155285e-01
5.211639e-01	6.876758e-01	-1.818982e-01
5.345414e-01	6.866737e-01	-1.832129e-01
4.870804e-01	6.205903e-01	-6.387152e-02
5.707084e-01	6.093595e-01	-7.085127e-02
4.754532e-01	5.078002e-01	-5.311533e-02
5.817339e-01	4.879741e-01	-5.683986e-02
4.724125e-01	4.046011e-01	-1.306725e-01
5.783470e-01	3.814849e-01	-1.373353e-01
4.646062e-01	3.687529e-01	-1.585302e-01
5.825797e-01	3.453501e-01	-1.662318e-01
4.726477e-01	3.693215e-01	-1.858638e-01
5.746048e-01	3.459555e-01	-1.921752e-01
4.785665e-01	3.801992e-01	-1.436060e-01
5.699232e-01	3.600192e-01	-1.500032e-01
5.018873e-01	3.933827e-01	6.302903e-03
5.499429e-01	3.911242e-01	-6.177437e-03
4.939666e-01	2.421110e-01	2.026619e-02
5.528352e-01	2.390471e-01	5.302965e-03
4.944271e-01	9.725516e-02	1.287929e-01
5.531853e-01	9.137592e-02	1.093092e-01
5.028940e-01	7.457708e-02	1.344705e-01
5.469094e-01	7.187604e-02	1.134920e-01
4.761196e-01	6.135505e-02	5.192521e-02
5.666399e-01	4.524415e-02	1.780217e-02
5.274515e-01	7.060581e-01	-1.889234e-01
5.227368e-01	7.202615e-01	-1.731636e-01
5.193140e-01	7.200657e-01	-1.731798e-01
5.157349e-01	7.195656e-01	-1.731401e-01
5.329503e-01	7.198715e-01	-1.740083e-01
5.368422e-01	7.193641e-01	-1.740808e-01
5.400895e-01	7.185797e-01	-1.740464e-01
5.118285e-01	7.121516e-01	-9.556977e-02
5.457265e-01	7.101153e-01	-9.741981e-02
5.205738e-01	6.888391e-01	-1.600043e-01
5.339473e-01	6.877887e-01	-1.608907e-01
4.869274e-01	6.207506e-01	-5.184491e-02
5.705975e-01	6.104073e-01	-4.755563e-02
4.755000e-01	5.140198e-01	-2.656940e-02
5.842077e-01	4.948720e-01	-3.149426e-02
4.722415e-01	4.138037e-01	-1.029371e-01
5.872140e-01	3.912670e-01	-1.083660e-01
4.646152e-01	3.810129e-01	-1.286097e-01
5.932666e-01	3.570419e-01	-1.351377e-01
4.724757e-01	3.816089e-01	-1.550790e-01
5.856293e-01	3.568000e-01	-1.616016e-01
4.784581e-01	3.926227e-01	-1.155466e-01
5.807117e-01	3.691026e-01	-1.212311e-01
5.029882e-01	3.937426e-01	6.431665e-03
5.513442e-01	3.915694e-01	-6.306822e-03
4.945396e-01	2.427647e-01	1.798552e-02
5.528199e-01	2.392868e-01	1.556374e-03
4.947363e-01	9.744681e-02	1.253879e-01
5.532266e-01	9.177391e-02	1.033563e-01
5.029975e-01	7.481699e-02	1.304227e-01
5.477929e-01	7.251839e-02	1.073730e-01
4.770498e-01	6.134167e-02	4.694853e-02
5.631892e-01	4.606492e-02	1.256574e-02
