5.411474e-01	7.510535e-01	-3.515818e-01
5.355576e-01	7.699012e-01	-3.368937e-01
5.317457e-01	7.697955e-01	-3.368848e-01
5.275835e-01	7.695758e-01	-3.368233e-01
5.467151e-01	7.710515e-01	-3.359932e-01
5.506172e-01	7.716113e-01	-3.360336e-01
5.548390e-01	7.718194e-01	-3.359197e-01
5.242965e-01	7.647957e-01	-2.254927e-01
5.597362e-01	7.660379e-01	-2.202946e-01
5.345708e-01	7.319750e-01	-3.078925e-01
5.483393e-01	7.338617e-01	-3.059467e-01
4.987404e-01	6.556135e-01	-1.485669e-01
5.904527e-01	6.625943e-01	-1.369416e-01
4.911711e-01	5.262264e-01	-1.148001e-01
5.981961e-01	5.368065e-01	-9.824138e-02
4.886370e-01	4.094222e-01	-1.951007e-01
6.012785e-01	4.152206e-01	-1.804957e-01
4.866006e-01	3.754743e-01	-2.294530e-01
6.058692e-01	3.783168e-01	-2.126974e-01
4.931379e-01	3.758818e-01	-2.638472e-01
5.969306e-01	3.809775e-01	-2.445394e-01
4.979009e-01	3.896042e-01	-2.117881e-01
5.922378e-01	3.938310e-01	-1.961342e-01
5.185168e-01	4.068178e-01	-5.298090e-03
5.656935e-01	4.038236e-01	5.343821e-03
5.152370e-01	2.510453e-01	6.256262e-02
5.722227e-01	2.519153e-01	9.707461e-02
5.155392e-01	1.075977e-01	2.715064e-01
5.758768e-01	1.092702e-01	3.271322e-01
5.246792e-01	8.559692e-02	2.865767e-01
5.674718e-01	9.080887e-02	3.440141e-01
4.893097e-01	4.985091e-02	1.874827e-01
6.032011e-01	5.294287e-02	2.437805e-01
5.416663e-01	7.515063e-01	-3.334529e-01
5.361058e-01	7.700511e-01	-3.165139e-01
5.320013e-01	7.701007e-01	-3.165135e-01
5.281918e-01	7.702112e-01	-3.164395e-01
5.476140e-01	7.710254e-01	-3.171537e-01
5.515922e-01	7.715064e-01	-3.172242e-01
5.558596e-01	7.717140e-01	-3.171369e-01
5.245407e-01	7.651536e-01	-2.022379e-01
5.609441e-01	7.660382e-01	-2.059200e-01
5.348631e-01	7.325672e-01	-2.894970e-01
5.488889e-01	7.339678e-01	-2.901922e-01
4.989130e-01	6.555754e-01	-1.291301e-01
5.907193e-01	6.623363e-01	-1.247020e-01
4.913681e-01	5.264238e-01	-9.922832e-02
5.982693e-01	5.355701e-01	-9.139897e-02
4.893710e-01	4.096658e-01	-1.698730e-01
6.011276e-01	4.138356e-01	-1.745006e-01
4.869963e-01	3.752573e-01	-2.005413e-01
6.044198e-01	3.756919e-01	-2.047665e-01
4.937750e-01	3.756427e-01	-2.309849e-01
5.969492e-01	3.765009e-01	-2.374897e-01
4.987687e-01	3.887329e-01	-1.847534e-01
5.923354e-01	3.893145e-01	-1.901249e-01
5.207970e-01	4.080344e-01	-4.756159e-03
5.680903e-01	4.076572e-01	4.816113e-03
5.161695e-01	2.506258e-01	4.616738e-02
5.752150e-01	2.519559e-01	6.519835e-02
5.151405e-01	1.054184e-01	2.180707e-01
5.762095e-01	1.088650e-01	2.499257e-01
5.228344e-01	8.382875e-02	2.282000e-01
5.675485e-01	8.971578e-02	2.606700e-01
4.893122e-01	4.994391e-02	1.259277e-01
6.043618e-01	5.287375e-02	1.534014e-01
5.420843e-01	7.526966e-01	-3.320807e-01
5.364898e-01	7.706329e-01	-3.149150e-01
5.321671e-01	7.708604e-01	-3.149235e-01
5.286459e-01	7.711736e-01	-3.148645e-01
5.480472e-01	7.711768e-01	-3.164172e-01
5.519609e-01	7.715804e-01	-3.164918e-01
5.562580e-01	7.717897e-01	-3.164007e-01
5.247658e-01	7.657111e-01	-2.010905e-01
5.615056e-01	7.661970e-01	-2.080115e-01
5.352086e-01	7.336732e-01	-2.883716e-01
5.493025e-01	7.347006e-01	-2.901722e-01
4.992056e-01	6.555819e-01	-1.283513e-01
5.909694e-01	6.617514e-01	-1.269633e-01
4.915552e-01	5.272713e-01	-9.763472e-02
5.983038e-01	5.327739e-01	-9.324922e-02
4.890021e-01	4.096526e-01	-1.666387e-01
6.002935e-01	4.058910e-01	-1.749679e-01
4.866292e-01	3.742037e-01	-1.962482e-01
6.026751e-01	3.691618e-01	-2.051122e-01
4.934026e-01	3.743067e-01	-2.267130e-01
5.972267e-01	3.674616e-01	-2.377296e-01
4.983056e-01	3.865108e-01	-1.814880e-01
5.929479e-01	3.805299e-01	-1.906158e-01
5.212518e-01	4.081484e-01	-2.192736e-03
5.686739e-01	4.081579e-01	2.257057e-03
5.162173e-01	2.498793e-01	4.979422e-02
5.759121e-01	2.517450e-01	6.538518e-02
5.142493e-01	1.049922e-01	2.326953e-01
5.762098e-01	1.074018e-01	2.569136e-01
5.214022e-01	8.380210e-02	2.441662e-01
5.676357e-01	8.828012e-02	2.685701e-01
4.893291e-01	4.993862e-02	1.420072e-01
6.043426e-01	5.213479e-02	1.597703e-01
5.424438e-01	7.526881e-01	-3.333037e-01
5.367249e-01	7.706281e-01	-3.163094e-01
5.322641e-01	7.708648e-01	-3.163128e-01
5.289376e-01	7.712029e-01	-3.162537e-01
5.483860e-01	7.710699e-01	-3.190039e-01
5.522601e-01	7.714382e-01	-3.191097e-01
5.566784e-01	7.716818e-01	-3.190421e-01
5.248136e-01	7.657784e-01	-2.018183e-01
5.618497e-01	7.662024e-01	-2.187196e-01
5.354565e-01	7.336793e-01	-2.895158e-01
5.496283e-01	7.347025e-01	-2.938790e-01
4.992700e-01	6.556132e-01	-1.311584e-01
5.910552e-01	6.608478e-01	-1.364084e-01
4.918006e-01	5.273331e-01	-9.969935e-02
5.981148e-01	5.300499e-01	-1.022468e-01
4.875717e-01	4.089034e-01	-1.662119e-01
6.001443e-01	4.007557e-01	-1.790699e-01
4.837611e-01	3.723673e-01	-1.949753e-01
6.026055e-01	3.647205e-01	-2.080378e-01
4.897555e-01	3.724059e-01	-2.269388e-01
5.978502e-01	3.624181e-01	-2.411485e-01
4.945926e-01	3.836909e-01	-1.815934e-01
5.935386e-01	3.755693e-01	-1.947676e-01
5.212563e-01	4.081428e-01	-1.332261e-03
5.689172e-01	4.082332e-01	1.394116e-03
5.160631e-01	2.483905e-01	5.539547e-02
5.759705e-01	2.516470e-01	7.257757e-02
5.137069e-01	1.048248e-01	2.422994e-01
5.761098e-01	1.070861e-01	2.738566e-01
5.209671e-01	8.381380e-02	2.548290e-01
5.676244e-01	8.787101e-02	2.866098e-01
4.892800e-01	5.007046e-02	1.537356e-01
6.042575e-01	5.155144e-02	1.794191e-01
5.423875e-01	7.528873e-01	-3.291287e-01
5.366858e-01	7.707841e-01	-3.127508e-01
5.322315e-01	7.710728e-01	-3.127531e-01
5.289461e-01	7.714424e-01	-3.126928e-01
5.483724e-01	7.710783e-01	-3.144194e-01
5.522491e-01	7.714365e-01	-3.144854e-01
5.566589e-01	7.716720e-01	-3.143965e-01
5.247762e-01	7.659382e-01	-1.998024e-01
5.618345e-01	7.661562e-01	-2.099862e-01
5.353381e-01	7.338618e-01	-2.855027e-01
5.496229e-01	7.347226e-01	-2.879246e-01
4.993556e-01	6.556069e-01	-1.263621e-01
5.909065e-01	6.608247e-01	-1.256610e-01
4.926101e-01	5.273317e-01	-8.631109e-02
5.970678e-01	5.302368e-01	-8.756348e-02
4.855614e-01	4.088472e-01	-1.499140e-01
6.004509e-01	4.034698e-01	-1.667531e-01
4.806556e-01	3.718903e-01	-1.776275e-01
6.028402e-01	3.649372e-01	-1.949795e-01
4.859476e-01	3.717586e-01	-2.112230e-01
5.991552e-01	3.638665e-01	-2.298731e-01
4.907393e-01	3.827575e-01	-1.659300e-01
5.950755e-01	3.768785e-01	-1.833473e-01
5.211960e-01	4.084556e-01	-1.484556e-03
5.691376e-01	4.090269e-01	1.545538e-03
5.157411e-01	2.473947e-01	5.390008e-02
5.760584e-01	2.514162e-01	7.170202e-02
5.128258e-01	1.047777e-01	2.346267e-01
5.760516e-01	1.063915e-01	2.659279e-01
5.202180e-01	8.383209e-02	2.457958e-01
5.676042e-01	8.701698e-02	2.776263e-01
4.892825e-01	5.006739e-02	1.421663e-01
6.042460e-01	5.113212e-02	1.685790e-01
5.428174e-01	7.530118e-01	-3.041954e-01
5.370482e-01	7.709053e-01	-2.873207e-01
5.324758e-01	7.712303e-01	-2.873204e-01
5.293050e-01	7.715427e-01	-2.872532e-01
5.487732e-01	7.711248e-01	-2.901552e-01
5.527109e-01	7.714760e-01	-2.902111e-01
5.571648e-01	7.716765e-01	-2.901535e-01
5.250972e-01	7.659569e-01	-1.733056e-01
5.625259e-01	7.661515e-01	-1.869474e-01
5.358132e-01	7.338656e-01	-2.601441e-01
5.501076e-01	7.347211e-01	-2.636355e-01
5.000551e-01	6.562592e-01	-9.358080e-02
5.911645e-01	6.606150e-01	-1.115430e-01
4.941884e-01	5.304313e-01	-4.992308e-02
5.970861e-01	5.304125e-01	-8.063258e-02
4.839477e-01	4.202406e-01	-1.204970e-01
6.057198e-01	4.059985e-01	-1.651828e-01
4.784954e-01	3.830613e-01	-1.467300e-01
6.101236e-01	3.659018e-01	-1.942650e-01
4.812931e-01	3.823011e-01	-1.820578e-01
6.062132e-01	3.640175e-01	-2.295692e-01
4.869449e-01	3.939868e-01	-1.376704e-01
6.017447e-01	3.773788e-01	-1.821439e-01
5.220120e-01	4.085869e-01	2.442134e-03
5.701436e-01	4.089385e-01	-2.377085e-03
5.156687e-01	2.467993e-01	5.239846e-02
5.772861e-01	2.508071e-01	4.911048e-02
5.125598e-01	1.047353e-01	2.214244e-01
5.761258e-01	1.054597e-01	2.282915e-01
5.201856e-01	8.381192e-02	2.309567e-01
5.676671e-01	8.596934e-02	2.378986e-01
4.891195e-01	4.998713e-02	1.234993e-01
6.042351e-01	5.088598e-02	1.215220e-01
5.428882e-01	7.530084e-01	-3.030810e-01
5.371777e-01	7.709106e-01	-2.859429e-01
5.325975e-01	7.712434e-01	-2.859453e-01
5.295429e-01	7.715461e-01	-2.858796e-01
5.488601e-01	7.711253e-01	-2.895265e-01
5.527790e-01	7.714778e-01	-2.895755e-01
5.572460e-01	7.716759e-01	-2.895172e-01
5.254947e-01	7.659589e-01	-1.703730e-01
5.628905e-01	7.661358e-01	-1.870492e-01
5.360748e-01	7.338132e-01	-2.584301e-01
5.502733e-01	7.346799e-01	-2.628214e-01
5.011963e-01	6.569536e-01	-8.793609e-02
5.918017e-01	6.604282e-01	-1.114211e-01
4.952923e-01	5.316590e-01	-4.097150e-02
5.973251e-01	5.305549e-01	-8.051133e-02
4.824930e-01	4.265015e-01	-1.155882e-01
6.079547e-01	4.115269e-01	-1.665661e-01
4.759257e-01	3.903650e-01	-1.417767e-01
6.130489e-01	3.714989e-01	-1.957969e-01
4.771371e-01	3.893913e-01	-1.781112e-01
6.096299e-01	3.699043e-01	-2.313373e-01
4.835033e-01	4.012310e-01	-1.332881e-01
6.049594e-01	3.835081e-01	-1.836194e-01
5.226673e-01	4.095638e-01	4.887889e-03
5.705846e-01	4.090383e-01	-4.829023e-03
5.156592e-01	2.463535e-01	4.761046e-02
5.778629e-01	2.503466e-01	3.454378e-02
5.123438e-01	1.045071e-01	2.088351e-01
5.761567e-01	1.046968e-01	2.055519e-01
5.201418e-01	8.362324e-02	2.173979e-01
5.677074e-01	8.506546e-02	2.142067e-01
4.891231e-01	4.975325e-02	1.080236e-01
6.041657e-01	5.049942e-02	9.609019e-02
5.430865e-01	7.529805e-01	-2.967860e-01
5.373583e-01	7.708912e-01	-2.794896e-01
5.327575e-01	7.712294e-01	-2.795044e-01
5.297873e-01	7.715161e-01	-2.794479e-01
5.490402e-01	7.711048e-01	-2.830677e-01
5.529634e-01	7.714652e-01	-2.831049e-01
5.574522e-01	7.716524e-01	-2.830518e-01
5.257808e-01	7.659400e-01	-1.633908e-01
5.632855e-01	7.661137e-01	-1.797887e-01
5.364103e-01	7.337170e-01	-2.519364e-01
5.505875e-01	7.345991e-01	-2.562303e-01
5.019959e-01	6.582000e-01	-8.051860e-02
5.922988e-01	6.606532e-01	-1.008291e-01
4.957646e-01	5.347827e-01	-2.892950e-02
5.990009e-01	5.323034e-01	-6.616447e-02
4.812167e-01	4.348526e-01	-1.011516e-01
6.118105e-01	4.245282e-01	-1.547393e-01
4.744748e-01	4.000296e-01	-1.260964e-01
6.180843e-01	3.886938e-01	-1.826345e-01
4.743365e-01	3.993838e-01	-1.627000e-01
6.172858e-01	3.885662e-01	-2.209605e-01
4.808580e-01	4.115990e-01	-1.188300e-01
6.118823e-01	4.003686e-01	-1.731005e-01
5.231736e-01	4.113223e-01	4.879717e-03
5.714637e-01	4.101239e-01	-4.827894e-03
5.156552e-01	2.461952e-01	4.201319e-02
5.783335e-01	2.501899e-01	3.190678e-02
5.120755e-01	1.041167e-01	1.945830e-01
5.763307e-01	1.043168e-01	2.000869e-01
5.199240e-01	8.321761e-02	2.018789e-01
5.678968e-01	8.444292e-02	2.082783e-01
4.891994e-01	4.931260e-02	8.708192e-02
6.042166e-01	5.013118e-02	8.798738e-02
5.432882e-01	7.527694e-01	-3.074573e-01
5.375227e-01	7.707626e-01	-2.905192e-01
5.329078e-01	7.711188e-01	-2.905345e-01
5.299957e-01	7.713912e-01	-2.904811e-01
5.492263e-01	7.709756e-01	-2.933660e-01
5.531579e-01	7.713594e-01	-2.934038e-01
5.576688e-01	7.715380e-01	-2.933402e-01
5.259859e-01	7.658936e-01	-1.722894e-01
5.636179e-01	7.660573e-01	-1.868102e-01
5.367051e-01	7.333854e-01	-2.619660e-01
5.508747e-01	7.343750e-01	-2.654930e-01
5.025260e-01	6.593341e-01	-8.068488e-02
5.929200e-01	6.611200e-01	-1.007611e-01
4.956811e-01	5.404169e-01	-1.041209e-02
6.025507e-01	5.385472e-01	-5.236521e-02
4.763581e-01	4.430422e-01	-6.856029e-02
6.187290e-01	4.440587e-01	-1.363599e-01
4.694744e-01	4.085733e-01	-8.958030e-02
6.285914e-01	4.112112e-01	-1.618139e-01
4.671110e-01	4.072157e-01	-1.282632e-01
6.288482e-01	4.129143e-01	-2.036304e-01
4.733149e-01	4.195685e-01	-8.674947e-02
6.212550e-01	4.235168e-01	-1.560460e-01
5.234045e-01	4.130517e-01	4.713459e-03
5.723853e-01	4.111136e-01	-4.674147e-03
5.156487e-01	2.461974e-01	4.015229e-02
5.785621e-01	2.501266e-01	3.324160e-02
5.118388e-01	1.034357e-01	1.941938e-01
5.765485e-01	1.036870e-01	2.086928e-01
5.196664e-01	8.236154e-02	2.013493e-01
5.680615e-01	8.328433e-02	2.174915e-01
4.892445e-01	4.878129e-02	8.118019e-02
6.043524e-01	4.966344e-02	9.404328e-02
5.434684e-01	7.527918e-01	-2.995959e-01
5.376562e-01	7.708011e-01	-2.819815e-01
5.330335e-01	7.711509e-01	-2.820170e-01
5.301470e-01	7.713999e-01	-2.819736e-01
5.494145e-01	7.710081e-01	-2.844755e-01
5.533708e-01	7.713919e-01	-2.844892e-01
5.578978e-01	7.715449e-01	-2.844261e-01
5.260560e-01	7.658986e-01	-1.638021e-01
5.638927e-01	7.660446e-01	-1.752612e-01
5.369229e-01	7.333783e-01	-2.540928e-01
5.511068e-01	7.343706e-01	-2.569796e-01
5.025924e-01	6.600599e-01	-7.935058e-02
5.929157e-01	6.618886e-01	-8.887214e-02
4.948390e-01	5.439780e-01	-2.535321e-02
6.056468e-01	5.440661e-01	-5.267996e-02
4.656404e-01	4.517499e-01	-1.004215e-01
6.303025e-01	4.605860e-01	-1.472897e-01
4.546607e-01	4.203889e-01	-1.254770e-01
6.424271e-01	4.321419e-01	-1.731076e-01
4.508615e-01	4.191895e-01	-1.640864e-01
6.445544e-01	4.368990e-01	-2.057399e-01
4.574555e-01	4.291449e-01	-1.191028e-01
6.376841e-01	4.465296e-01	-1.631483e-01
5.233803e-01	4.137544e-01	4.615957e-03
5.728078e-01	4.114840e-01	-4.572229e-03
5.155206e-01	2.462037e-01	3.573072e-02
5.786480e-01	2.500017e-01	3.642924e-02
5.117119e-01	1.028917e-01	1.945306e-01
5.766888e-01	1.032964e-01	2.124540e-01
5.195397e-01	8.145799e-02	2.024099e-01
5.681036e-01	8.219553e-02	2.210137e-01
4.893243e-01	4.859578e-02	8.792512e-02
6.046668e-01	4.950158e-02	1.021630e-01
5.434642e-01	7.528024e-01	-2.992933e-01
5.376617e-01	7.708973e-01	-2.808025e-01
5.330561e-01	7.712284e-01	-2.808508e-01
5.301946e-01	7.714597e-01	-2.808159e-01
5.494777e-01	7.710884e-01	-2.840120e-01
5.534623e-01	7.714685e-01	-2.840146e-01
5.580378e-01	7.715846e-01	-2.839490e-01
5.260690e-01	7.659870e-01	-1.564362e-01
5.641496e-01	7.660491e-01	-1.713738e-01
5.369173e-01	7.333615e-01	-2.514864e-01
5.511289e-01	7.343413e-01	-2.553054e-01
5.025563e-01	6.621019e-01	-6.071887e-02
5.928791e-01	6.651655e-01	-8.117274e-02
4.920000e-01	5.505264e-01	1.527353e-02
6.091837e-01	5.571145e-01	-4.695285e-02
4.581508e-01	4.650048e-01	-4.903669e-02
6.420211e-01	4.867675e-01	-1.482444e-01
4.458524e-01	4.355385e-01	-7.069887e-02
6.536795e-01	4.630507e-01	-1.825655e-01
4.408980e-01	4.366865e-01	-1.140864e-01
6.555228e-01	4.676309e-01	-2.248176e-01
4.477506e-01	4.458967e-01	-6.960910e-02
6.497826e-01	4.756418e-01	-1.709044e-01
5.231379e-01	4.147166e-01	4.624682e-03
5.726830e-01	4.119398e-01	-4.582628e-03
5.151689e-01	2.462110e-01	3.017792e-02
5.785946e-01	2.500100e-01	2.871320e-02
5.115625e-01	1.026696e-01	2.003901e-01
5.766866e-01	1.029827e-01	2.118116e-01
5.194685e-01	8.095796e-02	2.092866e-01
5.680741e-01	8.139020e-02	2.204443e-01
4.893820e-01	4.854280e-02	9.574468e-02
6.046775e-01	4.945548e-02	9.818365e-02
5.434640e-01	7.535690e-01	-3.014867e-01
5.376524e-01	7.718135e-01	-2.823230e-01
5.330577e-01	7.719989e-01	-2.823198e-01
5.301921e-01	7.721590e-01	-2.822300e-01
5.495328e-01	7.718831e-01	-2.855074e-01
5.535938e-01	7.721913e-01	-2.854189e-01
5.581824e-01	7.721453e-01	-2.853352e-01
5.259647e-01	7.665609e-01	-1.649648e-01
5.643350e-01	7.664771e-01	-1.781853e-01
5.368816e-01	7.337632e-01	-2.565559e-01
5.511980e-01	7.347130e-01	-2.584434e-01
5.025519e-01	6.660863e-01	-5.603645e-02
5.927126e-01	6.681568e-01	-7.621892e-02
4.902917e-01	5.630330e-01	6.941357e-02
6.115595e-01	5.700365e-01	6.391492e-02
4.518533e-01	4.975265e-01	7.672179e-02
6.453709e-01	5.214739e-01	9.341969e-02
4.372766e-01	4.723432e-01	7.765555e-02
6.591173e-01	5.009099e-01	8.992491e-02
4.344408e-01	4.740255e-01	2.775951e-02
6.615545e-01	5.043617e-01	5.198775e-02
4.404020e-01	4.825025e-01	5.590544e-02
6.553934e-01	5.114434e-01	7.795199e-02
5.224124e-01	4.152777e-01	4.938771e-03
5.726621e-01	4.125328e-01	-4.919522e-03
5.144065e-01	2.462200e-01	3.429308e-02
5.779799e-01	2.502207e-01	3.313146e-02
5.114902e-01	1.026703e-01	2.120836e-01
5.766799e-01	1.030162e-01	2.172223e-01
5.194494e-01	8.097661e-02	2.230610e-01
5.680891e-01	8.148281e-02	2.252079e-01
4.895535e-01	4.853982e-02	1.162380e-01
6.045936e-01	4.951342e-02	1.109561e-01
5.434644e-01	7.539974e-01	-3.750564e-01
5.376423e-01	7.722505e-01	-3.594686e-01
5.330586e-01	7.723645e-01	-3.595109e-01
5.301896e-01	7.724898e-01	-3.594847e-01
5.495466e-01	7.722930e-01	-3.626270e-01
5.536240e-01	7.725770e-01	-3.626251e-01
5.582138e-01	7.724876e-01	-3.625635e-01
5.258170e-01	7.669688e-01	-2.301592e-01
5.643473e-01	7.668704e-01	-2.473021e-01
5.368580e-01	7.341622e-01	-3.241274e-01
5.512201e-01	7.350498e-01	-3.280838e-01
5.025245e-01	6.682400e-01	-8.009958e-02
5.926441e-01	6.708627e-01	-1.107914e-01
4.903752e-01	5.756853e-01	1.051401e-01
6.157544e-01	5.788476e-01	8.111314e-02
4.494265e-01	5.267081e-01	2.427730e-01
6.536167e-01	5.406099e-01	2.173517e-01
4.324151e-01	5.080303e-01	2.769971e-01
6.656479e-01	5.223255e-01	2.430694e-01
4.271391e-01	5.112895e-01	2.276227e-01
6.667736e-01	5.255201e-01	2.113330e-01
4.353599e-01	5.162849e-01	2.266221e-01
6.606683e-01	5.302700e-01	2.089493e-01
5.222346e-01	4.157708e-01	6.122936e-03
5.725695e-01	4.133629e-01	-6.277769e-03
5.139656e-01	2.465174e-01	6.263603e-02
5.778821e-01	2.510493e-01	5.664384e-02
5.113829e-01	1.027091e-01	2.369628e-01
5.765077e-01	1.038871e-01	2.712158e-01
5.193852e-01	8.113077e-02	2.482045e-01
5.680724e-01	8.222871e-02	2.844185e-01
4.897090e-01	4.866922e-02	1.460683e-01
6.045536e-01	4.995548e-02	1.748050e-01
5.433442e-01	7.546586e-01	-3.653911e-01
5.374645e-01	7.730199e-01	-3.474817e-01
5.330235e-01	7.729939e-01	-3.475303e-01
5.301358e-01	7.730681e-01	-3.474931e-01
5.494607e-01	7.733471e-01	-3.519315e-01
5.535756e-01	7.736287e-01	-3.519632e-01
5.581702e-01	7.736155e-01	-3.519246e-01
5.256706e-01	7.676107e-01	-2.165768e-01
5.643324e-01	7.678801e-01	-2.378450e-01
5.367516e-01	7.348300e-01	-3.144039e-01
5.512015e-01	7.358053e-01	-3.198107e-01
5.026424e-01	6.729995e-01	-7.461626e-02
5.926588e-01	6.715068e-01	-1.177656e-01
4.870578e-01	5.990955e-01	1.553207e-01
6.192284e-01	5.942881e-01	7.709445e-02
4.524855e-01	5.627078e-01	3.290517e-01
6.612526e-01	5.700646e-01	2.126743e-01
4.382192e-01	5.538359e-01	3.686397e-01
6.759868e-01	5.556990e-01	2.359407e-01
4.300195e-01	5.572742e-01	3.209684e-01
6.782067e-01	5.621510e-01	2.002681e-01
4.401434e-01	5.568049e-01	3.142512e-01
6.710536e-01	5.642663e-01	2.021060e-01
5.214353e-01	4.168693e-01	7.081760e-03
5.723042e-01	4.144257e-01	-7.264801e-03
5.134763e-01	2.476681e-01	6.680523e-02
5.778609e-01	2.518421e-01	6.933901e-02
5.111774e-01	1.031475e-01	2.336948e-01
5.762140e-01	1.049543e-01	2.850563e-01
5.190536e-01	8.187907e-02	2.440168e-01
5.678888e-01	8.355004e-02	2.988040e-01
4.897109e-01	4.905097e-02	1.395081e-01
6.044630e-01	5.051997e-02	1.899357e-01
5.433819e-01	7.551820e-01	-2.992947e-01
5.374605e-01	7.735433e-01	-2.800233e-01
5.330236e-01	7.733890e-01	-2.800677e-01
5.301309e-01	7.733680e-01	-2.800357e-01
5.494715e-01	7.740396e-01	-2.827199e-01
5.536000e-01	7.742981e-01	-2.827456e-01
5.581853e-01	7.742436e-01	-2.826600e-01
5.252441e-01	7.677711e-01	-1.547596e-01
5.643221e-01	7.682533e-01	-1.660049e-01
5.367448e-01	7.350669e-01	-2.515647e-01
5.512565e-01	7.361266e-01	-2.544646e-01
5.007145e-01	6.730111e-01	-5.157799e-02
5.930094e-01	6.712442e-01	-9.044068e-02
4.660851e-01	6.205044e-01	2.083224e-02
6.316203e-01	6.071593e-01	-7.684140e-02
4.271841e-01	6.015193e-01	-3.294038e-02
6.730767e-01	5.992000e-01	-1.909519e-01
4.143651e-01	6.005800e-01	-4.314838e-02
6.914942e-01	5.998172e-01	-2.222724e-01
4.136742e-01	6.017827e-01	-7.742602e-02
6.895223e-01	6.091286e-01	-2.496833e-01
4.170486e-01	6.014885e-01	-5.032247e-02
6.814695e-01	6.069165e-01	-2.083670e-01
5.200035e-01	4.170337e-01	6.771695e-03
5.718381e-01	4.147483e-01	-6.938823e-03
5.132844e-01	2.488119e-01	7.514025e-02
5.777341e-01	2.530639e-01	9.211840e-02
5.109700e-01	1.036115e-01	2.370594e-01
5.761293e-01	1.059344e-01	3.036508e-01
5.187879e-01	8.244427e-02	2.462031e-01
5.678624e-01	8.459558e-02	3.162051e-01
4.897072e-01	4.928192e-02	1.378372e-01
6.042985e-01	5.099630e-02	2.041197e-01
5.434565e-01	7.556893e-01	-2.536739e-01
5.374646e-01	7.743229e-01	-2.346524e-01
5.330377e-01	7.741722e-01	-2.347290e-01
5.301290e-01	7.741241e-01	-2.347138e-01
5.495434e-01	7.748054e-01	-2.372587e-01
5.537170e-01	7.750438e-01	-2.372566e-01
5.582883e-01	7.749478e-01	-2.371440e-01
5.251318e-01	7.687553e-01	-1.142177e-01
5.643247e-01	7.689920e-01	-1.232908e-01
5.367430e-01	7.356293e-01	-2.076096e-01
5.513013e-01	7.367341e-01	-2.100028e-01
5.004581e-01	6.834179e-01	-5.131079e-02
5.941545e-01	6.721651e-01	-5.844030e-02
4.588421e-01	6.635388e-01	-1.739967e-01
6.449216e-01	6.325638e-01	-1.313203e-01
4.126642e-01	6.582088e-01	-4.011528e-01
6.962033e-01	6.489909e-01	-3.203525e-01
4.019564e-01	6.585923e-01	-4.455982e-01
7.193092e-01	6.573810e-01	-3.639520e-01
4.032888e-01	6.612660e-01	-4.693490e-01
7.114000e-01	6.627085e-01	-3.898834e-01
4.106775e-01	6.594343e-01	-4.197625e-01
7.063225e-01	6.600361e-01	-3.402063e-01
5.189964e-01	4.196329e-01	9.399438e-04
5.712066e-01	4.164341e-01	-8.924722e-04
5.129346e-01	2.503639e-01	6.835906e-02
5.776514e-01	2.548594e-01	1.056691e-01
5.108200e-01	1.042988e-01	2.066475e-01
5.760052e-01	1.074787e-01	3.009814e-01
5.186306e-01	8.309782e-02	2.123420e-01
5.677950e-01	8.604550e-02	3.118559e-01
4.897084e-01	4.951511e-02	9.146938e-02
6.042961e-01	5.185070e-02	1.982693e-01
5.435767e-01	7.573042e-01	-2.609367e-01
5.375327e-01	7.761174e-01	-2.435885e-01
5.330940e-01	7.760188e-01	-2.436318e-01
5.301498e-01	7.759526e-01	-2.436073e-01
5.496976e-01	7.764589e-01	-2.450979e-01
5.539383e-01	7.766554e-01	-2.450885e-01
5.584873e-01	7.764298e-01	-2.449481e-01
5.251268e-01	7.706197e-01	-1.279969e-01
5.643920e-01	7.703038e-01	-1.326930e-01
5.367572e-01	7.370072e-01	-2.162104e-01
5.513836e-01	7.382256e-01	-2.174336e-01
5.000677e-01	6.914709e-01	-5.890262e-02
5.951167e-01	6.779837e-01	-6.859010e-02
4.528241e-01	6.811065e-01	-2.327845e-01
6.564726e-01	6.747954e-01	-1.543001e-01
4.113148e-01	6.986975e-01	-4.737824e-01
7.099410e-01	6.975955e-01	-3.198231e-01
3.988782e-01	7.003359e-01	-5.205223e-01
7.262322e-01	7.029721e-01	-3.600051e-01
4.035230e-01	7.110952e-01	-5.405701e-01
7.243786e-01	7.083544e-01	-3.801571e-01
4.112149e-01	6.986752e-01	-4.917165e-01
7.142693e-01	7.042830e-01	-3.372920e-01
5.183581e-01	4.213053e-01	-3.499763e-03
5.708846e-01	4.184704e-01	3.623775e-03
5.127121e-01	2.518461e-01	7.731445e-02
5.772520e-01	2.566913e-01	1.253260e-01
5.108004e-01	1.053038e-01	2.200863e-01
5.760150e-01	1.086546e-01	3.263345e-01
5.186281e-01	8.424789e-02	2.248478e-01
5.678726e-01	8.755087e-02	3.379432e-01
4.898022e-01	5.060647e-02	1.028337e-01
6.043505e-01	5.244214e-02	2.245233e-01
5.434412e-01	7.604060e-01	-2.693544e-01
5.374290e-01	7.789413e-01	-2.534387e-01
5.330425e-01	7.787628e-01	-2.534730e-01
5.300784e-01	7.787228e-01	-2.534458e-01
5.496677e-01	7.794046e-01	-2.544218e-01
5.539121e-01	7.795813e-01	-2.544125e-01
5.584811e-01	7.793884e-01	-2.542726e-01
5.250360e-01	7.733027e-01	-1.415559e-01
5.643808e-01	7.729149e-01	-1.446957e-01
5.365208e-01	7.399984e-01	-2.255622e-01
5.512806e-01	7.411987e-01	-2.262588e-01
4.998171e-01	6.993188e-01	-7.804539e-02
5.955948e-01	6.899946e-01	-7.471123e-02
4.455011e-01	7.070332e-01	-2.241459e-01
6.574446e-01	7.058269e-01	-1.150515e-01
4.072761e-01	7.393796e-01	-4.380794e-01
7.127667e-01	7.399310e-01	-2.206166e-01
3.982520e-01	7.517653e-01	-4.812114e-01
7.340649e-01	7.494405e-01	-2.497855e-01
3.995715e-01	7.588724e-01	-4.998474e-01
7.272178e-01	7.568399e-01	-2.750030e-01
4.061696e-01	7.507634e-01	-4.552740e-01
7.222121e-01	7.474717e-01	-2.379727e-01
5.183150e-01	4.247516e-01	-5.174729e-03
5.708394e-01	4.218962e-01	5.302939e-03
5.126983e-01	2.528789e-01	7.967123e-02
5.772769e-01	2.581272e-01	1.206601e-01
5.108739e-01	1.068094e-01	2.320049e-01
5.760213e-01	1.094353e-01	3.207466e-01
5.188354e-01	8.629636e-02	2.388707e-01
5.679283e-01	8.886889e-02	3.323160e-01
4.898213e-01	5.170025e-02	1.160711e-01
6.044303e-01	5.296405e-02	2.193490e-01
5.432839e-01	7.617111e-01	-2.825533e-01
5.373419e-01	7.801690e-01	-2.656636e-01
5.329846e-01	7.802030e-01	-2.656987e-01
5.300093e-01	7.802678e-01	-2.656625e-01
5.495862e-01	7.805031e-01	-2.675596e-01
5.537799e-01	7.806732e-01	-2.675622e-01
5.583390e-01	7.806092e-01	-2.674530e-01
5.249189e-01	7.748347e-01	-1.473613e-01
5.641369e-01	7.747796e-01	-1.541955e-01
5.362637e-01	7.416994e-01	-2.370574e-01
5.510052e-01	7.428011e-01	-2.389744e-01
4.997634e-01	7.040389e-01	-9.868255e-02
5.956332e-01	6.979612e-01	-9.033291e-02
4.373663e-01	7.304207e-01	-2.294569e-01
6.549553e-01	7.247186e-01	-1.531059e-01
4.058267e-01	7.892376e-01	-4.180464e-01
7.029706e-01	7.764790e-01	-2.845123e-01
3.975715e-01	8.003130e-01	-4.609316e-01
7.206217e-01	7.922351e-01	-3.190502e-01
4.001829e-01	8.064033e-01	-4.750851e-01
7.167867e-01	7.989635e-01	-3.417996e-01
4.057305e-01	8.011505e-01	-4.331593e-01
7.090147e-01	7.935222e-01	-3.017565e-01
5.179420e-01	4.270036e-01	-4.645455e-03
5.703414e-01	4.240025e-01	4.752129e-03
5.124850e-01	2.535385e-01	8.053540e-02
5.774988e-01	2.583085e-01	1.103043e-01
5.110770e-01	1.075155e-01	2.447773e-01
5.760462e-01	1.099664e-01	3.147986e-01
5.190284e-01	8.734239e-02	2.532642e-01
5.680699e-01	9.008367e-02	3.264786e-01
4.898558e-01	5.240657e-02	1.288073e-01
6.044251e-01	5.298353e-02	2.093075e-01
5.419104e-01	7.623538e-01	-2.876005e-01
5.361109e-01	7.817263e-01	-2.707239e-01
5.322397e-01	7.816006e-01	-2.707604e-01
5.289363e-01	7.815042e-01	-2.707285e-01
5.483469e-01	7.824810e-01	-2.726666e-01
5.526686e-01	7.827694e-01	-2.726664e-01
5.570174e-01	7.829004e-01	-2.725624e-01
5.242338e-01	7.756466e-01	-1.607175e-01
5.634950e-01	7.776278e-01	-1.689546e-01
5.354539e-01	7.428705e-01	-2.414722e-01
5.497922e-01	7.443464e-01	-2.432816e-01
4.997728e-01	7.074077e-01	-1.076670e-01
5.956183e-01	7.041784e-01	-1.196210e-01
4.374358e-01	7.540054e-01	-2.234197e-01
6.519639e-01	7.499399e-01	-1.871358e-01
4.055186e-01	8.318887e-01	-3.880719e-01
6.971465e-01	8.243119e-01	-3.112035e-01
3.984908e-01	8.511358e-01	-4.302562e-01
7.201486e-01	8.434280e-01	-3.472806e-01
4.026194e-01	8.707586e-01	-4.420094e-01
7.142816e-01	8.516600e-01	-3.714118e-01
4.068389e-01	8.551992e-01	-4.025325e-01
7.091994e-01	8.473252e-01	-3.288264e-01
5.176321e-01	4.297433e-01	-4.304632e-03
5.701143e-01	4.271659e-01	4.421532e-03
5.122688e-01	2.546538e-01	8.262172e-02
5.774919e-01	2.590879e-01	1.033118e-01
5.114049e-01	1.080445e-01	2.490197e-01
5.761251e-01	1.103757e-01	3.062829e-01
5.194257e-01	8.781711e-02	2.579189e-01
5.682972e-01	9.079778e-02	3.180608e-01
4.898148e-01	5.254075e-02	1.380228e-01
6.044236e-01	5.297884e-02	2.019074e-01
5.418786e-01	7.629309e-01	-2.893987e-01
5.359546e-01	7.824021e-01	-2.722971e-01
5.321015e-01	7.822105e-01	-2.723115e-01
5.287048e-01	7.819567e-01	-2.722803e-01
5.481989e-01	7.836955e-01	-2.745768e-01
5.524473e-01	7.844145e-01	-2.745513e-01
5.566639e-01	7.850047e-01	-2.744423e-01
5.239503e-01	7.759835e-01	-1.670999e-01
5.630592e-01	7.804600e-01	-1.734309e-01
5.353985e-01	7.440665e-01	-2.438477e-01
5.496656e-01	7.461018e-01	-2.450897e-01
4.997850e-01	7.090045e-01	-1.142588e-01
5.951366e-01	7.066218e-01	-1.233112e-01
4.438522e-01	7.562296e-01	-2.092662e-01
6.516136e-01	7.680663e-01	-1.601870e-01
4.121448e-01	8.555029e-01	-3.567981e-01
6.950458e-01	8.545386e-01	-2.509096e-01
4.045014e-01	8.899080e-01	-3.998086e-01
7.148640e-01	8.912996e-01	-2.813101e-01
4.081236e-01	8.968675e-01	-4.109645e-01
7.114987e-01	8.998601e-01	-3.097781e-01
4.129798e-01	8.856548e-01	-3.708168e-01
7.047744e-01	8.864362e-01	-2.694282e-01
5.174859e-01	4.304073e-01	-4.024081e-03
5.701169e-01	4.290448e-01	4.145208e-03
5.120471e-01	2.549677e-01	8.277411e-02
5.774076e-01	2.590224e-01	9.956340e-02
5.114990e-01	1.080382e-01	2.542840e-01
5.761259e-01	1.103614e-01	3.021405e-01
5.195714e-01	8.788835e-02	2.639566e-01
5.683641e-01	9.087319e-02	3.144062e-01
4.895564e-01	5.301948e-02	1.448098e-01
6.044579e-01	5.296963e-02	1.982860e-01
5.418692e-01	7.650928e-01	-3.015501e-01
5.358630e-01	7.840301e-01	-2.844152e-01
5.319932e-01	7.836877e-01	-2.844893e-01
5.285906e-01	7.832776e-01	-2.844789e-01
5.481496e-01	7.854719e-01	-2.862811e-01
5.523659e-01	7.863171e-01	-2.863401e-01
5.564946e-01	7.871975e-01	-2.863038e-01
5.237089e-01	7.770489e-01	-1.790183e-01
5.625533e-01	7.826548e-01	-1.852239e-01
5.353400e-01	7.457864e-01	-2.587011e-01
5.496663e-01	7.478252e-01	-2.604379e-01
4.998123e-01	7.086400e-01	-1.240441e-01
5.937558e-01	7.080249e-01	-1.316741e-01
4.449779e-01	7.711312e-01	-1.677389e-01
6.494819e-01	7.758920e-01	-1.659226e-01
4.140741e-01	8.920892e-01	-2.745749e-01
6.937065e-01	8.829028e-01	-2.659252e-01
4.057758e-01	9.288775e-01	-3.280439e-01
7.097437e-01	9.198856e-01	-2.988171e-01
4.104272e-01	9.370202e-01	-3.201136e-01
7.058518e-01	9.328439e-01	-3.257346e-01
4.156915e-01	9.239925e-01	-2.857643e-01
6.999842e-01	9.192941e-01	-2.847756e-01
5.172084e-01	4.299100e-01	-3.634812e-03
5.700237e-01	4.292526e-01	3.745002e-03
5.119791e-01	2.556082e-01	8.128320e-02
5.774313e-01	2.589425e-01	8.886845e-02
5.116151e-01	1.080410e-01	2.588326e-01
5.761556e-01	1.104847e-01	2.999733e-01
5.198879e-01	8.809829e-02	2.700911e-01
5.685004e-01	9.127875e-02	3.115953e-01
4.893391e-01	5.303243e-02	1.538840e-01
6.044622e-01	5.291797e-02	1.960775e-01
5.418688e-01	7.720560e-01	-3.256658e-01
5.358318e-01	7.881799e-01	-3.086200e-01
5.318582e-01	7.878957e-01	-3.087134e-01
5.284586e-01	7.875091e-01	-3.087142e-01
5.481256e-01	7.890970e-01	-3.092025e-01
5.522511e-01	7.896497e-01	-3.092787e-01
5.561736e-01	7.902469e-01	-3.092602e-01
5.235337e-01	7.803360e-01	-1.989508e-01
5.619993e-01	7.841863e-01	-1.993832e-01
5.351375e-01	7.513898e-01	-2.817884e-01
5.495599e-01	7.524912e-01	-2.820337e-01
4.998685e-01	7.099497e-01	-1.384287e-01
5.910641e-01	7.111174e-01	-1.361829e-01
4.474897e-01	7.907065e-01	-1.680626e-01
6.485699e-01	7.907510e-01	-1.607912e-01
4.168789e-01	9.138514e-01	-2.701182e-01
6.894634e-01	9.064583e-01	-2.650676e-01
4.082126e-01	9.512847e-01	-3.069804e-01
7.042304e-01	9.440460e-01	-2.985010e-01
4.114216e-01	9.559793e-01	-3.151410e-01
6.977546e-01	9.553038e-01	-3.248125e-01
4.170554e-01	9.479114e-01	-2.789083e-01
6.905164e-01	9.419256e-01	-2.835451e-01
5.166780e-01	4.300424e-01	-5.367409e-03
5.692895e-01	4.309879e-01	5.413744e-03
5.119681e-01	2.568260e-01	6.973247e-02
5.772797e-01	2.589887e-01	8.945227e-02
5.116003e-01	1.080617e-01	2.554945e-01
5.764101e-01	1.104546e-01	3.058335e-01
5.200253e-01	8.806366e-02	2.666278e-01
5.688269e-01	9.125582e-02	3.193256e-01
4.893839e-01	5.301670e-02	1.472844e-01
6.046129e-01	5.289489e-02	1.999591e-01
5.418108e-01	7.756488e-01	-3.663662e-01
5.356465e-01	7.922564e-01	-3.505737e-01
5.315558e-01	7.916475e-01	-3.506718e-01
5.281373e-01	7.910247e-01	-3.506731e-01
5.479423e-01	7.933820e-01	-3.519515e-01
5.519530e-01	7.937015e-01	-3.520406e-01
5.556368e-01	7.940114e-01	-3.520057e-01
5.233831e-01	7.826323e-01	-2.388268e-01
5.614122e-01	7.871580e-01	-2.430687e-01
5.347188e-01	7.555326e-01	-3.210608e-01
5.492848e-01	7.560332e-01	-3.225045e-01
5.002863e-01	7.116336e-01	-1.720031e-01
5.894709e-01	7.160385e-01	-1.756949e-01
4.493450e-01	8.013223e-01	-1.961371e-01
6.469978e-01	7.967712e-01	-2.053956e-01
4.178314e-01	9.333632e-01	-2.746735e-01
6.758848e-01	9.296258e-01	-3.066429e-01
4.091126e-01	9.655604e-01	-3.115188e-01
6.873693e-01	9.636451e-01	-3.422168e-01
4.134913e-01	9.755872e-01	-3.267928e-01
6.827713e-01	9.750115e-01	-3.663524e-01
4.188344e-01	9.630057e-01	-2.884789e-01
6.750266e-01	9.619005e-01	-3.243220e-01
5.163883e-01	4.312505e-01	-5.189007e-03
5.690053e-01	4.330187e-01	5.268835e-03
5.116729e-01	2.604233e-01	8.624698e-02
5.772333e-01	2.593931e-01	7.874931e-02
5.116009e-01	1.102426e-01	2.930494e-01
5.763052e-01	1.106130e-01	2.925941e-01
5.200258e-01	8.836159e-02	3.058853e-01
5.688266e-01	9.119944e-02	3.061887e-01
4.895146e-01	5.308363e-02	1.837055e-01
6.045413e-01	5.344086e-02	1.793731e-01
5.414332e-01	7.755195e-01	-3.930398e-01
5.350543e-01	7.924833e-01	-3.780166e-01
5.309811e-01	7.921038e-01	-3.781187e-01
5.275576e-01	7.916874e-01	-3.780988e-01
5.475760e-01	7.931434e-01	-3.789670e-01
5.516754e-01	7.933330e-01	-3.790614e-01
5.554298e-01	7.935096e-01	-3.789935e-01
5.232776e-01	7.835317e-01	-2.681044e-01
5.613835e-01	7.872272e-01	-2.699778e-01
5.340720e-01	7.566431e-01	-3.483925e-01
5.491492e-01	7.566206e-01	-3.490984e-01
5.012738e-01	7.144488e-01	-2.069437e-01
5.884637e-01	7.203090e-01	-2.035019e-01
4.503350e-01	8.047271e-01	-2.471484e-01
6.410194e-01	8.125383e-01	-2.456462e-01
4.260250e-01	9.366184e-01	-3.249286e-01
6.668302e-01	9.465492e-01	-3.421033e-01
4.174902e-01	9.676275e-01	-3.652575e-01
6.733121e-01	9.749260e-01	-3.798984e-01
4.287123e-01	9.755540e-01	-3.794645e-01
6.678489e-01	9.859448e-01	-4.028769e-01
4.323581e-01	9.635445e-01	-3.388745e-01
6.611817e-01	9.742275e-01	-3.598696e-01
5.163842e-01	4.334007e-01	-4.965143e-03
5.690079e-01	4.355812e-01	4.997973e-03
5.115984e-01	2.615760e-01	8.386623e-02
5.771918e-01	2.605853e-01	8.117985e-02
5.114964e-01	1.114788e-01	2.761714e-01
5.762376e-01	1.113784e-01	2.930428e-01
5.194150e-01	8.857676e-02	2.872714e-01
5.688909e-01	9.128093e-02	3.062759e-01
4.895478e-01	5.304793e-02	1.661162e-01
6.045826e-01	5.351453e-02	1.807459e-01
5.414351e-01	7.758170e-01	-4.123622e-01
5.350134e-01	7.929557e-01	-3.978980e-01
5.307924e-01	7.927515e-01	-3.979938e-01
5.273283e-01	7.924425e-01	-3.979686e-01
5.475821e-01	7.931683e-01	-3.978326e-01
5.516812e-01	7.932097e-01	-3.979274e-01
5.554413e-01	7.932741e-01	-3.978662e-01
5.231344e-01	7.842969e-01	-2.871942e-01
5.614111e-01	7.875519e-01	-2.838065e-01
5.338842e-01	7.567167e-01	-3.670539e-01
5.491556e-01	7.570679e-01	-3.662331e-01
5.013536e-01	7.152461e-01	-2.214365e-01
5.876347e-01	7.223029e-01	-2.157341e-01
4.507273e-01	8.035291e-01	-2.613842e-01
6.363375e-01	8.219970e-01	-2.586021e-01
4.298026e-01	9.330170e-01	-3.423983e-01
6.599931e-01	9.568325e-01	-3.526172e-01
4.226887e-01	9.674899e-01	-3.830761e-01
6.662201e-01	9.854186e-01	-3.909073e-01
4.355042e-01	9.751215e-01	-3.975574e-01
6.589159e-01	9.913864e-01	-4.110817e-01
4.389808e-01	9.670232e-01	-3.564680e-01
6.530181e-01	9.827899e-01	-3.690783e-01
5.162950e-01	4.338865e-01	-5.113454e-03
5.689296e-01	4.362388e-01	5.095464e-03
5.114881e-01	2.626013e-01	8.262436e-02
5.775842e-01	2.612182e-01	8.433039e-02
5.112038e-01	1.138793e-01	2.746127e-01
5.761983e-01	1.117693e-01	2.993203e-01
5.185786e-01	8.987166e-02	2.863413e-01
5.689580e-01	9.126275e-02	3.124740e-01
4.895048e-01	5.335680e-02	1.639127e-01
6.045992e-01	5.350236e-02	1.887225e-01
5.414407e-01	7.784157e-01	-3.875348e-01
5.350627e-01	7.943752e-01	-3.720880e-01
5.308012e-01	7.941849e-01	-3.721834e-01
5.273375e-01	7.939340e-01	-3.721683e-01
5.475864e-01	7.941262e-01	-3.723791e-01
5.516800e-01	7.939711e-01	-3.724712e-01
5.554098e-01	7.938614e-01	-3.724093e-01
5.232196e-01	7.850264e-01	-2.634051e-01
5.613790e-01	7.883195e-01	-2.617198e-01
5.336989e-01	7.592468e-01	-3.438600e-01
5.491024e-01	7.599602e-01	-3.434533e-01
5.014206e-01	7.143155e-01	-2.053995e-01
5.877177e-01	7.231732e-01	-1.992944e-01
4.532292e-01	8.015245e-01	-2.572679e-01
6.322334e-01	8.174999e-01	-2.412011e-01
4.412769e-01	9.343501e-01	-3.468793e-01
6.542796e-01	9.522958e-01	-3.270085e-01
4.392177e-01	9.634129e-01	-3.881456e-01
6.615891e-01	9.819473e-01	-3.635114e-01
4.488193e-01	9.730464e-01	-4.007912e-01
6.518016e-01	9.916932e-01	-3.804710e-01
4.528395e-01	9.630555e-01	-3.601995e-01
6.466845e-01	9.771730e-01	-3.416930e-01
5.159016e-01	4.338628e-01	-4.429127e-03
5.688409e-01	4.365085e-01	4.366785e-03
5.114726e-01	2.642649e-01	8.178879e-02
5.775273e-01	2.630515e-01	7.603583e-02
5.111912e-01	1.144085e-01	2.740487e-01
5.759538e-01	1.122025e-01	2.716995e-01
5.182335e-01	9.011798e-02	2.851617e-01
5.688586e-01	9.123592e-02	2.828888e-01
4.894755e-01	5.350683e-02	1.611188e-01
6.042701e-01	5.351748e-02	1.632542e-01
5.412016e-01	7.779655e-01	-3.652857e-01
5.350562e-01	7.939323e-01	-3.500760e-01
5.307892e-01	7.937503e-01	-3.501845e-01
5.273298e-01	7.934542e-01	-3.501677e-01
5.475269e-01	7.937440e-01	-3.485667e-01
5.516065e-01	7.936195e-01	-3.486643e-01
5.553229e-01	7.935132e-01	-3.486196e-01
5.232247e-01	7.847477e-01	-2.597186e-01
5.613458e-01	7.880741e-01	-2.416233e-01
5.333893e-01	7.587234e-01	-3.271303e-01
5.485954e-01	7.595873e-01	-3.234240e-01
5.014400e-01	7.131217e-01	-1.821510e-01
5.875133e-01	7.221082e-01	-1.937056e-01
4.567117e-01	7.944535e-01	-2.289867e-01
6.274368e-01	8.087598e-01	-2.125238e-01
4.521229e-01	9.267393e-01	-3.201069e-01
6.420933e-01	9.463685e-01	-3.067836e-01
4.521649e-01	9.558806e-01	-3.590491e-01
6.445646e-01	9.770744e-01	-3.488447e-01
4.616364e-01	9.670836e-01	-3.728498e-01
6.338565e-01	9.865164e-01	-3.361560e-01
4.645576e-01	9.561019e-01	-3.334802e-01
6.297165e-01	9.722204e-01	-3.081917e-01
5.157578e-01	4.338109e-01	-4.385890e-03
5.688441e-01	4.360480e-01	4.332628e-03
5.114317e-01	2.651034e-01	7.133257e-02
5.775228e-01	2.650013e-01	6.548406e-02
5.110434e-01	1.145381e-01	2.406824e-01
5.758454e-01	1.131224e-01	2.500511e-01
5.178508e-01	9.025628e-02	2.503129e-01
5.687708e-01	9.159003e-02	2.605362e-01
4.893370e-01	5.350529e-02	1.319569e-01
6.037079e-01	5.346785e-02	1.445546e-01
5.411155e-01	7.773615e-01	-2.901587e-01
5.350729e-01	7.936237e-01	-2.737933e-01
5.308182e-01	7.934358e-01	-2.738795e-01
5.273710e-01	7.931000e-01	-2.738669e-01
5.474986e-01	7.935191e-01	-2.729269e-01
5.515517e-01	7.934372e-01	-2.729910e-01
5.552474e-01	7.933622e-01	-2.729243e-01
5.234870e-01	7.845279e-01	-1.789432e-01
5.611266e-01	7.880976e-01	-1.717173e-01
5.333634e-01	7.580494e-01	-2.533157e-01
5.484220e-01	7.588724e-01	-2.514087e-01
5.021645e-01	7.121717e-01	-1.569254e-01
5.863403e-01	7.205837e-01	-1.265602e-01
4.639699e-01	7.855425e-01	-2.247694e-01
6.201049e-01	8.042701e-01	-1.635081e-01
4.676451e-01	9.210604e-01	-3.237901e-01
6.302489e-01	9.388216e-01	-2.254792e-01
4.661713e-01	9.490710e-01	-3.650179e-01
6.311659e-01	9.671659e-01	-2.574077e-01
4.734425e-01	9.576411e-01	-3.737731e-01
6.240112e-01	9.739596e-01	-2.650262e-01
4.769260e-01	9.474493e-01	-3.348826e-01
6.213428e-01	9.616951e-01	-2.358427e-01
5.157462e-01	4.315003e-01	-5.205262e-03
5.688630e-01	4.351473e-01	5.151979e-03
5.114156e-01	2.651026e-01	5.702252e-02
5.775426e-01	2.657334e-01	5.943667e-02
5.109313e-01	1.147173e-01	2.115145e-01
5.756915e-01	1.135732e-01	2.296747e-01
5.175243e-01	9.037562e-02	2.202893e-01
5.686785e-01	9.162794e-02	2.389299e-01
4.892611e-01	5.350225e-02	1.046034e-01
6.033800e-01	5.346386e-02	1.266503e-01
5.405399e-01	7.766631e-01	-1.848406e-01
5.348839e-01	7.935026e-01	-1.628070e-01
5.306965e-01	7.933455e-01	-1.628819e-01
5.273357e-01	7.930334e-01	-1.628400e-01
5.471002e-01	7.934047e-01	-1.641956e-01
5.512544e-01	7.933474e-01	-1.642237e-01
5.549563e-01	7.932699e-01	-1.641467e-01
5.235145e-01	7.844069e-01	-5.436473e-02
5.609838e-01	7.879572e-01	-5.873508e-02
5.328814e-01	7.571105e-01	-1.446682e-01
5.477703e-01	7.580623e-01	-1.457198e-01
5.022796e-01	7.113688e-01	-4.949846e-02
5.854446e-01	7.203986e-01	-3.017737e-02
4.708996e-01	7.805152e-01	-1.611482e-01
6.139287e-01	7.969787e-01	-8.106510e-02
4.770400e-01	9.037060e-01	-2.643183e-01
6.250803e-01	9.178302e-01	-1.345109e-01
4.783749e-01	9.316507e-01	-3.101715e-01
6.284743e-01	9.459387e-01	-1.666909e-01
4.822895e-01	9.380236e-01	-3.117153e-01
6.235318e-01	9.543611e-01	-1.786896e-01
4.841758e-01	9.283119e-01	-2.740011e-01
6.197283e-01	9.416959e-01	-1.471578e-01
5.154831e-01	4.283785e-01	-6.984637e-03
5.688629e-01	4.322727e-01	6.988628e-03
5.113996e-01	2.650160e-01	3.140008e-02
5.780008e-01	2.656600e-01	4.361748e-02
5.108162e-01	1.148493e-01	2.037053e-01
5.754217e-01	1.135636e-01	2.291112e-01
5.173098e-01	9.044279e-02	2.139116e-01
5.677928e-01	9.150209e-02	2.395194e-01
4.891842e-01	5.353933e-02	9.748991e-02
6.031899e-01	5.335841e-02	1.233141e-01
5.405970e-01	7.764750e-01	-1.493902e-01
5.349348e-01	7.932884e-01	-1.249317e-01
5.307145e-01	7.931135e-01	-1.250182e-01
5.273391e-01	7.927816e-01	-1.249615e-01
5.472149e-01	7.932428e-01	-1.233362e-01
5.513678e-01	7.932123e-01	-1.233610e-01
5.551460e-01	7.931645e-01	-1.232936e-01
5.235147e-01	7.843018e-01	-1.501537e-02
5.611622e-01	7.876983e-01	-4.364771e-03
5.328944e-01	7.566962e-01	-1.099385e-01
5.478654e-01	7.574487e-01	-1.065908e-01
5.021518e-01	7.110605e-01	-2.500073e-02
5.845104e-01	7.124662e-01	2.119910e-02
4.770202e-01	7.787927e-01	-1.705146e-01
6.115485e-01	7.939264e-01	-3.325322e-02
4.845365e-01	8.955002e-01	-2.745859e-01
6.233639e-01	9.123582e-01	-7.349403e-02
4.870315e-01	9.233665e-01	-3.117560e-01
6.248632e-01	9.439362e-01	-1.036606e-01
4.887149e-01	9.328465e-01	-3.217784e-01
6.212569e-01	9.503370e-01	-1.133538e-01
4.922066e-01	9.158052e-01	-2.847492e-01
6.199294e-01	9.408756e-01	-8.561656e-02
5.152369e-01	4.230714e-01	-1.608170e-02
5.688695e-01	4.268435e-01	1.620053e-02
5.113369e-01	2.648029e-01	2.182965e-02
5.785545e-01	2.645294e-01	4.709594e-02
5.105650e-01	1.148246e-01	2.055399e-01
5.754156e-01	1.135431e-01	2.455161e-01
5.167728e-01	9.043430e-02	2.163450e-01
5.678318e-01	9.128782e-02	2.555943e-01
4.891458e-01	5.351747e-02	9.533317e-02
6.030971e-01	5.325136e-02	1.349654e-01
5.408825e-01	7.760563e-01	-1.984870e-01
5.349842e-01	7.927646e-01	-1.778331e-01
5.307034e-01	7.926669e-01	-1.779230e-01
5.272434e-01	7.925033e-01	-1.777237e-01
5.475293e-01	7.926851e-01	-1.713567e-01
5.515960e-01	7.925965e-01	-1.714762e-01
5.554408e-01	7.923743e-01	-1.712186e-01
5.227619e-01	7.842274e-01	-9.928193e-02
5.614814e-01	7.863051e-01	-9.540115e-02
5.329457e-01	7.564437e-01	-1.814371e-01
5.483130e-01	7.570052e-01	-1.794244e-01
4.996744e-01	7.053072e-01	-6.561018e-02
5.844962e-01	6.983873e-01	-3.503665e-02
4.803156e-01	7.169563e-01	-3.729382e-01
6.003180e-01	7.203324e-01	-2.555394e-01
4.964733e-01	7.068878e-01	-6.300961e-01
6.079354e-01	7.410578e-01	-4.345420e-01
4.962612e-01	6.882728e-01	-6.859518e-01
6.115140e-01	7.502450e-01	-4.753471e-01
5.079194e-01	7.037877e-01	-6.825415e-01
6.095793e-01	7.517698e-01	-4.782094e-01
5.084125e-01	7.036372e-01	-6.380240e-01
6.014358e-01	7.350121e-01	-4.449640e-01
5.147224e-01	4.088511e-01	-1.414194e-02
5.692345e-01	4.118171e-01	1.423109e-02
5.108089e-01	2.614966e-01	2.925845e-02
5.809860e-01	2.592765e-01	1.032534e-01
5.104710e-01	1.148019e-01	2.528982e-01
5.754062e-01	1.134144e-01	3.404588e-01
5.167695e-01	9.042913e-02	2.679449e-01
5.677294e-01	9.092612e-02	3.573315e-01
4.888973e-01	5.348757e-02	1.446137e-01
6.032140e-01	5.304634e-02	2.372849e-01
5.408880e-01	7.757556e-01	-2.300081e-01
5.347852e-01	7.923791e-01	-2.139160e-01
5.304135e-01	7.923143e-01	-2.139959e-01
5.269566e-01	7.922156e-01	-2.138495e-01
5.475010e-01	7.925158e-01	-2.017925e-01
5.515527e-01	7.924766e-01	-2.018953e-01
5.554004e-01	7.922004e-01	-2.016291e-01
5.219850e-01	7.840626e-01	-1.111797e-01
5.613612e-01	7.853662e-01	-1.172619e-01
5.329109e-01	7.561541e-01	-2.047076e-01
5.483648e-01	7.566335e-01	-2.033547e-01
4.990733e-01	7.058348e-01	-8.640203e-02
5.843476e-01	6.960870e-01	-8.413330e-02
4.833185e-01	7.073981e-01	-3.790486e-01
5.921100e-01	6.932091e-01	-3.590906e-01
4.941399e-01	6.933542e-01	-6.516513e-01
5.899947e-01	6.897215e-01	-6.246923e-01
4.979182e-01	6.859449e-01	-7.140369e-01
5.897537e-01	6.896093e-01	-6.840332e-01
5.049061e-01	6.849339e-01	-7.121330e-01
5.888696e-01	6.919172e-01	-6.817552e-01
5.054063e-01	6.848333e-01	-6.615828e-01
5.833708e-01	6.874704e-01	-6.354921e-01
5.145992e-01	4.071919e-01	-5.848947e-03
5.692271e-01	4.103304e-01	5.865201e-03
5.107414e-01	2.582309e-01	3.497283e-02
5.809158e-01	2.570587e-01	9.121554e-02
5.096062e-01	1.139857e-01	2.552074e-01
5.751942e-01	1.122234e-01	3.082494e-01
5.161452e-01	8.916237e-02	2.696869e-01
5.675534e-01	8.982214e-02	3.219518e-01
4.886853e-01	5.348452e-02	1.449194e-01
6.034755e-01	5.335879e-02	2.111230e-01
5.418990e-01	7.763569e-01	-3.395398e-01
5.355639e-01	7.924052e-01	-3.246637e-01
5.309568e-01	7.922835e-01	-3.246723e-01
5.272193e-01	7.921536e-01	-3.246419e-01
5.480245e-01	7.925946e-01	-3.257852e-01
5.517954e-01	7.925411e-01	-3.258621e-01
5.556217e-01	7.922791e-01	-3.258701e-01
5.219962e-01	7.839708e-01	-2.044751e-01
5.611928e-01	7.853006e-01	-2.161354e-01
5.338711e-01	7.560395e-01	-2.938974e-01
5.488756e-01	7.564967e-01	-2.961075e-01
4.952651e-01	6.864454e-01	-9.281551e-02
5.857464e-01	6.842034e-01	-9.844313e-02
4.924103e-01	6.082711e-01	4.315267e-02
5.879685e-01	5.950056e-01	6.848470e-02
5.058093e-01	4.913823e-01	1.629247e-01
5.817500e-01	4.574058e-01	1.918711e-01
5.112721e-01	4.667647e-01	1.767485e-01
5.815333e-01	4.250929e-01	2.044881e-01
5.122100e-01	4.665642e-01	1.473248e-01
5.794419e-01	4.249515e-01	1.781612e-01
5.130721e-01	4.728749e-01	1.538239e-01
5.781457e-01	4.311870e-01	1.850290e-01
5.145756e-01	4.070852e-01	-6.364271e-04
5.692161e-01	4.101229e-01	4.452611e-04
5.109894e-01	2.570792e-01	7.531270e-02
5.808423e-01	2.540422e-01	6.706168e-02
5.085107e-01	1.132312e-01	3.124512e-01
5.751396e-01	1.110500e-01	3.013139e-01
5.157127e-01	8.906943e-02	3.298001e-01
5.672303e-01	8.925229e-02	3.122783e-01
4.881162e-01	5.333076e-02	2.187606e-01
6.034036e-01	5.250920e-02	2.061023e-01
5.418282e-01	7.761740e-01	-3.504413e-01
5.355622e-01	7.923490e-01	-3.362332e-01
5.309461e-01	7.922560e-01	-3.362485e-01
5.272294e-01	7.920495e-01	-3.362563e-01
5.480185e-01	7.925552e-01	-3.396954e-01
5.517744e-01	7.925099e-01	-3.397563e-01
5.556164e-01	7.922217e-01	-3.397534e-01
5.220075e-01	7.836209e-01	-2.154458e-01
5.611740e-01	7.847121e-01	-2.337901e-01
5.338871e-01	7.553434e-01	-3.026730e-01
5.488817e-01	7.557299e-01	-3.071117e-01
4.946229e-01	6.779797e-01	-9.603191e-02
5.888010e-01	6.708875e-01	-1.138166e-01
4.935562e-01	5.651150e-01	3.236617e-02
5.873653e-01	5.609021e-01	5.189748e-02
5.184621e-01	4.757286e-01	1.106457e-01
5.699817e-01	4.567252e-01	1.504458e-01
5.236441e-01	4.448020e-01	1.154505e-01
5.682074e-01	4.347064e-01	1.562867e-01
5.244535e-01	4.465051e-01	8.636101e-02
5.676192e-01	4.335516e-01	1.304837e-01
5.249387e-01	4.606594e-01	1.006507e-01
5.649968e-01	4.386544e-01	1.431853e-01
5.147698e-01	4.074546e-01	1.371642e-03
5.692159e-01	4.099385e-01	-1.595920e-03
5.118359e-01	2.548937e-01	9.315790e-02
5.810329e-01	2.527308e-01	7.342283e-02
5.084712e-01	1.118100e-01	3.182227e-01
5.749710e-01	1.099116e-01	3.026017e-01
5.157252e-01	8.907100e-02	3.345897e-01
5.667797e-01	8.920379e-02	3.163172e-01
4.874633e-01	5.308284e-02	2.252328e-01
6.034042e-01	5.239616e-02	1.983942e-01
5.416184e-01	7.764959e-01	-3.279315e-01
5.354925e-01	7.932879e-01	-3.139951e-01
5.309115e-01	7.930680e-01	-3.140122e-01
5.272271e-01	7.928798e-01	-3.140293e-01
5.478381e-01	7.931515e-01	-3.157399e-01
5.515449e-01	7.928603e-01	-3.157881e-01
5.552999e-01	7.924212e-01	-3.157595e-01
5.218886e-01	7.835732e-01	-2.023084e-01
5.608420e-01	7.844075e-01	-2.118907e-01
5.337554e-01	7.559627e-01	-2.836959e-01
5.486548e-01	7.562005e-01	-2.858593e-01
4.940085e-01	6.692556e-01	-9.829532e-02
5.893642e-01	6.657531e-01	-1.047408e-01
4.921001e-01	5.480276e-01	1.177602e-02
5.910836e-01	5.503402e-01	7.110965e-02
5.126073e-01	4.629911e-01	7.518534e-02
5.740671e-01	4.604762e-01	1.678695e-01
5.186129e-01	4.415305e-01	7.551558e-02
5.692168e-01	4.396979e-01	1.719146e-01
5.210141e-01	4.473816e-01	4.758991e-02
5.673048e-01	4.433827e-01	1.515846e-01
5.212819e-01	4.545128e-01	6.577326e-02
5.663915e-01	4.548089e-01	1.627287e-01
5.153477e-01	4.085869e-01	2.791391e-03
5.692946e-01	4.107667e-01	-2.957392e-03
5.119561e-01	2.529677e-01	8.161229e-02
5.798852e-01	2.529893e-01	7.012578e-02
5.086290e-01	1.117509e-01	3.054404e-01
5.747460e-01	1.096259e-01	2.977452e-01
5.161198e-01	8.981632e-02	3.224378e-01
5.666251e-01	8.946383e-02	3.113256e-01
4.871880e-01	5.391325e-02	2.188210e-01
6.031865e-01	5.244557e-02	1.934112e-01
5.415410e-01	7.777560e-01	-3.512717e-01
5.354317e-01	7.939749e-01	-3.397076e-01
5.308904e-01	7.937847e-01	-3.397109e-01
5.272269e-01	7.935638e-01	-3.397374e-01
5.477866e-01	7.934085e-01	-3.408872e-01
5.514622e-01	7.929344e-01	-3.409240e-01
5.552605e-01	7.924002e-01	-3.408634e-01
5.218545e-01	7.835934e-01	-2.342281e-01
5.607647e-01	7.842572e-01	-2.418305e-01
5.337483e-01	7.565952e-01	-3.095377e-01
5.486554e-01	7.564970e-01	-3.110192e-01
4.937185e-01	6.651668e-01	-1.358646e-01
5.900384e-01	6.671011e-01	-1.240315e-01
4.906399e-01	5.441670e-01	-1.151656e-02
5.936191e-01	5.459815e-01	3.829052e-02
5.111222e-01	4.406449e-01	5.755460e-02
5.844005e-01	4.411469e-01	1.206504e-01
5.140995e-01	4.091176e-01	6.056044e-02
5.821223e-01	4.130946e-01	1.229306e-01
5.135517e-01	4.112792e-01	2.840561e-02
5.804843e-01	4.136632e-01	9.799053e-02
5.132657e-01	4.228756e-01	4.695317e-02
5.787400e-01	4.260109e-01	1.129613e-01
5.154576e-01	4.123414e-01	2.486649e-03
5.694015e-01	4.144756e-01	-2.649016e-03
5.119435e-01	2.528691e-01	7.730764e-02
5.798560e-01	2.538710e-01	7.496412e-02
5.087507e-01	1.118615e-01	3.047466e-01
5.746625e-01	1.113601e-01	3.197100e-01
5.161234e-01	9.125172e-02	3.217570e-01
5.666107e-01	9.320153e-02	3.363170e-01
4.874659e-01	5.395868e-02	2.101090e-01
6.027624e-01	5.276028e-02	2.183965e-01
5.412164e-01	7.778870e-01	-3.404514e-01
5.352836e-01	7.940644e-01	-3.243079e-01
5.308868e-01	7.938670e-01	-3.243210e-01
5.272270e-01	7.936217e-01	-3.242970e-01
5.474758e-01	7.935115e-01	-3.259813e-01
5.511705e-01	7.929828e-01	-3.260386e-01
5.549170e-01	7.924088e-01	-3.260007e-01
5.218598e-01	7.835780e-01	-2.098225e-01
5.602478e-01	7.835206e-01	-2.180021e-01
5.335137e-01	7.569739e-01	-2.959688e-01
5.484205e-01	7.565653e-01	-2.979340e-01
4.938887e-01	6.645347e-01	-1.273065e-01
5.898003e-01	6.685743e-01	-1.273821e-01
4.905657e-01	5.408647e-01	-5.541478e-02
5.949375e-01	5.491298e-01	-6.242645e-02
4.991156e-01	4.342258e-01	-2.424878e-02
5.888084e-01	4.361769e-01	-1.399186e-01
4.964407e-01	3.999242e-01	-1.215151e-02
5.870929e-01	3.998734e-01	-1.672743e-01
5.015623e-01	4.002811e-01	-1.215539e-01
5.860180e-01	4.018730e-01	-2.016545e-01
5.061642e-01	4.132297e-01	4.297322e-02
5.836815e-01	4.150929e-01	-1.559125e-01
5.158334e-01	4.184056e-01	2.398291e-03
5.693077e-01	4.178615e-01	-2.497874e-03
5.120689e-01	2.532991e-01	5.309387e-02
5.778806e-01	2.579467e-01	5.012503e-02
5.087315e-01	1.120607e-01	2.477773e-01
5.744469e-01	1.120362e-01	2.505823e-01
5.160199e-01	9.131617e-02	2.593427e-01
5.663660e-01	9.353854e-02	2.619853e-01
4.876467e-01	5.482325e-02	1.406903e-01
6.025386e-01	5.456537e-02	1.373994e-01
5.412477e-01	7.807795e-01	-3.459768e-01
5.354330e-01	7.959520e-01	-3.283209e-01
5.310280e-01	7.954651e-01	-3.283330e-01
5.275842e-01	7.949953e-01	-3.282821e-01
5.475049e-01	7.955639e-01	-3.284087e-01
5.511661e-01	7.947705e-01	-3.284835e-01
5.549211e-01	7.937467e-01	-3.284237e-01
5.221149e-01	7.838440e-01	-2.131466e-01
5.599124e-01	7.835296e-01	-2.142513e-01
5.336055e-01	7.599714e-01	-3.021761e-01
5.484518e-01	7.585516e-01	-3.020163e-01
4.939732e-01	6.638196e-01	-1.379465e-01
5.897518e-01	6.682196e-01	-1.293081e-01
4.909397e-01	5.361513e-01	-9.901248e-02
5.957394e-01	5.417247e-01	-8.782724e-02
4.931557e-01	4.248989e-01	-1.768780e-01
5.911894e-01	4.174093e-01	-1.744916e-01
4.887942e-01	3.875348e-01	-2.094112e-01
5.898598e-01	3.807912e-01	-2.056264e-01
4.956338e-01	3.882158e-01	-2.453572e-01
5.881081e-01	3.821321e-01	-2.391656e-01
5.016298e-01	4.006065e-01	-1.868681e-01
5.848894e-01	3.951268e-01	-1.903951e-01
5.171465e-01	4.210697e-01	-1.440121e-03
5.693374e-01	4.205590e-01	1.493591e-03
5.123290e-01	2.533736e-01	4.898604e-02
5.773698e-01	2.599918e-01	6.500271e-02
5.084845e-01	1.120462e-01	2.362063e-01
5.743470e-01	1.133662e-01	2.584004e-01
5.158278e-01	9.111831e-02	2.470980e-01
5.662968e-01	9.394049e-02	2.728055e-01
4.878015e-01	5.494404e-02	1.290314e-01
6.023983e-01	5.656536e-02	1.416889e-01
5.413111e-01	7.816734e-01	-3.395096e-01
5.356286e-01	7.967879e-01	-3.199375e-01
5.312303e-01	7.961388e-01	-3.198869e-01
5.279249e-01	7.955182e-01	-3.197084e-01
5.475379e-01	7.964915e-01	-3.153099e-01
5.511643e-01	7.956755e-01	-3.154033e-01
5.549228e-01	7.945230e-01	-3.152835e-01
5.222917e-01	7.838862e-01	-2.050934e-01
5.595444e-01	7.835188e-01	-2.007034e-01
5.337359e-01	7.607902e-01	-2.953905e-01
5.484695e-01	7.592847e-01	-2.988049e-01
4.943771e-01	6.634859e-01	-1.360812e-01
5.889247e-01	6.691985e-01	-1.280185e-01
4.924235e-01	5.313945e-01	-1.189675e-01
5.961522e-01	5.392750e-01	-8.560552e-02
4.929896e-01	4.174748e-01	-2.040269e-01
5.913113e-01	4.129834e-01	-1.732720e-01
4.870690e-01	3.787638e-01	-2.391075e-01
5.936879e-01	3.766953e-01	-2.056236e-01
4.946907e-01	3.799146e-01	-2.693119e-01
5.895170e-01	3.777913e-01	-2.368079e-01
5.007913e-01	3.927222e-01	-2.186579e-01
5.862065e-01	3.909334e-01	-1.883151e-01
5.176572e-01	4.223475e-01	-4.413365e-03
5.693309e-01	4.224500e-01	4.531875e-03
5.124844e-01	2.539511e-01	3.882163e-02
5.770618e-01	2.618168e-01	6.809071e-02
5.083295e-01	1.123111e-01	2.171128e-01
5.741927e-01	1.158446e-01	2.668873e-01
5.157013e-01	9.130899e-02	2.276087e-01
5.660901e-01	9.612609e-02	2.798191e-01
4.878321e-01	5.519610e-02	1.175193e-01
6.018972e-01	5.836312e-02	1.577435e-01
5.412476e-01	7.822978e-01	-2.984497e-01
5.356275e-01	7.971888e-01	-2.805411e-01
5.312477e-01	7.965261e-01	-2.805235e-01
5.279341e-01	7.958974e-01	-2.804194e-01
5.475246e-01	7.968954e-01	-2.789756e-01
5.511165e-01	7.960614e-01	-2.790537e-01
5.548624e-01	7.949133e-01	-2.789554e-01
5.223523e-01	7.838834e-01	-1.768691e-01
5.593383e-01	7.833204e-01	-1.724127e-01
5.337023e-01	7.611127e-01	-2.600116e-01
5.483634e-01	7.595939e-01	-2.592641e-01
4.946766e-01	6.629767e-01	-1.241623e-01
5.884174e-01	6.695753e-01	-1.080505e-01
4.928753e-01	5.310209e-01	-1.127307e-01
5.963617e-01	5.376809e-01	-8.135930e-02
4.929381e-01	4.145893e-01	-1.928156e-01
5.925099e-01	4.027743e-01	-1.678351e-01
4.866225e-01	3.757673e-01	-2.274854e-01
5.964741e-01	3.663659e-01	-2.014106e-01
4.946395e-01	3.766661e-01	-2.563461e-01
5.902873e-01	3.672726e-01	-2.310900e-01
5.006593e-01	3.899385e-01	-2.072053e-01
5.868399e-01	3.813659e-01	-1.823299e-01
5.187269e-01	4.206320e-01	-4.263441e-03
5.698382e-01	4.214033e-01	4.343561e-03
5.128239e-01	2.537253e-01	4.402508e-02
5.770745e-01	2.617870e-01	6.918399e-02
5.083166e-01	1.121086e-01	2.264830e-01
5.741265e-01	1.157962e-01	2.708448e-01
5.157093e-01	9.089060e-02	2.378939e-01
5.658713e-01	9.600612e-02	2.837989e-01
4.876624e-01	5.515084e-02	1.330570e-01
6.018327e-01	5.843824e-02	1.654808e-01
5.411269e-01	7.821814e-01	-2.926420e-01
5.356146e-01	7.970714e-01	-2.750685e-01
5.312511e-01	7.964283e-01	-2.750632e-01
5.279347e-01	7.958163e-01	-2.749802e-01
5.474817e-01	7.967959e-01	-2.738542e-01
5.510422e-01	7.959851e-01	-2.739295e-01
5.547684e-01	7.948720e-01	-2.738372e-01
5.224116e-01	7.835464e-01	-1.712035e-01
5.591822e-01	7.827308e-01	-1.666607e-01
5.336469e-01	7.609481e-01	-2.540528e-01
5.482391e-01	7.595263e-01	-2.526371e-01
4.952091e-01	6.613592e-01	-1.201253e-01
5.883756e-01	6.692805e-01	-9.801812e-02
4.927939e-01	5.310869e-01	-1.099610e-01
5.969375e-01	5.368720e-01	-7.807863e-02
4.927133e-01	4.127354e-01	-1.891513e-01
5.950390e-01	4.008902e-01	-1.634355e-01
4.866224e-01	3.739889e-01	-2.241252e-01
5.991443e-01	3.650179e-01	-1.969844e-01
4.946200e-01	3.747463e-01	-2.531108e-01
5.907964e-01	3.663984e-01	-2.272385e-01
5.006255e-01	3.879048e-01	-2.035962e-01
5.873436e-01	3.802072e-01	-1.782114e-01
5.194839e-01	4.173766e-01	-4.355975e-03
5.702466e-01	4.188724e-01	4.452514e-03
5.128695e-01	2.526989e-01	4.453536e-02
5.772187e-01	2.612651e-01	6.969706e-02
5.083181e-01	1.109188e-01	2.300204e-01
5.740671e-01	1.156918e-01	2.734105e-01
5.157274e-01	8.986364e-02	2.418650e-01
5.656599e-01	9.586935e-02	2.864957e-01
4.874194e-01	5.432782e-02	1.389554e-01
6.018224e-01	5.864060e-02	1.773044e-01
5.411332e-01	7.820865e-01	-2.900717e-01
5.356580e-01	7.968654e-01	-2.729796e-01
5.313024e-01	7.961878e-01	-2.729762e-01
5.279860e-01	7.955340e-01	-2.728938e-01
5.475184e-01	7.966577e-01	-2.717871e-01
5.510824e-01	7.958947e-01	-2.718530e-01
5.548679e-01	7.947890e-01	-2.717563e-01
5.224936e-01	7.829383e-01	-1.693394e-01
5.592013e-01	7.821749e-01	-1.644931e-01
5.336744e-01	7.605728e-01	-2.513386e-01
5.482654e-01	7.591237e-01	-2.497007e-01
4.959701e-01	6.612876e-01	-1.166573e-01
5.883632e-01	6.693838e-01	-9.510987e-02
4.932189e-01	5.322483e-01	-1.108060e-01
5.975418e-01	5.374085e-01	-7.637880e-02
4.925570e-01	4.140230e-01	-2.021317e-01
5.965513e-01	4.026660e-01	-1.614258e-01
4.867335e-01	3.746690e-01	-2.384892e-01
6.006703e-01	3.665612e-01	-1.949467e-01
4.946350e-01	3.767048e-01	-2.672619e-01
5.911122e-01	3.671974e-01	-2.251718e-01
5.004973e-01	3.895706e-01	-2.166694e-01
5.876725e-01	3.811556e-01	-1.761343e-01
5.197737e-01	4.157875e-01	-4.268982e-03
5.706292e-01	4.172524e-01	4.364378e-03
5.129926e-01	2.520160e-01	4.433082e-02
5.772114e-01	2.610881e-01	7.187866e-02
5.083977e-01	1.105440e-01	2.276828e-01
5.740005e-01	1.156649e-01	2.747040e-01
5.158771e-01	8.972507e-02	2.394040e-01
5.655812e-01	9.576768e-02	2.878204e-01
4.874525e-01	5.367756e-02	1.384257e-01
6.017982e-01	5.857243e-02	1.823958e-01
5.411282e-01	7.795804e-01	-2.848646e-01
5.356587e-01	7.950210e-01	-2.679264e-01
5.313160e-01	7.942340e-01	-2.679248e-01
5.280300e-01	7.935337e-01	-2.678476e-01
5.475181e-01	7.949427e-01	-2.667462e-01
5.510792e-01	7.942770e-01	-2.668089e-01
5.548782e-01	7.931727e-01	-2.667111e-01
5.226989e-01	7.812668e-01	-1.646681e-01
5.592420e-01	7.805808e-01	-1.599242e-01
5.336977e-01	7.583278e-01	-2.461813e-01
5.482832e-01	7.569858e-01	-2.445537e-01
4.968780e-01	6.614715e-01	-1.117142e-01
5.884293e-01	6.693318e-01	-8.999328e-02
4.933013e-01	5.329381e-01	-1.087394e-01
5.982328e-01	5.400336e-01	-7.173974e-02
4.923678e-01	4.123016e-01	-1.915137e-01
5.970483e-01	4.083364e-01	-1.575233e-01
4.868633e-01	3.739658e-01	-2.264856e-01
6.010777e-01	3.716340e-01	-1.909284e-01
4.947147e-01	3.765622e-01	-2.553460e-01
5.913588e-01	3.721052e-01	-2.207757e-01
5.003771e-01	3.893488e-01	-2.058486e-01
5.878630e-01	3.856015e-01	-1.720913e-01
5.204064e-01	4.137352e-01	-4.177716e-03
5.711937e-01	4.157362e-01	4.268517e-03
5.131869e-01	2.514316e-01	4.543889e-02
5.772308e-01	2.610015e-01	7.207097e-02
5.084558e-01	1.097304e-01	2.233513e-01
5.739633e-01	1.155901e-01	2.700729e-01
5.158976e-01	8.904512e-02	2.345093e-01
5.655592e-01	9.568812e-02	2.825627e-01
4.875001e-01	5.328332e-02	1.349678e-01
6.017687e-01	5.852318e-02	1.806328e-01
5.411160e-01	7.751368e-01	-2.896291e-01
5.356586e-01	7.910488e-01	-2.726634e-01
5.313292e-01	7.904199e-01	-2.726639e-01
5.280985e-01	7.898743e-01	-2.725903e-01
5.475172e-01	7.911812e-01	-2.718074e-01
5.510707e-01	7.906527e-01	-2.718729e-01
5.548854e-01	7.896528e-01	-2.717860e-01
5.229105e-01	7.791537e-01	-1.674452e-01
5.593144e-01	7.781373e-01	-1.641006e-01
5.337249e-01	7.548896e-01	-2.499917e-01
5.482886e-01	7.533923e-01	-2.487609e-01
4.972371e-01	6.611953e-01	-1.115545e-01
5.885378e-01	6.687953e-01	-9.189324e-02
4.931602e-01	5.329723e-01	-1.069995e-01
5.983428e-01	5.402905e-01	-7.159903e-02
4.921738e-01	4.156171e-01	-1.868633e-01
5.971855e-01	4.084826e-01	-1.590412e-01
4.868529e-01	3.768708e-01	-2.209260e-01
6.011195e-01	3.723442e-01	-1.919802e-01
4.947088e-01	3.784041e-01	-2.496889e-01
5.914931e-01	3.732237e-01	-2.216415e-01
5.002822e-01	3.912306e-01	-2.011644e-01
5.878995e-01	3.864716e-01	-1.734618e-01
5.207456e-01	4.126811e-01	-4.168143e-03
5.713876e-01	4.148782e-01	4.263245e-03
5.132191e-01	2.508834e-01	4.290985e-02
5.774728e-01	2.607650e-01	6.875456e-02
5.084825e-01	1.088918e-01	2.208222e-01
5.738484e-01	1.152637e-01	2.619402e-01
5.159010e-01	8.802894e-02	2.320616e-01
5.654423e-01	9.538108e-02	2.740241e-01
4.875261e-01	5.298923e-02	1.332512e-01
6.017694e-01	5.847505e-02	1.723299e-01
5.411236e-01	7.720436e-01	-2.929539e-01
5.356750e-01	7.883655e-01	-2.761335e-01
5.313500e-01	7.879356e-01	-2.761361e-01
5.281636e-01	7.875465e-01	-2.760661e-01
5.475411e-01	7.883806e-01	-2.754664e-01
5.510868e-01	7.878737e-01	-2.755310e-01
5.549809e-01	7.869200e-01	-2.754499e-01
5.229542e-01	7.777767e-01	-1.699270e-01
5.594252e-01	7.762076e-01	-1.675836e-01
5.337613e-01	7.521854e-01	-2.528774e-01
5.483297e-01	7.507187e-01	-2.518607e-01
4.974627e-01	6.610073e-01	-1.118501e-01
5.886366e-01	6.683395e-01	-9.389824e-02
4.930204e-01	5.330951e-01	-1.008174e-01
5.984534e-01	5.408292e-01	-7.107985e-02
4.920573e-01	4.139889e-01	-1.851452e-01
5.976362e-01	4.137287e-01	-1.557008e-01
4.870370e-01	3.756788e-01	-2.187922e-01
6.017596e-01	3.765450e-01	-1.872369e-01
4.948511e-01	3.767853e-01	-2.444809e-01
5.921811e-01	3.767279e-01	-2.171720e-01
5.002910e-01	3.899172e-01	-2.007705e-01
5.881954e-01	3.891923e-01	-1.700809e-01
5.208569e-01	4.127645e-01	-4.242509e-03
5.714294e-01	4.149326e-01	4.337548e-03
5.132494e-01	2.506546e-01	4.164721e-02
5.773745e-01	2.607163e-01	6.768273e-02
5.084866e-01	1.083964e-01	2.168543e-01
5.738437e-01	1.150487e-01	2.571077e-01
5.158533e-01	8.760784e-02	2.277100e-01
5.654432e-01	9.527676e-02	2.688603e-01
4.875465e-01	5.257286e-02	1.285394e-01
6.017445e-01	5.844044e-02	1.659936e-01
