5.168211e-01	7.734820e-01	-2.390966e-01
5.139697e-01	7.835594e-01	-2.204121e-01
5.103831e-01	7.826810e-01	-2.204276e-01
5.067148e-01	7.817389e-01	-2.203618e-01
5.239254e-01	7.843764e-01	-2.261837e-01
5.275986e-01	7.838159e-01	-2.262467e-01
5.313395e-01	7.830262e-01	-2.262422e-01
5.044557e-01	7.693886e-01	-1.113955e-01
5.375386e-01	7.708125e-01	-1.397119e-01
5.092471e-01	7.517118e-01	-1.984650e-01
5.237067e-01	7.530787e-01	-2.064702e-01
4.824637e-01	6.655618e-01	-4.036048e-02
5.614146e-01	6.666269e-01	-8.489572e-02
4.707250e-01	5.457379e-01	8.810734e-03
5.710262e-01	5.437182e-01	-5.199714e-02
4.576619e-01	4.422851e-01	-7.959854e-02
5.786919e-01	4.386042e-01	-1.343977e-01
4.497536e-01	4.112829e-01	-1.043288e-01
5.852659e-01	4.041091e-01	-1.628182e-01
4.504790e-01	4.086596e-01	-1.390528e-01
5.807544e-01	4.023230e-01	-1.975670e-01
4.560713e-01	4.211698e-01	-9.595137e-02
5.760828e-01	4.148836e-01	-1.502637e-01
4.941457e-01	4.428801e-01	1.958734e-02
5.404902e-01	4.436053e-01	-1.949749e-02
4.990917e-01	2.719494e-01	5.750985e-03
5.342562e-01	2.695741e-01	-4.270385e-02
5.023748e-01	1.228335e-01	1.793022e-01
5.291063e-01	1.123323e-01	1.185206e-01
5.052025e-01	1.072728e-01	1.902443e-01
5.303679e-01	9.670830e-02	1.284089e-01
5.008970e-01	7.704452e-02	8.125503e-02
5.213136e-01	6.966668e-02	4.661053e-03
5.166636e-01	7.703127e-01	-2.377799e-01
5.137883e-01	7.817171e-01	-2.187939e-01
5.103720e-01	7.811179e-01	-2.188230e-01
5.067148e-01	7.804889e-01	-2.187773e-01
5.238372e-01	7.820047e-01	-2.241153e-01
5.275733e-01	7.813532e-01	-2.241748e-01
5.312710e-01	7.804959e-01	-2.241603e-01
5.044144e-01	7.683624e-01	-1.087912e-01
5.375703e-01	7.686528e-01	-1.335398e-01
5.092384e-01	7.494419e-01	-1.967173e-01
5.235745e-01	7.496230e-01	-2.038497e-01
4.821997e-01	6.654432e-01	-3.882769e-02
5.614436e-01	6.664111e-01	-7.911164e-02
4.708299e-01	5.457229e-01	7.524393e-03
5.707168e-01	5.436046e-01	-4.623931e-02
4.576983e-01	4.422372e-01	-8.729532e-02
5.786926e-01	4.369568e-01	-1.313226e-01
4.500870e-01	4.110745e-01	-1.139128e-01
5.853392e-01	4.036263e-01	-1.608665e-01
4.507979e-01	4.086345e-01	-1.491542e-01
5.810663e-01	4.019923e-01	-1.961973e-01
4.562429e-01	4.210866e-01	-1.038777e-01
5.763287e-01	4.143462e-01	-1.476365e-01
4.943083e-01	4.433779e-01	1.910556e-02
5.407699e-01	4.435589e-01	-1.902486e-02
4.998756e-01	2.712699e-01	5.727642e-03
5.353357e-01	2.700066e-01	-4.026461e-02
5.036891e-01	1.228344e-01	1.766631e-01
5.297285e-01	1.123322e-01	1.182030e-01
5.065144e-01	1.075071e-01	1.871982e-01
5.305246e-01	9.680052e-02	1.278884e-01
5.015624e-01	7.705743e-02	7.501850e-02
5.220217e-01	6.988437e-02	3.989673e-03
5.166656e-01	7.693319e-01	-2.189809e-01
5.137549e-01	7.810757e-01	-1.996021e-01
5.103760e-01	7.806093e-01	-1.996342e-01
5.067359e-01	7.801244e-01	-1.995932e-01
5.238456e-01	7.810060e-01	-2.042735e-01
5.276130e-01	7.802447e-01	-2.043236e-01
5.312839e-01	7.793170e-01	-2.042904e-01
5.043882e-01	7.680369e-01	-9.143087e-02
5.377162e-01	7.675317e-01	-1.131907e-01
5.092596e-01	7.489249e-01	-1.788147e-01
5.235939e-01	7.484448e-01	-1.849824e-01
4.821440e-01	6.653110e-01	-2.664715e-02
5.614420e-01	6.663929e-01	-6.302278e-02
4.709855e-01	5.456065e-01	1.331712e-02
5.708666e-01	5.441961e-01	-3.283517e-02
4.574986e-01	4.424128e-01	-8.455730e-02
5.789369e-01	4.369786e-01	-1.184940e-01
4.499744e-01	4.110819e-01	-1.129962e-01
5.856351e-01	4.039775e-01	-1.486157e-01
4.507798e-01	4.089841e-01	-1.484321e-01
5.811257e-01	4.025476e-01	-1.832251e-01
4.561861e-01	4.213163e-01	-1.011707e-01
5.763776e-01	4.145100e-01	-1.345246e-01
4.946290e-01	4.433964e-01	1.827411e-02
5.414754e-01	4.435439e-01	-1.819804e-02
5.003515e-01	2.701265e-01	2.784167e-03
5.359609e-01	2.700984e-01	-4.028262e-02
5.043356e-01	1.227282e-01	1.698205e-01
5.302189e-01	1.123305e-01	1.152565e-01
5.071396e-01	1.075070e-01	1.799794e-01
5.306829e-01	9.689861e-02	1.246400e-01
5.021586e-01	7.705297e-02	6.653066e-02
5.230426e-01	6.995630e-02	1.331821e-03
5.166675e-01	7.692070e-01	-2.241691e-01
5.137321e-01	7.808706e-01	-2.050614e-01
5.103794e-01	7.804525e-01	-2.050887e-01
5.067490e-01	7.800153e-01	-2.050401e-01
5.238547e-01	7.806870e-01	-2.100593e-01
5.276399e-01	7.798966e-01	-2.101125e-01
5.312878e-01	7.789388e-01	-2.100887e-01
5.043602e-01	7.679341e-01	-9.597893e-02
5.377433e-01	7.671443e-01	-1.180704e-01
5.092647e-01	7.489258e-01	-1.837726e-01
5.236008e-01	7.483685e-01	-1.904077e-01
4.821212e-01	6.653126e-01	-2.939151e-02
5.614213e-01	6.663933e-01	-6.304678e-02
4.709349e-01	5.463952e-01	1.229977e-02
5.727323e-01	5.455202e-01	-2.984864e-02
4.559619e-01	4.504386e-01	-8.714771e-02
5.853816e-01	4.438816e-01	-1.175596e-01
4.486714e-01	4.189022e-01	-1.150511e-01
5.929724e-01	4.100820e-01	-1.473523e-01
4.504766e-01	4.190635e-01	-1.507263e-01
5.904489e-01	4.087558e-01	-1.832897e-01
4.557060e-01	4.300504e-01	-1.038224e-01
5.853173e-01	4.198297e-01	-1.343534e-01
4.946155e-01	4.436478e-01	1.671850e-02
5.420656e-01	4.439755e-01	-1.664299e-02
5.009745e-01	2.696041e-01	-1.076418e-04
5.361000e-01	2.701288e-01	-4.173744e-02
5.049080e-01	1.209234e-01	1.656569e-01
5.306476e-01	1.120630e-01	1.153205e-01
5.077991e-01	1.061724e-01	1.756828e-01
5.311391e-01	9.689904e-02	1.250322e-01
5.032755e-01	7.672295e-02	6.002890e-02
5.241186e-01	7.009940e-02	2.350904e-03
5.166786e-01	7.691782e-01	-2.254361e-01
5.137192e-01	7.807517e-01	-2.066695e-01
5.103852e-01	7.803597e-01	-2.066771e-01
5.067672e-01	7.799506e-01	-2.066016e-01
5.238671e-01	7.805192e-01	-2.124925e-01
5.276685e-01	7.797194e-01	-2.125511e-01
5.312942e-01	7.787511e-01	-2.125343e-01
5.043398e-01	7.678640e-01	-9.809606e-02
5.377606e-01	7.669292e-01	-1.208181e-01
5.092799e-01	7.489489e-01	-1.852542e-01
5.236164e-01	7.483726e-01	-1.929154e-01
4.821073e-01	6.653207e-01	-3.112717e-02
5.614018e-01	6.663928e-01	-6.379436e-02
4.708926e-01	5.469786e-01	8.159988e-03
5.737349e-01	5.464233e-01	-2.884483e-02
4.552001e-01	4.534211e-01	-9.023738e-02
5.875703e-01	4.466007e-01	-1.165486e-01
4.480019e-01	4.218604e-01	-1.177516e-01
5.953162e-01	4.125999e-01	-1.460163e-01
4.503019e-01	4.224403e-01	-1.535042e-01
5.931420e-01	4.112698e-01	-1.824272e-01
4.554332e-01	4.331259e-01	-1.068744e-01
5.879553e-01	4.220854e-01	-1.335810e-01
4.945997e-01	4.439168e-01	1.535945e-02
5.423741e-01	4.443918e-01	-1.528587e-02
5.013002e-01	2.693800e-01	-2.042244e-03
5.361258e-01	2.702678e-01	-4.216214e-02
5.052093e-01	1.198690e-01	1.628702e-01
5.307886e-01	1.119915e-01	1.153755e-01
5.081314e-01	1.053057e-01	1.727910e-01
5.313652e-01	9.692785e-02	1.252641e-01
5.039275e-01	7.655420e-02	5.647243e-02
5.246640e-01	7.039096e-02	2.974240e-03
5.166921e-01	7.689047e-01	-2.559261e-01
5.137054e-01	7.805189e-01	-2.370061e-01
5.103882e-01	7.801567e-01	-2.370649e-01
5.067746e-01	7.797846e-01	-2.370484e-01
5.238853e-01	7.802126e-01	-2.409301e-01
5.277101e-01	7.793647e-01	-2.409720e-01
5.313104e-01	7.783527e-01	-2.409361e-01
5.042812e-01	7.676825e-01	-1.245717e-01
5.377694e-01	7.664645e-01	-1.422856e-01
5.092918e-01	7.487773e-01	-2.138116e-01
5.236272e-01	7.480657e-01	-2.190403e-01
4.821044e-01	6.652995e-01	-5.476003e-02
5.613907e-01	6.663101e-01	-7.097127e-02
4.695810e-01	5.486652e-01	-8.968079e-03
5.762466e-01	5.469046e-01	-3.246816e-02
4.514884e-01	4.588785e-01	-1.069211e-01
5.940939e-01	4.494229e-01	-1.202092e-01
4.452478e-01	4.289949e-01	-1.344890e-01
6.026617e-01	4.162307e-01	-1.490746e-01
4.479454e-01	4.301755e-01	-1.707050e-01
6.015657e-01	4.151823e-01	-1.883081e-01
4.525754e-01	4.407131e-01	-1.235470e-01
5.962808e-01	4.256529e-01	-1.387204e-01
4.943226e-01	4.443589e-01	1.261917e-02
5.424148e-01	4.450024e-01	-1.254533e-02
5.015789e-01	2.693430e-01	-3.992050e-03
5.362610e-01	2.707259e-01	-4.058288e-02
5.058794e-01	1.193637e-01	1.638847e-01
5.310321e-01	1.120946e-01	1.240019e-01
5.089429e-01	1.048665e-01	1.741096e-01
5.319777e-01	9.741243e-02	1.349033e-01
5.048887e-01	7.648917e-02	5.742237e-02
5.252581e-01	7.095029e-02	1.369889e-02
5.166960e-01	7.683710e-01	-2.414241e-01
5.136148e-01	7.800102e-01	-2.210593e-01
5.103649e-01	7.795485e-01	-2.211506e-01
5.067421e-01	7.790709e-01	-2.211395e-01
5.238484e-01	7.799230e-01	-2.255221e-01
5.276890e-01	7.791318e-01	-2.255399e-01
5.312681e-01	7.781677e-01	-2.254677e-01
5.041761e-01	7.668685e-01	-1.070416e-01
5.377606e-01	7.664168e-01	-1.275661e-01
5.093793e-01	7.483267e-01	-1.988991e-01
5.237213e-01	7.479451e-01	-2.047006e-01
4.822125e-01	6.659995e-01	-4.400798e-02
5.613903e-01	6.663859e-01	-5.946577e-02
4.664186e-01	5.610797e-01	-3.822809e-03
5.827383e-01	5.506184e-01	-2.753153e-02
4.435124e-01	4.773143e-01	-1.027913e-01
6.127080e-01	4.546183e-01	-1.213950e-01
4.394320e-01	4.504902e-01	-1.284283e-01
6.258003e-01	4.265380e-01	-1.503132e-01
4.413275e-01	4.526364e-01	-1.655820e-01
6.249863e-01	4.266742e-01	-1.886231e-01
4.449571e-01	4.610967e-01	-1.199896e-01
6.189898e-01	4.348587e-01	-1.390869e-01
4.936040e-01	4.443622e-01	1.210808e-02
5.417782e-01	4.453678e-01	-1.202018e-02
5.015557e-01	2.687103e-01	-6.108976e-03
5.362705e-01	2.706902e-01	-4.060342e-02
5.062971e-01	1.180535e-01	1.580910e-01
5.310268e-01	1.121382e-01	1.238617e-01
5.092994e-01	1.034761e-01	1.679910e-01
5.319712e-01	9.749115e-02	1.344452e-01
5.052263e-01	7.582942e-02	5.275529e-02
5.254007e-01	7.151144e-02	1.222572e-02
5.166472e-01	7.682770e-01	-2.231211e-01
5.134765e-01	7.797608e-01	-2.025736e-01
5.103069e-01	7.792338e-01	-2.026495e-01
5.066633e-01	7.786663e-01	-2.026265e-01
5.236932e-01	7.798233e-01	-2.075271e-01
5.275397e-01	7.790741e-01	-2.075489e-01
5.310942e-01	7.781226e-01	-2.074817e-01
5.041202e-01	7.663165e-01	-9.039498e-02
5.376781e-01	7.663819e-01	-1.133912e-01
5.094025e-01	7.481953e-01	-1.816270e-01
5.237253e-01	7.479759e-01	-1.881762e-01
4.822535e-01	6.663992e-01	-3.131544e-02
5.613858e-01	6.664250e-01	-5.046807e-02
4.650008e-01	5.649078e-01	6.711353e-03
5.844507e-01	5.527788e-01	-2.199414e-02
4.416686e-01	4.806179e-01	-9.304419e-02
6.151594e-01	4.573986e-01	-1.193015e-01
4.378828e-01	4.542355e-01	-1.206553e-01
6.286131e-01	4.303443e-01	-1.483130e-01
4.394262e-01	4.564442e-01	-1.552420e-01
6.276906e-01	4.306185e-01	-1.867976e-01
4.429220e-01	4.647311e-01	-1.093260e-01
6.216521e-01	4.384745e-01	-1.374088e-01
4.929802e-01	4.443573e-01	1.202592e-02
5.413116e-01	4.455025e-01	-1.192875e-02
5.015370e-01	2.682331e-01	-7.208218e-03
5.363227e-01	2.706568e-01	-4.068265e-02
5.065398e-01	1.171678e-01	1.569289e-01
5.310217e-01	1.121235e-01	1.223669e-01
5.094630e-01	1.023991e-01	1.669118e-01
5.319664e-01	9.748802e-02	1.330563e-01
5.054535e-01	7.526786e-02	5.284526e-02
5.256289e-01	7.170208e-02	1.134462e-02
5.165565e-01	7.681421e-01	-2.249428e-01
5.133374e-01	7.795600e-01	-2.052041e-01
5.102370e-01	7.790290e-01	-2.052502e-01
5.065740e-01	7.784334e-01	-2.052098e-01
5.234836e-01	7.796849e-01	-2.102327e-01
5.273281e-01	7.789762e-01	-2.102797e-01
5.308641e-01	7.780248e-01	-2.102374e-01
5.040329e-01	7.661517e-01	-9.436303e-02
5.374532e-01	7.663371e-01	-1.175587e-01
5.094002e-01	7.481234e-01	-1.839764e-01
5.237104e-01	7.480091e-01	-1.907513e-01
4.822726e-01	6.671237e-01	-3.196396e-02
5.613644e-01	6.666396e-01	-5.157825e-02
4.627337e-01	5.710813e-01	5.928264e-03
5.876925e-01	5.579957e-01	-2.053498e-02
4.376767e-01	4.949348e-01	-9.340854e-02
6.236765e-01	4.680851e-01	-1.193674e-01
4.322613e-01	4.691903e-01	-1.206645e-01
6.380538e-01	4.438863e-01	-1.478549e-01
4.342565e-01	4.713010e-01	-1.553893e-01
6.390759e-01	4.447698e-01	-1.870024e-01
4.378693e-01	4.789822e-01	-1.096849e-01
6.328584e-01	4.505183e-01	-1.378018e-01
4.924580e-01	4.469884e-01	1.172582e-02
5.410107e-01	4.486314e-01	-1.162847e-02
5.013535e-01	2.699578e-01	-6.287748e-03
5.363306e-01	2.719669e-01	-3.825212e-02
5.064757e-01	1.170773e-01	1.483760e-01
5.310144e-01	1.121485e-01	1.124939e-01
5.093667e-01	1.022837e-01	1.568949e-01
5.318403e-01	9.751177e-02	1.212055e-01
5.053773e-01	7.521685e-02	4.010294e-02
5.256413e-01	7.187780e-02	-9.843884e-04
5.164054e-01	7.681578e-01	-2.011561e-01
5.131233e-01	7.795861e-01	-1.814186e-01
5.099847e-01	7.790700e-01	-1.814989e-01
5.062491e-01	7.784649e-01	-1.814599e-01
5.232372e-01	7.796963e-01	-1.870660e-01
5.271022e-01	7.789894e-01	-1.870902e-01
5.306438e-01	7.780420e-01	-1.870621e-01
5.037010e-01	7.661800e-01	-7.364079e-02
5.370219e-01	7.663432e-01	-9.954200e-02
5.093076e-01	7.482003e-01	-1.613522e-01
5.236713e-01	7.481203e-01	-1.687779e-01
4.823675e-01	6.683642e-01	-4.163894e-03
5.612165e-01	6.675707e-01	-4.173963e-02
4.572173e-01	5.881115e-01	9.498104e-02
5.955178e-01	5.724563e-01	-2.011627e-02
4.307894e-01	5.335338e-01	8.179402e-02
6.444516e-01	5.026702e-01	-1.155556e-01
4.227407e-01	5.119703e-01	7.367860e-02
6.610168e-01	4.872620e-01	-1.407723e-01
4.240526e-01	5.122217e-01	3.862819e-02
6.628550e-01	4.884661e-01	-1.790009e-01
4.285054e-01	5.194407e-01	6.762768e-02
6.556510e-01	4.913258e-01	-1.339655e-01
4.916831e-01	4.479854e-01	1.176066e-02
5.398115e-01	4.488975e-01	-1.165747e-02
5.012019e-01	2.709922e-01	1.059218e-03
5.364009e-01	2.722551e-01	-3.038571e-02
5.064412e-01	1.170120e-01	1.543844e-01
5.310129e-01	1.115038e-01	1.116814e-01
5.093251e-01	1.021100e-01	1.633024e-01
5.318106e-01	9.630468e-02	1.203706e-01
5.053274e-01	7.522289e-02	5.705906e-02
5.256184e-01	7.187831e-02	-4.756895e-05
5.161940e-01	7.681734e-01	-1.985095e-01
5.129352e-01	7.796060e-01	-1.788820e-01
5.097635e-01	7.791045e-01	-1.789622e-01
5.059909e-01	7.784950e-01	-1.789223e-01
5.229992e-01	7.797081e-01	-1.844106e-01
5.268754e-01	7.790031e-01	-1.844335e-01
5.304396e-01	7.780544e-01	-1.844085e-01
5.034984e-01	7.662103e-01	-7.159641e-02
5.367226e-01	7.663254e-01	-9.699176e-02
5.091709e-01	7.482508e-01	-1.588650e-01
5.235775e-01	7.481717e-01	-1.661178e-01
4.824359e-01	6.690809e-01	-2.567580e-03
5.610878e-01	6.681224e-01	-3.942345e-02
4.555048e-01	5.911089e-01	9.484851e-02
5.973164e-01	5.759708e-01	-1.948989e-02
4.293500e-01	5.378705e-01	7.908116e-02
6.468263e-01	5.070637e-01	-1.140523e-01
4.211983e-01	5.165956e-01	7.060890e-02
6.631820e-01	4.921448e-01	-1.387804e-01
4.223047e-01	5.166652e-01	3.564297e-02
6.650418e-01	4.932587e-01	-1.762846e-01
4.268332e-01	5.239439e-01	6.487766e-02
6.577997e-01	4.959514e-01	-1.322376e-01
4.913472e-01	4.483257e-01	1.200191e-02
5.391883e-01	4.489787e-01	-1.190039e-02
5.011309e-01	2.715112e-01	3.173825e-03
5.364602e-01	2.723573e-01	-2.755594e-02
5.064264e-01	1.169049e-01	1.620070e-01
5.310140e-01	1.110523e-01	1.125834e-01
5.092952e-01	1.021024e-01	1.720310e-01
5.317370e-01	9.562449e-02	1.210928e-01
5.054427e-01	7.522989e-02	6.699619e-02
5.256863e-01	7.186228e-02	4.040888e-03
5.156676e-01	7.683171e-01	-2.079820e-01
5.125653e-01	7.796775e-01	-1.876669e-01
5.092511e-01	7.791812e-01	-1.877398e-01
5.054754e-01	7.785478e-01	-1.876790e-01
5.225797e-01	7.797472e-01	-1.936064e-01
5.264550e-01	7.790352e-01	-1.936378e-01
5.301057e-01	7.780607e-01	-1.936157e-01
5.030208e-01	7.662155e-01	-7.399718e-02
5.364758e-01	7.662677e-01	-1.039234e-01
5.086691e-01	7.483225e-01	-1.670269e-01
5.231369e-01	7.483284e-01	-1.747207e-01
4.824086e-01	6.694049e-01	1.985511e-02
5.608900e-01	6.686239e-01	-6.090850e-02
4.508327e-01	6.012917e-01	2.051611e-01
6.044689e-01	5.851505e-01	-7.479738e-02
4.241196e-01	5.547562e-01	2.926998e-01
6.564232e-01	5.302649e-01	-1.806086e-01
4.169034e-01	5.318450e-01	3.070303e-01
6.752033e-01	5.201160e-01	-2.077831e-01
4.178793e-01	5.310937e-01	2.691771e-01
6.781318e-01	5.241541e-01	-2.467981e-01
4.219415e-01	5.393528e-01	2.805703e-01
6.705019e-01	5.239768e-01	-1.999216e-01
4.913306e-01	4.482646e-01	2.113190e-02
5.386620e-01	4.489176e-01	-2.106638e-02
5.009509e-01	2.716455e-01	1.352152e-02
5.365294e-01	2.723482e-01	-2.925237e-02
5.064108e-01	1.169201e-01	1.870371e-01
5.311165e-01	1.108572e-01	1.198486e-01
5.092505e-01	1.022190e-01	1.981628e-01
5.318506e-01	9.537940e-02	1.297157e-01
5.054214e-01	7.533859e-02	9.201394e-02
5.256687e-01	7.186313e-02	1.245450e-02
5.148149e-01	7.683089e-01	-1.977920e-01
5.118202e-01	7.796352e-01	-1.765137e-01
5.083022e-01	7.791565e-01	-1.765917e-01
5.046651e-01	7.785267e-01	-1.764933e-01
5.216814e-01	7.797231e-01	-1.805532e-01
5.254813e-01	7.790367e-01	-1.805647e-01
5.292985e-01	7.780685e-01	-1.805545e-01
5.021514e-01	7.662048e-01	-6.212020e-02
5.357443e-01	7.661615e-01	-7.928546e-02
5.078475e-01	7.482187e-01	-1.562537e-01
5.220968e-01	7.483552e-01	-1.611198e-01
4.798290e-01	6.696624e-01	1.980449e-03
5.602813e-01	6.699119e-01	-2.466841e-02
4.413527e-01	6.238208e-01	-7.665221e-02
6.161912e-01	6.184649e-01	-5.441068e-02
4.215047e-01	6.140803e-01	-2.821868e-01
6.802191e-01	5.918659e-01	-1.571773e-01
4.140547e-01	6.067995e-01	-3.179041e-01
6.991494e-01	5.900279e-01	-1.761254e-01
4.188220e-01	6.068901e-01	-3.356885e-01
7.001506e-01	5.971165e-01	-1.989867e-01
4.223241e-01	6.078928e-01	-2.956759e-01
6.933141e-01	5.933398e-01	-1.683181e-01
4.914059e-01	4.479741e-01	1.245510e-02
5.384318e-01	4.489965e-01	-1.235387e-02
5.009159e-01	2.723851e-01	1.967992e-03
5.367802e-01	2.723551e-01	-2.142147e-02
5.063651e-01	1.170942e-01	1.585307e-01
5.311131e-01	1.107897e-01	1.199917e-01
5.091555e-01	1.023269e-01	1.681993e-01
5.318455e-01	9.524357e-02	1.295092e-01
5.054224e-01	7.541285e-02	5.504354e-02
5.255390e-01	7.206079e-02	1.149872e-02
5.140405e-01	7.683186e-01	-1.973316e-01
5.111706e-01	7.796406e-01	-1.759449e-01
5.075423e-01	7.791738e-01	-1.760237e-01
5.039762e-01	7.785565e-01	-1.759233e-01
5.209838e-01	7.797201e-01	-1.795460e-01
5.247830e-01	7.790369e-01	-1.795613e-01
5.286943e-01	7.780637e-01	-1.795540e-01
5.013816e-01	7.662120e-01	-6.140590e-02
5.352164e-01	7.659840e-01	-7.644315e-02
5.069816e-01	7.482252e-01	-1.556745e-01
5.212251e-01	7.483659e-01	-1.600123e-01
4.782568e-01	6.697568e-01	-4.126686e-03
5.598548e-01	6.705317e-01	-1.930953e-02
4.359297e-01	6.259292e-01	-1.102724e-01
6.178466e-01	6.236093e-01	-4.628841e-02
4.224548e-01	6.209301e-01	-3.398833e-01
6.814454e-01	5.970179e-01	-1.563212e-01
4.148431e-01	6.126928e-01	-3.802881e-01
7.003978e-01	5.950660e-01	-1.705745e-01
4.208124e-01	6.125488e-01	-3.944108e-01
7.005306e-01	6.002906e-01	-1.899300e-01
4.238148e-01	6.133566e-01	-3.525838e-01
6.940253e-01	5.975202e-01	-1.617669e-01
4.914206e-01	4.478518e-01	7.655707e-03
5.382636e-01	4.490638e-01	-7.549208e-03
5.008828e-01	2.730593e-01	-5.004932e-03
5.370238e-01	2.724645e-01	-1.909807e-02
5.062927e-01	1.170684e-01	1.479840e-01
5.309067e-01	1.106493e-01	1.202021e-01
5.089310e-01	1.021756e-01	1.572394e-01
5.315558e-01	9.504172e-02	1.293993e-01
5.054680e-01	7.525063e-02	4.222025e-02
5.255030e-01	7.206323e-02	1.092198e-02
5.136714e-01	7.683270e-01	-2.078600e-01
5.107841e-01	7.796456e-01	-1.831664e-01
5.071360e-01	7.791790e-01	-1.832607e-01
5.035630e-01	7.785608e-01	-1.830742e-01
5.205639e-01	7.797187e-01	-1.833915e-01
5.243570e-01	7.790388e-01	-1.835352e-01
5.283144e-01	7.780581e-01	-1.837339e-01
5.006360e-01	7.662056e-01	-6.271639e-02
5.347184e-01	7.657456e-01	-8.743809e-02
5.065325e-01	7.481595e-01	-1.656682e-01
5.207496e-01	7.483481e-01	-1.663633e-01
4.761094e-01	6.697428e-01	-1.192336e-03
5.593479e-01	6.708690e-01	-4.139972e-02
4.311980e-01	6.435806e-01	6.505509e-02
6.189001e-01	6.446902e-01	-8.768301e-02
4.094243e-01	6.423877e-01	6.438848e-02
6.849695e-01	6.363966e-01	-2.112440e-01
4.002973e-01	6.348180e-01	6.393933e-02
7.016410e-01	6.437248e-01	-2.394347e-01
4.102438e-01	6.360098e-01	3.690945e-02
7.031562e-01	6.528897e-01	-2.680916e-01
4.118943e-01	6.364473e-01	5.255530e-02
6.967236e-01	6.448743e-01	-2.271968e-01
4.914449e-01	4.442981e-01	8.899289e-03
5.381733e-01	4.470310e-01	-8.873531e-03
5.008730e-01	2.725891e-01	1.066576e-03
5.370926e-01	2.718931e-01	-1.925548e-02
5.062518e-01	1.166567e-01	1.716340e-01
5.307716e-01	1.105066e-01	1.389423e-01
5.089055e-01	1.011528e-01	1.819690e-01
5.315434e-01	9.491452e-02	1.494925e-01
5.054922e-01	7.489350e-02	6.665985e-02
5.254843e-01	7.210206e-02	3.026303e-02
5.131871e-01	7.683176e-01	-2.137826e-01
5.104455e-01	7.796338e-01	-1.858427e-01
5.069176e-01	7.791786e-01	-1.859417e-01
5.033752e-01	7.785620e-01	-1.857756e-01
5.200108e-01	7.796533e-01	-1.904383e-01
5.237603e-01	7.789595e-01	-1.906339e-01
5.277380e-01	7.779366e-01	-1.908344e-01
5.003742e-01	7.660986e-01	-6.881193e-02
5.344692e-01	7.653983e-01	-8.763485e-02
5.061005e-01	7.481603e-01	-1.689338e-01
5.200745e-01	7.483467e-01	-1.750343e-01
4.763075e-01	6.726925e-01	1.733189e-03
5.594663e-01	6.742446e-01	-7.957330e-02
4.272084e-01	6.926391e-01	5.626776e-02
6.219674e-01	6.858444e-01	-1.474612e-01
3.919756e-01	7.313135e-01	3.947990e-02
6.842012e-01	7.267388e-01	-2.628047e-01
3.854364e-01	7.451048e-01	3.506717e-02
7.018953e-01	7.420916e-01	-2.945277e-01
3.869764e-01	7.497872e-01	1.041657e-02
7.023901e-01	7.531725e-01	-3.188196e-01
3.902523e-01	7.440838e-01	2.630888e-02
6.956199e-01	7.466443e-01	-2.788796e-01
4.914537e-01	4.417197e-01	1.897401e-02
5.381960e-01	4.441998e-01	-1.897394e-02
5.007319e-01	2.732566e-01	3.240191e-02
5.369647e-01	2.718635e-01	-1.566758e-02
5.062186e-01	1.179131e-01	2.128870e-01
5.305537e-01	1.105338e-01	1.488389e-01
5.089101e-01	1.018095e-01	2.245363e-01
5.315252e-01	9.490859e-02	1.597977e-01
5.046487e-01	7.489823e-02	1.167385e-01
5.238536e-01	7.209329e-02	3.991012e-02
5.129905e-01	7.683181e-01	-2.141360e-01
5.102855e-01	7.796272e-01	-1.873573e-01
5.068546e-01	7.791802e-01	-1.874463e-01
5.033146e-01	7.785650e-01	-1.873046e-01
5.197765e-01	7.796010e-01	-1.911573e-01
5.235220e-01	7.788919e-01	-1.912917e-01
5.274888e-01	7.778294e-01	-1.914340e-01
5.002939e-01	7.660193e-01	-7.076798e-02
5.343839e-01	7.651584e-01	-9.079240e-02
5.059496e-01	7.481613e-01	-1.693394e-01
5.198198e-01	7.483464e-01	-1.761026e-01
4.764831e-01	6.743486e-01	7.298252e-04
5.596027e-01	6.759894e-01	-8.088208e-02
4.266304e-01	6.977370e-01	4.809174e-02
6.229106e-01	6.898581e-01	-1.421211e-01
3.902350e-01	7.376823e-01	2.277618e-02
6.848198e-01	7.311335e-01	-2.538711e-01
3.832149e-01	7.539667e-01	1.668781e-02
7.025677e-01	7.468113e-01	-2.841871e-01
3.839985e-01	7.587667e-01	-7.046179e-03
7.031495e-01	7.578658e-01	-3.091025e-01
3.875130e-01	7.525598e-01	9.577644e-03
6.963598e-01	7.512599e-01	-2.700707e-01
4.914647e-01	4.407792e-01	2.040156e-02
5.382156e-01	4.431983e-01	-2.039177e-02
5.005730e-01	2.744432e-01	3.326282e-02
5.368181e-01	2.718863e-01	-1.443038e-02
5.061578e-01	1.185541e-01	2.108988e-01
5.302113e-01	1.106952e-01	1.494818e-01
5.088651e-01	1.020688e-01	2.221892e-01
5.313833e-01	9.493796e-02	1.603038e-01
5.044135e-01	7.489932e-02	1.134725e-01
5.236721e-01	7.209366e-02	4.015284e-02
5.127264e-01	7.683153e-01	-2.321568e-01
5.101136e-01	7.796158e-01	-2.033646e-01
5.067975e-01	7.791621e-01	-2.034460e-01
5.032868e-01	7.785317e-01	-2.032919e-01
5.194120e-01	7.796024e-01	-2.115479e-01
5.231144e-01	7.789036e-01	-2.116819e-01
5.270869e-01	7.778597e-01	-2.117798e-01
5.003202e-01	7.658104e-01	-7.241733e-02
5.343911e-01	7.651907e-01	-1.098343e-01
5.059890e-01	7.481495e-01	-1.854701e-01
5.197446e-01	7.483605e-01	-1.966245e-01
4.774460e-01	6.774659e-01	7.674298e-03
5.617622e-01	6.813882e-01	-1.130975e-01
4.318920e-01	7.073186e-01	1.320152e-01
6.229377e-01	7.164918e-01	-2.077881e-01
3.972211e-01	7.660495e-01	2.135260e-01
6.820704e-01	7.862451e-01	-3.173982e-01
3.881938e-01	7.901938e-01	2.257012e-01
6.997500e-01	8.005988e-01	-3.530701e-01
3.892165e-01	7.964371e-01	2.014779e-01
6.988248e-01	8.099883e-01	-3.719689e-01
3.921415e-01	7.885901e-01	2.031801e-01
6.925895e-01	8.047843e-01	-3.327819e-01
4.917558e-01	4.409088e-01	3.100841e-02
5.382242e-01	4.430977e-01	-3.102678e-02
5.002261e-01	2.774893e-01	5.188713e-02
5.363485e-01	2.732880e-01	-1.498352e-02
5.061312e-01	1.198374e-01	2.326653e-01
5.301446e-01	1.110515e-01	1.467066e-01
5.089507e-01	1.031106e-01	2.441535e-01
5.313787e-01	9.503555e-02	1.575952e-01
5.042133e-01	7.514945e-02	1.365109e-01
5.233456e-01	7.201737e-02	3.870483e-02
5.127482e-01	7.689847e-01	-2.294638e-01
5.101315e-01	7.796879e-01	-2.016211e-01
5.068145e-01	7.791744e-01	-2.017308e-01
5.033270e-01	7.785332e-01	-2.016074e-01
5.194277e-01	7.799149e-01	-2.094605e-01
5.231627e-01	7.792237e-01	-2.095467e-01
5.271662e-01	7.781593e-01	-2.096101e-01
5.008562e-01	7.657256e-01	-7.260166e-02
5.356762e-01	7.651918e-01	-1.105219e-01
5.064230e-01	7.487973e-01	-1.851556e-01
5.199968e-01	7.497655e-01	-1.925045e-01
4.796444e-01	6.860000e-01	-3.191803e-03
5.617948e-01	6.872035e-01	-1.002920e-01
4.354493e-01	7.490479e-01	2.297984e-02
6.198583e-01	7.674667e-01	-1.599205e-01
4.001359e-01	8.278869e-01	-2.498324e-02
6.760569e-01	8.572226e-01	-2.498969e-01
3.946553e-01	8.470919e-01	-4.764085e-02
6.847887e-01	8.810596e-01	-2.833650e-01
3.965320e-01	8.508493e-01	-6.523018e-02
6.830531e-01	8.900486e-01	-3.042122e-01
3.986179e-01	8.434548e-01	-3.924895e-02
6.782473e-01	8.809196e-01	-2.647329e-01
4.921138e-01	4.443410e-01	2.789521e-02
5.383894e-01	4.448563e-01	-2.789901e-02
5.001709e-01	2.794213e-01	4.928221e-02
5.363095e-01	2.743167e-01	-1.065338e-02
5.061860e-01	1.205972e-01	2.277003e-01
5.302780e-01	1.113336e-01	1.509041e-01
5.091801e-01	1.038484e-01	2.387946e-01
5.313817e-01	9.508175e-02	1.619202e-01
5.042149e-01	7.537562e-02	1.251757e-01
5.234152e-01	7.195037e-02	3.803576e-02
5.121546e-01	7.723972e-01	-2.022776e-01
5.098912e-01	7.808121e-01	-1.747776e-01
5.067676e-01	7.802418e-01	-1.748761e-01
5.033456e-01	7.796362e-01	-1.747741e-01
5.190330e-01	7.808574e-01	-1.849458e-01
5.228475e-01	7.799911e-01	-1.850690e-01
5.268700e-01	7.787851e-01	-1.851336e-01
5.014411e-01	7.666005e-01	-5.267730e-02
5.357403e-01	7.652373e-01	-9.820143e-02
5.063442e-01	7.531822e-01	-1.587827e-01
5.190836e-01	7.531049e-01	-1.717718e-01
4.803785e-01	6.901442e-01	6.454639e-03
5.617963e-01	6.912304e-01	-9.393936e-02
4.415794e-01	7.467912e-01	4.719565e-02
6.179430e-01	7.669356e-01	-1.666650e-01
4.008460e-01	8.224919e-01	2.471983e-02
6.711488e-01	8.566042e-01	-2.527462e-01
3.954443e-01	8.440104e-01	9.458104e-03
6.796382e-01	8.801919e-01	-2.871441e-01
3.989504e-01	8.486373e-01	-9.513993e-03
6.763732e-01	8.924642e-01	-3.045503e-01
4.017104e-01	8.403429e-01	1.120843e-02
6.722257e-01	8.838329e-01	-2.666664e-01
4.922001e-01	4.468773e-01	2.604342e-02
5.384022e-01	4.465921e-01	-2.601199e-02
5.001698e-01	2.794327e-01	4.590935e-02
5.362853e-01	2.748220e-01	-1.194561e-02
5.062793e-01	1.206163e-01	2.181517e-01
5.301933e-01	1.116511e-01	1.429932e-01
5.091724e-01	1.038765e-01	2.285025e-01
5.307065e-01	9.511951e-02	1.530547e-01
5.045700e-01	7.526470e-02	1.147317e-01
5.245520e-01	7.169673e-02	2.378762e-02
5.119076e-01	7.730199e-01	-2.054344e-01
5.098892e-01	7.812568e-01	-1.787143e-01
5.067942e-01	7.807108e-01	-1.787748e-01
5.035814e-01	7.801396e-01	-1.786166e-01
5.190051e-01	7.811065e-01	-1.863276e-01
5.228112e-01	7.801706e-01	-1.864106e-01
5.267861e-01	7.789539e-01	-1.864709e-01
5.029460e-01	7.672123e-01	-5.437500e-02
5.357479e-01	7.654465e-01	-1.050691e-01
5.063585e-01	7.534742e-01	-1.617659e-01
5.188251e-01	7.531537e-01	-1.720102e-01
4.817007e-01	6.945458e-01	-1.326319e-02
5.614755e-01	6.961886e-01	-9.051547e-02
4.455726e-01	7.612341e-01	-2.158020e-02
6.123069e-01	7.803696e-01	-1.426026e-01
4.131512e-01	8.493526e-01	-1.118160e-01
6.548670e-01	8.795417e-01	-2.342769e-01
4.045899e-01	8.706542e-01	-1.437399e-01
6.656795e-01	9.100457e-01	-2.657305e-01
4.082391e-01	8.754134e-01	-1.626036e-01
6.618716e-01	9.178613e-01	-2.918990e-01
4.120889e-01	8.684753e-01	-1.269085e-01
6.565723e-01	9.064261e-01	-2.504682e-01
4.923790e-01	4.495488e-01	2.418032e-02
5.384130e-01	4.482065e-01	-2.410084e-02
5.002915e-01	2.796197e-01	4.651567e-02
5.363096e-01	2.755807e-01	-9.143111e-03
5.062865e-01	1.220068e-01	2.192939e-01
5.301924e-01	1.118248e-01	1.431354e-01
5.092247e-01	1.055576e-01	2.299659e-01
5.305648e-01	9.515393e-02	1.528655e-01
5.032372e-01	7.641649e-02	1.164724e-01
5.237085e-01	7.166766e-02	2.379806e-02
5.113851e-01	7.714724e-01	-2.257431e-01
5.095739e-01	7.804902e-01	-2.042829e-01
5.066574e-01	7.798092e-01	-2.043806e-01
5.035712e-01	7.790589e-01	-2.043597e-01
5.184106e-01	7.805896e-01	-2.098466e-01
5.221447e-01	7.797928e-01	-2.099180e-01
5.260204e-01	7.787624e-01	-2.099526e-01
5.032014e-01	7.668358e-01	-8.780485e-02
5.349527e-01	7.655089e-01	-1.165746e-01
5.063391e-01	7.525566e-01	-1.818077e-01
5.183803e-01	7.511749e-01	-1.893266e-01
4.831577e-01	6.998867e-01	-4.100186e-02
5.585040e-01	7.001521e-01	-8.753600e-02
4.522748e-01	7.898774e-01	-6.440522e-02
5.930768e-01	7.957509e-01	-1.368156e-01
4.305762e-01	9.052550e-01	-1.547820e-01
6.246021e-01	9.117150e-01	-2.285831e-01
4.244384e-01	9.320581e-01	-1.921640e-01
6.367809e-01	9.368439e-01	-2.652189e-01
4.291372e-01	9.360090e-01	-2.087597e-01
6.300506e-01	9.431130e-01	-2.850297e-01
4.328317e-01	9.259974e-01	-1.688358e-01
6.241212e-01	9.347234e-01	-2.434130e-01
4.937088e-01	4.545055e-01	1.268477e-02
5.384915e-01	4.530543e-01	-1.260248e-02
5.011814e-01	2.805160e-01	4.347643e-02
5.357440e-01	2.772508e-01	5.129055e-03
5.064368e-01	1.221684e-01	2.137641e-01
5.301740e-01	1.123275e-01	1.643430e-01
5.092683e-01	1.060724e-01	2.240272e-01
5.305718e-01	9.582268e-02	1.739464e-01
5.032277e-01	7.606777e-02	1.024208e-01
5.233884e-01	7.119117e-02	3.833028e-02
5.114423e-01	7.670162e-01	-2.501725e-01
5.095598e-01	7.784267e-01	-2.328486e-01
5.066634e-01	7.779471e-01	-2.329504e-01
5.035840e-01	7.773728e-01	-2.329701e-01
5.184234e-01	7.782798e-01	-2.351706e-01
5.220979e-01	7.775986e-01	-2.352591e-01
5.258259e-01	7.767513e-01	-2.352916e-01
5.034019e-01	7.666744e-01	-1.280503e-01
5.341179e-01	7.649980e-01	-1.382552e-01
5.063479e-01	7.504897e-01	-2.093852e-01
5.184305e-01	7.489526e-01	-2.125284e-01
4.836721e-01	7.010624e-01	-8.821587e-02
5.562409e-01	6.997385e-01	-9.728024e-02
4.550079e-01	7.871323e-01	-1.236014e-01
5.882759e-01	7.935497e-01	-1.440133e-01
4.366554e-01	9.036287e-01	-2.139426e-01
6.201359e-01	9.073225e-01	-2.365535e-01
4.294168e-01	9.326401e-01	-2.549427e-01
6.326858e-01	9.397531e-01	-2.739952e-01
4.346307e-01	9.366081e-01	-2.698313e-01
6.267340e-01	9.477945e-01	-2.920866e-01
4.388279e-01	9.277141e-01	-2.270143e-01
6.197984e-01	9.339966e-01	-2.507642e-01
4.940668e-01	4.561839e-01	-1.016670e-04
5.384905e-01	4.548434e-01	1.856667e-04
5.015749e-01	2.857501e-01	3.675500e-02
5.346398e-01	2.812025e-01	1.990630e-02
5.052184e-01	1.293131e-01	2.146600e-01
5.268180e-01	1.126147e-01	1.872400e-01
5.069665e-01	1.134285e-01	2.260625e-01
5.254787e-01	9.610231e-02	1.974923e-01
5.028244e-01	7.920913e-02	1.027222e-01
5.229300e-01	7.114666e-02	6.406615e-02
5.118900e-01	7.670859e-01	-2.503622e-01
5.097324e-01	7.784506e-01	-2.332973e-01
5.068282e-01	7.779601e-01	-2.333930e-01
5.038031e-01	7.774130e-01	-2.334045e-01
5.185940e-01	7.781478e-01	-2.360603e-01
5.221311e-01	7.773311e-01	-2.361614e-01
5.258689e-01	7.763780e-01	-2.361798e-01
5.037094e-01	7.667817e-01	-1.327728e-01
5.336872e-01	7.649873e-01	-1.444980e-01
5.065145e-01	7.506185e-01	-2.113619e-01
5.184907e-01	7.491353e-01	-2.150574e-01
4.836054e-01	7.010420e-01	-9.258484e-02
5.549828e-01	7.000077e-01	-1.130093e-01
4.574559e-01	7.949729e-01	-1.229606e-01
5.795796e-01	7.967826e-01	-1.636712e-01
4.423578e-01	9.167977e-01	-2.105284e-01
6.066164e-01	9.181958e-01	-2.491003e-01
4.354118e-01	9.507132e-01	-2.494071e-01
6.167628e-01	9.515190e-01	-2.870045e-01
4.406658e-01	9.547768e-01	-2.645227e-01
6.112725e-01	9.601541e-01	-3.015993e-01
4.449018e-01	9.444891e-01	-2.235205e-01
6.053454e-01	9.458075e-01	-2.616844e-01
4.941974e-01	4.579653e-01	3.064887e-03
5.385351e-01	4.574536e-01	-3.005870e-03
5.017310e-01	2.883392e-01	3.904222e-02
5.343633e-01	2.837750e-01	1.339977e-02
5.051001e-01	1.317317e-01	2.267274e-01
5.270013e-01	1.127032e-01	1.824116e-01
5.069811e-01	1.153984e-01	2.392045e-01
5.258061e-01	9.617800e-02	1.934529e-01
5.027242e-01	8.080699e-02	1.197890e-01
5.225376e-01	7.070259e-02	6.328133e-02
5.143293e-01	7.684463e-01	-2.374892e-01
5.117613e-01	7.789267e-01	-2.293506e-01
5.088499e-01	7.786295e-01	-2.294366e-01
5.058735e-01	7.783687e-01	-2.293561e-01
5.196249e-01	7.782676e-01	-2.237905e-01
5.225067e-01	7.773915e-01	-2.238869e-01
5.259015e-01	7.764296e-01	-2.238971e-01
5.049023e-01	7.680317e-01	-1.233193e-01
5.314941e-01	7.652741e-01	-1.439930e-01
5.083467e-01	7.529327e-01	-2.040385e-01
5.190867e-01	7.508977e-01	-2.035686e-01
4.850911e-01	7.062319e-01	-9.977180e-02
5.493804e-01	7.022310e-01	-1.033262e-01
4.656568e-01	8.081760e-01	-1.667524e-01
5.625623e-01	8.039443e-01	-1.616074e-01
4.550181e-01	9.294410e-01	-2.353253e-01
5.808077e-01	9.268331e-01	-2.400228e-01
4.498914e-01	9.616678e-01	-2.746870e-01
5.877919e-01	9.583614e-01	-2.758420e-01
4.560732e-01	9.647796e-01	-2.815387e-01
5.811098e-01	9.649501e-01	-2.978076e-01
4.603584e-01	9.526518e-01	-2.448075e-01
5.764219e-01	9.557617e-01	-2.537149e-01
4.977768e-01	4.597458e-01	-3.399511e-03
5.378281e-01	4.600499e-01	3.405934e-03
5.041447e-01	2.877620e-01	3.775339e-02
5.320643e-01	2.840708e-01	3.295109e-02
5.052806e-01	1.312515e-01	1.944829e-01
5.252603e-01	1.125503e-01	1.829253e-01
5.069783e-01	1.120660e-01	2.029652e-01
5.239282e-01	9.572968e-02	1.920307e-01
5.036930e-01	8.017729e-02	8.530644e-02
5.224777e-01	6.941743e-02	7.068311e-02
5.165114e-01	7.681097e-01	-2.035582e-01
5.140710e-01	7.789214e-01	-1.920641e-01
5.115364e-01	7.786379e-01	-1.921517e-01
5.089138e-01	7.784865e-01	-1.921238e-01
5.205485e-01	7.780789e-01	-1.866064e-01
5.227971e-01	7.772228e-01	-1.866973e-01
5.259205e-01	7.763193e-01	-1.867007e-01
5.070214e-01	7.690123e-01	-1.158434e-01
5.294617e-01	7.656769e-01	-9.681101e-02
5.105672e-01	7.528215e-01	-1.750646e-01
5.196598e-01	7.507160e-01	-1.689702e-01
4.886206e-01	7.078617e-01	-9.813826e-02
5.456416e-01	7.041931e-01	-7.311000e-02
4.707525e-01	8.115211e-01	-1.821288e-01
5.576143e-01	8.036039e-01	-1.492870e-01
4.573947e-01	9.321363e-01	-2.396501e-01
5.757719e-01	9.253040e-01	-2.102476e-01
4.548206e-01	9.623092e-01	-2.794923e-01
5.826827e-01	9.554679e-01	-2.415424e-01
4.637864e-01	9.638825e-01	-2.810408e-01
5.752485e-01	9.623439e-01	-2.536132e-01
4.668953e-01	9.529295e-01	-2.466755e-01
5.698814e-01	9.525273e-01	-2.210965e-01
5.017328e-01	4.604106e-01	-1.340915e-02
5.355831e-01	4.609061e-01	1.343443e-02
5.071231e-01	2.878745e-01	3.065819e-02
5.293893e-01	2.855696e-01	4.928217e-02
5.068951e-01	1.308713e-01	1.564045e-01
5.238658e-01	1.134329e-01	1.789639e-01
5.074916e-01	1.101787e-01	1.623165e-01
5.227978e-01	9.576187e-02	1.865602e-01
5.060406e-01	7.938259e-02	4.957664e-02
5.225054e-01	6.943333e-02	7.211474e-02
5.165371e-01	7.681004e-01	-2.006162e-01
5.141231e-01	7.789297e-01	-1.876578e-01
5.115832e-01	7.787338e-01	-1.877268e-01
5.089413e-01	7.787102e-01	-1.876869e-01
5.206109e-01	7.778784e-01	-1.848994e-01
5.228217e-01	7.769276e-01	-1.850094e-01
5.258149e-01	7.759580e-01	-1.850177e-01
5.069233e-01	7.693130e-01	-1.113930e-01
5.286937e-01	7.656676e-01	-9.936204e-02
5.105038e-01	7.528312e-01	-1.718691e-01
5.196766e-01	7.506981e-01	-1.683705e-01
4.885758e-01	7.085472e-01	-1.076780e-01
5.448884e-01	7.039805e-01	-8.154265e-02
4.797719e-01	8.122836e-01	-2.037435e-01
5.562369e-01	8.017404e-01	-1.878379e-01
4.677702e-01	9.322115e-01	-2.604121e-01
5.655617e-01	9.213033e-01	-2.726068e-01
4.654123e-01	9.610280e-01	-2.999871e-01
5.706554e-01	9.524958e-01	-3.068944e-01
4.737093e-01	9.631209e-01	-3.001110e-01
5.623448e-01	9.575655e-01	-3.108348e-01
4.787374e-01	9.524116e-01	-2.669811e-01
5.566872e-01	9.450131e-01	-2.807196e-01
5.012954e-01	4.624364e-01	-1.109395e-02
5.345566e-01	4.626576e-01	1.109497e-02
5.077513e-01	2.900776e-01	3.086333e-02
5.285965e-01	2.884386e-01	4.488417e-02
5.077158e-01	1.310762e-01	1.624467e-01
5.237018e-01	1.149746e-01	1.778480e-01
5.081233e-01	1.103791e-01	1.691653e-01
5.230563e-01	9.691180e-02	1.854404e-01
5.064768e-01	7.945680e-02	5.900323e-02
5.217919e-01	6.973692e-02	7.371764e-02
5.164823e-01	7.655674e-01	-1.701123e-01
5.139662e-01	7.778061e-01	-1.534155e-01
5.111427e-01	7.775809e-01	-1.534668e-01
5.082524e-01	7.773869e-01	-1.533893e-01
5.207878e-01	7.767997e-01	-1.524891e-01
5.231599e-01	7.759560e-01	-1.525893e-01
5.261678e-01	7.750792e-01	-1.525493e-01
5.054671e-01	7.682795e-01	-6.885000e-02
5.287228e-01	7.656424e-01	-6.316786e-02
5.104459e-01	7.497073e-01	-1.389957e-01
5.201882e-01	7.479836e-01	-1.374156e-01
4.871376e-01	7.071783e-01	-9.417147e-02
5.461322e-01	7.030354e-01	-6.748901e-02
4.774190e-01	8.018813e-01	-1.904424e-01
5.578853e-01	7.897602e-01	-1.966157e-01
4.737290e-01	9.100025e-01	-2.955042e-01
5.543054e-01	9.024753e-01	-3.155205e-01
4.716651e-01	9.414044e-01	-3.388920e-01
5.570669e-01	9.331098e-01	-3.559157e-01
4.786232e-01	9.464607e-01	-3.399735e-01
5.501949e-01	9.383661e-01	-3.531404e-01
4.823202e-01	9.334460e-01	-3.030706e-01
5.455098e-01	9.249629e-01	-3.215527e-01
5.012451e-01	4.625587e-01	-7.654647e-03
5.390144e-01	4.638873e-01	7.667875e-03
5.073180e-01	2.923983e-01	1.203121e-02
5.326106e-01	2.910388e-01	1.208831e-02
5.075059e-01	1.353818e-01	1.556873e-01
5.254945e-01	1.159342e-01	1.400513e-01
5.081194e-01	1.157826e-01	1.639999e-01
5.253054e-01	9.788238e-02	1.477487e-01
5.064638e-01	8.176105e-02	5.098991e-02
5.218902e-01	7.011046e-02	3.137172e-02
5.165995e-01	7.645828e-01	-1.801421e-01
5.139081e-01	7.772892e-01	-1.627862e-01
5.110250e-01	7.770900e-01	-1.628422e-01
5.079554e-01	7.768517e-01	-1.627718e-01
5.212041e-01	7.762066e-01	-1.625042e-01
5.237831e-01	7.753803e-01	-1.626111e-01
5.268705e-01	7.745205e-01	-1.625699e-01
5.047666e-01	7.678804e-01	-7.358815e-02
5.291717e-01	7.656427e-01	-7.091649e-02
5.103702e-01	7.484893e-01	-1.472375e-01
5.207225e-01	7.469310e-01	-1.465321e-01
4.858760e-01	7.061332e-01	-8.389795e-02
5.468805e-01	7.025372e-01	-7.181731e-02
4.762160e-01	8.010950e-01	-2.044645e-01
5.582526e-01	7.850310e-01	-2.189104e-01
4.757139e-01	9.088494e-01	-3.167859e-01
5.532414e-01	8.990427e-01	-3.469786e-01
4.732273e-01	9.408262e-01	-3.614835e-01
5.559374e-01	9.303077e-01	-3.897066e-01
4.805918e-01	9.456680e-01	-3.619713e-01
5.489631e-01	9.355515e-01	-3.851781e-01
4.844161e-01	9.320706e-01	-3.242675e-01
5.442789e-01	9.218537e-01	-3.525296e-01
5.005679e-01	4.626297e-01	-6.392360e-03
5.404602e-01	4.644399e-01	6.411511e-03
5.059833e-01	2.924150e-01	8.611318e-03
5.343307e-01	2.911343e-01	3.601562e-03
5.068372e-01	1.376856e-01	1.659579e-01
5.275815e-01	1.190338e-01	1.459334e-01
5.078121e-01	1.193972e-01	1.739658e-01
5.277658e-01	1.017946e-01	1.546729e-01
5.059447e-01	8.237309e-02	6.008232e-02
5.220343e-01	7.099621e-02	3.615552e-02
5.165592e-01	7.637545e-01	-1.554214e-01
5.138198e-01	7.767088e-01	-1.365013e-01
5.109121e-01	7.764509e-01	-1.365549e-01
5.077941e-01	7.761415e-01	-1.364767e-01
5.212523e-01	7.759082e-01	-1.369005e-01
5.238835e-01	7.751970e-01	-1.369984e-01
5.270385e-01	7.744347e-01	-1.369531e-01
5.045046e-01	7.677556e-01	-4.357522e-02
5.294884e-01	7.657455e-01	-4.463407e-02
5.103137e-01	7.472382e-01	-1.217885e-01
5.209371e-01	7.461711e-01	-1.219256e-01
4.858105e-01	7.039557e-01	-6.292246e-02
5.469336e-01	7.022914e-01	-5.896322e-02
4.771169e-01	7.947619e-01	-2.197931e-01
5.550088e-01	7.820441e-01	-2.305349e-01
4.789204e-01	8.967028e-01	-3.601052e-01
5.495762e-01	8.898859e-01	-3.795779e-01
4.784747e-01	9.266342e-01	-4.083311e-01
5.507653e-01	9.186749e-01	-4.237086e-01
4.835885e-01	9.310924e-01	-4.074414e-01
5.448774e-01	9.243513e-01	-4.204713e-01
4.871447e-01	9.184344e-01	-3.678053e-01
5.413216e-01	9.120590e-01	-3.862941e-01
5.004326e-01	4.623655e-01	-5.131200e-03
5.417864e-01	4.640490e-01	5.147730e-03
5.054036e-01	2.925104e-01	-5.309975e-04
5.364397e-01	2.907981e-01	-3.313031e-03
5.063556e-01	1.398946e-01	1.576568e-01
5.291189e-01	1.208740e-01	1.357804e-01
5.072705e-01	1.230346e-01	1.668993e-01
5.288941e-01	1.046982e-01	1.439928e-01
5.059152e-01	8.381142e-02	4.992025e-02
5.227709e-01	7.289984e-02	2.121463e-02
5.166519e-01	7.445995e-01	-1.327219e-01
5.137915e-01	7.588616e-01	-1.125297e-01
5.108637e-01	7.585828e-01	-1.126030e-01
5.077573e-01	7.582551e-01	-1.125129e-01
5.212561e-01	7.598254e-01	-1.136871e-01
5.238951e-01	7.602904e-01	-1.137485e-01
5.270459e-01	7.607629e-01	-1.137135e-01
5.043419e-01	7.559415e-01	-1.090586e-02
5.296263e-01	7.576581e-01	-1.444411e-02
5.105588e-01	7.301679e-01	-9.561659e-02
5.212481e-01	7.316055e-01	-9.613162e-02
4.882098e-01	6.982559e-01	-4.935250e-02
5.476476e-01	6.971218e-01	-3.814106e-02
4.841966e-01	7.690829e-01	-3.216518e-01
5.484501e-01	7.587467e-01	-2.868477e-01
4.859077e-01	8.414981e-01	-5.499493e-01
5.378713e-01	8.224718e-01	-4.770552e-01
4.866212e-01	8.640107e-01	-6.140452e-01
5.351740e-01	8.429353e-01	-5.279364e-01
4.898337e-01	8.664326e-01	-6.088288e-01
5.352777e-01	8.456612e-01	-5.213750e-01
4.923051e-01	8.572212e-01	-5.587649e-01
5.336220e-01	8.413387e-01	-4.840194e-01
5.002519e-01	4.636911e-01	-7.644575e-03
5.428925e-01	4.641418e-01	7.682372e-03
5.050438e-01	2.930060e-01	-4.136508e-02
5.367192e-01	2.905313e-01	-1.056720e-02
5.057194e-01	1.354292e-01	1.003054e-01
5.292204e-01	1.174997e-01	1.297562e-01
5.068390e-01	1.174880e-01	1.066669e-01
5.292466e-01	1.018364e-01	1.366441e-01
5.058946e-01	8.140186e-02	-2.669732e-02
5.233163e-01	7.167654e-02	6.272208e-03
5.167207e-01	7.465642e-01	-1.472814e-01
5.137206e-01	7.595705e-01	-1.273599e-01
5.107787e-01	7.591145e-01	-1.274359e-01
5.076686e-01	7.586224e-01	-1.273633e-01
5.212628e-01	7.608621e-01	-1.288926e-01
5.239052e-01	7.613520e-01	-1.289600e-01
5.270543e-01	7.618430e-01	-1.289330e-01
5.043322e-01	7.556743e-01	-2.559508e-02
5.296676e-01	7.580010e-01	-3.134476e-02
5.106861e-01	7.315865e-01	-1.101771e-01
5.214531e-01	7.334408e-01	-1.113925e-01
4.889918e-01	6.966226e-01	-5.325454e-02
5.483609e-01	6.956800e-01	-5.030228e-02
4.837906e-01	7.620619e-01	-3.246116e-01
5.488633e-01	7.461518e-01	-3.097104e-01
4.849935e-01	8.340719e-01	-5.464357e-01
5.398980e-01	8.133157e-01	-5.084778e-01
4.849192e-01	8.556556e-01	-6.080393e-01
5.395316e-01	8.303571e-01	-5.603272e-01
4.879018e-01	8.588927e-01	-6.035831e-01
5.398803e-01	8.340991e-01	-5.545021e-01
4.902926e-01	8.497287e-01	-5.551601e-01
5.380595e-01	8.283185e-01	-5.159887e-01
4.992961e-01	4.640513e-01	-6.871372e-03
5.427241e-01	4.641399e-01	6.915767e-03
5.043560e-01	2.931639e-01	-3.893386e-02
5.372466e-01	2.904902e-01	-2.080498e-02
5.056323e-01	1.353447e-01	1.116473e-01
5.302354e-01	1.176156e-01	1.200022e-01
5.068502e-01	1.172840e-01	1.193027e-01
5.304393e-01	1.023010e-01	1.271365e-01
5.052623e-01	8.095738e-02	-1.017349e-02
5.228065e-01	7.169736e-02	-4.387911e-03
5.168779e-01	7.471565e-01	-1.152101e-01
5.136536e-01	7.594324e-01	-9.368322e-02
5.107070e-01	7.589551e-01	-9.375891e-02
5.076034e-01	7.585120e-01	-9.368201e-02
5.214483e-01	7.609413e-01	-9.469186e-02
5.242574e-01	7.614310e-01	-9.472711e-02
5.275652e-01	7.619048e-01	-9.468669e-02
5.042792e-01	7.547294e-01	1.335967e-02
5.318406e-01	7.565874e-01	9.495551e-03
5.108207e-01	7.317021e-01	-7.672976e-02
5.218788e-01	7.334890e-01	-7.737353e-02
4.891672e-01	6.870399e-01	-2.452977e-02
5.508615e-01	6.891314e-01	-1.369141e-02
4.866674e-01	7.246432e-01	-3.023232e-01
5.498985e-01	7.266536e-01	-2.867445e-01
4.863931e-01	7.831148e-01	-5.389540e-01
5.367193e-01	7.743732e-01	-5.055544e-01
4.869091e-01	8.085629e-01	-6.032803e-01
5.268153e-01	7.966139e-01	-5.610850e-01
4.884234e-01	8.097241e-01	-5.995428e-01
5.273702e-01	7.987519e-01	-5.519441e-01
4.901073e-01	7.967654e-01	-5.481215e-01
5.287741e-01	7.910514e-01	-5.122002e-01
4.991584e-01	4.640827e-01	-7.934237e-03
5.426908e-01	4.641018e-01	8.007078e-03
5.040852e-01	2.921377e-01	-4.695805e-02
5.376522e-01	2.880983e-01	-1.706141e-02
5.055192e-01	1.296973e-01	1.045755e-01
5.300239e-01	1.143230e-01	1.238039e-01
5.065404e-01	1.136921e-01	1.119931e-01
5.298775e-01	9.942128e-02	1.307347e-01
5.055501e-01	7.811230e-02	-2.273109e-02
5.230106e-01	6.879762e-02	-1.603746e-03
5.173811e-01	7.480776e-01	-1.069110e-01
5.136748e-01	7.604480e-01	-8.641028e-02
5.106677e-01	7.599161e-01	-8.646996e-02
5.075569e-01	7.594036e-01	-8.639302e-02
5.222200e-01	7.615994e-01	-8.827844e-02
5.253067e-01	7.618441e-01	-8.829878e-02
5.288574e-01	7.620013e-01	-8.823602e-02
5.042962e-01	7.540222e-01	2.431799e-02
5.359975e-01	7.557194e-01	1.634923e-02
5.111390e-01	7.303671e-01	-6.648508e-02
5.235111e-01	7.315831e-01	-6.830367e-02
4.891117e-01	6.815694e-01	4.331458e-03
5.546196e-01	6.832654e-01	-4.328349e-03
4.849603e-01	6.876481e-01	-2.671213e-01
5.513647e-01	6.846203e-01	-2.748119e-01
4.863785e-01	7.071447e-01	-5.119122e-01
5.370803e-01	6.969269e-01	-5.062653e-01
4.869865e-01	7.198512e-01	-5.734251e-01
5.261065e-01	7.024689e-01	-5.626112e-01
4.899282e-01	7.222344e-01	-5.700276e-01
5.252754e-01	7.057787e-01	-5.530756e-01
4.911143e-01	7.121823e-01	-5.208043e-01
5.273035e-01	7.021334e-01	-5.122470e-01
4.988137e-01	4.510370e-01	-7.254678e-03
5.434346e-01	4.529595e-01	7.318330e-03
5.035861e-01	2.776121e-01	-3.378104e-02
5.387064e-01	2.718969e-01	-1.354025e-02
5.047745e-01	1.198848e-01	1.149465e-01
5.300908e-01	1.125653e-01	1.214484e-01
5.057425e-01	1.036369e-01	1.222276e-01
5.298802e-01	9.716338e-02	1.280294e-01
5.062503e-01	7.337270e-02	-8.064588e-03
5.253640e-01	6.763016e-02	-1.523187e-03
5.182540e-01	7.560923e-01	-1.177529e-01
5.139276e-01	7.678253e-01	-9.896023e-02
5.107705e-01	7.668257e-01	-9.901997e-02
5.075666e-01	7.656284e-01	-9.894794e-02
5.230409e-01	7.689498e-01	-1.005833e-01
5.261883e-01	7.687521e-01	-1.006159e-01
5.297067e-01	7.684465e-01	-1.005761e-01
5.043052e-01	7.559666e-01	6.428496e-03
5.377880e-01	7.593444e-01	-7.928468e-04
5.117016e-01	7.343445e-01	-7.902906e-02
5.243891e-01	7.348579e-01	-8.071090e-02
4.889131e-01	6.825662e-01	-9.170854e-03
5.562709e-01	6.812928e-01	-1.879556e-02
4.856035e-01	6.876060e-01	-2.677656e-01
5.515567e-01	6.821019e-01	-2.830639e-01
4.891608e-01	7.098930e-01	-5.084604e-01
5.397869e-01	6.909726e-01	-5.169072e-01
4.907766e-01	7.189038e-01	-5.676209e-01
5.297294e-01	6.934291e-01	-5.723948e-01
4.918607e-01	7.197956e-01	-5.655128e-01
5.269350e-01	7.017359e-01	-5.642343e-01
4.937417e-01	7.136780e-01	-5.173892e-01
5.306002e-01	6.970192e-01	-5.232297e-01
4.981879e-01	4.495301e-01	-4.105349e-03
5.437414e-01	4.506076e-01	4.131523e-03
5.031482e-01	2.759292e-01	-2.718663e-02
5.394340e-01	2.704634e-01	-1.715081e-02
5.047916e-01	1.202851e-01	1.238605e-01
5.304941e-01	1.123591e-01	1.152679e-01
5.064088e-01	1.043352e-01	1.314107e-01
5.307715e-01	9.695838e-02	1.221388e-01
5.052146e-01	7.343279e-02	2.356889e-03
5.247474e-01	6.765904e-02	-5.551586e-03
5.184748e-01	7.560913e-01	-1.385450e-01
5.142034e-01	7.679102e-01	-1.190236e-01
5.110074e-01	7.669669e-01	-1.191346e-01
5.076835e-01	7.658732e-01	-1.191191e-01
5.236267e-01	7.689566e-01	-1.259816e-01
5.269022e-01	7.687609e-01	-1.259883e-01
5.306091e-01	7.684566e-01	-1.259397e-01
5.047334e-01	7.562397e-01	-6.733373e-03
5.389322e-01	7.593946e-01	-2.862887e-02
5.122154e-01	7.347085e-01	-9.055977e-02
5.250157e-01	7.348228e-01	-1.020689e-01
4.878431e-01	6.763830e-01	-2.118942e-02
5.600687e-01	6.762943e-01	-2.059339e-02
4.844598e-01	6.592094e-01	-2.832989e-01
5.517330e-01	6.585945e-01	-2.950618e-01
4.940056e-01	6.538516e-01	-5.630857e-01
5.405889e-01	6.447326e-01	-5.554484e-01
4.972630e-01	6.485956e-01	-6.320552e-01
5.357978e-01	6.376504e-01	-6.199110e-01
5.027817e-01	6.521220e-01	-6.298347e-01
5.327594e-01	6.393120e-01	-6.185573e-01
5.030819e-01	6.520814e-01	-5.723354e-01
5.332124e-01	6.404274e-01	-5.653995e-01
4.976407e-01	4.431866e-01	-4.352716e-03
5.451914e-01	4.455364e-01	4.393583e-03
5.026866e-01	2.699080e-01	-2.487732e-02
5.398913e-01	2.629517e-01	-9.376100e-03
5.044252e-01	1.148750e-01	1.388226e-01
5.298368e-01	1.092959e-01	1.525355e-01
5.056857e-01	9.957527e-02	1.466754e-01
5.288803e-01	9.436926e-02	1.603809e-01
5.054247e-01	7.214111e-02	9.084214e-03
5.257083e-01	6.633943e-02	2.163454e-02
5.187079e-01	7.569566e-01	-5.944557e-02
5.145372e-01	7.693697e-01	-3.863385e-02
5.112485e-01	7.684914e-01	-3.868596e-02
5.078422e-01	7.673510e-01	-3.862395e-02
5.242025e-01	7.699235e-01	-4.374749e-02
5.276016e-01	7.695787e-01	-4.377240e-02
5.313691e-01	7.691835e-01	-4.368215e-02
5.048265e-01	7.568327e-01	6.613736e-02
5.390724e-01	7.594475e-01	4.323251e-02
5.122241e-01	7.357330e-01	-2.115634e-02
5.253285e-01	7.355196e-01	-2.788366e-02
4.853028e-01	6.700395e-01	7.762361e-02
5.619418e-01	6.707977e-01	4.799450e-02
4.753122e-01	5.954735e-01	-2.042978e-02
5.593840e-01	5.928208e-01	-8.901997e-02
4.801961e-01	5.513971e-01	-2.064751e-01
5.491221e-01	5.498372e-01	-2.849758e-01
4.810063e-01	5.288226e-01	-2.547128e-01
5.511862e-01	5.290661e-01	-3.368121e-01
4.902823e-01	5.355171e-01	-2.707304e-01
5.436612e-01	5.342367e-01	-3.463344e-01
4.933588e-01	5.415504e-01	-2.183043e-01
5.407343e-01	5.392899e-01	-2.948143e-01
4.973142e-01	4.375960e-01	-5.066889e-04
5.457009e-01	4.389115e-01	6.444511e-04
5.022477e-01	2.680523e-01	-3.820506e-02
5.402614e-01	2.605504e-01	-2.203064e-02
5.044094e-01	1.147555e-01	1.198100e-01
5.298258e-01	1.089639e-01	1.256441e-01
5.057027e-01	9.951419e-02	1.289713e-01
5.288830e-01	9.421939e-02	1.332973e-01
5.054673e-01	7.215048e-02	9.329362e-03
5.257491e-01	6.630240e-02	8.003814e-03
5.182443e-01	7.619089e-01	-5.631768e-02
5.144817e-01	7.727762e-01	-3.483367e-02
5.111035e-01	7.719368e-01	-3.489147e-02
5.078243e-01	7.710193e-01	-3.483348e-02
5.241857e-01	7.728655e-01	-4.055180e-02
5.275816e-01	7.722628e-01	-4.057936e-02
5.312931e-01	7.716208e-01	-4.050573e-02
5.048075e-01	7.587073e-01	7.014470e-02
5.387498e-01	7.603760e-01	4.453207e-02
5.113079e-01	7.399741e-01	-1.847811e-02
5.247939e-01	7.399632e-01	-2.572888e-02
4.828852e-01	6.685690e-01	8.170246e-02
5.621067e-01	6.681124e-01	4.524481e-02
4.719068e-01	5.899461e-01	-1.891061e-02
5.619676e-01	5.820699e-01	-8.864303e-02
4.764646e-01	5.483387e-01	-2.090954e-01
5.524246e-01	5.440417e-01	-2.810645e-01
4.763521e-01	5.239779e-01	-2.579948e-01
5.553523e-01	5.227143e-01	-3.330396e-01
4.859366e-01	5.310942e-01	-2.725171e-01
5.477971e-01	5.296834e-01	-3.422975e-01
4.902070e-01	5.377682e-01	-2.205059e-01
5.440859e-01	5.360947e-01	-2.906103e-01
4.970542e-01	4.372883e-01	3.648996e-03
5.457716e-01	4.381942e-01	-3.484234e-03
5.017915e-01	2.676411e-01	-3.505798e-02
5.404455e-01	2.600580e-01	-2.961790e-02
5.044464e-01	1.145192e-01	1.247983e-01
5.305108e-01	1.075390e-01	1.114487e-01
5.061625e-01	9.937655e-02	1.330079e-01
5.299138e-01	9.262326e-02	1.188964e-01
5.047520e-01	7.201494e-02	2.201368e-02
5.255249e-01	6.557523e-02	-5.231658e-03
5.185653e-01	7.647232e-01	-6.493282e-02
5.148610e-01	7.749245e-01	-4.456991e-02
5.114462e-01	7.742219e-01	-4.459931e-02
5.080503e-01	7.734300e-01	-4.451846e-02
5.246837e-01	7.744163e-01	-4.809752e-02
5.281664e-01	7.735407e-01	-4.811489e-02
5.318624e-01	7.726733e-01	-4.803218e-02
5.049464e-01	7.611383e-01	5.475976e-02
5.386988e-01	7.610250e-01	3.840684e-02
5.113200e-01	7.428316e-01	-2.942177e-02
5.249712e-01	7.425181e-01	-3.389720e-02
4.819477e-01	6.662953e-01	7.357351e-02
5.616938e-01	6.695420e-01	5.148516e-02
4.706329e-01	5.704949e-01	1.014825e-02
5.653151e-01	5.753047e-01	-2.420986e-02
4.688494e-01	5.086758e-01	-1.522060e-01
5.639678e-01	5.024001e-01	-1.860829e-01
4.662357e-01	4.769703e-01	-1.957290e-01
5.688350e-01	4.740525e-01	-2.317932e-01
4.744113e-01	4.825584e-01	-2.173739e-01
5.588742e-01	4.753623e-01	-2.511917e-01
4.781763e-01	4.905300e-01	-1.652822e-01
5.544317e-01	4.841304e-01	-1.988584e-01
4.957113e-01	4.379943e-01	5.873006e-03
5.456551e-01	4.384355e-01	-5.683581e-03
5.018003e-01	2.674573e-01	-3.175785e-02
5.405546e-01	2.599674e-01	-3.496205e-02
5.044659e-01	1.130690e-01	1.270014e-01
5.306661e-01	1.062773e-01	1.043614e-01
5.062377e-01	9.910882e-02	1.355659e-01
5.299536e-01	9.201454e-02	1.113482e-01
5.048827e-01	7.186063e-02	2.365198e-02
5.255393e-01	6.557977e-02	-1.153495e-02
5.185509e-01	7.678062e-01	-1.567378e-01
5.148433e-01	7.774312e-01	-1.391880e-01
5.114279e-01	7.763822e-01	-1.392064e-01
5.080362e-01	7.752184e-01	-1.391665e-01
5.246899e-01	7.774855e-01	-1.420218e-01
5.281540e-01	7.765465e-01	-1.420647e-01
5.318667e-01	7.753915e-01	-1.420529e-01
5.049533e-01	7.619089e-01	-4.522168e-02
5.385764e-01	7.620898e-01	-5.758303e-02
5.112920e-01	7.456778e-01	-1.223174e-01
5.250112e-01	7.454723e-01	-1.257429e-01
4.817038e-01	6.671128e-01	1.012329e-02
5.621299e-01	6.669846e-01	-5.325417e-03
4.677071e-01	5.609702e-01	2.595865e-02
5.724095e-01	5.567006e-01	9.080851e-03
4.561121e-01	4.636172e-01	-5.583217e-02
5.861450e-01	4.557188e-01	-6.810099e-02
4.496107e-01	4.292215e-01	-8.201178e-02
5.941591e-01	4.205809e-01	-9.719101e-02
4.552400e-01	4.285751e-01	-1.134522e-01
5.857748e-01	4.188657e-01	-1.303870e-01
4.606014e-01	4.401484e-01	-7.047606e-02
5.799260e-01	4.300179e-01	-8.395483e-02
4.956337e-01	4.368778e-01	6.540732e-03
5.455552e-01	4.358225e-01	-6.415763e-03
5.017537e-01	2.671279e-01	-8.917035e-03
5.401070e-01	2.615659e-01	-2.884383e-02
5.044893e-01	1.138152e-01	1.600222e-01
5.302842e-01	1.065606e-01	1.172416e-01
5.062133e-01	9.936300e-02	1.700672e-01
5.295919e-01	9.252521e-02	1.257893e-01
5.050324e-01	7.195015e-02	5.149990e-02
5.255445e-01	6.619141e-02	-1.640401e-03
5.183769e-01	7.680566e-01	-1.772344e-01
5.148288e-01	7.784026e-01	-1.592939e-01
5.113993e-01	7.775915e-01	-1.593201e-01
5.080246e-01	7.765561e-01	-1.592849e-01
5.246618e-01	7.781050e-01	-1.624406e-01
5.281132e-01	7.770767e-01	-1.624872e-01
5.318313e-01	7.757444e-01	-1.624831e-01
5.049511e-01	7.629111e-01	-6.146517e-02
5.385204e-01	7.622229e-01	-7.508031e-02
5.109554e-01	7.464592e-01	-1.411302e-01
5.249640e-01	7.457005e-01	-1.448973e-01
4.814216e-01	6.666510e-01	-7.012735e-03
5.624390e-01	6.662691e-01	-2.566450e-02
4.666427e-01	5.575766e-01	2.252923e-02
5.740200e-01	5.558218e-01	1.166513e-03
4.536949e-01	4.602148e-01	-6.063158e-02
5.893989e-01	4.533357e-01	-7.739998e-02
4.468763e-01	4.254086e-01	-8.679871e-02
5.972179e-01	4.183041e-01	-1.064466e-01
4.522951e-01	4.245635e-01	-1.186077e-01
5.892774e-01	4.169785e-01	-1.405511e-01
4.578229e-01	4.365041e-01	-7.556654e-02
5.835322e-01	4.283831e-01	-9.365980e-02
4.955831e-01	4.356654e-01	6.911145e-03
5.455773e-01	4.338953e-01	-6.812011e-03
5.017219e-01	2.663696e-01	-3.279690e-03
5.398852e-01	2.625708e-01	-2.600183e-02
5.045071e-01	1.142950e-01	1.647564e-01
5.300187e-01	1.068626e-01	1.278928e-01
5.062166e-01	9.973852e-02	1.746967e-01
5.293325e-01	9.291571e-02	1.369321e-01
5.050598e-01	7.201522e-02	5.515080e-02
5.255820e-01	6.680141e-02	9.477401e-03
5.186528e-01	7.694877e-01	-1.931054e-01
5.150172e-01	7.796969e-01	-1.749859e-01
5.115529e-01	7.788218e-01	-1.750164e-01
5.081791e-01	7.777564e-01	-1.749859e-01
5.248130e-01	7.796163e-01	-1.768064e-01
5.282281e-01	7.786562e-01	-1.768562e-01
5.319336e-01	7.774093e-01	-1.768509e-01
5.049869e-01	7.637586e-01	-7.675228e-02
5.384534e-01	7.634013e-01	-8.429335e-02
5.111226e-01	7.480550e-01	-1.571107e-01
5.252222e-01	7.472042e-01	-1.591406e-01
4.809691e-01	6.639346e-01	-2.459734e-02
5.627707e-01	6.649300e-01	-3.421533e-02
4.658378e-01	5.511585e-01	7.391567e-04
5.779449e-01	5.502566e-01	-4.648083e-03
4.499962e-01	4.491439e-01	-8.706715e-02
5.943590e-01	4.435044e-01	-8.751218e-02
4.430351e-01	4.152080e-01	-1.143356e-01
6.019981e-01	4.073113e-01	-1.169465e-01
4.470361e-01	4.126801e-01	-1.468939e-01
5.957061e-01	4.053959e-01	-1.522529e-01
4.519953e-01	4.233195e-01	-1.024240e-01
5.903271e-01	4.173860e-01	-1.045572e-01
4.959442e-01	4.328264e-01	6.755036e-03
5.462961e-01	4.310300e-01	-6.659350e-03
5.017215e-01	2.630690e-01	3.295515e-03
5.397541e-01	2.626227e-01	-1.840018e-02
5.045205e-01	1.142013e-01	1.700077e-01
5.299352e-01	1.070793e-01	1.389763e-01
5.062132e-01	9.950904e-02	1.798906e-01
5.292715e-01	9.299657e-02	1.478223e-01
5.049294e-01	7.199024e-02	6.044328e-02
5.254093e-01	6.681874e-02	2.071084e-02
5.185657e-01	7.718281e-01	-2.259168e-01
5.149299e-01	7.815806e-01	-2.090160e-01
5.114011e-01	7.805046e-01	-2.090526e-01
5.081224e-01	7.793913e-01	-2.090339e-01
5.247884e-01	7.818472e-01	-2.101148e-01
5.281655e-01	7.808911e-01	-2.101629e-01
5.318450e-01	7.796617e-01	-2.101641e-01
5.048355e-01	7.647420e-01	-1.116574e-01
5.382133e-01	7.650483e-01	-1.161891e-01
5.110189e-01	7.508127e-01	-1.899227e-01
5.251383e-01	7.499346e-01	-1.911329e-01
4.800823e-01	6.631271e-01	-5.735629e-02
5.632463e-01	6.627478e-01	-5.361774e-02
4.639845e-01	5.459044e-01	-2.049980e-02
5.817385e-01	5.430602e-01	-1.618884e-02
4.433104e-01	4.447016e-01	-1.032795e-01
5.999187e-01	4.407921e-01	-1.011036e-01
4.355911e-01	4.102795e-01	-1.285065e-01
6.084082e-01	4.063848e-01	-1.285189e-01
4.386138e-01	4.076627e-01	-1.622201e-01
6.049924e-01	4.060554e-01	-1.652410e-01
4.434615e-01	4.177142e-01	-1.186746e-01
5.995017e-01	4.177161e-01	-1.185851e-01
4.959479e-01	4.303333e-01	4.372571e-03
5.464925e-01	4.289774e-01	-4.294797e-03
5.020100e-01	2.561298e-01	3.358177e-04
5.391908e-01	2.598169e-01	-1.307927e-02
5.045255e-01	1.113492e-01	1.771955e-01
5.293117e-01	1.067850e-01	1.587966e-01
5.061458e-01	9.720207e-02	1.884111e-01
5.287944e-01	9.278046e-02	1.695990e-01
5.050186e-01	7.157242e-02	7.089863e-02
5.253962e-01	6.683154e-02	4.693749e-02
5.182130e-01	7.724558e-01	-2.410448e-01
5.147641e-01	7.824737e-01	-2.240014e-01
5.111822e-01	7.814458e-01	-2.240437e-01
5.080462e-01	7.804427e-01	-2.240286e-01
5.247162e-01	7.824097e-01	-2.260749e-01
5.280658e-01	7.813247e-01	-2.261252e-01
5.317615e-01	7.799811e-01	-2.261291e-01
5.047424e-01	7.655793e-01	-1.238330e-01
5.381727e-01	7.653216e-01	-1.328911e-01
5.106751e-01	7.516630e-01	-2.038163e-01
5.248322e-01	7.502497e-01	-2.063101e-01
4.796116e-01	6.622262e-01	-6.432741e-02
5.634924e-01	6.614791e-01	-6.998897e-02
4.631797e-01	5.454444e-01	-2.262081e-02
5.826184e-01	5.423444e-01	-3.037341e-02
4.420431e-01	4.438318e-01	-1.051610e-01
6.008314e-01	4.412523e-01	-1.143716e-01
4.345704e-01	4.092740e-01	-1.301787e-01
6.093155e-01	4.072907e-01	-1.421514e-01
4.373808e-01	4.067401e-01	-1.647057e-01
6.060520e-01	4.067882e-01	-1.793171e-01
4.420471e-01	4.166604e-01	-1.209034e-01
6.006199e-01	4.182345e-01	-1.319852e-01
4.958864e-01	4.299579e-01	4.545625e-03
5.464811e-01	4.284248e-01	-4.471963e-03
5.021150e-01	2.553292e-01	5.084176e-03
5.390159e-01	2.589281e-01	-1.280152e-02
5.047477e-01	1.102221e-01	1.835705e-01
5.294480e-01	1.065848e-01	1.593359e-01
5.065553e-01	9.592910e-02	1.948138e-01
5.291421e-01	9.247860e-02	1.700763e-01
5.050244e-01	7.107181e-02	7.690929e-02
5.254350e-01	6.680687e-02	4.611937e-02
5.182078e-01	7.728491e-01	-2.427147e-01
5.147530e-01	7.833013e-01	-2.255502e-01
5.111593e-01	7.821258e-01	-2.255954e-01
5.080405e-01	7.809792e-01	-2.255834e-01
5.246992e-01	7.833439e-01	-2.269296e-01
5.280468e-01	7.822724e-01	-2.269848e-01
5.317351e-01	7.808836e-01	-2.269898e-01
5.047335e-01	7.659018e-01	-1.250494e-01
5.381463e-01	7.660912e-01	-1.311350e-01
5.106853e-01	7.517973e-01	-2.054615e-01
5.248418e-01	7.505586e-01	-2.071123e-01
4.794335e-01	6.616985e-01	-6.702065e-02
5.636154e-01	6.610307e-01	-6.707564e-02
4.624601e-01	5.461997e-01	-2.783589e-02
5.837060e-01	5.436374e-01	-2.854192e-02
4.405512e-01	4.468957e-01	-1.129411e-01
6.020159e-01	4.437253e-01	-1.151104e-01
4.329866e-01	4.122555e-01	-1.389455e-01
6.101331e-01	4.110683e-01	-1.430326e-01
4.360782e-01	4.103275e-01	-1.731868e-01
6.067427e-01	4.107241e-01	-1.796990e-01
4.407789e-01	4.198412e-01	-1.286175e-01
6.015667e-01	4.214649e-01	-1.325960e-01
4.959278e-01	4.294940e-01	3.821799e-03
5.467137e-01	4.284588e-01	-3.744253e-03
5.022998e-01	2.556785e-01	4.938625e-03
5.389889e-01	2.589508e-01	-9.247212e-03
5.048708e-01	1.100515e-01	1.844683e-01
5.294541e-01	1.066824e-01	1.620838e-01
5.066970e-01	9.592859e-02	1.959110e-01
5.292872e-01	9.252290e-02	1.727466e-01
5.052218e-01	7.096788e-02	7.932913e-02
5.255824e-01	6.693213e-02	4.946683e-02
5.179374e-01	7.730406e-01	-2.277672e-01
5.143551e-01	7.835356e-01	-2.102517e-01
5.107529e-01	7.823042e-01	-2.102970e-01
5.077808e-01	7.811181e-01	-2.102875e-01
5.245097e-01	7.838717e-01	-2.119962e-01
5.278499e-01	7.828931e-01	-2.120479e-01
5.315139e-01	7.815855e-01	-2.120538e-01
5.045187e-01	7.660978e-01	-1.095673e-01
5.380244e-01	7.667109e-01	-1.173103e-01
5.104595e-01	7.517911e-01	-1.904982e-01
5.247867e-01	7.508227e-01	-1.926221e-01
4.787672e-01	6.614350e-01	-5.440164e-02
5.636396e-01	6.603739e-01	-5.689602e-02
4.629237e-01	5.466254e-01	-1.435505e-02
5.832309e-01	5.457675e-01	-1.499952e-02
4.424672e-01	4.534208e-01	-9.961342e-02
5.999147e-01	4.473659e-01	-9.846727e-02
4.346822e-01	4.206201e-01	-1.254305e-01
6.079457e-01	4.152162e-01	-1.259019e-01
4.374795e-01	4.187971e-01	-1.593478e-01
6.049913e-01	4.139288e-01	-1.617161e-01
4.424817e-01	4.285081e-01	-1.151090e-01
5.998045e-01	4.250408e-01	-1.155635e-01
4.959892e-01	4.275049e-01	3.802919e-03
5.470553e-01	4.268639e-01	-3.725203e-03
5.023741e-01	2.527302e-01	2.657415e-03
5.392208e-01	2.572793e-01	-1.003516e-02
5.054827e-01	1.097753e-01	1.925851e-01
5.299417e-01	1.067286e-01	1.709238e-01
5.078804e-01	9.580747e-02	2.054772e-01
5.299840e-01	9.264898e-02	1.830515e-01
5.057054e-01	7.076542e-02	8.953300e-02
5.258291e-01	6.695928e-02	5.970678e-02
