5.312118e-01	7.549213e-01	-2.523574e-01
5.275300e-01	7.660887e-01	-2.331697e-01
5.246391e-01	7.654747e-01	-2.331753e-01
5.213746e-01	7.647325e-01	-2.330818e-01
5.380843e-01	7.662124e-01	-2.394188e-01
5.420993e-01	7.654920e-01	-2.394906e-01
5.456839e-01	7.647590e-01	-2.394885e-01
5.201803e-01	7.526350e-01	-1.183679e-01
5.534663e-01	7.523787e-01	-1.479105e-01
5.246632e-01	7.340480e-01	-2.091358e-01
5.395715e-01	7.331328e-01	-2.174766e-01
4.942831e-01	6.510116e-01	-3.709570e-02
5.773093e-01	6.466493e-01	-9.065913e-02
4.863357e-01	5.329131e-01	1.703569e-02
5.896502e-01	5.299907e-01	-5.891695e-02
4.741608e-01	4.303193e-01	-7.865047e-02
5.962197e-01	4.190885e-01	-1.495667e-01
4.650630e-01	4.026765e-01	-1.053857e-01
6.042986e-01	3.822765e-01	-1.811227e-01
4.669486e-01	4.010018e-01	-1.401868e-01
5.973020e-01	3.817314e-01	-2.150788e-01
4.730908e-01	4.116949e-01	-9.559643e-02
5.917622e-01	3.952127e-01	-1.653131e-01
5.081633e-01	4.233459e-01	1.720663e-02
5.563548e-01	4.212177e-01	-1.706774e-02
5.135408e-01	2.540121e-01	1.771609e-02
5.484705e-01	2.487586e-01	-2.765333e-02
5.168784e-01	1.143541e-01	2.090679e-01
5.417759e-01	9.779208e-02	1.524023e-01
5.181534e-01	1.007335e-01	2.215145e-01
5.418471e-01	8.367157e-02	1.640399e-01
5.162485e-01	6.364900e-02	1.064621e-01
5.368059e-01	5.489022e-02	3.461776e-02
5.313784e-01	7.547106e-01	-2.279502e-01
5.275494e-01	7.659787e-01	-2.090316e-01
5.246397e-01	7.653586e-01	-2.090677e-01
5.214014e-01	7.645868e-01	-2.090348e-01
5.381707e-01	7.662079e-01	-2.131933e-01
5.421226e-01	7.655160e-01	-2.132615e-01
5.456975e-01	7.648141e-01	-2.132619e-01
5.200225e-01	7.525624e-01	-1.027280e-01
5.534443e-01	7.528711e-01	-1.218521e-01
5.246784e-01	7.338448e-01	-1.884542e-01
5.396081e-01	7.331321e-01	-1.938243e-01
4.944049e-01	6.510918e-01	-3.709564e-02
5.773184e-01	6.466468e-01	-6.589475e-02
4.862641e-01	5.343543e-01	5.573181e-03
5.896233e-01	5.300071e-01	-3.634860e-02
4.741372e-01	4.354798e-01	-8.567769e-02
5.974336e-01	4.213658e-01	-1.250394e-01
4.652851e-01	4.055440e-01	-1.124577e-01
6.049555e-01	3.857930e-01	-1.545376e-01
4.669515e-01	4.059361e-01	-1.452446e-01
5.987574e-01	3.856156e-01	-1.874344e-01
4.730851e-01	4.171102e-01	-1.012639e-01
5.934984e-01	3.981013e-01	-1.404258e-01
5.080094e-01	4.248004e-01	1.121701e-02
5.561669e-01	4.222330e-01	-1.111885e-02
5.137069e-01	2.541241e-01	8.154220e-03
5.499179e-01	2.526910e-01	-2.571087e-02
5.182696e-01	1.140604e-01	1.771628e-01
5.432664e-01	9.903167e-02	1.369818e-01
5.197735e-01	9.937515e-02	1.877349e-01
5.429583e-01	8.420904e-02	1.467670e-01
5.163445e-01	6.473009e-02	7.632644e-02
5.385352e-01	5.705309e-02	2.591836e-02
5.315230e-01	7.546947e-01	-2.256988e-01
5.275699e-01	7.659787e-01	-2.076400e-01
5.246434e-01	7.653584e-01	-2.076753e-01
5.214232e-01	7.645860e-01	-2.076413e-01
5.383123e-01	7.663156e-01	-2.113707e-01
5.422032e-01	7.657670e-01	-2.114321e-01
5.457988e-01	7.651439e-01	-2.114364e-01
5.198401e-01	7.526826e-01	-1.029485e-01
5.534471e-01	7.537534e-01	-1.201956e-01
5.246886e-01	7.338516e-01	-1.866338e-01
5.396575e-01	7.332553e-01	-1.914058e-01
4.944414e-01	6.517406e-01	-3.856529e-02
5.773203e-01	6.467179e-01	-5.980863e-02
4.861775e-01	5.357749e-01	4.456369e-03
5.900780e-01	5.300074e-01	-2.605577e-02
4.740636e-01	4.400858e-01	-8.474836e-02
6.007467e-01	4.239195e-01	-1.140618e-01
4.655983e-01	4.101251e-01	-1.117498e-01
6.080196e-01	3.890238e-01	-1.422927e-01
4.670590e-01	4.112439e-01	-1.447338e-01
6.028606e-01	3.890409e-01	-1.758387e-01
4.730845e-01	4.221183e-01	-1.007984e-01
5.975646e-01	4.008712e-01	-1.296425e-01
5.079383e-01	4.258628e-01	7.349817e-03
5.561918e-01	4.227967e-01	-7.267568e-03
5.138763e-01	2.543949e-01	2.870727e-04
5.507875e-01	2.532229e-01	-2.529198e-02
5.190983e-01	1.132296e-01	1.683662e-01
5.438897e-01	9.905820e-02	1.332698e-01
5.208829e-01	9.716325e-02	1.787081e-01
5.434284e-01	8.409721e-02	1.427551e-01
5.172551e-01	6.504081e-02	6.414521e-02
5.399790e-01	5.761567e-02	2.039269e-02
5.316209e-01	7.547292e-01	-2.228732e-01
5.275786e-01	7.659775e-01	-2.051513e-01
5.246439e-01	7.653549e-01	-2.051919e-01
5.214260e-01	7.645806e-01	-2.051624e-01
5.383923e-01	7.664074e-01	-2.079874e-01
5.422532e-01	7.659521e-01	-2.080375e-01
5.458532e-01	7.653690e-01	-2.080288e-01
5.196599e-01	7.527907e-01	-1.018829e-01
5.534467e-01	7.542083e-01	-1.152946e-01
5.246933e-01	7.340338e-01	-1.844456e-01
5.396935e-01	7.337247e-01	-1.881415e-01
4.944820e-01	6.535981e-01	-4.001924e-02
5.771843e-01	6.470722e-01	-5.054735e-02
4.861156e-01	5.412176e-01	4.929711e-03
5.920860e-01	5.303100e-01	-1.320238e-02
4.740398e-01	4.515029e-01	-8.201067e-02
6.051928e-01	4.305426e-01	-1.012834e-01
4.662072e-01	4.229954e-01	-1.071671e-01
6.116396e-01	3.983496e-01	-1.282105e-01
4.676375e-01	4.250460e-01	-1.393872e-01
6.080728e-01	3.989868e-01	-1.613878e-01
4.732518e-01	4.357190e-01	-9.670971e-02
6.031445e-01	4.100159e-01	-1.167457e-01
5.075518e-01	4.293229e-01	5.460451e-03
5.561718e-01	4.262781e-01	-5.381755e-03
5.139455e-01	2.561081e-01	-2.132816e-03
5.509182e-01	2.551031e-01	-2.570501e-02
5.195239e-01	1.131102e-01	1.573891e-01
5.442357e-01	9.949046e-02	1.247733e-01
5.216816e-01	9.687491e-02	1.669047e-01
5.442002e-01	8.410101e-02	1.338222e-01
5.175983e-01	6.590916e-02	5.285863e-02
5.404230e-01	5.877654e-02	1.286199e-02
5.319569e-01	7.547648e-01	-1.936742e-01
5.276108e-01	7.659755e-01	-1.754140e-01
5.246474e-01	7.653443e-01	-1.754702e-01
5.214291e-01	7.645589e-01	-1.754512e-01
5.386017e-01	7.665095e-01	-1.786855e-01
5.424036e-01	7.661393e-01	-1.787244e-01
5.460500e-01	7.656032e-01	-1.787008e-01
5.194231e-01	7.528052e-01	-7.381672e-02
5.534357e-01	7.546947e-01	-8.885942e-02
5.248244e-01	7.341042e-01	-1.560167e-01
5.399857e-01	7.339851e-01	-1.602284e-01
4.945672e-01	6.551490e-01	-2.128944e-02
5.770128e-01	6.483459e-01	-2.892406e-02
4.845766e-01	5.470461e-01	2.301026e-02
5.944799e-01	5.336530e-01	9.188645e-03
4.719134e-01	4.639805e-01	-5.672144e-02
6.129643e-01	4.391190e-01	-7.413618e-02
4.659657e-01	4.343588e-01	-8.045869e-02
6.204930e-01	4.086118e-01	-1.006876e-01
4.676495e-01	4.374790e-01	-1.121127e-01
6.184098e-01	4.073301e-01	-1.341612e-01
4.730152e-01	4.480819e-01	-7.072030e-02
6.131599e-01	4.183465e-01	-8.991671e-02
5.066782e-01	4.294395e-01	6.304064e-03
5.560635e-01	4.265552e-01	-6.220786e-03
5.140811e-01	2.556302e-01	-5.286623e-03
5.509681e-01	2.548930e-01	-3.301449e-02
5.200548e-01	1.123520e-01	1.634829e-01
5.443441e-01	9.948532e-02	1.254254e-01
5.225164e-01	9.540543e-02	1.742816e-01
5.444349e-01	8.376142e-02	1.356329e-01
5.178299e-01	6.622350e-02	6.213040e-02
5.406693e-01	5.908786e-02	1.619809e-02
5.316517e-01	7.547995e-01	-1.907519e-01
5.272936e-01	7.659926e-01	-1.702929e-01
5.243882e-01	7.653552e-01	-1.703583e-01
5.210192e-01	7.645703e-01	-1.703428e-01
5.383267e-01	7.666066e-01	-1.747610e-01
5.422782e-01	7.662948e-01	-1.748018e-01
5.459164e-01	7.657832e-01	-1.747855e-01
5.188724e-01	7.528448e-01	-6.237716e-02
5.532168e-01	7.548469e-01	-8.240557e-02
5.246359e-01	7.342260e-01	-1.511790e-01
5.397483e-01	7.340596e-01	-1.567963e-01
4.945683e-01	6.565170e-01	-1.192301e-02
5.767778e-01	6.490897e-01	-2.486495e-02
4.827757e-01	5.549596e-01	2.088706e-02
5.990194e-01	5.352237e-01	5.002628e-03
4.690274e-01	4.823146e-01	-6.969487e-02
6.240605e-01	4.395927e-01	-8.486024e-02
4.640103e-01	4.528558e-01	-9.830545e-02
6.333758e-01	4.095604e-01	-1.133990e-01
4.673313e-01	4.553898e-01	-1.263797e-01
6.320443e-01	4.073729e-01	-1.477292e-01
4.720435e-01	4.649945e-01	-8.241861e-02
6.268166e-01	4.175273e-01	-1.013227e-01
5.055803e-01	4.293740e-01	6.896672e-03
5.555531e-01	4.264593e-01	-6.815373e-03
5.140042e-01	2.549536e-01	-3.939110e-03
5.509338e-01	2.547509e-01	-3.500281e-02
5.200731e-01	1.119164e-01	1.683285e-01
5.443071e-01	9.949329e-02	1.271280e-01
5.228208e-01	9.490392e-02	1.795397e-01
5.447062e-01	8.363470e-02	1.376619e-01
5.175146e-01	6.628744e-02	6.901341e-02
5.405650e-01	5.914947e-02	1.850158e-02
5.313842e-01	7.549125e-01	-1.969998e-01
5.269645e-01	7.660085e-01	-1.768327e-01
5.240942e-01	7.653576e-01	-1.769066e-01
5.206116e-01	7.645697e-01	-1.768946e-01
5.379634e-01	7.667320e-01	-1.808965e-01
5.420837e-01	7.664841e-01	-1.809343e-01
5.457131e-01	7.660117e-01	-1.809219e-01
5.185188e-01	7.527860e-01	-6.883885e-02
5.529655e-01	7.548968e-01	-8.737247e-02
5.245525e-01	7.344467e-01	-1.574350e-01
5.396835e-01	7.343274e-01	-1.626327e-01
4.947554e-01	6.566585e-01	-1.578328e-02
5.765390e-01	6.508372e-01	-2.477583e-02
4.789354e-01	5.646184e-01	1.922252e-02
6.039816e-01	5.476059e-01	7.093991e-03
4.638767e-01	4.959584e-01	-8.060191e-02
6.354481e-01	4.606915e-01	-8.515311e-02
4.601158e-01	4.685240e-01	-1.095655e-01
6.462365e-01	4.313265e-01	-1.133969e-01
4.644925e-01	4.712894e-01	-1.391223e-01
6.450545e-01	4.287510e-01	-1.480570e-01
4.681447e-01	4.804811e-01	-9.411765e-02
6.397722e-01	4.372657e-01	-1.020242e-01
5.053973e-01	4.294113e-01	7.552972e-03
5.553668e-01	4.263399e-01	-7.467085e-03
5.140492e-01	2.558640e-01	-1.978108e-03
5.513435e-01	2.547821e-01	-3.099143e-02
5.201024e-01	1.119495e-01	1.686471e-01
5.442781e-01	9.972414e-02	1.207849e-01
5.228313e-01	9.495224e-02	1.794439e-01
5.446702e-01	8.356217e-02	1.297054e-01
5.174877e-01	6.660837e-02	7.059291e-02
5.407833e-01	5.939168e-02	1.143081e-02
5.311210e-01	7.548601e-01	-1.982699e-01
5.267823e-01	7.659762e-01	-1.790419e-01
5.239530e-01	7.653461e-01	-1.789156e-01
5.204397e-01	7.645703e-01	-1.787803e-01
5.375800e-01	7.666162e-01	-1.829254e-01
5.417586e-01	7.663432e-01	-1.830389e-01
5.453519e-01	7.658466e-01	-1.829649e-01
5.182938e-01	7.529227e-01	-7.738315e-02
5.523390e-01	7.548112e-01	-9.739394e-02
5.243602e-01	7.345319e-01	-1.610536e-01
5.394432e-01	7.343307e-01	-1.666690e-01
4.947840e-01	6.573884e-01	-9.895258e-03
5.759884e-01	6.527049e-01	-3.723539e-02
4.754379e-01	5.770732e-01	9.917551e-02
6.085159e-01	5.611431e-01	-2.007900e-03
4.558647e-01	5.185835e-01	8.743753e-02
6.511478e-01	4.832292e-01	-9.232261e-02
4.531070e-01	4.948319e-01	7.883198e-02
6.637093e-01	4.557506e-01	-1.180523e-01
4.564882e-01	4.972474e-01	4.277382e-02
6.643113e-01	4.535856e-01	-1.553696e-01
4.595876e-01	5.041299e-01	7.358287e-02
6.591830e-01	4.608542e-01	-1.099428e-01
5.053334e-01	4.306940e-01	1.045048e-02
5.551386e-01	4.272255e-01	-1.034496e-02
5.140461e-01	2.563846e-01	1.734425e-03
5.513365e-01	2.547901e-01	-3.278117e-02
5.200549e-01	1.119568e-01	1.707997e-01
5.440742e-01	9.991902e-02	1.176683e-01
5.227866e-01	9.503169e-02	1.819514e-01
5.438728e-01	8.353420e-02	1.273364e-01
5.172967e-01	6.678680e-02	7.425912e-02
5.407397e-01	5.958787e-02	8.924372e-03
5.309356e-01	7.546813e-01	-2.138536e-01
5.266442e-01	7.659019e-01	-1.924800e-01
5.238283e-01	7.653212e-01	-1.924976e-01
5.203113e-01	7.645707e-01	-1.923410e-01
5.373126e-01	7.664065e-01	-2.012627e-01
5.414972e-01	7.661080e-01	-2.013279e-01
5.450524e-01	7.655808e-01	-2.013430e-01
5.181578e-01	7.532936e-01	-8.079489e-02
5.515745e-01	7.547624e-01	-1.134033e-01
5.241927e-01	7.345577e-01	-1.697076e-01
5.391392e-01	7.343284e-01	-1.811151e-01
4.952334e-01	6.613743e-01	1.093641e-02
5.755529e-01	6.539835e-01	-6.285053e-02
4.740316e-01	5.923867e-01	2.044401e-01
6.166607e-01	5.712736e-01	-4.570237e-02
4.521934e-01	5.502520e-01	2.935866e-01
6.633756e-01	5.077460e-01	-1.314952e-01
4.456646e-01	5.280240e-01	3.075748e-01
6.779412e-01	4.840425e-01	-1.524326e-01
4.481885e-01	5.278545e-01	2.695045e-01
6.782865e-01	4.830635e-01	-1.937664e-01
4.518649e-01	5.350454e-01	2.815428e-01
6.720972e-01	4.896407e-01	-1.505072e-01
5.052758e-01	4.317014e-01	1.783945e-02
5.538417e-01	4.274444e-01	-1.775021e-02
5.139371e-01	2.580313e-01	1.311580e-02
5.513224e-01	2.556241e-01	-3.247953e-02
5.193408e-01	1.119643e-01	1.951398e-01
5.435997e-01	1.000261e-01	1.204896e-01
5.218391e-01	9.496121e-02	2.070675e-01
5.429474e-01	8.341020e-02	1.293096e-01
5.171433e-01	6.708502e-02	9.928218e-02
5.407009e-01	5.980847e-02	1.154250e-02
5.308946e-01	7.548818e-01	-2.153438e-01
5.266145e-01	7.659470e-01	-1.940641e-01
5.237746e-01	7.653815e-01	-1.941119e-01
5.202451e-01	7.646698e-01	-1.939762e-01
5.372269e-01	7.664241e-01	-2.018681e-01
5.413503e-01	7.661125e-01	-2.019290e-01
5.448338e-01	7.655782e-01	-2.019548e-01
5.179762e-01	7.535360e-01	-7.695559e-02
5.507675e-01	7.546958e-01	-1.099867e-01
5.240952e-01	7.350141e-01	-1.716416e-01
5.388823e-01	7.348267e-01	-1.816342e-01
4.955546e-01	6.642793e-01	3.589088e-02
5.741574e-01	6.564419e-01	-7.846511e-02
4.683894e-01	6.038781e-01	2.686706e-01
6.216905e-01	5.895469e-01	-1.101623e-01
4.442732e-01	5.682284e-01	4.262302e-01
6.750993e-01	5.433035e-01	-2.211119e-01
4.379279e-01	5.562868e-01	4.550970e-01
6.924173e-01	5.244975e-01	-2.488653e-01
4.403946e-01	5.588043e-01	4.176720e-01
6.946866e-01	5.266262e-01	-2.876413e-01
4.441071e-01	5.627495e-01	4.162959e-01
6.876405e-01	5.309374e-01	-2.406856e-01
5.053893e-01	4.332662e-01	2.944332e-02
5.526530e-01	4.288092e-01	-2.939194e-02
5.138531e-01	2.612927e-01	2.583984e-02
5.508801e-01	2.590713e-01	-3.374574e-02
5.188100e-01	1.120098e-01	1.994729e-01
5.427762e-01	1.003900e-01	1.200825e-01
5.213310e-01	9.492426e-02	2.104065e-01
5.422784e-01	8.338850e-02	1.297052e-01
5.164251e-01	6.735010e-02	1.055530e-01
5.399286e-01	6.011854e-02	1.244410e-02
5.309390e-01	7.551235e-01	-2.157807e-01
5.266204e-01	7.662227e-01	-1.953533e-01
5.237731e-01	7.657111e-01	-1.954045e-01
5.202361e-01	7.650715e-01	-1.952948e-01
5.372409e-01	7.665501e-01	-2.017310e-01
5.413520e-01	7.661743e-01	-2.017961e-01
5.448356e-01	7.655864e-01	-2.018454e-01
5.177369e-01	7.539068e-01	-7.805096e-02
5.505749e-01	7.546272e-01	-9.698914e-02
5.240840e-01	7.352507e-01	-1.728603e-01
5.388232e-01	7.349388e-01	-1.816622e-01
4.954880e-01	6.644675e-01	2.393349e-02
5.734173e-01	6.588663e-01	-7.245623e-02
4.689083e-01	6.164219e-01	2.280506e-01
6.287922e-01	6.076813e-01	-1.100610e-01
4.459284e-01	5.991922e-01	3.843951e-01
6.888392e-01	5.799900e-01	-2.285281e-01
4.380903e-01	5.959629e-01	4.121763e-01
7.074808e-01	5.665721e-01	-2.551841e-01
4.412528e-01	5.981421e-01	3.778223e-01
7.090596e-01	5.684501e-01	-2.909489e-01
4.461278e-01	5.984663e-01	3.754178e-01
7.017680e-01	5.713974e-01	-2.475180e-01
5.053617e-01	4.331554e-01	2.633674e-02
5.517057e-01	4.296977e-01	-2.628609e-02
5.138021e-01	2.634430e-01	2.209936e-02
5.502813e-01	2.609378e-01	-2.759298e-02
5.181988e-01	1.125360e-01	1.967672e-01
5.422445e-01	1.014288e-01	1.207512e-01
5.205331e-01	9.498090e-02	2.087355e-01
5.420340e-01	8.384153e-02	1.311342e-01
5.162795e-01	6.745235e-02	9.941943e-02
5.389563e-01	6.088883e-02	1.864317e-02
5.312744e-01	7.552986e-01	-2.457809e-01
5.267341e-01	7.663662e-01	-2.238704e-01
5.238347e-01	7.658706e-01	-2.239309e-01
5.202904e-01	7.652292e-01	-2.237656e-01
5.373803e-01	7.666277e-01	-2.277988e-01
5.414107e-01	7.662187e-01	-2.278902e-01
5.448703e-01	7.655960e-01	-2.279960e-01
5.174928e-01	7.538936e-01	-1.048726e-01
5.505411e-01	7.545156e-01	-1.200884e-01
5.241989e-01	7.353475e-01	-2.023008e-01
5.388256e-01	7.350175e-01	-2.074397e-01
4.954311e-01	6.642509e-01	8.711838e-03
5.734071e-01	6.591884e-01	-9.852127e-02
4.681455e-01	6.221709e-01	2.012187e-01
6.341930e-01	6.230649e-01	-1.751494e-01
4.405948e-01	6.186200e-01	3.646045e-01
6.965703e-01	6.204306e-01	-3.183500e-01
4.313794e-01	6.214853e-01	3.956882e-01
7.162958e-01	6.132781e-01	-3.493437e-01
4.319598e-01	6.241981e-01	3.597804e-01
7.179298e-01	6.183664e-01	-3.810071e-01
4.366183e-01	6.213502e-01	3.547759e-01
7.104127e-01	6.197010e-01	-3.371795e-01
5.050313e-01	4.331136e-01	2.641590e-02
5.508254e-01	4.296096e-01	-2.642351e-02
5.136248e-01	2.641495e-01	3.695719e-02
5.500205e-01	2.609383e-01	-1.158548e-02
5.177101e-01	1.128473e-01	2.149058e-01
5.421563e-01	1.020653e-01	1.503269e-01
5.197650e-01	9.533880e-02	2.263644e-01
5.419282e-01	8.483664e-02	1.611803e-01
5.167690e-01	6.757724e-02	1.201129e-01
5.388259e-01	6.143596e-02	4.806237e-02
5.314525e-01	7.549111e-01	-1.998151e-01
5.267357e-01	7.658858e-01	-1.785453e-01
5.238305e-01	7.652549e-01	-1.786108e-01
5.202729e-01	7.644905e-01	-1.785168e-01
5.373899e-01	7.663804e-01	-1.801091e-01
5.414125e-01	7.660068e-01	-1.801606e-01
5.448728e-01	7.653824e-01	-1.801977e-01
5.168734e-01	7.519417e-01	-6.880961e-02
5.504901e-01	7.540434e-01	-7.492246e-02
5.242829e-01	7.343720e-01	-1.603422e-01
5.388447e-01	7.345830e-01	-1.621017e-01
4.951494e-01	6.639305e-01	-1.334452e-02
5.736009e-01	6.598705e-01	-3.887217e-02
4.636206e-01	6.316841e-01	-5.070562e-02
6.372159e-01	6.461132e-01	-1.100659e-01
4.366727e-01	6.415021e-01	-1.595456e-01
7.006721e-01	6.652355e-01	-2.314272e-01
4.284518e-01	6.474013e-01	-1.810375e-01
7.210336e-01	6.635994e-01	-2.610248e-01
4.298270e-01	6.502517e-01	-2.013160e-01
7.217830e-01	6.737662e-01	-2.896035e-01
4.349110e-01	6.456808e-01	-1.722117e-01
7.138879e-01	6.716802e-01	-2.484870e-01
5.048774e-01	4.318734e-01	4.703742e-03
5.508480e-01	4.294296e-01	-4.625164e-03
5.133612e-01	2.639228e-01	1.640319e-02
5.498325e-01	2.609879e-01	9.208729e-03
5.169664e-01	1.128945e-01	2.014098e-01
5.420940e-01	1.030806e-01	1.672073e-01
5.187171e-01	9.537109e-02	2.147462e-01
5.418949e-01	8.618493e-02	1.779951e-01
5.179828e-01	6.776519e-02	1.100281e-01
5.389917e-01	6.246184e-02	6.515230e-02
5.309905e-01	7.545103e-01	-2.169435e-01
5.263809e-01	7.655562e-01	-1.968043e-01
5.234571e-01	7.648448e-01	-1.968802e-01
5.198261e-01	7.639642e-01	-1.968290e-01
5.366848e-01	7.662619e-01	-1.999335e-01
5.406884e-01	7.659407e-01	-1.999943e-01
5.442730e-01	7.653593e-01	-2.000219e-01
5.162697e-01	7.506995e-01	-8.573490e-02
5.502189e-01	7.539849e-01	-9.718283e-02
5.241762e-01	7.336034e-01	-1.758397e-01
5.384115e-01	7.343321e-01	-1.792244e-01
4.950140e-01	6.637294e-01	-3.764569e-02
5.745832e-01	6.648464e-01	-4.512238e-02
4.521842e-01	6.509431e-01	-1.127934e-01
6.416705e-01	6.730455e-01	-9.477587e-02
4.232909e-01	6.948749e-01	-2.731344e-01
7.048234e-01	7.084246e-01	-1.876287e-01
4.130709e-01	7.115421e-01	-3.044847e-01
7.243650e-01	7.196228e-01	-2.055366e-01
4.138800e-01	7.156547e-01	-3.166440e-01
7.253042e-01	7.294257e-01	-2.324418e-01
4.196434e-01	7.104368e-01	-2.855062e-01
7.180859e-01	7.227874e-01	-2.033008e-01
5.049022e-01	4.319730e-01	7.285592e-04
5.509241e-01	4.296522e-01	-6.485928e-04
5.131938e-01	2.653865e-01	1.636809e-02
5.496180e-01	2.621391e-01	1.252907e-02
5.163102e-01	1.129434e-01	1.937599e-01
5.420569e-01	1.039391e-01	1.650538e-01
5.180784e-01	9.548085e-02	2.055192e-01
5.418514e-01	8.717198e-02	1.753382e-01
5.186943e-01	6.778525e-02	9.016681e-02
5.390646e-01	6.258358e-02	5.672449e-02
5.300935e-01	7.536501e-01	-2.168886e-01
5.259420e-01	7.652102e-01	-1.955792e-01
5.229136e-01	7.645373e-01	-1.956515e-01
5.192346e-01	7.636777e-01	-1.955902e-01
5.360056e-01	7.659650e-01	-1.999039e-01
5.399732e-01	7.657069e-01	-1.999800e-01
5.436934e-01	7.651811e-01	-1.999967e-01
5.159000e-01	7.504401e-01	-8.075415e-02
5.501860e-01	7.538221e-01	-9.949493e-02
5.236123e-01	7.328044e-01	-1.748067e-01
5.376541e-01	7.338011e-01	-1.800053e-01
4.950136e-01	6.640020e-01	-2.717644e-02
5.760302e-01	6.699182e-01	-4.630589e-02
4.481224e-01	6.679273e-01	-6.729223e-02
6.408349e-01	7.033013e-01	-9.765694e-02
4.165350e-01	7.442033e-01	-1.891272e-01
7.013696e-01	7.625687e-01	-1.883502e-01
4.073618e-01	7.743729e-01	-2.153756e-01
7.215837e-01	7.742286e-01	-2.080493e-01
4.081809e-01	7.809306e-01	-2.251868e-01
7.220228e-01	7.795641e-01	-2.349369e-01
4.121287e-01	7.688470e-01	-1.998315e-01
7.164468e-01	7.742565e-01	-2.038054e-01
5.049149e-01	4.323854e-01	4.230562e-03
5.509498e-01	4.306488e-01	-4.148676e-03
5.129981e-01	2.656465e-01	1.959468e-02
5.489782e-01	2.629693e-01	2.548389e-03
5.160064e-01	1.130304e-01	1.983682e-01
5.415891e-01	1.041987e-01	1.597501e-01
5.179118e-01	9.550156e-02	2.100498e-01
5.413126e-01	8.715381e-02	1.702245e-01
5.176915e-01	6.799604e-02	9.410560e-02
5.381404e-01	6.259378e-02	4.910709e-02
5.295584e-01	7.536641e-01	-2.063908e-01
5.257738e-01	7.653121e-01	-1.809973e-01
5.227425e-01	7.646391e-01	-1.810843e-01
5.190399e-01	7.637717e-01	-1.810055e-01
5.356038e-01	7.660719e-01	-1.868164e-01
5.394945e-01	7.658233e-01	-1.869254e-01
5.432574e-01	7.652951e-01	-1.869519e-01
5.157927e-01	7.504606e-01	-6.255702e-02
5.501846e-01	7.539319e-01	-8.790220e-02
5.233092e-01	7.328179e-01	-1.641387e-01
5.369672e-01	7.338932e-01	-1.715995e-01
4.948803e-01	6.656209e-01	-1.194308e-02
5.765585e-01	6.730562e-01	-5.880545e-02
4.474157e-01	6.952186e-01	6.712624e-03
6.373231e-01	7.282879e-01	-1.267107e-01
4.178581e-01	7.739069e-01	-4.178234e-02
6.915159e-01	8.017243e-01	-2.180841e-01
4.096151e-01	7.982117e-01	-5.118819e-02
7.112329e-01	8.227850e-01	-2.473703e-01
4.113019e-01	8.036909e-01	-8.486353e-02
7.114927e-01	8.303127e-01	-2.688232e-01
4.148094e-01	7.960796e-01	-5.472392e-02
7.041194e-01	8.222978e-01	-2.337291e-01
5.051512e-01	4.335551e-01	5.532292e-03
5.509902e-01	4.317485e-01	-5.458125e-03
5.127211e-01	2.654952e-01	2.378250e-02
5.485755e-01	2.633137e-01	-2.313604e-03
5.157508e-01	1.127819e-01	1.987995e-01
5.413882e-01	1.047001e-01	1.572864e-01
5.176454e-01	9.508509e-02	2.097913e-01
5.409675e-01	8.747289e-02	1.683168e-01
5.175176e-01	6.793248e-02	9.450708e-02
5.382224e-01	6.265462e-02	4.426417e-02
5.291209e-01	7.581196e-01	-1.789914e-01
5.256073e-01	7.686018e-01	-1.535616e-01
5.226160e-01	7.678040e-01	-1.536502e-01
5.189489e-01	7.667931e-01	-1.535684e-01
5.352050e-01	7.695760e-01	-1.603395e-01
5.390173e-01	7.692913e-01	-1.604474e-01
5.428081e-01	7.686971e-01	-1.604529e-01
5.158126e-01	7.528592e-01	-3.894635e-02
5.502121e-01	7.564155e-01	-6.885795e-02
5.232668e-01	7.379875e-01	-1.381883e-01
5.365618e-01	7.392461e-01	-1.471895e-01
4.947202e-01	6.723177e-01	2.292611e-03
5.765539e-01	6.786613e-01	-5.935314e-02
4.502804e-01	7.112963e-01	-9.052193e-03
6.364807e-01	7.450156e-01	-1.316159e-01
4.244541e-01	7.876485e-01	-8.974691e-02
6.816123e-01	8.306960e-01	-2.204508e-01
4.168204e-01	8.157488e-01	-1.162337e-01
7.015563e-01	8.535625e-01	-2.543548e-01
4.190070e-01	8.205651e-01	-1.298152e-01
6.999429e-01	8.639535e-01	-2.717036e-01
4.229394e-01	8.098173e-01	-1.016579e-01
6.922012e-01	8.543027e-01	-2.344782e-01
5.058819e-01	4.364274e-01	6.356362e-03
5.512417e-01	4.355864e-01	-6.210698e-03
5.126681e-01	2.653824e-01	2.366677e-02
5.485147e-01	2.639316e-01	-2.742751e-03
5.152227e-01	1.126080e-01	2.064317e-01
5.411657e-01	1.047706e-01	1.541444e-01
5.171111e-01	9.510518e-02	2.181945e-01
5.404041e-01	8.763718e-02	1.649087e-01
5.156347e-01	6.765392e-02	1.005086e-01
5.377027e-01	6.249402e-02	4.049258e-02
5.282911e-01	7.618053e-01	-1.804838e-01
5.252896e-01	7.713063e-01	-1.573702e-01
5.223899e-01	7.707083e-01	-1.574601e-01
5.188702e-01	7.700287e-01	-1.574124e-01
5.346659e-01	7.715018e-01	-1.608658e-01
5.385051e-01	7.708625e-01	-1.609520e-01
5.423808e-01	7.699695e-01	-1.609766e-01
5.159894e-01	7.568260e-01	-4.628882e-02
5.503061e-01	7.574698e-01	-6.035554e-02
5.229164e-01	7.426525e-01	-1.406657e-01
5.356314e-01	7.432765e-01	-1.449616e-01
4.939825e-01	6.816037e-01	-1.197297e-02
5.762857e-01	6.868524e-01	-3.685615e-02
4.530388e-01	7.396627e-01	-9.056153e-02
6.346795e-01	7.737053e-01	-9.489843e-02
4.265024e-01	8.212240e-01	-2.361410e-01
6.688545e-01	8.698457e-01	-1.707369e-01
4.186745e-01	8.452305e-01	-2.800665e-01
6.850228e-01	8.972457e-01	-2.060550e-01
4.216741e-01	8.494323e-01	-2.927116e-01
6.823036e-01	9.045203e-01	-2.208133e-01
4.243385e-01	8.406424e-01	-2.501130e-01
6.746995e-01	8.936452e-01	-1.841342e-01
5.060688e-01	4.414786e-01	-7.480105e-04
5.512781e-01	4.409163e-01	9.386659e-04
5.126663e-01	2.671148e-01	2.307778e-02
5.477715e-01	2.658261e-01	1.223924e-02
5.152141e-01	1.126252e-01	2.038285e-01
5.409243e-01	1.051756e-01	1.736979e-01
5.168958e-01	9.568054e-02	2.152552e-01
5.397868e-01	8.871745e-02	1.838764e-01
5.156645e-01	6.734022e-02	8.824082e-02
5.375876e-01	6.253188e-02	5.047503e-02
5.278296e-01	7.686754e-01	-1.903008e-01
5.250634e-01	7.761225e-01	-1.693097e-01
5.222279e-01	7.752981e-01	-1.694777e-01
5.188159e-01	7.743998e-01	-1.695642e-01
5.343255e-01	7.763913e-01	-1.692152e-01
5.380566e-01	7.754091e-01	-1.693776e-01
5.418261e-01	7.741508e-01	-1.694243e-01
5.161675e-01	7.599624e-01	-6.628289e-02
5.501535e-01	7.593048e-01	-6.763383e-02
5.225031e-01	7.481002e-01	-1.538159e-01
5.345653e-01	7.488706e-01	-1.545847e-01
4.939872e-01	6.883434e-01	-3.850106e-02
5.750397e-01	6.902552e-01	-3.861374e-02
4.558880e-01	7.574825e-01	-7.308394e-02
6.212276e-01	7.829123e-01	-9.728120e-02
4.357103e-01	8.515752e-01	-1.664026e-01
6.507992e-01	8.981084e-01	-1.737630e-01
4.289953e-01	8.744107e-01	-2.046203e-01
6.627379e-01	9.205909e-01	-2.156145e-01
4.351915e-01	8.790813e-01	-2.188049e-01
6.578154e-01	9.274251e-01	-2.287481e-01
4.383568e-01	8.726828e-01	-1.795659e-01
6.513306e-01	9.185370e-01	-1.905567e-01
5.060691e-01	4.477727e-01	-1.453644e-03
5.511899e-01	4.459175e-01	1.600461e-03
5.126607e-01	2.700036e-01	2.354858e-02
5.473517e-01	2.695424e-01	1.229370e-02
5.151256e-01	1.126548e-01	2.025813e-01
5.406008e-01	1.052045e-01	1.717362e-01
5.168846e-01	9.632919e-02	2.150656e-01
5.394183e-01	8.891788e-02	1.812836e-01
5.155375e-01	6.619696e-02	7.831317e-02
5.373243e-01	6.236618e-02	4.753538e-02
5.270125e-01	7.674599e-01	-1.916967e-01
5.247577e-01	7.756127e-01	-1.712823e-01
5.220374e-01	7.748045e-01	-1.714035e-01
5.188120e-01	7.739345e-01	-1.714158e-01
5.335990e-01	7.758160e-01	-1.735493e-01
5.371135e-01	7.748969e-01	-1.736506e-01
5.406243e-01	7.737541e-01	-1.736806e-01
5.170944e-01	7.599425e-01	-6.709398e-02
5.482825e-01	7.592797e-01	-7.614203e-02
5.220255e-01	7.474711e-01	-1.536248e-01
5.332877e-01	7.474998e-01	-1.566007e-01
4.966018e-01	6.938823e-01	-3.785480e-02
5.705167e-01	6.917398e-01	-4.325345e-02
4.615575e-01	7.728205e-01	-7.062141e-02
6.049449e-01	7.890143e-01	-9.713107e-02
4.456103e-01	8.786334e-01	-1.552411e-01
6.323115e-01	9.099649e-01	-1.787124e-01
4.401335e-01	9.038465e-01	-1.950460e-01
6.426030e-01	9.394189e-01	-2.249889e-01
4.456910e-01	9.081066e-01	-2.079093e-01
6.369998e-01	9.461621e-01	-2.297949e-01
4.488528e-01	9.002529e-01	-1.679534e-01
6.304359e-01	9.324662e-01	-1.910299e-01
5.075097e-01	4.481641e-01	-8.012587e-03
5.507065e-01	4.471028e-01	8.153392e-03
5.132670e-01	2.741953e-01	2.227100e-02
5.454928e-01	2.709205e-01	2.473431e-02
5.146750e-01	1.140425e-01	2.019184e-01
5.380225e-01	1.052949e-01	1.902670e-01
5.150099e-01	9.824527e-02	2.129517e-01
5.357829e-01	8.907260e-02	1.996635e-01
5.155593e-01	6.625609e-02	7.578087e-02
5.370978e-01	6.218363e-02	6.552355e-02
5.274200e-01	7.673470e-01	-1.561604e-01
5.259651e-01	7.751981e-01	-1.527470e-01
5.240896e-01	7.743169e-01	-1.528299e-01
5.221358e-01	7.734271e-01	-1.528258e-01
5.333884e-01	7.751176e-01	-1.438430e-01
5.359932e-01	7.737669e-01	-1.438777e-01
5.382473e-01	7.723447e-01	-1.438595e-01
5.233963e-01	7.603672e-01	-1.060107e-01
5.414541e-01	7.591396e-01	-7.013015e-02
5.237182e-01	7.465248e-01	-1.392432e-01
5.332846e-01	7.470115e-01	-1.274603e-01
5.267316e-01	6.960462e-01	-1.290043e-01
5.528195e-01	6.919336e-01	-2.074392e-02
5.689601e-01	7.917126e-01	-2.163452e-01
5.340360e-01	7.916238e-01	-5.533527e-02
5.917913e-01	9.045804e-01	-2.673603e-01
5.280236e-01	9.135991e-01	-1.141236e-01
5.529124e-01	9.456733e-01	-3.096916e-01
5.219138e-01	9.400150e-01	-1.411759e-01
5.926674e-01	9.474480e-01	-3.053141e-01
5.244035e-01	9.459690e-01	-1.521538e-01
5.904630e-01	9.320418e-01	-2.702984e-01
5.272697e-01	9.357748e-01	-1.243605e-01
5.178106e-01	4.482687e-01	-3.892774e-02
5.394218e-01	4.493812e-01	3.903184e-02
5.197912e-01	2.764533e-01	1.182294e-02
5.362405e-01	2.759159e-01	8.338859e-02
5.166730e-01	1.147921e-01	1.423496e-01
5.338295e-01	1.071886e-01	2.226953e-01
5.157800e-01	9.822825e-02	1.493143e-01
5.319373e-01	9.059303e-02	2.305773e-01
5.198754e-01	6.686943e-02	4.433591e-02
5.367723e-01	6.352893e-02	1.343237e-01
5.278299e-01	7.672055e-01	-1.238075e-01
5.266005e-01	7.764891e-01	-1.182518e-01
5.249964e-01	7.760345e-01	-1.183027e-01
5.234079e-01	7.756062e-01	-1.182737e-01
5.332584e-01	7.754777e-01	-1.107025e-01
5.354044e-01	7.740539e-01	-1.107355e-01
5.371479e-01	7.726120e-01	-1.107227e-01
5.253159e-01	7.638364e-01	-8.599694e-02
5.384539e-01	7.600906e-01	-4.154354e-02
5.246621e-01	7.490838e-01	-1.068116e-01
5.333264e-01	7.481077e-01	-9.680415e-02
5.234263e-01	7.010758e-01	-9.330349e-02
5.466415e-01	6.971511e-01	4.748164e-05
5.287200e-01	8.003175e-01	-1.625991e-01
5.619527e-01	7.960393e-01	-3.760230e-02
5.273076e-01	9.378192e-01	-2.092323e-01
5.726737e-01	9.206020e-01	-9.065802e-02
5.243226e-01	9.629159e-01	-2.461048e-01
5.735439e-01	9.475617e-01	-1.146580e-01
5.292802e-01	9.656559e-01	-2.438470e-01
5.710883e-01	9.547483e-01	-1.230938e-01
5.282879e-01	9.562266e-01	-2.131201e-01
5.679086e-01	9.473162e-01	-9.936254e-02
5.252563e-01	4.475504e-01	-4.046205e-02
5.353090e-01	4.499074e-01	4.057882e-02
5.241311e-01	2.766843e-01	1.405046e-02
5.345721e-01	2.771439e-01	9.032936e-02
5.178233e-01	1.154163e-01	1.443183e-01
5.305318e-01	1.080515e-01	2.256919e-01
5.158051e-01	9.820421e-02	1.511288e-01
5.280702e-01	9.064968e-02	2.336015e-01
5.233144e-01	6.860503e-02	5.285307e-02
5.367900e-01	6.592026e-02	1.423271e-01
5.289716e-01	7.682297e-01	-1.392795e-01
5.270367e-01	7.774835e-01	-1.312235e-01
5.250856e-01	7.774411e-01	-1.312780e-01
5.232173e-01	7.774404e-01	-1.311549e-01
5.337533e-01	7.757594e-01	-1.292819e-01
5.356558e-01	7.743202e-01	-1.292231e-01
5.373068e-01	7.729121e-01	-1.291691e-01
5.250447e-01	7.664030e-01	-8.436211e-02
5.395879e-01	7.614383e-01	-5.257611e-02
5.247609e-01	7.525951e-01	-1.112711e-01
5.333888e-01	7.506793e-01	-1.096459e-01
5.160800e-01	7.018239e-01	-7.253523e-02
5.530183e-01	6.982476e-01	-4.566966e-02
5.046335e-01	8.062608e-01	-1.304200e-01
5.719759e-01	8.013290e-01	-1.207569e-01
5.165879e-01	9.260601e-01	-1.880822e-01
5.811610e-01	9.310368e-01	-1.826485e-01
5.162119e-01	9.572493e-01	-2.266648e-01
5.843355e-01	9.635951e-01	-2.197785e-01
5.276734e-01	9.604409e-01	-2.320452e-01
5.781534e-01	9.697461e-01	-2.204829e-01
5.108482e-01	9.493656e-01	-1.966232e-01
5.736656e-01	9.593146e-01	-1.895158e-01
5.203853e-01	4.484789e-01	-3.287429e-02
5.356721e-01	4.497443e-01	3.308988e-02
5.227814e-01	2.767936e-01	3.252126e-02
5.357269e-01	2.763487e-01	5.843339e-02
5.178120e-01	1.167852e-01	1.924698e-01
5.308754e-01	1.079919e-01	2.090058e-01
5.161022e-01	9.929729e-02	2.020196e-01
5.285718e-01	9.080360e-02	2.180500e-01
5.219750e-01	6.855869e-02	8.888118e-02
5.368260e-01	6.578548e-02	1.050642e-01
5.294631e-01	7.735323e-01	-1.602321e-01
5.270826e-01	7.800837e-01	-1.468136e-01
5.250489e-01	7.798283e-01	-1.468838e-01
5.230692e-01	7.795495e-01	-1.468057e-01
5.337801e-01	7.786427e-01	-1.464858e-01
5.357824e-01	7.773191e-01	-1.464965e-01
5.375826e-01	7.760809e-01	-1.464831e-01
5.248611e-01	7.666578e-01	-8.301388e-02
5.396715e-01	7.646149e-01	-5.324946e-02
5.249985e-01	7.595775e-01	-1.256035e-01
5.334719e-01	7.572111e-01	-1.262502e-01
5.138718e-01	7.020823e-01	-7.701508e-02
5.552159e-01	7.015026e-01	-6.844907e-02
4.990776e-01	8.096775e-01	-1.520234e-01
5.683734e-01	8.055563e-01	-1.506108e-01
4.967802e-01	9.317332e-01	-2.142513e-01
5.717978e-01	9.336124e-01	-2.065785e-01
4.897465e-01	9.614834e-01	-2.560492e-01
5.729778e-01	9.607082e-01	-2.418779e-01
4.982750e-01	9.630383e-01	-2.577187e-01
5.635673e-01	9.683378e-01	-2.434192e-01
4.993427e-01	9.528474e-01	-2.220926e-01
5.573326e-01	9.579715e-01	-2.131550e-01
5.185548e-01	4.479226e-01	-2.675739e-02
5.370470e-01	4.489062e-01	2.703467e-02
5.225328e-01	2.762798e-01	4.324609e-02
5.370573e-01	2.762550e-01	6.080567e-02
5.196444e-01	1.168930e-01	2.083937e-01
5.318605e-01	1.099039e-01	2.193169e-01
5.182977e-01	9.931334e-02	2.184808e-01
5.296890e-01	9.274036e-02	2.296051e-01
5.216642e-01	6.855204e-02	1.084424e-01
5.358474e-01	6.594835e-02	1.185714e-01
5.295207e-01	7.721028e-01	-2.624302e-01
5.266770e-01	7.796865e-01	-2.454078e-01
5.240248e-01	7.793770e-01	-2.454824e-01
5.213903e-01	7.790504e-01	-2.454404e-01
5.338567e-01	7.783626e-01	-2.464824e-01
5.360216e-01	7.770376e-01	-2.466213e-01
5.380355e-01	7.757977e-01	-2.466179e-01
5.192525e-01	7.662029e-01	-1.541602e-01
5.398658e-01	7.643037e-01	-1.554263e-01
5.247014e-01	7.577215e-01	-2.271247e-01
5.336573e-01	7.555093e-01	-2.283665e-01
5.000005e-01	7.025625e-01	-1.344038e-01
5.557476e-01	7.013873e-01	-1.471428e-01
4.960662e-01	8.127275e-01	-2.015274e-01
5.714692e-01	8.032498e-01	-2.295295e-01
4.885682e-01	9.361291e-01	-2.609531e-01
5.675207e-01	9.308572e-01	-2.853982e-01
4.814641e-01	9.671769e-01	-3.012182e-01
5.681772e-01	9.575706e-01	-3.221605e-01
4.894836e-01	9.679623e-01	-3.050608e-01
5.604864e-01	9.652246e-01	-3.225828e-01
4.927638e-01	9.559686e-01	-2.693735e-01
5.562330e-01	9.548182e-01	-2.913230e-01
5.122086e-01	4.486393e-01	-1.591852e-02
5.439376e-01	4.508902e-01	1.598782e-02
5.192279e-01	2.818742e-01	3.820590e-02
5.434108e-01	2.789521e-01	5.571122e-02
5.192584e-01	1.221872e-01	2.265636e-01
5.346034e-01	1.111733e-01	2.148082e-01
5.182515e-01	1.029274e-01	2.395012e-01
5.323804e-01	9.329061e-02	2.265184e-01
5.212702e-01	6.914519e-02	1.211023e-01
5.358804e-01	6.590552e-02	1.054911e-01
5.294687e-01	7.707517e-01	-2.458389e-01
5.260669e-01	7.794098e-01	-2.293826e-01
5.231327e-01	7.790268e-01	-2.294533e-01
5.203118e-01	7.786534e-01	-2.294043e-01
5.338426e-01	7.782569e-01	-2.299447e-01
5.361062e-01	7.768864e-01	-2.300816e-01
5.381585e-01	7.756084e-01	-2.300768e-01
5.177021e-01	7.659785e-01	-1.411003e-01
5.403677e-01	7.642168e-01	-1.418384e-01
5.244290e-01	7.569225e-01	-2.124327e-01
5.337077e-01	7.546158e-01	-2.129264e-01
4.972442e-01	7.008891e-01	-1.282120e-01
5.571678e-01	7.001303e-01	-1.330764e-01
4.939262e-01	8.060710e-01	-2.084498e-01
5.691828e-01	7.985901e-01	-2.199914e-01
4.867979e-01	9.265665e-01	-2.794873e-01
5.601416e-01	9.252257e-01	-2.799456e-01
4.820353e-01	9.558658e-01	-3.214197e-01
5.599259e-01	9.526432e-01	-3.170601e-01
4.892609e-01	9.599770e-01	-3.259912e-01
5.514308e-01	9.582730e-01	-3.168794e-01
4.933907e-01	9.475011e-01	-2.882610e-01
5.475774e-01	9.474854e-01	-2.856949e-01
5.096847e-01	4.497211e-01	-1.338903e-02
5.468257e-01	4.516992e-01	1.340382e-02
5.179886e-01	2.852169e-01	3.616389e-02
5.451263e-01	2.820821e-01	4.922449e-02
5.190290e-01	1.260757e-01	2.157911e-01
5.348974e-01	1.115884e-01	2.084212e-01
5.182450e-01	1.044768e-01	2.273141e-01
5.326800e-01	9.324078e-02	2.192838e-01
5.204729e-01	7.019908e-02	1.102893e-01
5.359237e-01	6.595653e-02	9.997369e-02
5.294697e-01	7.693759e-01	-1.907572e-01
5.258395e-01	7.793380e-01	-1.706218e-01
5.227832e-01	7.788811e-01	-1.706752e-01
5.197912e-01	7.784683e-01	-1.705915e-01
5.338089e-01	7.781229e-01	-1.715141e-01
5.361484e-01	7.768287e-01	-1.716425e-01
5.382959e-01	7.754665e-01	-1.716019e-01
5.168468e-01	7.658620e-01	-7.517565e-02
5.407969e-01	7.644289e-01	-7.788123e-02
5.243936e-01	7.567692e-01	-1.560616e-01
5.337420e-01	7.541981e-01	-1.570027e-01
4.972492e-01	7.001253e-01	-8.424221e-02
5.579597e-01	7.005830e-01	-9.443837e-02
4.929208e-01	8.029436e-01	-1.819915e-01
5.661588e-01	7.931077e-01	-1.989867e-01
4.888683e-01	9.154328e-01	-2.789184e-01
5.533824e-01	9.146280e-01	-2.811802e-01
4.865996e-01	9.470486e-01	-3.241199e-01
5.517610e-01	9.431819e-01	-3.222748e-01
4.930483e-01	9.512865e-01	-3.267599e-01
5.434066e-01	9.475166e-01	-3.153910e-01
4.980798e-01	9.381031e-01	-2.875713e-01
5.398721e-01	9.356458e-01	-2.848201e-01
5.085615e-01	4.505161e-01	-1.022418e-02
5.494016e-01	4.523939e-01	1.029199e-02
5.163178e-01	2.841749e-01	2.108444e-02
5.463041e-01	2.815402e-01	2.672209e-02
5.184835e-01	1.262461e-01	2.141499e-01
5.366260e-01	1.115667e-01	1.937823e-01
5.182403e-01	1.044937e-01	2.246613e-01
5.353828e-01	9.319039e-02	2.049811e-01
5.188861e-01	7.017170e-02	1.053657e-01
5.358079e-01	6.551818e-02	7.940890e-02
5.294738e-01	7.653396e-01	-1.826791e-01
5.256870e-01	7.772449e-01	-1.622571e-01
5.225682e-01	7.768582e-01	-1.623199e-01
5.194663e-01	7.766031e-01	-1.622362e-01
5.336885e-01	7.766750e-01	-1.621358e-01
5.360538e-01	7.758789e-01	-1.622532e-01
5.382580e-01	7.750306e-01	-1.622014e-01
5.156361e-01	7.657200e-01	-6.495453e-02
5.408615e-01	7.643212e-01	-6.313825e-02
5.243559e-01	7.518383e-01	-1.475565e-01
5.338260e-01	7.510620e-01	-1.471307e-01
4.961427e-01	7.000126e-01	-8.307021e-02
5.586721e-01	6.999207e-01	-7.898580e-02
4.922671e-01	7.943286e-01	-2.361881e-01
5.633225e-01	7.913802e-01	-2.390548e-01
4.904045e-01	9.027908e-01	-3.731685e-01
5.477151e-01	9.018831e-01	-3.757940e-01
4.895053e-01	9.347676e-01	-4.247797e-01
5.447925e-01	9.294433e-01	-4.224716e-01
4.957189e-01	9.385645e-01	-4.241460e-01
5.383598e-01	9.338127e-01	-4.135885e-01
4.989113e-01	9.253123e-01	-3.811984e-01
5.358356e-01	9.226201e-01	-3.800260e-01
5.073098e-01	4.505994e-01	-9.198023e-03
5.507890e-01	4.527479e-01	9.283264e-03
5.143796e-01	2.836236e-01	6.469706e-04
5.476446e-01	2.810474e-01	1.180194e-02
5.182120e-01	1.263093e-01	1.935775e-01
5.381856e-01	1.119182e-01	1.817755e-01
5.182389e-01	1.046325e-01	2.062706e-01
5.370814e-01	9.328000e-02	1.929317e-01
5.179327e-01	6.981555e-02	8.525532e-02
5.357141e-01	6.501195e-02	6.643279e-02
5.290066e-01	7.615977e-01	-1.747053e-01
5.247871e-01	7.738953e-01	-1.543195e-01
5.216215e-01	7.734500e-01	-1.543952e-01
5.185045e-01	7.733187e-01	-1.543025e-01
5.330875e-01	7.743989e-01	-1.537034e-01
5.356456e-01	7.741849e-01	-1.538120e-01
5.380323e-01	7.739840e-01	-1.537687e-01
5.145811e-01	7.656202e-01	-5.594735e-02
5.408732e-01	7.642089e-01	-5.150853e-02
5.235933e-01	7.469322e-01	-1.393380e-01
5.336589e-01	7.481480e-01	-1.378361e-01
4.960710e-01	6.997638e-01	-8.310606e-02
5.591272e-01	6.994936e-01	-7.238024e-02
4.918815e-01	7.845502e-01	-3.115141e-01
5.606868e-01	7.752998e-01	-2.769288e-01
4.932410e-01	8.835161e-01	-5.023427e-01
5.435202e-01	8.722839e-01	-4.424127e-01
4.916575e-01	9.209831e-01	-5.637129e-01
5.391206e-01	9.079178e-01	-4.927248e-01
4.968308e-01	9.229752e-01	-5.624143e-01
5.346588e-01	9.127685e-01	-4.871253e-01
4.995230e-01	9.085928e-01	-5.118514e-01
5.331801e-01	8.975489e-01	-4.492265e-01
5.063359e-01	4.515443e-01	-9.018971e-03
5.509396e-01	4.529000e-01	9.095800e-03
5.132052e-01	2.852344e-01	-1.844154e-02
5.487319e-01	2.806797e-01	2.874421e-03
5.177267e-01	1.261011e-01	1.567755e-01
5.395311e-01	1.125948e-01	1.658170e-01
5.180033e-01	1.045288e-01	1.670724e-01
5.381647e-01	9.384733e-02	1.749761e-01
5.173033e-01	6.938392e-02	4.072235e-02
5.370297e-01	6.505028e-02	4.494467e-02
5.279709e-01	7.615830e-01	-1.787109e-01
5.234802e-01	7.734718e-01	-1.577441e-01
5.202565e-01	7.728691e-01	-1.578225e-01
5.171238e-01	7.726131e-01	-1.577264e-01
5.322189e-01	7.743477e-01	-1.584033e-01
5.351104e-01	7.741436e-01	-1.585182e-01
5.377638e-01	7.738922e-01	-1.584814e-01
5.132258e-01	7.652051e-01	-5.345646e-02
5.409957e-01	7.641843e-01	-5.643114e-02
5.226579e-01	7.463415e-01	-1.417731e-01
5.332874e-01	7.479563e-01	-1.419748e-01
4.962238e-01	6.949683e-01	-8.275525e-02
5.596107e-01	6.951579e-01	-7.737869e-02
4.916193e-01	7.542291e-01	-3.399362e-01
5.615560e-01	7.512179e-01	-3.175366e-01
4.931436e-01	8.431427e-01	-5.631867e-01
5.429434e-01	8.458976e-01	-4.854349e-01
4.914054e-01	8.701001e-01	-6.257193e-01
5.409492e-01	8.732932e-01	-5.343130e-01
4.962312e-01	8.733095e-01	-6.217181e-01
5.374340e-01	8.778896e-01	-5.277004e-01
4.988806e-01	8.623956e-01	-5.720977e-01
5.373374e-01	8.655392e-01	-4.917771e-01
5.061890e-01	4.460209e-01	-1.802346e-03
5.511621e-01	4.491685e-01	1.872512e-03
5.122598e-01	2.807006e-01	-1.906579e-02
5.488533e-01	2.763947e-01	-1.255471e-02
5.171407e-01	1.204604e-01	1.590476e-01
5.398560e-01	1.099258e-01	1.467426e-01
5.173848e-01	1.005469e-01	1.699279e-01
5.386913e-01	9.274896e-02	1.557595e-01
5.167440e-01	6.855591e-02	4.629311e-02
5.370477e-01	6.393390e-02	2.354456e-02
5.276539e-01	7.503021e-01	-9.864892e-02
5.231542e-01	7.598122e-01	-7.741906e-02
5.200855e-01	7.592637e-01	-7.746804e-02
5.170795e-01	7.588637e-01	-7.738079e-02
5.316061e-01	7.602031e-01	-7.920732e-02
5.344173e-01	7.599190e-01	-7.926324e-02
5.370052e-01	7.597221e-01	-7.919887e-02
5.132681e-01	7.515365e-01	2.522754e-02
5.409960e-01	7.510983e-01	1.771403e-02
5.226117e-01	7.357343e-01	-6.171604e-02
5.330904e-01	7.373051e-01	-6.341492e-02
4.980759e-01	6.867735e-01	-9.331926e-03
5.598303e-01	6.893228e-01	-1.618122e-03
4.917697e-01	7.168737e-01	-2.750380e-01
5.629848e-01	7.136406e-01	-2.565509e-01
4.937500e-01	7.862613e-01	-5.081226e-01
5.477895e-01	7.794031e-01	-4.449570e-01
4.919190e-01	8.132705e-01	-5.695155e-01
5.439164e-01	8.059593e-01	-4.960023e-01
4.959063e-01	8.158308e-01	-5.666044e-01
5.408737e-01	8.127608e-01	-4.870543e-01
4.987147e-01	8.057051e-01	-5.170794e-01
5.399960e-01	8.039613e-01	-4.503919e-01
5.064915e-01	4.511219e-01	-3.365621e-03
5.513664e-01	4.535919e-01	3.455169e-03
5.107276e-01	2.819272e-01	-4.013490e-02
5.487764e-01	2.765329e-01	-1.634158e-02
5.142380e-01	1.198165e-01	9.329987e-02
5.397662e-01	1.088073e-01	1.200470e-01
5.154538e-01	1.005346e-01	9.949160e-02
5.386884e-01	9.217686e-02	1.266001e-01
5.140026e-01	6.855161e-02	-3.101834e-02
5.365397e-01	6.388370e-02	-3.355082e-03
5.276721e-01	7.699607e-01	-4.858936e-02
5.231975e-01	7.779244e-01	-2.535942e-02
5.201280e-01	7.770079e-01	-2.541634e-02
5.171744e-01	7.760674e-01	-2.535765e-02
5.318972e-01	7.788980e-01	-2.924053e-02
5.349842e-01	7.785852e-01	-2.926884e-02
5.379955e-01	7.781183e-01	-2.917235e-02
5.145209e-01	7.649335e-01	8.490591e-02
5.460268e-01	7.655919e-01	6.773536e-02
5.227864e-01	7.499442e-01	-8.878571e-03
5.339431e-01	7.508484e-01	-1.355305e-02
4.980909e-01	6.853977e-01	6.275449e-02
5.667471e-01	6.877078e-01	4.468463e-02
4.914130e-01	6.905178e-01	-1.675466e-01
5.627246e-01	7.005242e-01	-2.066309e-01
4.928222e-01	7.310032e-01	-4.370264e-01
5.464518e-01	7.474343e-01	-4.159859e-01
4.904661e-01	7.526703e-01	-4.804625e-01
5.410689e-01	7.651223e-01	-4.679779e-01
4.956360e-01	7.589008e-01	-4.848870e-01
5.406610e-01	7.703500e-01	-4.598024e-01
4.974188e-01	7.485020e-01	-4.480084e-01
5.406248e-01	7.630037e-01	-4.215957e-01
5.065116e-01	4.686362e-01	-3.441418e-03
5.523185e-01	4.695221e-01	3.532480e-03
5.106047e-01	2.848221e-01	-4.536274e-02
5.487264e-01	2.791454e-01	-2.277765e-02
5.139478e-01	1.195195e-01	7.725001e-02
5.400127e-01	1.088187e-01	9.774595e-02
5.153961e-01	1.013455e-01	8.277041e-02
5.394737e-01	9.270064e-02	1.039347e-01
5.138838e-01	6.848686e-02	-5.059550e-02
5.353984e-01	6.380390e-02	-2.403167e-02
5.291548e-01	7.700140e-01	-2.237697e-02
5.241494e-01	7.785484e-01	-2.592541e-03
5.207986e-01	7.775329e-01	-2.639061e-03
5.176593e-01	7.765102e-01	-2.560034e-03
5.338143e-01	7.794362e-01	-2.558105e-03
5.369201e-01	7.789246e-01	-2.557757e-03
5.401984e-01	7.781761e-01	-2.458514e-03
5.146757e-01	7.652665e-01	9.740589e-02
5.479692e-01	7.653427e-01	9.856642e-02
5.232452e-01	7.498197e-01	1.366324e-02
5.352544e-01	7.505512e-01	1.439525e-02
4.971262e-01	6.853848e-01	6.705181e-02
5.680374e-01	6.868290e-01	7.991721e-02
4.901589e-01	6.842657e-01	-1.899404e-01
5.631962e-01	6.847779e-01	-1.676680e-01
4.888012e-01	7.005756e-01	-4.561591e-01
5.501012e-01	7.032451e-01	-4.002635e-01
4.874811e-01	7.082264e-01	-5.147764e-01
5.441027e-01	7.142439e-01	-4.523136e-01
4.918852e-01	7.132196e-01	-5.131251e-01
5.430816e-01	7.198375e-01	-4.440076e-01
4.928516e-01	7.071189e-01	-4.652681e-01
5.434747e-01	7.118679e-01	-4.061035e-01
5.065392e-01	4.751091e-01	-1.015296e-02
5.522860e-01	4.762264e-01	1.022643e-02
5.107298e-01	2.898639e-01	-5.771868e-02
5.476552e-01	2.852713e-01	-1.762020e-02
5.134689e-01	1.194484e-01	4.902347e-02
5.395229e-01	1.107691e-01	8.724684e-02
5.145723e-01	1.017815e-01	5.287936e-02
5.392948e-01	9.548982e-02	9.222724e-02
5.141220e-01	6.847120e-02	-8.035491e-02
5.350451e-01	6.450076e-02	-2.836735e-02
5.300099e-01	7.692953e-01	-3.582649e-02
5.247591e-01	7.781212e-01	-1.473425e-02
5.212125e-01	7.771835e-01	-1.480485e-02
5.180292e-01	7.762390e-01	-1.476300e-02
5.348223e-01	7.789435e-01	-1.571170e-02
5.379721e-01	7.785331e-01	-1.572614e-02
5.414147e-01	7.780230e-01	-1.565702e-02
5.149595e-01	7.648671e-01	9.156165e-02
5.489442e-01	7.651362e-01	8.784978e-02
5.234705e-01	7.495177e-01	2.190190e-03
5.361280e-01	7.503850e-01	1.555371e-03
4.960417e-01	6.817482e-01	6.450685e-02
5.685233e-01	6.796876e-01	7.437478e-02
4.881019e-01	6.594591e-01	-1.942538e-01
5.636376e-01	6.665679e-01	-1.736040e-01
4.893754e-01	6.662186e-01	-4.648964e-01
5.514646e-01	6.666942e-01	-4.240472e-01
4.872158e-01	6.565812e-01	-5.265169e-01
5.467566e-01	6.643144e-01	-4.805441e-01
4.917631e-01	6.607850e-01	-5.262274e-01
5.449539e-01	6.686000e-01	-4.745047e-01
4.928480e-01	6.604528e-01	-4.746709e-01
5.451416e-01	6.688992e-01	-4.316632e-01
5.063034e-01	4.740104e-01	-1.218893e-02
5.522696e-01	4.753717e-01	1.225950e-02
5.108174e-01	2.891080e-01	-4.906411e-02
5.476475e-01	2.848793e-01	-1.756271e-02
5.135311e-01	1.176110e-01	7.379825e-02
5.395037e-01	1.107583e-01	8.850278e-02
5.144875e-01	1.000078e-01	7.878549e-02
5.391813e-01	9.542262e-02	9.308594e-02
5.160167e-01	6.846503e-02	-5.675074e-02
5.352613e-01	6.534436e-02	-3.546945e-02
5.300629e-01	7.683904e-01	-1.538546e-02
5.250890e-01	7.779170e-01	6.862358e-03
5.214509e-01	7.770548e-01	6.801555e-03
5.183001e-01	7.761885e-01	6.859032e-03
5.351560e-01	7.780939e-01	3.458310e-03
5.382629e-01	7.773359e-01	3.440370e-03
5.416823e-01	7.763136e-01	3.540350e-03
5.153927e-01	7.648398e-01	1.175384e-01
5.487815e-01	7.638146e-01	1.019047e-01
5.234300e-01	7.486530e-01	2.460200e-02
5.361859e-01	7.483481e-01	2.031709e-02
4.935778e-01	6.783002e-01	1.054678e-01
5.686494e-01	6.756269e-01	8.859462e-02
4.834646e-01	6.290611e-01	-8.012858e-02
5.652844e-01	6.373921e-01	-1.299985e-01
4.813108e-01	6.073928e-01	-3.225627e-01
5.557044e-01	6.125605e-01	-3.819552e-01
4.795173e-01	5.908461e-01	-3.778960e-01
5.531638e-01	5.983166e-01	-4.443299e-01
4.864111e-01	5.958236e-01	-3.843834e-01
5.483321e-01	6.045380e-01	-4.535948e-01
4.882857e-01	6.002796e-01	-3.326184e-01
5.480849e-01	6.084771e-01	-3.913391e-01
5.050694e-01	4.718589e-01	-1.088805e-02
5.512350e-01	4.731848e-01	1.100405e-02
5.108440e-01	2.883667e-01	-5.023938e-02
5.476497e-01	2.839303e-01	-3.263187e-02
5.135688e-01	1.168331e-01	7.979084e-02
5.393996e-01	1.110545e-01	6.698422e-02
5.145124e-01	9.949111e-02	8.675785e-02
5.389361e-01	9.550101e-02	7.186045e-02
5.161121e-01	6.859698e-02	-3.331475e-02
5.351001e-01	6.585141e-02	-5.048739e-02
5.299978e-01	7.694988e-01	-1.668652e-01
5.250936e-01	7.789541e-01	-1.475907e-01
5.214552e-01	7.781993e-01	-1.476517e-01
5.183181e-01	7.773467e-01	-1.476342e-01
5.351467e-01	7.787173e-01	-1.524749e-01
5.382643e-01	7.777891e-01	-1.525149e-01
5.416329e-01	7.766195e-01	-1.525367e-01
5.154377e-01	7.649059e-01	-3.542893e-02
5.485523e-01	7.635704e-01	-5.876691e-02
5.230072e-01	7.494345e-01	-1.253884e-01
5.361766e-01	7.485368e-01	-1.319548e-01
4.913403e-01	6.717408e-01	4.900003e-02
5.685442e-01	6.714935e-01	1.250120e-02
4.754936e-01	5.722002e-01	1.068953e-01
5.680646e-01	6.047119e-01	8.945455e-02
4.742997e-01	5.098899e-01	8.545884e-02
5.588685e-01	5.493031e-01	1.133299e-01
4.759782e-01	4.821037e-01	7.313825e-02
5.590711e-01	5.315413e-01	1.058743e-01
4.810734e-01	4.839945e-01	4.275005e-02
5.524573e-01	5.371382e-01	8.296806e-02
4.817336e-01	4.946506e-01	7.208800e-02
5.511788e-01	5.422570e-01	1.059399e-01
5.045953e-01	4.702129e-01	-2.493485e-03
5.506766e-01	4.717422e-01	2.507489e-03
5.104027e-01	2.879739e-01	-5.493568e-02
5.474457e-01	2.836613e-01	-6.305166e-02
5.130889e-01	1.177096e-01	9.507447e-02
5.380294e-01	1.110482e-01	6.354254e-02
5.135909e-01	1.015333e-01	1.026569e-01
5.360871e-01	9.544558e-02	7.003722e-02
5.156229e-01	7.053031e-02	-2.075394e-02
5.349544e-01	6.654709e-02	-6.266870e-02
5.299587e-01	7.733490e-01	-8.392131e-02
5.251757e-01	7.813239e-01	-6.703619e-02
5.215122e-01	7.803180e-01	-6.704088e-02
5.183929e-01	7.792678e-01	-6.698828e-02
5.351630e-01	7.808915e-01	-7.142392e-02
5.382614e-01	7.796943e-01	-7.145090e-02
5.415892e-01	7.783018e-01	-7.138539e-02
5.155928e-01	7.656192e-01	1.587876e-02
5.484335e-01	7.639474e-01	-1.355068e-02
5.228052e-01	7.534784e-01	-5.334042e-02
5.360820e-01	7.526877e-01	-5.925718e-02
4.915999e-01	6.724849e-01	5.976750e-02
5.690305e-01	6.720218e-01	4.057478e-02
4.746025e-01	5.830853e-01	9.287244e-02
5.743738e-01	5.878261e-01	4.688015e-02
4.655284e-01	5.084553e-01	3.028649e-02
5.719678e-01	5.207263e-01	-4.040220e-02
4.603065e-01	4.770533e-01	3.663115e-03
5.767671e-01	4.895622e-01	-7.195105e-02
4.660042e-01	4.773857e-01	-2.618717e-02
5.677370e-01	4.911568e-01	-9.624013e-02
4.703422e-01	4.871753e-01	1.601859e-02
5.640653e-01	5.000413e-01	-5.325968e-02
5.034674e-01	4.700347e-01	-1.204309e-03
5.505404e-01	4.683105e-01	1.302509e-03
5.102168e-01	2.878684e-01	-4.493107e-02
5.476748e-01	2.831873e-01	-4.468060e-02
5.125144e-01	1.195482e-01	1.005838e-01
5.375389e-01	1.110782e-01	8.002030e-02
5.128063e-01	1.054539e-01	1.083392e-01
5.351349e-01	9.553119e-02	8.532564e-02
5.142742e-01	7.456945e-02	-1.615249e-02
5.351924e-01	6.717666e-02	-4.508198e-02
5.297230e-01	7.728866e-01	-1.742420e-01
5.251772e-01	7.816724e-01	-1.557111e-01
5.215142e-01	7.807505e-01	-1.557297e-01
5.183989e-01	7.797504e-01	-1.556834e-01
5.351523e-01	7.810299e-01	-1.586196e-01
5.382470e-01	7.797874e-01	-1.586467e-01
5.415539e-01	7.784011e-01	-1.585954e-01
5.156075e-01	7.662381e-01	-5.497923e-02
5.483264e-01	7.643680e-01	-6.887279e-02
5.223173e-01	7.532778e-01	-1.373165e-01
5.358409e-01	7.524501e-01	-1.410753e-01
4.906727e-01	6.709506e-01	5.990636e-03
5.695638e-01	6.694513e-01	-1.075389e-02
4.738628e-01	5.654129e-01	4.359295e-02
5.775007e-01	5.720860e-01	1.815193e-02
4.605765e-01	4.764321e-01	-3.855158e-02
5.820845e-01	4.838235e-01	-6.653388e-02
4.532391e-01	4.429005e-01	-6.596951e-02
5.870060e-01	4.524796e-01	-9.599889e-02
4.592159e-01	4.416257e-01	-1.006648e-01
5.793366e-01	4.525099e-01	-1.280094e-01
4.645498e-01	4.511510e-01	-5.508203e-02
5.748747e-01	4.618820e-01	-8.195627e-02
5.025384e-01	4.693843e-01	-6.414389e-04
5.502439e-01	4.678914e-01	7.561925e-04
5.094933e-01	2.852830e-01	-3.588480e-02
5.473265e-01	2.824926e-01	-3.834895e-02
5.119646e-01	1.195167e-01	1.029532e-01
5.369076e-01	1.110708e-01	8.347906e-02
5.120639e-01	1.055766e-01	1.109161e-01
5.346029e-01	9.578820e-02	8.856072e-02
5.143143e-01	7.434364e-02	-1.608874e-02
5.350304e-01	6.718158e-02	-4.419563e-02
5.292794e-01	7.726613e-01	-2.185318e-01
5.251320e-01	7.821694e-01	-1.996278e-01
5.214942e-01	7.813526e-01	-1.996529e-01
5.184065e-01	7.804096e-01	-1.996115e-01
5.350841e-01	7.813851e-01	-2.029673e-01
5.382046e-01	7.801244e-01	-2.030021e-01
5.414748e-01	7.787590e-01	-2.029671e-01
5.156174e-01	7.669817e-01	-9.220535e-02
5.482578e-01	7.646000e-01	-1.071450e-01
5.217826e-01	7.533417e-01	-1.786686e-01
5.352780e-01	7.524121e-01	-1.828553e-01
4.899482e-01	6.699068e-01	-2.266292e-02
5.696958e-01	6.663253e-01	-5.074169e-02
4.735874e-01	5.591744e-01	2.045239e-02
5.807005e-01	5.570627e-01	-1.955922e-02
4.592175e-01	4.610200e-01	-6.900076e-02
5.884517e-01	4.579870e-01	-1.101253e-01
4.517906e-01	4.278393e-01	-9.697571e-02
5.964900e-01	4.220433e-01	-1.409864e-01
4.570727e-01	4.255672e-01	-1.326118e-01
5.880108e-01	4.209340e-01	-1.747150e-01
4.625050e-01	4.363332e-01	-8.606946e-02
5.829490e-01	4.325875e-01	-1.261700e-01
5.026919e-01	4.611235e-01	3.089018e-03
5.506261e-01	4.607244e-01	-2.966428e-03
5.087757e-01	2.814339e-01	-2.801353e-02
5.471948e-01	2.802196e-01	-3.560928e-02
5.115467e-01	1.188857e-01	1.098008e-01
5.366815e-01	1.111159e-01	1.010556e-01
5.120612e-01	1.051986e-01	1.162695e-01
5.345118e-01	9.608589e-02	1.084482e-01
5.132152e-01	7.425244e-02	-1.492598e-02
5.337790e-01	6.723933e-02	-2.565208e-02
5.290408e-01	7.744618e-01	-2.273528e-01
5.250765e-01	7.836828e-01	-2.091495e-01
5.214718e-01	7.826861e-01	-2.091683e-01
5.184058e-01	7.816489e-01	-2.091195e-01
5.350188e-01	7.833208e-01	-2.121179e-01
5.381653e-01	7.821085e-01	-2.121685e-01
5.414182e-01	7.808024e-01	-2.121483e-01
5.154966e-01	7.675141e-01	-1.053384e-01
5.482162e-01	7.657911e-01	-1.188302e-01
5.213832e-01	7.541323e-01	-1.889407e-01
5.349954e-01	7.535916e-01	-1.927469e-01
4.893254e-01	6.681262e-01	-3.896272e-02
5.698610e-01	6.629689e-01	-6.432263e-02
4.740935e-01	5.503898e-01	2.583724e-03
5.825918e-01	5.488381e-01	-3.073813e-02
4.582247e-01	4.469333e-01	-8.897412e-02
5.936037e-01	4.438608e-01	-1.194123e-01
4.512064e-01	4.138220e-01	-1.164200e-01
6.022534e-01	4.054946e-01	-1.498666e-01
4.557602e-01	4.119003e-01	-1.515450e-01
5.940133e-01	4.040121e-01	-1.845892e-01
4.610738e-01	4.233145e-01	-1.057097e-01
5.885500e-01	4.178668e-01	-1.357080e-01
5.027880e-01	4.508058e-01	6.698187e-03
5.512193e-01	4.518660e-01	-6.592242e-03
5.088307e-01	2.752393e-01	-1.897701e-02
5.471808e-01	2.753055e-01	-3.356858e-02
5.116067e-01	1.187761e-01	1.355498e-01
5.368127e-01	1.110833e-01	1.136354e-01
5.123727e-01	1.051653e-01	1.438788e-01
5.358335e-01	9.606784e-02	1.218942e-01
5.118291e-01	7.416002e-02	1.861465e-02
5.319141e-01	6.715228e-02	-1.099662e-02
5.286461e-01	7.760592e-01	-2.512867e-01
5.248420e-01	7.845790e-01	-2.334835e-01
5.213131e-01	7.835494e-01	-2.335148e-01
5.182788e-01	7.825460e-01	-2.334772e-01
5.348741e-01	7.845700e-01	-2.361373e-01
5.380815e-01	7.833788e-01	-2.362071e-01
5.413118e-01	7.820607e-01	-2.362004e-01
5.150205e-01	7.683752e-01	-1.301667e-01
5.480685e-01	7.674119e-01	-1.422410e-01
5.206367e-01	7.546409e-01	-2.130553e-01
5.345349e-01	7.546536e-01	-2.164689e-01
4.887365e-01	6.678357e-01	-6.333757e-02
5.703530e-01	6.610478e-01	-8.055159e-02
4.736614e-01	5.522748e-01	-1.796379e-02
5.852016e-01	5.415292e-01	-4.247700e-02
4.562697e-01	4.462934e-01	-1.122233e-01
5.986931e-01	4.342991e-01	-1.348923e-01
4.497693e-01	4.120488e-01	-1.397543e-01
6.073452e-01	3.979162e-01	-1.652397e-01
4.540555e-01	4.093688e-01	-1.741450e-01
6.000392e-01	3.964500e-01	-2.003147e-01
4.591537e-01	4.215289e-01	-1.284614e-01
5.942407e-01	4.100088e-01	-1.514169e-01
5.027718e-01	4.464034e-01	6.719473e-03
5.513051e-01	4.463985e-01	-6.621582e-03
5.088669e-01	2.741274e-01	-1.004925e-02
5.468563e-01	2.737453e-01	-2.986413e-02
5.116488e-01	1.190169e-01	1.573603e-01
5.366901e-01	1.111003e-01	1.259881e-01
5.124405e-01	1.051048e-01	1.669937e-01
5.358459e-01	9.604078e-02	1.344510e-01
5.114663e-01	7.480554e-02	4.403730e-02
5.309175e-01	6.714815e-02	2.015132e-03
5.286012e-01	7.776852e-01	-2.462282e-01
5.247003e-01	7.857048e-01	-2.287915e-01
5.211850e-01	7.847112e-01	-2.288275e-01
5.181352e-01	7.837945e-01	-2.288012e-01
5.348545e-01	7.858726e-01	-2.309376e-01
5.380686e-01	7.846652e-01	-2.310004e-01
5.412872e-01	7.832686e-01	-2.310019e-01
5.146674e-01	7.695805e-01	-1.282455e-01
5.480419e-01	7.685708e-01	-1.377190e-01
5.203661e-01	7.554057e-01	-2.090480e-01
5.345189e-01	7.558767e-01	-2.117088e-01
4.880396e-01	6.671973e-01	-6.617025e-02
5.705163e-01	6.606498e-01	-7.702531e-02
4.730758e-01	5.487880e-01	-2.511328e-02
5.868927e-01	5.385873e-01	-3.864495e-02
4.551800e-01	4.468137e-01	-1.177998e-01
6.019875e-01	4.333271e-01	-1.251532e-01
4.487797e-01	4.136020e-01	-1.449731e-01
6.098607e-01	3.984769e-01	-1.543689e-01
4.527509e-01	4.115532e-01	-1.791624e-01
6.043351e-01	3.952381e-01	-1.912694e-01
4.577397e-01	4.232124e-01	-1.336949e-01
5.986111e-01	4.082307e-01	-1.423725e-01
5.026804e-01	4.410780e-01	6.869022e-03
5.517686e-01	4.414445e-01	-6.784254e-03
5.089077e-01	2.695988e-01	-1.018497e-02
5.468254e-01	2.705619e-01	-2.949376e-02
5.117635e-01	1.189821e-01	1.665387e-01
5.366336e-01	1.099058e-01	1.340339e-01
5.127488e-01	1.045782e-01	1.773891e-01
5.358575e-01	9.365925e-02	1.433882e-01
5.115761e-01	7.473719e-02	5.753618e-02
5.307946e-01	6.591116e-02	1.350836e-02
5.282569e-01	7.772985e-01	-2.372937e-01
5.244339e-01	7.860013e-01	-2.184113e-01
5.209838e-01	7.851629e-01	-2.184585e-01
5.179279e-01	7.844217e-01	-2.184443e-01
5.348431e-01	7.858356e-01	-2.207697e-01
5.380570e-01	7.845712e-01	-2.208315e-01
5.412757e-01	7.831606e-01	-2.208233e-01
5.142024e-01	7.705891e-01	-1.142540e-01
5.480018e-01	7.688919e-01	-1.245348e-01
5.199350e-01	7.553972e-01	-1.990425e-01
5.343340e-01	7.556289e-01	-2.019674e-01
4.879575e-01	6.675018e-01	-5.693051e-02
5.707068e-01	6.607423e-01	-6.461793e-02
4.725118e-01	5.510248e-01	-2.473933e-02
5.883855e-01	5.404903e-01	-2.799572e-02
4.542753e-01	4.508430e-01	-1.207299e-01
6.041445e-01	4.400072e-01	-1.185479e-01
4.474724e-01	4.180689e-01	-1.489843e-01
6.127199e-01	4.070061e-01	-1.483272e-01
4.504735e-01	4.160168e-01	-1.833774e-01
6.089249e-01	4.038576e-01	-1.861054e-01
4.553032e-01	4.267831e-01	-1.367718e-01
6.029664e-01	4.160734e-01	-1.364922e-01
5.021828e-01	4.382689e-01	6.307592e-03
5.518548e-01	4.373353e-01	-6.218606e-03
5.088940e-01	2.653960e-01	-1.316473e-02
5.467361e-01	2.689877e-01	-2.949626e-02
5.117456e-01	1.187716e-01	1.732144e-01
5.364349e-01	1.094755e-01	1.361894e-01
5.127288e-01	1.039768e-01	1.855238e-01
5.358799e-01	9.293425e-02	1.461399e-01
5.116043e-01	7.469635e-02	6.781250e-02
5.307752e-01	6.589487e-02	1.665955e-02
5.273269e-01	7.771930e-01	-2.414582e-01
5.235378e-01	7.859005e-01	-2.231989e-01
5.203822e-01	7.850500e-01	-2.232461e-01
5.171721e-01	7.842762e-01	-2.232347e-01
5.339145e-01	7.859278e-01	-2.264069e-01
5.374075e-01	7.848045e-01	-2.264612e-01
5.406839e-01	7.834913e-01	-2.264566e-01
5.138635e-01	7.704720e-01	-1.192714e-01
5.476083e-01	7.690033e-01	-1.336630e-01
5.195162e-01	7.553565e-01	-2.030144e-01
5.338234e-01	7.556823e-01	-2.070896e-01
4.881093e-01	6.678795e-01	-5.887079e-02
5.708195e-01	6.609958e-01	-7.108824e-02
4.727292e-01	5.571210e-01	-1.944899e-02
5.895478e-01	5.424509e-01	-3.153690e-02
4.535276e-01	4.597717e-01	-1.111596e-01
6.056880e-01	4.465773e-01	-1.197397e-01
4.461600e-01	4.275815e-01	-1.379685e-01
6.143705e-01	4.135242e-01	-1.486430e-01
4.480661e-01	4.256815e-01	-1.732031e-01
6.109418e-01	4.113273e-01	-1.862502e-01
4.528105e-01	4.355338e-01	-1.273059e-01
6.050924e-01	4.222278e-01	-1.373227e-01
5.016544e-01	4.405837e-01	6.700326e-03
5.517653e-01	4.394482e-01	-6.619703e-03
5.089102e-01	2.661375e-01	-1.294324e-02
5.465997e-01	2.694458e-01	-3.059888e-02
5.131637e-01	1.185942e-01	1.649026e-01
5.365100e-01	1.093773e-01	1.298228e-01
5.157186e-01	1.035387e-01	1.759432e-01
5.367911e-01	9.284847e-02	1.388457e-01
5.116694e-01	7.463364e-02	5.690814e-02
5.301578e-01	6.590100e-02	9.359241e-03
5.258835e-01	7.770341e-01	-2.448761e-01
5.224975e-01	7.857400e-01	-2.262379e-01
5.195273e-01	7.848963e-01	-2.262894e-01
5.160775e-01	7.841192e-01	-2.262801e-01
5.327533e-01	7.857946e-01	-2.303852e-01
5.365162e-01	7.847549e-01	-2.304339e-01
5.399360e-01	7.835013e-01	-2.304249e-01
5.131729e-01	7.703817e-01	-1.192225e-01
5.469718e-01	7.690301e-01	-1.379953e-01
5.186780e-01	7.552902e-01	-2.050439e-01
5.326988e-01	7.555817e-01	-2.103814e-01
4.882303e-01	6.681239e-01	-5.567098e-02
5.707988e-01	6.615276e-01	-7.431389e-02
4.727707e-01	5.596158e-01	-1.108344e-02
5.895617e-01	5.463527e-01	-3.520539e-02
4.519039e-01	4.652741e-01	-1.024970e-01
6.057748e-01	4.517556e-01	-1.236736e-01
4.443279e-01	4.333302e-01	-1.287268e-01
6.144890e-01	4.187167e-01	-1.523518e-01
4.455879e-01	4.318462e-01	-1.643039e-01
6.114328e-01	4.172688e-01	-1.891279e-01
4.500226e-01	4.420421e-01	-1.188396e-01
6.057339e-01	4.272697e-01	-1.408232e-01
5.013927e-01	4.416746e-01	7.375950e-03
5.516596e-01	4.410405e-01	-7.299606e-03
5.089306e-01	2.671062e-01	-1.253546e-02
5.465818e-01	2.700835e-01	-3.380183e-02
5.135983e-01	1.191144e-01	1.615128e-01
5.365819e-01	1.093877e-01	1.279916e-01
5.163781e-01	1.040859e-01	1.721843e-01
5.373241e-01	9.301958e-02	1.359491e-01
5.117060e-01	7.554020e-02	5.311518e-02
5.298294e-01	6.592366e-02	6.113217e-03
