5.552111e-01	6.949980e-01	-2.491892e-01
5.473028e-01	7.135419e-01	-2.298816e-01
5.426853e-01	7.126370e-01	-2.299348e-01
5.379673e-01	7.114505e-01	-2.300489e-01
5.606048e-01	7.152135e-01	-2.300767e-01
5.659742e-01	7.155122e-01	-2.302113e-01
5.706156e-01	7.151827e-01	-2.301689e-01
5.322894e-01	6.998414e-01	-1.177175e-01
5.778778e-01	7.031140e-01	-1.189022e-01
5.463910e-01	6.695052e-01	-2.077083e-01
5.638541e-01	6.720850e-01	-2.081047e-01
4.979936e-01	5.723455e-01	-7.381564e-02
6.155703e-01	5.721391e-01	-7.178620e-02
4.957376e-01	4.037959e-01	-2.708459e-02
6.223139e-01	4.043043e-01	-2.445648e-02
4.905262e-01	2.556601e-01	-1.130492e-01
6.282575e-01	2.570902e-01	-1.181479e-01
4.891265e-01	2.065772e-01	-1.468184e-01
6.294725e-01	2.116892e-01	-1.586740e-01
4.947716e-01	2.084646e-01	-1.900297e-01
6.266494e-01	2.115908e-01	-1.936195e-01
4.996289e-01	2.278327e-01	-1.313837e-01
6.233599e-01	2.304509e-01	-1.359076e-01
5.298942e-01	2.471681e-01	1.257974e-03
6.023637e-01	2.476519e-01	-1.146332e-03
5.184276e-01	4.708901e-02	-4.129486e-02
6.063915e-01	3.744583e-02	-4.470291e-02
5.367877e-01	6.366058e-02	4.254092e-01
5.942312e-01	6.874523e-02	4.027112e-01
5.386179e-01	1.235017e-02	4.762885e-01
5.945665e-01	7.113917e-02	4.521686e-01
5.454424e-01	1.017433e-02	4.665783e-01
5.883895e-01	1.608261e-02	4.351896e-01
5.552191e-01	6.958332e-01	-2.511019e-01
5.472979e-01	7.145368e-01	-2.319773e-01
5.426772e-01	7.136475e-01	-2.320219e-01
5.379068e-01	7.123192e-01	-2.321247e-01
5.606169e-01	7.160359e-01	-2.316935e-01
5.659736e-01	7.162841e-01	-2.318076e-01
5.706722e-01	7.158921e-01	-2.317707e-01
5.322837e-01	6.999194e-01	-1.245167e-01
5.779920e-01	7.034075e-01	-1.236940e-01
5.464028e-01	6.698659e-01	-2.115581e-01
5.638913e-01	6.722800e-01	-2.114710e-01
4.980213e-01	5.726327e-01	-9.556217e-02
6.155618e-01	5.727722e-01	-7.958467e-02
4.952964e-01	4.037865e-01	-6.676492e-02
6.223208e-01	4.065192e-01	-4.065681e-02
4.909003e-01	2.556871e-01	-1.392149e-01
6.289146e-01	2.563376e-01	-1.280724e-01
4.891242e-01	2.065545e-01	-1.682930e-01
6.296625e-01	2.125038e-01	-1.624183e-01
4.953182e-01	2.077825e-01	-2.042570e-01
6.271880e-01	2.123518e-01	-1.965926e-01
5.006288e-01	2.266482e-01	-1.539746e-01
6.243092e-01	2.301493e-01	-1.447582e-01
5.302283e-01	2.468359e-01	-4.250131e-05
6.035435e-01	2.494074e-01	8.871309e-05
5.196518e-01	4.776409e-02	-5.925467e-02
6.057443e-01	3.868650e-02	-5.849004e-02
5.400012e-01	1.076414e-01	4.136799e-01
5.942530e-01	1.182377e-01	3.571889e-01
5.435556e-01	1.241816e-01	4.670055e-01
5.947393e-01	1.439352e-01	4.064013e-01
5.481285e-01	5.785896e-02	4.944167e-01
5.889387e-01	6.558122e-02	4.325753e-01
5.554389e-01	6.965435e-01	-2.461948e-01
5.473531e-01	7.154340e-01	-2.278919e-01
5.427392e-01	7.146119e-01	-2.279202e-01
5.379099e-01	7.132562e-01	-2.280110e-01
5.607523e-01	7.166513e-01	-2.271008e-01
5.660913e-01	7.167691e-01	-2.271964e-01
5.708920e-01	7.162425e-01	-2.271692e-01
5.322846e-01	7.001783e-01	-1.239558e-01
5.780978e-01	7.034925e-01	-1.226229e-01
5.465163e-01	6.703346e-01	-2.086068e-01
5.640622e-01	6.724854e-01	-2.079802e-01
4.980149e-01	5.728084e-01	-9.503289e-02
6.154544e-01	5.731174e-01	-7.888605e-02
4.950554e-01	4.037466e-01	-6.802662e-02
6.219733e-01	4.073685e-01	-4.033509e-02
4.908247e-01	2.557639e-01	-1.404608e-01
6.297079e-01	2.562978e-01	-1.273835e-01
4.887263e-01	2.066224e-01	-1.687963e-01
6.307356e-01	2.127851e-01	-1.618722e-01
4.951084e-01	2.075220e-01	-2.050521e-01
6.296049e-01	2.123563e-01	-1.961553e-01
5.004324e-01	2.261564e-01	-1.554120e-01
6.263210e-01	2.300017e-01	-1.442136e-01
5.302579e-01	2.463923e-01	-6.753200e-04
6.039954e-01	2.502976e-01	6.889394e-04
5.209662e-01	4.774160e-02	-7.168619e-02
6.056429e-01	3.917322e-02	-6.959061e-02
5.414326e-01	1.182009e-01	4.000508e-01
5.942889e-01	1.170515e-01	3.395754e-01
5.454432e-01	1.384881e-01	4.539850e-01
5.947708e-01	1.438207e-01	3.884366e-01
5.494720e-01	6.725799e-02	4.923475e-01
5.896941e-01	7.458851e-02	4.217778e-01
5.557080e-01	6.971420e-01	-2.435760e-01
5.475489e-01	7.162074e-01	-2.257292e-01
5.430083e-01	7.154655e-01	-2.257538e-01
5.380685e-01	7.141691e-01	-2.258388e-01
5.609850e-01	7.171187e-01	-2.246615e-01
5.663237e-01	7.170905e-01	-2.247517e-01
5.711604e-01	7.164274e-01	-2.247251e-01
5.324336e-01	7.006787e-01	-1.237834e-01
5.781505e-01	7.035728e-01	-1.204206e-01
5.466704e-01	6.709833e-01	-2.061865e-01
5.642291e-01	6.727268e-01	-2.051767e-01
4.980940e-01	5.731847e-01	-9.237051e-02
6.151223e-01	5.737681e-01	-7.792409e-02
4.948328e-01	4.037629e-01	-6.140079e-02
6.215388e-01	4.084743e-01	-4.010781e-02
4.895468e-01	2.560090e-01	-1.359426e-01
6.305222e-01	2.575314e-01	-1.231860e-01
4.861902e-01	2.075137e-01	-1.650557e-01
6.322188e-01	2.144673e-01	-1.533841e-01
4.909394e-01	2.075451e-01	-2.031467e-01
6.321189e-01	2.131166e-01	-1.894182e-01
4.967764e-01	2.259560e-01	-1.517318e-01
6.285077e-01	2.303118e-01	-1.404037e-01
5.301856e-01	2.464133e-01	-1.019795e-03
6.040781e-01	2.511330e-01	1.017792e-03
5.209171e-01	4.775871e-02	-7.710677e-02
6.056029e-01	3.899838e-02	-8.327208e-02
5.417185e-01	1.228035e-01	3.942289e-01
5.940098e-01	1.186734e-01	3.330843e-01
5.455298e-01	1.444236e-01	4.482242e-01
5.945334e-01	1.587321e-01	3.828699e-01
5.499648e-01	7.070089e-02	4.904398e-01
5.897607e-01	7.883606e-02	4.176057e-01
5.562860e-01	6.986976e-01	-2.347005e-01
5.482271e-01	7.176823e-01	-2.182429e-01
5.437766e-01	7.170260e-01	-2.182634e-01
5.388441e-01	7.158772e-01	-2.183433e-01
5.615339e-01	7.182981e-01	-2.162399e-01
5.668538e-01	7.181084e-01	-2.163298e-01
5.715811e-01	7.172998e-01	-2.163076e-01
5.330135e-01	7.021828e-01	-1.192616e-01
5.782596e-01	7.042818e-01	-1.109447e-01
5.471509e-01	6.728948e-01	-1.977888e-01
5.645707e-01	6.740584e-01	-1.955027e-01
4.983973e-01	5.745000e-01	-9.196672e-02
6.146642e-01	5.758791e-01	-6.636967e-02
4.946669e-01	4.065666e-01	-5.916991e-02
6.208839e-01	4.149639e-01	-2.007719e-02
4.872140e-01	2.629829e-01	-1.255320e-01
6.310465e-01	2.671826e-01	-1.034517e-01
4.832993e-01	2.162674e-01	-1.495207e-01
6.330954e-01	2.224308e-01	-1.324795e-01
4.868788e-01	2.152833e-01	-1.891742e-01
6.335253e-01	2.220311e-01	-1.693556e-01
4.929921e-01	2.331581e-01	-1.412044e-01
6.298286e-01	2.391397e-01	-1.212355e-01
5.298547e-01	2.481635e-01	-1.535268e-03
6.040652e-01	2.552525e-01	1.525501e-03
5.213845e-01	4.980968e-02	-7.738533e-02
6.056005e-01	4.056624e-02	-8.331453e-02
5.426325e-01	1.225130e-01	3.946342e-01
5.940127e-01	1.180925e-01	3.324115e-01
5.464207e-01	1.528611e-01	4.484914e-01
5.945318e-01	1.576717e-01	3.817121e-01
5.504784e-01	7.012537e-02	4.881026e-01
5.899119e-01	7.839786e-02	4.112077e-01
5.569426e-01	6.989082e-01	-2.159405e-01
5.487980e-01	7.180446e-01	-2.006200e-01
5.443432e-01	7.174155e-01	-2.006450e-01
5.393773e-01	7.163333e-01	-2.007378e-01
5.621816e-01	7.185239e-01	-1.971438e-01
5.675929e-01	7.182529e-01	-1.972140e-01
5.721871e-01	7.173904e-01	-1.971633e-01
5.333429e-01	7.028661e-01	-1.056885e-01
5.784979e-01	7.044348e-01	-9.065686e-02
5.476243e-01	6.732359e-01	-1.804245e-01
5.650600e-01	6.742759e-01	-1.762265e-01
4.989852e-01	5.754408e-01	-8.420724e-02
6.139184e-01	5.773715e-01	-4.317712e-02
4.945798e-01	4.110095e-01	-5.818978e-02
6.199774e-01	4.227387e-01	1.025434e-02
4.846371e-01	2.706684e-01	-1.235995e-01
6.311566e-01	2.823276e-01	-7.677577e-02
4.794249e-01	2.240600e-01	-1.482160e-01
6.336410e-01	2.383772e-01	-1.066376e-01
4.836760e-01	2.242220e-01	-1.883401e-01
6.340913e-01	2.393149e-01	-1.436952e-01
4.902694e-01	2.427786e-01	-1.392010e-01
6.301767e-01	2.554851e-01	-9.499301e-02
5.291012e-01	2.520598e-01	-2.289722e-03
6.034502e-01	2.590964e-01	2.279399e-03
5.221140e-01	5.649958e-02	-8.543780e-02
6.055895e-01	4.295104e-02	-8.761550e-02
5.428160e-01	1.276916e-01	3.970345e-01
5.929291e-01	1.235273e-01	3.375103e-01
5.465792e-01	1.514407e-01	4.513837e-01
5.922087e-01	1.541210e-01	3.876758e-01
5.505978e-01	6.895327e-02	4.893179e-01
5.877294e-01	7.604059e-02	4.144005e-01
5.572655e-01	6.989225e-01	-2.042917e-01
5.490556e-01	7.181115e-01	-1.893653e-01
5.446320e-01	7.174880e-01	-1.894015e-01
5.396705e-01	7.164411e-01	-1.894994e-01
5.624772e-01	7.185764e-01	-1.867544e-01
5.679669e-01	7.182920e-01	-1.868301e-01
5.725334e-01	7.174253e-01	-1.867856e-01
5.337043e-01	7.034705e-01	-9.400075e-02
5.787119e-01	7.047924e-01	-8.304025e-02
5.479304e-01	6.733480e-01	-1.682795e-01
5.653991e-01	6.744192e-01	-1.652169e-01
5.000600e-01	5.775937e-01	-6.997354e-02
6.134223e-01	5.787322e-01	-3.247394e-02
4.945189e-01	4.191108e-01	-3.140260e-02
6.196225e-01	4.243431e-01	2.695822e-02
4.814487e-01	2.826292e-01	-9.657915e-02
6.314608e-01	2.862075e-01	-5.458426e-02
4.751391e-01	2.346881e-01	-1.204301e-01
6.341288e-01	2.405747e-01	-8.246066e-02
4.792607e-01	2.336402e-01	-1.610692e-01
6.344444e-01	2.419998e-01	-1.204491e-01
4.862715e-01	2.522040e-01	-1.123459e-01
6.305851e-01	2.582699e-01	-7.293370e-02
5.282240e-01	2.555938e-01	-3.064760e-03
6.027938e-01	2.631720e-01	3.059092e-03
5.243599e-01	5.712716e-02	-8.057673e-02
6.054751e-01	4.559557e-02	-8.703791e-02
5.427003e-01	1.226402e-01	3.940227e-01
5.925933e-01	1.253808e-01	3.357665e-01
5.463911e-01	1.489660e-01	4.476829e-01
5.913237e-01	1.521357e-01	3.854229e-01
5.505239e-01	6.869627e-02	4.842699e-01
5.864971e-01	7.569814e-02	4.118501e-01
5.574841e-01	6.991934e-01	-1.965021e-01
5.493828e-01	7.183716e-01	-1.804714e-01
5.449856e-01	7.177510e-01	-1.805249e-01
5.401039e-01	7.167580e-01	-1.806248e-01
5.627297e-01	7.187897e-01	-1.790158e-01
5.682257e-01	7.184829e-01	-1.791063e-01
5.727734e-01	7.176114e-01	-1.790624e-01
5.342790e-01	7.041769e-01	-8.199774e-02
5.789387e-01	7.053020e-01	-7.653330e-02
5.482135e-01	6.739042e-01	-1.594992e-01
5.656270e-01	6.749613e-01	-1.579828e-01
5.014402e-01	5.799899e-01	-5.514432e-02
6.127785e-01	5.811064e-01	-2.501472e-02
4.931740e-01	4.257206e-01	-9.253500e-03
6.196388e-01	4.268438e-01	3.567153e-02
4.754829e-01	2.981804e-01	-7.530580e-02
6.320472e-01	2.894326e-01	-4.404680e-02
4.685789e-01	2.524940e-01	-9.940518e-02
6.342504e-01	2.445869e-01	-7.177929e-02
4.720843e-01	2.508686e-01	-1.401900e-01
6.344208e-01	2.464549e-01	-1.097067e-01
4.783992e-01	2.691988e-01	-9.133716e-02
6.307805e-01	2.620189e-01	-6.231201e-02
5.271684e-01	2.588484e-01	-3.791588e-03
6.015733e-01	2.667993e-01	3.808957e-03
5.273668e-01	5.744681e-02	-8.354071e-02
6.053898e-01	4.773283e-02	-8.794148e-02
5.425965e-01	1.202377e-01	3.850604e-01
5.927988e-01	1.210522e-01	3.311193e-01
5.462115e-01	1.396606e-01	4.375466e-01
5.913041e-01	1.458087e-01	3.795664e-01
5.504642e-01	6.490304e-02	4.598249e-01
5.862333e-01	7.179894e-02	3.931543e-01
5.576296e-01	6.992469e-01	-1.294444e-01
5.496380e-01	7.183916e-01	-1.116635e-01
5.452681e-01	7.177604e-01	-1.117279e-01
5.404143e-01	7.167714e-01	-1.117946e-01
5.629200e-01	7.188315e-01	-1.102770e-01
5.684040e-01	7.185251e-01	-1.103666e-01
5.729645e-01	7.176638e-01	-1.102412e-01
5.348866e-01	7.045103e-01	-1.141730e-02
5.792618e-01	7.056878e-01	-7.669252e-03
5.485154e-01	6.741012e-01	-9.271586e-02
5.658356e-01	6.752462e-01	-9.155981e-02
5.034158e-01	5.821766e-01	7.699109e-03
6.125014e-01	5.838625e-01	3.795096e-02
4.916449e-01	4.321229e-01	4.862814e-02
6.196538e-01	4.365050e-01	8.339281e-02
4.675007e-01	3.088336e-01	-2.281544e-02
6.350101e-01	3.003034e-01	-1.829590e-02
4.582528e-01	2.652717e-01	-4.954596e-02
6.379963e-01	2.568073e-01	-5.248173e-02
4.620771e-01	2.646144e-01	-9.336822e-02
6.377681e-01	2.580222e-01	-8.726962e-02
4.688833e-01	2.809603e-01	-4.035213e-02
6.341420e-01	2.708037e-01	-3.637301e-02
5.269348e-01	2.624536e-01	-3.367487e-03
6.006129e-01	2.695962e-01	3.451770e-03
5.307835e-01	5.649963e-02	-9.612618e-02
6.055246e-01	4.745976e-02	-1.041719e-01
5.426645e-01	8.909971e-02	3.764894e-01
5.933586e-01	1.032123e-01	3.322026e-01
5.462278e-01	1.104834e-01	4.285110e-01
5.913383e-01	1.221709e-01	3.812704e-01
5.505854e-01	4.689134e-02	4.388029e-01
5.854596e-01	5.860858e-02	3.871230e-01
5.577992e-01	6.996669e-01	-1.254217e-01
5.500378e-01	7.187315e-01	-1.078522e-01
5.456752e-01	7.181262e-01	-1.079208e-01
5.408454e-01	7.172170e-01	-1.079423e-01
5.631905e-01	7.191188e-01	-1.065010e-01
5.686358e-01	7.187895e-01	-1.066724e-01
5.732041e-01	7.179136e-01	-1.065538e-01
5.354351e-01	7.054843e-01	-8.013501e-03
5.795676e-01	7.062723e-01	-4.294882e-03
5.487540e-01	6.750502e-01	-8.877079e-02
5.659569e-01	6.760337e-01	-8.759227e-02
5.049158e-01	5.834384e-01	2.461478e-02
6.120523e-01	5.860454e-01	4.472690e-02
4.870860e-01	4.401551e-01	8.509578e-02
6.204232e-01	4.415700e-01	1.132685e-01
4.587038e-01	3.246013e-01	2.883331e-02
6.413351e-01	3.052565e-01	4.257008e-02
4.478801e-01	2.812195e-01	5.383273e-03
6.474883e-01	2.616661e-01	1.122344e-02
4.520832e-01	2.823384e-01	-3.912161e-02
6.457354e-01	2.600830e-01	-2.531337e-02
4.585792e-01	2.975782e-01	1.148255e-02
6.414090e-01	2.743624e-01	2.477208e-02
5.272973e-01	2.660664e-01	-7.162679e-04
6.004845e-01	2.743714e-01	1.020876e-03
5.318240e-01	5.523626e-02	-8.442571e-02
6.064662e-01	4.743356e-02	-9.616934e-02
5.426193e-01	-4.515347e-02	3.426336e-01
5.979978e-01	-3.890346e-02	2.940972e-01
5.455307e-01	-4.252858e-02	3.853826e-01
5.969184e-01	-3.238404e-02	3.341800e-01
5.500603e-01	-1.151736e-01	3.504371e-01
5.855228e-01	-1.066446e-01	2.841374e-01
5.581871e-01	7.004583e-01	-1.379913e-01
5.506482e-01	7.194569e-01	-1.217839e-01
5.462629e-01	7.188424e-01	-1.218558e-01
5.415112e-01	7.179838e-01	-1.218767e-01
5.636916e-01	7.198704e-01	-1.191486e-01
5.690619e-01	7.195495e-01	-1.193365e-01
5.735770e-01	7.187343e-01	-1.192353e-01
5.362478e-01	7.066863e-01	-2.597155e-02
5.799598e-01	7.074777e-01	-1.606683e-02
5.492264e-01	6.761175e-01	-1.027818e-01
5.663272e-01	6.771021e-01	-9.981443e-02
5.060306e-01	5.845894e-01	1.010693e-02
6.118531e-01	5.875655e-01	3.986024e-02
4.806430e-01	4.523215e-01	8.501229e-02
6.213095e-01	4.481811e-01	1.125869e-01
4.467556e-01	3.456936e-01	5.492238e-02
6.465205e-01	3.248827e-01	4.251767e-02
4.358574e-01	3.045765e-01	3.651421e-02
6.541889e-01	2.871589e-01	1.384664e-02
4.423154e-01	3.055326e-01	-6.783940e-03
6.529531e-01	2.887309e-01	-2.378924e-02
4.480914e-01	3.203074e-01	3.907489e-02
6.473268e-01	3.005912e-01	2.427538e-02
5.285682e-01	2.697732e-01	-7.463754e-04
6.005570e-01	2.809828e-01	1.088104e-03
5.329083e-01	5.558431e-02	-8.212966e-02
6.069857e-01	5.256480e-02	-9.106907e-02
5.424793e-01	-5.530963e-04	3.128755e-01
6.058107e-01	-7.146489e-02	2.545223e-01
5.454127e-01	-7.426905e-02	3.524461e-01
6.060261e-01	-7.529291e-02	2.878818e-01
5.497850e-01	-1.427217e-01	3.048465e-01
5.904156e-01	-1.417573e-01	2.156868e-01
5.588061e-01	7.015402e-01	-1.376553e-01
5.515120e-01	7.204983e-01	-1.214465e-01
5.470023e-01	7.198693e-01	-1.215219e-01
5.423951e-01	7.190289e-01	-1.215454e-01
5.644933e-01	7.208000e-01	-1.173662e-01
5.697628e-01	7.203382e-01	-1.175547e-01
5.741753e-01	7.194415e-01	-1.174780e-01
5.369989e-01	7.076956e-01	-2.548802e-02
5.804671e-01	7.079555e-01	-8.949300e-03
5.498756e-01	6.773083e-01	-1.026341e-01
5.669402e-01	6.781672e-01	-9.778082e-02
5.072945e-01	5.855538e-01	1.033272e-02
6.116621e-01	5.893282e-01	5.546365e-02
4.747239e-01	4.684931e-01	7.398818e-02
6.222388e-01	4.634053e-01	1.461325e-01
4.394697e-01	3.629425e-01	3.499797e-02
6.525114e-01	3.550617e-01	9.657146e-02
4.296242e-01	3.281138e-01	1.618300e-02
6.612162e-01	3.183525e-01	7.389753e-02
4.337654e-01	3.283722e-01	-2.880987e-02
6.592166e-01	3.207446e-01	3.665895e-02
4.389297e-01	3.406181e-01	1.834764e-02
6.531586e-01	3.321754e-01	7.890483e-02
5.297338e-01	2.735311e-01	-1.298853e-03
6.005793e-01	2.830421e-01	1.725000e-03
5.328434e-01	5.554405e-02	-7.177481e-02
6.080915e-01	5.323941e-02	-8.908621e-02
5.421380e-01	-8.330242e-02	2.787158e-01
6.052154e-01	-3.873375e-02	1.906886e-01
5.445915e-01	-9.821081e-02	3.121631e-01
6.115197e-01	-1.033675e-01	2.165988e-01
5.472422e-01	-1.584274e-01	2.509410e-01
5.982484e-01	-1.644262e-01	1.295510e-01
5.592368e-01	7.024238e-01	-1.228762e-01
5.521115e-01	7.212906e-01	-1.067015e-01
5.475540e-01	7.206505e-01	-1.067703e-01
5.430667e-01	7.198267e-01	-1.067673e-01
5.650177e-01	7.215334e-01	-1.017132e-01
5.702240e-01	7.209851e-01	-1.018888e-01
5.745604e-01	7.200416e-01	-1.018067e-01
5.375712e-01	7.085177e-01	-1.279354e-02
5.808052e-01	7.083628e-01	7.321788e-03
5.504369e-01	6.782067e-01	-8.902483e-02
5.674042e-01	6.790304e-01	-8.298673e-02
5.078611e-01	5.885188e-01	2.010668e-02
6.115069e-01	5.905915e-01	6.924673e-02
4.686695e-01	4.831976e-01	8.189304e-02
6.259931e-01	4.780941e-01	2.099593e-01
4.273763e-01	3.898192e-01	4.306094e-02
6.594508e-01	3.775049e-01	2.350882e-01
4.144345e-01	3.618200e-01	2.771339e-02
6.695609e-01	3.473430e-01	2.238525e-01
4.185247e-01	3.651123e-01	-2.019160e-02
6.679767e-01	3.475477e-01	1.906543e-01
4.247088e-01	3.734339e-01	2.463627e-02
6.620603e-01	3.561292e-01	2.207997e-01
5.309120e-01	2.761070e-01	-2.164532e-03
6.005978e-01	2.846695e-01	2.651860e-03
5.325003e-01	5.425781e-02	-5.633119e-02
6.089461e-01	5.131286e-02	-8.326852e-02
5.417903e-01	-2.219316e-02	3.169245e-01
6.042637e-01	-1.547443e-02	2.423663e-01
5.443627e-01	-6.668866e-02	3.565695e-01
6.100830e-01	-7.332618e-02	2.752985e-01
5.472640e-01	-1.292242e-01	3.185196e-01
5.983152e-01	-1.360480e-01	2.130755e-01
5.595142e-01	7.030408e-01	-1.346345e-01
5.524687e-01	7.218651e-01	-1.183261e-01
5.478972e-01	7.212150e-01	-1.183921e-01
5.434684e-01	7.204050e-01	-1.184032e-01
5.653640e-01	7.220364e-01	-1.137677e-01
5.705436e-01	7.213984e-01	-1.139266e-01
5.748340e-01	7.204061e-01	-1.138497e-01
5.379661e-01	7.091516e-01	-2.278836e-02
5.811094e-01	7.085858e-01	-4.278840e-03
5.507186e-01	6.788055e-01	-1.000426e-01
5.676387e-01	6.796072e-01	-9.450200e-02
5.082768e-01	5.901315e-01	1.368891e-02
6.113833e-01	5.906958e-01	5.874465e-02
4.666688e-01	4.863114e-01	8.351489e-02
6.278322e-01	4.815575e-01	2.046633e-01
4.246157e-01	3.901784e-01	5.253205e-02
6.608068e-01	3.802958e-01	2.367249e-01
4.118765e-01	3.629152e-01	3.984154e-02
6.707143e-01	3.494961e-01	2.270788e-01
4.163674e-01	3.653291e-01	-9.502593e-03
6.694193e-01	3.496779e-01	1.934778e-01
4.225751e-01	3.735510e-01	3.383556e-02
6.636656e-01	3.584420e-01	2.225407e-01
5.316779e-01	2.765411e-01	-2.283495e-03
6.006103e-01	2.854790e-01	2.776950e-03
5.322150e-01	5.313385e-02	-4.924715e-02
6.091940e-01	4.960839e-02	-8.071430e-02
5.417063e-01	-8.473312e-04	3.260447e-01
6.036652e-01	-7.863836e-03	2.442503e-01
5.442445e-01	-5.469200e-02	3.655466e-01
6.088818e-01	-6.470338e-02	2.764789e-01
5.470062e-01	-1.190852e-01	3.271664e-01
5.988605e-01	-1.279892e-01	2.124436e-01
5.596865e-01	7.038857e-01	-9.675025e-02
5.526747e-01	7.226493e-01	-8.067979e-02
5.480996e-01	7.219875e-01	-8.071580e-02
5.436729e-01	7.211674e-01	-8.072247e-02
5.655823e-01	7.227852e-01	-7.882566e-02
5.707465e-01	7.220885e-01	-7.891923e-02
5.750395e-01	7.210246e-01	-7.883414e-02
5.380524e-01	7.097806e-01	1.023083e-02
5.813236e-01	7.088879e-01	1.660734e-02
5.508679e-01	6.796409e-01	-6.392912e-02
5.678074e-01	6.804874e-01	-6.178363e-02
5.082134e-01	5.912113e-01	3.958707e-02
6.114315e-01	5.908931e-01	6.233009e-02
4.641975e-01	4.973776e-01	1.132899e-01
6.337219e-01	4.852707e-01	2.040571e-01
4.173301e-01	4.156521e-01	1.055308e-01
6.705312e-01	3.890411e-01	2.574085e-01
3.999786e-01	3.885174e-01	9.726047e-02
6.817783e-01	3.604588e-01	2.494847e-01
4.027568e-01	3.936515e-01	5.007767e-02
6.809840e-01	3.606583e-01	2.183348e-01
4.105614e-01	4.006060e-01	8.705889e-02
6.754688e-01	3.687499e-01	2.442733e-01
5.311923e-01	2.753381e-01	1.981287e-04
6.006202e-01	2.840626e-01	2.275892e-04
5.304243e-01	5.006230e-02	-5.370121e-02
6.092592e-01	4.152008e-02	-9.406827e-02
5.414792e-01	5.883328e-02	3.845753e-01
6.032982e-01	2.847328e-02	2.844501e-01
5.442003e-01	7.190000e-02	4.339574e-01
6.081431e-01	-3.714187e-02	3.269601e-01
5.472909e-01	1.633962e-02	4.392602e-01
6.004722e-01	-1.837559e-02	3.050548e-01
5.597025e-01	7.046395e-01	-1.224324e-01
5.526813e-01	7.232925e-01	-1.060144e-01
5.481279e-01	7.226406e-01	-1.060635e-01
5.436698e-01	7.218263e-01	-1.060903e-01
5.655950e-01	7.234502e-01	-1.036079e-01
5.707703e-01	7.227854e-01	-1.037291e-01
5.750779e-01	7.216982e-01	-1.036510e-01
5.380229e-01	7.104580e-01	-9.516925e-03
5.813856e-01	7.093697e-01	-2.361054e-03
5.508837e-01	6.805093e-01	-8.782849e-02
5.678243e-01	6.813271e-01	-8.513562e-02
5.081768e-01	5.932264e-01	2.103933e-02
6.114324e-01	5.919925e-01	5.505572e-02
4.584320e-01	5.083317e-01	1.209665e-01
6.421237e-01	4.910553e-01	1.631013e-01
4.098753e-01	4.479611e-01	1.531126e-01
6.840414e-01	4.009973e-01	1.857584e-01
3.935738e-01	4.225416e-01	1.548667e-01
6.989073e-01	3.742611e-01	1.744630e-01
3.968331e-01	4.269544e-01	1.083911e-01
6.983148e-01	3.743757e-01	1.410471e-01
4.040162e-01	4.331563e-01	1.363490e-01
6.920059e-01	3.822853e-01	1.704556e-01
5.311376e-01	2.746737e-01	7.230964e-04
6.005646e-01	2.830679e-01	-3.209900e-04
5.279576e-01	4.882432e-02	-4.466198e-02
6.092365e-01	4.036391e-02	-9.154041e-02
5.413131e-01	6.902313e-02	3.946158e-01
6.030376e-01	3.509298e-02	2.941122e-01
5.441777e-01	8.548435e-02	4.426384e-01
6.080685e-01	-3.330243e-02	3.358995e-01
5.473030e-01	1.863403e-02	4.387976e-01
6.021268e-01	-4.352109e-03	3.075197e-01
5.597190e-01	7.050011e-01	-1.249991e-01
5.526828e-01	7.236288e-01	-1.076986e-01
5.481385e-01	7.229614e-01	-1.077398e-01
5.436542e-01	7.221270e-01	-1.077553e-01
5.656168e-01	7.237981e-01	-1.025730e-01
5.708033e-01	7.231194e-01	-1.026877e-01
5.751292e-01	7.220200e-01	-1.026656e-01
5.379993e-01	7.107142e-01	-1.184720e-02
5.815385e-01	7.096330e-01	1.164398e-02
5.508919e-01	6.808093e-01	-9.083621e-02
5.678450e-01	6.816607e-01	-8.407931e-02
5.081492e-01	5.959019e-01	2.214671e-02
6.114548e-01	5.935448e-01	6.627166e-02
4.531403e-01	5.220127e-01	1.101043e-01
6.485294e-01	4.992698e-01	2.171566e-01
4.020138e-01	4.737893e-01	1.197408e-01
6.943476e-01	4.251670e-01	2.748145e-01
3.856069e-01	4.471981e-01	9.074862e-02
7.110175e-01	3.995208e-01	2.716345e-01
3.901420e-01	4.499532e-01	4.032356e-02
7.120017e-01	4.008552e-01	2.357247e-01
3.976961e-01	4.563960e-01	1.001770e-01
7.051050e-01	4.073872e-01	2.595460e-01
5.310991e-01	2.743869e-01	-3.682578e-03
6.003164e-01	2.828363e-01	4.051446e-03
5.259434e-01	4.872741e-02	-4.402987e-02
6.092220e-01	3.944504e-02	-7.986854e-02
5.389143e-01	6.051606e-02	3.813772e-01
6.027590e-01	2.265416e-02	2.943010e-01
5.441449e-01	6.333675e-02	4.282070e-01
6.076112e-01	-3.487445e-02	3.345955e-01
5.462421e-01	-2.607060e-03	4.161920e-01
6.050125e-01	-7.715987e-02	2.910910e-01
5.598434e-01	7.049823e-01	-1.201871e-01
5.529255e-01	7.236400e-01	-1.023353e-01
5.483603e-01	7.229782e-01	-1.023783e-01
5.438997e-01	7.221804e-01	-1.023949e-01
5.658229e-01	7.237878e-01	-9.682575e-02
5.710123e-01	7.230988e-01	-9.685778e-02
5.753745e-01	7.219760e-01	-9.682242e-02
5.380526e-01	7.109625e-01	-2.735788e-03
5.818087e-01	7.096326e-01	2.340186e-02
5.509724e-01	6.807818e-01	-8.472641e-02
5.678959e-01	6.816425e-01	-7.680707e-02
5.081123e-01	6.004043e-01	2.997878e-02
6.114503e-01	5.950059e-01	8.109773e-02
4.447899e-01	5.343361e-01	1.998444e-02
6.533522e-01	5.083836e-01	2.257997e-01
3.929273e-01	5.003573e-01	-8.823235e-02
7.067127e-01	4.505291e-01	2.778350e-01
3.774674e-01	4.808392e-01	-1.046623e-01
7.254583e-01	4.327817e-01	2.785456e-01
3.796091e-01	4.805011e-01	-1.439717e-01
7.277693e-01	4.361226e-01	2.438253e-01
3.870705e-01	4.828084e-01	-1.074673e-01
7.200829e-01	4.383544e-01	2.635666e-01
5.310859e-01	2.740972e-01	-6.759143e-03
6.002046e-01	2.824045e-01	6.986538e-03
5.221024e-01	4.826294e-02	-7.066620e-02
6.085088e-01	3.774810e-02	-7.427935e-02
5.385668e-01	9.158942e-02	3.909572e-01
5.999187e-01	5.059870e-02	3.477927e-01
5.433223e-01	1.085652e-01	4.429756e-01
6.004838e-01	6.364287e-02	3.945408e-01
5.462872e-01	3.823673e-02	4.515829e-01
6.043004e-01	1.895892e-02	3.885338e-01
5.602288e-01	7.049646e-01	-1.171087e-01
5.534071e-01	7.236400e-01	-9.871090e-02
5.488266e-01	7.229767e-01	-9.874839e-02
5.444503e-01	7.221952e-01	-9.875495e-02
5.660859e-01	7.237651e-01	-9.222364e-02
5.712087e-01	7.230126e-01	-9.224267e-02
5.755751e-01	7.218460e-01	-9.219057e-02
5.381919e-01	7.109560e-01	1.135762e-03
5.818824e-01	7.096234e-01	3.134455e-02
5.515217e-01	6.807570e-01	-8.176503e-02
5.681728e-01	6.816045e-01	-7.273120e-02
5.079992e-01	6.038504e-01	2.731211e-02
6.114585e-01	5.960014e-01	8.643836e-02
4.428111e-01	5.532917e-01	-2.178803e-02
6.623381e-01	5.200720e-01	2.242878e-01
3.860215e-01	5.412448e-01	-1.533706e-01
7.179693e-01	4.816802e-01	2.810604e-01
3.661667e-01	5.365229e-01	-1.710680e-01
7.419935e-01	4.756180e-01	2.840926e-01
3.656562e-01	5.399508e-01	-2.119451e-01
7.474793e-01	4.821041e-01	2.493566e-01
3.742812e-01	5.382512e-01	-1.744957e-01
7.369118e-01	4.810314e-01	2.661719e-01
5.310556e-01	2.736757e-01	-1.062136e-02
6.002018e-01	2.818970e-01	1.076926e-02
5.214349e-01	4.798224e-02	-7.709290e-02
6.080716e-01	3.598677e-02	-6.975936e-02
5.384724e-01	8.002378e-02	3.898011e-01
5.986948e-01	4.979020e-02	3.626021e-01
5.432334e-01	9.266280e-02	4.414895e-01
5.975085e-01	6.616084e-02	4.099035e-01
5.464807e-01	3.318824e-02	4.405467e-01
6.039259e-01	2.092625e-02	3.956825e-01
5.601999e-01	7.049792e-01	-1.490034e-01
5.533845e-01	7.236551e-01	-1.279365e-01
5.488163e-01	7.229947e-01	-1.279911e-01
5.444319e-01	7.222276e-01	-1.279990e-01
5.659598e-01	7.237663e-01	-1.205490e-01
5.710912e-01	7.230126e-01	-1.205326e-01
5.754843e-01	7.218441e-01	-1.204821e-01
5.381855e-01	7.109591e-01	-1.834266e-02
5.818701e-01	7.096488e-01	2.800224e-02
5.515220e-01	6.807635e-01	-1.114754e-01
5.681215e-01	6.815898e-01	-1.017787e-01
5.080389e-01	6.076892e-01	-6.609309e-03
6.113694e-01	5.984767e-01	7.160658e-02
4.425425e-01	5.723732e-01	-8.084948e-02
6.655089e-01	5.386153e-01	2.165650e-01
3.792888e-01	5.911811e-01	-2.209155e-01
7.198231e-01	5.168014e-01	2.995390e-01
3.580891e-01	5.899683e-01	-2.407067e-01
7.422330e-01	5.223821e-01	3.110891e-01
3.576832e-01	5.966436e-01	-2.841055e-01
7.449285e-01	5.234360e-01	2.773786e-01
3.668154e-01	5.938488e-01	-2.438682e-01
7.382824e-01	5.190860e-01	2.858766e-01
5.312977e-01	2.735172e-01	-1.378609e-02
6.002065e-01	2.815355e-01	1.385172e-02
5.202464e-01	4.878585e-02	-8.372249e-02
6.076616e-01	3.626312e-02	-6.290178e-02
5.385663e-01	9.737479e-02	3.946274e-01
5.975962e-01	7.209291e-02	3.817005e-01
5.432788e-01	1.147736e-01	4.481422e-01
5.961816e-01	9.443977e-02	4.311334e-01
5.470282e-01	4.405727e-02	4.574997e-01
6.001158e-01	4.290365e-02	4.311730e-01
5.597553e-01	7.049291e-01	-1.889940e-01
5.530207e-01	7.235317e-01	-1.679199e-01
5.486270e-01	7.229552e-01	-1.679660e-01
5.441551e-01	7.222160e-01	-1.679793e-01
5.654784e-01	7.234355e-01	-1.622207e-01
5.706289e-01	7.226565e-01	-1.622563e-01
5.751671e-01	7.214366e-01	-1.622004e-01
5.381247e-01	7.109512e-01	-5.625737e-02
5.817629e-01	7.095273e-01	-2.950050e-02
5.512173e-01	6.807266e-01	-1.497894e-01
5.674490e-01	6.814857e-01	-1.427812e-01
5.079876e-01	6.090188e-01	-3.272343e-02
6.108564e-01	6.000451e-01	3.579028e-02
4.392781e-01	5.938317e-01	-9.427305e-02
6.699691e-01	5.536061e-01	1.999606e-01
3.725271e-01	6.318356e-01	-2.149309e-01
7.264557e-01	5.506536e-01	2.829485e-01
3.520734e-01	6.435137e-01	-2.330552e-01
7.503155e-01	5.601399e-01	2.959278e-01
3.513594e-01	6.498844e-01	-2.733442e-01
7.534291e-01	5.655323e-01	2.643293e-01
3.594262e-01	6.452568e-01	-2.366184e-01
7.440596e-01	5.600444e-01	2.703347e-01
5.314123e-01	2.729114e-01	-1.392813e-02
6.001478e-01	2.802405e-01	1.399908e-02
5.193266e-01	4.928795e-02	-7.983341e-02
6.072447e-01	3.641096e-02	-5.972361e-02
5.385813e-01	1.002348e-01	4.141691e-01
5.970068e-01	7.748096e-02	3.881581e-01
5.432912e-01	1.176596e-01	4.693340e-01
5.948673e-01	9.983867e-02	4.379880e-01
5.472213e-01	4.608862e-02	4.822392e-01
5.979388e-01	4.595726e-02	4.355139e-01
5.592622e-01	7.042097e-01	-2.010107e-01
5.525716e-01	7.228252e-01	-1.810925e-01
5.482780e-01	7.225196e-01	-1.811192e-01
5.436100e-01	7.218860e-01	-1.811316e-01
5.650245e-01	7.220888e-01	-1.751885e-01
5.701402e-01	7.212570e-01	-1.752497e-01
5.748100e-01	7.201142e-01	-1.751884e-01
5.375214e-01	7.108233e-01	-7.506954e-02
5.811543e-01	7.091501e-01	-4.974625e-02
5.506241e-01	6.800785e-01	-1.636401e-01
5.665165e-01	6.802284e-01	-1.565733e-01
5.076290e-01	6.097667e-01	-5.055946e-02
6.101286e-01	6.005622e-01	1.719467e-02
4.330277e-01	6.144990e-01	-1.092694e-01
6.764091e-01	5.642496e-01	1.839608e-01
3.725654e-01	6.730374e-01	-2.166674e-01
7.329110e-01	5.850340e-01	2.585866e-01
3.524636e-01	6.895455e-01	-2.333637e-01
7.544307e-01	5.998142e-01	2.703864e-01
3.532551e-01	6.980594e-01	-2.663698e-01
7.559773e-01	6.079444e-01	2.436897e-01
3.613584e-01	6.902937e-01	-2.352487e-01
7.473554e-01	6.019377e-01	2.475547e-01
5.318271e-01	2.725684e-01	-1.516834e-02
6.001619e-01	2.790797e-01	1.524322e-02
5.194712e-01	4.926087e-02	-8.745410e-02
6.071292e-01	3.656252e-02	-6.263620e-02
5.392791e-01	1.006034e-01	4.034464e-01
5.966752e-01	7.786585e-02	3.782987e-01
5.438615e-01	1.173963e-01	4.571387e-01
5.942746e-01	9.917249e-02	4.278515e-01
5.478234e-01	4.659649e-02	4.691381e-01
5.967037e-01	4.615816e-02	4.264377e-01
5.587122e-01	7.028006e-01	-2.354189e-01
5.519606e-01	7.212809e-01	-2.140220e-01
5.477524e-01	7.211099e-01	-2.140466e-01
5.428733e-01	7.205082e-01	-2.140577e-01
5.645541e-01	7.202784e-01	-2.099605e-01
5.696532e-01	7.195740e-01	-2.100496e-01
5.745093e-01	7.187235e-01	-2.100096e-01
5.369510e-01	7.099944e-01	-9.849198e-02
5.809678e-01	7.088411e-01	-8.230375e-02
5.501708e-01	6.785298e-01	-1.935292e-01
5.659005e-01	6.786515e-01	-1.891959e-01
5.075589e-01	6.108013e-01	-5.390611e-02
6.099585e-01	6.037604e-01	-2.006512e-02
4.297202e-01	6.356409e-01	-8.569504e-02
6.834002e-01	5.866385e-01	1.032711e-01
3.723051e-01	7.135609e-01	-1.655522e-01
7.371625e-01	6.264892e-01	1.483926e-01
3.538157e-01	7.368998e-01	-1.779474e-01
7.582164e-01	6.414901e-01	1.574748e-01
3.549657e-01	7.492229e-01	-2.094625e-01
7.591220e-01	6.503017e-01	1.339773e-01
3.639269e-01	7.402251e-01	-1.827332e-01
7.508387e-01	6.439533e-01	1.380047e-01
5.319766e-01	2.724176e-01	-1.182501e-02
6.001616e-01	2.784536e-01	1.184853e-02
5.191096e-01	4.921237e-02	-8.359513e-02
6.071573e-01	3.676204e-02	-6.654268e-02
5.393301e-01	1.023646e-01	4.101503e-01
5.966915e-01	7.986717e-02	3.753752e-01
5.439118e-01	1.194054e-01	4.649659e-01
5.944773e-01	1.011236e-01	4.260195e-01
5.479627e-01	4.885596e-02	4.806349e-01
5.965053e-01	3.941447e-02	4.239829e-01
5.582995e-01	7.022458e-01	-2.265214e-01
5.514771e-01	7.205209e-01	-2.049548e-01
5.473077e-01	7.203673e-01	-2.049928e-01
5.423408e-01	7.197924e-01	-2.050276e-01
5.641335e-01	7.194605e-01	-2.023077e-01
5.691293e-01	7.188522e-01	-2.023969e-01
5.741361e-01	7.181988e-01	-2.023604e-01
5.366349e-01	7.094621e-01	-9.111021e-02
5.806352e-01	7.088076e-01	-8.049542e-02
5.498486e-01	6.780170e-01	-1.844959e-01
5.654843e-01	6.782579e-01	-1.819129e-01
5.076893e-01	6.125246e-01	-4.788941e-02
6.098565e-01	6.062677e-01	-3.190473e-02
4.303752e-01	6.611438e-01	-5.991605e-02
6.873269e-01	6.058229e-01	3.669999e-02
3.765116e-01	7.561525e-01	-1.147444e-01
7.405119e-01	6.608431e-01	1.986832e-02
3.589272e-01	7.827443e-01	-1.215806e-01
7.594181e-01	6.830429e-01	1.549032e-02
3.604417e-01	7.898726e-01	-1.442349e-01
7.591920e-01	6.912252e-01	-1.200009e-02
3.692448e-01	7.799729e-01	-1.284696e-01
7.516105e-01	6.824239e-01	5.626231e-03
5.319671e-01	2.722993e-01	-9.088781e-03
6.001601e-01	2.773246e-01	9.123671e-03
5.192965e-01	4.933470e-02	-8.163099e-02
6.072723e-01	3.683525e-02	-6.378765e-02
5.381897e-01	9.673367e-02	4.045898e-01
5.963753e-01	8.007221e-02	3.779871e-01
5.437647e-01	1.114062e-01	4.581217e-01
5.937078e-01	9.218372e-02	4.283648e-01
5.479064e-01	4.141576e-02	4.711080e-01
5.955889e-01	3.640789e-02	4.240115e-01
5.577465e-01	7.006668e-01	-2.225593e-01
5.508708e-01	7.190909e-01	-1.996339e-01
5.465920e-01	7.187948e-01	-1.996797e-01
5.416911e-01	7.182633e-01	-1.997330e-01
5.635051e-01	7.183254e-01	-1.975698e-01
5.682227e-01	7.179060e-01	-1.976769e-01
5.733690e-01	7.174436e-01	-1.976936e-01
5.361541e-01	7.077881e-01	-8.360444e-02
5.799767e-01	7.084498e-01	-7.412842e-02
5.495003e-01	6.765712e-01	-1.796429e-01
5.649359e-01	6.772808e-01	-1.775134e-01
5.077143e-01	6.141565e-01	-4.150254e-02
6.095224e-01	6.095591e-01	-3.490845e-02
4.332289e-01	6.798720e-01	-5.840617e-02
6.867644e-01	6.274673e-01	6.261492e-04
3.804978e-01	7.853972e-01	-1.143917e-01
7.386530e-01	6.982644e-01	-4.551143e-02
3.633050e-01	8.189996e-01	-1.226727e-01
7.571401e-01	7.264453e-01	-6.093283e-02
3.645993e-01	8.243665e-01	-1.473784e-01
7.573210e-01	7.371646e-01	-8.407128e-02
3.735209e-01	8.153881e-01	-1.277647e-01
7.501149e-01	7.267876e-01	-5.987900e-02
5.318698e-01	2.740528e-01	-6.852628e-03
6.001440e-01	2.776590e-01	6.931771e-03
5.193624e-01	4.958094e-02	-8.096394e-02
6.072630e-01	3.690561e-02	-6.432211e-02
5.376274e-01	9.973697e-02	4.101734e-01
5.961200e-01	7.801902e-02	3.728632e-01
5.436485e-01	1.172154e-01	4.648475e-01
5.931098e-01	8.717459e-02	4.224237e-01
5.479153e-01	4.551633e-02	4.758808e-01
5.949361e-01	3.417121e-02	4.095776e-01
5.574814e-01	6.971257e-01	-2.240156e-01
5.504953e-01	7.174050e-01	-2.001769e-01
5.461457e-01	7.171928e-01	-2.002271e-01
5.413348e-01	7.164912e-01	-2.002982e-01
5.630974e-01	7.171052e-01	-1.980236e-01
5.676935e-01	7.168893e-01	-1.981324e-01
5.728396e-01	7.164598e-01	-1.981485e-01
5.359879e-01	7.050530e-01	-8.137228e-02
5.793692e-01	7.074128e-01	-7.072364e-02
5.493971e-01	6.743577e-01	-1.802074e-01
5.646299e-01	6.754252e-01	-1.777800e-01
5.078823e-01	6.146438e-01	-4.037486e-02
6.095646e-01	6.120064e-01	-3.283324e-02
4.352526e-01	6.972547e-01	-6.442736e-02
6.892149e-01	6.486723e-01	-1.871860e-02
3.892481e-01	8.180237e-01	-1.224499e-01
7.374665e-01	7.427850e-01	-8.351534e-02
3.771794e-01	8.544707e-01	-1.404080e-01
7.537035e-01	7.735496e-01	-1.051696e-01
3.820640e-01	8.640810e-01	-1.574567e-01
7.529768e-01	7.843013e-01	-1.226155e-01
3.861277e-01	8.506719e-01	-1.363488e-01
7.465042e-01	7.724839e-01	-9.686150e-02
5.311159e-01	2.759439e-01	-3.797939e-03
5.999157e-01	2.783815e-01	3.921551e-03
5.194768e-01	5.223317e-02	-8.800258e-02
6.071512e-01	3.832972e-02	-7.592890e-02
5.376652e-01	1.016013e-01	4.072085e-01
5.953981e-01	7.757872e-02	3.703962e-01
5.435687e-01	1.192439e-01	4.622547e-01
5.924520e-01	9.531304e-02	4.168255e-01
5.479234e-01	4.625488e-02	4.730696e-01
5.901145e-01	4.147632e-02	4.063303e-01
5.573415e-01	6.969405e-01	-2.153209e-01
5.504121e-01	7.173942e-01	-1.902472e-01
5.460671e-01	7.172119e-01	-1.903025e-01
5.412645e-01	7.165152e-01	-1.903671e-01
5.629316e-01	7.170789e-01	-1.875311e-01
5.674025e-01	7.168292e-01	-1.876314e-01
5.724289e-01	7.163980e-01	-1.876254e-01
5.359774e-01	7.050400e-01	-7.280438e-02
5.790049e-01	7.072979e-01	-6.633293e-02
5.492724e-01	6.743708e-01	-1.715023e-01
5.642836e-01	6.754214e-01	-1.683062e-01
5.081472e-01	6.151652e-01	-4.010391e-02
6.100265e-01	6.155356e-01	-1.837739e-02
4.365254e-01	7.102422e-01	-5.703357e-02
6.898838e-01	6.697382e-01	-6.533007e-03
4.019156e-01	8.384584e-01	-1.207370e-01
7.342296e-01	7.802516e-01	-8.155788e-02
3.951729e-01	8.793002e-01	-1.374339e-01
7.493646e-01	8.074269e-01	-1.095282e-01
4.005367e-01	8.856213e-01	-1.571335e-01
7.489334e-01	8.213119e-01	-1.266533e-01
4.038926e-01	8.709327e-01	-1.335267e-01
7.420624e-01	8.116887e-01	-9.594455e-02
5.304291e-01	2.815090e-01	-3.023078e-03
5.997354e-01	2.836523e-01	3.186225e-03
5.195321e-01	5.901204e-02	-9.650467e-02
6.070203e-01	4.517593e-02	-8.512391e-02
5.378397e-01	1.204464e-01	4.145941e-01
5.937603e-01	8.851453e-02	3.769515e-01
5.435635e-01	1.405561e-01	4.721697e-01
5.901918e-01	1.095313e-01	4.286577e-01
5.479234e-01	6.528886e-02	4.849869e-01
5.879378e-01	5.249792e-02	4.173181e-01
5.573612e-01	6.936637e-01	-2.175757e-01
5.504346e-01	7.139730e-01	-1.899760e-01
5.461024e-01	7.141770e-01	-1.900582e-01
5.412873e-01	7.137634e-01	-1.901318e-01
5.629382e-01	7.140186e-01	-1.874422e-01
5.673446e-01	7.143296e-01	-1.875672e-01
5.722891e-01	7.144536e-01	-1.875539e-01
5.358752e-01	7.041674e-01	-6.776062e-02
5.784270e-01	7.062909e-01	-6.207784e-02
5.492737e-01	6.715119e-01	-1.708785e-01
5.642635e-01	6.720432e-01	-1.676027e-01
5.085584e-01	6.169227e-01	-3.069860e-02
6.099412e-01	6.179438e-01	-1.185495e-02
4.427629e-01	7.272682e-01	-5.569542e-02
6.876529e-01	6.851113e-01	-1.747907e-03
4.160538e-01	8.582236e-01	-1.022785e-01
7.313662e-01	8.133788e-01	-7.627164e-02
4.089777e-01	8.997092e-01	-1.321367e-01
7.457040e-01	8.439638e-01	-1.094612e-01
4.150587e-01	9.046297e-01	-1.462604e-01
7.401236e-01	8.556367e-01	-1.247368e-01
4.192890e-01	8.912526e-01	-1.161088e-01
7.339009e-01	8.454621e-01	-9.085471e-02
5.298824e-01	2.858255e-01	-2.270578e-03
5.993091e-01	2.884828e-01	2.488381e-03
5.196110e-01	7.055364e-02	-9.354015e-02
6.067824e-01	5.880272e-02	-8.300333e-02
5.371844e-01	1.041092e-01	4.120231e-01
5.938511e-01	7.016084e-02	3.724431e-01
5.433570e-01	1.054674e-01	4.668905e-01
5.905659e-01	9.340688e-02	4.221211e-01
5.459980e-01	4.656272e-02	4.498886e-01
5.880340e-01	3.681266e-02	3.785580e-01
5.576705e-01	6.940906e-01	-2.122039e-01
5.505572e-01	7.141190e-01	-1.863156e-01
5.462059e-01	7.142928e-01	-1.864712e-01
5.413306e-01	7.138579e-01	-1.865816e-01
5.630113e-01	7.141593e-01	-1.825095e-01
5.673617e-01	7.144390e-01	-1.827026e-01
5.722662e-01	7.145121e-01	-1.826902e-01
5.356079e-01	7.042029e-01	-4.972235e-02
5.779383e-01	7.062891e-01	-3.079856e-02
5.492914e-01	6.715606e-01	-1.706007e-01
5.642800e-01	6.722278e-01	-1.648495e-01
5.085577e-01	6.179132e-01	-2.411295e-02
6.091353e-01	6.172180e-01	2.288241e-03
4.481561e-01	7.476678e-01	-5.731387e-02
6.850722e-01	6.996549e-01	1.133035e-02
4.257980e-01	8.956497e-01	-1.030552e-01
7.266304e-01	8.413211e-01	-5.996164e-02
4.173201e-01	9.326288e-01	-1.365665e-01
7.368013e-01	8.783085e-01	-9.575899e-02
4.241958e-01	9.355786e-01	-1.482914e-01
7.282993e-01	8.885100e-01	-1.083888e-01
4.293177e-01	9.219200e-01	-1.177646e-01
7.216365e-01	8.762900e-01	-7.453004e-02
5.294804e-01	2.874774e-01	-2.744474e-03
5.986912e-01	2.902218e-01	3.015648e-03
5.205902e-01	7.260266e-02	-9.661323e-02
6.067067e-01	6.240508e-02	-8.315997e-02
5.360557e-01	9.483756e-02	4.112625e-01
5.926350e-01	7.030526e-02	3.727688e-01
5.418146e-01	9.271275e-02	4.652731e-01
5.893692e-01	8.760897e-02	4.217811e-01
5.431762e-01	3.521482e-02	4.309726e-01
5.875088e-01	3.000193e-02	3.761789e-01
5.576090e-01	6.942388e-01	-1.986028e-01
5.505478e-01	7.142915e-01	-1.682021e-01
5.461658e-01	7.144382e-01	-1.683346e-01
5.412806e-01	7.139945e-01	-1.684420e-01
5.630140e-01	7.143095e-01	-1.654436e-01
5.673205e-01	7.145193e-01	-1.656271e-01
5.720809e-01	7.144763e-01	-1.656272e-01
5.355288e-01	7.042170e-01	-3.742341e-02
5.776338e-01	7.055736e-01	-2.250609e-02
5.487570e-01	6.716954e-01	-1.542296e-01
5.639051e-01	6.722819e-01	-1.502357e-01
5.088536e-01	6.199591e-01	-2.412112e-02
6.085416e-01	6.175446e-01	3.361628e-03
4.584323e-01	7.581466e-01	-7.416469e-02
6.846000e-01	7.158486e-01	2.461320e-03
4.385342e-01	9.094772e-01	-1.246934e-01
7.142779e-01	8.646461e-01	-6.072068e-02
4.302433e-01	9.465217e-01	-1.605246e-01
7.246879e-01	9.006076e-01	-9.654202e-02
4.363741e-01	9.516977e-01	-1.689624e-01
7.150003e-01	9.117842e-01	-1.059886e-01
4.414392e-01	9.369473e-01	-1.375003e-01
7.084962e-01	8.998379e-01	-7.410175e-02
5.290409e-01	2.915168e-01	-3.043804e-03
5.980760e-01	2.939269e-01	3.330308e-03
5.208105e-01	7.541554e-02	-1.018326e-01
6.061747e-01	6.835201e-02	-9.744909e-02
5.350188e-01	9.474937e-02	4.089063e-01
5.916641e-01	8.178004e-02	3.736732e-01
5.394722e-01	9.328540e-02	4.645955e-01
5.882541e-01	9.102502e-02	4.249061e-01
5.410210e-01	3.540519e-02	4.361561e-01
5.860898e-01	3.303009e-02	3.879337e-01
5.576579e-01	6.941689e-01	-2.382939e-01
5.506002e-01	7.139085e-01	-2.097722e-01
5.461890e-01	7.140658e-01	-2.098912e-01
5.412921e-01	7.137160e-01	-2.099757e-01
5.632014e-01	7.137913e-01	-2.066946e-01
5.674595e-01	7.138181e-01	-2.068899e-01
5.722053e-01	7.135953e-01	-2.068927e-01
5.355588e-01	7.041530e-01	-8.056790e-02
5.776908e-01	7.046086e-01	-6.479000e-02
5.486530e-01	6.716470e-01	-1.923782e-01
5.639151e-01	6.720626e-01	-1.884029e-01
5.088775e-01	6.196994e-01	-7.240805e-02
6.088248e-01	6.168884e-01	-3.625424e-02
4.670540e-01	7.586555e-01	-1.326202e-01
6.805190e-01	7.261344e-01	-5.378179e-02
4.503686e-01	9.169440e-01	-1.897840e-01
7.025425e-01	8.860844e-01	-1.243371e-01
4.428856e-01	9.527198e-01	-2.279479e-01
7.126406e-01	9.248646e-01	-1.635914e-01
4.520238e-01	9.569518e-01	-2.361275e-01
7.025683e-01	9.325343e-01	-1.714352e-01
4.577049e-01	9.429608e-01	-2.021533e-01
6.962025e-01	9.188300e-01	-1.379271e-01
5.284067e-01	2.903291e-01	-3.596724e-03
5.979392e-01	2.928633e-01	3.889557e-03
5.208389e-01	7.440328e-02	-1.146702e-01
6.058752e-01	6.773668e-02	-1.044812e-01
5.351065e-01	9.464123e-02	4.083520e-01
5.910457e-01	7.910214e-02	3.728895e-01
5.395889e-01	9.376840e-02	4.626016e-01
5.870649e-01	8.953642e-02	4.245130e-01
5.413533e-01	3.425435e-02	4.386153e-01
5.826930e-01	3.279859e-02	3.881706e-01
5.576656e-01	6.942049e-01	-2.467122e-01
5.506044e-01	7.136611e-01	-2.197665e-01
5.461837e-01	7.137110e-01	-2.198703e-01
5.412631e-01	7.133857e-01	-2.199236e-01
5.633827e-01	7.134570e-01	-2.146926e-01
5.676098e-01	7.133855e-01	-2.148921e-01
5.723904e-01	7.131647e-01	-2.148939e-01
5.355456e-01	7.034476e-01	-9.354945e-02
5.778663e-01	7.041531e-01	-6.876925e-02
5.485121e-01	6.715706e-01	-2.011632e-01
5.639288e-01	6.717114e-01	-1.945574e-01
5.087239e-01	6.196004e-01	-8.321587e-02
6.088383e-01	6.165311e-01	-3.410097e-02
4.716232e-01	7.637062e-01	-1.465992e-01
6.734904e-01	7.342933e-01	-4.153827e-02
4.589171e-01	9.265787e-01	-1.991777e-01
6.907505e-01	8.954415e-01	-1.050402e-01
4.549416e-01	9.618050e-01	-2.391881e-01
6.988088e-01	9.352710e-01	-1.441885e-01
4.641131e-01	9.661022e-01	-2.451119e-01
6.882697e-01	9.408997e-01	-1.505070e-01
4.687243e-01	9.547272e-01	-2.104853e-01
6.813617e-01	9.260956e-01	-1.178412e-01
5.274127e-01	2.892848e-01	-8.030498e-03
5.979470e-01	2.907392e-01	8.327334e-03
5.203258e-01	7.245256e-02	-1.170501e-01
6.053778e-01	6.721608e-02	-1.009175e-01
5.332029e-01	8.577783e-02	4.046322e-01
5.904552e-01	7.540233e-02	3.957006e-01
5.372202e-01	8.454064e-02	4.593973e-01
5.862197e-01	8.866946e-02	4.482791e-01
5.404270e-01	2.043158e-02	4.275252e-01
5.825713e-01	3.156205e-02	4.083031e-01
5.577641e-01	6.942575e-01	-2.690991e-01
5.508233e-01	7.136996e-01	-2.460341e-01
5.463611e-01	7.136747e-01	-2.461404e-01
5.414606e-01	7.132687e-01	-2.461983e-01
5.635353e-01	7.135113e-01	-2.390302e-01
5.676530e-01	7.133943e-01	-2.392434e-01
5.723969e-01	7.131048e-01	-2.392709e-01
5.357739e-01	7.017490e-01	-1.331168e-01
5.778569e-01	7.033384e-01	-9.920192e-02
5.485137e-01	6.716116e-01	-2.276084e-01
5.639408e-01	6.717618e-01	-2.184970e-01
5.087160e-01	6.180423e-01	-1.318725e-01
6.086418e-01	6.164579e-01	-6.288077e-02
4.801331e-01	7.590441e-01	-2.119805e-01
6.650996e-01	7.332000e-01	-7.209407e-02
4.681935e-01	9.189033e-01	-2.672334e-01
6.826656e-01	8.968853e-01	-1.315123e-01
4.643993e-01	9.584661e-01	-3.083741e-01
6.900035e-01	9.363397e-01	-1.690988e-01
4.725717e-01	9.633081e-01	-3.118820e-01
6.789445e-01	9.433279e-01	-1.746834e-01
4.775320e-01	9.507721e-01	-2.771977e-01
6.725438e-01	9.278504e-01	-1.440413e-01
5.270179e-01	2.886691e-01	-1.388905e-02
5.979532e-01	2.903527e-01	1.413057e-02
5.202202e-01	7.179635e-02	-1.112456e-01
6.043118e-01	6.613414e-02	-8.440193e-02
5.333203e-01	8.064898e-02	3.870810e-01
5.895923e-01	7.186653e-02	3.949680e-01
5.374033e-01	7.965518e-02	4.388291e-01
5.852130e-01	8.795324e-02	4.458956e-01
5.407015e-01	1.488014e-02	4.069181e-01
5.822491e-01	3.047787e-02	4.082660e-01
5.584492e-01	6.943125e-01	-2.614078e-01
5.515062e-01	7.137086e-01	-2.399611e-01
5.470505e-01	7.136275e-01	-2.400661e-01
5.423264e-01	7.131760e-01	-2.401414e-01
5.638727e-01	7.134946e-01	-2.322243e-01
5.678270e-01	7.132863e-01	-2.324310e-01
5.724302e-01	7.128621e-01	-2.324589e-01
5.363747e-01	7.001321e-01	-1.354057e-01
5.776597e-01	7.026221e-01	-9.776596e-02
5.491669e-01	6.715488e-01	-2.227327e-01
5.642367e-01	6.715177e-01	-2.126595e-01
5.089418e-01	6.157026e-01	-1.413036e-01
6.081914e-01	6.151111e-01	-6.062802e-02
4.873169e-01	7.565587e-01	-2.249337e-01
6.568619e-01	7.291542e-01	-6.399451e-02
4.769600e-01	9.163275e-01	-2.756519e-01
6.729615e-01	8.958248e-01	-1.149676e-01
4.730698e-01	9.555839e-01	-3.158146e-01
6.789528e-01	9.373140e-01	-1.509682e-01
4.805029e-01	9.603416e-01	-3.189397e-01
6.682760e-01	9.445486e-01	-1.540188e-01
4.858036e-01	9.477327e-01	-2.849150e-01
6.623372e-01	9.290271e-01	-1.260891e-01
5.268483e-01	2.887813e-01	-1.955845e-02
5.980327e-01	2.905659e-01	1.975312e-02
5.201888e-01	7.109434e-02	-1.082807e-01
6.039686e-01	6.672686e-02	-6.530583e-02
5.327991e-01	7.490138e-02	3.598257e-01
5.888684e-01	6.858160e-02	3.932618e-01
5.369806e-01	7.470997e-02	4.084687e-01
5.847713e-01	7.563073e-02	4.428154e-01
5.401529e-01	9.090833e-03	3.755580e-01
5.819692e-01	2.769675e-02	4.069354e-01
5.589364e-01	6.942134e-01	-2.501257e-01
5.517695e-01	7.136901e-01	-2.270598e-01
5.472785e-01	7.135060e-01	-2.271547e-01
5.425098e-01	7.128908e-01	-2.272236e-01
5.642456e-01	7.135171e-01	-2.213245e-01
5.681660e-01	7.132733e-01	-2.214964e-01
5.726990e-01	7.127951e-01	-2.215068e-01
5.364109e-01	6.980373e-01	-1.183752e-01
5.777321e-01	7.019412e-01	-8.605517e-02
5.496590e-01	6.709906e-01	-2.096325e-01
5.646673e-01	6.707889e-01	-2.013295e-01
5.094639e-01	6.108804e-01	-1.314813e-01
6.081622e-01	6.110658e-01	-4.969108e-02
4.919653e-01	7.472000e-01	-2.293668e-01
6.506271e-01	7.295244e-01	-5.175307e-02
4.859092e-01	9.074810e-01	-2.937210e-01
6.617820e-01	8.950076e-01	-9.515594e-02
4.818957e-01	9.495283e-01	-3.373013e-01
6.685501e-01	9.359375e-01	-1.306587e-01
4.881020e-01	9.560073e-01	-3.393174e-01
6.578353e-01	9.418915e-01	-1.350960e-01
4.938740e-01	9.412298e-01	-3.029868e-01
6.523775e-01	9.272138e-01	-1.067991e-01
5.268507e-01	2.883604e-01	-2.072662e-02
5.985538e-01	2.897715e-01	2.091529e-02
5.201114e-01	7.057945e-02	-1.075312e-01
6.037226e-01	6.614171e-02	-5.299999e-02
5.323991e-01	7.388446e-02	3.679689e-01
5.884153e-01	7.143919e-02	4.127489e-01
5.365553e-01	7.433151e-02	4.181644e-01
5.846761e-01	7.717866e-02	4.632983e-01
5.398266e-01	7.979109e-03	3.925119e-01
5.819479e-01	3.122590e-02	4.356035e-01
5.590588e-01	6.938213e-01	-2.256166e-01
5.518633e-01	7.132114e-01	-2.031233e-01
5.473813e-01	7.127196e-01	-2.032192e-01
5.425999e-01	7.116753e-01	-2.032589e-01
5.643058e-01	7.132958e-01	-1.959253e-01
5.681974e-01	7.129940e-01	-1.961163e-01
5.727037e-01	7.124518e-01	-1.961288e-01
5.364956e-01	6.950777e-01	-1.064778e-01
5.777767e-01	7.002796e-01	-6.820221e-02
5.501177e-01	6.700574e-01	-1.902401e-01
5.649101e-01	6.697734e-01	-1.803986e-01
5.107526e-01	6.049526e-01	-1.180694e-01
6.079743e-01	6.063492e-01	-4.490776e-02
4.975567e-01	7.411430e-01	-2.252525e-01
6.445659e-01	7.278146e-01	-4.950730e-02
4.921375e-01	8.935567e-01	-2.984627e-01
6.536350e-01	8.903664e-01	-8.822556e-02
4.887887e-01	9.361473e-01	-3.441730e-01
6.584681e-01	9.307026e-01	-1.240060e-01
4.945090e-01	9.445179e-01	-3.457620e-01
6.476085e-01	9.381980e-01	-1.289845e-01
5.003344e-01	9.282609e-01	-3.079363e-01
6.423736e-01	9.229811e-01	-1.001621e-01
5.268642e-01	2.880304e-01	-2.085084e-02
5.988160e-01	2.885654e-01	2.103934e-02
5.199897e-01	7.013427e-02	-1.041049e-01
6.036640e-01	6.564586e-02	-5.038156e-02
5.325293e-01	7.307231e-02	3.722224e-01
5.882183e-01	7.374506e-02	4.149745e-01
5.365942e-01	7.385174e-02	4.235753e-01
5.846693e-01	7.894690e-02	4.655589e-01
5.409082e-01	7.750633e-03	4.018663e-01
5.819816e-01	3.326031e-02	4.423026e-01
5.590598e-01	6.941031e-01	-1.763361e-01
5.518953e-01	7.134054e-01	-1.505875e-01
5.474105e-01	7.128695e-01	-1.506994e-01
5.426211e-01	7.117881e-01	-1.507468e-01
5.643248e-01	7.135642e-01	-1.447313e-01
5.682076e-01	7.132465e-01	-1.449152e-01
5.727091e-01	7.126844e-01	-1.448845e-01
5.365571e-01	6.951447e-01	-4.576883e-02
5.778370e-01	7.002850e-01	-1.645983e-02
5.503218e-01	6.700738e-01	-1.403408e-01
5.650213e-01	6.697941e-01	-1.324125e-01
5.120344e-01	6.000650e-01	-9.295991e-02
6.078432e-01	6.010262e-01	-1.514065e-02
5.008082e-01	7.363380e-01	-2.264573e-01
6.396654e-01	7.237524e-01	-4.771265e-02
4.971211e-01	8.844350e-01	-3.415132e-01
6.443917e-01	8.897637e-01	-8.490720e-02
4.958782e-01	9.259521e-01	-3.961460e-01
6.475323e-01	9.304053e-01	-1.238831e-01
5.012350e-01	9.353082e-01	-3.965806e-01
6.383423e-01	9.384815e-01	-1.273506e-01
5.072950e-01	9.180990e-01	-3.517417e-01
6.323586e-01	9.216913e-01	-9.668517e-02
5.271124e-01	2.866186e-01	-2.083435e-02
5.992513e-01	2.854599e-01	2.103865e-02
5.199931e-01	6.815055e-02	-9.699777e-02
6.036174e-01	6.510746e-02	-3.137729e-02
5.329499e-01	7.229965e-02	3.789735e-01
5.882915e-01	7.104188e-02	4.360321e-01
5.368477e-01	7.326774e-02	4.293294e-01
5.847990e-01	7.935075e-02	4.865332e-01
5.418838e-01	7.566534e-03	4.064856e-01
5.821443e-01	2.956162e-02	4.562020e-01
5.585032e-01	6.942415e-01	-1.391709e-01
5.515057e-01	7.134251e-01	-1.117119e-01
5.469611e-01	7.128936e-01	-1.118148e-01
5.421028e-01	7.118100e-01	-1.118445e-01
5.640211e-01	7.136323e-01	-1.066677e-01
5.679238e-01	7.133269e-01	-1.068368e-01
5.723187e-01	7.127730e-01	-1.067770e-01
5.364512e-01	6.950293e-01	-3.462500e-03
5.778493e-01	7.000335e-01	2.131847e-02
5.502431e-01	6.701012e-01	-1.026739e-01
5.649977e-01	6.698165e-01	-9.586035e-02
5.128040e-01	5.960797e-01	-5.446561e-02
6.078160e-01	5.949445e-01	1.397844e-02
5.020000e-01	7.269883e-01	-2.149231e-01
6.341611e-01	7.193805e-01	-4.202496e-02
5.007313e-01	8.768647e-01	-3.501754e-01
6.378516e-01	8.763695e-01	-8.351896e-02
4.992825e-01	9.201247e-01	-4.059231e-01
6.407415e-01	9.172162e-01	-1.164131e-01
5.040089e-01	9.282020e-01	-4.064898e-01
6.336251e-01	9.261453e-01	-1.229742e-01
5.100495e-01	9.145532e-01	-3.607864e-01
6.278874e-01	9.095930e-01	-9.583686e-02
5.276268e-01	2.857055e-01	-2.031543e-02
5.996778e-01	2.835920e-01	2.051867e-02
5.200943e-01	6.732368e-02	-9.432887e-02
6.035641e-01	6.475402e-02	-3.721455e-02
5.330257e-01	7.213976e-02	3.902810e-01
5.883408e-01	7.217056e-02	4.356304e-01
5.369107e-01	7.328019e-02	4.419937e-01
5.848894e-01	7.941587e-02	4.871597e-01
5.424614e-01	7.526724e-03	4.199677e-01
5.812700e-01	3.099942e-02	4.634289e-01
5.584140e-01	6.939455e-01	-1.302055e-01
5.514257e-01	7.131587e-01	-1.037237e-01
5.468876e-01	7.125551e-01	-1.038243e-01
5.420242e-01	7.113927e-01	-1.038331e-01
5.639218e-01	7.134110e-01	-9.694611e-02
5.678141e-01	7.130514e-01	-9.714470e-02
5.721365e-01	7.124481e-01	-9.704693e-02
5.363988e-01	6.946012e-01	5.259198e-03
5.778149e-01	6.984676e-01	3.764416e-02
5.502442e-01	6.695750e-01	-9.314636e-02
5.650072e-01	6.694132e-01	-8.404528e-02
5.136516e-01	5.923298e-01	-4.869066e-02
6.077144e-01	5.914806e-01	3.357171e-02
5.034309e-01	7.124531e-01	-2.605324e-01
6.285905e-01	7.187538e-01	-4.594804e-02
5.028190e-01	8.553205e-01	-4.484647e-01
6.306723e-01	8.760541e-01	-1.311661e-01
5.016446e-01	9.045173e-01	-5.092554e-01
6.345132e-01	9.078690e-01	-1.732962e-01
5.059788e-01	9.146399e-01	-5.073363e-01
6.277388e-01	9.163808e-01	-1.764357e-01
5.115587e-01	8.954839e-01	-4.581881e-01
6.220090e-01	9.013116e-01	-1.430659e-01
5.283499e-01	2.822249e-01	-1.992447e-02
5.999357e-01	2.806825e-01	2.013423e-02
5.213370e-01	6.584213e-02	-8.420646e-02
6.039761e-01	6.422278e-02	-2.522777e-02
5.334421e-01	6.204249e-02	3.769563e-01
5.893959e-01	6.776597e-02	4.285601e-01
5.375575e-01	6.200911e-02	4.250683e-01
5.857666e-01	7.105248e-02	4.783212e-01
5.437385e-01	-5.062300e-03	3.853288e-01
5.827110e-01	2.608766e-02	4.540321e-01
5.585768e-01	6.939226e-01	-1.502678e-01
5.515696e-01	7.130307e-01	-1.230955e-01
5.469909e-01	7.124045e-01	-1.231939e-01
5.420824e-01	7.112623e-01	-1.232159e-01
5.640640e-01	7.132304e-01	-1.176538e-01
5.679459e-01	7.127692e-01	-1.178299e-01
5.722671e-01	7.119828e-01	-1.177702e-01
5.363547e-01	6.944905e-01	-8.842370e-03
5.780153e-01	6.961542e-01	1.710901e-02
5.503335e-01	6.691282e-01	-1.113136e-01
5.652729e-01	6.690760e-01	-1.039203e-01
5.137898e-01	5.892116e-01	-5.358417e-02
6.074854e-01	5.880356e-01	1.657834e-02
5.045164e-01	7.045355e-01	-2.676295e-01
6.269172e-01	7.124244e-01	-1.105466e-01
5.027052e-01	8.332184e-01	-4.462439e-01
6.280569e-01	8.500996e-01	-2.281742e-01
5.025002e-01	8.762529e-01	-5.032448e-01
6.292728e-01	8.955110e-01	-2.731567e-01
5.053779e-01	8.846935e-01	-5.012926e-01
6.231132e-01	9.039327e-01	-2.734110e-01
5.104629e-01	8.696174e-01	-4.559371e-01
6.176130e-01	8.881764e-01	-2.392057e-01
5.285412e-01	2.748581e-01	-1.766210e-02
6.000286e-01	2.752110e-01	1.780863e-02
5.213802e-01	6.249761e-02	-7.872010e-02
6.038934e-01	6.117453e-02	-3.156608e-02
5.334906e-01	6.558621e-02	3.906984e-01
5.895637e-01	7.413558e-02	4.313925e-01
5.375718e-01	6.500483e-02	4.408517e-01
5.859154e-01	7.766085e-02	4.827591e-01
5.437559e-01	-2.252027e-03	4.155063e-01
5.835203e-01	3.209138e-02	4.646697e-01
5.588000e-01	6.939374e-01	-1.536958e-01
5.517739e-01	7.128957e-01	-1.302979e-01
5.472132e-01	7.123194e-01	-1.304262e-01
5.422710e-01	7.112521e-01	-1.304296e-01
5.644234e-01	7.129771e-01	-1.243389e-01
5.684143e-01	7.124667e-01	-1.245996e-01
5.730039e-01	7.117051e-01	-1.244640e-01
5.363324e-01	6.950136e-01	-2.140278e-02
5.788327e-01	6.959000e-01	4.979775e-03
5.503882e-01	6.690268e-01	-1.155198e-01
5.656029e-01	6.689300e-01	-1.088227e-01
5.133482e-01	5.893972e-01	-6.372406e-02
6.072830e-01	5.888672e-01	-1.065721e-02
5.044392e-01	7.050267e-01	-2.788200e-01
6.265161e-01	7.076690e-01	-1.353180e-01
5.079790e-01	8.227084e-01	-4.366967e-01
6.242716e-01	8.247915e-01	-2.417058e-01
5.087029e-01	8.552428e-01	-4.895673e-01
6.222414e-01	8.689060e-01	-2.833842e-01
5.103461e-01	8.597261e-01	-4.844741e-01
6.182516e-01	8.767726e-01	-2.846256e-01
5.171860e-01	8.433522e-01	-4.445332e-01
6.150779e-01	8.634658e-01	-2.522833e-01
5.285178e-01	2.685192e-01	-1.578346e-02
6.000448e-01	2.708570e-01	1.583875e-02
5.221504e-01	5.989183e-02	-8.775315e-02
6.038246e-01	5.558321e-02	-3.848529e-02
5.344095e-01	9.034460e-02	4.065712e-01
5.914971e-01	9.375909e-02	4.290732e-01
5.380304e-01	1.053199e-01	4.622735e-01
5.897359e-01	1.127993e-01	4.825715e-01
5.442525e-01	3.364526e-02	4.648644e-01
5.850351e-01	6.034309e-02	4.842837e-01
5.589135e-01	6.930296e-01	-1.339727e-01
5.518162e-01	7.113858e-01	-1.053345e-01
5.472975e-01	7.110099e-01	-1.054441e-01
5.423616e-01	7.102954e-01	-1.055181e-01
5.645953e-01	7.109576e-01	-1.001137e-01
5.686892e-01	7.102516e-01	-1.002942e-01
5.734702e-01	7.093313e-01	-1.003065e-01
5.363281e-01	6.949848e-01	1.091750e-03
5.788432e-01	6.942047e-01	2.667472e-02
5.503992e-01	6.685409e-01	-9.894290e-02
5.657787e-01	6.680008e-01	-9.191678e-02
5.117835e-01	5.884062e-01	-3.898046e-02
6.065532e-01	5.888803e-01	1.514557e-02
5.027679e-01	7.206579e-01	-1.126661e-01
6.262282e-01	7.084687e-01	-1.600531e-02
5.136551e-01	8.172001e-01	-7.624003e-02
6.197597e-01	8.106087e-01	-4.284492e-03
5.192562e-01	8.394507e-01	-9.894432e-02
6.165724e-01	8.514284e-01	-2.813793e-02
5.221548e-01	8.392781e-01	-9.438728e-02
6.133531e-01	8.547415e-01	-2.643836e-02
5.253960e-01	8.336706e-01	-7.962170e-02
6.110804e-01	8.437524e-01	-1.113840e-02
5.283593e-01	2.648323e-01	-1.565649e-02
6.000044e-01	2.685222e-01	1.568468e-02
5.226940e-01	5.977922e-02	-1.342647e-01
6.037862e-01	5.379723e-02	-9.627602e-02
5.364296e-01	1.104736e-01	3.723214e-01
5.914744e-01	1.102644e-01	3.796923e-01
5.397431e-01	1.277579e-01	4.316610e-01
5.897109e-01	1.231420e-01	4.360420e-01
5.473775e-01	5.512821e-02	4.595100e-01
5.852295e-01	6.803782e-02	4.703093e-01
5.587813e-01	6.930447e-01	-4.683638e-02
5.514241e-01	7.114571e-01	-1.693493e-02
5.467293e-01	7.111363e-01	-1.700939e-02
5.417237e-01	7.106088e-01	-1.700661e-02
5.644549e-01	7.109790e-01	-1.246654e-02
5.685601e-01	7.102775e-01	-1.262580e-02
5.733760e-01	7.093625e-01	-1.257432e-02
5.352187e-01	6.958119e-01	8.854137e-02
5.779839e-01	6.942853e-01	1.104828e-01
5.500436e-01	6.687736e-01	-1.387982e-02
5.657173e-01	6.680812e-01	-7.500957e-03
5.102289e-01	5.874590e-01	5.546489e-02
6.050873e-01	5.889675e-01	1.004319e-01
5.025334e-01	7.310709e-01	6.451012e-02
6.243230e-01	6.956298e-01	1.329055e-01
5.270160e-01	7.727802e-01	2.554253e-01
6.201590e-01	7.709620e-01	2.272447e-01
5.367426e-01	7.888959e-01	2.502623e-01
6.152576e-01	8.048381e-01	2.093754e-01
5.402725e-01	7.702736e-01	2.494569e-01
6.129228e-01	8.104808e-01	2.052443e-01
5.434289e-01	7.693777e-01	2.526356e-01
6.117947e-01	7.984629e-01	2.193052e-01
5.283018e-01	2.609362e-01	-1.457448e-02
5.999796e-01	2.665901e-01	1.470456e-02
5.230869e-01	5.541826e-02	-1.291838e-01
6.043975e-01	5.176726e-02	-8.084472e-02
5.379914e-01	1.010706e-01	3.759747e-01
5.933275e-01	8.702476e-02	3.859091e-01
5.417567e-01	1.229358e-01	4.331264e-01
5.919045e-01	1.070799e-01	4.402160e-01
5.478930e-01	4.811376e-02	4.496432e-01
5.858727e-01	6.381422e-02	4.642796e-01
5.583059e-01	6.929362e-01	-9.837293e-02
5.508180e-01	7.115304e-01	-7.112875e-02
5.459923e-01	7.113225e-01	-7.121105e-02
5.410384e-01	7.109034e-01	-7.120884e-02
5.638645e-01	7.109938e-01	-6.531240e-02
5.679316e-01	7.102906e-01	-6.547900e-02
5.726978e-01	7.093847e-01	-6.544063e-02
5.344669e-01	6.965961e-01	4.516036e-02
5.772651e-01	6.943395e-01	7.279010e-02
5.495423e-01	6.687472e-01	-5.894237e-02
5.654691e-01	6.680303e-01	-5.081347e-02
5.093318e-01	5.865055e-01	1.581277e-02
6.027044e-01	5.892817e-01	6.151895e-02
5.096250e-01	6.401938e-01	-3.621003e-01
6.193087e-01	6.435716e-01	-1.937369e-01
5.216510e-01	6.982284e-01	-6.569712e-01
6.215580e-01	7.141685e-01	-4.666611e-01
5.294526e-01	7.174432e-01	-7.269553e-01
6.180413e-01	7.420060e-01	-5.199816e-01
5.308529e-01	7.155544e-01	-7.111863e-01
6.164863e-01	7.470982e-01	-5.173235e-01
5.346185e-01	7.043006e-01	-6.616649e-01
6.145365e-01	7.358154e-01	-4.777642e-01
5.275530e-01	2.583995e-01	-1.389462e-02
5.996048e-01	2.663764e-01	1.397068e-02
5.231187e-01	5.473283e-02	-8.756813e-02
6.049538e-01	4.926769e-02	-5.767544e-02
5.379611e-01	8.069158e-02	3.830422e-01
5.945269e-01	8.184806e-02	3.894837e-01
5.419788e-01	8.558429e-02	4.361441e-01
5.935243e-01	1.049139e-01	4.413969e-01
5.486380e-01	3.897954e-02	4.415005e-01
5.893393e-01	5.157789e-02	4.476764e-01
5.582210e-01	6.928129e-01	-1.022770e-01
5.505380e-01	7.113138e-01	-7.830836e-02
5.456117e-01	7.111033e-01	-7.840010e-02
5.405191e-01	7.107455e-01	-7.838480e-02
5.636909e-01	7.108562e-01	-7.472144e-02
5.677072e-01	7.102481e-01	-7.488778e-02
5.724426e-01	7.094091e-01	-7.484080e-02
5.338799e-01	6.972361e-01	4.380355e-02
5.767609e-01	6.953902e-01	5.984301e-02
5.494140e-01	6.684793e-01	-5.800569e-02
5.654081e-01	6.678210e-01	-5.325627e-02
5.092405e-01	5.900193e-01	2.407012e-03
6.000655e-01	5.912498e-01	4.866073e-02
5.113608e-01	5.872717e-01	-3.553849e-01
6.138476e-01	6.001611e-01	-2.410085e-01
5.163614e-01	5.991150e-01	-7.141485e-01
6.196741e-01	6.346207e-01	-5.516540e-01
5.225691e-01	6.054410e-01	-7.917496e-01
6.207336e-01	6.654825e-01	-6.151042e-01
5.257410e-01	6.139821e-01	-7.834431e-01
6.183028e-01	6.694046e-01	-6.146418e-01
5.299125e-01	6.002358e-01	-7.225751e-01
6.139120e-01	6.518810e-01	-5.640492e-01
5.275242e-01	2.586319e-01	-1.138596e-02
5.994161e-01	2.667275e-01	1.142950e-02
5.226861e-01	5.449207e-02	-4.617526e-02
6.049479e-01	4.943528e-02	1.699804e-03
5.347190e-01	3.736442e-02	3.560304e-01
5.946775e-01	2.662814e-02	3.802755e-01
5.292407e-01	-5.136297e-02	3.956719e-01
5.956392e-01	-2.180394e-02	4.205773e-01
5.285295e-01	-9.614528e-02	3.351224e-01
5.898189e-01	-8.074916e-02	3.577337e-01
5.576447e-01	6.915756e-01	-1.016782e-01
5.498861e-01	7.102877e-01	-8.154674e-02
5.447124e-01	7.099184e-01	-8.164234e-02
5.397330e-01	7.092608e-01	-8.166149e-02
5.632761e-01	7.102500e-01	-7.625709e-02
5.673926e-01	7.098857e-01	-7.638711e-02
5.723183e-01	7.092670e-01	-7.633837e-02
5.333174e-01	6.964489e-01	3.174081e-02
5.767451e-01	6.954356e-01	5.553197e-02
5.490574e-01	6.670703e-01	-6.050058e-02
5.652996e-01	6.666627e-01	-5.302326e-02
5.091056e-01	5.895530e-01	-8.204053e-03
5.998899e-01	5.918718e-01	5.967582e-02
5.121384e-01	5.619724e-01	-3.458505e-01
6.087625e-01	5.861249e-01	-1.373099e-01
5.144377e-01	5.509217e-01	-7.017549e-01
6.142725e-01	5.833176e-01	-3.356892e-01
5.182329e-01	5.517736e-01	-7.760918e-01
6.183627e-01	6.044029e-01	-3.839877e-01
5.213913e-01	5.494202e-01	-7.733491e-01
6.161852e-01	6.019251e-01	-3.905680e-01
5.273684e-01	5.496979e-01	-7.104251e-01
6.114357e-01	5.876506e-01	-3.479292e-01
5.268156e-01	2.569095e-01	-1.126018e-02
5.992990e-01	2.664679e-01	1.132386e-02
5.215368e-01	5.264408e-02	-5.228257e-02
6.048797e-01	4.852926e-02	-1.198584e-02
5.347414e-01	4.622179e-02	3.611489e-01
5.949330e-01	3.499749e-02	3.647870e-01
5.311068e-01	-3.490271e-03	4.041304e-01
5.981121e-01	-4.529017e-03	4.049892e-01
5.295059e-01	-5.523964e-02	3.568770e-01
5.912238e-01	-3.568675e-02	3.524971e-01
5.566750e-01	6.900474e-01	-1.057469e-01
5.492997e-01	7.100059e-01	-8.668619e-02
5.440034e-01	7.098129e-01	-8.677717e-02
5.392107e-01	7.092634e-01	-8.681231e-02
5.629385e-01	7.094432e-01	-8.226864e-02
5.672178e-01	7.090570e-01	-8.239528e-02
5.722405e-01	7.082887e-01	-8.236067e-02
5.325121e-01	6.966391e-01	2.578620e-02
5.767544e-01	6.948572e-01	5.521028e-02
5.476660e-01	6.665589e-01	-6.406830e-02
5.645198e-01	6.652061e-01	-5.873339e-02
5.045492e-01	5.874290e-01	1.426046e-02
6.011108e-01	5.891107e-01	5.849168e-02
5.105840e-01	5.069484e-01	-2.205301e-01
6.124603e-01	5.486884e-01	-4.588103e-02
5.139577e-01	4.953790e-01	-5.052610e-01
6.164153e-01	5.434405e-01	-2.527435e-01
5.163430e-01	4.940787e-01	-5.608538e-01
6.209251e-01	5.507154e-01	-2.837879e-01
5.203241e-01	4.923263e-01	-5.708719e-01
6.180654e-01	5.516934e-01	-3.069906e-01
5.250303e-01	4.935333e-01	-5.161517e-01
6.131896e-01	5.462850e-01	-2.617204e-01
5.253296e-01	2.528120e-01	-6.390851e-03
5.991791e-01	2.615607e-01	6.551892e-03
5.190850e-01	4.062138e-02	-7.826580e-02
6.048439e-01	3.541712e-02	-3.188860e-02
5.347801e-01	5.200062e-02	3.634982e-01
5.944545e-01	3.601383e-02	3.640136e-01
5.343649e-01	6.005103e-02	4.109307e-01
5.978578e-01	4.807639e-02	4.098825e-01
5.334449e-01	1.510063e-03	3.615955e-01
5.889795e-01	-5.375923e-03	3.842800e-01
5.560073e-01	6.906621e-01	-2.047373e-01
5.490068e-01	7.112891e-01	-1.890300e-01
5.437050e-01	7.112246e-01	-1.891390e-01
5.388811e-01	7.105716e-01	-1.892758e-01
5.626293e-01	7.103714e-01	-1.843354e-01
5.669968e-01	7.096440e-01	-1.844339e-01
5.720717e-01	7.086579e-01	-1.844746e-01
5.318223e-01	6.977736e-01	-7.642788e-02
5.766743e-01	6.953267e-01	-5.500629e-02
5.464381e-01	6.674176e-01	-1.622124e-01
5.635398e-01	6.660779e-01	-1.560766e-01
5.011871e-01	5.835413e-01	-2.343030e-02
6.029979e-01	5.854860e-01	2.932755e-02
5.048386e-01	4.559195e-01	-3.488505e-02
6.145284e-01	4.697501e-01	7.078168e-02
5.126509e-01	4.301518e-01	-9.667988e-02
6.158432e-01	5.279189e-01	1.408692e-02
5.150747e-01	4.169440e-01	-1.113647e-01
6.170027e-01	5.278137e-01	-3.136070e-03
5.186235e-01	4.155105e-01	-1.410602e-01
6.154402e-01	5.458059e-01	-1.252213e-02
5.239418e-01	4.229584e-01	-1.070305e-01
6.120839e-01	5.452808e-01	9.064702e-03
5.250418e-01	2.535253e-01	-9.110165e-03
5.990411e-01	2.616955e-01	9.302869e-03
5.185706e-01	3.904272e-02	-8.980303e-02
6.048477e-01	3.169677e-02	-3.204924e-02
5.342081e-01	6.809524e-02	3.724131e-01
5.911727e-01	5.914773e-02	3.880196e-01
5.344492e-01	8.782010e-02	4.244305e-01
5.924807e-01	8.128107e-02	4.375200e-01
5.344453e-01	2.873153e-02	4.194381e-01
5.871768e-01	2.457880e-02	4.281362e-01
5.545551e-01	6.907701e-01	-2.721909e-01
5.479521e-01	7.117332e-01	-2.582480e-01
5.425457e-01	7.116015e-01	-2.583329e-01
5.380421e-01	7.108573e-01	-2.584600e-01
5.615355e-01	7.110195e-01	-2.561847e-01
5.658629e-01	7.103419e-01	-2.562940e-01
5.710368e-01	7.093168e-01	-2.562712e-01
5.309496e-01	6.980214e-01	-1.466205e-01
5.761260e-01	6.964540e-01	-1.419616e-01
5.449891e-01	6.675983e-01	-2.299068e-01
5.622839e-01	6.666880e-01	-2.279504e-01
4.988701e-01	5.784530e-01	-7.338914e-02
6.065348e-01	5.841796e-01	-3.336493e-02
5.005873e-01	4.276776e-01	9.077063e-02
6.152406e-01	4.480422e-01	1.822301e-01
5.162051e-01	3.379180e-01	2.417112e-01
6.112818e-01	3.489389e-01	3.282606e-01
5.198141e-01	3.097185e-01	2.583632e-01
6.082339e-01	3.179568e-01	3.436836e-01
5.231797e-01	3.109593e-01	2.233511e-01
6.058689e-01	3.258977e-01	3.215812e-01
5.255530e-01	3.195582e-01	2.336979e-01
6.046150e-01	3.345675e-01	3.240049e-01
5.256895e-01	2.541947e-01	-6.288455e-03
5.990680e-01	2.638635e-01	6.377402e-03
5.188651e-01	3.929080e-02	-5.261820e-02
6.048430e-01	3.326507e-02	-4.383263e-02
5.362450e-01	8.986970e-02	4.243545e-01
5.909253e-01	8.424533e-02	3.887804e-01
5.396004e-01	1.094859e-01	4.774042e-01
5.912231e-01	1.046306e-01	4.386949e-01
5.431401e-01	3.851028e-02	4.872371e-01
5.869391e-01	4.397334e-02	4.354755e-01
5.533524e-01	6.907842e-01	-2.069382e-01
5.470396e-01	7.117309e-01	-1.882772e-01
5.417037e-01	7.115726e-01	-1.883650e-01
5.374742e-01	7.108352e-01	-1.884499e-01
5.604172e-01	7.110582e-01	-1.846868e-01
5.646658e-01	7.104326e-01	-1.848143e-01
5.697190e-01	7.094821e-01	-1.847854e-01
5.304587e-01	6.980288e-01	-7.991872e-02
5.749582e-01	6.970360e-01	-6.654678e-02
5.439672e-01	6.676072e-01	-1.663409e-01
5.610399e-01	6.670245e-01	-1.619487e-01
4.990362e-01	5.784063e-01	-6.488860e-02
6.070929e-01	5.845474e-01	-5.761883e-03
4.969344e-01	4.306013e-01	4.044504e-02
6.154615e-01	4.536102e-01	9.977747e-02
5.101361e-01	3.306039e-01	3.233889e-02
6.131392e-01	3.455505e-01	6.579451e-02
5.103596e-01	2.854984e-01	1.152865e-02
6.121671e-01	3.098992e-01	4.011043e-02
5.199814e-01	2.851703e-01	-2.467807e-02
6.095579e-01	3.164894e-01	1.600859e-02
5.218557e-01	3.032044e-01	1.946341e-02
6.072484e-01	3.252959e-01	5.381398e-02
5.278591e-01	2.552827e-01	-4.747973e-03
5.997068e-01	2.667615e-01	4.932511e-03
5.193825e-01	4.014614e-02	-6.247481e-02
6.049638e-01	3.968623e-02	-7.104924e-02
5.371746e-01	7.706707e-02	4.085970e-01
5.911320e-01	7.298232e-02	3.596774e-01
5.416816e-01	1.045457e-01	4.601226e-01
5.906346e-01	1.005421e-01	4.067565e-01
5.431885e-01	3.162940e-02	4.549823e-01
5.868371e-01	4.285344e-02	3.928028e-01
5.526278e-01	6.914123e-01	-1.214615e-01
5.460423e-01	7.117276e-01	-1.032643e-01
5.407320e-01	7.115180e-01	-1.033115e-01
5.366721e-01	7.107875e-01	-1.033888e-01
5.594487e-01	7.112340e-01	-9.955045e-02
5.637881e-01	7.107645e-01	-9.961461e-02
5.688420e-01	7.100441e-01	-9.948593e-02
5.300767e-01	6.980274e-01	-5.593112e-03
5.746820e-01	6.982477e-01	7.757569e-03
5.436133e-01	6.676170e-01	-8.622483e-02
5.607309e-01	6.677721e-01	-8.209113e-02
4.994890e-01	5.775280e-01	-1.488173e-03
6.078312e-01	5.842060e-01	5.460981e-02
4.972052e-01	4.235312e-01	2.923639e-02
6.164886e-01	4.542318e-01	7.644617e-02
5.045668e-01	3.023463e-01	-5.379505e-03
6.146377e-01	3.505401e-01	-3.680789e-04
5.044109e-01	2.559794e-01	-3.420488e-02
6.131564e-01	3.078599e-01	2.018585e-02
5.165948e-01	2.602804e-01	-6.850756e-02
6.099396e-01	3.153296e-01	-6.938512e-02
5.191070e-01	2.784691e-01	-1.900839e-02
6.082897e-01	3.295951e-01	7.466891e-03
5.299647e-01	2.556717e-01	-5.013502e-03
6.000484e-01	2.671353e-01	5.210611e-03
5.199401e-01	4.231548e-02	-1.020513e-01
6.048912e-01	4.077354e-02	-8.113598e-02
5.407165e-01	7.829647e-02	4.013419e-01
5.911589e-01	7.439884e-02	3.634561e-01
5.476563e-01	9.868281e-02	4.529519e-01
5.903130e-01	9.618722e-02	4.119782e-01
5.477769e-01	3.633754e-02	4.629353e-01
5.867659e-01	4.061544e-02	4.052339e-01
5.523030e-01	6.925481e-01	-7.813393e-02
5.457195e-01	7.117498e-01	-5.591626e-02
5.403849e-01	7.115173e-01	-5.596655e-02
5.363305e-01	7.107900e-01	-5.600108e-02
5.590645e-01	7.114267e-01	-5.316660e-02
5.633759e-01	7.109872e-01	-5.324018e-02
5.685229e-01	7.103996e-01	-5.307901e-02
5.300330e-01	6.982143e-01	5.290761e-02
5.745976e-01	6.990469e-01	6.241525e-02
5.433739e-01	6.679124e-01	-4.000501e-02
5.605270e-01	6.687140e-01	-3.701799e-02
4.996195e-01	5.763392e-01	4.696136e-02
6.080873e-01	5.836031e-01	9.689213e-02
4.970255e-01	4.155138e-01	3.417162e-02
6.172279e-01	4.419633e-01	7.931773e-02
5.023251e-01	2.835231e-01	-5.152209e-02
6.192775e-01	3.289776e-01	-6.859633e-02
4.996541e-01	2.294692e-01	-9.029318e-02
6.212586e-01	2.780579e-01	-1.126855e-01
5.133600e-01	2.277094e-01	-1.233466e-01
6.130480e-01	2.811269e-01	-1.493894e-01
5.177462e-01	2.468054e-01	-6.625666e-02
6.093341e-01	2.961964e-01	-8.330276e-02
5.298522e-01	2.545162e-01	-4.071618e-03
5.990852e-01	2.657865e-01	4.321899e-03
5.193864e-01	4.250486e-02	-1.203777e-01
6.048205e-01	4.105653e-02	-9.709319e-02
5.422064e-01	7.747427e-02	4.001368e-01
5.911726e-01	7.218231e-02	3.440244e-01
5.489206e-01	9.498983e-02	4.494263e-01
5.903087e-01	9.233369e-02	3.920754e-01
5.504641e-01	3.382700e-02	4.586361e-01
5.873089e-01	3.939221e-02	3.914980e-01
5.517760e-01	6.928822e-01	-1.255761e-01
5.452841e-01	7.117525e-01	-1.017705e-01
5.398741e-01	7.115079e-01	-1.017450e-01
5.359549e-01	7.107899e-01	-1.018064e-01
5.586825e-01	7.115145e-01	-1.059489e-01
5.629394e-01	7.110878e-01	-1.060113e-01
5.682117e-01	7.105717e-01	-1.058714e-01
5.298421e-01	6.984378e-01	1.363275e-02
5.745133e-01	6.998760e-01	-2.801250e-03
5.428546e-01	6.679500e-01	-8.540504e-02
5.602496e-01	6.689710e-01	-9.063222e-02
4.984253e-01	5.758184e-01	2.313158e-02
6.086298e-01	5.818743e-01	3.283209e-02
4.966881e-01	4.071373e-01	5.607278e-04
6.177188e-01	4.211368e-01	6.681070e-02
5.007992e-01	2.654177e-01	-9.407675e-02
6.234273e-01	2.868473e-01	-9.154198e-02
4.969521e-01	2.139656e-01	-1.313917e-01
6.274918e-01	2.393672e-01	-1.330383e-01
5.106542e-01	2.103603e-01	-1.640293e-01
6.195303e-01	2.373229e-01	-1.674263e-01
5.159501e-01	2.277956e-01	-1.089440e-01
6.136039e-01	2.551945e-01	-1.088372e-01
5.297878e-01	2.523780e-01	-1.627282e-03
5.986061e-01	2.620122e-01	1.836652e-03
5.194250e-01	4.273506e-02	-1.102713e-01
6.047460e-01	3.826641e-02	-9.773568e-02
5.440902e-01	8.539825e-02	3.984133e-01
5.911908e-01	7.863859e-02	3.322621e-01
5.497342e-01	1.020356e-01	4.475785e-01
5.902300e-01	1.006735e-01	3.809478e-01
5.527925e-01	3.374650e-02	4.657046e-01
5.875008e-01	4.127405e-02	3.888612e-01
5.516628e-01	6.941043e-01	-1.979362e-01
5.450270e-01	7.124977e-01	-1.778122e-01
5.395343e-01	7.119845e-01	-1.778384e-01
5.356639e-01	7.111126e-01	-1.779297e-01
5.585120e-01	7.127320e-01	-1.780467e-01
5.627652e-01	7.123812e-01	-1.781422e-01
5.681393e-01	7.118556e-01	-1.780960e-01
5.295455e-01	6.988454e-01	-6.917924e-02
5.744912e-01	7.011192e-01	-7.050783e-02
5.427392e-01	6.684213e-01	-1.586234e-01
5.602651e-01	6.697949e-01	-1.591641e-01
4.977303e-01	5.759125e-01	-4.147971e-02
6.089634e-01	5.803429e-01	-2.834103e-02
4.968554e-01	4.062456e-01	-2.507843e-02
6.181232e-01	4.110800e-01	2.193845e-02
4.999911e-01	2.596392e-01	-1.150917e-01
6.276416e-01	2.661835e-01	-8.939533e-02
4.960687e-01	2.094431e-01	-1.499202e-01
6.320352e-01	2.189834e-01	-1.259731e-01
5.089165e-01	2.066736e-01	-1.791994e-01
6.252123e-01	2.162534e-01	-1.611808e-01
5.147024e-01	2.231009e-01	-1.293450e-01
6.190442e-01	2.326588e-01	-1.066440e-01
5.301669e-01	2.513044e-01	-9.065567e-04
5.987222e-01	2.604971e-01	1.066229e-03
5.194824e-01	4.275490e-02	-1.088288e-01
6.046973e-01	3.525649e-02	-9.236643e-02
5.452385e-01	9.878292e-02	3.962496e-01
5.913190e-01	9.516056e-02	3.404979e-01
5.517688e-01	1.159737e-01	4.475950e-01
5.903937e-01	1.357724e-01	3.905038e-01
5.574524e-01	4.070316e-02	4.784862e-01
5.881145e-01	5.090063e-02	4.051895e-01
5.512538e-01	6.945282e-01	-2.338656e-01
5.444168e-01	7.128216e-01	-2.139325e-01
5.388818e-01	7.121606e-01	-2.139589e-01
5.352236e-01	7.112300e-01	-2.139996e-01
5.581412e-01	7.133954e-01	-2.133650e-01
5.623918e-01	7.131653e-01	-2.135356e-01
5.678710e-01	7.127227e-01	-2.135253e-01
5.291523e-01	6.990490e-01	-1.025080e-01
5.744410e-01	7.020688e-01	-1.017513e-01
5.424910e-01	6.686103e-01	-1.931873e-01
5.602130e-01	6.701404e-01	-1.929581e-01
4.972661e-01	5.760059e-01	-6.467153e-02
6.101291e-01	5.795335e-01	-5.124792e-02
4.969234e-01	4.053442e-01	-3.314929e-02
6.190653e-01	4.090903e-01	4.113753e-03
4.995904e-01	2.511609e-01	-1.237560e-01
6.300663e-01	2.623056e-01	-9.292424e-02
4.948138e-01	2.037022e-01	-1.581340e-01
6.353185e-01	2.161700e-01	-1.270975e-01
5.067586e-01	2.017676e-01	-1.879243e-01
6.280188e-01	2.136136e-01	-1.638508e-01
5.128454e-01	2.183026e-01	-1.357753e-01
6.216315e-01	2.291857e-01	-1.099431e-01
5.301139e-01	2.514176e-01	-1.345614e-03
5.987113e-01	2.606009e-01	1.504154e-03
5.208674e-01	4.392235e-02	-9.271364e-02
6.039033e-01	3.517653e-02	-8.639687e-02
5.448298e-01	2.063901e-02	3.881528e-01
5.911940e-01	9.051158e-02	3.456202e-01
5.471059e-01	3.199815e-02	4.392170e-01
5.934353e-01	5.089225e-02	3.951650e-01
5.562930e-01	1.897431e-02	4.779741e-01
5.885100e-01	3.556901e-02	4.044585e-01
5.510647e-01	6.948319e-01	-2.447412e-01
5.441110e-01	7.131016e-01	-2.255161e-01
5.385457e-01	7.123414e-01	-2.255503e-01
5.349342e-01	7.113617e-01	-2.255766e-01
5.579678e-01	7.138509e-01	-2.248895e-01
5.622138e-01	7.136706e-01	-2.251035e-01
5.677323e-01	7.132283e-01	-2.251012e-01
5.288461e-01	6.992268e-01	-1.140000e-01
5.744176e-01	7.025778e-01	-1.135439e-01
5.423496e-01	6.686854e-01	-2.035977e-01
5.602034e-01	6.703644e-01	-2.034159e-01
4.969775e-01	5.755471e-01	-6.820549e-02
6.109885e-01	5.790600e-01	-5.842101e-02
4.965356e-01	4.046910e-01	-2.958265e-02
6.201904e-01	4.074783e-01	2.532092e-03
4.976898e-01	2.532814e-01	-1.182516e-01
6.318039e-01	2.608047e-01	-8.852850e-02
4.919997e-01	2.051199e-01	-1.497661e-01
6.374947e-01	2.148340e-01	-1.223606e-01
5.020624e-01	2.043675e-01	-1.865270e-01
6.302175e-01	2.120316e-01	-1.587480e-01
5.082266e-01	2.211891e-01	-1.334498e-01
6.239704e-01	2.276773e-01	-1.052690e-01
5.300983e-01	2.516984e-01	-1.602239e-03
5.991088e-01	2.606653e-01	1.753316e-03
5.280892e-01	4.948531e-02	-6.202922e-02
6.038216e-01	3.548625e-02	-6.805952e-02
5.445615e-01	-3.437937e-02	3.643863e-01
5.940597e-01	6.504337e-03	3.677554e-01
5.457267e-01	-3.640786e-02	4.091262e-01
5.965689e-01	7.843879e-03	4.161417e-01
5.563710e-01	-1.024072e-01	3.976857e-01
5.890893e-01	1.479987e-02	4.048029e-01
