4.939820e-01	8.349999e-01	-2.652885e-01
4.886587e-01	8.499369e-01	-2.492099e-01
4.842330e-01	8.501625e-01	-2.492533e-01
4.807177e-01	8.495222e-01	-2.492138e-01
4.991503e-01	8.487777e-01	-2.484099e-01
5.022980e-01	8.481974e-01	-2.484265e-01
5.061381e-01	8.471199e-01	-2.483585e-01
4.751161e-01	8.399720e-01	-1.422152e-01
5.097544e-01	8.375748e-01	-1.391068e-01
4.863518e-01	8.161782e-01	-2.245148e-01
4.993519e-01	8.146454e-01	-2.233757e-01
4.487468e-01	7.352044e-01	-6.753840e-02
5.307242e-01	7.343416e-01	-6.479201e-02
4.340743e-01	6.216422e-01	-2.594080e-02
5.429828e-01	6.136481e-01	-2.070105e-02
4.227541e-01	5.280988e-01	-9.117049e-02
5.500421e-01	5.027708e-01	-9.460894e-02
4.183684e-01	4.931379e-01	-1.135100e-01
5.557404e-01	4.687094e-01	-1.174187e-01
4.194771e-01	4.946994e-01	-1.461376e-01
5.516965e-01	4.680762e-01	-1.520698e-01
4.247707e-01	5.052557e-01	-1.064392e-01
5.470861e-01	4.797219e-01	-1.106825e-01
4.619029e-01	5.030946e-01	2.679021e-03
5.110573e-01	5.033928e-01	-2.657683e-03
4.518484e-01	3.225266e-01	-1.303619e-02
5.153641e-01	3.203286e-01	-1.059605e-02
4.450418e-01	1.376467e-01	7.889430e-02
5.163342e-01	1.449981e-01	1.053967e-01
4.515127e-01	1.109855e-01	8.015719e-02
5.102578e-01	1.213474e-01	1.091717e-01
4.187885e-01	8.788273e-02	-4.160390e-02
5.250005e-01	8.775255e-02	-1.120970e-02
4.936467e-01	8.350118e-01	-2.818400e-01
4.883001e-01	8.499426e-01	-2.659999e-01
4.841595e-01	8.501637e-01	-2.660609e-01
4.804879e-01	8.495542e-01	-2.660338e-01
4.987794e-01	8.487673e-01	-2.674217e-01
5.022379e-01	8.481425e-01	-2.674469e-01
5.060154e-01	8.470793e-01	-2.673825e-01
4.751023e-01	8.400580e-01	-1.561065e-01
5.097465e-01	8.376720e-01	-1.631766e-01
4.860651e-01	8.161792e-01	-2.392519e-01
4.990708e-01	8.146306e-01	-2.410795e-01
4.487364e-01	7.351325e-01	-6.829749e-02
5.307301e-01	7.346321e-01	-9.300037e-02
4.335229e-01	6.217533e-01	-1.971824e-02
5.430833e-01	6.153678e-01	-5.011098e-02
4.216339e-01	5.267060e-01	-8.707640e-02
5.514280e-01	5.047444e-01	-1.213271e-01
4.173855e-01	4.922184e-01	-1.079096e-01
5.570180e-01	4.690303e-01	-1.444795e-01
4.183466e-01	4.934198e-01	-1.421101e-01
5.521333e-01	4.681630e-01	-1.791164e-01
4.232305e-01	5.045107e-01	-1.027684e-01
5.478035e-01	4.798837e-01	-1.367455e-01
4.618162e-01	5.043157e-01	1.042091e-02
5.110444e-01	5.034060e-01	-1.043015e-02
4.524734e-01	3.231702e-01	-9.913718e-03
5.146992e-01	3.211031e-01	-3.057979e-02
4.450532e-01	1.373145e-01	7.901245e-02
5.160754e-01	1.438877e-01	6.956018e-02
4.518323e-01	1.092341e-01	8.022871e-02
5.102247e-01	1.193176e-01	7.175453e-02
4.186662e-01	8.833675e-02	-3.798256e-02
5.253466e-01	8.785480e-02	-5.100551e-02
4.934906e-01	8.350611e-01	-2.781207e-01
4.880927e-01	8.500125e-01	-2.622593e-01
4.841232e-01	8.502195e-01	-2.623162e-01
4.803525e-01	8.496761e-01	-2.622853e-01
4.985906e-01	8.487816e-01	-2.631901e-01
5.022249e-01	8.481407e-01	-2.632116e-01
5.059600e-01	8.470784e-01	-2.631451e-01
4.750946e-01	8.402250e-01	-1.534126e-01
5.097464e-01	8.378364e-01	-1.589400e-01
4.859166e-01	8.162137e-01	-2.361273e-01
4.989456e-01	8.146334e-01	-2.372367e-01
4.487334e-01	7.350334e-01	-6.506242e-02
5.307334e-01	7.347175e-01	-9.016375e-02
4.332690e-01	6.220922e-01	-1.247924e-02
5.432633e-01	6.164581e-01	-4.813228e-02
4.183706e-01	5.268445e-01	-8.123992e-02
5.532936e-01	5.076814e-01	-1.195214e-01
4.135770e-01	4.932943e-01	-1.013119e-01
5.589125e-01	4.715923e-01	-1.423616e-01
4.138036e-01	4.945678e-01	-1.358130e-01
5.536226e-01	4.704400e-01	-1.769303e-01
4.181347e-01	5.058467e-01	-9.709463e-02
5.495570e-01	4.828279e-01	-1.349564e-01
4.618580e-01	5.052658e-01	1.326448e-02
5.111514e-01	5.035284e-01	-1.327938e-02
4.528714e-01	3.235551e-01	-9.196629e-03
5.142032e-01	3.214197e-01	-3.618919e-02
4.450660e-01	1.371520e-01	7.787782e-02
5.159418e-01	1.432460e-01	6.072471e-02
4.521109e-01	1.084191e-01	7.887827e-02
5.102245e-01	1.182560e-01	6.271529e-02
4.186035e-01	8.873440e-02	-3.783423e-02
5.253731e-01	8.791410e-02	-5.919058e-02
4.934148e-01	8.351492e-01	-2.775877e-01
4.879668e-01	8.501313e-01	-2.614374e-01
4.841100e-01	8.503159e-01	-2.614785e-01
4.802857e-01	8.498313e-01	-2.614387e-01
4.984635e-01	8.488559e-01	-2.611642e-01
5.022154e-01	8.481714e-01	-2.611856e-01
5.059164e-01	8.471160e-01	-2.611181e-01
4.751002e-01	8.404061e-01	-1.528118e-01
5.097479e-01	8.380980e-01	-1.557857e-01
4.858573e-01	8.162810e-01	-2.358855e-01
4.988946e-01	8.146884e-01	-2.354726e-01
4.487700e-01	7.349882e-01	-6.276076e-02
5.308158e-01	7.347271e-01	-8.583095e-02
4.332347e-01	6.231472e-01	-9.529844e-03
5.435454e-01	6.168328e-01	-4.290044e-02
4.164131e-01	5.317533e-01	-7.735234e-02
5.555861e-01	5.110731e-01	-1.144711e-01
4.113042e-01	5.017104e-01	-9.686507e-02
5.616215e-01	4.756070e-01	-1.370438e-01
4.106239e-01	5.030591e-01	-1.310652e-01
5.568272e-01	4.743527e-01	-1.716968e-01
4.149184e-01	5.128332e-01	-9.315875e-02
5.528890e-01	4.869066e-01	-1.300944e-01
4.618538e-01	5.068269e-01	1.293548e-02
5.111558e-01	5.037440e-01	-1.295178e-02
4.530869e-01	3.239883e-01	-9.226748e-03
5.138246e-01	3.215687e-01	-3.680962e-02
4.450743e-01	1.370891e-01	7.372500e-02
5.157725e-01	1.428238e-01	5.785524e-02
4.522459e-01	1.080393e-01	7.443681e-02
5.101957e-01	1.176157e-01	5.965317e-02
4.185700e-01	8.913738e-02	-3.969216e-02
5.254085e-01	8.797468e-02	-6.177578e-02
4.933547e-01	8.352498e-01	-2.652727e-01
4.878586e-01	8.502336e-01	-2.490085e-01
4.840893e-01	8.503956e-01	-2.490746e-01
4.802190e-01	8.499438e-01	-2.490570e-01
4.983614e-01	8.489418e-01	-2.505346e-01
5.022045e-01	8.482212e-01	-2.505410e-01
5.058804e-01	8.471718e-01	-2.504616e-01
4.751031e-01	8.405313e-01	-1.408531e-01
5.097501e-01	8.383166e-01	-1.498959e-01
4.858211e-01	8.163518e-01	-2.236191e-01
4.988727e-01	8.147767e-01	-2.255800e-01
4.488191e-01	7.349615e-01	-5.503308e-02
5.309600e-01	7.347294e-01	-8.271998e-02
4.331540e-01	6.251309e-01	-2.188608e-03
5.444274e-01	6.172771e-01	-3.656008e-02
4.135648e-01	5.390235e-01	-7.079779e-02
5.589772e-01	5.159399e-01	-1.052460e-01
4.081715e-01	5.120299e-01	-9.030560e-02
5.660992e-01	4.825553e-01	-1.263509e-01
4.058846e-01	5.158008e-01	-1.249088e-01
5.617940e-01	4.817459e-01	-1.625561e-01
4.106686e-01	5.238010e-01	-8.665577e-02
5.574742e-01	4.938049e-01	-1.214461e-01
4.618880e-01	5.086190e-01	1.398930e-02
5.111755e-01	5.047861e-01	-1.401033e-02
4.532699e-01	3.243738e-01	-9.390037e-03
5.135604e-01	3.216852e-01	-4.083613e-02
4.450753e-01	1.368903e-01	7.085647e-02
5.156889e-01	1.424561e-01	5.084906e-02
4.522979e-01	1.074342e-01	7.139300e-02
5.101950e-01	1.171139e-01	5.243156e-02
4.185488e-01	8.940294e-02	-4.184783e-02
5.254928e-01	8.805880e-02	-6.907686e-02
4.932627e-01	8.352709e-01	-2.580520e-01
4.877299e-01	8.502442e-01	-2.405006e-01
4.840291e-01	8.503982e-01	-2.405773e-01
4.801137e-01	8.499545e-01	-2.405635e-01
4.982426e-01	8.489548e-01	-2.424298e-01
5.021733e-01	8.482256e-01	-2.424256e-01
5.058314e-01	8.471820e-01	-2.423209e-01
4.750936e-01	8.405650e-01	-1.288512e-01
5.097469e-01	8.384095e-01	-1.389715e-01
4.857529e-01	8.163554e-01	-2.155629e-01
4.988132e-01	8.147928e-01	-2.181220e-01
4.489295e-01	7.349597e-01	-4.850558e-02
5.309705e-01	7.346733e-01	-6.967385e-02
4.330338e-01	6.282158e-01	-2.196724e-04
5.458569e-01	6.174023e-01	-2.894518e-02
4.116519e-01	5.483285e-01	-7.330380e-02
5.625589e-01	5.182536e-01	-1.048926e-01
4.052519e-01	5.218640e-01	-9.410201e-02
5.697716e-01	4.853168e-01	-1.262573e-01
4.031011e-01	5.257295e-01	-1.285525e-01
5.670780e-01	4.843619e-01	-1.627406e-01
4.078851e-01	5.349338e-01	-8.933509e-02
5.625907e-01	4.963821e-01	-1.212854e-01
4.618382e-01	5.090590e-01	1.426421e-02
5.111427e-01	5.050648e-01	-1.427606e-02
4.533130e-01	3.245176e-01	-9.155007e-03
5.135654e-01	3.216623e-01	-3.978606e-02
4.450735e-01	1.364749e-01	7.131302e-02
5.156834e-01	1.420894e-01	5.430517e-02
4.523334e-01	1.066753e-01	7.189187e-02
5.102082e-01	1.167934e-01	5.606920e-02
4.185185e-01	8.970667e-02	-4.182831e-02
5.257140e-01	8.820855e-02	-6.481565e-02
4.932162e-01	8.352969e-01	-2.940355e-01
4.876532e-01	8.502613e-01	-2.761144e-01
4.839995e-01	8.504066e-01	-2.761935e-01
4.800594e-01	8.499742e-01	-2.761749e-01
4.981695e-01	8.489793e-01	-2.782723e-01
5.021560e-01	8.482413e-01	-2.782714e-01
5.058019e-01	8.472059e-01	-2.781735e-01
4.750886e-01	8.406414e-01	-1.566360e-01
5.097415e-01	8.385144e-01	-1.675200e-01
4.857047e-01	8.163671e-01	-2.483125e-01
4.987726e-01	8.148407e-01	-2.511656e-01
4.490053e-01	7.349619e-01	-6.324388e-02
5.309720e-01	7.346882e-01	-8.724431e-02
4.328860e-01	6.296349e-01	-8.044353e-03
5.467452e-01	6.175987e-01	-4.558704e-02
4.076506e-01	5.522857e-01	-8.890586e-02
5.677237e-01	5.195755e-01	-1.272104e-01
3.995593e-01	5.290037e-01	-1.100856e-01
5.757259e-01	4.858196e-01	-1.490231e-01
3.956878e-01	5.328360e-01	-1.483145e-01
5.753594e-01	4.850184e-01	-1.894697e-01
4.009691e-01	5.410578e-01	-1.063339e-01
5.706304e-01	4.968756e-01	-1.454091e-01
4.614873e-01	5.109708e-01	1.491656e-02
5.109154e-01	5.059088e-01	-1.493480e-02
4.532851e-01	3.247699e-01	-7.907523e-03
5.135391e-01	3.217664e-01	-3.820151e-02
4.449990e-01	1.360311e-01	7.491352e-02
5.156187e-01	1.418289e-01	5.941155e-02
4.523334e-01	1.057712e-01	7.556893e-02
5.101916e-01	1.164803e-01	6.134993e-02
4.183945e-01	8.986724e-02	-3.901204e-02
5.259120e-01	8.847353e-02	-6.117322e-02
4.931789e-01	8.353484e-01	-2.290178e-01
4.875984e-01	8.502961e-01	-2.089384e-01
4.839759e-01	8.504271e-01	-2.090213e-01
4.800243e-01	8.500067e-01	-2.090084e-01
4.981101e-01	8.490298e-01	-2.123955e-01
5.021371e-01	8.482846e-01	-2.123835e-01
5.057813e-01	8.472628e-01	-2.122624e-01
4.750891e-01	8.407407e-01	-9.269071e-02
5.097414e-01	8.386703e-01	-1.091761e-01
4.856791e-01	8.163999e-01	-1.855177e-01
4.987516e-01	8.149415e-01	-1.900653e-01
4.494827e-01	7.352582e-01	-2.022245e-02
5.309550e-01	7.347407e-01	-4.473405e-02
4.331516e-01	6.340657e-01	1.603707e-02
5.478426e-01	6.184610e-01	-1.418405e-02
4.086576e-01	5.718589e-01	-7.260102e-02
5.757843e-01	5.251906e-01	-1.020048e-01
3.994284e-01	5.511904e-01	-9.736029e-02
5.854627e-01	4.942104e-01	-1.269111e-01
3.963472e-01	5.538422e-01	-1.352842e-01
5.858705e-01	4.932153e-01	-1.683255e-01
4.018246e-01	5.608558e-01	-9.056030e-02
5.814791e-01	5.028277e-01	-1.214082e-01
4.606937e-01	5.122087e-01	1.630344e-02
5.099609e-01	5.062424e-01	-1.628105e-02
4.532827e-01	3.248360e-01	-7.514036e-03
5.135443e-01	3.218180e-01	-4.476101e-02
4.449726e-01	1.359608e-01	7.439862e-02
5.155523e-01	1.417481e-01	4.764676e-02
4.523602e-01	1.054280e-01	7.493667e-02
5.101621e-01	1.163081e-01	4.920483e-02
4.183680e-01	9.014920e-02	-3.880369e-02
5.260755e-01	8.872495e-02	-7.161842e-02
4.931774e-01	8.356133e-01	-2.277613e-01
4.875970e-01	8.505929e-01	-2.081758e-01
4.839737e-01	8.507080e-01	-2.082558e-01
4.800226e-01	8.503119e-01	-2.082313e-01
4.981039e-01	8.493289e-01	-2.103554e-01
5.021347e-01	8.485734e-01	-2.103363e-01
5.057783e-01	8.475613e-01	-2.102048e-01
4.750928e-01	8.410633e-01	-9.351546e-02
5.097400e-01	8.390014e-01	-1.040603e-01
4.856769e-01	8.166616e-01	-1.850124e-01
4.987476e-01	8.152835e-01	-1.878316e-01
4.496166e-01	7.355500e-01	-2.661063e-02
5.309564e-01	7.347617e-01	-3.506691e-02
4.331516e-01	6.358578e-01	-4.068402e-04
5.494104e-01	6.187742e-01	-6.198503e-03
4.079132e-01	5.801281e-01	-1.201332e-01
5.830170e-01	5.272791e-01	-9.628689e-02
3.965047e-01	5.570310e-01	-1.492343e-01
5.931004e-01	4.965199e-01	-1.210144e-01
3.937348e-01	5.595478e-01	-1.857873e-01
5.944098e-01	4.978389e-01	-1.633421e-01
4.001991e-01	5.682238e-01	-1.381135e-01
5.897605e-01	5.075161e-01	-1.160834e-01
4.597823e-01	5.129787e-01	1.585948e-02
5.092390e-01	5.062360e-01	-1.580261e-02
4.530278e-01	3.248309e-01	-1.086883e-02
5.133912e-01	3.218331e-01	-4.121364e-02
4.449046e-01	1.359098e-01	6.970040e-02
5.153571e-01	1.415184e-01	5.232393e-02
4.523391e-01	1.049595e-01	7.018860e-02
5.098976e-01	1.156656e-01	5.383480e-02
4.186205e-01	9.038728e-02	-4.271500e-02
5.261436e-01	8.900915e-02	-6.618971e-02
4.931716e-01	8.358023e-01	-2.309929e-01
4.875959e-01	8.508185e-01	-2.170345e-01
4.839677e-01	8.509533e-01	-2.170845e-01
4.800211e-01	8.505979e-01	-2.170777e-01
4.980991e-01	8.494923e-01	-2.184891e-01
5.021254e-01	8.487278e-01	-2.185220e-01
5.057763e-01	8.477190e-01	-2.184783e-01
4.750898e-01	8.414122e-01	-1.090155e-01
5.097119e-01	8.392486e-01	-1.173280e-01
4.856653e-01	8.168902e-01	-1.922886e-01
4.987329e-01	8.155168e-01	-1.943085e-01
4.496363e-01	7.356441e-01	-3.186182e-02
5.309566e-01	7.350693e-01	-4.670320e-02
4.327601e-01	6.353403e-01	-2.823072e-02
5.505676e-01	6.201730e-01	-1.050164e-02
4.017681e-01	5.789209e-01	-1.492921e-01
5.868729e-01	5.329565e-01	-1.078644e-01
3.878711e-01	5.551170e-01	-1.778192e-01
5.990559e-01	5.035942e-01	-1.318904e-01
3.845072e-01	5.580670e-01	-2.154586e-01
6.006791e-01	5.055507e-01	-1.755515e-01
3.911615e-01	5.665413e-01	-1.677755e-01
5.949625e-01	5.142500e-01	-1.285577e-01
4.597532e-01	5.128343e-01	1.460169e-02
5.092028e-01	5.056270e-01	-1.454776e-02
4.529044e-01	3.248522e-01	-1.169041e-02
5.131752e-01	3.217721e-01	-3.783616e-02
4.449039e-01	1.359178e-01	7.023927e-02
5.153548e-01	1.411352e-01	5.518258e-02
4.523429e-01	1.048011e-01	7.080133e-02
5.098379e-01	1.147373e-01	5.735887e-02
4.191924e-01	9.059247e-02	-4.331268e-02
5.263100e-01	8.902708e-02	-6.294919e-02
4.931245e-01	8.360217e-01	-2.931876e-01
4.875831e-01	8.510876e-01	-2.748628e-01
4.839316e-01	8.512588e-01	-2.749428e-01
4.800124e-01	8.509389e-01	-2.749182e-01
4.980692e-01	8.497037e-01	-2.768225e-01
5.020581e-01	8.489468e-01	-2.768058e-01
5.057492e-01	8.479307e-01	-2.766904e-01
4.750844e-01	8.417956e-01	-1.537193e-01
5.096698e-01	8.395166e-01	-1.634104e-01
4.856371e-01	8.172030e-01	-2.475258e-01
4.986934e-01	8.157687e-01	-2.500881e-01
4.496896e-01	7.358388e-01	-7.053583e-02
5.310186e-01	7.355171e-01	-7.666661e-02
4.325705e-01	6.359133e-01	-4.550423e-02
5.529698e-01	6.211987e-01	-4.410494e-02
3.934802e-01	5.803887e-01	-1.551728e-01
5.959918e-01	5.402369e-01	-1.390762e-01
3.807079e-01	5.574993e-01	-1.810494e-01
6.106648e-01	5.118180e-01	-1.613417e-01
3.776340e-01	5.611925e-01	-2.219734e-01
6.133463e-01	5.166238e-01	-2.069354e-01
3.831770e-01	5.686199e-01	-1.744630e-01
6.070062e-01	5.253012e-01	-1.603694e-01
4.598358e-01	5.130317e-01	1.426068e-02
5.092114e-01	5.056377e-01	-1.421819e-02
4.528709e-01	3.248702e-01	-6.538472e-03
5.128262e-01	3.217481e-01	-3.147440e-02
4.449130e-01	1.359286e-01	7.629846e-02
5.153433e-01	1.410473e-01	6.334051e-02
4.523746e-01	1.048020e-01	7.674614e-02
5.097810e-01	1.145441e-01	6.535044e-02
4.197581e-01	9.091359e-02	-4.086623e-02
5.263246e-01	8.903686e-02	-5.695962e-02
4.931047e-01	8.361718e-01	-2.997721e-01
4.875789e-01	8.512547e-01	-2.808433e-01
4.839194e-01	8.514455e-01	-2.809292e-01
4.800104e-01	8.511606e-01	-2.808996e-01
4.980474e-01	8.498272e-01	-2.822933e-01
5.019974e-01	8.490729e-01	-2.822648e-01
5.057198e-01	8.480563e-01	-2.821447e-01
4.750838e-01	8.420474e-01	-1.579259e-01
5.095939e-01	8.396994e-01	-1.650003e-01
4.856256e-01	8.174111e-01	-2.533578e-01
4.986684e-01	8.159406e-01	-2.551480e-01
4.496891e-01	7.362754e-01	-7.463820e-02
5.310420e-01	7.362135e-01	-7.586327e-02
4.317645e-01	6.366072e-01	-5.319308e-02
5.552480e-01	6.226818e-01	-4.327270e-02
3.884338e-01	5.869844e-01	-1.706964e-01
6.039947e-01	5.491949e-01	-1.396227e-01
3.755657e-01	5.688056e-01	-1.977272e-01
6.201416e-01	5.198985e-01	-1.621820e-01
3.723898e-01	5.740653e-01	-2.384499e-01
6.227552e-01	5.277625e-01	-2.078188e-01
3.778045e-01	5.794923e-01	-1.902640e-01
6.163375e-01	5.376952e-01	-1.610121e-01
4.598833e-01	5.136489e-01	1.377835e-02
5.091370e-01	5.058132e-01	-1.374038e-02
4.527863e-01	3.249318e-01	-6.867709e-03
5.125745e-01	3.217463e-01	-2.764860e-02
4.449221e-01	1.359304e-01	7.632110e-02
5.152978e-01	1.410167e-01	6.731016e-02
4.524392e-01	1.047834e-01	7.683680e-02
5.096568e-01	1.144390e-01	6.918658e-02
4.201493e-01	9.113924e-02	-4.113405e-02
5.263369e-01	8.904927e-02	-5.404033e-02
4.931030e-01	8.362407e-01	-2.896031e-01
4.875827e-01	8.513231e-01	-2.709697e-01
4.839220e-01	8.515288e-01	-2.710533e-01
4.800196e-01	8.512855e-01	-2.710208e-01
4.980448e-01	8.498576e-01	-2.722130e-01
5.019852e-01	8.490978e-01	-2.721867e-01
5.057129e-01	8.480847e-01	-2.720768e-01
4.750862e-01	8.422498e-01	-1.502612e-01
5.095245e-01	8.397809e-01	-1.572361e-01
4.856231e-01	8.175415e-01	-2.438190e-01
4.986589e-01	8.160015e-01	-2.453968e-01
4.496891e-01	7.366486e-01	-6.933659e-02
5.310239e-01	7.366269e-01	-6.713773e-02
4.307609e-01	6.376344e-01	-4.499204e-02
5.568037e-01	6.254435e-01	-3.895626e-02
3.838955e-01	5.986483e-01	-1.630517e-01
6.101730e-01	5.655439e-01	-1.331055e-01
3.713652e-01	5.831230e-01	-1.896368e-01
6.260598e-01	5.388271e-01	-1.562941e-01
3.680659e-01	5.910229e-01	-2.301935e-01
6.291870e-01	5.466811e-01	-2.005370e-01
3.732608e-01	5.958002e-01	-1.829911e-01
6.225334e-01	5.560968e-01	-1.540525e-01
4.599047e-01	5.136920e-01	1.313620e-02
5.086116e-01	5.058221e-01	-1.309020e-02
4.525814e-01	3.249319e-01	-6.985779e-03
5.121894e-01	3.217033e-01	-2.730649e-02
4.449582e-01	1.359275e-01	7.841995e-02
5.152265e-01	1.409884e-01	6.966133e-02
4.525396e-01	1.047447e-01	7.953353e-02
5.095470e-01	1.143671e-01	7.161225e-02
4.203179e-01	9.129710e-02	-3.804781e-02
5.263364e-01	8.905756e-02	-5.210903e-02
4.931199e-01	8.362469e-01	-2.842174e-01
4.876032e-01	8.513443e-01	-2.657926e-01
4.839538e-01	8.515621e-01	-2.658760e-01
4.800499e-01	8.513605e-01	-2.658473e-01
4.980453e-01	8.498634e-01	-2.670717e-01
5.019814e-01	8.491021e-01	-2.670507e-01
5.057094e-01	8.480891e-01	-2.669423e-01
4.751023e-01	8.424500e-01	-1.470155e-01
5.094833e-01	8.398397e-01	-1.555977e-01
4.856310e-01	8.175741e-01	-2.391326e-01
4.986554e-01	8.160063e-01	-2.408282e-01
4.496894e-01	7.366605e-01	-6.397596e-02
5.310237e-01	7.370360e-01	-6.416871e-02
4.281216e-01	6.373930e-01	-3.759465e-02
5.579766e-01	6.277227e-01	-3.743816e-02
3.741753e-01	6.154459e-01	-1.464472e-01
6.139506e-01	5.833760e-01	-1.450849e-01
3.602137e-01	5.988010e-01	-1.719956e-01
6.298014e-01	5.607190e-01	-1.706672e-01
3.575588e-01	6.084203e-01	-2.122758e-01
6.333300e-01	5.705293e-01	-2.156394e-01
3.643282e-01	6.143067e-01	-1.659056e-01
6.267556e-01	5.789462e-01	-1.673224e-01
4.599201e-01	5.135689e-01	1.349816e-02
5.084735e-01	5.057448e-01	-1.346269e-02
4.524787e-01	3.248891e-01	-5.955060e-03
5.119839e-01	3.216582e-01	-2.847486e-02
4.450952e-01	1.359262e-01	8.275045e-02
5.151777e-01	1.410110e-01	6.920384e-02
4.526532e-01	1.047426e-01	8.423452e-02
5.095055e-01	1.143748e-01	7.104768e-02
4.202420e-01	9.134895e-02	-3.021518e-02
5.262376e-01	8.906251e-02	-5.250383e-02
4.931563e-01	8.362535e-01	-2.823647e-01
4.876436e-01	8.513499e-01	-2.654759e-01
4.840112e-01	8.515764e-01	-2.655170e-01
4.800892e-01	8.514119e-01	-2.654667e-01
4.980622e-01	8.498558e-01	-2.660509e-01
5.019915e-01	8.490834e-01	-2.660452e-01
5.057087e-01	8.480816e-01	-2.659357e-01
4.751205e-01	8.425831e-01	-1.388431e-01
5.094493e-01	8.398651e-01	-1.485761e-01
4.856463e-01	8.176106e-01	-2.376576e-01
4.986562e-01	8.160105e-01	-2.402931e-01
4.499392e-01	7.366309e-01	-4.804447e-02
5.310107e-01	7.372850e-01	-6.246512e-02
4.274412e-01	6.373003e-01	-3.846426e-02
5.595167e-01	6.302183e-01	-3.857336e-02
3.734517e-01	6.365556e-01	-1.785583e-01
6.202058e-01	6.006541e-01	-1.451655e-01
3.595201e-01	6.304296e-01	-2.065719e-01
6.368191e-01	5.809882e-01	-1.701601e-01
3.578344e-01	6.447132e-01	-2.451553e-01
6.412885e-01	5.932695e-01	-2.137450e-01
3.644158e-01	6.467165e-01	-1.989933e-01
6.340525e-01	5.994443e-01	-1.667976e-01
4.600485e-01	5.135346e-01	1.560449e-02
5.084857e-01	5.059959e-01	-1.557429e-02
4.524769e-01	3.247963e-01	-4.129778e-03
5.117394e-01	3.216744e-01	-3.233050e-02
4.453065e-01	1.359035e-01	8.664282e-02
5.151682e-01	1.411676e-01	6.593429e-02
4.529584e-01	1.047223e-01	8.849303e-02
5.094970e-01	1.145359e-01	6.793482e-02
4.201819e-01	9.135156e-02	-2.446373e-02
5.261673e-01	8.906610e-02	-5.494272e-02
4.931816e-01	8.362592e-01	-2.272063e-01
4.876696e-01	8.513674e-01	-2.067192e-01
4.840479e-01	8.516055e-01	-2.068146e-01
4.801185e-01	8.514813e-01	-2.068026e-01
4.980727e-01	8.498531e-01	-2.090200e-01
5.019951e-01	8.490679e-01	-2.089931e-01
5.057067e-01	8.480721e-01	-2.088611e-01
4.751352e-01	8.426642e-01	-8.578646e-02
5.093866e-01	8.398698e-01	-9.711355e-02
4.856595e-01	8.176264e-01	-1.826211e-01
4.986553e-01	8.160130e-01	-1.856948e-01
4.502425e-01	7.365995e-01	-3.760824e-03
5.309591e-01	7.375633e-01	-3.024935e-02
4.252881e-01	6.388358e-01	-1.071170e-02
5.614094e-01	6.333555e-01	-1.366896e-02
3.717063e-01	6.576608e-01	-1.718728e-01
6.238218e-01	6.222030e-01	-1.078811e-01
3.561948e-01	6.622738e-01	-2.020640e-01
6.433677e-01	6.088088e-01	-1.307652e-01
3.551095e-01	6.762124e-01	-2.256947e-01
6.459184e-01	6.206607e-01	-1.697566e-01
3.620008e-01	6.760646e-01	-1.914937e-01
6.380938e-01	6.243669e-01	-1.281115e-01
4.601534e-01	5.134323e-01	1.834574e-02
5.084881e-01	5.064723e-01	-1.829641e-02
4.524728e-01	3.246373e-01	-1.417071e-03
5.115789e-01	3.216711e-01	-4.198634e-02
4.454691e-01	1.357968e-01	8.957147e-02
5.151923e-01	1.412414e-01	5.549104e-02
4.532331e-01	1.046186e-01	9.177418e-02
5.095624e-01	1.145822e-01	5.779951e-02
4.201023e-01	9.134994e-02	-1.718728e-02
5.261672e-01	8.902362e-02	-6.255563e-02
4.931832e-01	8.361925e-01	-1.566607e-01
4.876710e-01	8.513159e-01	-1.349625e-01
4.840494e-01	8.515591e-01	-1.350518e-01
4.801202e-01	8.514675e-01	-1.350397e-01
4.980714e-01	8.497564e-01	-1.368809e-01
5.019821e-01	8.489661e-01	-1.368693e-01
5.056907e-01	8.480083e-01	-1.367310e-01
4.751349e-01	8.426698e-01	-2.117032e-02
5.092826e-01	8.398641e-01	-3.084198e-02
4.856696e-01	8.175889e-01	-1.155465e-01
4.986537e-01	8.159447e-01	-1.180765e-01
4.504337e-01	7.365592e-01	4.510853e-02
5.308131e-01	7.377368e-01	1.855445e-02
4.224079e-01	6.427320e-01	1.913383e-02
5.623211e-01	6.393866e-01	2.811709e-02
3.735163e-01	6.798572e-01	-1.191571e-01
6.228271e-01	6.439962e-01	-5.696822e-02
3.586542e-01	6.946717e-01	-1.450884e-01
6.421540e-01	6.377707e-01	-7.991891e-02
3.587258e-01	7.070633e-01	-1.694326e-01
6.447079e-01	6.507584e-01	-1.130554e-01
3.651753e-01	7.050883e-01	-1.357425e-01
6.369404e-01	6.529435e-01	-7.514917e-02
4.602913e-01	5.128603e-01	1.931370e-02
5.084924e-01	5.067551e-01	-1.922648e-02
4.524643e-01	3.243676e-01	1.111286e-03
5.115262e-01	3.216656e-01	-4.596361e-02
4.456294e-01	1.357866e-01	9.317169e-02
5.152377e-01	1.413090e-01	5.049058e-02
4.534494e-01	1.046134e-01	9.611988e-02
5.096869e-01	1.147073e-01	5.307497e-02
4.199790e-01	9.135159e-02	-7.638830e-03
5.261654e-01	8.894760e-02	-6.478516e-02
4.931830e-01	8.360847e-01	-1.491937e-01
4.876712e-01	8.512121e-01	-1.285152e-01
4.840476e-01	8.514609e-01	-1.286052e-01
4.801181e-01	8.514150e-01	-1.285950e-01
4.980707e-01	8.496052e-01	-1.290639e-01
5.019745e-01	8.488141e-01	-1.290599e-01
5.056820e-01	8.479086e-01	-1.289292e-01
4.751004e-01	8.426660e-01	-1.878875e-02
5.092428e-01	8.398361e-01	-2.239278e-02
4.856733e-01	8.175033e-01	-1.094953e-01
4.986485e-01	8.158200e-01	-1.103384e-01
4.503925e-01	7.366217e-01	4.112580e-02
5.307821e-01	7.378852e-01	2.811042e-02
4.194794e-01	6.459288e-01	4.433110e-03
5.649624e-01	6.432468e-01	3.249705e-02
3.766350e-01	6.949723e-01	-1.324655e-01
6.247112e-01	6.702179e-01	-6.173985e-02
3.625826e-01	7.087381e-01	-1.612887e-01
6.439111e-01	6.678829e-01	-8.685677e-02
3.624844e-01	7.199309e-01	-1.745748e-01
6.450767e-01	6.779420e-01	-1.176639e-01
3.687756e-01	7.173588e-01	-1.459877e-01
6.369209e-01	6.796274e-01	-7.941519e-02
4.603435e-01	5.108472e-01	1.901685e-02
5.084948e-01	5.066243e-01	-1.897305e-02
4.524638e-01	3.240780e-01	1.098730e-03
5.115165e-01	3.216328e-01	-4.350196e-02
4.457495e-01	1.357833e-01	9.585608e-02
5.152698e-01	1.414060e-01	5.075497e-02
4.535616e-01	1.046139e-01	9.932555e-02
5.097356e-01	1.148863e-01	5.429657e-02
4.199263e-01	9.134549e-02	-5.228603e-03
5.261735e-01	8.891971e-02	-6.081762e-02
4.931797e-01	8.358364e-01	-1.570681e-01
4.876687e-01	8.508692e-01	-1.359014e-01
4.840448e-01	8.510624e-01	-1.359905e-01
4.801148e-01	8.510826e-01	-1.359712e-01
4.980574e-01	8.493235e-01	-1.359693e-01
5.019289e-01	8.485663e-01	-1.359740e-01
5.056444e-01	8.477536e-01	-1.358223e-01
4.750985e-01	8.425516e-01	-2.137899e-02
5.092259e-01	8.397831e-01	-2.333241e-02
4.856916e-01	8.172644e-01	-1.155194e-01
4.986456e-01	8.156469e-01	-1.159644e-01
4.503849e-01	7.367789e-01	4.112395e-02
5.311180e-01	7.383137e-01	3.386441e-02
4.146350e-01	6.475013e-01	-6.527558e-04
5.677154e-01	6.469646e-01	1.706887e-02
3.766418e-01	7.162903e-01	-1.555936e-01
6.230097e-01	6.912442e-01	-1.581244e-01
3.625123e-01	7.295550e-01	-1.855468e-01
6.422527e-01	6.985446e-01	-1.941463e-01
3.637618e-01	7.381662e-01	-2.009797e-01
6.420838e-01	7.113634e-01	-2.146443e-01
3.702667e-01	7.341975e-01	-1.685599e-01
6.334047e-01	7.092537e-01	-1.735239e-01
4.603498e-01	5.086676e-01	1.760620e-02
5.084591e-01	5.054822e-01	-1.750694e-02
4.524621e-01	3.239326e-01	5.215233e-03
5.114973e-01	3.215707e-01	-3.566768e-02
4.458133e-01	1.357701e-01	1.106378e-01
5.152871e-01	1.414470e-01	7.440220e-02
4.536363e-01	1.046084e-01	1.150070e-01
5.097479e-01	1.149250e-01	7.792030e-02
4.199144e-01	9.134510e-02	8.544970e-03
5.261999e-01	8.891936e-02	-4.195372e-02
4.931799e-01	8.354645e-01	-1.847921e-01
4.876696e-01	8.504613e-01	-1.640755e-01
4.840463e-01	8.506116e-01	-1.641673e-01
4.801147e-01	8.506986e-01	-1.641461e-01
4.980568e-01	8.489223e-01	-1.637180e-01
5.019255e-01	8.481839e-01	-1.637250e-01
5.056422e-01	8.474717e-01	-1.635784e-01
4.750805e-01	8.423266e-01	-4.616399e-02
5.092205e-01	8.395784e-01	-4.519823e-02
4.856947e-01	8.168831e-01	-1.415661e-01
4.986411e-01	8.152851e-01	-1.413614e-01
4.500869e-01	7.367547e-01	2.248995e-02
5.313939e-01	7.383406e-01	2.191883e-02
4.080790e-01	6.534847e-01	-4.883462e-02
5.711769e-01	6.516661e-01	-1.930520e-02
3.771448e-01	7.287509e-01	-2.167422e-01
6.210555e-01	7.172141e-01	-1.935150e-01
3.641706e-01	7.479070e-01	-2.490348e-01
6.396021e-01	7.339528e-01	-2.294174e-01
3.650693e-01	7.562185e-01	-2.603741e-01
6.387254e-01	7.482365e-01	-2.450955e-01
3.709129e-01	7.485139e-01	-2.273530e-01
6.302162e-01	7.420965e-01	-2.066416e-01
4.603583e-01	5.045212e-01	1.376572e-02
5.084630e-01	5.025057e-01	-1.362604e-02
4.524994e-01	3.233734e-01	1.109311e-02
5.114774e-01	3.210001e-01	-1.797065e-02
4.459189e-01	1.357647e-01	1.296107e-01
5.153120e-01	1.414342e-01	1.050623e-01
4.537995e-01	1.045510e-01	1.352736e-01
5.097618e-01	1.149135e-01	1.093146e-01
4.198866e-01	9.130546e-02	2.822414e-02
5.262216e-01	8.890285e-02	-1.175047e-02
4.931941e-01	8.347848e-01	-1.954211e-01
4.876729e-01	8.498533e-01	-1.729756e-01
4.840585e-01	8.498878e-01	-1.730874e-01
4.801187e-01	8.499971e-01	-1.730329e-01
4.980687e-01	8.484206e-01	-1.665533e-01
5.019410e-01	8.477107e-01	-1.666835e-01
5.056567e-01	8.470846e-01	-1.664634e-01
4.750782e-01	8.417810e-01	-5.442797e-02
5.092317e-01	8.392308e-01	-6.158972e-02
4.857156e-01	8.159392e-01	-1.465906e-01
4.986407e-01	8.145204e-01	-1.453223e-01
4.494824e-01	7.366202e-01	1.441946e-02
5.314915e-01	7.383959e-01	7.119602e-03
4.003062e-01	6.612465e-01	-8.337692e-02
5.758753e-01	6.600747e-01	-3.772502e-02
3.774295e-01	7.405831e-01	-2.671029e-01
6.203495e-01	7.453489e-01	-1.956758e-01
3.651018e-01	7.667730e-01	-3.023992e-01
6.392149e-01	7.638002e-01	-2.289499e-01
3.685574e-01	7.755572e-01	-3.085453e-01
6.371763e-01	7.780412e-01	-2.443845e-01
3.740419e-01	7.639084e-01	-2.758850e-01
6.285840e-01	7.702866e-01	-2.079320e-01
4.609312e-01	5.002149e-01	1.108537e-02
5.086984e-01	4.996033e-01	-1.093779e-02
4.525885e-01	3.232341e-01	1.868484e-02
5.114779e-01	3.202526e-01	-4.450378e-03
4.459689e-01	1.358254e-01	1.405020e-01
5.153232e-01	1.414630e-01	1.211673e-01
4.539012e-01	1.045576e-01	1.465054e-01
5.098079e-01	1.149490e-01	1.258232e-01
4.198606e-01	9.133548e-02	3.922951e-02
5.262510e-01	8.929308e-02	5.214869e-03
4.932805e-01	8.343417e-01	-2.012917e-01
4.876885e-01	8.492603e-01	-1.799258e-01
4.841011e-01	8.491578e-01	-1.800230e-01
4.801375e-01	8.491789e-01	-1.799830e-01
4.981007e-01	8.479366e-01	-1.775130e-01
5.019974e-01	8.472364e-01	-1.775629e-01
5.056894e-01	8.466244e-01	-1.773962e-01
4.751112e-01	8.407629e-01	-5.933039e-02
5.093295e-01	8.387021e-01	-5.923796e-02
4.858030e-01	8.151632e-01	-1.551112e-01
4.986864e-01	8.138984e-01	-1.546701e-01
4.485929e-01	7.366285e-01	1.115396e-02
5.317429e-01	7.383929e-01	1.102928e-02
3.970932e-01	6.692839e-01	-8.442954e-02
5.825815e-01	6.687130e-01	-4.160627e-02
3.777284e-01	7.504272e-01	-2.719480e-01
6.194118e-01	7.659157e-01	-2.037674e-01
3.672029e-01	7.806127e-01	-3.091136e-01
6.365082e-01	7.948860e-01	-2.385352e-01
3.731948e-01	7.892300e-01	-3.134721e-01
6.336254e-01	8.038580e-01	-2.505125e-01
3.786744e-01	7.777236e-01	-2.803218e-01
6.247835e-01	7.934058e-01	-2.146392e-01
4.609341e-01	4.987375e-01	9.216102e-03
5.086979e-01	4.983051e-01	-9.067499e-03
4.532115e-01	3.226962e-01	1.747720e-02
5.114017e-01	3.191338e-01	-5.812603e-03
4.460133e-01	1.358410e-01	1.353381e-01
5.153257e-01	1.412476e-01	1.172937e-01
4.539165e-01	1.046566e-01	1.407006e-01
5.098070e-01	1.148251e-01	1.216097e-01
4.203615e-01	9.134013e-02	2.915377e-02
5.262519e-01	8.921761e-02	-1.912966e-03
4.933477e-01	8.337972e-01	-2.207019e-01
4.877058e-01	8.486435e-01	-1.987582e-01
4.841340e-01	8.484904e-01	-1.988542e-01
4.801451e-01	8.484744e-01	-1.988105e-01
4.981640e-01	8.472932e-01	-1.966150e-01
5.021202e-01	8.465765e-01	-1.966726e-01
5.057643e-01	8.459349e-01	-1.965293e-01
4.751114e-01	8.400081e-01	-7.213391e-02
5.094947e-01	8.379091e-01	-6.199491e-02
4.858217e-01	8.142821e-01	-1.735705e-01
4.987017e-01	8.131102e-01	-1.718212e-01
4.476998e-01	7.364197e-01	4.834474e-03
5.319844e-01	7.383242e-01	5.023865e-03
3.942177e-01	6.823075e-01	-9.810667e-02
5.879384e-01	6.822106e-01	-5.419011e-02
3.783822e-01	7.732443e-01	-2.844705e-01
6.140183e-01	7.802544e-01	-2.141047e-01
3.696780e-01	8.068905e-01	-3.223120e-01
6.255450e-01	8.121414e-01	-2.482927e-01
3.764485e-01	8.146363e-01	-3.214733e-01
6.235600e-01	8.208237e-01	-2.570650e-01
3.819867e-01	8.019266e-01	-2.909242e-01
6.160027e-01	8.090210e-01	-2.234346e-01
4.610138e-01	4.974155e-01	7.056477e-03
5.089628e-01	4.974193e-01	-6.899943e-03
4.538039e-01	3.222253e-01	1.698536e-02
5.113973e-01	3.177380e-01	-2.300238e-03
4.460351e-01	1.359271e-01	1.357841e-01
5.153224e-01	1.406856e-01	1.244719e-01
4.539563e-01	1.048617e-01	1.410969e-01
5.097858e-01	1.142243e-01	1.289922e-01
4.209871e-01	9.136043e-02	2.591644e-02
5.262527e-01	8.925280e-02	2.534556e-03
4.934779e-01	8.334140e-01	-2.245728e-01
4.877775e-01	8.481016e-01	-2.019521e-01
4.842361e-01	8.479437e-01	-2.020376e-01
4.802090e-01	8.478969e-01	-2.019878e-01
4.983506e-01	8.466863e-01	-2.009884e-01
5.024246e-01	8.459417e-01	-2.010515e-01
5.059620e-01	8.452126e-01	-2.009248e-01
4.751337e-01	8.393407e-01	-7.555337e-02
5.099400e-01	8.370833e-01	-6.861012e-02
4.858619e-01	8.136976e-01	-1.781532e-01
4.987864e-01	8.123410e-01	-1.775895e-01
4.472485e-01	7.360659e-01	4.351506e-03
5.320888e-01	7.377942e-01	-7.312079e-03
3.900419e-01	6.963987e-01	-7.457392e-02
5.930719e-01	6.964132e-01	-5.501708e-02
3.786751e-01	8.007575e-01	-2.473665e-01
6.111797e-01	8.072857e-01	-1.870218e-01
3.711407e-01	8.343636e-01	-2.837614e-01
6.205781e-01	8.362475e-01	-2.181822e-01
3.780837e-01	8.420461e-01	-2.627127e-01
6.163380e-01	8.420224e-01	-2.384192e-01
3.828994e-01	8.289769e-01	-2.745811e-01
6.100472e-01	8.313802e-01	-2.004469e-01
4.610165e-01	4.965563e-01	8.979364e-03
5.090106e-01	4.962889e-01	-8.812197e-03
4.541973e-01	3.222332e-01	2.431681e-02
5.113973e-01	3.171961e-01	-7.997510e-03
4.460497e-01	1.363474e-01	1.407449e-01
5.153776e-01	1.395405e-01	1.126919e-01
4.541175e-01	1.050199e-01	1.458611e-01
5.101001e-01	1.127350e-01	1.170216e-01
4.209932e-01	9.144045e-02	3.374653e-02
5.261636e-01	8.925757e-02	-7.203835e-03
4.936034e-01	8.329361e-01	-2.227535e-01
4.878524e-01	8.474414e-01	-2.010709e-01
4.843276e-01	8.472529e-01	-2.011589e-01
4.802613e-01	8.471832e-01	-2.011242e-01
4.985061e-01	8.460366e-01	-2.007123e-01
5.026206e-01	8.452961e-01	-2.007342e-01
5.060685e-01	8.445212e-01	-2.006111e-01
4.751558e-01	8.384383e-01	-7.550624e-02
5.102478e-01	8.362276e-01	-7.015580e-02
4.858868e-01	8.131310e-01	-1.770257e-01
4.988289e-01	8.116657e-01	-1.766625e-01
4.468035e-01	7.359766e-01	2.426953e-03
5.321733e-01	7.374138e-01	-8.615782e-03
3.886081e-01	7.156418e-01	-7.671367e-02
5.957810e-01	7.117739e-01	-6.275169e-02
3.794290e-01	8.270967e-01	-2.398350e-01
6.048121e-01	8.288814e-01	-1.876962e-01
3.744329e-01	8.600235e-01	-2.741349e-01
6.119031e-01	8.582674e-01	-2.189891e-01
3.808576e-01	8.658196e-01	-2.380350e-01
6.062545e-01	8.634164e-01	-2.303853e-01
3.848999e-01	8.543936e-01	-2.344798e-01
6.008929e-01	8.537256e-01	-1.949844e-01
4.610866e-01	4.964735e-01	8.403333e-03
5.094137e-01	4.960204e-01	-8.226216e-03
4.548438e-01	3.226379e-01	2.274331e-02
5.113808e-01	3.171832e-01	-7.395907e-03
4.460599e-01	1.368437e-01	1.362863e-01
5.153190e-01	1.390795e-01	1.153324e-01
4.541457e-01	1.052683e-01	1.409511e-01
5.100209e-01	1.124152e-01	1.198524e-01
4.210220e-01	9.135883e-02	2.724177e-02
5.260317e-01	8.928131e-02	-3.714183e-03
4.936730e-01	8.327703e-01	-1.996746e-01
4.879155e-01	8.470725e-01	-1.763743e-01
4.844009e-01	8.468896e-01	-1.764521e-01
4.803007e-01	8.468295e-01	-1.763981e-01
4.985816e-01	8.456879e-01	-1.759153e-01
5.026847e-01	8.449753e-01	-1.759784e-01
5.060924e-01	8.442066e-01	-1.758327e-01
4.752049e-01	8.381356e-01	-5.676295e-02
5.104991e-01	8.359537e-01	-5.451502e-02
4.858919e-01	8.130005e-01	-1.567012e-01
4.988306e-01	8.115588e-01	-1.564505e-01
4.467880e-01	7.363060e-01	1.185834e-02
5.321963e-01	7.374019e-01	-2.798508e-03
3.879824e-01	7.320095e-01	-7.334414e-02
5.961078e-01	7.264059e-01	-5.530233e-02
3.837339e-01	8.474867e-01	-1.810692e-01
5.974458e-01	8.457898e-01	-1.758951e-01
3.790438e-01	8.814213e-01	-2.119430e-01
6.024821e-01	8.795124e-01	-2.109230e-01
3.863750e-01	8.866088e-01	-1.998070e-01
5.944557e-01	8.855029e-01	-1.984059e-01
3.904822e-01	8.753138e-01	-1.819670e-01
5.897505e-01	8.723709e-01	-1.748670e-01
4.610387e-01	4.968874e-01	8.474796e-03
5.094618e-01	4.962173e-01	-8.314864e-03
4.549688e-01	3.226451e-01	2.293041e-02
5.113469e-01	3.172022e-01	-9.382794e-03
4.460625e-01	1.369015e-01	1.333236e-01
5.152439e-01	1.390022e-01	1.103182e-01
4.541444e-01	1.053816e-01	1.376246e-01
5.099177e-01	1.124411e-01	1.145488e-01
4.210066e-01	9.075140e-02	2.383858e-02
5.259901e-01	8.924349e-02	-8.187304e-03
4.936832e-01	8.320217e-01	-1.864355e-01
4.879343e-01	8.464152e-01	-1.628672e-01
4.844139e-01	8.462365e-01	-1.629470e-01
4.803038e-01	8.462098e-01	-1.628936e-01
4.985967e-01	8.451626e-01	-1.627876e-01
5.026878e-01	8.445053e-01	-1.628598e-01
5.060970e-01	8.437712e-01	-1.627162e-01
4.752130e-01	8.376734e-01	-4.423185e-02
5.107490e-01	8.354665e-01	-4.417188e-02
4.858940e-01	8.125438e-01	-1.437944e-01
4.988351e-01	8.112315e-01	-1.440327e-01
4.468225e-01	7.369016e-01	2.030236e-02
5.323648e-01	7.381340e-01	1.067967e-03
3.881542e-01	7.467539e-01	-5.858537e-02
5.947856e-01	7.411806e-01	-5.518305e-02
3.865444e-01	8.663146e-01	-1.601683e-01
5.915756e-01	8.597390e-01	-1.699078e-01
3.840504e-01	8.988945e-01	-1.907276e-01
5.948297e-01	8.937030e-01	-2.071015e-01
3.914292e-01	9.065668e-01	-1.840855e-01
5.872849e-01	8.987881e-01	-1.933404e-01
3.952482e-01	8.921770e-01	-1.632397e-01
5.827450e-01	8.845794e-01	-1.693033e-01
4.610403e-01	4.969565e-01	8.991769e-03
5.097480e-01	4.959512e-01	-8.812124e-03
4.549624e-01	3.226177e-01	2.139365e-02
5.113465e-01	3.172202e-01	-1.407263e-02
4.460009e-01	1.369508e-01	1.309705e-01
5.152445e-01	1.390038e-01	1.054834e-01
4.540683e-01	1.054099e-01	1.353916e-01
5.099167e-01	1.124649e-01	1.096239e-01
4.209445e-01	9.045089e-02	2.162336e-02
5.257511e-01	8.931319e-02	-1.373885e-02
4.936796e-01	8.306781e-01	-1.762758e-01
4.879366e-01	8.456935e-01	-1.527797e-01
4.844121e-01	8.456008e-01	-1.528611e-01
4.802949e-01	8.456513e-01	-1.528107e-01
4.986018e-01	8.445218e-01	-1.534988e-01
5.026850e-01	8.438697e-01	-1.535653e-01
5.060976e-01	8.431453e-01	-1.534192e-01
4.752041e-01	8.374734e-01	-3.513651e-02
5.109082e-01	8.348520e-01	-3.830551e-02
4.858918e-01	8.118111e-01	-1.338013e-01
4.988155e-01	8.104461e-01	-1.349795e-01
4.467559e-01	7.407993e-01	2.720362e-02
5.327131e-01	7.399760e-01	5.535127e-03
3.870104e-01	7.676911e-01	-4.471866e-02
5.948845e-01	7.585065e-01	-5.006055e-02
3.878012e-01	8.863997e-01	-1.450220e-01
5.860635e-01	8.793465e-01	-1.263233e-01
3.853516e-01	9.164282e-01	-1.751654e-01
5.881706e-01	9.179716e-01	-1.561915e-01
3.940755e-01	9.222410e-01	-1.689711e-01
5.802867e-01	9.210098e-01	-1.500061e-01
3.978264e-01	9.086397e-01	-1.483041e-01
5.764390e-01	9.050104e-01	-1.282571e-01
4.608718e-01	4.973526e-01	9.127246e-03
5.100312e-01	4.962918e-01	-8.952283e-03
4.549468e-01	3.227257e-01	7.451691e-03
5.113565e-01	3.179706e-01	-2.859982e-02
4.457879e-01	1.373607e-01	1.037558e-01
5.152044e-01	1.391006e-01	7.751756e-02
4.539358e-01	1.055075e-01	1.062458e-01
5.098987e-01	1.124979e-01	8.009052e-02
4.206502e-01	9.046075e-02	-1.186526e-02
5.257531e-01	8.957243e-02	-4.517062e-02
4.937245e-01	8.294715e-01	-1.589184e-01
4.880408e-01	8.452384e-01	-1.355676e-01
4.844553e-01	8.451985e-01	-1.356446e-01
4.803081e-01	8.451611e-01	-1.355946e-01
4.986736e-01	8.442642e-01	-1.370666e-01
5.026890e-01	8.435826e-01	-1.371366e-01
5.060979e-01	8.427767e-01	-1.370042e-01
4.751730e-01	8.367624e-01	-2.092094e-02
5.109371e-01	8.341203e-01	-2.736356e-02
4.858957e-01	8.111160e-01	-1.175128e-01
4.988078e-01	8.098742e-01	-1.196588e-01
4.467637e-01	7.438176e-01	3.808867e-02
5.327066e-01	7.416863e-01	9.692394e-03
3.876584e-01	7.799448e-01	-2.227168e-02
5.935174e-01	7.721471e-01	-4.127916e-02
3.917244e-01	9.006225e-01	-1.143678e-01
5.800767e-01	8.898067e-01	-1.099078e-01
3.887878e-01	9.297724e-01	-1.441601e-01
5.817442e-01	9.325414e-01	-1.398711e-01
3.985676e-01	9.358721e-01	-1.393827e-01
5.736986e-01	9.336494e-01	-1.355346e-01
4.019545e-01	9.220916e-01	-1.183679e-01
5.697175e-01	9.160064e-01	-1.125543e-01
4.606073e-01	4.981016e-01	9.250390e-03
5.101005e-01	4.972785e-01	-9.069245e-03
4.542566e-01	3.227348e-01	7.735049e-03
5.113986e-01	3.194413e-01	-2.901906e-02
4.457320e-01	1.374854e-01	1.082011e-01
5.150326e-01	1.400883e-01	8.181114e-02
4.538258e-01	1.055071e-01	1.112567e-01
5.098060e-01	1.141621e-01	8.516942e-02
4.206367e-01	9.054379e-02	-7.274259e-03
5.251670e-01	9.174048e-02	-3.964390e-02
4.939311e-01	8.288482e-01	-1.590535e-01
4.884260e-01	8.452094e-01	-1.360873e-01
4.847729e-01	8.451831e-01	-1.361668e-01
4.806103e-01	8.451283e-01	-1.361159e-01
4.989143e-01	8.442112e-01	-1.366995e-01
5.027716e-01	8.435047e-01	-1.367679e-01
5.061265e-01	8.426558e-01	-1.366395e-01
4.752185e-01	8.366219e-01	-2.180379e-02
5.109938e-01	8.337799e-01	-2.414319e-02
4.859254e-01	8.107860e-01	-1.175809e-01
4.988052e-01	8.095205e-01	-1.185283e-01
4.467877e-01	7.482414e-01	3.481978e-02
5.327525e-01	7.444159e-01	1.454010e-02
3.882294e-01	7.959468e-01	-2.302064e-02
5.930227e-01	7.867424e-01	-3.671496e-02
3.978800e-01	9.159009e-01	-1.056286e-01
5.754104e-01	9.020761e-01	-1.125914e-01
3.950293e-01	9.486791e-01	-1.373547e-01
5.771192e-01	9.450628e-01	-1.451497e-01
4.051962e-01	9.537223e-01	-1.336316e-01
5.699827e-01	9.473074e-01	-1.425403e-01
4.090908e-01	9.394056e-01	-1.101973e-01
5.659050e-01	9.303797e-01	-1.166143e-01
4.605516e-01	4.993693e-01	6.491025e-03
5.104437e-01	4.989170e-01	-6.300903e-03
4.540438e-01	3.227293e-01	5.605378e-03
5.113575e-01	3.206144e-01	-2.295969e-02
4.458019e-01	1.386226e-01	1.086697e-01
5.142203e-01	1.413299e-01	1.072981e-01
4.538592e-01	1.069773e-01	1.118470e-01
5.087293e-01	1.163304e-01	1.119307e-01
4.210623e-01	9.129945e-02	-5.345932e-03
5.248917e-01	9.264565e-02	-1.943629e-02
4.939481e-01	8.289068e-01	-1.665353e-01
4.885938e-01	8.453359e-01	-1.425202e-01
4.849409e-01	8.453320e-01	-1.426104e-01
4.808144e-01	8.452331e-01	-1.425669e-01
4.989394e-01	8.443446e-01	-1.436609e-01
5.027591e-01	8.436430e-01	-1.437353e-01
5.061105e-01	8.427892e-01	-1.436225e-01
4.754083e-01	8.366988e-01	-2.567873e-02
5.110123e-01	8.337876e-01	-3.009695e-02
4.859819e-01	8.108141e-01	-1.242970e-01
4.987782e-01	8.095349e-01	-1.257700e-01
4.470905e-01	7.509665e-01	3.230279e-02
5.327404e-01	7.454466e-01	8.414279e-03
3.887489e-01	8.049947e-01	-2.193196e-02
5.870498e-01	8.040794e-01	-5.366066e-02
4.024485e-01	9.253761e-01	-1.015525e-01
5.702652e-01	9.227321e-01	-1.264598e-01
4.021341e-01	9.573851e-01	-1.320215e-01
5.724449e-01	9.631027e-01	-1.584316e-01
4.122557e-01	9.604860e-01	-1.301640e-01
5.656810e-01	9.652471e-01	-1.583200e-01
4.142668e-01	9.462507e-01	-1.071171e-01
5.616969e-01	9.504602e-01	-1.315268e-01
4.600205e-01	5.015095e-01	7.509042e-03
5.100170e-01	5.003417e-01	-7.325525e-03
4.540030e-01	3.232316e-01	1.023838e-02
5.111979e-01	3.222484e-01	-2.209517e-02
4.458035e-01	1.394369e-01	1.248966e-01
5.141220e-01	1.427589e-01	1.105800e-01
4.537293e-01	1.089579e-01	1.288700e-01
5.087397e-01	1.190614e-01	1.155168e-01
4.199588e-01	9.204935e-02	3.445020e-03
5.242547e-01	9.309547e-02	-1.473114e-02
4.941183e-01	8.285061e-01	-1.682008e-01
4.888311e-01	8.452349e-01	-1.438689e-01
4.851548e-01	8.452637e-01	-1.439653e-01
4.810848e-01	8.452074e-01	-1.439209e-01
4.989959e-01	8.441418e-01	-1.440883e-01
5.027708e-01	8.434165e-01	-1.441652e-01
5.061161e-01	8.425239e-01	-1.440708e-01
4.754497e-01	8.366582e-01	-2.628684e-02
5.109848e-01	8.330866e-01	-2.535418e-02
4.862455e-01	8.101838e-01	-1.256748e-01
4.989177e-01	8.078610e-01	-1.257069e-01
4.475099e-01	7.513329e-01	3.081458e-02
5.317877e-01	7.457540e-01	7.224381e-03
3.937935e-01	8.153211e-01	-1.926903e-02
5.795798e-01	8.183329e-01	-5.093354e-02
4.046918e-01	9.303699e-01	-9.221333e-02
5.666542e-01	9.360158e-01	-1.222347e-01
4.035664e-01	9.624723e-01	-1.229686e-01
5.693945e-01	9.730424e-01	-1.557145e-01
4.139884e-01	9.663754e-01	-1.247242e-01
5.621811e-01	9.769337e-01	-1.546236e-01
4.161131e-01	9.517067e-01	-9.934586e-02
5.583113e-01	9.624217e-01	-1.273711e-01
4.594863e-01	5.048258e-01	7.716298e-03
5.096921e-01	5.024018e-01	-7.537256e-03
4.539472e-01	3.242504e-01	1.033442e-02
5.111095e-01	3.240505e-01	-2.218887e-02
4.458272e-01	1.394470e-01	1.249631e-01
5.136390e-01	1.424389e-01	1.087987e-01
4.537029e-01	1.098821e-01	1.287797e-01
5.079570e-01	1.190109e-01	1.136191e-01
4.205999e-01	9.208138e-02	1.964554e-03
5.231138e-01	9.307448e-02	-2.231989e-02
4.942459e-01	8.283261e-01	-1.594199e-01
4.888578e-01	8.448895e-01	-1.364601e-01
4.851625e-01	8.450260e-01	-1.365525e-01
4.810866e-01	8.449733e-01	-1.365021e-01
4.990028e-01	8.433282e-01	-1.345625e-01
5.027694e-01	8.425000e-01	-1.346330e-01
5.061146e-01	8.415805e-01	-1.345439e-01
4.754053e-01	8.365881e-01	-2.408287e-02
5.107769e-01	8.324957e-01	-1.335947e-02
4.863937e-01	8.097365e-01	-1.189364e-01
4.990595e-01	8.068618e-01	-1.159475e-01
4.481829e-01	7.517578e-01	2.844259e-02
5.300081e-01	7.465481e-01	1.735547e-02
4.039973e-01	8.242612e-01	-3.721287e-02
5.747033e-01	8.287154e-01	-3.501226e-02
4.101604e-01	9.347183e-01	-1.173326e-01
5.622985e-01	9.431977e-01	-1.060399e-01
4.093047e-01	9.643880e-01	-1.482422e-01
5.651041e-01	9.787111e-01	-1.409752e-01
4.172737e-01	9.682065e-01	-1.481919e-01
5.578326e-01	9.833171e-01	-1.409150e-01
4.191404e-01	9.566410e-01	-1.244681e-01
5.546185e-01	9.694453e-01	-1.119693e-01
4.590960e-01	5.071357e-01	3.408917e-03
5.096465e-01	5.037584e-01	-3.223662e-03
4.534648e-01	3.243100e-01	3.108750e-03
5.110770e-01	3.249681e-01	-1.817127e-02
4.452776e-01	1.394295e-01	1.154586e-01
5.126723e-01	1.428896e-01	1.079061e-01
4.524733e-01	1.103275e-01	1.181471e-01
5.065275e-01	1.196103e-01	1.120553e-01
4.206350e-01	9.208267e-02	-1.976498e-02
5.230302e-01	9.304563e-02	-2.251955e-02
4.940685e-01	8.285728e-01	-1.530798e-01
4.884810e-01	8.448985e-01	-1.295563e-01
4.847422e-01	8.450339e-01	-1.296493e-01
4.806510e-01	8.449836e-01	-1.296053e-01
4.985070e-01	8.433236e-01	-1.279471e-01
5.019623e-01	8.424965e-01	-1.280223e-01
5.052829e-01	8.415800e-01	-1.279483e-01
4.751807e-01	8.365969e-01	-1.780374e-02
5.098511e-01	8.323348e-01	-8.669662e-03
4.863051e-01	8.097530e-01	-1.130120e-01
4.989739e-01	8.069177e-01	-1.104670e-01
4.485249e-01	7.532660e-01	2.809762e-02
5.277230e-01	7.493115e-01	1.827727e-02
4.106441e-01	8.353675e-01	-3.779662e-02
5.679533e-01	8.380657e-01	-3.289285e-02
4.189330e-01	9.478850e-01	-1.118533e-01
5.587462e-01	9.477744e-01	-1.058673e-01
4.195107e-01	9.797673e-01	-1.475774e-01
5.615041e-01	9.794320e-01	-1.413165e-01
4.252823e-01	9.811651e-01	-1.516499e-01
5.552982e-01	9.853082e-01	-1.429694e-01
4.266878e-01	9.665004e-01	-1.206981e-01
5.516871e-01	9.727991e-01	-1.124930e-01
4.590200e-01	5.092897e-01	3.756608e-03
5.096454e-01	5.065814e-01	-3.587129e-03
4.534052e-01	3.244522e-01	3.598224e-03
5.110629e-01	3.263144e-01	-1.781831e-02
4.452836e-01	1.394297e-01	1.153923e-01
5.123030e-01	1.430100e-01	1.065421e-01
4.525909e-01	1.111651e-01	1.181043e-01
5.061489e-01	1.198142e-01	1.106866e-01
4.202177e-01	9.205028e-02	-1.780736e-02
5.224465e-01	9.303278e-02	-2.509360e-02
4.940237e-01	8.285573e-01	-1.454006e-01
4.883176e-01	8.449010e-01	-1.220212e-01
4.844806e-01	8.450414e-01	-1.221091e-01
4.803498e-01	8.450023e-01	-1.220593e-01
4.982728e-01	8.433296e-01	-1.198319e-01
5.015805e-01	8.425049e-01	-1.199065e-01
5.048325e-01	8.415737e-01	-1.198361e-01
4.748286e-01	8.366737e-01	-1.111481e-02
5.092639e-01	8.321467e-01	6.169562e-04
4.861539e-01	8.097685e-01	-1.056489e-01
4.988587e-01	8.069639e-01	-1.023393e-01
4.487081e-01	7.552384e-01	2.680468e-02
5.258960e-01	7.528477e-01	2.365781e-02
4.155140e-01	8.410931e-01	-4.107208e-02
5.635075e-01	8.468824e-01	-2.905739e-02
4.239135e-01	9.553094e-01	-1.151569e-01
5.572287e-01	9.531590e-01	-1.032291e-01
4.243091e-01	9.873280e-01	-1.522506e-01
5.602132e-01	9.854476e-01	-1.392631e-01
4.305482e-01	9.893242e-01	-1.562638e-01
5.536089e-01	9.904100e-01	-1.423339e-01
4.318709e-01	9.741490e-01	-1.239758e-01
5.505320e-01	9.772875e-01	-1.106486e-01
4.587174e-01	5.129399e-01	3.813538e-03
5.096430e-01	5.097011e-01	-3.653183e-03
4.533189e-01	3.265235e-01	7.392835e-04
5.110651e-01	3.277764e-01	-1.841725e-02
4.452948e-01	1.393709e-01	1.111362e-01
5.121403e-01	1.429174e-01	1.017246e-01
4.527172e-01	1.111050e-01	1.136603e-01
5.058576e-01	1.197643e-01	1.051346e-01
4.200224e-01	9.204333e-02	-2.228053e-02
5.224296e-01	9.271210e-02	-3.257047e-02
4.938451e-01	8.285319e-01	-1.493571e-01
4.881054e-01	8.449197e-01	-1.262331e-01
4.843009e-01	8.450763e-01	-1.263359e-01
4.801807e-01	8.450414e-01	-1.263024e-01
4.980814e-01	8.433356e-01	-1.244773e-01
5.013741e-01	8.425117e-01	-1.245496e-01
5.046780e-01	8.415584e-01	-1.244669e-01
4.748047e-01	8.364394e-01	-1.636319e-02
5.090826e-01	8.316384e-01	-7.285094e-03
4.860113e-01	8.097851e-01	-1.101217e-01
4.987480e-01	8.070076e-01	-1.075621e-01
4.495644e-01	7.546788e-01	1.115449e-02
5.255174e-01	7.535841e-01	2.085227e-02
4.213003e-01	8.419971e-01	-5.819866e-02
5.564331e-01	8.512769e-01	-2.944864e-02
4.276640e-01	9.541537e-01	-1.254618e-01
5.529786e-01	9.532045e-01	-1.104015e-01
4.284345e-01	9.845245e-01	-1.700783e-01
5.574289e-01	9.830413e-01	-1.451322e-01
4.341557e-01	9.880140e-01	-1.796265e-01
5.501339e-01	9.876556e-01	-1.428485e-01
4.361827e-01	9.763689e-01	-1.377823e-01
5.465640e-01	9.754454e-01	-1.176603e-01
4.587258e-01	5.134410e-01	3.785662e-03
5.097367e-01	5.100604e-01	-3.636352e-03
4.531847e-01	3.293729e-01	1.107747e-03
5.111195e-01	3.291516e-01	-1.573944e-02
4.453011e-01	1.395887e-01	1.143523e-01
5.119605e-01	1.425256e-01	1.029665e-01
4.527628e-01	1.111911e-01	1.169273e-01
5.057656e-01	1.191732e-01	1.063691e-01
4.207235e-01	9.223267e-02	-1.729913e-02
5.220321e-01	9.209899e-02	-3.230365e-02
4.935532e-01	8.284569e-01	-1.544687e-01
4.879262e-01	8.449126e-01	-1.309133e-01
4.840951e-01	8.450810e-01	-1.310188e-01
4.799276e-01	8.450512e-01	-1.309887e-01
4.979332e-01	8.431792e-01	-1.296263e-01
5.012038e-01	8.422145e-01	-1.297006e-01
5.045648e-01	8.410859e-01	-1.296187e-01
4.746330e-01	8.360972e-01	-1.909982e-02
5.089738e-01	8.300578e-01	-1.205169e-02
4.856849e-01	8.097938e-01	-1.144391e-01
4.983632e-01	8.070412e-01	-1.125090e-01
4.497636e-01	7.542953e-01	5.919985e-03
5.252265e-01	7.530869e-01	1.360120e-02
4.236950e-01	8.462942e-01	-5.868741e-02
5.494705e-01	8.508859e-01	-3.892262e-02
4.341512e-01	9.618455e-01	-1.235179e-01
5.492671e-01	9.521920e-01	-1.134050e-01
4.347451e-01	9.914519e-01	-1.662710e-01
5.531491e-01	9.812285e-01	-1.482365e-01
4.402910e-01	9.934260e-01	-1.771455e-01
5.464252e-01	9.853973e-01	-1.524835e-01
4.425236e-01	9.819708e-01	-1.346336e-01
5.429245e-01	9.747303e-01	-1.184295e-01
4.586651e-01	5.131721e-01	4.025353e-03
5.098493e-01	5.099239e-01	-3.876446e-03
4.530703e-01	3.294859e-01	6.606700e-03
5.111229e-01	3.290092e-01	-1.313668e-02
4.453351e-01	1.394361e-01	1.260672e-01
5.119320e-01	1.414667e-01	1.097315e-01
4.529467e-01	1.110956e-01	1.294559e-01
5.055603e-01	1.181813e-01	1.136495e-01
4.211481e-01	9.215199e-02	-7.627541e-03
5.218814e-01	9.104184e-02	-2.537734e-02
4.933456e-01	8.282025e-01	-1.279989e-01
4.878426e-01	8.445978e-01	-1.052196e-01
4.840164e-01	8.447812e-01	-1.053269e-01
4.798421e-01	8.447657e-01	-1.053105e-01
4.978936e-01	8.427807e-01	-1.039164e-01
5.011849e-01	8.417364e-01	-1.039940e-01
5.045695e-01	8.405331e-01	-1.039173e-01
4.745445e-01	8.355717e-01	-3.485597e-03
5.089118e-01	8.290364e-01	3.772983e-03
4.854507e-01	8.097796e-01	-9.216678e-02
4.981028e-01	8.070191e-01	-9.023683e-02
4.498653e-01	7.540073e-01	7.914225e-03
5.251292e-01	7.528058e-01	1.382944e-02
4.273591e-01	8.431840e-01	-7.424654e-02
5.452178e-01	8.472087e-01	-5.230759e-02
4.389136e-01	9.594415e-01	-1.433462e-01
5.413446e-01	9.513871e-01	-1.264470e-01
4.398699e-01	9.904652e-01	-1.854103e-01
5.439040e-01	9.811188e-01	-1.654628e-01
4.437808e-01	9.937764e-01	-1.921148e-01
5.379510e-01	9.854444e-01	-1.685969e-01
4.464009e-01	9.809006e-01	-1.532845e-01
5.350987e-01	9.723576e-01	-1.339374e-01
4.586698e-01	5.130512e-01	4.089790e-03
5.100287e-01	5.099166e-01	-3.951144e-03
4.530411e-01	3.294860e-01	4.633368e-03
5.113904e-01	3.288693e-01	-1.334382e-02
4.454032e-01	1.390481e-01	1.196254e-01
5.119603e-01	1.402371e-01	1.033498e-01
4.532857e-01	1.108500e-01	1.229125e-01
5.055788e-01	1.171421e-01	1.066978e-01
4.212742e-01	9.209568e-02	-1.122290e-02
5.219476e-01	9.013241e-02	-2.967220e-02
4.932288e-01	8.274925e-01	-1.110893e-01
4.878139e-01	8.439933e-01	-8.906511e-02
4.839895e-01	8.442301e-01	-8.916894e-02
4.798272e-01	8.442738e-01	-8.915407e-02
4.978825e-01	8.422013e-01	-8.694724e-02
5.011882e-01	8.411340e-01	-8.701458e-02
5.045823e-01	8.399044e-01	-8.693032e-02
4.745386e-01	8.350222e-01	7.898509e-03
5.089160e-01	8.283890e-01	1.876113e-02
4.853929e-01	8.092853e-01	-7.709373e-02
4.980046e-01	8.066615e-01	-7.408584e-02
4.503565e-01	7.538826e-01	7.548320e-03
5.247933e-01	7.525253e-01	2.072312e-02
4.316433e-01	8.384789e-01	-1.116138e-01
5.412660e-01	8.412312e-01	-6.170346e-02
4.463814e-01	9.600678e-01	-2.088957e-01
5.374066e-01	9.483876e-01	-1.499067e-01
4.481981e-01	9.911123e-01	-2.539579e-01
5.409904e-01	9.760191e-01	-1.905654e-01
4.514385e-01	9.971920e-01	-2.569222e-01
5.349697e-01	9.803971e-01	-1.921361e-01
4.541342e-01	9.823103e-01	-2.175768e-01
5.315044e-01	9.685086e-01	-1.579665e-01
4.587904e-01	5.128828e-01	3.652213e-03
5.102243e-01	5.098863e-01	-3.535678e-03
4.529488e-01	3.294557e-01	1.934303e-03
5.114060e-01	3.288412e-01	-1.372694e-02
4.454182e-01	1.389534e-01	1.106493e-01
5.119563e-01	1.392777e-01	9.408954e-02
4.533098e-01	1.108374e-01	1.138080e-01
5.056051e-01	1.165092e-01	9.679820e-02
4.214645e-01	9.209337e-02	-1.654687e-02
5.219246e-01	8.965462e-02	-3.544817e-02
4.929081e-01	8.267049e-01	-9.852635e-02
4.876531e-01	8.433065e-01	-7.689374e-02
4.838720e-01	8.436065e-01	-7.699245e-02
4.797457e-01	8.437492e-01	-7.697513e-02
4.977787e-01	8.414986e-01	-7.500228e-02
5.011214e-01	8.404439e-01	-7.506043e-02
5.045645e-01	8.391994e-01	-7.496901e-02
4.745268e-01	8.347053e-01	1.807753e-02
5.087940e-01	8.279769e-01	2.802786e-02
4.851945e-01	8.088712e-01	-6.521802e-02
4.977771e-01	8.062178e-01	-6.250083e-02
4.507249e-01	7.530793e-01	8.448206e-03
5.243142e-01	7.512847e-01	2.413397e-02
4.342758e-01	8.354716e-01	-1.230762e-01
5.404812e-01	8.401453e-01	-8.184059e-02
4.490612e-01	9.554642e-01	-2.329101e-01
5.332885e-01	9.509627e-01	-1.848949e-01
4.517664e-01	9.863379e-01	-2.784931e-01
5.348485e-01	9.789799e-01	-2.274027e-01
4.549568e-01	9.923786e-01	-2.812258e-01
5.298163e-01	9.825377e-01	-2.250543e-01
4.575400e-01	9.787537e-01	-2.414577e-01
5.272862e-01	9.689391e-01	-1.918003e-01
4.590952e-01	5.127544e-01	3.552692e-03
5.103515e-01	5.100072e-01	-3.448617e-03
4.528066e-01	3.294162e-01	-5.133863e-03
5.113981e-01	3.288831e-01	-1.964496e-02
4.454165e-01	1.387922e-01	9.454066e-02
5.118490e-01	1.383227e-01	7.692437e-02
4.532961e-01	1.107893e-01	9.703604e-02
5.056320e-01	1.157194e-01	7.888378e-02
4.215254e-01	9.207858e-02	-3.128648e-02
5.218383e-01	8.950400e-02	-5.159690e-02
4.928919e-01	8.253973e-01	-9.603199e-02
4.876456e-01	8.419855e-01	-7.506151e-02
4.838687e-01	8.423219e-01	-7.516351e-02
4.797467e-01	8.425528e-01	-7.514878e-02
4.977825e-01	8.402053e-01	-7.258352e-02
5.011616e-01	8.391764e-01	-7.263169e-02
5.046378e-01	8.379306e-01	-7.251865e-02
4.745322e-01	8.337704e-01	1.910813e-02
5.087827e-01	8.274540e-01	3.152219e-02
4.851931e-01	8.079922e-01	-6.286667e-02
4.977782e-01	8.054896e-01	-5.937737e-02
4.514820e-01	7.509193e-01	5.894587e-03
5.239125e-01	7.498602e-01	2.535755e-02
4.368133e-01	8.321676e-01	-1.566707e-01
5.391041e-01	8.385640e-01	-1.081390e-01
4.503682e-01	9.503487e-01	-2.864337e-01
5.312614e-01	9.501660e-01	-2.382503e-01
4.540421e-01	9.808926e-01	-3.342889e-01
5.332545e-01	9.762075e-01	-2.834027e-01
4.568534e-01	9.873194e-01	-3.362941e-01
5.282322e-01	9.795936e-01	-2.800489e-01
4.594574e-01	9.738230e-01	-2.947545e-01
5.246773e-01	9.671011e-01	-2.455811e-01
4.593769e-01	5.124695e-01	3.179644e-03
5.105105e-01	5.099506e-01	-3.091628e-03
4.526725e-01	3.293760e-01	-7.073488e-03
5.113982e-01	3.288548e-01	-1.962388e-02
4.453991e-01	1.386878e-01	9.005006e-02
5.116630e-01	1.376543e-01	7.505520e-02
4.532647e-01	1.107503e-01	9.252016e-02
5.056232e-01	1.151657e-01	7.680946e-02
4.215968e-01	9.200870e-02	-3.367363e-02
5.217550e-01	8.940209e-02	-5.127174e-02
4.927760e-01	8.234692e-01	-1.040652e-01
4.875084e-01	8.401502e-01	-8.364286e-02
4.837526e-01	8.404045e-01	-8.375014e-02
4.796523e-01	8.405606e-01	-8.374516e-02
4.977365e-01	8.385696e-01	-8.115497e-02
5.011524e-01	8.376783e-01	-8.119327e-02
5.046414e-01	8.365388e-01	-8.106570e-02
4.745129e-01	8.322059e-01	1.244319e-02
5.087222e-01	8.270881e-01	2.436686e-02
4.851722e-01	8.063704e-01	-6.992923e-02
4.977602e-01	8.043235e-01	-6.648669e-02
4.523750e-01	7.487584e-01	-6.343823e-03
5.234672e-01	7.492716e-01	1.895986e-02
4.403117e-01	8.231528e-01	-1.995623e-01
5.354930e-01	8.386782e-01	-1.553898e-01
4.519162e-01	9.436598e-01	-3.568368e-01
5.261868e-01	9.483960e-01	-3.137460e-01
4.556152e-01	9.765989e-01	-4.077802e-01
5.292971e-01	9.738364e-01	-3.608333e-01
4.577463e-01	9.860219e-01	-4.108537e-01
5.247664e-01	9.774836e-01	-3.576164e-01
4.605094e-01	9.727021e-01	-3.657814e-01
5.207599e-01	9.656664e-01	-3.216224e-01
4.598551e-01	5.112165e-01	3.219102e-03
5.108289e-01	5.094512e-01	-3.138752e-03
4.526576e-01	3.292507e-01	-7.744732e-03
5.114454e-01	3.283634e-01	-1.961586e-02
4.453957e-01	1.384258e-01	8.979037e-02
5.115443e-01	1.370073e-01	7.289582e-02
4.532285e-01	1.105828e-01	9.244685e-02
5.056101e-01	1.144797e-01	7.456126e-02
4.216011e-01	9.197488e-02	-3.279386e-02
5.217317e-01	8.934605e-02	-5.290902e-02
4.926216e-01	8.225828e-01	-1.076145e-01
4.873336e-01	8.390564e-01	-9.259886e-02
4.835921e-01	8.392563e-01	-9.272341e-02
4.795102e-01	8.393723e-01	-9.275315e-02
4.975826e-01	8.375672e-01	-8.855482e-02
5.010210e-01	8.367302e-01	-8.853625e-02
5.045459e-01	8.356629e-01	-8.837066e-02
4.742947e-01	8.314167e-01	-1.083600e-03
5.085678e-01	8.267396e-01	1.400277e-02
4.850724e-01	8.054788e-01	-7.597472e-02
4.976181e-01	8.036772e-01	-6.971556e-02
4.531059e-01	7.475429e-01	-2.567557e-02
5.230986e-01	7.491429e-01	-5.035956e-03
4.424270e-01	8.087672e-01	-2.532464e-01
5.345591e-01	8.377720e-01	-2.129115e-01
4.529979e-01	9.236535e-01	-4.375818e-01
5.241894e-01	9.467265e-01	-3.990541e-01
4.564687e-01	9.577880e-01	-4.916700e-01
5.265032e-01	9.727747e-01	-4.490473e-01
4.583294e-01	9.656621e-01	-4.912998e-01
5.215067e-01	9.772717e-01	-4.447570e-01
4.608660e-01	9.534424e-01	-4.458604e-01
5.179043e-01	9.655227e-01	-4.071473e-01
4.606277e-01	5.091650e-01	4.101670e-03
5.112720e-01	5.082101e-01	-4.050199e-03
4.526600e-01	3.289286e-01	-1.234280e-02
5.115370e-01	3.268086e-01	-2.408188e-02
4.453963e-01	1.383581e-01	9.147104e-02
5.114534e-01	1.367886e-01	7.407497e-02
4.532192e-01	1.105490e-01	9.443849e-02
5.055643e-01	1.143223e-01	7.606615e-02
4.216153e-01	9.194294e-02	-3.225527e-02
5.217196e-01	8.910064e-02	-5.404697e-02
4.926160e-01	8.224235e-01	-1.320661e-01
4.873339e-01	8.388329e-01	-1.152229e-01
4.835991e-01	8.390806e-01	-1.153318e-01
4.795360e-01	8.392668e-01	-1.153378e-01
4.975769e-01	8.373540e-01	-1.126683e-01
5.010117e-01	8.364940e-01	-1.126663e-01
5.045379e-01	8.354632e-01	-1.125374e-01
4.742940e-01	8.314478e-01	-1.748609e-02
5.085528e-01	8.265021e-01	-6.406115e-03
4.850713e-01	8.050731e-01	-9.651198e-02
4.976094e-01	8.032646e-01	-9.233602e-02
4.540937e-01	7.474614e-01	-3.568060e-02
5.227261e-01	7.491007e-01	-2.030518e-02
4.443634e-01	7.934340e-01	-2.934940e-01
5.333548e-01	8.192926e-01	-2.524852e-01
4.530228e-01	8.979161e-01	-5.086949e-01
5.238295e-01	9.211304e-01	-4.624318e-01
4.560806e-01	9.319994e-01	-5.662970e-01
5.247940e-01	9.484161e-01	-5.154414e-01
4.581364e-01	9.368661e-01	-5.635763e-01
5.212913e-01	9.522520e-01	-5.102825e-01
4.606697e-01	9.255713e-01	-5.167456e-01
5.176264e-01	9.408072e-01	-4.710076e-01
4.607801e-01	5.085260e-01	5.071869e-03
5.113112e-01	5.074353e-01	-5.048691e-03
4.526558e-01	3.289365e-01	-1.975744e-02
5.115706e-01	3.259538e-01	-2.989280e-02
4.454261e-01	1.382310e-01	8.739624e-02
5.112008e-01	1.367984e-01	7.268199e-02
4.532574e-01	1.102610e-01	9.022663e-02
5.048879e-01	1.142792e-01	7.448717e-02
4.217301e-01	9.158312e-02	-3.793140e-02
5.219072e-01	8.876387e-02	-5.798233e-02
4.926808e-01	8.225425e-01	-1.398697e-01
4.873599e-01	8.388804e-01	-1.219725e-01
4.836487e-01	8.391284e-01	-1.220687e-01
4.795892e-01	8.393127e-01	-1.220591e-01
4.975728e-01	8.374305e-01	-1.205489e-01
5.009888e-01	8.366430e-01	-1.205591e-01
5.044932e-01	8.356963e-01	-1.204589e-01
4.742564e-01	8.314642e-01	-2.171771e-02
5.084791e-01	8.264928e-01	-1.496612e-02
4.851693e-01	8.051029e-01	-1.029880e-01
4.976407e-01	8.033454e-01	-1.004763e-01
4.543152e-01	7.474288e-01	-3.276239e-02
5.225556e-01	7.490457e-01	-2.938408e-02
4.452433e-01	7.729568e-01	-2.993493e-01
5.325878e-01	7.974905e-01	-2.694292e-01
4.533635e-01	8.746179e-01	-5.314382e-01
5.225543e-01	8.938447e-01	-4.754575e-01
4.563186e-01	9.032386e-01	-5.887510e-01
5.213841e-01	9.194571e-01	-5.269774e-01
4.574555e-01	9.071062e-01	-5.828286e-01
5.193890e-01	9.241705e-01	-5.194304e-01
4.596636e-01	8.961242e-01	-5.386121e-01
5.168808e-01	9.123264e-01	-4.826542e-01
4.607950e-01	5.073417e-01	8.213850e-03
5.113106e-01	5.065420e-01	-8.220489e-03
4.526308e-01	3.263441e-01	-1.862533e-02
5.113264e-01	3.244309e-01	-3.366207e-02
4.454125e-01	1.381115e-01	8.711848e-02
5.109442e-01	1.382139e-01	7.196583e-02
4.531780e-01	1.102467e-01	8.968914e-02
5.047873e-01	1.152952e-01	7.405727e-02
4.212574e-01	9.125232e-02	-4.011234e-02
5.215248e-01	8.876631e-02	-5.870969e-02
4.926834e-01	8.230449e-01	-1.372695e-01
4.874436e-01	8.388965e-01	-1.211206e-01
4.837457e-01	8.391511e-01	-1.212378e-01
4.797184e-01	8.393583e-01	-1.212189e-01
4.975843e-01	8.374913e-01	-1.195916e-01
5.010036e-01	8.367086e-01	-1.196023e-01
5.045196e-01	8.357295e-01	-1.194578e-01
4.740178e-01	8.316327e-01	-1.929983e-02
5.084654e-01	8.258889e-01	-1.164405e-02
4.851287e-01	8.051505e-01	-1.000268e-01
4.976067e-01	8.032401e-01	-9.738123e-02
4.539030e-01	7.474265e-01	-2.568882e-02
5.222118e-01	7.469293e-01	-1.952210e-02
4.469195e-01	7.569478e-01	-2.794856e-01
5.322353e-01	7.690262e-01	-2.642300e-01
4.557128e-01	8.496712e-01	-4.973567e-01
5.220852e-01	8.591742e-01	-4.957591e-01
4.608246e-01	8.729909e-01	-5.517659e-01
5.199587e-01	8.808039e-01	-5.490478e-01
4.605265e-01	8.761075e-01	-5.454241e-01
5.189854e-01	8.840114e-01	-5.401632e-01
4.618798e-01	8.659316e-01	-5.038038e-01
5.173569e-01	8.754283e-01	-5.028151e-01
4.607946e-01	5.073143e-01	9.233009e-03
5.110765e-01	5.065599e-01	-9.233952e-03
4.526430e-01	3.263179e-01	-1.947758e-02
5.113272e-01	3.244340e-01	-3.549855e-02
4.455252e-01	1.384461e-01	8.156823e-02
5.114876e-01	1.386724e-01	6.390497e-02
4.531818e-01	1.106999e-01	8.382414e-02
5.059870e-01	1.154328e-01	6.570914e-02
4.210978e-01	9.148125e-02	-4.425671e-02
5.215448e-01	9.000462e-02	-6.559502e-02
4.926844e-01	8.236088e-01	-1.239653e-01
4.874837e-01	8.391681e-01	-1.080208e-01
4.838845e-01	8.395090e-01	-1.080827e-01
4.799988e-01	8.398088e-01	-1.080365e-01
4.976002e-01	8.378088e-01	-1.088054e-01
5.011278e-01	8.371526e-01	-1.088427e-01
5.046161e-01	8.363492e-01	-1.087593e-01
4.740755e-01	8.327016e-01	-4.796562e-03
5.085572e-01	8.277631e-01	-9.041752e-03
4.851367e-01	8.057753e-01	-8.489377e-02
4.976191e-01	8.036340e-01	-8.514906e-02
4.537536e-01	7.547441e-01	4.302422e-04
5.222378e-01	7.473921e-01	-1.610506e-02
4.455555e-01	7.388053e-01	-2.444681e-01
5.325384e-01	7.488821e-01	-2.637210e-01
4.568339e-01	8.116717e-01	-4.594844e-01
5.206946e-01	8.268360e-01	-4.870962e-01
4.616879e-01	8.332034e-01	-5.106395e-01
5.159186e-01	8.455085e-01	-5.382315e-01
4.620084e-01	8.365310e-01	-5.017525e-01
5.149050e-01	8.469219e-01	-5.269876e-01
4.626783e-01	8.269427e-01	-4.646287e-01
5.146496e-01	8.378026e-01	-4.921460e-01
4.604613e-01	5.072951e-01	1.181982e-02
5.100931e-01	5.062203e-01	-1.182326e-02
4.527768e-01	3.254367e-01	-1.822841e-02
5.113274e-01	3.235840e-01	-3.765810e-02
4.456245e-01	1.399441e-01	8.375008e-02
5.116165e-01	1.389279e-01	5.993030e-02
4.533014e-01	1.119322e-01	8.614738e-02
5.061566e-01	1.157167e-01	6.197885e-02
4.210749e-01	9.235962e-02	-4.140819e-02
5.215315e-01	9.128811e-02	-6.626515e-02
4.927427e-01	8.210617e-01	-1.449343e-01
4.874187e-01	8.374143e-01	-1.302108e-01
4.838713e-01	8.379043e-01	-1.302814e-01
4.799198e-01	8.383134e-01	-1.302299e-01
4.976236e-01	8.358268e-01	-1.290212e-01
5.013186e-01	8.355504e-01	-1.290140e-01
5.047655e-01	8.352408e-01	-1.289383e-01
4.740669e-01	8.319293e-01	-2.163523e-02
5.089343e-01	8.277540e-01	-1.710189e-02
4.852291e-01	8.024342e-01	-1.034814e-01
4.978284e-01	8.006990e-01	-1.013652e-01
4.534258e-01	7.542564e-01	-1.786225e-02
5.233877e-01	7.491306e-01	-1.928038e-02
4.455581e-01	7.365570e-01	-3.132084e-01
5.329022e-01	7.421754e-01	-3.080294e-01
4.555646e-01	7.455772e-01	-6.092234e-01
5.228139e-01	7.713649e-01	-6.091675e-01
4.570276e-01	7.576832e-01	-6.745813e-01
5.199954e-01	7.823173e-01	-6.754300e-01
4.612882e-01	7.613762e-01	-6.759174e-01
5.177611e-01	7.845957e-01	-6.698904e-01
4.615929e-01	7.528124e-01	-6.200513e-01
5.162693e-01	7.777758e-01	-6.193073e-01
4.599403e-01	5.052108e-01	1.174351e-02
5.097874e-01	5.044691e-01	-1.173693e-02
4.527749e-01	3.225161e-01	-1.522225e-02
5.112224e-01	3.220507e-01	-3.405457e-02
4.456238e-01	1.401148e-01	1.029807e-01
5.118805e-01	1.392623e-01	7.903753e-02
4.532261e-01	1.118973e-01	1.060831e-01
5.063292e-01	1.157482e-01	8.115194e-02
4.208919e-01	9.253035e-02	-2.583630e-02
5.224607e-01	9.164336e-02	-5.577921e-02
4.926551e-01	8.216922e-01	-1.434350e-01
4.873421e-01	8.382102e-01	-1.265776e-01
4.838044e-01	8.386840e-01	-1.266591e-01
4.798267e-01	8.390304e-01	-1.266127e-01
4.976023e-01	8.366802e-01	-1.271531e-01
5.013195e-01	8.363117e-01	-1.271450e-01
5.047724e-01	8.359423e-01	-1.270438e-01
4.740599e-01	8.323087e-01	-2.093541e-02
5.089994e-01	8.277916e-01	-1.912649e-02
4.850493e-01	8.032078e-01	-1.020548e-01
4.978194e-01	8.015867e-01	-1.018936e-01
4.525256e-01	7.508929e-01	-1.045399e-02
5.247298e-01	7.481387e-01	-2.681490e-02
4.445853e-01	7.286895e-01	-2.789864e-01
5.334410e-01	7.279272e-01	-3.226576e-01
4.531288e-01	7.295811e-01	-5.578157e-01
5.239851e-01	7.292780e-01	-6.239216e-01
4.503517e-01	7.286275e-01	-6.210965e-01
5.220315e-01	7.359576e-01	-6.911815e-01
4.600259e-01	7.317392e-01	-6.226419e-01
5.194009e-01	7.352293e-01	-6.865376e-01
4.604963e-01	7.292011e-01	-5.680063e-01
5.173779e-01	7.310733e-01	-6.339715e-01
4.596814e-01	5.038074e-01	1.252065e-02
5.097452e-01	5.034757e-01	-1.252827e-02
4.527979e-01	3.204455e-01	-1.234199e-02
5.109042e-01	3.205166e-01	-3.393830e-02
4.456252e-01	1.401897e-01	1.019108e-01
5.118791e-01	1.395777e-01	7.968702e-02
4.532107e-01	1.116809e-01	1.046338e-01
5.063345e-01	1.158537e-01	8.184964e-02
4.210602e-01	9.286893e-02	-2.629191e-02
5.225431e-01	9.231181e-02	-5.489097e-02
4.926632e-01	8.224739e-01	-1.440491e-01
4.873366e-01	8.392645e-01	-1.265173e-01
4.838055e-01	8.395691e-01	-1.265708e-01
4.798173e-01	8.397113e-01	-1.264799e-01
4.976541e-01	8.379343e-01	-1.271866e-01
5.014902e-01	8.374968e-01	-1.271828e-01
5.048701e-01	8.369799e-01	-1.270848e-01
4.740871e-01	8.326159e-01	-1.877153e-02
5.092512e-01	8.284016e-01	-1.897529e-02
4.849954e-01	8.040668e-01	-1.026680e-01
4.978442e-01	8.029125e-01	-1.029530e-01
4.499199e-01	7.480158e-01	-8.496155e-03
5.258717e-01	7.465830e-01	-3.479649e-02
4.423655e-01	7.214583e-01	-2.702598e-01
5.354931e-01	7.263011e-01	-3.276274e-01
4.515671e-01	7.074137e-01	-5.383447e-01
5.246861e-01	7.265234e-01	-6.009090e-01
4.493271e-01	6.965507e-01	-5.982054e-01
5.221788e-01	7.117965e-01	-6.625987e-01
4.595464e-01	6.990449e-01	-5.972432e-01
5.165060e-01	7.144231e-01	-6.547022e-01
4.614145e-01	6.995149e-01	-5.466560e-01
5.134491e-01	7.156451e-01	-6.077455e-01
4.596420e-01	5.010682e-01	1.144931e-02
5.097903e-01	5.011098e-01	-1.149295e-02
4.530520e-01	3.199594e-01	-1.217546e-02
5.108860e-01	3.193781e-01	-2.736213e-02
4.456230e-01	1.400165e-01	1.009924e-01
5.118832e-01	1.401898e-01	8.808219e-02
4.531883e-01	1.096409e-01	1.036868e-01
5.063302e-01	1.162548e-01	9.126339e-02
4.208848e-01	9.308231e-02	-2.356599e-02
5.230287e-01	9.265824e-02	-3.900158e-02
4.927534e-01	8.249863e-01	-9.028070e-02
4.873494e-01	8.416945e-01	-7.156377e-02
4.838294e-01	8.418483e-01	-7.161829e-02
4.798268e-01	8.416619e-01	-7.152109e-02
4.977045e-01	8.401238e-01	-7.274047e-02
5.015358e-01	8.392567e-01	-7.270983e-02
5.048766e-01	8.383769e-01	-7.256293e-02
4.741840e-01	8.330014e-01	3.926454e-02
5.092536e-01	8.291626e-01	3.379533e-02
4.849994e-01	8.061813e-01	-4.927101e-02
4.979289e-01	8.056558e-01	-5.040868e-02
4.499612e-01	7.476414e-01	4.521772e-02
5.279955e-01	7.452173e-01	2.563938e-02
4.396053e-01	7.070738e-01	-1.742127e-01
5.356318e-01	7.173151e-01	-2.302093e-01
4.485175e-01	6.777897e-01	-4.379583e-01
5.257553e-01	7.005545e-01	-5.258079e-01
4.466772e-01	6.514746e-01	-4.985735e-01
5.255437e-01	6.762189e-01	-5.764818e-01
4.587794e-01	6.572545e-01	-5.069903e-01
5.173446e-01	6.777682e-01	-5.689424e-01
4.611562e-01	6.627569e-01	-4.484314e-01
5.141784e-01	6.825640e-01	-5.304020e-01
4.596526e-01	5.016568e-01	9.460145e-03
5.097919e-01	5.013303e-01	-9.460270e-03
4.533013e-01	3.201453e-01	-1.529800e-02
5.108546e-01	3.191103e-01	-2.739256e-02
4.456047e-01	1.399884e-01	7.528168e-02
5.119066e-01	1.411090e-01	6.888693e-02
4.529669e-01	1.091714e-01	7.587594e-02
5.063345e-01	1.170700e-01	7.003301e-02
4.208849e-01	9.307805e-02	-4.871719e-02
5.236603e-01	9.265900e-02	-5.750380e-02
4.928864e-01	8.262820e-01	-7.715112e-02
4.874260e-01	8.428953e-01	-5.793690e-02
4.839112e-01	8.429642e-01	-5.799368e-02
4.798866e-01	8.426254e-01	-5.791148e-02
4.977573e-01	8.411537e-01	-5.948210e-02
5.015658e-01	8.400633e-01	-5.945898e-02
5.048782e-01	8.389983e-01	-5.932159e-02
4.742822e-01	8.331186e-01	5.276334e-02
5.092401e-01	8.294871e-01	4.498392e-02
4.850028e-01	8.076323e-01	-3.663330e-02
4.979546e-01	8.070768e-01	-3.842062e-02
4.490978e-01	7.447982e-01	6.259637e-02
5.294062e-01	7.420901e-01	4.613797e-02
4.386266e-01	6.916572e-01	-1.239502e-01
5.359036e-01	6.992296e-01	-1.668303e-01
4.467716e-01	6.418343e-01	-3.730471e-01
5.262628e-01	6.641669e-01	-4.331274e-01
4.447290e-01	6.111177e-01	-4.316848e-01
5.288421e-01	6.398491e-01	-4.934370e-01
4.584699e-01	6.169868e-01	-4.433104e-01
5.178347e-01	6.392147e-01	-4.990585e-01
4.607668e-01	6.235091e-01	-3.844371e-01
5.149737e-01	6.460085e-01	-4.439748e-01
4.595924e-01	5.027144e-01	9.610650e-03
5.097417e-01	5.030751e-01	-9.578517e-03
4.532593e-01	3.202143e-01	-2.342186e-02
5.108079e-01	3.191761e-01	-4.114747e-02
4.455301e-01	1.397887e-01	6.468555e-02
5.123292e-01	1.412781e-01	4.828174e-02
4.527263e-01	1.086043e-01	6.532709e-02
5.071291e-01	1.170682e-01	4.843803e-02
4.208727e-01	9.301318e-02	-6.090398e-02
5.242510e-01	9.299617e-02	-8.353866e-02
4.928873e-01	8.266963e-01	-4.804446e-02
4.874306e-01	8.431665e-01	-2.773041e-02
4.839202e-01	8.432053e-01	-2.777072e-02
4.798855e-01	8.427956e-01	-2.767757e-02
4.977616e-01	8.414279e-01	-3.023664e-02
5.015715e-01	8.402850e-01	-3.021957e-02
5.048793e-01	8.391812e-01	-3.006427e-02
4.743220e-01	8.331265e-01	8.205783e-02
5.092375e-01	8.295715e-01	6.941533e-02
4.849606e-01	8.082888e-01	-8.058093e-03
4.979106e-01	8.074668e-01	-1.133955e-02
4.489661e-01	7.428567e-01	1.016731e-01
5.293902e-01	7.397044e-01	7.513525e-02
4.368970e-01	6.741689e-01	-1.204437e-02
5.359436e-01	6.785368e-01	-8.380054e-02
4.434922e-01	6.096979e-01	-1.967873e-01
5.284666e-01	6.331153e-01	-3.056843e-01
4.416797e-01	5.793687e-01	-2.424306e-01
5.323685e-01	5.980784e-01	-3.589330e-01
4.563861e-01	5.841268e-01	-2.600312e-01
5.196754e-01	5.982718e-01	-3.694717e-01
4.596621e-01	5.918754e-01	-2.086560e-01
5.158594e-01	6.082150e-01	-3.169802e-01
4.595835e-01	5.043315e-01	1.124186e-02
5.097108e-01	5.045783e-01	-1.114304e-02
4.532577e-01	3.215374e-01	-2.903774e-02
5.108426e-01	3.200342e-01	-5.623344e-02
4.456019e-01	1.397658e-01	4.384806e-02
5.128407e-01	1.412734e-01	1.617595e-02
4.527391e-01	1.084460e-01	4.357656e-02
5.081172e-01	1.166286e-01	1.485415e-02
4.208771e-01	9.300822e-02	-7.546089e-02
5.247145e-01	9.365012e-02	-1.127282e-01
4.928873e-01	8.266997e-01	-5.880771e-02
4.874302e-01	8.431786e-01	-3.896600e-02
4.839216e-01	8.432146e-01	-3.901122e-02
4.798777e-01	8.427980e-01	-3.894592e-02
4.977614e-01	8.414646e-01	-3.991667e-02
5.015721e-01	8.403264e-01	-3.989275e-02
5.048702e-01	8.392268e-01	-3.969857e-02
4.743581e-01	8.331186e-01	6.415357e-02
5.092032e-01	8.297316e-01	5.755320e-02
4.849591e-01	8.084797e-01	-2.160117e-02
4.978954e-01	8.075901e-01	-2.328405e-02
4.491104e-01	7.406614e-01	8.578372e-02
5.294360e-01	7.385183e-01	8.226559e-02
4.337272e-01	6.588048e-01	3.899901e-02
5.377710e-01	6.605182e-01	5.591312e-03
4.388250e-01	5.816152e-01	-7.456336e-02
5.329660e-01	5.940655e-01	-1.579294e-01
4.367803e-01	5.444076e-01	-1.099956e-01
5.371064e-01	5.635141e-01	-1.997579e-01
4.495551e-01	5.498520e-01	-1.324612e-01
5.244206e-01	5.656142e-01	-2.155622e-01
4.541566e-01	5.597778e-01	-8.602519e-02
5.199296e-01	5.750288e-01	-1.691442e-01
4.596191e-01	5.050427e-01	1.114701e-02
5.095477e-01	5.050852e-01	-1.105476e-02
4.532150e-01	3.221943e-01	-3.305537e-02
5.110483e-01	3.202837e-01	-5.918750e-02
4.456394e-01	1.394175e-01	3.558074e-02
5.134524e-01	1.412573e-01	1.332170e-02
4.528134e-01	1.077552e-01	3.559330e-02
5.084694e-01	1.161292e-01	1.274936e-02
4.203592e-01	9.264712e-02	-7.542208e-02
5.251063e-01	9.306915e-02	-1.070841e-01
4.928376e-01	8.271205e-01	-7.368141e-02
4.874138e-01	8.433999e-01	-5.484716e-02
4.839103e-01	8.434284e-01	-5.489485e-02
4.798487e-01	8.429609e-01	-5.483674e-02
4.977059e-01	8.418491e-01	-5.454336e-02
5.014802e-01	8.407398e-01	-5.451917e-02
5.047823e-01	8.395790e-01	-5.434406e-02
4.743752e-01	8.331558e-01	4.837940e-02
5.090314e-01	8.301752e-01	4.326985e-02
4.849241e-01	8.091141e-01	-3.806831e-02
4.977865e-01	8.082639e-01	-3.826501e-02
4.491550e-01	7.402459e-01	6.201791e-02
5.294065e-01	7.378116e-01	8.050361e-02
4.331109e-01	6.487346e-01	4.188099e-02
5.383765e-01	6.459097e-01	7.613124e-02
4.366181e-01	5.604947e-01	-4.894179e-02
5.367896e-01	5.639731e-01	-2.783852e-02
4.346184e-01	5.223621e-01	-8.225524e-02
5.411884e-01	5.315810e-01	-6.032863e-02
4.451950e-01	5.292661e-01	-1.082113e-01
5.304602e-01	5.317372e-01	-8.365390e-02
4.497209e-01	5.412516e-01	-6.124197e-02
5.259802e-01	5.426155e-01	-4.045359e-02
4.596438e-01	5.049599e-01	4.502898e-03
5.092114e-01	5.047143e-01	-4.362787e-03
4.532263e-01	3.223344e-01	-3.545901e-02
5.111134e-01	3.202729e-01	-5.370405e-02
4.457651e-01	1.392970e-01	4.385880e-02
5.140410e-01	1.412627e-01	3.121867e-02
4.528552e-01	1.077194e-01	4.475690e-02
5.088295e-01	1.160395e-01	3.161155e-02
4.203757e-01	9.234052e-02	-6.930455e-02
5.253803e-01	9.299392e-02	-9.110750e-02
4.926368e-01	8.276934e-01	-1.003596e-01
4.873215e-01	8.436468e-01	-8.265849e-02
4.837923e-01	8.436936e-01	-8.269762e-02
4.797388e-01	8.432056e-01	-8.264714e-02
4.975143e-01	8.422769e-01	-8.203964e-02
5.012187e-01	8.412331e-01	-8.203013e-02
5.046115e-01	8.399923e-01	-8.185498e-02
4.743754e-01	8.333302e-01	8.750563e-03
5.086583e-01	8.306023e-01	8.377982e-03
4.847827e-01	8.097556e-01	-6.814606e-02
4.975699e-01	8.089075e-01	-6.791435e-02
4.491950e-01	7.393547e-01	4.587168e-02
5.293238e-01	7.370338e-01	5.817576e-02
4.324969e-01	6.388014e-01	4.384724e-02
5.390285e-01	6.365440e-01	7.316506e-02
4.336526e-01	5.412590e-01	-3.442091e-02
5.407965e-01	5.432006e-01	-4.007226e-03
4.299609e-01	5.045249e-01	-6.431004e-02
5.449916e-01	5.106566e-01	-3.236512e-02
4.403543e-01	5.111580e-01	-9.283186e-02
5.355924e-01	5.100076e-01	-5.979499e-02
4.447929e-01	5.229622e-01	-4.748427e-02
5.313205e-01	5.216614e-01	-1.734072e-02
4.594956e-01	5.049872e-01	4.034693e-03
5.078014e-01	5.045962e-01	-3.907035e-03
4.532265e-01	3.223620e-01	-3.262790e-02
5.111057e-01	3.202569e-01	-5.146635e-02
4.457974e-01	1.392825e-01	5.217176e-02
5.145656e-01	1.412903e-01	3.856998e-02
4.528152e-01	1.078170e-01	5.326300e-02
5.091296e-01	1.160188e-01	3.919013e-02
4.206765e-01	9.186298e-02	-6.516742e-02
5.257216e-01	9.260683e-02	-8.073436e-02
4.924019e-01	8.283015e-01	-1.328955e-01
4.871950e-01	8.439648e-01	-1.155301e-01
4.836534e-01	8.440313e-01	-1.155631e-01
4.796174e-01	8.436022e-01	-1.155003e-01
4.973370e-01	8.427156e-01	-1.146147e-01
5.009775e-01	8.417721e-01	-1.146220e-01
5.044748e-01	8.405388e-01	-1.144661e-01
4.743754e-01	8.338888e-01	-2.338696e-02
5.083598e-01	8.312376e-01	-2.135609e-02
4.845954e-01	8.104394e-01	-9.967989e-02
4.973136e-01	8.095780e-01	-9.892967e-02
4.491823e-01	7.371774e-01	1.466944e-02
5.292963e-01	7.361517e-01	3.005679e-02
4.316798e-01	6.307874e-01	2.368513e-02
5.398420e-01	6.295847e-01	4.176137e-02
4.304096e-01	5.224212e-01	-4.648004e-02
5.435651e-01	5.270457e-01	-3.864549e-02
4.247042e-01	4.863992e-01	-7.379682e-02
5.491096e-01	4.924099e-01	-6.679522e-02
4.351617e-01	4.886922e-01	-1.034010e-01
5.393585e-01	4.917380e-01	-9.450595e-02
4.398134e-01	5.005961e-01	-5.993927e-02
5.341172e-01	5.040999e-01	-5.221137e-02
4.591706e-01	5.040248e-01	3.241586e-03
5.072627e-01	5.020158e-01	-3.128413e-03
4.532332e-01	3.223928e-01	-2.751374e-02
5.111269e-01	3.200080e-01	-3.775562e-02
4.458579e-01	1.392743e-01	5.348804e-02
5.149409e-01	1.414396e-01	4.734771e-02
4.531218e-01	1.077739e-01	5.373780e-02
5.091521e-01	1.160012e-01	4.852210e-02
4.207739e-01	9.186140e-02	-4.642142e-02
5.266181e-01	9.224671e-02	-6.126089e-02
4.923936e-01	8.287996e-01	-1.509394e-01
4.871804e-01	8.441429e-01	-1.337310e-01
4.836381e-01	8.441790e-01	-1.337677e-01
4.796012e-01	8.438094e-01	-1.337088e-01
4.973280e-01	8.429487e-01	-1.325038e-01
5.009649e-01	8.420770e-01	-1.325154e-01
5.044729e-01	8.409839e-01	-1.323658e-01
4.743847e-01	8.342906e-01	-4.064345e-02
5.082979e-01	8.320661e-01	-3.692351e-02
4.845890e-01	8.107725e-01	-1.171736e-01
4.972976e-01	8.099679e-01	-1.159586e-01
4.491304e-01	7.355170e-01	-5.415918e-03
5.292964e-01	7.348490e-01	1.504971e-02
4.313437e-01	6.270095e-01	6.135928e-03
5.406433e-01	6.235426e-01	3.041229e-02
4.283602e-01	5.167338e-01	-6.182047e-02
5.468206e-01	5.166866e-01	-5.407337e-02
4.225627e-01	4.799907e-01	-8.917965e-02
5.534220e-01	4.794603e-01	-8.253344e-02
4.325761e-01	4.809060e-01	-1.192945e-01
5.448244e-01	4.782210e-01	-1.119007e-01
4.372263e-01	4.923967e-01	-7.553200e-02
5.400686e-01	4.912145e-01	-6.863111e-02
4.590109e-01	5.024750e-01	5.883484e-04
5.071374e-01	4.986436e-01	-4.818886e-04
4.534528e-01	3.223114e-01	-2.363121e-02
5.110417e-01	3.198333e-01	-2.409870e-02
4.461417e-01	1.386697e-01	5.931119e-02
5.149485e-01	1.419706e-01	6.456976e-02
4.534358e-01	1.069937e-01	6.113851e-02
5.091442e-01	1.160797e-01	6.608140e-02
4.210220e-01	9.186377e-02	-3.571287e-02
5.280727e-01	9.231228e-02	-4.292893e-02
4.924868e-01	8.306686e-01	-1.851818e-01
4.871835e-01	8.451986e-01	-1.689624e-01
4.836592e-01	8.451580e-01	-1.689995e-01
4.796084e-01	8.448743e-01	-1.689447e-01
4.973461e-01	8.437124e-01	-1.672653e-01
5.010403e-01	8.428341e-01	-1.672838e-01
5.045146e-01	8.418563e-01	-1.671437e-01
4.744355e-01	8.352863e-01	-7.599382e-02
5.082963e-01	8.335132e-01	-6.995723e-02
4.846732e-01	8.120755e-01	-1.510119e-01
4.973809e-01	8.110483e-01	-1.491281e-01
4.488928e-01	7.345416e-01	-3.595480e-02
5.293313e-01	7.339722e-01	-1.168883e-02
4.311835e-01	6.233186e-01	-1.819853e-02
5.419344e-01	6.186240e-01	1.158727e-02
4.279494e-01	5.102978e-01	-8.524994e-02
5.494949e-01	5.054569e-01	-6.695989e-02
4.220178e-01	4.732317e-01	-1.114433e-01
5.554707e-01	4.679902e-01	-9.251852e-02
4.303665e-01	4.734259e-01	-1.403740e-01
5.480395e-01	4.661823e-01	-1.220835e-01
4.352652e-01	4.851277e-01	-9.829290e-02
5.439100e-01	4.794622e-01	-8.104660e-02
4.590287e-01	5.021122e-01	-1.537041e-03
5.072061e-01	4.978155e-01	1.629612e-03
4.539645e-01	3.223292e-01	-1.957736e-02
5.110456e-01	3.198624e-01	-1.389735e-02
4.465139e-01	1.381212e-01	6.383249e-02
5.149613e-01	1.424825e-01	7.621837e-02
4.537654e-01	1.064494e-01	6.629106e-02
5.091355e-01	1.163249e-01	7.814608e-02
4.213023e-01	9.207875e-02	-3.043518e-02
5.285596e-01	9.321155e-02	-2.923698e-02
4.925746e-01	8.315321e-01	-2.318844e-01
4.871966e-01	8.458970e-01	-2.162549e-01
4.836897e-01	8.458813e-01	-2.163004e-01
4.796305e-01	8.456697e-01	-2.162533e-01
4.973780e-01	8.441188e-01	-2.145883e-01
5.011391e-01	8.431777e-01	-2.146038e-01
5.045722e-01	8.422267e-01	-2.144664e-01
4.744728e-01	8.360824e-01	-1.178730e-01
5.083108e-01	8.340990e-01	-1.119978e-01
4.847397e-01	8.127055e-01	-1.949473e-01
4.974630e-01	8.114589e-01	-1.931141e-01
4.487708e-01	7.345591e-01	-6.223376e-02
5.293063e-01	7.339210e-01	-4.395015e-02
4.307078e-01	6.225996e-01	-2.991631e-02
5.427016e-01	6.170730e-01	-9.373283e-03
4.273441e-01	5.086717e-01	-1.006525e-01
5.505658e-01	5.020684e-01	-9.256153e-02
4.214235e-01	4.717914e-01	-1.266608e-01
5.562155e-01	4.647700e-01	-1.180896e-01
4.286180e-01	4.718171e-01	-1.566902e-01
5.497612e-01	4.625117e-01	-1.496267e-01
4.338146e-01	4.840446e-01	-1.139755e-01
5.458185e-01	4.756925e-01	-1.071684e-01
4.590320e-01	5.021638e-01	-9.273678e-04
5.072886e-01	4.980034e-01	1.008198e-03
4.540879e-01	3.223431e-01	-1.337917e-02
5.110495e-01	3.198709e-01	-1.077813e-02
4.467152e-01	1.380217e-01	7.302473e-02
5.150150e-01	1.425742e-01	8.386102e-02
4.539433e-01	1.061289e-01	7.550599e-02
5.091128e-01	1.163091e-01	8.616401e-02
4.212282e-01	9.207743e-02	-2.410034e-02
5.284727e-01	9.331243e-02	-2.299091e-02
4.928168e-01	8.319359e-01	-2.610317e-01
4.872830e-01	8.464952e-01	-2.451380e-01
4.838132e-01	8.464612e-01	-2.451935e-01
4.797381e-01	8.462400e-01	-2.451527e-01
4.975414e-01	8.445308e-01	-2.441656e-01
5.014185e-01	8.435099e-01	-2.441926e-01
5.047447e-01	8.425650e-01	-2.440882e-01
4.744959e-01	8.365673e-01	-1.418085e-01
5.083947e-01	8.346184e-01	-1.386573e-01
4.849142e-01	8.130298e-01	-2.218699e-01
4.977943e-01	8.116136e-01	-2.208178e-01
4.487157e-01	7.346482e-01	-7.359832e-02
5.294030e-01	7.334842e-01	-6.815580e-02
4.307403e-01	6.226051e-01	-3.456121e-02
5.440165e-01	6.133184e-01	-1.005848e-02
4.285643e-01	5.095330e-01	-1.035465e-01
5.516365e-01	4.982229e-01	-1.127703e-01
4.234802e-01	4.710025e-01	-1.280776e-01
5.569855e-01	4.609275e-01	-1.381579e-01
4.300335e-01	4.712266e-01	-1.575903e-01
5.507461e-01	4.585625e-01	-1.692678e-01
4.350955e-01	4.854441e-01	-1.168288e-01
5.467044e-01	4.723178e-01	-1.269715e-01
4.590180e-01	5.020012e-01	-6.166887e-04
5.073014e-01	4.980701e-01	7.184240e-04
4.541428e-01	3.223827e-01	-1.147949e-02
5.110636e-01	3.199530e-01	-1.152711e-02
4.468519e-01	1.376808e-01	7.510507e-02
5.150491e-01	1.425915e-01	8.302753e-02
4.540918e-01	1.056831e-01	7.732143e-02
5.090993e-01	1.162831e-01	8.526669e-02
4.210670e-01	9.191328e-02	-2.531974e-02
5.284051e-01	9.327792e-02	-2.595455e-02
4.930803e-01	8.323127e-01	-2.770652e-01
4.874059e-01	8.471144e-01	-2.608980e-01
4.839610e-01	8.470762e-01	-2.609649e-01
4.798724e-01	8.468513e-01	-2.609392e-01
4.977788e-01	8.449976e-01	-2.605682e-01
5.017533e-01	8.438895e-01	-2.605985e-01
5.049671e-01	8.429409e-01	-2.605140e-01
4.745227e-01	8.371412e-01	-1.540049e-01
5.085729e-01	8.351306e-01	-1.536113e-01
4.851492e-01	8.133832e-01	-2.363704e-01
4.982162e-01	8.118792e-01	-2.360891e-01
4.486364e-01	7.344459e-01	-8.029141e-02
5.296945e-01	7.331417e-01	-8.051808e-02
4.308588e-01	6.224977e-01	-3.661230e-02
5.450210e-01	6.102577e-01	-2.786838e-02
4.288420e-01	5.152836e-01	-1.047301e-01
5.526628e-01	4.959422e-01	-1.170955e-01
4.241973e-01	4.770485e-01	-1.278890e-01
5.574361e-01	4.581662e-01	-1.411313e-01
4.300990e-01	4.769293e-01	-1.578310e-01
5.523681e-01	4.546005e-01	-1.735585e-01
4.349035e-01	4.897856e-01	-1.182212e-01
5.482154e-01	4.688966e-01	-1.317873e-01
4.588898e-01	5.017978e-01	5.011059e-04
5.073283e-01	4.975097e-01	-4.529904e-04
4.541723e-01	3.224748e-01	-8.403710e-03
5.110297e-01	3.199775e-01	-1.297105e-02
4.469461e-01	1.375220e-01	7.923944e-02
5.150827e-01	1.426016e-01	8.382656e-02
4.541465e-01	1.053530e-01	8.129053e-02
5.091110e-01	1.162790e-01	8.620445e-02
4.209688e-01	9.181707e-02	-2.465720e-02
5.283620e-01	9.318317e-02	-2.711287e-02
4.932018e-01	8.326769e-01	-2.832811e-01
4.874516e-01	8.476641e-01	-2.671753e-01
4.840319e-01	8.476132e-01	-2.672452e-01
4.799336e-01	8.473728e-01	-2.672241e-01
4.978657e-01	8.455534e-01	-2.670964e-01
5.019056e-01	8.443861e-01	-2.671259e-01
5.050744e-01	8.434273e-01	-2.670448e-01
4.745567e-01	8.377209e-01	-1.596795e-01
5.087191e-01	8.356283e-01	-1.603404e-01
4.852847e-01	8.137397e-01	-2.422513e-01
4.984769e-01	8.122225e-01	-2.422689e-01
4.485699e-01	7.342943e-01	-8.329370e-02
5.301177e-01	7.324331e-01	-8.566400e-02
4.309479e-01	6.222754e-01	-3.786693e-02
5.457579e-01	6.067843e-01	-3.670049e-02
4.284647e-01	5.173814e-01	-1.046429e-01
5.532916e-01	4.930951e-01	-1.173087e-01
4.244798e-01	4.801483e-01	-1.272381e-01
5.580081e-01	4.560210e-01	-1.406765e-01
4.301496e-01	4.801039e-01	-1.574393e-01
5.533155e-01	4.526151e-01	-1.738203e-01
4.346823e-01	4.935428e-01	-1.182494e-01
5.491127e-01	4.667464e-01	-1.321867e-01
4.588370e-01	5.018091e-01	1.647392e-03
5.074478e-01	4.976140e-01	-1.635010e-03
4.541957e-01	3.227555e-01	-9.269401e-03
5.109358e-01	3.201353e-01	-1.519466e-02
4.470943e-01	1.374605e-01	7.769385e-02
5.150817e-01	1.426076e-01	8.073731e-02
4.542321e-01	1.052078e-01	7.959681e-02
5.091198e-01	1.162769e-01	8.294969e-02
4.209161e-01	9.176322e-02	-2.775333e-02
5.283478e-01	9.295548e-02	-3.170819e-02
