4.594459e-01	8.006108e-01	-3.033472e-01
4.525720e-01	8.181925e-01	-2.848192e-01
4.483007e-01	8.182061e-01	-2.848831e-01
4.436013e-01	8.176372e-01	-2.848678e-01
4.655222e-01	8.175704e-01	-2.851700e-01
4.703432e-01	8.166912e-01	-2.852402e-01
4.742346e-01	8.157235e-01	-2.852079e-01
4.374662e-01	8.064839e-01	-1.719924e-01
4.797712e-01	8.053862e-01	-1.722898e-01
4.505900e-01	7.781693e-01	-2.606260e-01
4.664451e-01	7.771780e-01	-2.607601e-01
4.078794e-01	6.726374e-01	-1.001940e-01
5.103724e-01	6.810432e-01	-1.014357e-01
4.023751e-01	5.293348e-01	-7.422686e-02
5.249309e-01	5.328642e-01	-6.865312e-02
3.890628e-01	3.930138e-01	-1.785223e-01
5.378708e-01	3.948202e-01	-1.707990e-01
3.827985e-01	3.501843e-01	-2.130404e-01
5.479029e-01	3.509776e-01	-2.038731e-01
3.870139e-01	3.480352e-01	-2.491267e-01
5.445159e-01	3.477325e-01	-2.441014e-01
3.915437e-01	3.642583e-01	-1.954496e-01
5.373189e-01	3.665646e-01	-1.896330e-01
4.361079e-01	3.947951e-01	1.172633e-03
4.961622e-01	4.011010e-01	-1.081059e-03
4.435929e-01	1.810153e-01	-3.621688e-02
4.890559e-01	1.880812e-01	-2.041075e-02
4.656864e-01	3.174365e-03	1.556973e-01
4.874974e-01	7.632464e-03	1.439757e-01
4.705010e-01	-8.434951e-03	1.670390e-01
4.841378e-01	-7.132262e-03	1.531730e-01
4.667733e-01	-7.361484e-02	4.352643e-02
4.888230e-01	-7.250243e-02	2.004458e-02
4.598974e-01	8.000227e-01	-2.567891e-01
4.529054e-01	8.178062e-01	-2.395094e-01
4.485822e-01	8.178982e-01	-2.395388e-01
4.438665e-01	8.174166e-01	-2.394915e-01
4.660214e-01	8.171529e-01	-2.381797e-01
4.706796e-01	8.164943e-01	-2.382209e-01
4.746488e-01	8.155692e-01	-2.381631e-01
4.378107e-01	8.064700e-01	-1.366330e-01
4.798458e-01	8.053450e-01	-1.300376e-01
4.508730e-01	7.779251e-01	-2.182687e-01
4.668315e-01	7.770644e-01	-2.162642e-01
4.078673e-01	6.728250e-01	-8.195278e-02
5.105165e-01	6.815538e-01	-6.043131e-02
4.024871e-01	5.289693e-01	-5.150624e-02
5.249366e-01	5.330399e-01	-2.274331e-02
3.882774e-01	3.930237e-01	-1.427229e-01
5.392939e-01	3.954611e-01	-1.189543e-01
3.813533e-01	3.493538e-01	-1.729327e-01
5.490230e-01	3.516476e-01	-1.501882e-01
3.847857e-01	3.476119e-01	-2.111779e-01
5.447477e-01	3.481307e-01	-1.881672e-01
3.898969e-01	3.640867e-01	-1.599404e-01
5.377514e-01	3.665621e-01	-1.374764e-01
4.353374e-01	3.948265e-01	-1.756990e-03
4.957185e-01	4.008895e-01	1.849413e-03
4.430739e-01	1.755850e-01	-3.735959e-02
4.895267e-01	1.863806e-01	-1.967529e-02
4.626105e-01	2.282114e-03	1.464548e-01
4.871708e-01	6.094684e-03	1.395438e-01
4.674140e-01	-8.503704e-03	1.569322e-01
4.834618e-01	-7.715964e-03	1.475757e-01
4.635227e-01	-7.258782e-02	3.434726e-02
4.889945e-01	-7.195358e-02	1.750319e-02
4.600325e-01	7.998762e-01	-2.465461e-01
4.529980e-01	8.177149e-01	-2.291523e-01
4.487006e-01	8.178203e-01	-2.291812e-01
4.439607e-01	8.173637e-01	-2.291286e-01
4.661361e-01	8.170415e-01	-2.276181e-01
4.707693e-01	8.164691e-01	-2.276574e-01
4.747353e-01	8.155576e-01	-2.276034e-01
4.380093e-01	8.064656e-01	-1.272816e-01
4.798533e-01	8.053367e-01	-1.193319e-01
4.509707e-01	7.779157e-01	-2.085135e-01
4.669224e-01	7.770657e-01	-2.061144e-01
4.078731e-01	6.731774e-01	-7.606810e-02
5.105438e-01	6.817966e-01	-5.037384e-02
4.023139e-01	5.287603e-01	-4.867946e-02
5.248791e-01	5.330556e-01	-1.456652e-02
3.879790e-01	3.938285e-01	-1.386681e-01
5.401400e-01	3.955998e-01	-1.122076e-01
3.810679e-01	3.493710e-01	-1.687082e-01
5.498992e-01	3.516934e-01	-1.439553e-01
3.841580e-01	3.476526e-01	-2.068032e-01
5.456154e-01	3.481189e-01	-1.821423e-01
3.893270e-01	3.641498e-01	-1.558903e-01
5.388241e-01	3.662089e-01	-1.310105e-01
4.347294e-01	3.948227e-01	-4.304543e-03
4.953341e-01	4.008836e-01	4.398000e-03
4.428744e-01	1.718281e-01	-4.247979e-02
4.907876e-01	1.851775e-01	-1.911109e-02
4.608520e-01	4.879603e-04	1.331973e-01
4.868795e-01	5.278461e-03	1.363167e-01
4.655735e-01	-9.145480e-03	1.426601e-01
4.829485e-01	-8.098917e-03	1.436352e-01
4.617528e-01	-7.258471e-02	1.829335e-02
4.896102e-01	-7.170709e-02	1.450025e-02
4.601038e-01	7.997954e-01	-2.417153e-01
4.530459e-01	8.176641e-01	-2.241927e-01
4.487710e-01	8.177791e-01	-2.242213e-01
4.440150e-01	8.173390e-01	-2.241674e-01
4.661888e-01	8.169714e-01	-2.227031e-01
4.708145e-01	8.164544e-01	-2.227423e-01
4.747773e-01	8.155520e-01	-2.226908e-01
4.381432e-01	8.064647e-01	-1.224834e-01
4.798552e-01	8.053312e-01	-1.146572e-01
4.510227e-01	7.779149e-01	-2.038225e-01
4.669674e-01	7.770712e-01	-2.014524e-01
4.078894e-01	6.734660e-01	-7.210588e-02
5.105461e-01	6.820250e-01	-4.694697e-02
4.021842e-01	5.284823e-01	-4.626620e-02
5.248193e-01	5.330641e-01	-1.240495e-02
3.877110e-01	3.942946e-01	-1.365648e-01
5.406314e-01	3.956682e-01	-1.103873e-01
3.808729e-01	3.493733e-01	-1.666090e-01
5.504038e-01	3.517389e-01	-1.421972e-01
3.838288e-01	3.476555e-01	-2.046676e-01
5.461546e-01	3.481135e-01	-1.804507e-01
3.889816e-01	3.641527e-01	-1.538168e-01
5.394660e-01	3.659564e-01	-1.292535e-01
4.342358e-01	3.947904e-01	-5.400188e-03
4.949457e-01	4.008558e-01	5.494846e-03
4.427026e-01	1.696023e-01	-4.462444e-02
4.912362e-01	1.845781e-01	-1.875974e-02
4.602233e-01	-2.302509e-03	1.240487e-01
4.866614e-01	4.255395e-03	1.328019e-01
4.649330e-01	-1.083493e-02	1.326914e-01
4.826190e-01	-8.795298e-03	1.396650e-01
4.610921e-01	-7.360199e-02	6.912922e-03
4.899769e-01	-7.170086e-02	1.090781e-02
4.601377e-01	7.997889e-01	-2.577837e-01
4.530646e-01	8.176611e-01	-2.399462e-01
4.488084e-01	8.177759e-01	-2.399874e-01
4.440383e-01	8.173373e-01	-2.399479e-01
4.662164e-01	8.169668e-01	-2.391142e-01
4.708441e-01	8.164625e-01	-2.391645e-01
4.748047e-01	8.155724e-01	-2.391188e-01
4.382443e-01	8.064829e-01	-1.334087e-01
4.798662e-01	8.053657e-01	-1.289071e-01
4.510522e-01	7.779388e-01	-2.181800e-01
4.670057e-01	7.771247e-01	-2.167030e-01
4.079629e-01	6.736135e-01	-7.314555e-02
5.105816e-01	6.820728e-01	-6.000316e-02
4.015583e-01	5.281321e-01	-5.038315e-02
5.248170e-01	5.330570e-01	-2.190782e-02
3.868137e-01	3.953649e-01	-1.339436e-01
5.422021e-01	3.960921e-01	-1.129525e-01
3.803425e-01	3.496812e-01	-1.613223e-01
5.515879e-01	3.528650e-01	-1.418538e-01
3.820935e-01	3.479801e-01	-1.991726e-01
5.486740e-01	3.489787e-01	-1.807327e-01
3.868860e-01	3.645322e-01	-1.511158e-01
5.422646e-01	3.659807e-01	-1.317721e-01
4.336477e-01	3.947898e-01	-6.045692e-03
4.941762e-01	4.008123e-01	6.132840e-03
4.424458e-01	1.680589e-01	-4.408178e-02
4.915951e-01	1.840688e-01	-1.733526e-02
4.598924e-01	-4.293268e-03	1.243463e-01
4.866189e-01	3.136401e-03	1.326447e-01
4.646539e-01	-1.207392e-02	1.328363e-01
4.825644e-01	-9.566043e-03	1.394980e-01
4.608455e-01	-7.467814e-02	6.347954e-03
4.910123e-01	-7.182495e-02	1.026491e-02
4.602150e-01	7.997934e-01	-2.625186e-01
4.531310e-01	8.176689e-01	-2.452861e-01
4.488842e-01	8.177853e-01	-2.453187e-01
4.441060e-01	8.173549e-01	-2.452856e-01
4.662996e-01	8.169734e-01	-2.434476e-01
4.709171e-01	8.165066e-01	-2.434648e-01
4.748921e-01	8.156289e-01	-2.434696e-01
4.383810e-01	8.065776e-01	-1.384101e-01
4.798984e-01	8.054663e-01	-1.296615e-01
4.511275e-01	7.780169e-01	-2.226317e-01
4.671098e-01	7.772413e-01	-2.196159e-01
4.080117e-01	6.736349e-01	-7.941660e-02
5.106287e-01	6.825362e-01	-6.495760e-02
4.005506e-01	5.279664e-01	-5.166924e-02
5.250196e-01	5.342177e-01	-2.191389e-02
3.840545e-01	3.985906e-01	-1.376255e-01
5.446734e-01	4.033286e-01	-1.154889e-01
3.769622e-01	3.532599e-01	-1.659693e-01
5.533863e-01	3.619883e-01	-1.452400e-01
3.767975e-01	3.520408e-01	-2.047103e-01
5.517760e-01	3.592985e-01	-1.854869e-01
3.814497e-01	3.681154e-01	-1.552178e-01
5.456674e-01	3.731706e-01	-1.349992e-01
4.336247e-01	3.949096e-01	-6.856005e-03
4.940929e-01	4.007638e-01	6.940324e-03
4.423843e-01	1.673183e-01	-4.663582e-02
4.921090e-01	1.833561e-01	-1.736986e-02
4.600542e-01	-4.668632e-03	1.293458e-01
4.866114e-01	2.480607e-03	1.425218e-01
4.648100e-01	-1.205950e-02	1.384685e-01
4.825061e-01	-9.617559e-03	1.509074e-01
4.610119e-01	-7.521394e-02	1.328277e-02
4.919458e-01	-7.189413e-02	2.138735e-02
4.602571e-01	7.997931e-01	-2.704416e-01
4.531851e-01	8.176711e-01	-2.532558e-01
4.489439e-01	8.177902e-01	-2.532898e-01
4.441613e-01	8.173666e-01	-2.532604e-01
4.663468e-01	8.169733e-01	-2.509651e-01
4.709568e-01	8.165215e-01	-2.509746e-01
4.749380e-01	8.156494e-01	-2.510041e-01
4.384632e-01	8.066587e-01	-1.444816e-01
4.798998e-01	8.054884e-01	-1.321094e-01
4.511659e-01	7.780588e-01	-2.295353e-01
4.671370e-01	7.773014e-01	-2.259514e-01
4.080057e-01	6.731257e-01	-8.367485e-02
5.106302e-01	6.832958e-01	-6.654301e-02
3.981024e-01	5.269939e-01	-5.143801e-02
5.266621e-01	5.386487e-01	-2.106865e-02
3.806367e-01	4.000150e-01	-1.370031e-01
5.488956e-01	4.125023e-01	-1.162363e-01
3.742288e-01	3.552072e-01	-1.652695e-01
5.584279e-01	3.722849e-01	-1.459246e-01
3.739434e-01	3.550781e-01	-2.037985e-01
5.569329e-01	3.694921e-01	-1.857400e-01
3.784444e-01	3.701251e-01	-1.544587e-01
5.504900e-01	3.826075e-01	-1.355925e-01
4.334054e-01	3.949995e-01	-7.632659e-03
4.937093e-01	4.006914e-01	7.719035e-03
4.424012e-01	1.669168e-01	-4.677432e-02
4.922076e-01	1.828375e-01	-1.804220e-02
4.601771e-01	-4.495392e-03	1.426722e-01
4.865919e-01	2.122459e-03	1.504926e-01
4.648431e-01	-1.062303e-02	1.544976e-01
4.824328e-01	-9.608745e-03	1.603955e-01
4.610966e-01	-7.386398e-02	3.157639e-02
4.919369e-01	-7.176222e-02	3.293128e-02
4.603130e-01	7.997876e-01	-2.506962e-01
4.532829e-01	8.176707e-01	-2.333933e-01
4.490247e-01	8.177919e-01	-2.334379e-01
4.442466e-01	8.173744e-01	-2.334140e-01
4.664385e-01	8.169722e-01	-2.316030e-01
4.710227e-01	8.165285e-01	-2.316193e-01
4.750170e-01	8.156591e-01	-2.315763e-01
4.385317e-01	8.067266e-01	-1.296425e-01
4.799001e-01	8.054942e-01	-1.204399e-01
4.511930e-01	7.780910e-01	-2.119891e-01
4.671566e-01	7.773497e-01	-2.092929e-01
4.080065e-01	6.731189e-01	-7.559024e-02
5.105668e-01	6.833891e-01	-4.533145e-02
3.940918e-01	5.305039e-01	-4.087240e-02
5.296189e-01	5.425096e-01	-6.346263e-04
3.728363e-01	4.130230e-01	-1.327063e-01
5.524544e-01	4.236625e-01	-1.028749e-01
3.637063e-01	3.721826e-01	-1.622376e-01
5.623787e-01	3.829509e-01	-1.348087e-01
3.635798e-01	3.739665e-01	-2.022575e-01
5.606016e-01	3.812981e-01	-1.741539e-01
3.693291e-01	3.881278e-01	-1.505539e-01
5.535598e-01	3.953052e-01	-1.225559e-01
4.334419e-01	3.953086e-01	-8.548651e-03
4.936991e-01	4.008214e-01	8.648291e-03
4.424559e-01	1.672996e-01	-4.925559e-02
4.923446e-01	1.828658e-01	-1.844445e-02
4.602575e-01	-4.346756e-03	1.284117e-01
4.865811e-01	2.135463e-03	1.489597e-01
4.649177e-01	-9.867107e-03	1.384448e-01
4.823914e-01	-9.407287e-03	1.584493e-01
4.612447e-01	-7.383785e-02	1.533319e-02
4.920711e-01	-7.132276e-02	3.297091e-02
4.603674e-01	7.997897e-01	-2.257946e-01
4.533626e-01	8.176758e-01	-2.077983e-01
4.490876e-01	8.177962e-01	-2.078469e-01
4.443147e-01	8.173789e-01	-2.078236e-01
4.665371e-01	8.169795e-01	-2.068021e-01
4.711035e-01	8.165535e-01	-2.068226e-01
4.751187e-01	8.156831e-01	-2.067588e-01
4.386023e-01	8.067308e-01	-1.056659e-01
4.799393e-01	8.054914e-01	-1.002700e-01
4.512295e-01	7.780951e-01	-1.880884e-01
4.672151e-01	7.773630e-01	-1.864977e-01
4.079944e-01	6.730474e-01	-5.385403e-02
5.106088e-01	6.833885e-01	-2.920476e-02
3.911377e-01	5.398993e-01	-1.603116e-02
5.350479e-01	5.481039e-01	1.182310e-02
3.642994e-01	4.295926e-01	-1.077182e-01
5.550051e-01	4.331079e-01	-9.194915e-02
3.538548e-01	3.886678e-01	-1.372798e-01
5.659249e-01	3.939565e-01	-1.247057e-01
3.525230e-01	3.930727e-01	-1.769931e-01
5.623652e-01	3.930912e-01	-1.614844e-01
3.589135e-01	4.084498e-01	-1.254638e-01
5.546047e-01	4.070885e-01	-1.106240e-01
4.334512e-01	3.952313e-01	-8.334119e-03
4.937037e-01	4.008544e-01	8.442900e-03
4.426976e-01	1.671667e-01	-4.898040e-02
4.924447e-01	1.828762e-01	-1.973843e-02
4.603047e-01	-4.227175e-03	1.273146e-01
4.865738e-01	1.745718e-03	1.483926e-01
4.649778e-01	-9.639534e-03	1.373638e-01
4.823548e-01	-9.573156e-03	1.583664e-01
4.613542e-01	-7.383760e-02	1.621168e-02
4.921151e-01	-7.113401e-02	3.151700e-02
4.603817e-01	7.997898e-01	-2.221543e-01
4.533905e-01	8.176770e-01	-2.040650e-01
4.491147e-01	8.177962e-01	-2.041131e-01
4.443431e-01	8.173789e-01	-2.040886e-01
4.665670e-01	8.169838e-01	-2.031467e-01
4.711298e-01	8.165712e-01	-2.031682e-01
4.751517e-01	8.157040e-01	-2.031008e-01
4.386491e-01	8.067353e-01	-1.017657e-01
4.799592e-01	8.054907e-01	-9.682353e-02
4.512400e-01	7.781008e-01	-1.843985e-01
4.672275e-01	7.773803e-01	-1.829420e-01
4.079676e-01	6.730349e-01	-5.039331e-02
5.106286e-01	6.833920e-01	-2.598425e-02
3.900462e-01	5.432733e-01	-1.302395e-02
5.367554e-01	5.508147e-01	1.428933e-02
3.623624e-01	4.335696e-01	-1.053594e-01
5.558807e-01	4.360372e-01	-9.020238e-02
3.515144e-01	3.922131e-01	-1.351239e-01
5.671110e-01	3.968910e-01	-1.231536e-01
3.501858e-01	3.965874e-01	-1.748416e-01
5.630288e-01	3.961693e-01	-1.596776e-01
3.567230e-01	4.123666e-01	-1.231152e-01
5.550451e-01	4.102313e-01	-1.087853e-01
4.334610e-01	3.951799e-01	-8.245369e-03
4.937212e-01	4.009193e-01	8.362958e-03
4.428396e-01	1.671451e-01	-4.926456e-02
4.925345e-01	1.828775e-01	-2.137759e-02
4.603337e-01	-3.946995e-03	1.281955e-01
4.865797e-01	1.515907e-03	1.466779e-01
4.649960e-01	-9.012073e-03	1.384538e-01
4.823565e-01	-9.655373e-03	1.568888e-01
4.614365e-01	-7.372427e-02	1.755000e-02
4.921978e-01	-7.107428e-02	3.032387e-02
4.603844e-01	7.998034e-01	-2.189935e-01
4.533979e-01	8.176830e-01	-2.001730e-01
4.491245e-01	8.177984e-01	-2.002138e-01
4.443530e-01	8.173808e-01	-2.001781e-01
4.665778e-01	8.169984e-01	-1.990601e-01
4.711434e-01	8.166052e-01	-1.990766e-01
4.751770e-01	8.157483e-01	-1.990046e-01
4.386859e-01	8.067422e-01	-9.483691e-02
4.800045e-01	8.054952e-01	-8.913791e-02
4.512436e-01	7.781238e-01	-1.802322e-01
4.672467e-01	7.774225e-01	-1.785852e-01
4.079863e-01	6.732703e-01	-4.359354e-02
5.108773e-01	6.836843e-01	-1.789773e-02
3.867813e-01	5.470791e-01	-1.304251e-02
5.405008e-01	5.558747e-01	1.546572e-02
3.542462e-01	4.401968e-01	-1.143526e-01
5.601941e-01	4.418267e-01	-9.574600e-02
3.418333e-01	3.981320e-01	-1.454285e-01
5.715495e-01	4.052467e-01	-1.297142e-01
3.406944e-01	4.008056e-01	-1.850893e-01
5.673555e-01	4.048687e-01	-1.663707e-01
3.472266e-01	4.158555e-01	-1.324286e-01
5.595349e-01	4.178237e-01	-1.143945e-01
4.338033e-01	3.948155e-01	-8.536370e-03
4.941999e-01	4.009141e-01	8.670039e-03
4.431919e-01	1.671511e-01	-5.088336e-02
4.927542e-01	1.828901e-01	-2.362366e-02
4.604329e-01	-3.903862e-03	1.282890e-01
4.865815e-01	1.374212e-03	1.458891e-01
4.651588e-01	-8.822654e-03	1.396606e-01
4.823647e-01	-9.707971e-03	1.562555e-01
4.614647e-01	-7.372028e-02	2.308617e-02
4.926760e-01	-7.129686e-02	2.968254e-02
4.603867e-01	7.998043e-01	-1.828497e-01
4.534277e-01	8.176777e-01	-1.638395e-01
4.491557e-01	8.177884e-01	-1.638871e-01
4.444030e-01	8.173689e-01	-1.638515e-01
4.665853e-01	8.169969e-01	-1.622236e-01
4.711472e-01	8.166071e-01	-1.622163e-01
4.751799e-01	8.157510e-01	-1.621206e-01
4.387588e-01	8.067466e-01	-6.016041e-02
4.800154e-01	8.054561e-01	-5.217015e-02
4.512547e-01	7.781743e-01	-1.448851e-01
4.672535e-01	7.774666e-01	-1.426060e-01
4.080974e-01	6.741824e-01	-1.819020e-02
5.107979e-01	6.847550e-01	1.296397e-02
3.824065e-01	5.585567e-01	-7.397903e-03
5.415602e-01	5.654873e-01	3.557624e-02
3.430625e-01	4.614323e-01	-1.165549e-01
5.636408e-01	4.571790e-01	-8.162716e-02
3.294935e-01	4.247788e-01	-1.530498e-01
5.766072e-01	4.223543e-01	-1.179615e-01
3.287025e-01	4.275323e-01	-1.939351e-01
5.724141e-01	4.204259e-01	-1.532596e-01
3.349032e-01	4.392835e-01	-1.337102e-01
5.639691e-01	4.323540e-01	-1.004119e-01
4.354529e-01	3.948344e-01	-9.621432e-03
4.951731e-01	4.019231e-01	9.786832e-03
4.433683e-01	1.672501e-01	-5.904399e-02
4.931011e-01	1.830240e-01	-2.572045e-02
4.604509e-01	-3.869542e-03	1.261071e-01
4.865772e-01	1.249720e-03	1.420048e-01
4.651906e-01	-8.751446e-03	1.376122e-01
4.823558e-01	-9.794703e-03	1.518352e-01
4.615236e-01	-7.359298e-02	2.217938e-02
4.928873e-01	-7.099943e-02	2.914820e-02
4.603642e-01	7.999745e-01	-1.694421e-01
4.534315e-01	8.177364e-01	-1.510682e-01
4.491597e-01	8.178403e-01	-1.511215e-01
4.444148e-01	8.174356e-01	-1.510839e-01
4.665794e-01	8.170364e-01	-1.496870e-01
4.711435e-01	8.166484e-01	-1.496730e-01
4.751715e-01	8.157937e-01	-1.495763e-01
4.388183e-01	8.068627e-01	-4.954488e-02
4.800355e-01	8.054530e-01	-4.216648e-02
4.512395e-01	7.785663e-01	-1.320047e-01
4.672241e-01	7.777531e-01	-1.299195e-01
4.080731e-01	6.772246e-01	-7.538348e-03
5.107983e-01	6.861163e-01	1.863755e-02
3.778601e-01	5.699988e-01	-6.171178e-03
5.429076e-01	5.725279e-01	3.799202e-02
3.326583e-01	4.859804e-01	-1.297800e-01
5.706341e-01	4.697075e-01	-7.664604e-02
3.170494e-01	4.527112e-01	-1.675971e-01
5.838481e-01	4.346823e-01	-1.118820e-01
3.175432e-01	4.534826e-01	-2.065973e-01
5.809305e-01	4.334254e-01	-1.466426e-01
3.247318e-01	4.647202e-01	-1.488180e-01
5.735320e-01	4.445280e-01	-9.527583e-02
4.360310e-01	3.951765e-01	-9.622397e-03
4.959351e-01	4.027506e-01	9.793083e-03
4.432260e-01	1.673086e-01	-6.076384e-02
4.932583e-01	1.830398e-01	-2.756197e-02
4.604657e-01	-3.841664e-03	1.275198e-01
4.865766e-01	1.205794e-03	1.426141e-01
4.652316e-01	-8.728284e-03	1.381792e-01
4.823764e-01	-9.800167e-03	1.528699e-01
4.615435e-01	-7.354616e-02	2.732423e-02
4.921134e-01	-6.706055e-02	3.639141e-02
4.603343e-01	8.001299e-01	-1.744234e-01
4.534384e-01	8.177839e-01	-1.545596e-01
4.491782e-01	8.178873e-01	-1.546119e-01
4.444584e-01	8.174960e-01	-1.545551e-01
4.665739e-01	8.170779e-01	-1.534985e-01
4.711377e-01	8.166862e-01	-1.534768e-01
4.751657e-01	8.158318e-01	-1.533761e-01
4.388530e-01	8.070737e-01	-4.470351e-02
4.800632e-01	8.054425e-01	-3.830989e-02
4.512293e-01	7.788748e-01	-1.340159e-01
4.671871e-01	7.779268e-01	-1.321916e-01
4.080555e-01	6.799319e-01	-2.296773e-03
5.106290e-01	6.889480e-01	2.178099e-02
3.725899e-01	5.774396e-01	-2.767440e-02
5.465149e-01	5.824134e-01	2.411687e-02
3.216514e-01	5.047644e-01	-2.180562e-01
5.790968e-01	4.868116e-01	-1.061623e-01
3.040703e-01	4.743055e-01	-2.606679e-01
5.913964e-01	4.552168e-01	-1.444215e-01
3.037610e-01	4.764771e-01	-2.991462e-01
5.898989e-01	4.539967e-01	-1.786492e-01
3.123694e-01	4.871820e-01	-2.388673e-01
5.832707e-01	4.640510e-01	-1.256432e-01
4.364091e-01	3.958274e-01	-9.522662e-03
4.959227e-01	4.040841e-01	9.693119e-03
4.431541e-01	1.675216e-01	-6.372999e-02
4.932817e-01	1.830517e-01	-3.243239e-02
4.605115e-01	-3.785173e-03	1.269539e-01
4.865343e-01	7.778812e-04	1.383087e-01
4.652480e-01	-8.708557e-03	1.383025e-01
4.823731e-01	-1.021533e-02	1.483194e-01
4.615564e-01	-7.257840e-02	2.657198e-02
4.915272e-01	-6.491293e-02	3.384406e-02
4.603737e-01	8.001333e-01	-1.768402e-01
4.535760e-01	8.177857e-01	-1.567074e-01
4.492780e-01	8.178878e-01	-1.567572e-01
4.446184e-01	8.174947e-01	-1.566973e-01
4.666375e-01	8.170989e-01	-1.552687e-01
4.711751e-01	8.166962e-01	-1.552462e-01
4.752131e-01	8.158519e-01	-1.551461e-01
4.389174e-01	8.070787e-01	-4.557570e-02
4.801149e-01	8.054477e-01	-3.734659e-02
4.512907e-01	7.788694e-01	-1.360695e-01
4.672156e-01	7.779362e-01	-1.337194e-01
4.079897e-01	6.801949e-01	-4.350563e-03
5.105198e-01	6.891983e-01	2.293455e-02
3.721319e-01	5.784913e-01	-4.554465e-02
5.470046e-01	5.824588e-01	1.992877e-02
3.207428e-01	5.073537e-01	-2.423214e-01
5.804327e-01	4.885963e-01	-1.293678e-01
3.025727e-01	4.776723e-01	-2.861494e-01
5.925480e-01	4.575861e-01	-1.685020e-01
3.017592e-01	4.803543e-01	-3.239723e-01
5.914935e-01	4.573543e-01	-2.028017e-01
3.105549e-01	4.907072e-01	-2.630660e-01
5.849282e-01	4.672389e-01	-1.490154e-01
4.367052e-01	3.959307e-01	-9.508874e-03
4.959497e-01	4.044645e-01	9.682498e-03
4.430312e-01	1.675824e-01	-6.384836e-02
4.933196e-01	1.829512e-01	-3.303911e-02
4.605557e-01	-3.737811e-03	1.271489e-01
4.864968e-01	-1.097421e-04	1.381981e-01
4.652871e-01	-8.663915e-03	1.392954e-01
4.823453e-01	-1.096226e-02	1.481807e-01
4.615445e-01	-7.164271e-02	2.841489e-02
4.925544e-01	-6.796133e-02	3.282451e-02
4.602745e-01	8.000916e-01	-1.844011e-01
4.535774e-01	8.177747e-01	-1.618536e-01
4.492833e-01	8.178691e-01	-1.619247e-01
4.446221e-01	8.174749e-01	-1.618855e-01
4.666060e-01	8.170924e-01	-1.620490e-01
4.711577e-01	8.166610e-01	-1.620236e-01
4.751979e-01	8.158076e-01	-1.619189e-01
4.389673e-01	8.070835e-01	-3.839723e-02
4.802513e-01	8.053358e-01	-3.856521e-02
4.512731e-01	7.788152e-01	-1.398685e-01
4.671642e-01	7.779192e-01	-1.396278e-01
4.080088e-01	6.828493e-01	6.736199e-04
5.106041e-01	6.894513e-01	2.582805e-02
3.685922e-01	5.895015e-01	-7.272039e-02
5.489416e-01	5.856459e-01	-9.426596e-06
3.126904e-01	5.340687e-01	-3.202932e-01
5.839061e-01	5.051280e-01	-1.771671e-01
2.949201e-01	5.023734e-01	-3.735122e-01
5.954341e-01	4.787510e-01	-2.210052e-01
2.973939e-01	5.071815e-01	-4.109862e-01
5.950656e-01	4.813643e-01	-2.565957e-01
3.055573e-01	5.179842e-01	-3.419013e-01
5.876251e-01	4.899583e-01	-1.980828e-01
4.364260e-01	3.959580e-01	-9.453293e-03
4.955217e-01	4.045168e-01	9.623642e-03
4.430225e-01	1.676824e-01	-6.264778e-02
4.933214e-01	1.830169e-01	-3.251731e-02
4.605714e-01	-3.650618e-03	1.308925e-01
4.864844e-01	-8.941614e-04	1.382954e-01
4.653137e-01	-8.720308e-03	1.436418e-01
4.823428e-01	-1.198567e-02	1.480549e-01
4.613439e-01	-7.095806e-02	2.817627e-02
4.925686e-01	-7.024983e-02	2.521733e-02
4.602270e-01	8.001112e-01	-1.908774e-01
4.535804e-01	8.178173e-01	-1.711181e-01
4.492877e-01	8.179020e-01	-1.711760e-01
4.446265e-01	8.174985e-01	-1.711338e-01
4.666007e-01	8.171182e-01	-1.703960e-01
4.711570e-01	8.166631e-01	-1.703919e-01
4.751992e-01	8.158043e-01	-1.703025e-01
4.389933e-01	8.070896e-01	-5.141241e-02
4.804040e-01	8.052441e-01	-5.156210e-02
4.512388e-01	7.788168e-01	-1.497214e-01
4.671478e-01	7.779306e-01	-1.486228e-01
4.077817e-01	6.831791e-01	-9.924602e-03
5.109436e-01	6.895198e-01	1.543550e-02
3.611441e-01	6.016688e-01	-8.803740e-02
5.549470e-01	5.889573e-01	3.886634e-04
3.018788e-01	5.583314e-01	-3.278470e-01
5.945426e-01	5.046300e-01	-1.490651e-01
2.842475e-01	5.272113e-01	-3.778003e-01
6.061997e-01	4.833575e-01	-1.877607e-01
2.891530e-01	5.280952e-01	-4.140671e-01
6.074682e-01	4.867727e-01	-2.241267e-01
2.971698e-01	5.386320e-01	-3.488791e-01
5.996556e-01	4.952000e-01	-1.691626e-01
4.363699e-01	3.959284e-01	-9.650637e-03
4.955039e-01	4.045267e-01	9.828110e-03
4.430397e-01	1.680933e-01	-5.376868e-02
4.933136e-01	1.830244e-01	-2.158786e-02
4.605964e-01	-3.613218e-03	1.447914e-01
4.864866e-01	-1.424336e-03	1.499343e-01
4.653360e-01	-8.718729e-03	1.577486e-01
4.823664e-01	-1.250669e-02	1.592007e-01
4.613469e-01	-7.078449e-02	3.703754e-02
4.929998e-01	-7.133591e-02	3.154428e-02
4.602197e-01	8.001281e-01	-2.045584e-01
4.535822e-01	8.178653e-01	-1.827488e-01
4.492915e-01	8.179448e-01	-1.828609e-01
4.446312e-01	8.175348e-01	-1.828940e-01
4.665996e-01	8.171440e-01	-1.817773e-01
4.711604e-01	8.166645e-01	-1.817743e-01
4.752126e-01	8.157959e-01	-1.816953e-01
4.389989e-01	8.071203e-01	-5.515317e-02
4.804903e-01	8.051746e-01	-5.627578e-02
4.512318e-01	7.788180e-01	-1.594349e-01
4.671701e-01	7.779402e-01	-1.577156e-01
4.079355e-01	6.850377e-01	-1.284982e-02
5.110161e-01	6.902055e-01	1.045606e-02
3.538212e-01	6.185124e-01	-9.811751e-02
5.570173e-01	6.018254e-01	-1.376147e-02
2.943780e-01	5.830554e-01	-3.178172e-01
5.877850e-01	5.280057e-01	-1.685629e-01
2.782666e-01	5.681955e-01	-3.637604e-01
6.004655e-01	4.985162e-01	-2.061607e-01
2.818335e-01	5.689631e-01	-3.969714e-01
5.983450e-01	5.079148e-01	-2.347821e-01
2.887238e-01	5.712981e-01	-3.370242e-01
5.917102e-01	5.134282e-01	-1.859465e-01
4.363538e-01	3.962378e-01	-1.020428e-02
4.954997e-01	4.048157e-01	1.040218e-02
4.430323e-01	1.692506e-01	-4.485337e-02
4.932718e-01	1.831720e-01	-1.018338e-02
4.606166e-01	-3.338743e-03	1.486726e-01
4.864759e-01	-1.811768e-03	1.559011e-01
4.653932e-01	-8.638418e-03	1.611554e-01
4.823638e-01	-1.283533e-02	1.643900e-01
4.614368e-01	-7.018454e-02	3.665649e-02
4.930272e-01	-7.175010e-02	3.323379e-02
4.602196e-01	8.001050e-01	-2.212418e-01
4.535795e-01	8.178675e-01	-1.988681e-01
4.492845e-01	8.179451e-01	-1.989801e-01
4.446239e-01	8.175336e-01	-1.990244e-01
4.666024e-01	8.171391e-01	-1.983971e-01
4.711820e-01	8.165795e-01	-1.984384e-01
4.752526e-01	8.156443e-01	-1.984021e-01
4.389734e-01	8.071158e-01	-6.573001e-02
4.806457e-01	8.049623e-01	-6.605660e-02
4.512207e-01	7.787457e-01	-1.736841e-01
4.672120e-01	7.778957e-01	-1.727181e-01
4.076990e-01	6.862787e-01	-1.624577e-02
5.110598e-01	6.911880e-01	4.546741e-03
3.469947e-01	6.304086e-01	-1.180060e-01
5.567997e-01	6.123458e-01	-3.175872e-02
2.916272e-01	6.186687e-01	-3.526748e-01
5.664561e-01	5.494877e-01	-1.794854e-01
2.773673e-01	6.297898e-01	-3.990478e-01
5.641404e-01	5.084851e-01	-2.142349e-01
2.802834e-01	6.332867e-01	-4.232669e-01
5.634004e-01	5.338498e-01	-2.330379e-01
2.875156e-01	6.265635e-01	-3.694480e-01
5.632874e-01	5.384654e-01	-1.920053e-01
4.354762e-01	3.962449e-01	-1.016099e-02
4.954552e-01	4.048384e-01	1.035724e-02
4.430158e-01	1.694891e-01	-4.060460e-02
4.931723e-01	1.831739e-01	-8.842928e-03
4.607022e-01	-2.884529e-03	1.585043e-01
4.864389e-01	-2.298057e-03	1.625514e-01
4.654373e-01	-8.465501e-03	1.717458e-01
4.823433e-01	-1.320528e-02	1.713982e-01
4.616799e-01	-6.998887e-02	4.358146e-02
4.932860e-01	-7.366069e-02	3.470488e-02
4.600842e-01	7.999956e-01	-1.865306e-01
4.534265e-01	8.177705e-01	-1.660249e-01
4.491200e-01	8.178180e-01	-1.661078e-01
4.444419e-01	8.173841e-01	-1.661281e-01
4.664705e-01	8.170254e-01	-1.661850e-01
4.711212e-01	8.163589e-01	-1.662089e-01
4.752087e-01	8.153311e-01	-1.661500e-01
4.388546e-01	8.068460e-01	-4.808024e-02
4.807240e-01	8.047819e-01	-4.786250e-02
4.511444e-01	7.784926e-01	-1.429901e-01
4.671873e-01	7.777554e-01	-1.427338e-01
4.078305e-01	6.904077e-01	4.924439e-04
5.115712e-01	6.924389e-01	1.706242e-02
3.532639e-01	6.397852e-01	-9.540044e-02
5.552189e-01	6.168265e-01	3.321790e-02
2.938873e-01	6.427125e-01	-3.111975e-01
5.435297e-01	5.269518e-01	-3.661726e-02
2.749397e-01	6.523842e-01	-3.553700e-01
5.435880e-01	4.909785e-01	-5.939684e-02
2.763992e-01	6.556162e-01	-3.823958e-01
5.312116e-01	5.027943e-01	-7.978721e-02
2.853947e-01	6.496794e-01	-3.291286e-01
5.303801e-01	5.103880e-01	-4.736592e-02
4.354364e-01	3.972312e-01	-1.017845e-02
4.955370e-01	4.057557e-01	1.039474e-02
4.431625e-01	1.707522e-01	-4.125066e-02
4.931826e-01	1.832410e-01	-9.706990e-03
4.608639e-01	-2.438111e-03	1.394732e-01
4.864407e-01	-2.369642e-03	1.410770e-01
4.655209e-01	-8.424684e-03	1.508226e-01
4.823805e-01	-1.341178e-02	1.479494e-01
4.618618e-01	-6.964280e-02	1.907790e-02
4.939362e-01	-7.372504e-02	1.054066e-02
4.598049e-01	7.999606e-01	-1.846989e-01
4.531778e-01	8.176024e-01	-1.640639e-01
4.488767e-01	8.176631e-01	-1.641424e-01
4.441701e-01	8.172338e-01	-1.641527e-01
4.662434e-01	8.167809e-01	-1.642016e-01
4.710094e-01	8.160324e-01	-1.642215e-01
4.751257e-01	8.149481e-01	-1.641578e-01
4.387564e-01	8.066743e-01	-4.696112e-02
4.807733e-01	8.046979e-01	-4.606162e-02
4.510068e-01	7.783529e-01	-1.411965e-01
4.670943e-01	7.776611e-01	-1.408845e-01
4.078764e-01	6.921920e-01	2.338095e-03
5.118949e-01	6.933180e-01	1.859589e-02
3.540371e-01	6.430622e-01	-9.417834e-02
5.545317e-01	6.152953e-01	3.750032e-02
2.956295e-01	6.444251e-01	-3.177747e-01
5.394994e-01	5.182461e-01	-3.744845e-02
2.758055e-01	6.536657e-01	-3.634864e-01
5.403107e-01	4.833249e-01	-6.133864e-02
2.797021e-01	6.546434e-01	-3.884174e-01
5.275313e-01	4.914113e-01	-8.270212e-02
2.866895e-01	6.494225e-01	-3.352229e-01
5.262691e-01	4.997414e-01	-4.847029e-02
4.353722e-01	3.975227e-01	-1.017616e-02
4.955895e-01	4.059861e-01	1.040335e-02
4.432572e-01	1.715473e-01	-4.287147e-02
4.931506e-01	1.832466e-01	-1.153669e-02
4.608828e-01	-8.104757e-04	1.378738e-01
4.864392e-01	-2.364045e-03	1.355710e-01
4.655378e-01	-7.864765e-03	1.495689e-01
4.823943e-01	-1.351214e-02	1.427670e-01
4.618682e-01	-6.835353e-02	1.994780e-02
4.941279e-01	-7.418928e-02	6.952657e-03
4.597920e-01	7.999536e-01	-1.895406e-01
4.531398e-01	8.175017e-01	-1.682497e-01
4.488546e-01	8.175467e-01	-1.683317e-01
4.441300e-01	8.171220e-01	-1.683331e-01
4.662229e-01	8.166038e-01	-1.687967e-01
4.710098e-01	8.157789e-01	-1.688198e-01
4.751276e-01	8.146774e-01	-1.687624e-01
4.387483e-01	8.064888e-01	-4.330944e-02
4.809149e-01	8.046756e-01	-4.802819e-02
4.510059e-01	7.782479e-01	-1.443281e-01
4.671022e-01	7.775893e-01	-1.450490e-01
4.079148e-01	6.934536e-01	9.279309e-03
5.128163e-01	6.938447e-01	1.537234e-02
3.548126e-01	6.492182e-01	-1.019039e-01
5.643762e-01	6.323023e-01	-7.022290e-02
2.984654e-01	6.684862e-01	-3.402497e-01
5.898787e-01	6.028389e-01	-2.745077e-01
2.743196e-01	6.730671e-01	-3.877573e-01
6.035339e-01	5.847110e-01	-3.190464e-01
2.780907e-01	6.748672e-01	-4.140654e-01
5.752992e-01	5.708106e-01	-3.370306e-01
2.883189e-01	6.726436e-01	-3.592306e-01
5.717715e-01	5.765395e-01	-2.895133e-01
4.350755e-01	3.979729e-01	-7.520830e-03
4.954905e-01	4.061981e-01	7.770699e-03
4.432884e-01	1.720870e-01	-3.959119e-02
4.930182e-01	1.831886e-01	-1.433852e-02
4.609004e-01	-3.240311e-04	1.447159e-01
4.864274e-01	-2.381827e-03	1.337112e-01
4.655445e-01	-7.828558e-03	1.557593e-01
4.823975e-01	-1.425035e-02	1.403779e-01
4.619891e-01	-7.362875e-02	2.065986e-02
4.941071e-01	-7.543368e-02	-4.403401e-03
4.597918e-01	7.999412e-01	-1.916075e-01
4.531155e-01	8.174022e-01	-1.704428e-01
4.488403e-01	8.174412e-01	-1.705207e-01
4.440908e-01	8.170283e-01	-1.705102e-01
4.662167e-01	8.164265e-01	-1.710493e-01
4.710163e-01	8.155367e-01	-1.710587e-01
4.751350e-01	8.144164e-01	-1.709896e-01
4.387210e-01	8.063113e-01	-4.498493e-02
4.809656e-01	8.045881e-01	-5.056561e-02
4.510171e-01	7.780923e-01	-1.453055e-01
4.671287e-01	7.774188e-01	-1.474803e-01
4.080192e-01	6.949796e-01	1.325818e-02
5.128435e-01	6.951628e-01	-1.288277e-02
3.536454e-01	6.582978e-01	-1.085431e-01
5.621465e-01	6.512285e-01	-1.575675e-01
2.981221e-01	6.956541e-01	-3.412324e-01
6.068585e-01	6.480714e-01	-4.129668e-01
2.787820e-01	6.973239e-01	-3.875062e-01
6.241353e-01	6.411954e-01	-4.646567e-01
2.824769e-01	7.008100e-01	-4.100966e-01
6.199834e-01	6.545197e-01	-4.841386e-01
2.915049e-01	6.989563e-01	-3.591402e-01
6.098244e-01	6.534665e-01	-4.304897e-01
4.348320e-01	3.984268e-01	6.709100e-04
4.951083e-01	4.062745e-01	-4.922409e-04
4.433687e-01	1.729213e-01	-2.446467e-02
4.929563e-01	1.831305e-01	-1.945226e-02
4.609050e-01	-1.022215e-05	1.572262e-01
4.864069e-01	-2.923751e-03	1.217896e-01
4.654983e-01	-7.819616e-03	1.676335e-01
4.823925e-01	-1.600761e-02	1.280212e-01
4.619956e-01	-7.565641e-02	3.636653e-02
4.929831e-01	-7.762185e-02	-1.845544e-02
4.598357e-01	7.999513e-01	-1.957680e-01
4.531184e-01	8.174025e-01	-1.756517e-01
4.488446e-01	8.174388e-01	-1.757326e-01
4.440899e-01	8.170260e-01	-1.756925e-01
4.662588e-01	8.163717e-01	-1.773370e-01
4.711214e-01	8.154040e-01	-1.773880e-01
4.752415e-01	8.142315e-01	-1.773481e-01
4.386885e-01	8.061618e-01	-5.279001e-02
4.810847e-01	8.044018e-01	-6.180103e-02
4.510227e-01	7.778890e-01	-1.496771e-01
4.671615e-01	7.771801e-01	-1.527096e-01
4.074132e-01	6.960340e-01	1.051799e-03
5.134327e-01	6.950849e-01	-2.026174e-02
3.418404e-01	6.850054e-01	-1.593129e-01
5.708317e-01	6.637300e-01	-1.271134e-01
3.004824e-01	7.195051e-01	-3.979458e-01
6.229882e-01	6.626285e-01	-3.277296e-01
2.821186e-01	7.188880e-01	-4.456684e-01
6.430914e-01	6.524247e-01	-3.702713e-01
2.892907e-01	7.245443e-01	-4.606636e-01
6.377701e-01	6.564684e-01	-3.915715e-01
2.933154e-01	7.231317e-01	-4.131552e-01
6.321243e-01	6.573513e-01	-3.445839e-01
4.343285e-01	3.982965e-01	-5.725439e-04
4.949173e-01	4.057925e-01	7.616503e-04
4.434145e-01	1.733056e-01	-1.647953e-02
4.928702e-01	1.830280e-01	-5.050334e-03
4.608970e-01	2.045548e-05	1.543051e-01
4.863238e-01	-3.151772e-03	1.260099e-01
4.654518e-01	-7.848165e-03	1.647185e-01
4.823789e-01	-1.670728e-02	1.334248e-01
4.620589e-01	-7.745905e-02	3.557014e-02
4.927749e-01	-7.800587e-02	-6.813597e-03
4.598383e-01	7.999505e-01	-1.962279e-01
4.530916e-01	8.173802e-01	-1.775785e-01
4.488145e-01	8.174127e-01	-1.776522e-01
4.440244e-01	8.170030e-01	-1.776280e-01
4.662604e-01	8.162631e-01	-1.805358e-01
4.711521e-01	8.152456e-01	-1.806258e-01
4.752855e-01	8.140429e-01	-1.806079e-01
4.385659e-01	8.060775e-01	-5.635069e-02
4.811727e-01	8.041883e-01	-7.194342e-02
4.510104e-01	7.777578e-01	-1.500991e-01
4.671682e-01	7.770528e-01	-1.544411e-01
4.073924e-01	6.990800e-01	7.366493e-04
5.132871e-01	6.977811e-01	-3.623156e-02
3.449354e-01	6.814306e-01	-1.362540e-01
5.672083e-01	6.689743e-01	-1.908766e-01
3.015009e-01	7.455097e-01	-3.550759e-01
6.134499e-01	6.933966e-01	-4.473768e-01
2.827637e-01	7.586200e-01	-3.976323e-01
6.313180e-01	7.040814e-01	-4.967100e-01
2.900248e-01	7.686821e-01	-4.178917e-01
6.238254e-01	7.140971e-01	-5.104670e-01
2.949269e-01	7.571003e-01	-3.705860e-01
6.176887e-01	7.034912e-01	-4.631670e-01
4.339991e-01	3.991209e-01	6.381047e-03
4.942576e-01	4.068216e-01	-6.257010e-03
4.434201e-01	1.742896e-01	1.746927e-04
4.927928e-01	1.833908e-01	-5.737111e-03
4.608722e-01	2.099280e-04	1.646765e-01
4.862868e-01	-3.260315e-03	1.159559e-01
4.654034e-01	-7.829467e-03	1.735545e-01
4.823788e-01	-1.686260e-02	1.216112e-01
4.622376e-01	-7.900322e-02	4.692232e-02
4.930829e-01	-7.912455e-02	-2.137135e-02
4.598396e-01	8.002098e-01	-1.944464e-01
4.530277e-01	8.174540e-01	-1.769191e-01
4.487182e-01	8.174674e-01	-1.769857e-01
4.438769e-01	8.170432e-01	-1.769716e-01
4.662601e-01	8.162698e-01	-1.793685e-01
4.711601e-01	8.152424e-01	-1.794598e-01
4.752896e-01	8.140351e-01	-1.794380e-01
4.381950e-01	8.060600e-01	-5.994739e-02
4.811803e-01	8.040781e-01	-7.076391e-02
4.509541e-01	7.778171e-01	-1.501379e-01
4.671694e-01	7.771145e-01	-1.532834e-01
4.068490e-01	7.029117e-01	-8.025189e-03
5.127676e-01	7.005363e-01	-3.664470e-02
3.340412e-01	7.272068e-01	-1.681941e-01
5.660578e-01	6.715261e-01	-1.945329e-01
3.065518e-01	7.544664e-01	-3.877029e-01
6.050214e-01	6.993418e-01	-4.476694e-01
2.933407e-01	7.594337e-01	-4.326607e-01
6.223358e-01	7.027208e-01	-5.006871e-01
3.008373e-01	7.631323e-01	-4.468291e-01
6.174594e-01	7.193222e-01	-5.144778e-01
3.063473e-01	7.571501e-01	-4.019564e-01
6.129774e-01	7.097085e-01	-4.636092e-01
4.337927e-01	4.014541e-01	4.286688e-03
4.938979e-01	4.095406e-01	-4.138249e-03
4.434218e-01	1.753553e-01	-4.753609e-03
4.927197e-01	1.844833e-01	-7.223623e-03
4.608781e-01	1.007135e-03	1.633350e-01
4.860959e-01	-3.253037e-03	1.110253e-01
4.654206e-01	-7.354912e-03	1.685970e-01
4.823771e-01	-1.684167e-02	1.149335e-01
4.622498e-01	-6.404407e-02	4.147795e-02
4.930801e-01	-7.980245e-02	-2.640675e-02
4.599725e-01	8.007604e-01	-1.967005e-01
4.530370e-01	8.176336e-01	-1.811587e-01
4.487229e-01	8.175758e-01	-1.812173e-01
4.438757e-01	8.171173e-01	-1.812111e-01
4.663348e-01	8.164253e-01	-1.824226e-01
4.712403e-01	8.153929e-01	-1.825108e-01
4.753533e-01	8.141817e-01	-1.824883e-01
4.381150e-01	8.060555e-01	-7.292829e-02
4.811911e-01	8.040981e-01	-7.545190e-02
4.509772e-01	7.780114e-01	-1.550494e-01
4.672880e-01	7.773444e-01	-1.563809e-01
4.064242e-01	7.049233e-01	-2.660261e-02
5.126830e-01	7.011687e-01	-4.462327e-02
3.305378e-01	7.365628e-01	-1.934395e-01
5.658422e-01	6.740600e-01	-2.090252e-01
3.088389e-01	7.569118e-01	-4.130855e-01
6.019441e-01	6.997661e-01	-4.643491e-01
2.996352e-01	7.597311e-01	-4.592876e-01
6.187229e-01	7.052814e-01	-5.185465e-01
3.070174e-01	7.609742e-01	-4.727922e-01
6.157149e-01	7.191349e-01	-5.310625e-01
3.103791e-01	7.573979e-01	-4.271941e-01
6.078340e-01	7.087513e-01	-4.799508e-01
4.338086e-01	4.017681e-01	3.343166e-03
4.938617e-01	4.099179e-01	-3.164871e-03
4.434315e-01	1.758913e-01	-6.670500e-03
4.926139e-01	1.851265e-01	-5.345604e-03
4.609438e-01	2.401074e-03	1.625535e-01
4.858735e-01	-3.206505e-03	1.134430e-01
4.655455e-01	-6.537628e-03	1.654791e-01
4.823570e-01	-1.682764e-02	1.173325e-01
4.622502e-01	-5.810334e-02	4.138320e-02
4.929062e-01	-7.976858e-02	-2.187534e-02
4.600528e-01	8.009692e-01	-2.093789e-01
4.530369e-01	8.176423e-01	-1.926562e-01
4.487240e-01	8.175760e-01	-1.927090e-01
4.438747e-01	8.171164e-01	-1.927096e-01
4.663623e-01	8.164247e-01	-1.936073e-01
4.712741e-01	8.153964e-01	-1.936902e-01
4.753811e-01	8.141881e-01	-1.936487e-01
4.380155e-01	8.060479e-01	-8.028105e-02
4.811931e-01	8.040683e-01	-8.242019e-02
4.509832e-01	7.780796e-01	-1.663228e-01
4.673271e-01	7.773765e-01	-1.671091e-01
4.062260e-01	7.083420e-01	-3.679065e-02
5.123102e-01	7.030528e-01	-5.721703e-02
3.306128e-01	7.461436e-01	-2.279567e-01
5.643646e-01	6.933328e-01	-2.524530e-01
3.096409e-01	7.825260e-01	-4.566414e-01
5.997930e-01	7.306049e-01	-5.230364e-01
3.008042e-01	8.020012e-01	-5.068992e-01
6.156574e-01	7.416667e-01	-5.819668e-01
3.087111e-01	7.835668e-01	-5.151288e-01
6.119362e-01	7.475207e-01	-5.912289e-01
3.136060e-01	7.790475e-01	-4.692616e-01
6.041155e-01	7.374860e-01	-5.383765e-01
4.328697e-01	4.057301e-01	2.494894e-03
4.928440e-01	4.122628e-01	-2.314560e-03
4.434043e-01	1.770085e-01	-6.987269e-03
4.924607e-01	1.863106e-01	-6.798039e-03
4.610135e-01	2.926340e-03	1.574024e-01
4.857877e-01	-2.880572e-03	1.111652e-01
4.656313e-01	-6.165064e-03	1.592053e-01
4.823548e-01	-1.631743e-02	1.144114e-01
4.624059e-01	-5.703772e-02	2.906922e-02
4.926206e-01	-7.983555e-02	-2.860847e-02
4.601708e-01	8.012695e-01	-2.024794e-01
4.530637e-01	8.176035e-01	-1.791320e-01
4.487572e-01	8.174713e-01	-1.792038e-01
4.439044e-01	8.169414e-01	-1.792125e-01
4.663782e-01	8.164240e-01	-1.818474e-01
4.712763e-01	8.154321e-01	-1.819934e-01
4.753833e-01	8.142911e-01	-1.819996e-01
4.380156e-01	8.058381e-01	-4.997109e-02
4.811978e-01	8.040693e-01	-6.454989e-02
4.510915e-01	7.781056e-01	-1.546325e-01
4.674621e-01	7.775837e-01	-1.588820e-01
4.067585e-01	7.080960e-01	-3.220906e-04
5.123240e-01	7.035918e-01	-4.864818e-02
3.345111e-01	7.463859e-01	-1.020006e-01
5.686142e-01	7.179537e-01	-1.992639e-01
3.096140e-01	8.491233e-01	-2.220940e-01
5.984467e-01	7.572322e-01	-4.515810e-01
3.010861e-01	8.760418e-01	-2.550776e-01
6.138538e-01	7.738780e-01	-5.027048e-01
3.078532e-01	8.804802e-01	-2.657671e-01
6.092369e-01	7.725403e-01	-5.108696e-01
3.134170e-01	8.674565e-01	-2.336410e-01
6.024611e-01	7.648544e-01	-4.652327e-01
4.328014e-01	4.075222e-01	5.900172e-03
4.925335e-01	4.132711e-01	-5.735776e-03
4.434123e-01	1.777529e-01	-2.650470e-03
4.923998e-01	1.870436e-01	-1.808886e-02
4.610465e-01	2.992986e-03	1.560493e-01
4.856921e-01	-2.879152e-03	1.079579e-01
4.656452e-01	-6.161013e-03	1.598687e-01
4.823299e-01	-1.630504e-02	1.123003e-01
4.624369e-01	-5.737269e-02	2.838676e-02
4.932246e-01	-8.002513e-02	-3.344599e-02
4.602823e-01	8.021771e-01	-1.979218e-01
4.530908e-01	8.178080e-01	-1.727076e-01
4.487712e-01	8.176085e-01	-1.728033e-01
4.439165e-01	8.170264e-01	-1.727978e-01
4.663762e-01	8.167993e-01	-1.743240e-01
4.712145e-01	8.159481e-01	-1.744632e-01
4.753550e-01	8.149971e-01	-1.744690e-01
4.380049e-01	8.058802e-01	-4.558427e-02
4.810365e-01	8.043137e-01	-5.382092e-02
4.511285e-01	7.787440e-01	-1.509050e-01
4.675314e-01	7.786787e-01	-1.539256e-01
4.070984e-01	7.102652e-01	2.751231e-04
5.115317e-01	7.062250e-01	-3.487872e-02
3.362881e-01	7.566462e-01	-6.563168e-02
5.679197e-01	7.390417e-01	-1.702573e-01
3.110660e-01	8.613153e-01	-1.599604e-01
6.051483e-01	8.075349e-01	-3.902478e-01
3.046536e-01	8.879660e-01	-1.921532e-01
6.182976e-01	8.188800e-01	-4.394496e-01
3.111226e-01	8.969949e-01	-2.081264e-01
6.128062e-01	8.181315e-01	-4.537964e-01
3.162003e-01	8.837522e-01	-1.735189e-01
6.102435e-01	8.143585e-01	-4.086391e-01
4.327394e-01	4.102213e-01	5.242527e-03
4.921864e-01	4.153383e-01	-5.086399e-03
4.433052e-01	1.805293e-01	2.897846e-03
4.923142e-01	1.885004e-01	-1.740119e-02
4.610076e-01	3.170957e-03	1.550933e-01
4.855061e-01	-2.653626e-03	1.109731e-01
4.656434e-01	-6.115212e-03	1.596990e-01
4.822555e-01	-1.587812e-02	1.156230e-01
4.624469e-01	-5.791762e-02	2.492421e-02
4.932284e-01	-7.985064e-02	-2.812564e-02
4.608130e-01	8.025346e-01	-1.979887e-01
4.535809e-01	8.181630e-01	-1.736333e-01
4.491394e-01	8.179536e-01	-1.737245e-01
4.443931e-01	8.173561e-01	-1.737181e-01
4.664434e-01	8.172960e-01	-1.749288e-01
4.711942e-01	8.164691e-01	-1.750530e-01
4.753244e-01	8.155185e-01	-1.750566e-01
4.380457e-01	8.059056e-01	-4.737607e-02
4.806712e-01	8.043121e-01	-5.582169e-02
4.513780e-01	7.789349e-01	-1.514505e-01
4.676153e-01	7.791760e-01	-1.540682e-01
4.076201e-01	7.118380e-01	-8.848472e-03
5.107138e-01	7.068924e-01	-2.916919e-02
3.410327e-01	7.714248e-01	-7.169760e-02
5.669683e-01	7.535957e-01	-9.792006e-02
3.176103e-01	8.797817e-01	-1.677060e-01
6.110759e-01	8.394195e-01	-2.598333e-01
3.140785e-01	9.076157e-01	-2.042257e-01
6.288522e-01	8.528842e-01	-3.023414e-01
3.202847e-01	9.137406e-01	-2.205933e-01
6.246916e-01	8.583370e-01	-3.254830e-01
3.243070e-01	9.031942e-01	-1.823265e-01
6.201149e-01	8.523612e-01	-2.786905e-01
4.327434e-01	4.121226e-01	2.609632e-03
4.921432e-01	4.168221e-01	-2.450508e-03
4.431821e-01	1.818055e-01	-3.367389e-04
4.922572e-01	1.895117e-01	-1.081662e-02
4.610114e-01	3.532966e-03	1.510644e-01
4.854423e-01	-2.227928e-03	1.136476e-01
4.657408e-01	-6.011730e-03	1.556239e-01
4.822607e-01	-1.561525e-02	1.178070e-01
4.624513e-01	-5.847615e-02	1.902196e-02
4.932442e-01	-7.890427e-02	-2.624221e-02
4.610882e-01	8.023634e-01	-1.846036e-01
4.539308e-01	8.182909e-01	-1.617474e-01
4.494166e-01	8.180714e-01	-1.618470e-01
4.447252e-01	8.175650e-01	-1.618274e-01
4.666132e-01	8.174531e-01	-1.602347e-01
4.712145e-01	8.166397e-01	-1.603468e-01
4.753275e-01	8.156821e-01	-1.603476e-01
4.381355e-01	8.062181e-01	-4.411378e-02
4.805232e-01	8.043313e-01	-3.705932e-02
4.514435e-01	7.789376e-01	-1.414473e-01
4.676177e-01	7.792352e-01	-1.396336e-01
4.081621e-01	7.182473e-01	-9.014570e-03
5.091332e-01	7.081683e-01	-9.261079e-03
3.455912e-01	7.942353e-01	-8.126730e-02
5.639996e-01	7.647368e-01	-1.087628e-01
3.222543e-01	9.100134e-01	-1.700870e-01
6.078641e-01	8.572410e-01	-3.009570e-01
3.197289e-01	9.412392e-01	-2.081231e-01
6.241641e-01	8.765420e-01	-3.487950e-01
3.277983e-01	9.473354e-01	-2.229269e-01
6.194695e-01	8.856103e-01	-3.658281e-01
3.313621e-01	9.359864e-01	-1.840218e-01
6.144241e-01	8.767907e-01	-3.179778e-01
4.327401e-01	4.145230e-01	-2.059569e-03
4.921553e-01	4.183726e-01	2.218795e-03
4.431018e-01	1.823844e-01	-2.142402e-03
4.921896e-01	1.898600e-01	-7.501907e-03
4.610021e-01	3.999014e-03	1.444761e-01
4.853883e-01	-2.248893e-03	1.159569e-01
4.657690e-01	-5.787308e-03	1.501193e-01
4.822748e-01	-1.566054e-02	1.201308e-01
4.623623e-01	-5.821527e-02	1.580678e-02
4.932678e-01	-7.968794e-02	-2.060862e-02
4.613349e-01	8.019878e-01	-1.851694e-01
4.541592e-01	8.182837e-01	-1.630918e-01
4.496244e-01	8.180876e-01	-1.631925e-01
4.450112e-01	8.176411e-01	-1.631772e-01
4.666652e-01	8.174576e-01	-1.619198e-01
4.712122e-01	8.167176e-01	-1.620305e-01
4.752907e-01	8.159100e-01	-1.620366e-01
4.381874e-01	8.065475e-01	-4.704526e-02
4.800523e-01	8.045148e-01	-4.226719e-02
4.516255e-01	7.790493e-01	-1.428359e-01
4.676143e-01	7.794354e-01	-1.413154e-01
4.092337e-01	7.203166e-01	-1.651648e-02
5.081882e-01	7.095145e-01	-1.017477e-02
3.515822e-01	7.921942e-01	-8.595420e-02
5.634297e-01	7.710242e-01	-8.843337e-02
3.273693e-01	9.016491e-01	-1.790908e-01
6.061634e-01	8.636174e-01	-2.438435e-01
3.238891e-01	9.319544e-01	-2.186328e-01
6.217116e-01	8.845751e-01	-2.872724e-01
3.326070e-01	9.385257e-01	-2.332947e-01
6.170232e-01	8.942128e-01	-3.050710e-01
3.362509e-01	9.271332e-01	-1.932660e-01
6.117597e-01	8.841420e-01	-2.604148e-01
4.326245e-01	4.174358e-01	-4.722741e-03
4.915861e-01	4.212181e-01	4.901343e-03
4.422411e-01	1.848898e-01	-2.494916e-03
4.915270e-01	1.917236e-01	-7.160038e-03
4.605010e-01	4.809027e-03	1.407252e-01
4.851785e-01	-5.450259e-04	1.162705e-01
4.656466e-01	-4.853289e-03	1.470655e-01
4.824202e-01	-1.268196e-02	1.207123e-01
4.620000e-01	-5.713833e-02	1.342947e-02
4.875409e-01	-6.950138e-02	-1.963477e-02
4.613071e-01	8.020185e-01	-1.888589e-01
4.542249e-01	8.185479e-01	-1.654328e-01
4.497321e-01	8.185991e-01	-1.655633e-01
4.452026e-01	8.184182e-01	-1.655663e-01
4.665828e-01	8.176155e-01	-1.640524e-01
4.708894e-01	8.169148e-01	-1.641985e-01
4.748643e-01	8.161584e-01	-1.642822e-01
4.383820e-01	8.079433e-01	-5.062448e-02
4.796186e-01	8.046016e-01	-4.251099e-02
4.516268e-01	7.799863e-01	-1.465540e-01
4.671778e-01	7.799817e-01	-1.448674e-01
4.100367e-01	7.236850e-01	-1.895025e-02
5.079604e-01	7.154474e-01	-1.186201e-02
3.584761e-01	8.027147e-01	-7.955255e-02
5.635085e-01	7.898738e-01	-6.975271e-02
3.313465e-01	9.229040e-01	-1.698990e-01
6.046015e-01	8.881608e-01	-1.799974e-01
3.284174e-01	9.562593e-01	-2.089631e-01
6.168563e-01	9.140005e-01	-2.165894e-01
3.339499e-01	9.613298e-01	-2.224112e-01
6.128811e-01	9.217389e-01	-2.345678e-01
3.385794e-01	9.507358e-01	-1.841922e-01
6.079807e-01	9.119208e-01	-1.950878e-01
4.326960e-01	4.216148e-01	-5.397832e-03
4.915888e-01	4.252052e-01	5.585487e-03
4.414925e-01	1.864253e-01	-7.786682e-03
4.912395e-01	1.918939e-01	-7.494262e-03
4.601706e-01	5.017514e-03	1.412503e-01
4.851049e-01	-5.336190e-04	1.152347e-01
4.655745e-01	-4.825966e-03	1.481632e-01
4.825167e-01	-1.270215e-02	1.201257e-01
4.617326e-01	-5.730978e-02	1.520660e-02
4.858906e-01	-6.798466e-02	-1.960951e-02
4.611483e-01	8.006425e-01	-2.179220e-01
4.540750e-01	8.173292e-01	-1.930880e-01
4.496199e-01	8.174603e-01	-1.932312e-01
4.449998e-01	8.173599e-01	-1.932538e-01
4.663002e-01	8.162922e-01	-1.926972e-01
4.704363e-01	8.157546e-01	-1.928425e-01
4.743941e-01	8.151592e-01	-1.929002e-01
4.380434e-01	8.068990e-01	-7.003383e-02
4.790725e-01	8.040555e-01	-6.539403e-02
4.515663e-01	7.781986e-01	-1.722836e-01
4.667713e-01	7.778654e-01	-1.715834e-01
4.101513e-01	7.218785e-01	-3.904575e-02
5.074953e-01	7.146937e-01	-2.341234e-02
3.603580e-01	8.176513e-01	-8.886161e-02
5.623389e-01	8.017996e-01	-7.276368e-02
3.449256e-01	9.554129e-01	-1.911376e-01
5.989299e-01	9.194698e-01	-1.793705e-01
3.420549e-01	9.883842e-01	-2.341467e-01
6.098732e-01	9.479831e-01	-2.179409e-01
3.494983e-01	9.951724e-01	-2.445907e-01
6.051158e-01	9.568614e-01	-2.366214e-01
3.538721e-01	9.822944e-01	-2.040157e-01
5.998400e-01	9.464722e-01	-1.951918e-01
4.325110e-01	4.217726e-01	-6.975363e-03
4.914747e-01	4.250057e-01	7.175618e-03
4.402409e-01	1.865136e-01	-1.371403e-02
4.905326e-01	1.917780e-01	-6.219774e-03
4.598828e-01	5.055757e-03	1.520086e-01
4.849738e-01	-5.820995e-04	1.323665e-01
4.654466e-01	-4.826333e-03	1.616389e-01
4.824975e-01	-1.272170e-02	1.393337e-01
4.611259e-01	-5.409765e-02	2.914284e-02
4.846283e-01	-6.731376e-02	-9.714487e-04
4.610268e-01	8.006223e-01	-3.254352e-01
4.537743e-01	8.172001e-01	-3.051844e-01
4.491684e-01	8.172458e-01	-3.053220e-01
4.444001e-01	8.170761e-01	-3.053711e-01
4.662130e-01	8.162852e-01	-3.054953e-01
4.703408e-01	8.157606e-01	-3.056626e-01
4.743520e-01	8.151922e-01	-3.057441e-01
4.375533e-01	8.061401e-01	-1.838848e-01
4.790929e-01	8.040543e-01	-1.824399e-01
4.514847e-01	7.780625e-01	-2.780344e-01
4.667509e-01	7.777972e-01	-2.780618e-01
4.107837e-01	7.208748e-01	-1.295268e-01
5.072957e-01	7.161931e-01	-1.245127e-01
3.657094e-01	8.252836e-01	-1.778238e-01
5.596908e-01	8.101603e-01	-1.523449e-01
3.496755e-01	9.754416e-01	-2.570691e-01
5.890278e-01	9.336269e-01	-2.393901e-01
3.449740e-01	1.007336e+00	-2.998604e-01
5.986187e-01	9.648547e-01	-2.792192e-01
3.518139e-01	1.008496e+00	-3.087597e-01
5.932046e-01	9.757006e-01	-2.967663e-01
3.555824e-01	9.980921e-01	-2.697612e-01
5.880596e-01	9.647879e-01	-2.547132e-01
4.325131e-01	4.234096e-01	-6.710322e-03
4.913248e-01	4.259769e-01	6.898723e-03
4.402980e-01	1.863885e-01	-7.134770e-04
4.900095e-01	1.917027e-01	8.898614e-03
4.585662e-01	6.154785e-03	1.978675e-01
4.849911e-01	2.633034e-03	1.765935e-01
4.639034e-01	-2.904300e-03	2.099791e-01
4.825911e-01	-7.518306e-03	1.862901e-01
4.610228e-01	-5.354322e-02	7.349558e-02
4.847285e-01	-5.744944e-02	4.395491e-02
4.609358e-01	8.006080e-01	-2.656614e-01
4.537258e-01	8.172838e-01	-2.441293e-01
4.490502e-01	8.173320e-01	-2.442463e-01
4.441711e-01	8.171640e-01	-2.442683e-01
4.661782e-01	8.163899e-01	-2.441506e-01
4.702861e-01	8.158767e-01	-2.442781e-01
4.742981e-01	8.152869e-01	-2.443130e-01
4.371402e-01	8.059976e-01	-1.246461e-01
4.790310e-01	8.039148e-01	-1.251786e-01
4.513047e-01	7.780678e-01	-2.203398e-01
4.665667e-01	7.777983e-01	-2.199981e-01
4.108401e-01	7.201393e-01	-8.382911e-02
5.068719e-01	7.166142e-01	-8.177307e-02
3.724558e-01	8.268294e-01	-1.510580e-01
5.541756e-01	8.167639e-01	-9.851564e-02
3.542508e-01	9.745806e-01	-2.474045e-01
5.813977e-01	9.440514e-01	-1.792524e-01
3.497700e-01	9.979035e-01	-2.935786e-01
5.893735e-01	9.673630e-01	-2.143721e-01
3.547916e-01	1.001010e+00	-2.979218e-01
5.857021e-01	9.803289e-01	-2.317392e-01
3.597915e-01	9.970626e-01	-2.591653e-01
5.808603e-01	9.691126e-01	-1.942555e-01
4.324647e-01	4.227308e-01	-7.597885e-03
4.913107e-01	4.255337e-01	7.782829e-03
4.401275e-01	1.868452e-01	-9.568015e-03
4.896346e-01	1.916494e-01	5.295114e-03
4.573964e-01	6.973849e-03	1.864101e-01
4.846500e-01	2.972035e-03	1.627958e-01
4.631842e-01	-1.555843e-03	1.987239e-01
4.824240e-01	-7.056743e-03	1.715385e-01
4.600855e-01	-5.131124e-02	6.768292e-02
4.836719e-01	-5.393261e-02	3.077400e-02
4.614226e-01	8.007222e-01	-3.364056e-01
4.539005e-01	8.173047e-01	-3.181070e-01
4.491083e-01	8.173384e-01	-3.182544e-01
4.441765e-01	8.171644e-01	-3.183396e-01
4.666147e-01	8.163949e-01	-3.148518e-01
4.707456e-01	8.158795e-01	-3.150196e-01
4.748079e-01	8.152689e-01	-3.151408e-01
4.369535e-01	8.055378e-01	-2.040720e-01
4.790469e-01	8.036622e-01	-1.868404e-01
4.515082e-01	7.782053e-01	-2.915840e-01
4.670495e-01	7.779320e-01	-2.869759e-01
4.112157e-01	7.196945e-01	-1.543773e-01
5.066257e-01	7.197669e-01	-1.305039e-01
3.761030e-01	8.301271e-01	-2.179324e-01
5.514817e-01	8.275369e-01	-1.499221e-01
3.536814e-01	9.856485e-01	-3.154470e-01
5.750305e-01	9.681539e-01	-2.247201e-01
3.471184e-01	1.012200e+00	-3.591290e-01
5.814790e-01	9.934682e-01	-2.621478e-01
3.542742e-01	1.015365e+00	-3.716048e-01
5.762109e-01	1.004950e+00	-2.789690e-01
3.586132e-01	1.013416e+00	-3.291646e-01
5.720154e-01	9.933091e-01	-2.396362e-01
4.324613e-01	4.233673e-01	-7.414355e-03
4.913007e-01	4.263127e-01	7.612807e-03
4.401430e-01	1.870639e-01	-3.098449e-03
4.895574e-01	1.916266e-01	3.295392e-03
4.573922e-01	8.086877e-03	1.992467e-01
4.846164e-01	2.897069e-03	1.630953e-01
4.632188e-01	2.977065e-04	2.126345e-01
4.824997e-01	-7.282177e-03	1.724046e-01
4.601117e-01	-4.906393e-02	8.394919e-02
4.840577e-01	-6.842353e-02	3.411745e-02
4.613904e-01	8.013827e-01	-3.613689e-01
4.538945e-01	8.174675e-01	-3.409518e-01
4.490690e-01	8.175007e-01	-3.411025e-01
4.441054e-01	8.173097e-01	-3.411755e-01
4.666082e-01	8.165280e-01	-3.404396e-01
4.707336e-01	8.159772e-01	-3.406232e-01
4.748036e-01	8.153163e-01	-3.407256e-01
4.369539e-01	8.055436e-01	-2.189002e-01
4.792046e-01	8.036581e-01	-2.145137e-01
4.514724e-01	7.794816e-01	-3.137032e-01
4.670666e-01	7.792067e-01	-3.128386e-01
4.112920e-01	7.200038e-01	-1.668818e-01
5.066471e-01	7.210318e-01	-1.597616e-01
3.770866e-01	8.378882e-01	-2.239350e-01
5.510913e-01	8.314556e-01	-1.920171e-01
3.561160e-01	1.001177e+00	-3.125681e-01
5.739561e-01	9.739882e-01	-2.553729e-01
3.510565e-01	1.034543e+00	-3.558570e-01
5.793498e-01	9.968603e-01	-2.871894e-01
3.587784e-01	1.038500e+00	-3.670713e-01
5.741308e-01	1.008332e+00	-3.013932e-01
3.629777e-01	1.034769e+00	-3.259568e-01
5.703157e-01	9.967573e-01	-2.682011e-01
4.318303e-01	4.229387e-01	-5.092648e-03
4.910982e-01	4.260870e-01	5.195961e-03
4.396618e-01	1.866290e-01	3.321651e-03
4.893084e-01	1.915928e-01	4.049829e-03
4.573887e-01	8.682879e-03	2.225352e-01
4.844654e-01	4.131560e-03	1.797634e-01
4.632854e-01	2.155493e-03	2.375957e-01
4.824970e-01	-5.136537e-03	1.908074e-01
4.599741e-01	-4.963235e-02	1.087088e-01
4.830130e-01	-7.424731e-02	5.126610e-02
4.606832e-01	8.017024e-01	-3.184323e-01
4.534192e-01	8.175463e-01	-2.968647e-01
4.485466e-01	8.175951e-01	-2.970066e-01
4.436074e-01	8.174393e-01	-2.970577e-01
4.661441e-01	8.167038e-01	-2.973308e-01
4.702802e-01	8.162103e-01	-2.975084e-01
4.744529e-01	8.156461e-01	-2.975983e-01
4.369516e-01	8.057114e-01	-1.741252e-01
4.793263e-01	8.040597e-01	-1.741119e-01
4.511127e-01	7.797021e-01	-2.709779e-01
4.668819e-01	7.794811e-01	-2.713807e-01
4.113252e-01	7.221628e-01	-1.275955e-01
5.065964e-01	7.234294e-01	-1.289007e-01
3.770306e-01	8.498093e-01	-1.895311e-01
5.492515e-01	8.341707e-01	-1.739719e-01
3.599402e-01	1.002534e+00	-3.022919e-01
5.697419e-01	9.768834e-01	-2.517669e-01
3.550560e-01	1.028760e+00	-3.423289e-01
5.761260e-01	9.975771e-01	-2.867589e-01
3.629634e-01	1.033163e+00	-3.582234e-01
5.704108e-01	1.012086e+00	-3.009234e-01
3.671926e-01	1.024962e+00	-3.211438e-01
5.661154e-01	9.974957e-01	-2.646571e-01
4.318230e-01	4.228490e-01	-2.704320e-03
4.911566e-01	4.258744e-01	2.778208e-03
4.396808e-01	1.865657e-01	1.349689e-03
4.892906e-01	1.915663e-01	-3.623979e-03
4.575735e-01	8.393940e-03	2.111208e-01
4.844056e-01	3.976658e-03	1.681314e-01
4.638638e-01	2.022546e-03	2.254410e-01
4.824609e-01	-5.383936e-03	1.770149e-01
4.598015e-01	-5.187920e-02	9.937759e-02
4.818730e-01	-8.221512e-02	3.728470e-02
4.606713e-01	8.015609e-01	-3.141311e-01
4.534428e-01	8.173707e-01	-2.899457e-01
4.485866e-01	8.174880e-01	-2.901596e-01
4.436552e-01	8.174033e-01	-2.902683e-01
4.661476e-01	8.163084e-01	-2.935095e-01
4.702861e-01	8.157666e-01	-2.939002e-01
4.744875e-01	8.152367e-01	-2.942235e-01
4.373571e-01	8.056637e-01	-1.723279e-01
4.800242e-01	8.036899e-01	-1.625366e-01
4.511518e-01	7.793334e-01	-2.675272e-01
4.669009e-01	7.789018e-01	-2.691334e-01
4.128966e-01	7.220665e-01	-1.110537e-01
5.065433e-01	7.235762e-01	-1.091714e-01
3.791006e-01	8.538262e-01	-1.786552e-01
5.463285e-01	8.324683e-01	-1.619208e-01
3.659344e-01	9.969735e-01	-2.526793e-01
5.651805e-01	9.729099e-01	-2.280512e-01
3.625254e-01	1.030351e+00	-2.923853e-01
5.708059e-01	9.937365e-01	-2.613968e-01
3.695808e-01	1.033562e+00	-2.966369e-01
5.657607e-01	1.006717e+00	-2.739350e-01
3.743780e-01	1.024741e+00	-2.636801e-01
5.614961e-01	9.911420e-01	-2.404167e-01
4.319206e-01	4.212601e-01	-2.086634e-03
4.911536e-01	4.249193e-01	2.158822e-03
4.398326e-01	1.864695e-01	4.987604e-04
4.892649e-01	1.915502e-01	-7.023360e-03
4.576107e-01	1.125844e-02	2.018157e-01
4.844024e-01	4.381219e-03	1.514297e-01
4.642871e-01	5.170335e-03	2.154714e-01
4.825142e-01	-5.062126e-03	1.606603e-01
4.598306e-01	-4.663260e-02	9.637334e-02
4.817962e-01	-6.017535e-02	2.905528e-02
4.609002e-01	8.014511e-01	-2.938416e-01
4.538630e-01	8.173006e-01	-2.694433e-01
4.490312e-01	8.174501e-01	-2.696609e-01
4.441134e-01	8.173983e-01	-2.697493e-01
4.663501e-01	8.161206e-01	-2.699096e-01
4.704587e-01	8.155533e-01	-2.702598e-01
4.746894e-01	8.150279e-01	-2.705010e-01
4.376818e-01	8.056540e-01	-1.565037e-01
4.802855e-01	8.033897e-01	-1.427615e-01
4.514500e-01	7.789567e-01	-2.501321e-01
4.670498e-01	7.783161e-01	-2.486296e-01
4.130162e-01	7.218401e-01	-1.044940e-01
5.063446e-01	7.230713e-01	-1.079365e-01
3.804311e-01	8.514754e-01	-1.728039e-01
5.429475e-01	8.300902e-01	-1.559454e-01
3.710560e-01	9.975302e-01	-2.451925e-01
5.620165e-01	9.759017e-01	-2.175342e-01
3.666070e-01	1.032430e+00	-2.861009e-01
5.681599e-01	1.000046e+00	-2.519788e-01
3.753672e-01	1.035674e+00	-2.894807e-01
5.628453e-01	1.009839e+00	-2.635324e-01
3.791690e-01	1.018531e+00	-2.550883e-01
5.574020e-01	9.953550e-01	-2.297995e-01
4.319907e-01	4.182496e-01	-2.082793e-03
4.911776e-01	4.230184e-01	2.156466e-03
4.399011e-01	1.863755e-01	-3.732051e-04
4.892654e-01	1.913934e-01	-6.993217e-03
4.574641e-01	1.199292e-02	1.974162e-01
4.843999e-01	4.321378e-03	1.456650e-01
4.643070e-01	5.912197e-03	2.105757e-01
4.825609e-01	-5.204359e-03	1.543643e-01
4.597276e-01	-4.574189e-02	9.223835e-02
4.819235e-01	-5.485887e-02	2.565600e-02
4.609309e-01	8.003000e-01	-2.575678e-01
4.541261e-01	8.164592e-01	-2.353377e-01
4.493712e-01	8.167689e-01	-2.355006e-01
4.445672e-01	8.168522e-01	-2.355424e-01
4.664382e-01	8.150330e-01	-2.338816e-01
4.705268e-01	8.143966e-01	-2.340879e-01
4.748044e-01	8.137886e-01	-2.341909e-01
4.380837e-01	8.052580e-01	-1.242430e-01
4.804388e-01	8.015583e-01	-1.114489e-01
4.514727e-01	7.779734e-01	-2.153023e-01
4.670501e-01	7.763551e-01	-2.124172e-01
4.131030e-01	7.216685e-01	-9.956597e-02
5.062469e-01	7.227471e-01	-8.113646e-02
3.816000e-01	8.485133e-01	-1.723905e-01
5.411407e-01	8.344278e-01	-1.332432e-01
3.783611e-01	9.915440e-01	-2.352535e-01
5.602695e-01	9.836253e-01	-1.993730e-01
3.738507e-01	1.020979e+00	-2.768427e-01
5.666515e-01	1.008379e+00	-2.351567e-01
3.821859e-01	1.023359e+00	-2.803911e-01
5.597149e-01	1.016886e+00	-2.453112e-01
3.858433e-01	1.010237e+00	-2.445821e-01
5.545503e-01	1.002773e+00	-2.114019e-01
4.324729e-01	4.166024e-01	-2.237978e-03
4.915086e-01	4.215369e-01	2.306938e-03
4.399869e-01	1.863177e-01	-4.826445e-04
4.892685e-01	1.910841e-01	-6.975475e-03
4.573922e-01	1.211205e-02	1.849043e-01
4.844239e-01	3.753942e-03	1.336251e-01
4.643236e-01	5.863384e-03	1.973993e-01
4.825647e-01	-5.962387e-03	1.406133e-01
4.594943e-01	-4.566933e-02	8.864704e-02
4.820264e-01	-5.447078e-02	1.088844e-02
4.607995e-01	7.987393e-01	-2.487604e-01
4.541295e-01	8.155085e-01	-2.279835e-01
4.493771e-01	8.158749e-01	-2.281277e-01
4.445744e-01	8.160454e-01	-2.281485e-01
4.664393e-01	8.140213e-01	-2.263765e-01
4.705287e-01	8.133688e-01	-2.265501e-01
4.748147e-01	8.126879e-01	-2.266213e-01
4.381950e-01	8.047400e-01	-1.181899e-01
4.805511e-01	7.999562e-01	-1.068616e-01
4.513283e-01	7.762880e-01	-2.067612e-01
4.668754e-01	7.739651e-01	-2.039460e-01
4.131835e-01	7.215396e-01	-9.940746e-02
5.060347e-01	7.225679e-01	-7.738274e-02
3.829366e-01	8.474004e-01	-1.697883e-01
5.380101e-01	8.378754e-01	-1.322578e-01
3.814332e-01	9.875544e-01	-2.382014e-01
5.567921e-01	9.844974e-01	-2.044078e-01
3.774225e-01	1.013556e+00	-2.804250e-01
5.642554e-01	1.009767e+00	-2.410278e-01
3.844827e-01	1.018436e+00	-2.844023e-01
5.573952e-01	1.017307e+00	-2.524828e-01
3.878118e-01	1.005347e+00	-2.477234e-01
5.522307e-01	1.002027e+00	-2.169057e-01
4.329279e-01	4.162666e-01	-2.276971e-03
4.924136e-01	4.212519e-01	2.339380e-03
4.400088e-01	1.862372e-01	-1.951317e-03
4.892647e-01	1.909731e-01	-7.124856e-03
4.570979e-01	1.204647e-02	1.762663e-01
4.846091e-01	3.736351e-03	1.302973e-01
4.641857e-01	5.817018e-03	1.881713e-01
4.826725e-01	-6.224301e-03	1.372108e-01
4.585271e-01	-4.576288e-02	7.841998e-02
4.821221e-01	-5.350568e-02	6.860049e-03
4.606752e-01	7.972067e-01	-2.425984e-01
4.541324e-01	8.147085e-01	-2.224087e-01
4.493829e-01	8.150998e-01	-2.225457e-01
4.445840e-01	8.153015e-01	-2.225575e-01
4.664388e-01	8.131802e-01	-2.209628e-01
4.705286e-01	8.125051e-01	-2.211237e-01
4.748183e-01	8.117138e-01	-2.211832e-01
4.382983e-01	8.041550e-01	-1.134196e-01
4.806463e-01	7.987517e-01	-1.035490e-01
4.512147e-01	7.746767e-01	-2.007598e-01
4.667090e-01	7.721000e-01	-1.982721e-01
4.132656e-01	7.214366e-01	-9.547976e-02
5.059130e-01	7.224085e-01	-7.452537e-02
3.839831e-01	8.472773e-01	-1.695707e-01
5.366890e-01	8.394673e-01	-1.314564e-01
3.826945e-01	9.855999e-01	-2.366107e-01
5.559553e-01	9.847571e-01	-2.055362e-01
3.782591e-01	1.010338e+00	-2.790062e-01
5.634714e-01	1.010013e+00	-2.421786e-01
3.850681e-01	1.015873e+00	-2.827308e-01
5.565189e-01	1.017172e+00	-2.535106e-01
3.885302e-01	1.002965e+00	-2.459936e-01
5.514749e-01	1.001552e+00	-2.179717e-01
4.331491e-01	4.161504e-01	-2.287989e-03
4.928969e-01	4.211480e-01	2.352625e-03
4.400102e-01	1.862042e-01	-3.551977e-03
4.892376e-01	1.909503e-01	-7.971114e-03
4.568527e-01	1.199448e-02	1.699138e-01
4.846209e-01	3.698930e-03	1.257181e-01
4.639643e-01	5.751346e-03	1.813980e-01
4.826633e-01	-6.290511e-03	1.324189e-01
4.579598e-01	-4.577779e-02	6.926433e-02
4.822435e-01	-5.266437e-02	2.151265e-03
4.605481e-01	7.954236e-01	-2.405643e-01
4.540958e-01	8.134496e-01	-2.209876e-01
4.493628e-01	8.136179e-01	-2.211278e-01
4.445714e-01	8.135338e-01	-2.211455e-01
4.663450e-01	8.122464e-01	-2.194667e-01
4.704369e-01	8.116124e-01	-2.196241e-01
4.747483e-01	8.107557e-01	-2.196790e-01
4.383558e-01	8.015803e-01	-1.140285e-01
4.806511e-01	7.974528e-01	-1.042794e-01
4.512071e-01	7.722206e-01	-1.996319e-01
4.666978e-01	7.703352e-01	-1.970826e-01
4.136505e-01	7.194513e-01	-9.492103e-02
5.058042e-01	7.206604e-01	-7.520869e-02
3.868180e-01	8.434816e-01	-1.713047e-01
5.355388e-01	8.390377e-01	-1.331281e-01
3.820042e-01	9.831246e-01	-2.442349e-01
5.540928e-01	9.845468e-01	-2.091714e-01
3.777497e-01	1.003017e+00	-2.877493e-01
5.606314e-01	1.009952e+00	-2.454449e-01
3.833178e-01	1.013148e+00	-2.896045e-01
5.539905e-01	1.017917e+00	-2.563341e-01
3.872078e-01	1.001236e+00	-2.526838e-01
5.487617e-01	1.002582e+00	-2.215210e-01
4.342798e-01	4.151815e-01	-2.660759e-03
4.941064e-01	4.200309e-01	2.712535e-03
4.400226e-01	1.861578e-01	-3.924380e-03
4.892121e-01	1.908567e-01	-7.832102e-03
4.567326e-01	1.187720e-02	1.600554e-01
4.846119e-01	3.666497e-03	1.226893e-01
4.638284e-01	5.523758e-03	1.703202e-01
4.825853e-01	-6.328220e-03	1.287839e-01
4.578114e-01	-4.596138e-02	5.538060e-02
4.822959e-01	-5.255903e-02	-8.719640e-04
4.606370e-01	7.935588e-01	-2.459880e-01
4.542254e-01	8.121133e-01	-2.289235e-01
4.495358e-01	8.120815e-01	-2.290657e-01
4.447943e-01	8.117784e-01	-2.290687e-01
4.663833e-01	8.110852e-01	-2.263813e-01
4.704745e-01	8.103414e-01	-2.265461e-01
4.748022e-01	8.092223e-01	-2.266087e-01
4.387313e-01	7.985526e-01	-1.294140e-01
4.807846e-01	7.947690e-01	-1.166742e-01
4.515070e-01	7.694111e-01	-2.087067e-01
4.668365e-01	7.682272e-01	-2.047897e-01
4.137722e-01	7.152366e-01	-1.099117e-01
5.056854e-01	7.156248e-01	-9.029375e-02
3.905695e-01	8.408971e-01	-1.898713e-01
5.345463e-01	8.357834e-01	-1.458285e-01
3.823356e-01	9.806082e-01	-2.660644e-01
5.494045e-01	9.782568e-01	-2.134314e-01
3.777205e-01	1.002886e+00	-3.090033e-01
5.557358e-01	1.005317e+00	-2.499218e-01
3.830653e-01	1.011730e+00	-3.108985e-01
5.492748e-01	1.012667e+00	-2.615493e-01
3.873418e-01	9.993583e-01	-2.747418e-01
5.437409e-01	9.973903e-01	-2.261928e-01
4.342117e-01	4.140202e-01	-3.580576e-03
4.940871e-01	4.191551e-01	3.612981e-03
4.398605e-01	1.861334e-01	-4.138456e-03
4.890535e-01	1.910457e-01	-6.846845e-03
4.566718e-01	1.129369e-02	1.540273e-01
4.846094e-01	3.822873e-03	1.229588e-01
4.637327e-01	4.863102e-03	1.636594e-01
4.825544e-01	-6.385065e-03	1.291110e-01
4.578064e-01	-4.628328e-02	4.853087e-02
4.823450e-01	-5.179164e-02	6.709435e-04
4.606583e-01	7.926145e-01	-2.207044e-01
4.543546e-01	8.115571e-01	-2.006964e-01
4.496894e-01	8.115298e-01	-2.008317e-01
4.449767e-01	8.112697e-01	-2.008466e-01
4.664653e-01	8.105274e-01	-1.985267e-01
4.705639e-01	8.097383e-01	-1.986850e-01
4.749036e-01	8.085128e-01	-1.987531e-01
4.390183e-01	7.977251e-01	-9.909016e-02
4.809375e-01	7.930282e-01	-8.602204e-02
4.516738e-01	7.682340e-01	-1.824289e-01
4.669035e-01	7.669276e-01	-1.788876e-01
4.138636e-01	7.108655e-01	-8.651735e-02
5.051996e-01	7.066967e-01	-6.562584e-02
3.913065e-01	8.359044e-01	-1.799780e-01
5.318972e-01	8.223547e-01	-1.258235e-01
3.826762e-01	9.786275e-01	-2.534213e-01
5.443348e-01	9.691921e-01	-1.970661e-01
3.776028e-01	9.981387e-01	-2.948653e-01
5.514275e-01	1.004240e+00	-2.310396e-01
3.821101e-01	1.007025e+00	-2.953962e-01
5.440468e-01	1.008832e+00	-2.406314e-01
3.864135e-01	9.976069e-01	-2.618745e-01
5.389419e-01	9.948784e-01	-2.086112e-01
4.345751e-01	4.130407e-01	-4.856962e-03
4.944340e-01	4.180939e-01	4.895196e-03
4.398033e-01	1.858740e-01	-1.154171e-02
4.890420e-01	1.910327e-01	-7.955357e-03
4.565754e-01	1.097964e-02	1.423588e-01
4.846023e-01	3.810108e-03	1.143306e-01
4.634521e-01	4.703256e-03	1.514691e-01
4.824511e-01	-6.418908e-03	1.198224e-01
4.578140e-01	-4.640770e-02	3.660021e-02
4.823832e-01	-5.162792e-02	-6.630952e-03
4.606566e-01	7.913649e-01	-2.092853e-01
4.543967e-01	8.106746e-01	-1.879814e-01
4.497392e-01	8.106898e-01	-1.881115e-01
4.450301e-01	8.105001e-01	-1.881133e-01
4.665318e-01	8.094920e-01	-1.867902e-01
4.706605e-01	8.085956e-01	-1.869523e-01
4.750372e-01	8.071797e-01	-1.870304e-01
4.391819e-01	7.969025e-01	-8.394011e-02
4.810210e-01	7.911498e-01	-7.489894e-02
4.516937e-01	7.670493e-01	-1.704489e-01
4.669097e-01	7.658570e-01	-1.680335e-01
4.142376e-01	7.077293e-01	-7.260800e-02
5.046004e-01	7.009193e-01	-5.871046e-02
3.912111e-01	8.348715e-01	-1.764013e-01
5.298742e-01	8.156887e-01	-1.240001e-01
3.862304e-01	9.770752e-01	-2.498320e-01
5.388294e-01	9.636024e-01	-1.864187e-01
3.820583e-01	9.935663e-01	-2.908316e-01
5.457735e-01	1.000542e+00	-2.190008e-01
3.866975e-01	1.005922e+00	-2.886195e-01
5.397245e-01	1.002957e+00	-2.266102e-01
3.898878e-01	9.957525e-01	-2.574589e-01
5.348738e-01	9.897240e-01	-1.966968e-01
4.345707e-01	4.121857e-01	-4.999801e-03
4.943799e-01	4.173313e-01	5.036655e-03
4.397776e-01	1.858347e-01	-1.552464e-02
4.888667e-01	1.912784e-01	-1.076583e-02
4.565729e-01	1.095295e-02	1.391156e-01
4.846614e-01	4.254400e-03	1.118662e-01
4.634535e-01	4.655983e-03	1.484193e-01
4.825868e-01	-6.309795e-03	1.177160e-01
4.578133e-01	-4.652358e-02	3.404389e-02
4.825479e-01	-5.075476e-02	-8.449476e-03
4.601294e-01	7.907267e-01	-1.440046e-01
4.539646e-01	8.100006e-01	-1.228331e-01
4.492406e-01	8.099947e-01	-1.229357e-01
4.445390e-01	8.097944e-01	-1.229248e-01
4.664425e-01	8.089429e-01	-1.223975e-01
4.706492e-01	8.081363e-01	-1.225287e-01
4.750408e-01	8.068043e-01	-1.225561e-01
4.391631e-01	7.965997e-01	-1.898757e-02
4.810982e-01	7.909034e-01	-1.387594e-02
4.514049e-01	7.666242e-01	-1.057025e-01
4.668590e-01	7.654544e-01	-1.041406e-01
4.146665e-01	7.051882e-01	-3.324984e-02
5.045511e-01	6.967903e-01	-2.067335e-02
3.966390e-01	8.246171e-01	-2.241381e-01
5.247992e-01	7.908928e-01	-2.010748e-01
3.928775e-01	9.543943e-01	-3.893189e-01
5.339187e-01	9.279879e-01	-3.820748e-01
3.887255e-01	9.844338e-01	-4.406800e-01
5.396699e-01	9.687173e-01	-4.285430e-01
3.956184e-01	9.945405e-01	-4.358929e-01
5.337092e-01	9.725022e-01	-4.274935e-01
3.999571e-01	9.798989e-01	-3.968840e-01
5.285602e-01	9.591083e-01	-3.915435e-01
4.341430e-01	4.110529e-01	-4.644273e-03
4.941513e-01	4.170066e-01	4.681896e-03
4.397255e-01	1.851190e-01	-4.050089e-02
4.886988e-01	1.911472e-01	-2.552718e-02
4.567020e-01	1.093023e-02	1.271977e-01
4.846203e-01	4.609165e-03	1.013031e-01
4.637217e-01	4.398279e-03	1.375588e-01
4.825768e-01	-6.068175e-03	1.078869e-01
4.578354e-01	-4.602956e-02	1.815526e-02
4.825680e-01	-4.888497e-02	-2.303097e-02
4.591332e-01	7.911061e-01	-1.457277e-01
4.532793e-01	8.099927e-01	-1.248274e-01
4.484591e-01	8.100110e-01	-1.249374e-01
4.437247e-01	8.098277e-01	-1.249377e-01
4.661853e-01	8.088757e-01	-1.227972e-01
4.704749e-01	8.080754e-01	-1.229113e-01
4.749321e-01	8.068074e-01	-1.229212e-01
4.389871e-01	7.967241e-01	-1.986044e-02
4.810724e-01	7.910556e-01	-7.873022e-03
4.502637e-01	7.677206e-01	-1.070255e-01
4.664770e-01	7.658620e-01	-1.034165e-01
4.149989e-01	7.041146e-01	-4.262158e-02
5.043074e-01	6.967916e-01	-1.116482e-02
3.991253e-01	8.169824e-01	-2.786180e-01
5.241966e-01	7.859888e-01	-2.157046e-01
3.949383e-01	9.465736e-01	-4.705192e-01
5.324558e-01	9.181488e-01	-4.190706e-01
3.913350e-01	9.786779e-01	-5.284739e-01
5.380255e-01	9.577864e-01	-4.682867e-01
3.980034e-01	9.874175e-01	-5.224393e-01
5.324311e-01	9.627789e-01	-4.683405e-01
4.024172e-01	9.719633e-01	-4.780913e-01
5.272202e-01	9.483984e-01	-4.296346e-01
4.341283e-01	4.109179e-01	-4.932784e-03
4.938621e-01	4.170049e-01	4.973152e-03
4.397067e-01	1.850924e-01	-4.855790e-02
4.886184e-01	1.911483e-01	-2.455007e-02
4.569359e-01	9.331484e-03	1.211673e-01
4.844421e-01	4.576487e-03	1.061779e-01
4.639006e-01	3.283388e-03	1.312658e-01
4.823550e-01	-5.992221e-03	1.129273e-01
4.577967e-01	-4.697380e-02	5.710772e-03
4.829385e-01	-6.926823e-02	-1.941318e-02
4.581571e-01	7.911656e-01	-1.539471e-01
4.521073e-01	8.095306e-01	-1.330973e-01
4.470814e-01	8.096015e-01	-1.331813e-01
4.423875e-01	8.095416e-01	-1.332084e-01
4.657560e-01	8.084484e-01	-1.337878e-01
4.701917e-01	8.077060e-01	-1.338979e-01
4.747547e-01	8.066028e-01	-1.338932e-01
4.383124e-01	7.967867e-01	-2.308274e-02
4.810732e-01	7.910592e-01	-2.447690e-02
4.492629e-01	7.677959e-01	-1.128836e-01
4.661239e-01	7.660005e-01	-1.130684e-01
4.170083e-01	7.017164e-01	-4.741566e-02
5.041517e-01	6.939744e-01	-2.549498e-02
4.017675e-01	7.965333e-01	-3.356896e-01
5.224472e-01	7.621063e-01	-3.159289e-01
3.966680e-01	9.178503e-01	-5.805685e-01
5.318896e-01	8.748337e-01	-5.592912e-01
3.939572e-01	9.567140e-01	-6.459918e-01
5.354722e-01	9.190326e-01	-6.150120e-01
4.002623e-01	9.638234e-01	-6.405474e-01
5.305027e-01	9.242759e-01	-6.159961e-01
4.045027e-01	9.479360e-01	-5.905249e-01
5.258014e-01	9.077677e-01	-5.719202e-01
4.341641e-01	4.108161e-01	2.717696e-03
4.933113e-01	4.168542e-01	-2.665163e-03
4.385067e-01	1.850094e-01	-4.358389e-02
4.879048e-01	1.911416e-01	-3.644158e-02
4.569612e-01	9.983405e-03	1.120470e-01
4.828053e-01	3.069519e-03	8.197131e-02
4.643008e-01	4.894363e-03	1.197478e-01
4.818603e-01	-7.223053e-03	8.689242e-02
4.577951e-01	-4.425504e-02	-5.531498e-03
4.771714e-01	-8.302575e-02	-5.270251e-02
4.578695e-01	7.912286e-01	-1.607926e-01
4.518073e-01	8.096777e-01	-1.390469e-01
4.467492e-01	8.098596e-01	-1.391497e-01
4.421110e-01	8.099407e-01	-1.391631e-01
4.655592e-01	8.084592e-01	-1.389007e-01
4.700371e-01	8.077194e-01	-1.389991e-01
4.746205e-01	8.066195e-01	-1.390245e-01
4.380266e-01	7.978949e-01	-2.447796e-02
4.810206e-01	7.912569e-01	-2.218151e-02
4.489063e-01	7.684796e-01	-1.187154e-01
4.659185e-01	7.663227e-01	-1.176314e-01
4.180939e-01	7.019417e-01	-5.185200e-02
5.043163e-01	6.952074e-01	-3.021701e-02
4.024187e-01	8.011515e-01	-3.766357e-01
5.220569e-01	7.699363e-01	-3.131576e-01
3.995889e-01	8.888783e-01	-6.473521e-01
5.314493e-01	8.429368e-01	-5.633319e-01
3.977628e-01	9.259600e-01	-7.163395e-01
5.335689e-01	8.747405e-01	-6.190367e-01
4.024696e-01	9.203455e-01	-7.067690e-01
5.312146e-01	8.788195e-01	-6.204884e-01
4.054254e-01	9.096089e-01	-6.562213e-01
5.281957e-01	8.619853e-01	-5.762221e-01
4.343960e-01	4.150366e-01	2.016664e-03
4.934052e-01	4.201119e-01	-1.951676e-03
4.384288e-01	1.854012e-01	-6.691084e-02
4.879643e-01	1.907329e-01	-5.197976e-02
4.564898e-01	1.193129e-02	1.083577e-01
4.824615e-01	-5.828990e-04	6.723757e-02
4.637271e-01	6.357910e-03	1.181547e-01
4.814146e-01	-1.049964e-02	7.163418e-02
4.575146e-01	-4.434586e-02	-1.268029e-02
4.763650e-01	-8.779345e-02	-7.679093e-02
4.579705e-01	7.912441e-01	-1.027540e-01
4.518161e-01	8.096376e-01	-8.157679e-02
4.467796e-01	8.098040e-01	-8.167755e-02
4.421373e-01	8.098634e-01	-8.169581e-02
4.655605e-01	8.084653e-01	-7.921261e-02
4.700453e-01	8.077308e-01	-7.928964e-02
4.746304e-01	8.066304e-01	-7.927115e-02
4.380276e-01	7.979622e-01	2.661317e-02
4.808823e-01	7.916816e-01	3.696450e-02
4.490335e-01	7.685165e-01	-6.357829e-02
4.661540e-01	7.663829e-01	-6.024476e-02
4.190516e-01	7.008889e-01	-1.076069e-02
5.043400e-01	6.960294e-01	3.185046e-02
4.056308e-01	7.521409e-01	-3.231401e-01
5.229387e-01	7.561790e-01	-2.530187e-01
4.017034e-01	8.284732e-01	-5.989107e-01
5.333294e-01	8.025765e-01	-5.104365e-01
4.012647e-01	8.649844e-01	-6.655340e-01
5.365992e-01	8.141184e-01	-5.666673e-01
4.043794e-01	8.646017e-01	-6.617750e-01
5.335468e-01	8.234070e-01	-5.679157e-01
4.071425e-01	8.452892e-01	-6.086974e-01
5.286378e-01	8.095214e-01	-5.234710e-01
4.347564e-01	4.244334e-01	1.081828e-03
4.936319e-01	4.277695e-01	-1.047835e-03
4.384998e-01	1.872551e-01	-5.931843e-02
4.881501e-01	1.908098e-01	-4.837818e-02
4.564943e-01	1.189449e-02	8.526174e-02
4.829135e-01	-4.613183e-03	4.303449e-02
4.636794e-01	5.483033e-03	9.239526e-02
4.818365e-01	-1.619735e-02	4.469512e-02
4.571820e-01	-4.470938e-02	-3.747251e-02
4.767085e-01	-8.795626e-02	-1.005612e-01
4.587110e-01	7.908192e-01	-6.554415e-02
4.519711e-01	8.094256e-01	-4.366329e-02
4.470671e-01	8.096027e-01	-4.376095e-02
4.423165e-01	8.096622e-01	-4.377747e-02
4.658156e-01	8.083488e-01	-4.227058e-02
4.704230e-01	8.076714e-01	-4.232209e-02
4.750504e-01	8.066109e-01	-4.225097e-02
4.380466e-01	7.980238e-01	6.922777e-02
4.810925e-01	7.920457e-01	7.558106e-02
4.496201e-01	7.685511e-01	-2.445832e-02
4.667129e-01	7.664725e-01	-2.230558e-02
4.192717e-01	7.011240e-01	3.192043e-02
5.043999e-01	6.964656e-01	7.460120e-02
4.130529e-01	6.917153e-01	-3.208851e-01
5.220614e-01	6.967981e-01	-2.059453e-01
4.065918e-01	7.691457e-01	-5.567883e-01
5.341436e-01	7.579823e-01	-5.019222e-01
4.046523e-01	7.984549e-01	-6.236863e-01
5.385599e-01	7.714493e-01	-5.625427e-01
4.057287e-01	8.032619e-01	-6.234261e-01
5.349592e-01	7.727952e-01	-5.639525e-01
4.092888e-01	7.895927e-01	-5.674043e-01
5.288087e-01	7.661783e-01	-5.153957e-01
4.348318e-01	4.301375e-01	-2.973624e-03
4.937485e-01	4.302470e-01	2.979544e-03
4.384795e-01	1.897453e-01	-6.724685e-02
4.881571e-01	1.906851e-01	-4.742456e-02
4.563594e-01	1.553144e-02	8.080942e-02
4.831346e-01	-4.280063e-03	4.386296e-02
4.628118e-01	9.086406e-03	8.894746e-02
4.817801e-01	-1.590300e-02	4.663989e-02
4.580455e-01	-4.396771e-02	-3.837541e-02
4.794115e-01	-7.769601e-02	-9.377049e-02
4.589334e-01	7.903734e-01	-8.940356e-02
4.519876e-01	8.092483e-01	-6.595655e-02
4.470910e-01	8.093930e-01	-6.605366e-02
4.423400e-01	8.094224e-01	-6.607115e-02
4.658880e-01	8.082185e-01	-6.758194e-02
4.705962e-01	8.075597e-01	-6.764588e-02
4.753204e-01	8.064846e-01	-6.762783e-02
4.380309e-01	7.980566e-01	5.874962e-02
4.811334e-01	7.921544e-01	5.154238e-02
4.497918e-01	7.684356e-01	-4.388872e-02
4.669247e-01	7.664829e-01	-4.551397e-02
4.191788e-01	7.005472e-01	3.875863e-02
5.052108e-01	6.970298e-01	4.689252e-02
4.122414e-01	6.876744e-01	-2.751946e-01
5.204198e-01	6.575344e-01	-2.260970e-01
4.098359e-01	7.341337e-01	-5.505632e-01
5.250663e-01	6.716942e-01	-5.298262e-01
4.078235e-01	7.545314e-01	-6.198422e-01
5.305346e-01	6.721468e-01	-5.948802e-01
4.103839e-01	7.571425e-01	-6.212953e-01
5.247445e-01	6.756423e-01	-5.942477e-01
4.128006e-01	7.483463e-01	-5.625378e-01
5.223280e-01	6.729091e-01	-5.418390e-01
4.338020e-01	4.304367e-01	-2.892226e-03
4.933129e-01	4.300645e-01	2.898878e-03
4.381912e-01	1.901011e-01	-7.178506e-02
4.880129e-01	1.905283e-01	-5.247824e-02
4.563676e-01	1.539622e-02	9.561248e-02
4.831515e-01	-4.224791e-03	6.077778e-02
4.627117e-01	8.817090e-03	1.031293e-01
4.817741e-01	-1.480550e-02	6.498927e-02
4.582902e-01	-4.405714e-02	-2.135522e-02
4.795439e-01	-7.061468e-02	-7.815357e-02
4.594232e-01	7.896943e-01	-8.218517e-02
4.521891e-01	8.086910e-01	-5.832499e-02
4.473482e-01	8.087603e-01	-5.841792e-02
4.425594e-01	8.087873e-01	-5.843791e-02
4.661361e-01	8.077719e-01	-6.075264e-02
4.709492e-01	8.071474e-01	-6.081456e-02
4.756968e-01	8.061066e-01	-6.079395e-02
4.380639e-01	7.978824e-01	6.583609e-02
4.811774e-01	7.921872e-01	5.513562e-02
4.501514e-01	7.682142e-01	-3.688961e-02
4.672560e-01	7.661794e-01	-3.963532e-02
4.191311e-01	6.986747e-01	4.870899e-02
5.059906e-01	6.973420e-01	4.633019e-02
4.134294e-01	6.736739e-01	-2.363221e-01
5.196967e-01	6.506557e-01	-2.257938e-01
4.086594e-01	7.229553e-01	-5.275089e-01
5.235609e-01	6.512151e-01	-5.013596e-01
4.066080e-01	7.483061e-01	-5.953840e-01
5.288181e-01	6.491879e-01	-5.639416e-01
4.083869e-01	7.528921e-01	-5.986608e-01
5.225421e-01	6.510949e-01	-5.641693e-01
4.115179e-01	7.422169e-01	-5.398868e-01
5.211443e-01	6.494298e-01	-5.129677e-01
4.328933e-01	4.299262e-01	-6.287397e-04
4.929756e-01	4.296511e-01	6.556428e-04
4.378512e-01	1.900059e-01	-6.999173e-02
4.880137e-01	1.904031e-01	-6.100243e-02
4.566449e-01	1.334701e-02	1.011047e-01
4.834325e-01	-3.993139e-03	5.863875e-02
4.627538e-01	6.400814e-03	1.102681e-01
4.819178e-01	-1.451456e-02	6.394631e-02
4.586176e-01	-4.529097e-02	-1.477614e-02
4.814316e-01	-6.042992e-02	-7.639743e-02
4.597557e-01	7.886246e-01	-8.952325e-02
4.526260e-01	8.074745e-01	-6.760128e-02
4.479166e-01	8.075138e-01	-6.768791e-02
4.430571e-01	8.076007e-01	-6.767602e-02
4.663974e-01	8.064771e-01	-6.939479e-02
4.711598e-01	8.058394e-01	-6.944866e-02
4.758681e-01	8.048897e-01	-6.943303e-02
4.383126e-01	7.977067e-01	5.602084e-02
4.812533e-01	7.921813e-01	4.897404e-02
4.507272e-01	7.677949e-01	-4.351195e-02
4.675209e-01	7.659907e-01	-4.514094e-02
4.171579e-01	6.995121e-01	4.566493e-02
5.065690e-01	6.976182e-01	4.606189e-02
4.136295e-01	6.656600e-01	-2.285043e-01
5.281308e-01	6.443741e-01	-2.210825e-01
4.142843e-01	6.763434e-01	-5.339420e-01
5.215660e-01	6.642618e-01	-4.938146e-01
4.150190e-01	6.835546e-01	-6.024820e-01
5.275103e-01	6.466426e-01	-5.563985e-01
4.169334e-01	6.854879e-01	-6.051030e-01
5.170851e-01	6.534876e-01	-5.545955e-01
4.189366e-01	6.828737e-01	-5.456493e-01
5.107384e-01	6.549535e-01	-5.040146e-01
4.323625e-01	4.291408e-01	-1.278735e-03
4.927153e-01	4.280728e-01	1.294888e-03
4.378558e-01	1.897287e-01	-6.712936e-02
4.879938e-01	1.899513e-01	-5.478411e-02
4.566968e-01	1.308790e-02	1.015154e-01
4.835129e-01	-3.756876e-03	5.992352e-02
4.627292e-01	6.185689e-03	1.123724e-01
4.819384e-01	-1.425988e-02	6.432147e-02
4.590205e-01	-4.558710e-02	-1.422911e-02
4.818823e-01	-6.086163e-02	-7.152684e-02
4.599968e-01	7.884325e-01	-1.903766e-01
4.530258e-01	8.073132e-01	-1.653609e-01
4.485019e-01	8.073611e-01	-1.654583e-01
4.435000e-01	8.073959e-01	-1.654949e-01
4.665001e-01	8.062114e-01	-1.667267e-01
4.711839e-01	8.055016e-01	-1.668018e-01
4.758709e-01	8.045812e-01	-1.668678e-01
4.384456e-01	7.973430e-01	-1.848069e-02
4.809042e-01	7.921758e-01	-2.584716e-02
4.509177e-01	7.677354e-01	-1.354087e-01
4.675254e-01	7.659502e-01	-1.372502e-01
4.141492e-01	6.958695e-01	4.593389e-02
5.070890e-01	6.975456e-01	3.698332e-02
4.065507e-01	5.890839e-01	5.087851e-02
5.291057e-01	6.031346e-01	-4.226571e-02
4.119670e-01	5.052412e-01	-5.171064e-02
5.237257e-01	6.011806e-01	-2.590762e-01
4.158250e-01	4.710055e-01	-8.375801e-02
5.291672e-01	5.893703e-01	-3.091623e-01
4.237201e-01	4.749717e-01	-1.117831e-01
5.198147e-01	6.013918e-01	-3.236859e-01
4.238941e-01	4.981526e-01	-6.640728e-02
5.149963e-01	6.050597e-01	-2.718432e-01
4.324427e-01	4.286197e-01	-1.075910e-03
4.927215e-01	4.280340e-01	1.139841e-03
4.378922e-01	1.896518e-01	-7.647492e-02
4.884088e-01	1.900830e-01	-6.753758e-02
4.570069e-01	1.301710e-02	1.129024e-01
4.834997e-01	-2.864693e-03	6.563655e-02
4.627862e-01	6.038385e-03	1.258681e-01
4.816426e-01	-1.417532e-02	7.353757e-02
4.592980e-01	-4.561654e-02	-8.471410e-03
4.830064e-01	-7.241879e-02	-6.852634e-02
4.601975e-01	7.882686e-01	-2.203005e-01
4.533228e-01	8.073216e-01	-1.960002e-01
4.489275e-01	8.073790e-01	-1.960987e-01
4.438866e-01	8.074050e-01	-1.961210e-01
4.665316e-01	8.061997e-01	-1.962265e-01
4.711840e-01	8.054882e-01	-1.962695e-01
4.758602e-01	8.045362e-01	-1.962854e-01
4.386101e-01	7.973490e-01	-5.502527e-02
4.804299e-01	7.921791e-01	-5.578452e-02
4.511198e-01	7.676564e-01	-1.679436e-01
4.675189e-01	7.658851e-01	-1.680692e-01
4.123338e-01	6.910076e-01	2.917796e-02
5.072628e-01	6.962973e-01	3.525936e-02
3.971048e-01	5.628846e-01	2.624245e-02
5.290743e-01	5.917277e-01	-3.266094e-02
3.830382e-01	4.768842e-01	-1.137838e-01
5.249063e-01	5.426149e-01	-2.589100e-01
3.772117e-01	4.482243e-01	-1.532245e-01
5.290089e-01	5.207842e-01	-3.123951e-01
3.769862e-01	4.505686e-01	-1.872315e-01
5.208576e-01	5.282900e-01	-3.339006e-01
3.868901e-01	4.647191e-01	-1.322533e-01
5.168952e-01	5.405528e-01	-2.745787e-01
4.358131e-01	4.280184e-01	-3.539465e-03
4.954007e-01	4.277953e-01	3.703268e-03
4.393991e-01	1.893182e-01	-7.978370e-02
4.913793e-01	1.900357e-01	-6.214035e-02
4.586474e-01	1.263125e-02	1.156656e-01
4.841759e-01	-1.440027e-03	9.374017e-02
4.635624e-01	5.673432e-03	1.285008e-01
4.817358e-01	-1.352844e-02	1.019976e-01
4.606896e-01	-4.593608e-02	-8.196645e-03
4.836021e-01	-6.380842e-02	-4.324031e-02
4.601866e-01	7.883120e-01	-1.125798e-01
4.533682e-01	8.073562e-01	-9.040932e-02
4.490386e-01	8.074287e-01	-9.045063e-02
4.440575e-01	8.074612e-01	-9.037205e-02
4.665013e-01	8.062356e-01	-8.976920e-02
4.710857e-01	8.055735e-01	-8.977063e-02
4.757093e-01	8.046323e-01	-8.969364e-02
4.388208e-01	7.974870e-01	2.889783e-02
4.801779e-01	7.921929e-01	3.212406e-02
4.511678e-01	7.676605e-01	-6.890326e-02
4.673997e-01	7.658922e-01	-6.780022e-02
4.119002e-01	6.875191e-01	7.673164e-02
5.071805e-01	6.963931e-01	8.665396e-02
3.973875e-01	5.802892e-01	3.966831e-02
5.267639e-01	5.899681e-01	6.359644e-02
3.877711e-01	4.980463e-01	-1.292563e-01
5.270358e-01	4.954509e-01	-9.591857e-02
3.822408e-01	4.638206e-01	-1.767301e-01
5.327796e-01	4.609339e-01	-1.419821e-01
3.858076e-01	4.679974e-01	-2.061330e-01
5.221045e-01	4.608558e-01	-1.680811e-01
3.925101e-01	4.774387e-01	-1.463660e-01
5.177408e-01	4.713544e-01	-1.112361e-01
4.368147e-01	4.245711e-01	-4.830524e-03
4.954546e-01	4.270354e-01	5.079228e-03
4.401911e-01	1.887987e-01	-8.567438e-02
4.912415e-01	1.875864e-01	-7.755070e-02
4.595884e-01	1.255449e-02	8.552383e-02
4.841982e-01	5.759923e-03	8.652028e-02
4.644367e-01	5.538433e-03	9.501618e-02
4.817394e-01	-5.180536e-03	9.791289e-02
4.616187e-01	-4.600968e-02	-3.009809e-02
4.835576e-01	-5.061301e-02	-4.087080e-02
4.601598e-01	7.890978e-01	-1.200915e-01
4.533819e-01	8.074688e-01	-9.587151e-02
4.491126e-01	8.074990e-01	-9.607770e-02
4.441596e-01	8.075369e-01	-9.618889e-02
4.664968e-01	8.064072e-01	-9.366969e-02
4.710706e-01	8.057984e-01	-9.378265e-02
4.756727e-01	8.049799e-01	-9.391516e-02
4.391445e-01	7.977179e-01	8.986182e-03
4.801845e-01	7.924103e-01	5.349447e-03
4.512309e-01	7.678915e-01	-7.665554e-02
4.673647e-01	7.660406e-01	-7.819086e-02
4.114396e-01	6.844230e-01	5.045751e-02
5.072737e-01	6.952312e-01	6.290011e-02
3.979383e-01	5.630533e-01	3.136399e-02
5.237227e-01	5.791203e-01	3.718971e-02
3.899756e-01	4.603929e-01	-1.095338e-01
5.275620e-01	4.652944e-01	-9.196755e-02
3.827761e-01	4.196201e-01	-1.532271e-01
5.349465e-01	4.264624e-01	-1.356644e-01
3.877952e-01	4.206771e-01	-1.880314e-01
5.225645e-01	4.250433e-01	-1.660327e-01
3.948181e-01	4.325336e-01	-1.279823e-01
5.188440e-01	4.377268e-01	-1.081492e-01
4.352166e-01	4.227589e-01	-4.786064e-03
4.924910e-01	4.259055e-01	5.024744e-03
4.402247e-01	1.878261e-01	-8.171217e-02
4.898663e-01	1.906386e-01	-7.701993e-02
4.602714e-01	5.697007e-03	4.121269e-02
4.859998e-01	1.765727e-02	9.709769e-02
4.651198e-01	-2.623515e-03	4.389118e-02
4.831905e-01	6.269041e-03	1.064344e-01
4.641094e-01	-7.020999e-02	-8.508154e-02
4.854459e-01	-3.242147e-02	-9.677567e-03
4.601149e-01	7.891580e-01	-1.085160e-01
4.533848e-01	8.074648e-01	-8.699706e-02
4.491679e-01	8.075038e-01	-8.704726e-02
4.442330e-01	8.075483e-01	-8.700176e-02
4.664939e-01	8.063841e-01	-8.680929e-02
4.710693e-01	8.057886e-01	-8.683856e-02
4.756635e-01	8.049873e-01	-8.675785e-02
4.393822e-01	7.980256e-01	1.838434e-02
4.802014e-01	7.927483e-01	1.685377e-02
4.512554e-01	7.679276e-01	-6.949442e-02
4.673049e-01	7.660415e-01	-6.984179e-02
4.115277e-01	6.841052e-01	5.106698e-02
5.074357e-01	6.932892e-01	6.428576e-02
3.983230e-01	5.695445e-01	2.076869e-02
5.226830e-01	5.738694e-01	5.032964e-02
3.910370e-01	4.669938e-01	-1.326570e-01
5.276937e-01	4.633136e-01	-9.105337e-02
3.822159e-01	4.254017e-01	-1.795578e-01
5.355045e-01	4.241283e-01	-1.369193e-01
3.889247e-01	4.250946e-01	-2.124644e-01
5.229890e-01	4.226160e-01	-1.648491e-01
3.960851e-01	4.383027e-01	-1.502102e-01
5.196027e-01	4.357388e-01	-1.066778e-01
4.346631e-01	4.216934e-01	-5.959891e-03
4.914919e-01	4.251896e-01	6.238266e-03
4.405857e-01	1.877151e-01	-7.785903e-02
4.896714e-01	1.915324e-01	-7.298431e-02
4.611351e-01	3.794982e-03	4.096046e-02
4.861358e-01	1.692660e-02	9.404909e-02
4.660735e-01	-4.143453e-03	4.415971e-02
4.833478e-01	6.107343e-03	1.027689e-01
4.653226e-01	-7.870226e-02	-8.617185e-02
4.861580e-01	-3.728192e-02	-2.202497e-02
4.601068e-01	7.899389e-01	-1.634866e-01
4.533978e-01	8.076797e-01	-1.417241e-01
4.492466e-01	8.078176e-01	-1.417356e-01
4.442964e-01	8.079757e-01	-1.416612e-01
4.664946e-01	8.064308e-01	-1.423439e-01
4.710775e-01	8.058119e-01	-1.423911e-01
4.756614e-01	8.050393e-01	-1.422991e-01
4.395655e-01	7.987111e-01	-3.144624e-02
4.802207e-01	7.933081e-01	-3.500175e-02
4.512942e-01	7.685111e-01	-1.237275e-01
4.672810e-01	7.662215e-01	-1.247003e-01
4.115113e-01	6.811488e-01	1.640719e-02
5.079787e-01	6.898740e-01	1.937432e-02
3.985851e-01	5.544654e-01	1.822171e-02
5.222784e-01	5.612247e-01	1.571194e-02
3.917488e-01	4.345987e-01	-9.626682e-02
5.281382e-01	4.411586e-01	-1.162071e-01
3.833608e-01	3.846337e-01	-1.369040e-01
5.361563e-01	3.976520e-01	-1.600560e-01
3.901500e-01	3.830259e-01	-1.739150e-01
5.233430e-01	3.952930e-01	-1.907974e-01
3.969863e-01	3.996063e-01	-1.146927e-01
5.200624e-01	4.093837e-01	-1.327219e-01
4.345646e-01	4.188328e-01	-5.293951e-03
4.911595e-01	4.221491e-01	5.590253e-03
4.411724e-01	1.876926e-01	-6.520189e-02
4.899496e-01	1.911636e-01	-6.118267e-02
4.616694e-01	4.054139e-03	5.743955e-02
4.866525e-01	1.529141e-02	9.348304e-02
4.665178e-01	-3.790959e-03	6.581248e-02
4.833910e-01	5.541376e-03	1.007760e-01
4.650486e-01	-7.539336e-02	-6.510273e-02
4.895535e-01	-4.032026e-02	-2.660599e-02
4.601110e-01	7.914533e-01	-2.676056e-01
4.534203e-01	8.094245e-01	-2.488415e-01
4.492872e-01	8.099243e-01	-2.488634e-01
4.443352e-01	8.101897e-01	-2.487915e-01
4.664887e-01	8.076832e-01	-2.502474e-01
4.710780e-01	8.069221e-01	-2.503069e-01
4.756442e-01	8.059835e-01	-2.502548e-01
4.395774e-01	8.005475e-01	-1.329020e-01
4.802268e-01	7.951341e-01	-1.394040e-01
4.513300e-01	7.699233e-01	-2.234756e-01
4.672787e-01	7.676145e-01	-2.252206e-01
4.115456e-01	6.813539e-01	-5.692074e-02
5.088731e-01	6.901691e-01	-7.137276e-02
3.989809e-01	5.419051e-01	-1.532315e-02
5.223591e-01	5.510552e-01	-3.142807e-03
3.918086e-01	4.141574e-01	-1.136415e-01
5.295232e-01	4.171925e-01	-1.479790e-01
3.845072e-01	3.657416e-01	-1.469750e-01
5.377317e-01	3.735596e-01	-1.832564e-01
3.909744e-01	3.613349e-01	-1.844407e-01
5.247353e-01	3.699273e-01	-2.176284e-01
3.975662e-01	3.788033e-01	-1.313726e-01
5.203332e-01	3.860054e-01	-1.642056e-01
4.343834e-01	4.188422e-01	-5.169278e-04
4.911686e-01	4.219383e-01	7.142922e-04
4.411559e-01	1.864574e-01	-4.151203e-02
4.899513e-01	1.911412e-01	-4.960396e-02
4.616145e-01	3.870647e-03	7.220699e-02
4.866415e-01	8.737913e-03	7.615770e-02
4.665260e-01	-5.184103e-03	7.325495e-02
4.833827e-01	-4.388109e-03	8.004011e-02
4.627964e-01	-7.299370e-02	-5.624341e-02
4.892733e-01	-6.796823e-02	-5.205007e-02
4.600919e-01	7.918045e-01	-2.966878e-01
4.534029e-01	8.098238e-01	-2.780419e-01
4.492680e-01	8.103676e-01	-2.780595e-01
4.443300e-01	8.105044e-01	-2.780003e-01
4.664299e-01	8.083646e-01	-2.801665e-01
4.710533e-01	8.077776e-01	-2.802384e-01
4.756107e-01	8.069247e-01	-2.801949e-01
4.395832e-01	8.007413e-01	-1.612800e-01
4.802313e-01	7.962817e-01	-1.715387e-01
4.513800e-01	7.700282e-01	-2.521409e-01
4.672772e-01	7.679549e-01	-2.549974e-01
4.115979e-01	6.792262e-01	-8.356501e-02
5.102468e-01	6.881374e-01	-1.028976e-01
3.994958e-01	5.294439e-01	-2.929380e-02
5.226436e-01	5.427900e-01	-5.912399e-02
3.919825e-01	3.930967e-01	-1.150468e-01
5.316846e-01	4.025588e-01	-1.682265e-01
3.852047e-01	3.452508e-01	-1.455503e-01
5.393060e-01	3.583584e-01	-2.022366e-01
3.914909e-01	3.408426e-01	-1.828840e-01
5.275481e-01	3.548962e-01	-2.373998e-01
3.979914e-01	3.589650e-01	-1.321994e-01
5.221174e-01	3.715082e-01	-1.846125e-01
4.347529e-01	4.160786e-01	4.096480e-03
4.913904e-01	4.181282e-01	-3.962419e-03
4.410117e-01	1.835800e-01	-2.956983e-02
4.907739e-01	1.901186e-01	-4.221233e-02
4.615639e-01	7.982286e-03	1.291132e-01
4.866908e-01	8.657497e-03	8.503404e-02
4.666277e-01	-2.397783e-03	1.377065e-01
4.834448e-01	-4.496655e-03	9.017958e-02
4.612331e-01	-6.115625e-02	2.297921e-02
4.891255e-01	-6.690789e-02	-3.967910e-02
4.600913e-01	7.920653e-01	-3.007764e-01
4.534621e-01	8.109051e-01	-2.834993e-01
4.493086e-01	8.115376e-01	-2.835249e-01
4.443966e-01	8.118747e-01	-2.834766e-01
4.664286e-01	8.090856e-01	-2.837153e-01
4.710269e-01	8.084590e-01	-2.837940e-01
4.755237e-01	8.074715e-01	-2.837771e-01
4.395620e-01	8.022784e-01	-1.726335e-01
4.799410e-01	7.964789e-01	-1.736336e-01
4.513766e-01	7.708527e-01	-2.583901e-01
4.671428e-01	7.687175e-01	-2.586268e-01
4.111104e-01	6.767339e-01	-9.959136e-02
5.105048e-01	6.859987e-01	-1.011393e-01
3.995504e-01	5.244364e-01	-4.276234e-02
5.228068e-01	5.339232e-01	-6.122773e-02
3.923587e-01	3.835359e-01	-1.381309e-01
5.338851e-01	3.945822e-01	-1.611183e-01
3.856118e-01	3.369899e-01	-1.688611e-01
5.408584e-01	3.497968e-01	-1.936166e-01
3.917531e-01	3.330178e-01	-2.058326e-01
5.318798e-01	3.470505e-01	-2.311772e-01
3.982789e-01	3.507607e-01	-1.549882e-01
5.263172e-01	3.640414e-01	-1.786357e-01
4.363545e-01	4.110636e-01	3.360878e-03
4.934320e-01	4.153306e-01	-3.211689e-03
4.420493e-01	1.799431e-01	-3.203035e-02
4.915006e-01	1.903208e-01	-3.522866e-02
4.615235e-01	8.824757e-03	1.307996e-01
4.868704e-01	8.617601e-03	8.907892e-02
4.664510e-01	-9.735315e-04	1.398085e-01
4.835363e-01	-4.488110e-03	9.409332e-02
4.612679e-01	-5.606638e-02	1.975133e-02
4.895708e-01	-6.170733e-02	-3.848663e-02
4.602400e-01	7.922104e-01	-3.069533e-01
4.536006e-01	8.116459e-01	-2.900240e-01
4.495242e-01	8.122856e-01	-2.900522e-01
4.445820e-01	8.126127e-01	-2.900070e-01
4.665495e-01	8.097656e-01	-2.901677e-01
4.711490e-01	8.091577e-01	-2.902367e-01
4.755433e-01	8.082983e-01	-2.902132e-01
4.396817e-01	8.030205e-01	-1.801272e-01
4.799515e-01	7.973541e-01	-1.809117e-01
4.514090e-01	7.713339e-01	-2.649364e-01
4.671496e-01	7.692972e-01	-2.650819e-01
4.108383e-01	6.748508e-01	-1.079365e-01
5.111786e-01	6.846743e-01	-1.032704e-01
3.996105e-01	5.251658e-01	-5.640760e-02
5.228935e-01	5.352498e-01	-6.053298e-02
3.927191e-01	3.856411e-01	-1.462694e-01
5.341931e-01	3.965588e-01	-1.526258e-01
3.857443e-01	3.388225e-01	-1.766525e-01
5.420711e-01	3.522528e-01	-1.834590e-01
3.921117e-01	3.364510e-01	-2.133055e-01
5.359300e-01	3.483310e-01	-2.218881e-01
3.983522e-01	3.546106e-01	-1.628140e-01
5.304160e-01	3.650173e-01	-1.703376e-01
4.364819e-01	4.098859e-01	2.418072e-03
4.935437e-01	4.136325e-01	-2.316970e-03
4.424445e-01	1.792441e-01	-3.367449e-02
4.915029e-01	1.901754e-01	-2.973599e-02
4.609404e-01	8.366277e-03	1.190622e-01
4.865696e-01	8.204049e-03	8.895005e-02
4.652161e-01	-1.358514e-03	1.272938e-01
4.829551e-01	-4.936035e-03	9.385982e-02
4.612359e-01	-5.669682e-02	4.343432e-03
4.898673e-01	-5.923429e-02	-3.855395e-02
4.602365e-01	7.933358e-01	-2.833239e-01
4.536211e-01	8.129505e-01	-2.657927e-01
4.495717e-01	8.135240e-01	-2.658240e-01
4.446302e-01	8.136583e-01	-2.657865e-01
4.665448e-01	8.112711e-01	-2.659396e-01
4.711404e-01	8.104945e-01	-2.660032e-01
4.754877e-01	8.094947e-01	-2.659772e-01
4.397140e-01	8.034676e-01	-1.565123e-01
4.799189e-01	7.983426e-01	-1.575658e-01
4.513592e-01	7.727889e-01	-2.418991e-01
4.670035e-01	7.709128e-01	-2.421353e-01
4.106406e-01	6.745898e-01	-9.247793e-02
5.114120e-01	6.834578e-01	-8.259709e-02
4.004077e-01	5.260053e-01	-5.448077e-02
5.229493e-01	5.340810e-01	-4.028415e-02
3.928572e-01	3.872649e-01	-1.381927e-01
5.343899e-01	3.954199e-01	-1.295847e-01
3.861908e-01	3.403959e-01	-1.686126e-01
5.425470e-01	3.513838e-01	-1.599361e-01
3.930437e-01	3.380392e-01	-2.053708e-01
5.375782e-01	3.475603e-01	-1.985915e-01
3.988337e-01	3.564330e-01	-1.545978e-01
5.322257e-01	3.643777e-01	-1.473904e-01
4.365056e-01	4.090980e-01	9.636825e-04
4.935409e-01	4.123979e-01	-8.837456e-04
4.433424e-01	1.777729e-01	-3.783163e-02
4.914740e-01	1.899233e-01	-3.194050e-02
4.608924e-01	5.265993e-03	1.141085e-01
4.864116e-01	5.618898e-03	8.529873e-02
4.649228e-01	-4.440897e-03	1.204163e-01
4.827415e-01	-7.517686e-03	8.921603e-02
4.614200e-01	-7.128485e-02	-4.117649e-03
4.873722e-01	-7.132321e-02	-4.349864e-02
