5.553098e-01	7.028539e-01	-2.381091e-01
5.468566e-01	7.206316e-01	-2.184433e-01
5.423037e-01	7.197954e-01	-2.184953e-01
5.373843e-01	7.185370e-01	-2.185983e-01
5.608197e-01	7.207310e-01	-2.187380e-01
5.666118e-01	7.200324e-01	-2.188471e-01
5.711254e-01	7.189839e-01	-2.188295e-01
5.319396e-01	7.045439e-01	-1.064922e-01
5.781747e-01	7.073674e-01	-1.074604e-01
5.460231e-01	6.765174e-01	-1.967210e-01
5.635858e-01	6.784004e-01	-1.969582e-01
4.979528e-01	5.777533e-01	-6.601197e-02
6.120259e-01	5.771095e-01	-6.021243e-02
4.960251e-01	4.136729e-01	-1.875124e-02
6.170648e-01	4.137898e-01	-4.536694e-03
4.885525e-01	2.657094e-01	-9.259068e-02
6.322644e-01	2.650582e-01	-8.814064e-02
4.891621e-01	2.184138e-01	-1.197896e-01
6.377391e-01	2.224390e-01	-1.202957e-01
4.902754e-01	2.187415e-01	-1.610931e-01
6.369602e-01	2.209835e-01	-1.572925e-01
4.938808e-01	2.378143e-01	-1.101362e-01
6.329047e-01	2.366814e-01	-1.061187e-01
5.283547e-01	2.615521e-01	-1.315481e-03
6.004660e-01	2.636107e-01	1.347873e-03
5.235316e-01	5.276710e-02	-7.009763e-02
6.064155e-01	4.592651e-02	-7.692425e-02
5.397789e-01	1.108258e-01	4.131761e-01
5.972933e-01	1.216311e-01	3.665085e-01
5.437575e-01	1.337265e-01	4.676433e-01
5.995713e-01	1.486890e-01	4.182329e-01
5.494893e-01	6.663719e-02	4.899498e-01
5.859452e-01	4.645862e-02	4.344331e-01
5.556020e-01	7.036778e-01	-2.372736e-01
5.472718e-01	7.217449e-01	-2.183421e-01
5.427684e-01	7.209800e-01	-2.183930e-01
5.377948e-01	7.198175e-01	-2.184949e-01
5.611371e-01	7.220097e-01	-2.170267e-01
5.668138e-01	7.214360e-01	-2.171458e-01
5.713187e-01	7.204236e-01	-2.171367e-01
5.322879e-01	7.053816e-01	-1.111113e-01
5.782944e-01	7.077841e-01	-1.046240e-01
5.463337e-01	6.774082e-01	-1.968192e-01
5.639363e-01	6.790062e-01	-1.958848e-01
4.979425e-01	5.775692e-01	-7.651387e-02
6.116209e-01	5.771522e-01	-4.825961e-02
4.930656e-01	4.136676e-01	-3.413812e-02
6.168486e-01	4.147544e-01	1.542881e-02
4.863126e-01	2.682287e-01	-1.005947e-01
6.336733e-01	2.678553e-01	-6.753746e-02
4.844527e-01	2.203838e-01	-1.262912e-01
6.378671e-01	2.233237e-01	-9.633098e-02
4.866493e-01	2.195428e-01	-1.667197e-01
6.371117e-01	2.221269e-01	-1.348101e-01
4.909478e-01	2.380438e-01	-1.171901e-01
6.332996e-01	2.375611e-01	-8.617289e-02
5.272579e-01	2.607653e-01	-5.257135e-03
6.000267e-01	2.638501e-01	5.337479e-03
5.244253e-01	5.074317e-02	-7.749837e-02
6.067251e-01	4.097163e-02	-6.088923e-02
5.396869e-01	1.057203e-01	3.888280e-01
5.958951e-01	7.980771e-02	3.466747e-01
5.435222e-01	1.222302e-01	4.405914e-01
5.998905e-01	7.301688e-02	3.921398e-01
5.494895e-01	4.605699e-02	4.541257e-01
5.864609e-01	4.645529e-02	3.873360e-01
5.558599e-01	7.040320e-01	-2.066323e-01
5.477822e-01	7.223695e-01	-1.899973e-01
5.433367e-01	7.216554e-01	-1.900268e-01
5.384496e-01	7.205819e-01	-1.900942e-01
5.614010e-01	7.227331e-01	-1.870594e-01
5.669669e-01	7.222603e-01	-1.872032e-01
5.714393e-01	7.213247e-01	-1.871900e-01
5.329599e-01	7.062947e-01	-9.073208e-02
5.783902e-01	7.084446e-01	-7.874156e-02
5.467867e-01	6.780584e-01	-1.697913e-01
5.641687e-01	6.795673e-01	-1.664504e-01
4.993430e-01	5.777212e-01	-5.942822e-02
6.114309e-01	5.790731e-01	-2.197867e-02
4.930865e-01	4.162582e-01	-1.384092e-02
6.168404e-01	4.210087e-01	4.602998e-02
4.848219e-01	2.759390e-01	-7.686859e-02
6.356538e-01	2.752863e-01	-3.272042e-02
4.818520e-01	2.288376e-01	-1.026352e-01
6.401092e-01	2.283897e-01	-6.194366e-02
4.835642e-01	2.288083e-01	-1.437877e-01
6.386088e-01	2.277490e-01	-1.007897e-01
4.883986e-01	2.458361e-01	-9.341114e-02
6.346868e-01	2.436209e-01	-5.135471e-02
5.267795e-01	2.608345e-01	-6.321067e-03
5.996336e-01	2.652975e-01	6.470843e-03
5.253557e-01	5.147790e-02	-8.744656e-02
6.065499e-01	4.195575e-02	-6.366727e-02
5.398171e-01	7.677442e-02	3.673861e-01
5.981404e-01	1.307115e-02	3.308254e-01
5.436531e-01	8.986335e-02	4.171727e-01
6.000232e-01	2.071834e-02	3.742003e-01
5.493834e-01	1.732460e-02	4.148884e-01
5.887226e-01	1.395055e-02	3.508506e-01
5.562000e-01	7.043856e-01	-1.973463e-01
5.483886e-01	7.228358e-01	-1.811101e-01
5.439508e-01	7.221663e-01	-1.811464e-01
5.391610e-01	7.211760e-01	-1.812065e-01
5.617532e-01	7.232388e-01	-1.771414e-01
5.671953e-01	7.228267e-01	-1.773093e-01
5.716391e-01	7.219537e-01	-1.772836e-01
5.337132e-01	7.070832e-01	-8.319332e-02
5.785583e-01	7.091501e-01	-6.692737e-02
5.473503e-01	6.787984e-01	-1.611940e-01
5.645341e-01	6.802155e-01	-1.564602e-01
5.009500e-01	5.787182e-01	-5.347094e-02
6.113022e-01	5.801416e-01	-3.630161e-03
4.930694e-01	4.214937e-01	-3.938809e-03
6.168478e-01	4.257343e-01	7.818057e-02
4.812574e-01	2.865965e-01	-6.445861e-02
6.386250e-01	2.846839e-01	4.383995e-03
4.761600e-01	2.389890e-01	-8.967905e-02
6.436068e-01	2.407074e-01	-2.370444e-02
4.777967e-01	2.423614e-01	-1.315911e-01
6.422831e-01	2.391573e-01	-6.451426e-02
4.830271e-01	2.588270e-01	-8.066376e-02
6.378492e-01	2.538894e-01	-1.509165e-02
5.255311e-01	2.616846e-01	-8.348123e-03
5.988087e-01	2.676214e-01	8.587031e-03
5.292983e-01	5.401281e-02	-8.523530e-02
6.067222e-01	4.666428e-02	-6.460231e-02
5.395693e-01	3.936561e-03	3.603957e-01
6.027453e-01	-1.437627e-02	3.086799e-01
5.413839e-01	1.186351e-02	4.083093e-01
6.030844e-01	-8.949047e-03	3.493792e-01
5.492245e-01	-4.926048e-03	3.929579e-01
5.903980e-01	-6.749320e-02	3.097304e-01
5.566348e-01	7.045509e-01	-1.905049e-01
5.489161e-01	7.231848e-01	-1.735947e-01
5.444643e-01	7.225331e-01	-1.736397e-01
5.397117e-01	7.215886e-01	-1.736895e-01
5.621489e-01	7.236257e-01	-1.693462e-01
5.675009e-01	7.232502e-01	-1.695471e-01
5.719150e-01	7.224057e-01	-1.695031e-01
5.342507e-01	7.076640e-01	-7.428978e-02
5.787390e-01	7.096547e-01	-5.710445e-02
5.478835e-01	6.790825e-01	-1.541569e-01
5.650037e-01	6.804876e-01	-1.491167e-01
5.026516e-01	5.793340e-01	-4.015400e-02
6.111615e-01	5.810755e-01	6.620669e-03
4.924187e-01	4.252157e-01	2.550908e-02
6.179765e-01	4.321224e-01	9.469540e-02
4.749894e-01	2.968143e-01	-1.491782e-02
6.430457e-01	2.916955e-01	3.254436e-02
4.685820e-01	2.516328e-01	-3.514127e-02
6.493608e-01	2.514844e-01	5.141122e-03
4.689833e-01	2.553359e-01	-7.953366e-02
6.479269e-01	2.510996e-01	-3.410622e-02
4.744161e-01	2.710973e-01	-3.151723e-02
6.429397e-01	2.649006e-01	1.355148e-02
5.251212e-01	2.651602e-01	-8.017829e-03
5.984213e-01	2.714133e-01	8.205479e-03
5.332741e-01	5.724690e-02	-6.901494e-02
6.073948e-01	5.176960e-02	-6.334133e-02
5.413323e-01	2.755417e-02	3.683341e-01
6.041117e-01	-4.185081e-02	3.078859e-01
5.443208e-01	2.682801e-02	4.152116e-01
6.042016e-01	-4.095616e-02	3.469313e-01
5.493971e-01	-1.007944e-01	3.839287e-01
5.908684e-01	-1.084397e-01	2.872567e-01
5.570205e-01	7.045293e-01	-1.580266e-01
5.493956e-01	7.231888e-01	-1.404172e-01
5.449682e-01	7.225361e-01	-1.404711e-01
5.402496e-01	7.216002e-01	-1.405121e-01
5.624931e-01	7.236323e-01	-1.369355e-01
5.677904e-01	7.232523e-01	-1.371270e-01
5.721861e-01	7.224045e-01	-1.370589e-01
5.347789e-01	7.079017e-01	-4.149943e-02
5.788416e-01	7.097891e-01	-2.806673e-02
5.483197e-01	6.790918e-01	-1.220461e-01
5.653434e-01	6.804962e-01	-1.180675e-01
5.042543e-01	5.795162e-01	-1.040959e-02
6.109236e-01	5.830639e-01	2.988379e-02
4.895605e-01	4.313034e-01	5.102437e-02
6.214455e-01	4.375579e-01	1.082317e-01
4.648835e-01	3.136567e-01	4.559521e-03
6.472794e-01	2.997119e-01	4.278421e-02
4.561447e-01	2.697133e-01	-1.644457e-02
6.545933e-01	2.590293e-01	1.413941e-02
4.574652e-01	2.737030e-01	-6.086385e-02
6.530970e-01	2.584516e-01	-2.379605e-02
4.637227e-01	2.883303e-01	-1.233247e-02
6.470636e-01	2.734255e-01	2.413955e-02
5.259143e-01	2.682385e-01	-6.484353e-03
5.985261e-01	2.765560e-01	6.825224e-03
5.342582e-01	5.804059e-02	-6.952538e-02
6.081051e-01	5.157043e-02	-6.951597e-02
5.414759e-01	2.099540e-02	3.618551e-01
6.047607e-01	-5.029793e-02	2.917789e-01
5.453771e-01	2.991605e-02	4.073740e-01
6.047338e-01	-4.890936e-02	3.297532e-01
5.493763e-01	-1.116301e-01	3.742430e-01
5.907812e-01	-1.181436e-01	2.692004e-01
5.572665e-01	7.044384e-01	-1.660160e-01
5.497304e-01	7.231697e-01	-1.477126e-01
5.453379e-01	7.225145e-01	-1.477905e-01
5.406453e-01	7.215914e-01	-1.478677e-01
5.627417e-01	7.236255e-01	-1.456104e-01
5.680143e-01	7.232466e-01	-1.457317e-01
5.724170e-01	7.223969e-01	-1.456231e-01
5.352566e-01	7.080274e-01	-4.580920e-02
5.790778e-01	7.098347e-01	-3.819851e-02
5.486481e-01	6.790740e-01	-1.289529e-01
5.656319e-01	6.804848e-01	-1.267090e-01
5.056504e-01	5.802305e-01	-1.495063e-02
6.109414e-01	5.835242e-01	2.091531e-02
4.813378e-01	4.424740e-01	5.037720e-02
6.260477e-01	4.411039e-01	1.049945e-01
4.488180e-01	3.306791e-01	1.150816e-02
6.532708e-01	3.130096e-01	4.919836e-02
4.395626e-01	2.872532e-01	-7.881371e-03
6.629589e-01	2.724965e-01	2.277085e-02
4.445156e-01	2.875528e-01	-5.287733e-02
6.617154e-01	2.727520e-01	-1.437775e-02
4.497769e-01	3.042254e-01	-5.353682e-03
6.545354e-01	2.852416e-01	3.114028e-02
5.267345e-01	2.690695e-01	-3.559543e-03
5.986717e-01	2.778285e-01	3.902609e-03
5.341450e-01	5.765218e-02	-7.499149e-02
6.084758e-01	5.144529e-02	-8.326805e-02
5.418336e-01	2.768685e-02	3.633878e-01
6.043915e-01	-1.180502e-02	3.090873e-01
5.465534e-01	4.776171e-02	4.091358e-01
6.041990e-01	-2.679715e-03	3.511426e-01
5.493448e-01	-4.539367e-02	3.969028e-01
5.902508e-01	-2.183884e-02	3.181879e-01
5.575951e-01	7.044675e-01	-1.189597e-01
5.501986e-01	7.232063e-01	-9.937301e-02
5.458531e-01	7.225516e-01	-9.944931e-02
5.412825e-01	7.216415e-01	-9.950349e-02
5.630151e-01	7.236423e-01	-9.785755e-02
5.682366e-01	7.232465e-01	-9.793566e-02
5.726271e-01	7.223890e-01	-9.780740e-02
5.359321e-01	7.081419e-01	5.200807e-04
5.792562e-01	7.098329e-01	5.170041e-03
5.491570e-01	6.791791e-01	-8.341664e-02
5.659697e-01	6.805391e-01	-8.196221e-02
5.069786e-01	5.808359e-01	1.825617e-02
6.111087e-01	5.837796e-01	5.085349e-02
4.743969e-01	4.564255e-01	6.417117e-02
6.333114e-01	4.482662e-01	1.305662e-01
4.353238e-01	3.537507e-01	1.823264e-02
6.652662e-01	3.250721e-01	9.311808e-02
4.253053e-01	3.185720e-01	-3.689745e-03
6.750969e-01	2.897243e-01	6.776216e-02
4.292299e-01	3.163056e-01	-4.688112e-02
6.746126e-01	2.880380e-01	3.420878e-02
4.337963e-01	3.293638e-01	7.166925e-04
6.673555e-01	3.005514e-01	7.630030e-02
5.287426e-01	2.690008e-01	-1.102460e-03
5.993953e-01	2.773015e-01	1.476363e-03
5.336422e-01	5.220213e-02	-8.508095e-02
6.090178e-01	4.502417e-02	-9.525142e-02
5.415697e-01	3.341541e-02	3.638891e-01
6.025907e-01	3.735418e-02	3.141274e-01
5.459372e-01	5.475980e-02	4.141865e-01
6.041647e-01	1.226312e-02	3.546911e-01
5.480872e-01	5.715297e-03	4.237145e-01
5.929695e-01	2.547095e-03	3.416666e-01
5.577560e-01	7.044805e-01	-6.957476e-02
5.504582e-01	7.232301e-01	-5.023811e-02
5.461783e-01	7.225845e-01	-5.028431e-02
5.416771e-01	7.216897e-01	-5.029721e-02
5.631489e-01	7.236467e-01	-4.818257e-02
5.683401e-01	7.232429e-01	-4.823807e-02
5.727238e-01	7.223828e-01	-4.808605e-02
5.363799e-01	7.083172e-01	4.533508e-02
5.793555e-01	7.098321e-01	5.204569e-02
5.494291e-01	6.792643e-01	-3.592781e-02
5.660710e-01	6.805799e-01	-3.369417e-02
5.077130e-01	5.824469e-01	5.257533e-02
6.111494e-01	5.849953e-01	8.945604e-02
4.695000e-01	4.728601e-01	9.202807e-02
6.365043e-01	4.679630e-01	1.821634e-01
4.250509e-01	3.777766e-01	5.162013e-02
6.719009e-01	3.638770e-01	1.776756e-01
4.106904e-01	3.519960e-01	3.106221e-02
6.839134e-01	3.307807e-01	1.579845e-01
4.142309e-01	3.545871e-01	-1.178640e-02
6.826743e-01	3.288769e-01	1.280065e-01
4.207470e-01	3.621318e-01	3.365822e-02
6.765846e-01	3.380291e-01	1.628133e-01
5.297661e-01	2.703432e-01	1.841024e-04
5.998926e-01	2.783861e-01	2.319089e-04
5.333031e-01	4.970166e-02	-8.839452e-02
6.090559e-01	4.026554e-02	-1.016299e-01
5.415646e-01	6.889043e-02	3.774863e-01
6.023113e-01	5.207269e-02	3.179537e-01
5.456933e-01	8.690676e-02	4.322203e-01
6.064973e-01	1.999434e-02	3.609102e-01
5.491482e-01	3.551165e-02	4.565781e-01
5.964621e-01	1.155379e-02	3.542674e-01
5.577312e-01	7.044711e-01	-8.118865e-02
5.504506e-01	7.232085e-01	-6.279267e-02
5.461646e-01	7.225671e-01	-6.283600e-02
5.416500e-01	7.216526e-01	-6.284610e-02
5.631192e-01	7.236136e-01	-6.157472e-02
5.683006e-01	7.232053e-01	-6.166346e-02
5.727181e-01	7.223085e-01	-6.155160e-02
5.364338e-01	7.082894e-01	3.224158e-02
5.793929e-01	7.097329e-01	3.585596e-02
5.494192e-01	6.792523e-01	-4.720100e-02
5.660475e-01	6.805379e-01	-4.584781e-02
5.078222e-01	5.849952e-01	4.991423e-02
6.114501e-01	5.853232e-01	7.236286e-02
4.644005e-01	4.904734e-01	9.402112e-02
6.441297e-01	4.781192e-01	1.630746e-01
4.195575e-01	4.152860e-01	5.675537e-02
6.849746e-01	3.780732e-01	1.615413e-01
4.018437e-01	3.890705e-01	4.038375e-02
6.990237e-01	3.484653e-01	1.437290e-01
4.037348e-01	3.936772e-01	-3.787780e-05
6.971281e-01	3.468784e-01	1.122685e-01
4.114331e-01	3.997084e-01	3.975310e-02
6.907233e-01	3.550170e-01	1.461582e-01
5.299599e-01	2.707252e-01	1.576166e-03
5.999287e-01	2.781056e-01	-1.155518e-03
5.324878e-01	4.871113e-02	-7.446603e-02
6.093194e-01	3.672329e-02	-1.017835e-01
5.411999e-01	6.964009e-02	3.787536e-01
6.026153e-01	4.691470e-02	2.984177e-01
5.454172e-01	8.692466e-02	4.312240e-01
6.096327e-01	7.084066e-03	3.412455e-01
5.482283e-01	2.764793e-02	4.521940e-01
6.041237e-01	-5.131876e-02	3.238047e-01
5.577136e-01	7.044218e-01	-1.120320e-01
5.504385e-01	7.231230e-01	-9.358544e-02
5.461694e-01	7.224863e-01	-9.362529e-02
5.416375e-01	7.215419e-01	-9.363438e-02
5.631009e-01	7.235636e-01	-9.149418e-02
5.682764e-01	7.231736e-01	-9.160875e-02
5.727174e-01	7.222699e-01	-9.153781e-02
5.364858e-01	7.082761e-01	4.058636e-03
5.794922e-01	7.097257e-01	1.239270e-02
5.494200e-01	6.791959e-01	-7.687156e-02
5.660436e-01	6.804669e-01	-7.425968e-02
5.080488e-01	5.881823e-01	3.814516e-02
6.116806e-01	5.874398e-01	5.232152e-02
4.571989e-01	5.052680e-01	1.393338e-01
6.524655e-01	4.890911e-01	1.414210e-01
4.093595e-01	4.507563e-01	1.684668e-01
6.991794e-01	3.977745e-01	1.302476e-01
3.938419e-01	4.230594e-01	1.690482e-01
7.152382e-01	3.704699e-01	1.132952e-01
3.982373e-01	4.258648e-01	1.262298e-01
7.140267e-01	3.706530e-01	7.828624e-02
4.053903e-01	4.330455e-01	1.528832e-01
7.070581e-01	3.787203e-01	1.131886e-01
5.299832e-01	2.710645e-01	1.848961e-03
5.997618e-01	2.780514e-01	-1.440920e-03
5.304950e-01	4.718503e-02	-5.021197e-02
6.097407e-01	3.384356e-02	-9.879354e-02
5.403304e-01	6.133147e-02	3.811749e-01
6.026527e-01	4.238684e-02	2.851046e-01
5.445169e-01	7.879904e-02	4.316595e-01
6.122818e-01	-6.513362e-03	3.257319e-01
5.470468e-01	2.362816e-02	4.313646e-01
6.088046e-01	-7.134064e-02	2.892382e-01
5.578908e-01	7.044070e-01	-7.652586e-02
5.507623e-01	7.231084e-01	-5.844827e-02
5.465090e-01	7.224641e-01	-5.849043e-02
5.420492e-01	7.215244e-01	-5.850753e-02
5.633844e-01	7.235576e-01	-5.439739e-02
5.686153e-01	7.231658e-01	-5.440469e-02
5.730583e-01	7.222628e-01	-5.431824e-02
5.368897e-01	7.083685e-01	3.639695e-02
5.801283e-01	7.097626e-01	5.478792e-02
5.496408e-01	6.791639e-01	-4.285110e-02
5.663316e-01	6.804355e-01	-3.715623e-02
5.081316e-01	5.915197e-01	4.707652e-02
6.117887e-01	5.903119e-01	1.005236e-01
4.522867e-01	5.211238e-01	3.561405e-03
6.595050e-01	5.000002e-01	1.975968e-01
4.060524e-01	4.796335e-01	-1.406482e-01
7.108305e-01	4.314160e-01	2.048515e-01
3.897672e-01	4.521631e-01	-1.682020e-01
7.301315e-01	4.088446e-01	1.928374e-01
3.961480e-01	4.551925e-01	-1.987343e-01
7.314686e-01	4.105730e-01	1.585222e-01
4.034367e-01	4.623185e-01	-1.572008e-01
7.233215e-01	4.149511e-01	1.882848e-01
5.307463e-01	2.710367e-01	-4.306778e-03
5.997478e-01	2.778696e-01	4.627450e-03
5.283511e-01	4.659247e-02	-7.235211e-02
6.104327e-01	3.418943e-02	-8.778246e-02
5.373448e-01	7.308731e-02	3.573342e-01
6.020161e-01	5.503572e-02	3.026520e-01
5.416137e-01	9.147017e-02	4.056522e-01
6.121109e-01	1.834769e-03	3.437472e-01
5.455317e-01	2.833440e-02	4.054446e-01
6.066321e-01	1.700726e-02	3.290158e-01
5.585200e-01	7.040752e-01	-8.943580e-02
5.518134e-01	7.229141e-01	-7.076739e-02
5.473902e-01	7.222426e-01	-7.083850e-02
5.431542e-01	7.213600e-01	-7.100400e-02
5.643786e-01	7.232342e-01	-8.008440e-02
5.695761e-01	7.227325e-01	-8.021381e-02
5.741047e-01	7.217643e-01	-8.006977e-02
5.377703e-01	7.083787e-01	1.969920e-02
5.812829e-01	7.096081e-01	2.829755e-02
5.503230e-01	6.788635e-01	-5.468628e-02
5.670242e-01	6.799582e-01	-6.438074e-02
5.082055e-01	5.959241e-01	3.307668e-02
6.120383e-01	5.926893e-01	9.166124e-02
4.437807e-01	5.344609e-01	-4.460192e-02
6.656613e-01	5.218343e-01	2.256582e-01
3.947806e-01	5.155707e-01	-1.691145e-01
7.239313e-01	4.693327e-01	2.774194e-01
3.785706e-01	5.013347e-01	-1.890529e-01
7.451773e-01	4.542525e-01	2.806588e-01
3.827545e-01	5.019303e-01	-2.238442e-01
7.481016e-01	4.580977e-01	2.468086e-01
3.905340e-01	5.036534e-01	-1.877113e-01
7.393927e-01	4.592849e-01	2.624055e-01
5.316080e-01	2.712117e-01	-1.704755e-02
5.997921e-01	2.777806e-01	1.719790e-02
5.268610e-01	4.660898e-02	-7.714467e-02
6.107181e-01	3.493049e-02	-5.418359e-02
5.349242e-01	7.116338e-02	3.578533e-01
6.013194e-01	5.263593e-02	3.384781e-01
5.377841e-01	7.760656e-02	4.063986e-01
6.082872e-01	6.341367e-03	3.804306e-01
5.422366e-01	2.730780e-02	4.016473e-01
6.061114e-01	1.703480e-02	3.601633e-01
5.596663e-01	7.038874e-01	-1.561054e-01
5.533725e-01	7.228114e-01	-1.364067e-01
5.487486e-01	7.221348e-01	-1.364518e-01
5.446644e-01	7.212635e-01	-1.364601e-01
5.659149e-01	7.229650e-01	-1.323400e-01
5.708247e-01	7.223525e-01	-1.324157e-01
5.756255e-01	7.212713e-01	-1.324225e-01
5.388292e-01	7.083820e-01	-3.328148e-02
5.823725e-01	7.093202e-01	-7.208572e-03
5.514523e-01	6.786566e-01	-1.193051e-01
5.681488e-01	6.796050e-01	-1.138004e-01
5.088735e-01	6.009650e-01	-9.166865e-03
6.123654e-01	5.954813e-01	7.055013e-02
4.446626e-01	5.518923e-01	-2.196056e-02
6.678627e-01	5.406026e-01	1.990014e-01
3.855148e-01	5.636290e-01	-9.452028e-02
7.240506e-01	5.127437e-01	2.763835e-01
3.655374e-01	5.629531e-01	-1.072874e-01
7.440233e-01	5.110741e-01	2.855642e-01
3.654842e-01	5.709391e-01	-1.501618e-01
7.488986e-01	5.123416e-01	2.551971e-01
3.745873e-01	5.684727e-01	-1.156796e-01
7.392918e-01	5.098264e-01	2.635729e-01
5.316430e-01	2.718689e-01	-1.792556e-02
5.996197e-01	2.780383e-01	1.802359e-02
5.263279e-01	4.814177e-02	-7.771735e-02
6.103680e-01	4.079011e-02	-4.607024e-02
5.344460e-01	7.060439e-02	3.752594e-01
5.978457e-01	5.580049e-02	3.705705e-01
5.372936e-01	7.783546e-02	4.261423e-01
5.999756e-01	2.204198e-02	4.156985e-01
5.411934e-01	2.703940e-02	4.206482e-01
6.039723e-01	2.656548e-02	3.959901e-01
5.607978e-01	7.028561e-01	-1.944825e-01
5.549133e-01	7.219075e-01	-1.735519e-01
5.501680e-01	7.214504e-01	-1.736021e-01
5.461211e-01	7.207123e-01	-1.736107e-01
5.673497e-01	7.212610e-01	-1.673787e-01
5.719555e-01	7.204174e-01	-1.674757e-01
5.769865e-01	7.191563e-01	-1.674916e-01
5.403137e-01	7.083379e-01	-6.053696e-02
5.833392e-01	7.083178e-01	-3.306507e-02
5.525782e-01	6.776903e-01	-1.539352e-01
5.689861e-01	6.780785e-01	-1.463207e-01
5.096056e-01	6.053718e-01	-2.136020e-02
6.126176e-01	5.981197e-01	4.612935e-02
4.417631e-01	5.776883e-01	-2.782997e-02
6.752979e-01	5.538504e-01	1.799369e-01
3.800510e-01	6.141160e-01	-8.936567e-02
7.402851e-01	5.523709e-01	2.350222e-01
3.624946e-01	6.245156e-01	-9.891267e-02
7.647041e-01	5.599730e-01	2.406442e-01
3.620287e-01	6.333317e-01	-1.405775e-01
7.681436e-01	5.661234e-01	2.092783e-01
3.695122e-01	6.278073e-01	-1.098678e-01
7.577031e-01	5.606727e-01	2.210290e-01
5.319937e-01	2.726890e-01	-1.701926e-02
5.995845e-01	2.784314e-01	1.715234e-02
5.255073e-01	4.868286e-02	-6.595778e-02
6.096781e-01	4.248317e-02	-5.152049e-02
5.337955e-01	4.457165e-02	3.604144e-01
5.971607e-01	2.859909e-02	3.598965e-01
5.374783e-01	4.418611e-02	4.046336e-01
5.976548e-01	-2.326858e-02	4.070469e-01
5.413738e-01	-1.030302e-02	3.667270e-01
6.030823e-01	-7.292075e-02	3.285126e-01
5.611029e-01	7.008058e-01	-2.055072e-01
5.554209e-01	7.192808e-01	-1.848226e-01
5.507139e-01	7.192019e-01	-1.848496e-01
5.467950e-01	7.188034e-01	-1.848464e-01
5.675980e-01	7.184721e-01	-1.809860e-01
5.722243e-01	7.179274e-01	-1.810774e-01
5.771747e-01	7.168786e-01	-1.810456e-01
5.412151e-01	7.079909e-01	-7.146456e-02
5.837440e-01	7.072752e-01	-5.602291e-02
5.531655e-01	6.761051e-01	-1.642646e-01
5.690687e-01	6.762426e-01	-1.599852e-01
5.099292e-01	6.081453e-01	-2.442310e-02
6.128331e-01	5.994767e-01	9.811478e-03
4.355482e-01	6.019613e-01	-3.964914e-02
6.843735e-01	5.721599e-01	1.369951e-01
3.766094e-01	6.615661e-01	-1.157533e-01
7.435185e-01	5.949919e-01	1.982633e-01
3.594250e-01	6.794252e-01	-1.260595e-01
7.650602e-01	6.081740e-01	1.953057e-01
3.605293e-01	6.909062e-01	-1.584905e-01
7.657729e-01	6.151125e-01	1.671907e-01
3.676299e-01	6.824488e-01	-1.334943e-01
7.570650e-01	6.095570e-01	1.824166e-01
5.319524e-01	2.743878e-01	-1.505045e-02
5.989825e-01	2.794975e-01	1.512511e-02
5.244524e-01	4.870195e-02	-6.623155e-02
6.089826e-01	4.340778e-02	-5.896189e-02
5.354294e-01	5.259494e-02	3.793824e-01
5.947966e-01	4.715785e-02	3.544820e-01
5.391867e-01	5.006082e-02	4.267227e-01
5.892625e-01	4.444822e-02	4.002331e-01
5.429326e-01	-9.367143e-04	3.948673e-01
5.959214e-01	-6.595406e-03	3.546404e-01
5.614372e-01	7.004614e-01	-2.169443e-01
5.558665e-01	7.187797e-01	-1.956831e-01
5.511864e-01	7.187433e-01	-1.956962e-01
5.473500e-01	7.184015e-01	-1.956876e-01
5.678615e-01	7.178901e-01	-1.909648e-01
5.724905e-01	7.173528e-01	-1.910736e-01
5.773701e-01	7.162835e-01	-1.910471e-01
5.419444e-01	7.079011e-01	-8.101282e-02
5.840425e-01	7.068720e-01	-6.244684e-02
5.537604e-01	6.758225e-01	-1.754820e-01
5.692434e-01	6.759483e-01	-1.702573e-01
5.104738e-01	6.107378e-01	-3.408269e-02
6.129984e-01	6.025513e-01	1.694249e-03
4.352852e-01	6.205954e-01	-6.468329e-02
6.870362e-01	5.939126e-01	1.281476e-01
3.787589e-01	7.012572e-01	-1.447435e-01
7.417639e-01	6.328742e-01	1.864002e-01
3.631144e-01	7.233257e-01	-1.574253e-01
7.632195e-01	6.458445e-01	1.884913e-01
3.634259e-01	7.343829e-01	-1.856829e-01
7.635450e-01	6.531497e-01	1.646540e-01
3.710518e-01	7.261575e-01	-1.614409e-01
7.548478e-01	6.467226e-01	1.732677e-01
5.323077e-01	2.753745e-01	-1.368942e-02
5.989848e-01	2.795837e-01	1.372506e-02
5.225040e-01	4.818610e-02	-6.712646e-02
6.089488e-01	4.321621e-02	-6.069853e-02
5.363356e-01	6.089292e-02	3.948489e-01
5.950791e-01	4.871035e-02	3.554681e-01
5.400998e-01	7.100614e-02	4.450875e-01
5.910672e-01	6.219913e-02	4.014580e-01
5.436147e-01	7.939789e-03	4.293758e-01
5.965836e-01	1.352039e-02	3.646484e-01
5.614900e-01	6.998163e-01	-2.147288e-01
5.558328e-01	7.180531e-01	-1.924273e-01
5.512040e-01	7.180831e-01	-1.924557e-01
5.473999e-01	7.177174e-01	-1.924644e-01
5.678183e-01	7.170876e-01	-1.906104e-01
5.725182e-01	7.166306e-01	-1.907147e-01
5.773414e-01	7.155956e-01	-1.906734e-01
5.421387e-01	7.075186e-01	-7.539911e-02
5.842445e-01	7.064051e-01	-6.834925e-02
5.538378e-01	6.752410e-01	-1.715377e-01
5.692372e-01	6.754083e-01	-1.698928e-01
5.111309e-01	6.111877e-01	-2.635624e-02
6.132575e-01	6.046336e-01	-2.685046e-02
4.350573e-01	6.413041e-01	-3.773915e-02
6.893731e-01	6.170771e-01	1.381230e-02
3.855925e-01	7.437666e-01	-1.250181e-01
7.437968e-01	6.728027e-01	-1.915298e-02
3.711628e-01	7.732401e-01	-1.274333e-01
7.631117e-01	6.957427e-01	-3.085771e-02
3.731748e-01	7.816463e-01	-1.251977e-01
7.629594e-01	7.055247e-01	-5.349954e-02
3.805116e-01	7.702098e-01	-1.238862e-01
7.550345e-01	6.959271e-01	-3.288712e-02
5.324018e-01	2.756589e-01	-1.086767e-03
5.989980e-01	2.795508e-01	1.227750e-03
5.216977e-01	4.811543e-02	-6.597953e-02
6.088017e-01	4.297737e-02	-6.771242e-02
5.369905e-01	7.719284e-02	4.061342e-01
5.956466e-01	5.500579e-02	3.504700e-01
5.406536e-01	9.283314e-02	4.579119e-01
5.976638e-01	5.627790e-02	3.962220e-01
5.441726e-01	2.318535e-02	4.580816e-01
5.974917e-01	1.710265e-02	3.685246e-01
5.616285e-01	6.983517e-01	-2.130769e-01
5.560802e-01	7.171957e-01	-1.899276e-01
5.515424e-01	7.174024e-01	-1.899559e-01
5.477744e-01	7.171715e-01	-1.899846e-01
5.678321e-01	7.159946e-01	-1.871389e-01
5.725195e-01	7.154629e-01	-1.872581e-01
5.773061e-01	7.144557e-01	-1.872700e-01
5.425621e-01	7.073233e-01	-7.260615e-02
5.844456e-01	7.052345e-01	-6.039378e-02
5.540594e-01	6.745012e-01	-1.700477e-01
5.692165e-01	6.743485e-01	-1.668550e-01
5.116553e-01	6.120122e-01	-2.590211e-02
6.135899e-01	6.068436e-01	-2.280886e-02
4.355105e-01	6.660415e-01	-5.704909e-02
6.931607e-01	6.403700e-01	6.843794e-03
3.899464e-01	7.830967e-01	-1.300985e-01
7.477566e-01	7.236838e-01	-3.369480e-02
3.754830e-01	8.234829e-01	-1.473304e-01
7.637916e-01	7.470506e-01	-5.016890e-02
3.776124e-01	8.302295e-01	-1.621831e-01
7.641230e-01	7.560792e-01	-6.848140e-02
3.848386e-01	8.206353e-01	-1.426321e-01
7.578385e-01	7.477422e-01	-4.683141e-02
5.325616e-01	2.756156e-01	9.840846e-04
5.990006e-01	2.790671e-01	-7.750377e-04
5.206221e-01	4.809159e-02	-7.612401e-02
6.087558e-01	4.245639e-02	-8.621844e-02
5.374144e-01	8.415937e-02	4.060208e-01
5.956447e-01	5.906741e-02	3.411326e-01
5.411083e-01	1.005842e-01	4.594406e-01
5.958911e-01	7.507923e-02	3.886606e-01
5.441896e-01	2.895163e-02	4.599172e-01
5.976959e-01	1.766056e-02	3.553649e-01
5.620363e-01	6.975940e-01	-2.124128e-01
5.564577e-01	7.169669e-01	-1.863004e-01
5.519532e-01	7.171327e-01	-1.863450e-01
5.480871e-01	7.169061e-01	-1.863959e-01
5.680285e-01	7.156705e-01	-1.841712e-01
5.726282e-01	7.149919e-01	-1.842744e-01
5.773515e-01	7.138824e-01	-1.842846e-01
5.427697e-01	7.067194e-01	-6.579109e-02
5.846094e-01	7.041470e-01	-5.330087e-02
5.542754e-01	6.741567e-01	-1.676028e-01
5.692335e-01	6.739454e-01	-1.650908e-01
5.126184e-01	6.119313e-01	-2.357844e-02
6.144816e-01	6.079206e-01	-1.876381e-02
4.373831e-01	6.853056e-01	-4.361340e-02
6.951162e-01	6.606697e-01	-1.122337e-02
3.912992e-01	8.114665e-01	-1.118612e-01
7.415620e-01	7.655921e-01	-7.528998e-02
3.792404e-01	8.538151e-01	-1.315638e-01
7.565839e-01	7.952538e-01	-9.994095e-02
3.838876e-01	8.618975e-01	-1.530961e-01
7.559631e-01	8.089465e-01	-1.148192e-01
3.880096e-01	8.468007e-01	-1.271997e-01
7.492524e-01	7.978958e-01	-8.834668e-02
5.325488e-01	2.785114e-01	3.512870e-03
5.990451e-01	2.795288e-01	-3.265463e-03
5.198582e-01	5.064585e-02	-9.125363e-02
6.087539e-01	4.249555e-02	-9.929711e-02
5.376298e-01	1.059282e-01	4.125525e-01
5.951958e-01	8.115694e-02	3.465485e-01
5.411724e-01	1.233796e-01	4.691719e-01
5.948883e-01	9.105825e-02	3.969719e-01
5.466080e-01	5.012403e-02	4.808571e-01
5.949237e-01	3.847703e-02	3.774112e-01
5.630714e-01	6.955252e-01	-2.245810e-01
5.574076e-01	7.161897e-01	-1.955153e-01
5.528032e-01	7.164891e-01	-1.955911e-01
5.488521e-01	7.164106e-01	-1.956686e-01
5.687611e-01	7.144924e-01	-1.922402e-01
5.732244e-01	7.137527e-01	-1.923494e-01
5.777575e-01	7.125973e-01	-1.923479e-01
5.429127e-01	7.061003e-01	-6.483796e-02
5.849437e-01	7.028253e-01	-4.963779e-02
5.547339e-01	6.733832e-01	-1.772376e-01
5.693895e-01	6.727831e-01	-1.728938e-01
5.133401e-01	6.119264e-01	-2.329497e-02
6.149451e-01	6.095614e-01	-1.377259e-02
4.389521e-01	6.986778e-01	-4.142829e-02
6.946275e-01	6.780622e-01	-1.265855e-02
4.010614e-01	8.349597e-01	-1.049139e-01
7.371895e-01	8.054532e-01	-8.871709e-02
3.923283e-01	8.779727e-01	-1.280752e-01
7.524536e-01	8.393077e-01	-1.198342e-01
3.977799e-01	8.857669e-01	-1.507142e-01
7.549726e-01	8.519470e-01	-1.352762e-01
4.019073e-01	8.698887e-01	-1.208977e-01
7.476942e-01	8.399163e-01	-1.032350e-01
5.325797e-01	2.792591e-01	2.785278e-03
5.996015e-01	2.796215e-01	-2.532642e-03
5.191048e-01	5.256718e-02	-9.325332e-02
6.087552e-01	4.282582e-02	-9.446461e-02
5.386248e-01	1.039752e-01	4.168471e-01
5.967173e-01	7.562757e-02	3.494478e-01
5.441385e-01	1.196777e-01	4.735016e-01
6.011652e-01	6.004380e-02	3.989930e-01
5.487117e-01	4.700930e-02	4.749500e-01
5.950612e-01	2.981327e-02	3.717249e-01
5.630738e-01	6.921772e-01	-2.204055e-01
5.573052e-01	7.126431e-01	-1.921615e-01
5.527209e-01	7.131426e-01	-1.922505e-01
5.487486e-01	7.132729e-01	-1.923274e-01
5.687124e-01	7.109129e-01	-1.883432e-01
5.731951e-01	7.102904e-01	-1.884641e-01
5.777295e-01	7.094514e-01	-1.884570e-01
5.427600e-01	7.040567e-01	-6.263217e-02
5.849269e-01	6.997314e-01	-4.702438e-02
5.547042e-01	6.698648e-01	-1.728473e-01
5.693803e-01	6.681532e-01	-1.678088e-01
5.137247e-01	6.126314e-01	-2.208160e-02
6.149314e-01	6.099771e-01	-7.548372e-03
4.392897e-01	7.168742e-01	-4.073806e-02
6.915137e-01	6.892570e-01	9.652390e-03
4.105690e-01	8.543882e-01	-1.007231e-01
7.346939e-01	8.258025e-01	-5.640719e-02
4.024574e-01	8.988736e-01	-1.257704e-01
7.423993e-01	8.641635e-01	-8.876882e-02
4.083661e-01	9.045647e-01	-1.475119e-01
7.373215e-01	8.749787e-01	-1.021086e-01
4.134217e-01	8.883045e-01	-1.170358e-01
7.314814e-01	8.621386e-01	-7.039788e-02
5.325927e-01	2.821281e-01	2.149460e-03
6.000648e-01	2.821631e-01	-1.834834e-03
5.192788e-01	5.681201e-02	-9.172221e-02
6.087748e-01	4.432843e-02	-8.768042e-02
5.381670e-01	1.009923e-01	4.121158e-01
5.988473e-01	5.732729e-02	3.491748e-01
5.431815e-01	1.054105e-01	4.665646e-01
6.041783e-01	-9.604550e-06	3.961295e-01
5.417258e-01	4.371135e-02	4.675585e-01
5.951142e-01	-7.052144e-02	3.356540e-01
5.630354e-01	6.924325e-01	-2.147528e-01
5.572681e-01	7.128493e-01	-1.864331e-01
5.526626e-01	7.132977e-01	-1.865130e-01
5.484691e-01	7.133847e-01	-1.865818e-01
5.686743e-01	7.111979e-01	-1.831007e-01
5.731836e-01	7.105725e-01	-1.832222e-01
5.777089e-01	7.097045e-01	-1.832094e-01
5.424968e-01	7.040850e-01	-5.406353e-02
5.849141e-01	6.995640e-01	-4.181969e-02
5.545999e-01	6.699759e-01	-1.679126e-01
5.693129e-01	6.684465e-01	-1.638542e-01
5.139572e-01	6.136592e-01	-2.158092e-02
6.149214e-01	6.096603e-01	-7.242730e-03
4.466010e-01	7.340991e-01	-4.868376e-02
6.888962e-01	7.044042e-01	-1.218583e-02
4.196665e-01	8.789520e-01	-1.028288e-01
7.221366e-01	8.537842e-01	-8.495905e-02
4.102016e-01	9.187955e-01	-1.330528e-01
7.303811e-01	8.933575e-01	-1.221709e-01
4.169880e-01	9.256259e-01	-1.507696e-01
7.221167e-01	9.057559e-01	-1.326523e-01
4.227690e-01	9.104456e-01	-1.183439e-01
7.157295e-01	8.930557e-01	-9.877024e-02
5.322991e-01	2.833816e-01	1.543190e-03
6.000772e-01	2.824214e-01	-1.246651e-03
5.193816e-01	6.036277e-02	-9.926571e-02
6.090534e-01	4.568948e-02	-8.938701e-02
5.361872e-01	9.788921e-02	4.112954e-01
5.987564e-01	5.752226e-02	3.655578e-01
5.393730e-01	1.032808e-01	4.665768e-01
6.030224e-01	9.769389e-03	4.153532e-01
5.374517e-01	4.114089e-02	4.607299e-01
5.913349e-01	-1.030609e-02	3.707009e-01
5.630137e-01	6.926953e-01	-2.376172e-01
5.572028e-01	7.129238e-01	-2.088683e-01
5.526012e-01	7.133289e-01	-2.089682e-01
5.484302e-01	7.134801e-01	-2.090508e-01
5.686535e-01	7.113696e-01	-2.049558e-01
5.731634e-01	7.107874e-01	-2.051406e-01
5.776817e-01	7.099134e-01	-2.051566e-01
5.424448e-01	7.043339e-01	-7.829099e-02
5.846987e-01	6.996308e-01	-5.874695e-02
5.543324e-01	6.703719e-01	-1.911136e-01
5.691320e-01	6.684995e-01	-1.859334e-01
5.139056e-01	6.153377e-01	-5.577553e-02
6.149035e-01	6.106149e-01	-2.466848e-02
4.545454e-01	7.486994e-01	-9.168222e-02
6.885853e-01	7.178405e-01	-3.838552e-02
4.294605e-01	8.975424e-01	-1.413945e-01
7.093390e-01	8.738006e-01	-1.153361e-01
4.198771e-01	9.347491e-01	-1.752880e-01
7.182124e-01	9.139284e-01	-1.544105e-01
4.259238e-01	9.414339e-01	-1.890257e-01
7.092924e-01	9.257098e-01	-1.631242e-01
4.320610e-01	9.270566e-01	-1.553068e-01
7.029743e-01	9.129726e-01	-1.291121e-01
5.319854e-01	2.851723e-01	-1.983579e-04
6.001627e-01	2.843479e-01	5.340817e-04
5.195154e-01	6.160570e-02	-1.117165e-01
6.094949e-01	4.867725e-02	-9.868727e-02
5.369250e-01	7.606672e-02	4.088765e-01
6.034315e-01	2.343902e-02	3.053950e-01
5.411555e-01	8.872635e-02	4.630602e-01
6.097254e-01	-3.986846e-02	3.477555e-01
5.382614e-01	9.063314e-03	4.428262e-01
5.917068e-01	-1.239907e-01	2.774466e-01
5.632295e-01	6.928524e-01	-2.643675e-01
5.572680e-01	7.129378e-01	-2.364958e-01
5.526427e-01	7.132397e-01	-2.366228e-01
5.484062e-01	7.133486e-01	-2.367084e-01
5.689906e-01	7.114908e-01	-2.312183e-01
5.734910e-01	7.108937e-01	-2.314271e-01
5.780275e-01	7.099949e-01	-2.314168e-01
5.424806e-01	7.041016e-01	-1.055989e-01
5.850067e-01	6.997337e-01	-7.941549e-02
5.543681e-01	6.704645e-01	-2.170196e-01
5.693231e-01	6.687305e-01	-2.102381e-01
5.141276e-01	6.151126e-01	-8.378857e-02
6.150174e-01	6.106819e-01	-4.232393e-02
4.629604e-01	7.452033e-01	-1.262295e-01
6.832234e-01	7.268460e-01	-5.010509e-02
4.405836e-01	9.015106e-01	-1.858520e-01
6.971017e-01	8.878816e-01	-1.208856e-01
4.299639e-01	9.414340e-01	-2.234378e-01
7.055626e-01	9.304268e-01	-1.609636e-01
4.360524e-01	9.466596e-01	-2.373136e-01
6.960487e-01	9.367275e-01	-1.690913e-01
4.424908e-01	9.329886e-01	-1.998047e-01
6.895518e-01	9.203942e-01	-1.345949e-01
5.317960e-01	2.850876e-01	-2.724341e-03
6.007478e-01	2.836905e-01	3.054360e-03
5.196128e-01	6.221906e-02	-1.143493e-01
6.094790e-01	5.008842e-02	-8.695333e-02
5.347082e-01	6.598394e-02	4.014550e-01
6.023787e-01	2.734176e-02	3.569953e-01
5.388018e-01	6.871622e-02	4.555253e-01
6.035525e-01	1.146321e-02	4.035196e-01
5.368566e-01	-5.198815e-03	4.113545e-01
5.843109e-01	-1.110511e-01	3.140013e-01
5.632171e-01	6.935387e-01	-2.591697e-01
5.572245e-01	7.130098e-01	-2.332806e-01
5.526053e-01	7.132801e-01	-2.333948e-01
5.483599e-01	7.133898e-01	-2.334706e-01
5.689718e-01	7.116830e-01	-2.274877e-01
5.734793e-01	7.111202e-01	-2.276925e-01
5.780035e-01	7.103569e-01	-2.276773e-01
5.427560e-01	7.041078e-01	-1.093107e-01
5.849926e-01	6.999735e-01	-8.087878e-02
5.543038e-01	6.709455e-01	-2.139526e-01
5.692796e-01	6.694195e-01	-2.065763e-01
5.143327e-01	6.149124e-01	-9.545108e-02
6.147774e-01	6.104612e-01	-3.975460e-02
4.684616e-01	7.492229e-01	-1.456723e-01
6.753445e-01	7.292765e-01	-3.844482e-02
4.467229e-01	9.063665e-01	-2.072455e-01
6.883600e-01	8.902192e-01	-1.036204e-01
4.381359e-01	9.439195e-01	-2.459864e-01
6.959046e-01	9.335114e-01	-1.409630e-01
4.449920e-01	9.472507e-01	-2.583018e-01
6.862942e-01	9.399371e-01	-1.494979e-01
4.506180e-01	9.355358e-01	-2.204524e-01
6.800196e-01	9.227859e-01	-1.170916e-01
5.316629e-01	2.844692e-01	-1.000283e-02
6.011294e-01	2.826388e-01	1.030790e-02
5.197973e-01	6.195674e-02	-1.110562e-01
6.094477e-01	5.188325e-02	-7.086261e-02
5.340843e-01	6.084641e-02	3.976774e-01
6.016657e-01	2.996735e-02	3.795809e-01
5.379434e-01	6.187776e-02	4.508761e-01
6.003031e-01	3.032025e-02	4.267458e-01
5.368122e-01	-1.144629e-02	4.050072e-01
5.821260e-01	-1.095149e-01	3.534565e-01
5.631465e-01	6.936582e-01	-2.592896e-01
5.571964e-01	7.130663e-01	-2.358968e-01
5.525777e-01	7.132361e-01	-2.359955e-01
5.483273e-01	7.132139e-01	-2.360547e-01
5.689637e-01	7.118121e-01	-2.292577e-01
5.733769e-01	7.112283e-01	-2.294578e-01
5.778087e-01	7.104224e-01	-2.294500e-01
5.427967e-01	7.020275e-01	-1.221170e-01
5.847554e-01	6.999468e-01	-8.931638e-02
5.541984e-01	6.710058e-01	-2.175048e-01
5.691056e-01	6.695653e-01	-2.088972e-01
5.143088e-01	6.143886e-01	-1.106454e-01
6.138080e-01	6.093651e-01	-5.384864e-02
4.743735e-01	7.432768e-01	-1.633282e-01
6.673204e-01	7.282889e-01	-5.430730e-02
4.523396e-01	8.980608e-01	-2.210559e-01
6.811252e-01	8.940771e-01	-1.092095e-01
4.459487e-01	9.345970e-01	-2.574850e-01
6.873143e-01	9.354553e-01	-1.465490e-01
4.539796e-01	9.388540e-01	-2.687433e-01
6.770931e-01	9.410898e-01	-1.511230e-01
4.590208e-01	9.255176e-01	-2.333333e-01
6.714252e-01	9.249143e-01	-1.212640e-01
5.316623e-01	2.816419e-01	-1.022452e-02
6.020378e-01	2.799170e-01	1.049816e-02
5.198520e-01	6.029248e-02	-1.079582e-01
6.093345e-01	5.175563e-02	-8.075363e-02
5.343675e-01	5.948827e-02	3.979888e-01
6.013527e-01	3.235802e-02	3.568768e-01
5.393417e-01	6.064920e-02	4.514086e-01
5.992866e-01	3.694609e-02	4.035177e-01
5.371004e-01	-1.315504e-02	4.116105e-01
5.819733e-01	-1.179761e-01	3.406955e-01
5.630046e-01	6.935559e-01	-2.589542e-01
5.570236e-01	7.129426e-01	-2.317700e-01
5.524158e-01	7.129454e-01	-2.318638e-01
5.480869e-01	7.126967e-01	-2.319309e-01
5.689092e-01	7.119148e-01	-2.275408e-01
5.732293e-01	7.113324e-01	-2.276673e-01
5.775896e-01	7.105181e-01	-2.276221e-01
5.426491e-01	6.995547e-01	-1.065747e-01
5.845010e-01	6.999165e-01	-7.978969e-02
5.539767e-01	6.706491e-01	-2.086950e-01
5.689631e-01	6.695060e-01	-2.021879e-01
5.146940e-01	6.117187e-01	-9.802762e-02
6.127568e-01	6.079798e-01	-4.727641e-02
4.798861e-01	7.336621e-01	-1.586030e-01
6.601414e-01	7.231707e-01	-4.901219e-02
4.586585e-01	8.889873e-01	-2.234358e-01
6.758642e-01	8.885971e-01	-9.275798e-02
4.523452e-01	9.283184e-01	-2.601548e-01
6.805282e-01	9.287802e-01	-1.290106e-01
4.593048e-01	9.350111e-01	-2.708671e-01
6.703559e-01	9.376393e-01	-1.319716e-01
4.643742e-01	9.208651e-01	-2.357073e-01
6.656309e-01	9.223750e-01	-1.038032e-01
5.317961e-01	2.786779e-01	-9.908014e-03
6.031272e-01	2.766058e-01	1.017726e-02
5.199097e-01	6.017488e-02	-1.063175e-01
6.093503e-01	5.176632e-02	-8.739407e-02
5.346088e-01	6.528232e-02	3.989541e-01
6.009643e-01	4.911261e-02	3.719526e-01
5.394041e-01	8.073147e-02	4.528247e-01
5.978972e-01	7.160007e-02	4.231484e-01
5.374247e-01	-1.074491e-02	4.247622e-01
5.855201e-01	-9.910290e-04	3.898668e-01
5.629787e-01	6.936194e-01	-2.041576e-01
5.569915e-01	7.129526e-01	-1.793456e-01
5.523942e-01	7.128603e-01	-1.794251e-01
5.480711e-01	7.124726e-01	-1.794579e-01
5.689030e-01	7.119793e-01	-1.729270e-01
5.732125e-01	7.113810e-01	-1.730989e-01
5.775722e-01	7.105463e-01	-1.730728e-01
5.425791e-01	6.977946e-01	-7.076810e-02
5.844249e-01	6.998801e-01	-3.898750e-02
5.539637e-01	6.704296e-01	-1.649701e-01
5.689561e-01	6.695265e-01	-1.565494e-01
5.148063e-01	6.066382e-01	-8.737332e-02
6.116768e-01	6.067513e-01	-2.198787e-02
4.821919e-01	7.283663e-01	-1.435347e-01
6.536737e-01	7.217380e-01	-3.331094e-02
4.649487e-01	8.775052e-01	-2.056775e-01
6.650885e-01	8.841778e-01	-9.201546e-02
4.577786e-01	9.199798e-01	-2.439385e-01
6.716478e-01	9.272847e-01	-1.121838e-01
4.648311e-01	9.283381e-01	-2.537603e-01
6.610667e-01	9.343234e-01	-1.221800e-01
4.698991e-01	9.136347e-01	-2.177294e-01
6.561642e-01	9.180042e-01	-9.581625e-02
5.320717e-01	2.770506e-01	-1.056529e-02
6.039516e-01	2.757188e-01	1.081840e-02
5.211965e-01	6.002213e-02	-1.054984e-01
6.094487e-01	5.259711e-02	-8.436942e-02
5.362605e-01	6.551439e-02	3.988544e-01
6.008991e-01	5.201425e-02	3.784985e-01
5.407785e-01	7.892290e-02	4.525528e-01
5.974655e-01	6.530380e-02	4.285115e-01
5.382041e-01	-8.086207e-03	4.242856e-01
5.883292e-01	1.213457e-02	3.887248e-01
5.629576e-01	6.936750e-01	-1.818077e-01
5.569717e-01	7.129880e-01	-1.577599e-01
5.523762e-01	7.128675e-01	-1.578382e-01
5.480424e-01	7.124443e-01	-1.578717e-01
5.689234e-01	7.120165e-01	-1.510431e-01
5.732063e-01	7.114119e-01	-1.512066e-01
5.775579e-01	7.105697e-01	-1.511809e-01
5.425168e-01	6.972979e-01	-5.225762e-02
5.843776e-01	6.997259e-01	-1.965191e-02
5.539504e-01	6.704560e-01	-1.445756e-01
5.689510e-01	6.695836e-01	-1.357093e-01
5.148657e-01	6.044900e-01	-8.547528e-02
6.111941e-01	6.058525e-01	-7.056435e-03
4.836529e-01	7.255149e-01	-1.711082e-01
6.489952e-01	7.192413e-01	-1.885123e-02
4.705865e-01	8.679747e-01	-2.705272e-01
6.609350e-01	8.788523e-01	-3.617181e-02
4.626073e-01	9.120592e-01	-3.150106e-01
6.654940e-01	9.202951e-01	-6.832014e-02
4.685975e-01	9.206243e-01	-3.220515e-01
6.564773e-01	9.288481e-01	-7.097767e-02
4.735061e-01	9.042795e-01	-2.824188e-01
6.517568e-01	9.120851e-01	-4.503803e-02
5.322590e-01	2.758132e-01	-1.112960e-02
6.044737e-01	2.749809e-01	1.137298e-02
5.226154e-01	6.021213e-02	-1.043926e-01
6.097819e-01	5.327915e-02	-7.907733e-02
5.377685e-01	6.610399e-02	4.028450e-01
6.007847e-01	5.382480e-02	3.805164e-01
5.420607e-01	7.802072e-02	4.567086e-01
5.974665e-01	6.298766e-02	4.298398e-01
5.417653e-01	-7.206619e-03	4.263236e-01
5.906201e-01	1.541454e-02	3.871089e-01
5.628742e-01	6.936981e-01	-1.572655e-01
5.569539e-01	7.130175e-01	-1.317232e-01
5.523597e-01	7.128856e-01	-1.318189e-01
5.480228e-01	7.124516e-01	-1.318677e-01
5.689170e-01	7.120516e-01	-1.253849e-01
5.731806e-01	7.114454e-01	-1.255594e-01
5.774924e-01	7.105917e-01	-1.255021e-01
5.425028e-01	6.970242e-01	-2.362497e-02
5.842732e-01	6.995314e-01	7.179962e-03
5.539226e-01	6.704441e-01	-1.198805e-01
5.689026e-01	6.695955e-01	-1.114769e-01
5.150010e-01	6.017693e-01	-5.650140e-02
6.106340e-01	6.038048e-01	1.305705e-02
4.864472e-01	7.237272e-01	-1.747510e-01
6.441542e-01	7.143328e-01	-8.246171e-03
4.751013e-01	8.612486e-01	-2.866134e-01
6.529364e-01	8.687217e-01	-2.433715e-02
4.680808e-01	9.046334e-01	-3.343989e-01
6.569945e-01	9.107262e-01	-5.977681e-02
4.728619e-01	9.133663e-01	-3.402269e-01
6.496099e-01	9.194677e-01	-6.158566e-02
4.777339e-01	8.966390e-01	-2.984641e-01
6.448066e-01	9.019898e-01	-3.415083e-02
5.326452e-01	2.742106e-01	-1.192144e-02
6.048151e-01	2.748176e-01	1.216931e-02
5.230633e-01	6.013014e-02	-9.754890e-02
6.104323e-01	5.351204e-02	-6.539912e-02
5.392181e-01	6.080902e-02	4.021021e-01
6.011189e-01	5.382293e-02	3.861545e-01
5.432855e-01	7.717349e-02	4.550151e-01
6.025047e-01	6.928869e-03	4.346207e-01
5.445301e-01	-1.143755e-02	4.207471e-01
5.901346e-01	-5.882457e-02	3.890977e-01
5.626066e-01	6.924204e-01	-1.495350e-01
5.569054e-01	7.120337e-01	-1.231986e-01
5.523526e-01	7.117810e-01	-1.232869e-01
5.480064e-01	7.112061e-01	-1.233321e-01
5.688003e-01	7.112756e-01	-1.172705e-01
5.730326e-01	7.105992e-01	-1.174519e-01
5.773214e-01	7.096850e-01	-1.173939e-01
5.424803e-01	6.946594e-01	-1.440160e-02
5.842260e-01	6.970829e-01	1.421130e-02
5.538331e-01	6.681289e-01	-1.123079e-01
5.687485e-01	6.675193e-01	-1.045006e-01
5.151219e-01	5.962752e-01	-4.332932e-02
6.099637e-01	5.989664e-01	1.615038e-02
4.873865e-01	7.230273e-01	-1.559670e-01
6.401347e-01	7.127088e-01	-8.190637e-03
4.777091e-01	8.574441e-01	-2.486159e-01
6.460642e-01	8.617471e-01	-2.941476e-02
4.720641e-01	8.990319e-01	-2.859032e-01
6.496179e-01	8.991056e-01	-6.398736e-02
4.761676e-01	9.072958e-01	-3.035068e-01
6.434029e-01	9.076040e-01	-6.799234e-02
4.809950e-01	8.914637e-01	-2.642714e-01
6.385399e-01	8.914278e-01	-4.003092e-02
5.328544e-01	2.687382e-01	-1.219599e-02
6.049061e-01	2.713975e-01	1.243192e-02
5.235490e-01	5.810782e-02	-9.391599e-02
6.110409e-01	5.126537e-02	-6.073161e-02
5.410636e-01	5.944143e-02	3.990932e-01
6.012933e-01	5.456463e-02	3.865025e-01
5.449669e-01	7.707847e-02	4.508692e-01
6.024636e-01	3.812630e-02	4.347911e-01
5.468923e-01	-1.230404e-02	4.193873e-01
5.898204e-01	-7.168444e-02	3.942551e-01
5.625945e-01	6.917457e-01	-1.637077e-01
5.568950e-01	7.114341e-01	-1.378737e-01
5.523421e-01	7.111738e-01	-1.379651e-01
5.479936e-01	7.105893e-01	-1.380255e-01
5.687882e-01	7.106348e-01	-1.310724e-01
5.730143e-01	7.098253e-01	-1.312558e-01
5.773064e-01	7.087203e-01	-1.312250e-01
5.423008e-01	6.933880e-01	-2.914405e-02
5.840490e-01	6.945148e-01	3.193238e-03
5.538154e-01	6.667243e-01	-1.263581e-01
5.687426e-01	6.658977e-01	-1.175698e-01
5.150275e-01	5.916801e-01	-4.456446e-02
6.087725e-01	5.934198e-01	1.097209e-02
4.874570e-01	7.215213e-01	-1.550302e-01
6.384583e-01	7.058585e-01	-8.075371e-03
4.800597e-01	8.551943e-01	-2.447685e-01
6.424367e-01	8.467479e-01	-3.200043e-02
4.757087e-01	8.972070e-01	-2.837394e-01
6.451861e-01	8.911301e-01	-6.593503e-02
4.792329e-01	9.049161e-01	-2.794299e-01
6.397087e-01	8.992344e-01	-7.113215e-02
4.843954e-01	8.895097e-01	-2.498551e-01
6.353065e-01	8.840571e-01	-4.306198e-02
5.330681e-01	2.643784e-01	-1.334106e-02
6.049722e-01	2.688300e-01	1.355810e-02
5.237126e-01	5.431505e-02	-9.473053e-02
6.112801e-01	4.860082e-02	-6.382193e-02
5.424516e-01	6.726168e-02	3.909374e-01
6.013343e-01	5.611422e-02	3.835936e-01
5.462042e-01	7.741104e-02	4.423810e-01
6.024184e-01	5.297184e-02	4.322022e-01
5.486326e-01	-4.598097e-03	4.160866e-01
5.927543e-01	-2.818931e-04	3.977950e-01
5.627987e-01	6.916997e-01	-1.436437e-01
5.572337e-01	7.109084e-01	-1.192598e-01
5.527159e-01	7.108092e-01	-1.193288e-01
5.484667e-01	7.103885e-01	-1.193839e-01
5.689422e-01	7.097597e-01	-1.088112e-01
5.731062e-01	7.088056e-01	-1.089619e-01
5.773763e-01	7.075781e-01	-1.089376e-01
5.423712e-01	6.935201e-01	-1.967987e-02
5.837532e-01	6.931502e-01	3.056179e-02
5.539230e-01	6.667942e-01	-1.103903e-01
5.688257e-01	6.658439e-01	-9.617045e-02
5.148922e-01	5.877790e-01	-4.643422e-02
6.078624e-01	5.917799e-01	2.933474e-02
4.895814e-01	7.193968e-01	-1.827547e-01
6.391854e-01	6.958544e-01	2.331449e-02
4.869753e-01	8.252164e-01	-2.709113e-01
6.412069e-01	8.204514e-01	1.629447e-02
4.857373e-01	8.546070e-01	-3.121135e-01
6.423980e-01	8.606446e-01	-1.396401e-02
4.874180e-01	8.581077e-01	-3.124151e-01
6.384294e-01	8.680871e-01	-1.901465e-02
4.924895e-01	8.419057e-01	-2.794295e-01
6.348933e-01	8.543682e-01	5.637405e-03
5.334209e-01	2.625783e-01	-1.668914e-02
6.050501e-01	2.680893e-01	1.686977e-02
5.238336e-01	5.207285e-02	-1.013410e-01
6.114634e-01	4.734284e-02	-6.217347e-02
5.431592e-01	7.105880e-02	3.874140e-01
6.014689e-01	6.710733e-02	3.930108e-01
5.467432e-01	8.714887e-02	4.403235e-01
6.022298e-01	7.211484e-02	4.439352e-01
5.494792e-01	1.470386e-02	4.182733e-01
5.940060e-01	2.990690e-02	4.287626e-01
5.629628e-01	6.920384e-01	-1.324573e-01
5.573210e-01	7.109923e-01	-1.095057e-01
5.528124e-01	7.109923e-01	-1.095530e-01
5.486016e-01	7.108468e-01	-1.095778e-01
5.690919e-01	7.097268e-01	-9.689067e-02
5.733297e-01	7.086876e-01	-9.709333e-02
5.776931e-01	7.074043e-01	-9.709743e-02
5.423887e-01	6.954995e-01	-1.024977e-02
5.835434e-01	6.930838e-01	5.072274e-02
5.539951e-01	6.678094e-01	-9.928723e-02
5.690863e-01	6.661851e-01	-8.182558e-02
5.138575e-01	5.862612e-01	-4.586435e-02
6.075419e-01	5.916958e-01	5.522362e-02
4.918974e-01	6.958508e-01	-2.619138e-01
6.382511e-01	6.776727e-01	5.086689e-02
4.898892e-01	7.660593e-01	-4.561985e-01
6.396446e-01	7.834114e-01	3.078857e-02
4.938165e-01	7.785088e-01	-5.090178e-01
6.405419e-01	8.186311e-01	4.866762e-04
4.948757e-01	7.778797e-01	-5.084899e-01
6.379072e-01	8.247639e-01	-4.591490e-03
4.994521e-01	7.706473e-01	-4.651835e-01
6.349208e-01	8.114833e-01	2.058448e-02
5.332263e-01	2.609255e-01	-2.113155e-02
6.050934e-01	2.670936e-01	2.138834e-02
5.237503e-01	4.915798e-02	-9.900293e-02
6.117238e-01	4.448121e-02	-4.459257e-02
5.411292e-01	5.179750e-02	3.744099e-01
6.016228e-01	4.807756e-02	4.072048e-01
5.337592e-01	-4.289841e-02	4.251888e-01
6.020063e-01	6.840374e-02	4.573911e-01
5.410578e-01	-1.203010e-01	3.847125e-01
5.875797e-01	-8.148298e-02	4.224858e-01
5.626586e-01	6.915256e-01	-1.230690e-01
5.567695e-01	7.102485e-01	-9.843980e-02
5.522123e-01	7.103775e-01	-9.848697e-02
5.478638e-01	7.104403e-01	-9.841125e-02
5.686800e-01	7.088899e-01	-8.891087e-02
5.729294e-01	7.079095e-01	-8.916656e-02
5.774027e-01	7.066237e-01	-8.913346e-02
5.413733e-01	6.955579e-01	1.950983e-02
5.821821e-01	6.928250e-01	6.236299e-02
5.534710e-01	6.678456e-01	-8.229771e-02
5.688728e-01	6.662024e-01	-6.952076e-02
5.136386e-01	5.852458e-01	-4.021408e-02
6.064158e-01	5.925717e-01	5.972056e-02
4.934651e-01	6.430182e-01	-3.974611e-01
6.351802e-01	6.393226e-01	-1.403202e-01
4.920045e-01	7.150698e-01	-7.232862e-01
6.389496e-01	7.226015e-01	-3.665323e-01
4.952804e-01	7.349251e-01	-7.942161e-01
6.391772e-01	7.563822e-01	-4.146895e-01
4.969755e-01	7.338504e-01	-7.794956e-01
6.372323e-01	7.636225e-01	-4.134296e-01
5.000666e-01	7.203029e-01	-7.288226e-01
6.345551e-01	7.520443e-01	-3.773223e-01
5.333964e-01	2.591348e-01	-2.032572e-02
6.053519e-01	2.668692e-01	2.057767e-02
5.239441e-01	4.923379e-02	-7.487273e-02
6.117402e-01	4.460687e-02	-3.513464e-02
5.364806e-01	-9.274537e-02	3.423746e-01
6.039775e-01	6.124782e-03	3.367123e-01
5.326251e-01	-1.062852e-01	3.846473e-01
6.050110e-01	-6.966932e-02	3.753055e-01
5.390236e-01	-1.668027e-01	3.190296e-01
5.875952e-01	-1.408740e-01	3.038806e-01
5.615939e-01	6.913193e-01	-1.274668e-01
5.550655e-01	7.102549e-01	-1.024419e-01
5.504477e-01	7.103854e-01	-1.024919e-01
5.457247e-01	7.104467e-01	-1.024054e-01
5.672513e-01	7.089180e-01	-9.742557e-02
5.713674e-01	7.079369e-01	-9.765438e-02
5.759335e-01	7.066503e-01	-9.760606e-02
5.394612e-01	6.956986e-01	2.524783e-02
5.805236e-01	6.928149e-01	4.576340e-02
5.524948e-01	6.677510e-01	-8.207761e-02
5.681286e-01	6.662013e-01	-7.577936e-02
5.131072e-01	5.847051e-01	-2.434157e-02
6.052099e-01	5.927616e-01	4.788580e-02
4.942125e-01	6.083094e-01	-3.827876e-01
6.313325e-01	6.074560e-01	-2.398123e-01
4.904946e-01	6.704036e-01	-7.298063e-01
6.395698e-01	6.719577e-01	-5.301411e-01
4.918881e-01	6.941580e-01	-8.064122e-01
6.390131e-01	7.030172e-01	-5.905083e-01
4.952762e-01	6.883808e-01	-7.946945e-01
6.366941e-01	7.080608e-01	-5.891846e-01
4.975190e-01	6.754808e-01	-7.372581e-01
6.342944e-01	6.944613e-01	-5.421260e-01
5.333967e-01	2.595373e-01	-1.153991e-02
6.053668e-01	2.669475e-01	1.168267e-02
5.239326e-01	4.954076e-02	-5.098745e-02
6.117486e-01	4.603660e-02	-3.451728e-02
5.331479e-01	-8.467887e-02	3.529812e-01
6.057109e-01	2.356014e-03	3.224033e-01
5.316334e-01	-8.972311e-02	3.956282e-01
6.086050e-01	-7.298463e-02	3.604196e-01
5.354167e-01	-1.481691e-01	3.406584e-01
5.888990e-01	-1.428433e-01	2.931917e-01
5.614327e-01	6.914338e-01	-1.182322e-01
5.542645e-01	7.102852e-01	-9.497043e-02
5.496551e-01	7.103921e-01	-9.504718e-02
5.446349e-01	7.104483e-01	-9.498949e-02
5.667182e-01	7.091070e-01	-9.196904e-02
5.707425e-01	7.082681e-01	-9.212384e-02
5.753641e-01	7.072270e-01	-9.204327e-02
5.384849e-01	6.962596e-01	3.202659e-02
5.799577e-01	6.937287e-01	4.513931e-02
5.523694e-01	6.677660e-01	-7.162674e-02
5.680486e-01	6.662273e-01	-6.755143e-02
5.121671e-01	5.885599e-01	-1.008262e-02
6.051909e-01	5.921531e-01	4.002626e-02
4.984994e-01	5.823391e-01	-3.579721e-01
6.241698e-01	5.814730e-01	-2.609125e-01
4.909364e-01	5.982900e-01	-7.218748e-01
6.352660e-01	6.025481e-01	-6.062700e-01
4.899976e-01	6.154492e-01	-8.009669e-01
6.393752e-01	6.387288e-01	-6.771254e-01
4.940183e-01	6.242069e-01	-7.971956e-01
6.352135e-01	6.386939e-01	-6.772486e-01
4.976020e-01	6.087824e-01	-7.320464e-01
6.308394e-01	6.206130e-01	-6.202773e-01
5.328577e-01	2.597119e-01	-8.484651e-03
6.053797e-01	2.669689e-01	8.554777e-03
5.241252e-01	5.403349e-02	-3.683086e-02
6.118492e-01	4.811712e-02	-2.308751e-02
5.330065e-01	1.335399e-02	3.720693e-01
6.049516e-01	7.991370e-03	3.377874e-01
5.300204e-01	-5.324987e-02	4.099659e-01
6.099312e-01	-3.588436e-02	3.825451e-01
5.324698e-01	-1.117574e-01	3.481834e-01
5.914186e-01	-1.192960e-01	3.287992e-01
5.607189e-01	6.914511e-01	-9.866052e-02
5.535175e-01	7.101839e-01	-7.625698e-02
5.490206e-01	7.102629e-01	-7.634439e-02
5.438341e-01	7.101846e-01	-7.629920e-02
5.661780e-01	7.091197e-01	-7.399006e-02
5.702532e-01	7.082967e-01	-7.411855e-02
5.750871e-01	7.072401e-01	-7.402106e-02
5.379698e-01	6.963610e-01	5.123980e-02
5.799692e-01	6.941723e-01	6.084514e-02
5.520190e-01	6.676862e-01	-5.134350e-02
5.677038e-01	6.662036e-01	-4.808521e-02
5.108858e-01	5.890636e-01	1.821364e-02
6.052644e-01	5.915967e-01	4.701775e-02
4.968522e-01	5.694638e-01	-3.166371e-01
6.237401e-01	5.742019e-01	-2.481519e-01
4.888839e-01	5.726595e-01	-6.733442e-01
6.319414e-01	5.773567e-01	-5.962650e-01
4.873055e-01	5.728232e-01	-7.491970e-01
6.360345e-01	5.969411e-01	-6.666085e-01
4.931591e-01	5.777270e-01	-7.464966e-01
6.314793e-01	6.004615e-01	-6.658677e-01
4.959976e-01	5.728076e-01	-6.831641e-01
6.268793e-01	5.877067e-01	-6.094208e-01
5.319352e-01	2.596704e-01	-4.877414e-03
6.052258e-01	2.665653e-01	4.897271e-03
5.241205e-01	5.448006e-02	-3.915033e-02
6.118350e-01	4.812659e-02	-2.741234e-02
5.332866e-01	4.290538e-02	3.835802e-01
6.019787e-01	2.343520e-02	3.436773e-01
5.324431e-01	3.466300e-02	4.250829e-01
6.026174e-01	4.509973e-02	3.899917e-01
5.317917e-01	-9.933863e-02	3.819527e-01
5.868688e-01	-1.174857e-01	3.298507e-01
5.593486e-01	6.908212e-01	-4.722579e-02
5.526239e-01	7.101402e-01	-2.503162e-02
5.479210e-01	7.102680e-01	-2.510038e-02
5.428025e-01	7.101953e-01	-2.506005e-02
5.656329e-01	7.088004e-01	-2.250080e-02
5.698358e-01	7.078977e-01	-2.262561e-02
5.748773e-01	7.066922e-01	-2.248298e-02
5.368184e-01	6.966696e-01	1.008625e-01
5.799845e-01	6.938344e-01	1.110810e-01
5.504390e-01	6.672952e-01	-6.227422e-04
5.668963e-01	6.650891e-01	2.754331e-03
5.073401e-01	5.854861e-01	8.790664e-02
6.054201e-01	5.893106e-01	9.710918e-02
4.973567e-01	5.282226e-01	-1.725832e-01
6.263667e-01	5.544100e-01	-1.725112e-01
4.875827e-01	5.195795e-01	-5.256392e-01
6.299545e-01	5.603604e-01	-4.901454e-01
4.852645e-01	5.187018e-01	-5.922843e-01
6.343778e-01	5.637676e-01	-5.552512e-01
4.913804e-01	5.288954e-01	-6.200303e-01
6.283840e-01	5.608354e-01	-5.520318e-01
4.952411e-01	5.259537e-01	-5.402115e-01
6.229604e-01	5.557568e-01	-5.006843e-01
5.310193e-01	2.550283e-01	1.724073e-03
6.049701e-01	2.627380e-01	-1.620255e-03
5.227609e-01	4.974825e-02	-4.797345e-02
6.106607e-01	4.175302e-02	-2.837787e-02
5.335100e-01	3.920166e-02	3.556593e-01
6.002479e-01	2.229488e-02	3.319846e-01
5.356387e-01	3.379038e-02	3.989731e-01
6.038694e-01	-1.878267e-02	3.746790e-01
5.325751e-01	-1.046202e-01	3.652551e-01
5.874969e-01	-1.081508e-01	3.281569e-01
5.589601e-01	6.905619e-01	-6.752972e-02
5.523260e-01	7.101430e-01	-4.525874e-02
5.476282e-01	7.102713e-01	-4.531201e-02
5.425247e-01	7.101991e-01	-4.530057e-02
5.654377e-01	7.087584e-01	-4.351526e-02
5.697552e-01	7.078545e-01	-4.361902e-02
5.748045e-01	7.066811e-01	-4.351106e-02
5.364028e-01	6.969155e-01	7.561497e-02
5.800002e-01	6.937861e-01	8.383769e-02
5.499038e-01	6.672671e-01	-2.337212e-02
5.663308e-01	6.650221e-01	-2.103230e-02
5.050088e-01	5.803755e-01	8.924828e-02
6.069911e-01	5.861577e-01	8.841057e-02
4.971827e-01	4.410812e-01	-4.673776e-02
6.316708e-01	4.748046e-01	-8.949082e-02
4.723745e-01	4.567544e-01	-3.089364e-01
6.324364e-01	5.162634e-01	-3.940439e-01
4.592294e-01	4.543099e-01	-3.565887e-01
6.353050e-01	5.153933e-01	-4.482422e-01
4.556952e-01	4.598603e-01	-3.823022e-01
6.300343e-01	5.262693e-01	-4.493558e-01
4.689754e-01	4.633839e-01	-3.255311e-01
6.254966e-01	5.249153e-01	-4.083247e-01
5.302910e-01	2.512782e-01	3.221704e-03
6.038137e-01	2.580187e-01	-3.098110e-03
5.203535e-01	3.989746e-02	-8.905012e-02
6.087098e-01	3.528269e-02	-4.769746e-02
5.373044e-01	6.332021e-02	3.587548e-01
5.971728e-01	2.834114e-02	3.472928e-01
5.420807e-01	6.419256e-02	4.060813e-01
5.981967e-01	4.362773e-02	3.976279e-01
5.455770e-01	-2.987407e-03	4.074851e-01
5.879269e-01	-9.560918e-03	3.963681e-01
5.577172e-01	6.903349e-01	-1.337828e-01
5.514274e-01	7.101572e-01	-1.130770e-01
5.464579e-01	7.102910e-01	-1.131452e-01
5.415226e-01	7.102020e-01	-1.132770e-01
5.647497e-01	7.087664e-01	-1.126048e-01
5.691404e-01	7.078628e-01	-1.126471e-01
5.742478e-01	7.066890e-01	-1.126082e-01
5.352369e-01	6.969288e-01	9.196260e-03
5.796145e-01	6.937971e-01	1.098277e-02
5.483453e-01	6.671486e-01	-8.868361e-02
5.649474e-01	6.650140e-01	-8.839530e-02
5.018204e-01	5.757470e-01	4.586721e-02
6.084058e-01	5.798323e-01	5.887165e-02
4.970298e-01	4.043932e-01	-5.422801e-02
6.346358e-01	4.243371e-01	-7.199422e-02
4.708471e-01	4.282098e-01	-2.678528e-01
6.333240e-01	4.738233e-01	-3.473411e-01
4.596621e-01	4.275647e-01	-3.073760e-01
6.341273e-01	4.925426e-01	-3.959519e-01
4.612915e-01	4.447488e-01	-3.280863e-01
6.304945e-01	5.135580e-01	-3.985447e-01
4.658980e-01	4.461496e-01	-2.809378e-01
6.264728e-01	5.134986e-01	-3.551796e-01
5.298264e-01	2.489875e-01	1.503271e-03
6.033135e-01	2.548248e-01	-1.360613e-03
5.192891e-01	3.387205e-02	-9.148540e-02
6.086667e-01	2.822045e-02	-4.882100e-02
5.398508e-01	1.067821e-01	3.902816e-01
5.967064e-01	7.696444e-02	3.661024e-01
5.443456e-01	1.234211e-01	4.468208e-01
5.982354e-01	9.811211e-02	4.182326e-01
5.548404e-01	4.821716e-02	4.792717e-01
5.895069e-01	4.381718e-02	4.357331e-01
5.563639e-01	6.905516e-01	-2.501248e-01
5.505978e-01	7.102942e-01	-2.348806e-01
5.455759e-01	7.103859e-01	-2.349511e-01
5.408414e-01	7.102724e-01	-2.350875e-01
5.639014e-01	7.089908e-01	-2.316914e-01
5.682892e-01	7.080823e-01	-2.318203e-01
5.734446e-01	7.068111e-01	-2.318425e-01
5.347454e-01	6.971950e-01	-1.280976e-01
5.791941e-01	6.938311e-01	-1.152831e-01
5.467243e-01	6.671745e-01	-2.098848e-01
5.636875e-01	6.655073e-01	-2.060627e-01
5.003224e-01	5.722256e-01	-6.678697e-02
6.099795e-01	5.771872e-01	-3.637049e-02
4.949014e-01	4.190030e-01	4.227409e-02
6.334974e-01	4.433125e-01	7.778682e-02
4.927038e-01	3.406922e-01	9.684406e-02
6.342868e-01	3.502738e-01	8.496374e-02
4.940885e-01	3.074262e-01	9.558482e-02
6.314813e-01	3.167866e-01	7.476827e-02
4.974247e-01	3.109716e-01	6.298380e-02
6.272456e-01	3.269038e-01	4.860765e-02
5.016987e-01	3.275624e-01	8.743007e-02
6.256788e-01	3.401732e-01	7.453664e-02
5.297136e-01	2.497485e-01	6.003889e-04
6.031149e-01	2.557307e-01	-4.726502e-04
5.193875e-01	3.565494e-02	-7.517660e-02
6.085204e-01	2.972208e-02	-6.365219e-02
5.408286e-01	1.025778e-01	4.112783e-01
5.961474e-01	7.728671e-02	3.563218e-01
5.458306e-01	1.260179e-01	4.658015e-01
5.969638e-01	9.201507e-02	4.070598e-01
5.540076e-01	4.348413e-02	4.821273e-01
5.890313e-01	4.033093e-02	4.066161e-01
5.562926e-01	6.906541e-01	-2.013241e-01
5.503202e-01	7.102876e-01	-1.849085e-01
5.453357e-01	7.103331e-01	-1.849709e-01
5.405806e-01	7.102149e-01	-1.850946e-01
5.636533e-01	7.090273e-01	-1.826248e-01
5.680990e-01	7.081856e-01	-1.827155e-01
5.733050e-01	7.070034e-01	-1.826974e-01
5.346617e-01	6.972472e-01	-8.524720e-02
5.791754e-01	6.942333e-01	-7.649477e-02
5.466592e-01	6.670732e-01	-1.641786e-01
5.636531e-01	6.656691e-01	-1.614443e-01
5.007247e-01	5.717746e-01	-5.186624e-02
6.111645e-01	5.757219e-01	-2.200118e-02
4.935947e-01	4.242333e-01	5.918410e-03
6.323983e-01	4.343203e-01	5.313098e-02
4.947983e-01	3.300563e-01	-2.726364e-02
6.349053e-01	3.346069e-01	-4.334924e-03
4.949998e-01	2.846581e-01	-4.743579e-02
6.329621e-01	3.024256e-01	-2.892555e-02
5.021354e-01	2.862771e-01	-8.041646e-02
6.286808e-01	3.108475e-01	-5.676110e-02
5.060061e-01	3.056417e-01	-3.951410e-02
6.261337e-01	3.176295e-01	-1.765775e-02
5.302058e-01	2.499888e-01	9.865121e-04
6.032012e-01	2.558160e-01	-8.778701e-04
5.194665e-01	3.676285e-02	-7.826635e-02
6.079438e-01	3.084328e-02	-7.909150e-02
5.432645e-01	1.099259e-01	4.062073e-01
5.961607e-01	8.900735e-02	3.459249e-01
5.505028e-01	1.350371e-01	4.609455e-01
5.972413e-01	1.195254e-01	3.966273e-01
5.543478e-01	6.003436e-02	4.918979e-01
5.892762e-01	5.633820e-02	4.117543e-01
5.563698e-01	6.909955e-01	-1.991266e-01
5.502799e-01	7.102843e-01	-1.668189e-01
5.453688e-01	7.102813e-01	-1.669390e-01
5.405363e-01	7.101270e-01	-1.670379e-01
5.636071e-01	7.090424e-01	-1.650388e-01
5.681033e-01	7.082272e-01	-1.652336e-01
5.733029e-01	7.071723e-01	-1.652704e-01
5.347151e-01	6.972867e-01	-4.979899e-02
5.791639e-01	6.951439e-01	-3.610573e-02
5.467790e-01	6.670560e-01	-1.423488e-01
5.637097e-01	6.659058e-01	-1.387769e-01
5.011125e-01	5.721750e-01	-4.112625e-02
6.114042e-01	5.765308e-01	1.079930e-02
4.933767e-01	4.247555e-01	3.258470e-02
6.300377e-01	4.445029e-01	9.430408e-02
4.938974e-01	3.141111e-01	-5.491626e-03
6.349920e-01	3.344168e-01	1.848063e-02
4.929485e-01	2.667463e-01	-3.185992e-02
6.343774e-01	2.935019e-01	-1.339300e-02
5.002328e-01	2.678857e-01	-6.960453e-02
6.296152e-01	2.988298e-01	-4.056903e-02
5.044184e-01	2.874583e-01	-2.009504e-02
6.264332e-01	3.108851e-01	4.653010e-03
5.305575e-01	2.511169e-01	4.874983e-04
6.031732e-01	2.598631e-01	-3.641594e-04
5.196637e-01	3.694624e-02	-1.043116e-01
6.073825e-01	3.146334e-02	-9.050125e-02
5.453476e-01	9.562944e-02	4.077865e-01
5.961696e-01	8.107192e-02	3.451701e-01
5.529860e-01	1.094009e-01	4.639280e-01
5.969588e-01	9.441180e-02	3.942613e-01
5.548127e-01	4.437457e-02	4.813103e-01
5.895607e-01	3.205037e-02	4.084596e-01
5.562558e-01	6.910336e-01	-1.774971e-01
5.500156e-01	7.101724e-01	-1.524067e-01
5.450801e-01	7.100760e-01	-1.524906e-01
5.402680e-01	7.098814e-01	-1.525644e-01
5.633661e-01	7.090521e-01	-1.496833e-01
5.679302e-01	7.082362e-01	-1.498225e-01
5.731780e-01	7.072651e-01	-1.497961e-01
5.347084e-01	6.973066e-01	-4.331190e-02
5.791476e-01	6.960847e-01	-3.290454e-02
5.467696e-01	6.669533e-01	-1.308267e-01
5.637116e-01	6.660427e-01	-1.273310e-01
5.014617e-01	5.722443e-01	-2.906588e-02
6.120611e-01	5.765606e-01	1.412596e-02
4.936148e-01	4.197909e-01	2.485942e-02
6.285037e-01	4.331307e-01	6.689410e-02
4.933293e-01	2.976836e-01	-2.627485e-02
6.353581e-01	3.081555e-01	-3.613392e-02
4.910774e-01	2.486284e-01	-5.523801e-02
6.345650e-01	2.644305e-01	-7.176253e-02
4.991680e-01	2.495437e-01	-9.269040e-02
6.304580e-01	2.675523e-01	-1.011844e-01
5.041081e-01	2.687342e-01	-4.093605e-02
6.272280e-01	2.828578e-01	-5.166202e-02
5.308275e-01	2.536432e-01	2.883209e-04
6.031787e-01	2.616783e-01	-1.412725e-04
5.197011e-01	3.773622e-02	-1.090658e-01
6.073974e-01	3.210715e-02	-9.727716e-02
5.458849e-01	8.945823e-02	4.027564e-01
5.962105e-01	7.846376e-02	3.308004e-01
5.535371e-01	1.008836e-01	4.571456e-01
5.974028e-01	8.334748e-02	3.785974e-01
5.543693e-01	3.352841e-02	4.719722e-01
5.896440e-01	2.732111e-02	3.854885e-01
5.562733e-01	6.916915e-01	-1.432458e-01
5.499533e-01	7.105416e-01	-1.237525e-01
5.450650e-01	7.104772e-01	-1.237902e-01
5.402152e-01	7.101645e-01	-1.238532e-01
5.632804e-01	7.094152e-01	-1.220164e-01
5.679000e-01	7.085846e-01	-1.221053e-01
5.731446e-01	7.076192e-01	-1.220219e-01
5.347253e-01	6.978150e-01	-2.644271e-02
5.791401e-01	6.969894e-01	-2.492308e-02
5.468017e-01	6.672829e-01	-1.062667e-01
5.637279e-01	6.665851e-01	-1.044756e-01
5.017037e-01	5.723605e-01	-1.074242e-02
6.122128e-01	5.767437e-01	2.658673e-02
4.952630e-01	4.178475e-01	3.375370e-02
6.280447e-01	4.276986e-01	7.525506e-02
4.924707e-01	2.824925e-01	-2.409094e-02
6.358157e-01	2.919363e-01	-1.846311e-02
4.897049e-01	2.336140e-01	-5.450289e-02
6.374217e-01	2.469981e-01	-5.375508e-02
4.972568e-01	2.318001e-01	-9.190784e-02
6.335002e-01	2.461815e-01	-8.564421e-02
5.023353e-01	2.503802e-01	-3.967955e-02
6.296100e-01	2.616107e-01	-3.486662e-02
5.320252e-01	2.554244e-01	6.474053e-05
6.033753e-01	2.620289e-01	8.809780e-05
5.197799e-01	3.935586e-02	-1.103389e-01
6.074256e-01	3.243630e-02	-9.905075e-02
5.463775e-01	9.877350e-02	3.982353e-01
5.969214e-01	7.726247e-02	3.226953e-01
5.540488e-01	1.118014e-01	4.561622e-01
5.975958e-01	9.132531e-02	3.699978e-01
5.549849e-01	4.113630e-02	4.670772e-01
5.916803e-01	2.701377e-02	3.745599e-01
5.560762e-01	6.921747e-01	-1.791005e-01
5.496852e-01	7.109666e-01	-1.607910e-01
5.446986e-01	7.108681e-01	-1.608227e-01
5.399310e-01	7.104272e-01	-1.609146e-01
5.630499e-01	7.099662e-01	-1.596483e-01
5.676723e-01	7.091726e-01	-1.597318e-01
5.729783e-01	7.081961e-01	-1.596640e-01
5.345184e-01	6.982228e-01	-5.908918e-02
5.790812e-01	6.978520e-01	-5.532040e-02
5.466378e-01	6.675515e-01	-1.418186e-01
5.636965e-01	6.670318e-01	-1.406877e-01
5.016650e-01	5.718675e-01	-3.509489e-02
6.123301e-01	5.766492e-01	-8.586630e-03
4.962464e-01	4.097724e-01	-1.940421e-03
6.278280e-01	4.186756e-01	4.075392e-02
4.918753e-01	2.689336e-01	-7.387524e-02
6.359468e-01	2.717020e-01	-5.229490e-02
4.888791e-01	2.172926e-01	-1.035542e-01
6.376759e-01	2.247062e-01	-8.459307e-02
4.960499e-01	2.143468e-01	-1.406147e-01
6.340383e-01	2.221900e-01	-1.186336e-01
5.013625e-01	2.306907e-01	-8.934765e-02
6.297793e-01	2.384197e-01	-6.889281e-02
5.327139e-01	2.548564e-01	-7.413438e-05
6.034597e-01	2.602200e-01	2.253542e-04
5.196046e-01	3.974253e-02	-1.041106e-01
6.074355e-01	3.147033e-02	-9.384628e-02
5.474443e-01	1.144949e-01	3.898492e-01
5.972241e-01	9.222761e-02	3.193114e-01
5.547985e-01	1.316596e-01	4.470200e-01
5.977520e-01	1.162983e-01	3.671334e-01
5.593583e-01	5.409790e-02	4.690969e-01
5.931152e-01	4.884256e-02	3.748108e-01
5.553350e-01	6.924228e-01	-1.829063e-01
5.489902e-01	7.112465e-01	-1.643585e-01
5.437638e-01	7.110672e-01	-1.643929e-01
5.393815e-01	7.105498e-01	-1.644834e-01
5.625077e-01	7.104626e-01	-1.636604e-01
5.670021e-01	7.097706e-01	-1.637541e-01
5.724565e-01	7.088271e-01	-1.636949e-01
5.341505e-01	6.983726e-01	-6.010363e-02
5.789309e-01	6.984568e-01	-5.806586e-02
5.461501e-01	6.676411e-01	-1.448244e-01
5.635289e-01	6.672735e-01	-1.442402e-01
5.016715e-01	5.715916e-01	-3.502674e-02
6.125475e-01	5.762894e-01	-1.192035e-02
4.968203e-01	4.087183e-01	-5.149360e-04
6.277539e-01	4.162716e-01	3.812232e-02
4.915112e-01	2.687069e-01	-7.272509e-02
6.359948e-01	2.691159e-01	-4.852595e-02
4.883119e-01	2.176209e-01	-1.022554e-01
6.382651e-01	2.221164e-01	-8.003268e-02
4.953210e-01	2.146598e-01	-1.399411e-01
6.345162e-01	2.192812e-01	-1.155416e-01
5.008060e-01	2.308910e-01	-8.840355e-02
6.300489e-01	2.355026e-01	-6.537042e-02
5.331208e-01	2.537794e-01	-1.305510e-04
6.035610e-01	2.585309e-01	2.806365e-04
5.196167e-01	3.995383e-02	-1.017801e-01
6.074535e-01	3.036185e-02	-9.177759e-02
5.481584e-01	1.103679e-01	3.828368e-01
5.975920e-01	8.669137e-02	3.200228e-01
5.553302e-01	1.265099e-01	4.384258e-01
5.981080e-01	1.213936e-01	3.677896e-01
5.610268e-01	4.908684e-02	4.648965e-01
5.943409e-01	4.493688e-02	3.760081e-01
5.546036e-01	6.926875e-01	-1.951064e-01
5.481263e-01	7.115039e-01	-1.761903e-01
5.428140e-01	7.111942e-01	-1.762253e-01
5.388083e-01	7.106015e-01	-1.763170e-01
5.617371e-01	7.110558e-01	-1.752286e-01
5.660783e-01	7.104852e-01	-1.753235e-01
5.715489e-01	7.096239e-01	-1.752656e-01
5.336996e-01	6.983910e-01	-6.974681e-02
5.785509e-01	6.989160e-01	-6.669377e-02
5.457312e-01	6.676832e-01	-1.562836e-01
5.633570e-01	6.675166e-01	-1.554245e-01
5.016837e-01	5.711930e-01	-4.285071e-02
6.127376e-01	5.762443e-01	-1.851268e-02
4.974473e-01	4.074677e-01	-9.690138e-03
6.276678e-01	4.152776e-01	3.396533e-02
4.912955e-01	2.615592e-01	-8.670382e-02
6.357035e-01	2.656090e-01	-5.383383e-02
4.879801e-01	2.104203e-01	-1.165979e-01
6.383525e-01	2.191405e-01	-8.472294e-02
4.949204e-01	2.069772e-01	-1.542220e-01
6.345959e-01	2.153409e-01	-1.209487e-01
5.005669e-01	2.235267e-01	-1.024342e-01
6.300224e-01	2.316619e-01	-7.084684e-02
5.335966e-01	2.528316e-01	-2.124607e-04
6.037878e-01	2.565343e-01	3.630540e-04
5.195834e-01	4.016526e-02	-1.008625e-01
6.076258e-01	2.794245e-02	-9.050284e-02
5.479896e-01	1.087958e-01	3.830909e-01
5.980352e-01	9.536878e-02	3.248534e-01
5.549996e-01	1.343355e-01	4.381648e-01
5.982429e-01	1.251465e-01	3.725119e-01
5.613076e-01	5.473692e-02	4.671503e-01
5.955796e-01	5.269106e-02	3.889025e-01
5.543431e-01	6.926798e-01	-2.159395e-01
5.476764e-01	7.115062e-01	-1.969146e-01
5.422540e-01	7.111657e-01	-1.969454e-01
5.384324e-01	7.105213e-01	-1.970296e-01
5.614361e-01	7.112007e-01	-1.955377e-01
5.657470e-01	7.107478e-01	-1.956415e-01
5.712770e-01	7.099925e-01	-1.955922e-01
5.331918e-01	6.983978e-01	-8.847532e-02
5.783595e-01	6.993467e-01	-8.367351e-02
5.455825e-01	6.675380e-01	-1.762277e-01
5.633317e-01	6.675230e-01	-1.748810e-01
5.013069e-01	5.708570e-01	-5.741805e-02
6.130933e-01	5.761812e-01	-3.137480e-02
4.973546e-01	4.044893e-01	-1.807552e-02
6.277775e-01	4.120538e-01	3.063610e-02
4.911140e-01	2.585472e-01	-1.047469e-01
6.357387e-01	2.609558e-01	-7.016717e-02
4.877272e-01	2.089000e-01	-1.354567e-01
6.385753e-01	2.167471e-01	-1.023152e-01
4.946836e-01	2.054105e-01	-1.716714e-01
6.346551e-01	2.121265e-01	-1.361585e-01
5.004241e-01	2.220396e-01	-1.201982e-01
6.300385e-01	2.281660e-01	-8.659568e-02
5.336303e-01	2.520495e-01	-8.321935e-04
6.037791e-01	2.560334e-01	9.613492e-04
5.195951e-01	4.034248e-02	-9.910978e-02
6.076751e-01	2.693513e-02	-8.524638e-02
5.477858e-01	1.074968e-01	3.774553e-01
5.972752e-01	9.876716e-02	3.268190e-01
5.546839e-01	1.282715e-01	4.309414e-01
5.969094e-01	1.273018e-01	3.755364e-01
5.609926e-01	5.002030e-02	4.652728e-01
5.951298e-01	5.549490e-02	3.975910e-01
5.542598e-01	6.925767e-01	-2.165581e-01
5.474746e-01	7.113662e-01	-1.977628e-01
5.419852e-01	7.108931e-01	-1.977935e-01
5.382327e-01	7.101530e-01	-1.978596e-01
5.612869e-01	7.112040e-01	-1.963879e-01
5.655756e-01	7.107799e-01	-1.965049e-01
5.711366e-01	7.100746e-01	-1.964620e-01
5.329334e-01	6.983190e-01	-8.974492e-02
5.782046e-01	6.995062e-01	-8.497570e-02
5.455567e-01	6.672742e-01	-1.769447e-01
5.633325e-01	6.675279e-01	-1.755589e-01
5.011472e-01	5.704314e-01	-5.702366e-02
6.133708e-01	5.759900e-01	-3.193623e-02
4.973651e-01	4.035095e-01	-1.999377e-02
6.278167e-01	4.114405e-01	2.715968e-02
4.910212e-01	2.544843e-01	-1.022700e-01
6.352475e-01	2.612275e-01	-6.714160e-02
4.874835e-01	2.054730e-01	-1.326679e-01
6.386358e-01	2.159084e-01	-9.900013e-02
4.945171e-01	2.027808e-01	-1.706457e-01
6.342270e-01	2.117466e-01	-1.346849e-01
5.002698e-01	2.191797e-01	-1.181844e-01
6.291453e-01	2.277997e-01	-8.376718e-02
5.336403e-01	2.507751e-01	-1.278443e-03
6.037122e-01	2.547612e-01	1.407701e-03
5.196233e-01	4.041603e-02	-9.603564e-02
6.076873e-01	2.681175e-02	-7.670125e-02
5.476703e-01	1.036408e-01	3.785801e-01
5.957597e-01	9.524672e-02	3.425030e-01
5.542401e-01	1.251526e-01	4.318353e-01
5.939771e-01	1.187216e-01	3.913617e-01
5.603239e-01	4.954318e-02	4.627567e-01
5.937253e-01	4.923745e-02	4.051018e-01
