5.310019e-01	8.443861e-01	-3.077493e-01
5.246735e-01	8.653558e-01	-2.904244e-01
5.200721e-01	8.657905e-01	-2.904679e-01
5.152674e-01	8.661836e-01	-2.904541e-01
5.373230e-01	8.633031e-01	-2.931113e-01
5.413952e-01	8.625034e-01	-2.931422e-01
5.457357e-01	8.617560e-01	-2.930177e-01
5.087928e-01	8.581473e-01	-1.707841e-01
5.497243e-01	8.537191e-01	-1.808840e-01
5.200186e-01	8.226058e-01	-2.613735e-01
5.367451e-01	8.198572e-01	-2.637953e-01
4.716224e-01	7.350951e-01	-8.754804e-02
5.825261e-01	7.192210e-01	-1.056705e-01
4.590793e-01	6.054007e-01	-2.954668e-02
5.929866e-01	5.936107e-01	-6.204288e-02
4.484436e-01	4.763159e-01	-8.740146e-02
5.897138e-01	4.687148e-01	-1.290932e-01
4.457579e-01	4.409168e-01	-1.128921e-01
5.857685e-01	4.421510e-01	-1.579534e-01
4.510790e-01	4.413269e-01	-1.499637e-01
5.837066e-01	4.433761e-01	-1.897929e-01
4.560581e-01	4.554958e-01	-1.044462e-01
5.812823e-01	4.554397e-01	-1.452558e-01
4.908780e-01	4.426338e-01	5.458508e-03
5.520343e-01	4.405923e-01	-5.489403e-03
4.768891e-01	2.579952e-01	5.835951e-02
5.629658e-01	2.580238e-01	5.704148e-02
4.647706e-01	9.395659e-02	2.229899e-01
5.710779e-01	9.925196e-02	2.460251e-01
4.762887e-01	6.471419e-02	2.326976e-01
5.601668e-01	6.656593e-02	2.575707e-01
4.381443e-01	3.678507e-02	1.135235e-01
5.953933e-01	3.960866e-02	1.385239e-01
5.297437e-01	8.442063e-01	-3.455148e-01
5.237482e-01	8.646452e-01	-3.294797e-01
5.191320e-01	8.649158e-01	-3.295042e-01
5.148851e-01	8.650525e-01	-3.294778e-01
5.367370e-01	8.630676e-01	-3.324311e-01
5.408918e-01	8.623366e-01	-3.324699e-01
5.453221e-01	8.615957e-01	-3.323829e-01
5.087323e-01	8.569017e-01	-2.090005e-01
5.499373e-01	8.532529e-01	-2.227409e-01
5.196474e-01	8.224195e-01	-2.982470e-01
5.366091e-01	8.198579e-01	-3.017604e-01
4.716277e-01	7.320228e-01	-1.186998e-01
5.822341e-01	7.192652e-01	-1.288914e-01
4.592555e-01	6.008601e-01	-4.717356e-02
5.909836e-01	5.809138e-01	-6.652741e-02
4.490545e-01	4.729407e-01	-9.452615e-02
5.897161e-01	4.557053e-01	-1.292059e-01
4.456504e-01	4.373158e-01	-1.171479e-01
5.862168e-01	4.267573e-01	-1.569268e-01
4.505901e-01	4.380777e-01	-1.528941e-01
5.839901e-01	4.271258e-01	-1.900318e-01
4.560157e-01	4.507457e-01	-1.104891e-01
5.813681e-01	4.388225e-01	-1.456429e-01
4.909098e-01	4.461497e-01	5.377966e-03
5.522667e-01	4.438046e-01	-5.411132e-03
4.766952e-01	2.616436e-01	5.792506e-02
5.625817e-01	2.582616e-01	5.501100e-02
4.648678e-01	9.586728e-02	2.409580e-01
5.704041e-01	9.878129e-02	2.468305e-01
4.752173e-01	6.802349e-02	2.523871e-01
5.595818e-01	7.000326e-02	2.581719e-01
4.380030e-01	4.187770e-02	1.333053e-01
5.961902e-01	3.928100e-02	1.364000e-01
5.290258e-01	8.434221e-01	-3.491918e-01
5.231693e-01	8.639189e-01	-3.334979e-01
5.185825e-01	8.639930e-01	-3.335202e-01
5.146256e-01	8.639041e-01	-3.334881e-01
5.363850e-01	8.626910e-01	-3.362468e-01
5.406023e-01	8.619670e-01	-3.362858e-01
5.451263e-01	8.611808e-01	-3.362164e-01
5.086052e-01	8.556708e-01	-2.145163e-01
5.500849e-01	8.524037e-01	-2.274605e-01
5.193819e-01	8.217491e-01	-3.024507e-01
5.365223e-01	8.194931e-01	-3.057089e-01
4.715678e-01	7.294694e-01	-1.261352e-01
5.821398e-01	7.192481e-01	-1.305766e-01
4.592687e-01	5.979140e-01	-5.417089e-02
5.904810e-01	5.793892e-01	-6.625537e-02
4.489938e-01	4.686311e-01	-9.593393e-02
5.910122e-01	4.530660e-01	-1.245610e-01
4.445159e-01	4.334999e-01	-1.172689e-01
5.891135e-01	4.228646e-01	-1.479024e-01
4.488090e-01	4.343477e-01	-1.530279e-01
5.858274e-01	4.236735e-01	-1.837346e-01
4.551235e-01	4.460737e-01	-1.117595e-01
5.826162e-01	4.354806e-01	-1.413718e-01
4.900840e-01	4.494048e-01	4.650756e-03
5.521735e-01	4.465843e-01	-4.675108e-03
4.758677e-01	2.648346e-01	4.812256e-02
5.620481e-01	2.582944e-01	4.233209e-02
4.644969e-01	9.665775e-02	2.218966e-01
5.699238e-01	9.785514e-02	2.148896e-01
4.731776e-01	6.892809e-02	2.314266e-01
5.594558e-01	6.997443e-02	2.231236e-01
4.378949e-01	4.467644e-02	1.132586e-01
5.965031e-01	3.870586e-02	9.676542e-02
5.290491e-01	8.436452e-01	-3.380544e-01
5.231780e-01	8.643072e-01	-3.217685e-01
5.185875e-01	8.643012e-01	-3.217989e-01
5.146422e-01	8.640428e-01	-3.217732e-01
5.363941e-01	8.631034e-01	-3.244574e-01
5.406211e-01	8.623155e-01	-3.244920e-01
5.451860e-01	8.613924e-01	-3.243996e-01
5.086146e-01	8.556452e-01	-2.044949e-01
5.502617e-01	8.523338e-01	-2.158606e-01
5.194741e-01	8.219630e-01	-2.917626e-01
5.366766e-01	8.196379e-01	-2.946470e-01
4.715725e-01	7.285184e-01	-1.230310e-01
5.817484e-01	7.193277e-01	-1.259909e-01
4.589433e-01	5.968456e-01	-5.509048e-02
5.899397e-01	5.802032e-01	-5.854798e-02
4.471372e-01	4.689436e-01	-9.514906e-02
5.931039e-01	4.537705e-01	-1.108988e-01
4.414517e-01	4.333668e-01	-1.161460e-01
5.930061e-01	4.234383e-01	-1.321605e-01
4.458454e-01	4.341108e-01	-1.519330e-01
5.914992e-01	4.242775e-01	-1.689419e-01
4.525210e-01	4.458745e-01	-1.111662e-01
5.872682e-01	4.360516e-01	-1.281057e-01
4.898141e-01	4.513149e-01	3.613938e-03
5.521165e-01	4.487794e-01	-3.634079e-03
4.755644e-01	2.653291e-01	3.742746e-02
5.614511e-01	2.589022e-01	3.658370e-02
4.636533e-01	9.632266e-02	1.971520e-01
5.698032e-01	9.787709e-02	2.018696e-01
4.713845e-01	6.864062e-02	2.053045e-01
5.593904e-01	7.043628e-02	2.096115e-01
4.368648e-01	4.451519e-02	8.850668e-02
5.970060e-01	3.905718e-02	8.775981e-02
5.280148e-01	8.437558e-01	-2.665544e-01
5.223880e-01	8.643947e-01	-2.496842e-01
5.181611e-01	8.643441e-01	-2.496873e-01
5.143315e-01	8.640559e-01	-2.496100e-01
5.356917e-01	8.634270e-01	-2.512496e-01
5.401334e-01	8.627146e-01	-2.512657e-01
5.447547e-01	8.617598e-01	-2.511171e-01
5.086150e-01	8.554399e-01	-1.438030e-01
5.502868e-01	8.523309e-01	-1.510492e-01
5.191060e-01	8.219655e-01	-2.265104e-01
5.364195e-01	8.196571e-01	-2.281267e-01
4.719561e-01	7.286155e-01	-8.832082e-02
5.810077e-01	7.197557e-01	-7.846682e-02
4.582062e-01	5.983248e-01	-5.324161e-02
5.895806e-01	5.810086e-01	-3.968025e-02
4.444280e-01	4.733909e-01	-9.605524e-02
5.934485e-01	4.547840e-01	-1.096874e-01
4.381772e-01	4.359949e-01	-1.196290e-01
5.965278e-01	4.245740e-01	-1.360739e-01
4.439978e-01	4.368456e-01	-1.564380e-01
5.912465e-01	4.256293e-01	-1.711163e-01
4.508484e-01	4.492175e-01	-1.124402e-01
5.872969e-01	4.376076e-01	-1.269332e-01
4.890607e-01	4.513619e-01	2.313954e-03
5.510284e-01	4.490466e-01	-2.273113e-03
4.751765e-01	2.657043e-01	2.686934e-02
5.611593e-01	2.592654e-01	2.876362e-02
4.633778e-01	9.629885e-02	1.712904e-01
5.697458e-01	9.731209e-02	1.738702e-01
4.709432e-01	6.856136e-02	1.782976e-01
5.593840e-01	6.919339e-02	1.795672e-01
4.359286e-01	4.434347e-02	7.038197e-02
5.974519e-01	3.886249e-02	6.455041e-02
5.277567e-01	8.442767e-01	-2.491671e-01
5.221571e-01	8.645784e-01	-2.316895e-01
5.180315e-01	8.644805e-01	-2.316965e-01
5.142763e-01	8.641123e-01	-2.316165e-01
5.354803e-01	8.638157e-01	-2.327076e-01
5.399415e-01	8.631297e-01	-2.327324e-01
5.445639e-01	8.620815e-01	-2.325902e-01
5.086377e-01	8.552836e-01	-1.266961e-01
5.502876e-01	8.522736e-01	-1.314896e-01
5.190507e-01	8.221046e-01	-2.098774e-01
5.363668e-01	8.198054e-01	-2.108350e-01
4.721205e-01	7.287679e-01	-7.489916e-02
5.805915e-01	7.198948e-01	-6.289338e-02
4.576436e-01	5.991836e-01	-4.982595e-02
5.896230e-01	5.815382e-01	-3.564937e-02
4.410106e-01	4.767496e-01	-1.091438e-01
5.965167e-01	4.550853e-01	-1.145874e-01
4.351116e-01	4.385996e-01	-1.370392e-01
6.024807e-01	4.245471e-01	-1.495932e-01
4.410934e-01	4.392384e-01	-1.754103e-01
5.935637e-01	4.264309e-01	-1.833067e-01
4.478810e-01	4.522918e-01	-1.267444e-01
5.895754e-01	4.385961e-01	-1.329059e-01
4.887785e-01	4.511051e-01	1.427594e-03
5.501972e-01	4.488153e-01	-1.334147e-03
4.730452e-01	2.657203e-01	2.347951e-02
5.615147e-01	2.602307e-01	2.777603e-02
4.632398e-01	9.630344e-02	1.724862e-01
5.696332e-01	9.734335e-02	1.782168e-01
4.708486e-01	6.850289e-02	1.800971e-01
5.593276e-01	6.913961e-02	1.841205e-01
4.348126e-01	4.454469e-02	7.458667e-02
5.985666e-01	3.884693e-02	7.001030e-02
5.274055e-01	8.445097e-01	-2.647215e-01
5.218228e-01	8.645992e-01	-2.463823e-01
5.178403e-01	8.644862e-01	-2.464037e-01
5.141205e-01	8.641255e-01	-2.463286e-01
5.352200e-01	8.639249e-01	-2.474651e-01
5.397350e-01	8.632531e-01	-2.474987e-01
5.443718e-01	8.621619e-01	-2.473630e-01
5.086313e-01	8.548711e-01	-1.373631e-01
5.502875e-01	8.520458e-01	-1.422397e-01
5.189022e-01	8.221318e-01	-2.239208e-01
5.362279e-01	8.198366e-01	-2.249796e-01
4.722385e-01	7.288216e-01	-8.158825e-02
5.803546e-01	7.200563e-01	-6.974898e-02
4.560691e-01	5.992681e-01	-6.645073e-02
5.921394e-01	5.813487e-01	-3.882738e-02
4.352958e-01	4.773082e-01	-1.510354e-01
6.041117e-01	4.558298e-01	-1.506712e-01
4.298708e-01	4.386151e-01	-1.834012e-01
6.127230e-01	4.241096e-01	-1.889348e-01
4.358154e-01	4.392927e-01	-2.221392e-01
6.049665e-01	4.265747e-01	-2.225017e-01
4.421067e-01	4.527891e-01	-1.696100e-01
5.994049e-01	4.387791e-01	-1.691653e-01
4.882806e-01	4.496475e-01	-2.096881e-05
5.497109e-01	4.481854e-01	1.547594e-04
4.699448e-01	2.653430e-01	2.810558e-02
5.623772e-01	2.603258e-01	3.172558e-02
4.625665e-01	9.612484e-02	1.846113e-01
5.694219e-01	9.745071e-02	1.824999e-01
4.704050e-01	6.845153e-02	1.928755e-01
5.590059e-01	6.920251e-02	1.880924e-01
4.336378e-01	4.450354e-02	8.317964e-02
5.990641e-01	3.948284e-02	8.456580e-02
5.277702e-01	8.430470e-01	-2.774896e-01
5.220982e-01	8.631610e-01	-2.598899e-01
5.179504e-01	8.629889e-01	-2.599141e-01
5.142907e-01	8.624949e-01	-2.598569e-01
5.354957e-01	8.624772e-01	-2.614802e-01
5.399683e-01	8.617237e-01	-2.615111e-01
5.446533e-01	8.605529e-01	-2.613845e-01
5.086308e-01	8.525655e-01	-1.479702e-01
5.503651e-01	8.497453e-01	-1.547692e-01
5.191217e-01	8.206238e-01	-2.349501e-01
5.364317e-01	8.182935e-01	-2.367113e-01
4.722607e-01	7.278733e-01	-8.281590e-02
5.802618e-01	7.200579e-01	-7.881732e-02
4.547272e-01	5.987402e-01	-6.800190e-02
5.946172e-01	5.809367e-01	-4.516260e-02
4.279162e-01	4.773684e-01	-1.535636e-01
6.108710e-01	4.563797e-01	-1.573201e-01
4.206603e-01	4.385387e-01	-1.843486e-01
6.192020e-01	4.242319e-01	-1.926698e-01
4.247358e-01	4.387346e-01	-2.228441e-01
6.123574e-01	4.259942e-01	-2.280034e-01
4.314320e-01	4.526841e-01	-1.721764e-01
6.059132e-01	4.381351e-01	-1.760517e-01
4.880746e-01	4.479831e-01	5.110021e-05
5.495311e-01	4.473171e-01	7.508637e-05
4.660462e-01	2.640638e-01	2.370141e-02
5.626470e-01	2.602150e-01	3.456020e-02
4.620318e-01	9.613878e-02	1.885208e-01
5.690380e-01	9.748223e-02	2.069000e-01
4.703001e-01	6.882855e-02	1.952185e-01
5.585189e-01	6.919715e-02	2.155001e-01
4.322526e-01	4.409308e-02	8.761586e-02
5.990553e-01	4.029798e-02	1.060150e-01
5.278019e-01	8.386881e-01	-2.783818e-01
5.221145e-01	8.574483e-01	-2.595931e-01
5.179392e-01	8.568045e-01	-2.596200e-01
5.142836e-01	8.559974e-01	-2.595445e-01
5.355023e-01	8.571641e-01	-2.602344e-01
5.399556e-01	8.563413e-01	-2.602630e-01
5.446290e-01	8.552216e-01	-2.601288e-01
5.085854e-01	8.456072e-01	-1.468406e-01
5.503646e-01	8.438482e-01	-1.491480e-01
5.191268e-01	8.158562e-01	-2.360769e-01
5.364326e-01	8.135689e-01	-2.366703e-01
4.724434e-01	7.236722e-01	-8.539601e-02
5.800987e-01	7.190180e-01	-7.378297e-02
4.524518e-01	5.977116e-01	-7.079295e-02
5.975762e-01	5.799932e-01	-4.686499e-02
4.176877e-01	4.780731e-01	-1.628176e-01
6.226348e-01	4.562927e-01	-1.664107e-01
4.074687e-01	4.392563e-01	-1.949567e-01
6.373197e-01	4.244704e-01	-2.031958e-01
4.125426e-01	4.389202e-01	-2.345088e-01
6.350135e-01	4.246853e-01	-2.398623e-01
4.201951e-01	4.528536e-01	-1.820910e-01
6.259587e-01	4.351329e-01	-1.863665e-01
4.874932e-01	4.417014e-01	-1.841987e-04
5.494986e-01	4.412608e-01	3.182459e-04
4.644448e-01	2.586596e-01	1.959229e-02
5.639932e-01	2.582259e-01	3.218914e-02
4.616488e-01	9.596293e-02	2.097184e-01
5.688629e-01	9.774489e-02	2.240141e-01
4.702665e-01	6.879453e-02	2.218298e-01
5.582885e-01	6.974901e-02	2.348516e-01
4.317590e-01	4.401457e-02	1.153120e-01
5.989084e-01	4.059490e-02	1.220205e-01
5.291302e-01	8.303709e-01	-2.803854e-01
5.228851e-01	8.492488e-01	-2.635280e-01
5.183514e-01	8.488554e-01	-2.635571e-01
5.145791e-01	8.483649e-01	-2.635013e-01
5.361332e-01	8.486114e-01	-2.645720e-01
5.404502e-01	8.478404e-01	-2.645957e-01
5.450151e-01	8.470240e-01	-2.644576e-01
5.086099e-01	8.384592e-01	-1.495882e-01
5.503734e-01	8.372010e-01	-1.457670e-01
5.198222e-01	8.073973e-01	-2.386163e-01
5.369018e-01	8.056619e-01	-2.401896e-01
4.727198e-01	7.195276e-01	-8.678380e-02
5.796825e-01	7.171683e-01	-6.865437e-02
4.491678e-01	5.958092e-01	-8.229969e-02
6.013095e-01	5.800612e-01	-5.775470e-02
4.094240e-01	4.784596e-01	-2.022088e-01
6.338041e-01	4.577502e-01	-1.986183e-01
3.960550e-01	4.398235e-01	-2.396292e-01
6.510915e-01	4.261557e-01	-2.410964e-01
4.011262e-01	4.388918e-01	-2.814257e-01
6.480230e-01	4.249905e-01	-2.786413e-01
4.096208e-01	4.527726e-01	-2.229927e-01
6.394058e-01	4.355943e-01	-2.195754e-01
4.872984e-01	4.346684e-01	-3.824785e-04
5.495146e-01	4.356353e-01	5.221328e-04
4.610930e-01	2.519814e-01	-6.999786e-03
5.664331e-01	2.543976e-01	1.933611e-02
4.613449e-01	9.571721e-02	2.127700e-01
5.686540e-01	9.798669e-02	2.407915e-01
4.702241e-01	6.877677e-02	2.271133e-01
5.580367e-01	7.073643e-02	2.540944e-01
4.313060e-01	4.393981e-02	1.176713e-01
5.987989e-01	4.069355e-02	1.395116e-01
5.288446e-01	8.244699e-01	-2.828173e-01
5.227628e-01	8.426481e-01	-2.642650e-01
5.182467e-01	8.424618e-01	-2.642913e-01
5.145143e-01	8.421390e-01	-2.642126e-01
5.359515e-01	8.420147e-01	-2.645896e-01
5.402377e-01	8.414064e-01	-2.646062e-01
5.447923e-01	8.406948e-01	-2.644580e-01
5.085741e-01	8.323724e-01	-1.489083e-01
5.502916e-01	8.311415e-01	-1.463837e-01
5.196316e-01	8.020521e-01	-2.404463e-01
5.366472e-01	8.003785e-01	-2.410979e-01
4.729429e-01	7.148128e-01	-8.750135e-02
5.794307e-01	7.107966e-01	-7.042848e-02
4.455822e-01	5.935081e-01	-8.211020e-02
6.052123e-01	5.784394e-01	-6.489249e-02
4.039065e-01	4.802676e-01	-1.906944e-01
6.417128e-01	4.578986e-01	-1.971720e-01
3.913790e-01	4.428898e-01	-2.248774e-01
6.578253e-01	4.262108e-01	-2.361629e-01
3.950879e-01	4.408517e-01	-2.655530e-01
6.557528e-01	4.246267e-01	-2.737643e-01
4.026620e-01	4.539377e-01	-2.108435e-01
6.481080e-01	4.349726e-01	-2.179493e-01
4.867989e-01	4.288832e-01	-4.534811e-04
5.495311e-01	4.302936e-01	5.953565e-04
4.580047e-01	2.474418e-01	-1.514441e-02
5.687420e-01	2.501437e-01	1.010262e-02
4.611034e-01	9.521614e-02	2.117021e-01
5.686175e-01	9.787324e-02	2.357940e-01
4.701115e-01	6.876181e-02	2.247662e-01
5.579588e-01	7.071568e-02	2.482738e-01
4.310444e-01	4.360309e-02	1.157523e-01
5.988480e-01	4.069671e-02	1.343615e-01
5.288652e-01	8.154793e-01	-2.823480e-01
5.228416e-01	8.346258e-01	-2.623772e-01
5.182902e-01	8.344399e-01	-2.623936e-01
5.145496e-01	8.341167e-01	-2.622874e-01
5.359831e-01	8.337715e-01	-2.621092e-01
5.402617e-01	8.331365e-01	-2.621124e-01
5.448123e-01	8.322694e-01	-2.619454e-01
5.085803e-01	8.246083e-01	-1.452165e-01
5.502858e-01	8.223265e-01	-1.415337e-01
5.196570e-01	7.936965e-01	-2.394495e-01
5.366398e-01	7.915172e-01	-2.389259e-01
4.731641e-01	7.114970e-01	-8.636153e-02
5.792558e-01	7.042176e-01	-6.790995e-02
4.415110e-01	5.937799e-01	-1.022075e-01
6.082166e-01	5.781474e-01	-7.112938e-02
3.993208e-01	4.884185e-01	-2.512299e-01
6.474901e-01	4.606818e-01	-2.062189e-01
3.848831e-01	4.532695e-01	-2.905303e-01
6.638312e-01	4.285029e-01	-2.460972e-01
3.891477e-01	4.502169e-01	-3.315741e-01
6.617147e-01	4.254737e-01	-2.843183e-01
3.969894e-01	4.610740e-01	-2.725884e-01
6.540179e-01	4.350848e-01	-2.273346e-01
4.864043e-01	4.250375e-01	-3.986754e-04
5.495262e-01	4.261373e-01	5.357277e-04
4.563515e-01	2.447833e-01	-2.178008e-02
5.693743e-01	2.485999e-01	-2.155907e-04
4.606146e-01	9.506842e-02	2.087853e-01
5.684692e-01	9.764614e-02	2.264537e-01
4.697921e-01	6.887816e-02	2.241233e-01
5.578026e-01	7.069451e-02	2.406842e-01
4.305084e-01	4.255600e-02	1.141800e-01
5.989040e-01	4.032512e-02	1.338115e-01
5.284696e-01	8.044960e-01	-2.824909e-01
5.227087e-01	8.252896e-01	-2.638192e-01
5.181674e-01	8.250247e-01	-2.638373e-01
5.144792e-01	8.246314e-01	-2.637410e-01
5.358474e-01	8.242114e-01	-2.638425e-01
5.401255e-01	8.233603e-01	-2.638509e-01
5.447246e-01	8.222551e-01	-2.636930e-01
5.085451e-01	8.153869e-01	-1.446910e-01
5.502074e-01	8.116642e-01	-1.433761e-01
5.194312e-01	7.832854e-01	-2.403891e-01
5.362276e-01	7.800958e-01	-2.401430e-01
4.732606e-01	7.069798e-01	-8.614437e-02
5.786847e-01	6.957337e-01	-6.979911e-02
4.385117e-01	5.939006e-01	-1.153829e-01
6.087648e-01	5.783047e-01	-9.715295e-02
3.959513e-01	4.981809e-01	-2.772664e-01
6.495659e-01	4.707353e-01	-2.607293e-01
3.804674e-01	4.624896e-01	-3.193426e-01
6.659973e-01	4.335920e-01	-3.059690e-01
3.859740e-01	4.588507e-01	-3.592491e-01
6.632537e-01	4.289148e-01	-3.420425e-01
3.939648e-01	4.689023e-01	-2.984743e-01
6.552862e-01	4.388532e-01	-2.818194e-01
4.845566e-01	4.230281e-01	-4.294690e-04
5.483378e-01	4.218278e-01	5.715398e-04
4.553393e-01	2.437539e-01	-3.165068e-02
5.707529e-01	2.458208e-01	-1.551126e-02
4.603816e-01	9.478759e-02	2.031309e-01
5.681549e-01	9.717090e-02	2.119617e-01
4.696987e-01	6.881477e-02	2.200734e-01
5.569777e-01	7.046574e-02	2.257504e-01
4.303739e-01	4.232893e-02	1.133308e-01
5.988466e-01	3.865343e-02	1.163910e-01
5.280115e-01	7.916778e-01	-2.479798e-01
5.225662e-01	8.125294e-01	-2.264017e-01
5.180517e-01	8.129626e-01	-2.264285e-01
5.144097e-01	8.131894e-01	-2.263108e-01
5.356957e-01	8.109236e-01	-2.264688e-01
5.399667e-01	8.102666e-01	-2.264538e-01
5.445825e-01	8.095827e-01	-2.262655e-01
5.085284e-01	8.057294e-01	-1.077904e-01
5.500466e-01	8.006933e-01	-1.066436e-01
5.191585e-01	7.720772e-01	-2.051800e-01
5.356373e-01	7.681921e-01	-2.046730e-01
4.737706e-01	7.020639e-01	-6.123182e-02
5.777250e-01	6.858569e-01	-4.012739e-02
4.392082e-01	5.968142e-01	-1.073963e-01
6.109234e-01	5.783374e-01	-8.518477e-02
3.960846e-01	5.191453e-01	-2.832650e-01
6.536928e-01	4.764047e-01	-2.461090e-01
3.789480e-01	4.821486e-01	-3.266371e-01
6.692008e-01	4.420035e-01	-2.905059e-01
3.845080e-01	4.766424e-01	-3.634858e-01
6.672400e-01	4.358293e-01	-3.247370e-01
3.928905e-01	4.849001e-01	-3.034738e-01
6.598383e-01	4.444012e-01	-2.667719e-01
4.835274e-01	4.168687e-01	-5.000123e-04
5.474690e-01	4.147303e-01	6.462082e-04
4.537484e-01	2.408949e-01	-4.033873e-02
5.715042e-01	2.421508e-01	-2.329046e-02
4.602296e-01	9.477758e-02	1.930451e-01
5.678622e-01	9.701857e-02	1.989036e-01
4.696777e-01	6.887561e-02	2.100254e-01
5.563315e-01	7.044784e-02	2.125091e-01
4.301496e-01	4.216445e-02	1.109261e-01
5.985146e-01	3.838691e-02	1.079533e-01
5.278426e-01	7.808834e-01	-2.400652e-01
5.224920e-01	8.018202e-01	-2.184345e-01
5.179776e-01	8.023309e-01	-2.184742e-01
5.143582e-01	8.027774e-01	-2.183656e-01
5.356358e-01	8.000358e-01	-2.194355e-01
5.399207e-01	7.995927e-01	-2.194144e-01
5.445307e-01	7.990769e-01	-2.192475e-01
5.084269e-01	7.964036e-01	-9.860743e-02
5.498062e-01	7.909791e-01	-1.014741e-01
5.189581e-01	7.615090e-01	-1.962585e-01
5.354189e-01	7.574475e-01	-1.968753e-01
4.744972e-01	6.965678e-01	-4.827305e-02
5.775495e-01	6.783237e-01	-3.312013e-02
4.398797e-01	6.039388e-01	-9.911766e-02
6.127563e-01	5.791131e-01	-7.124820e-02
3.975387e-01	5.365558e-01	-2.841431e-01
6.557359e-01	4.869203e-01	-2.230170e-01
3.813097e-01	5.023938e-01	-3.279722e-01
6.724705e-01	4.551911e-01	-2.650074e-01
3.874651e-01	4.946044e-01	-3.634201e-01
6.699715e-01	4.506403e-01	-2.998643e-01
3.951070e-01	5.016091e-01	-3.042939e-01
6.623036e-01	4.581191e-01	-2.434661e-01
4.830115e-01	4.135504e-01	-6.410980e-04
5.467432e-01	4.101070e-01	7.891621e-04
4.523160e-01	2.387408e-01	-4.491886e-02
5.723437e-01	2.366807e-01	-2.381197e-02
4.600221e-01	9.466796e-02	1.889089e-01
5.672384e-01	9.625861e-02	1.980889e-01
4.695991e-01	6.886423e-02	2.056472e-01
5.558602e-01	6.964308e-02	2.117269e-01
4.300295e-01	4.212299e-02	1.052539e-01
5.983257e-01	3.827566e-02	1.057293e-01
5.269096e-01	7.678049e-01	-2.228098e-01
5.218203e-01	7.891821e-01	-2.020073e-01
5.174817e-01	7.896283e-01	-2.020582e-01
5.140082e-01	7.901575e-01	-2.019696e-01
5.352224e-01	7.873427e-01	-2.018716e-01
5.394595e-01	7.870339e-01	-2.018287e-01
5.441537e-01	7.867213e-01	-2.016593e-01
5.082218e-01	7.849426e-01	-8.530287e-02
5.494498e-01	7.792268e-01	-8.282630e-02
5.183452e-01	7.483385e-01	-1.800531e-01
5.348207e-01	7.438768e-01	-1.790633e-01
4.747988e-01	6.876314e-01	-3.953030e-02
5.768372e-01	6.693834e-01	-1.470406e-02
4.399981e-01	6.115645e-01	-9.549226e-02
6.118933e-01	5.816937e-01	-4.576078e-02
3.998095e-01	5.486128e-01	-2.831001e-01
6.538583e-01	4.999105e-01	-2.002510e-01
3.837342e-01	5.234283e-01	-3.241489e-01
6.694315e-01	4.746735e-01	-2.402420e-01
3.894192e-01	5.165442e-01	-3.583499e-01
6.677528e-01	4.714869e-01	-2.730015e-01
3.969012e-01	5.207277e-01	-3.025212e-01
6.600112e-01	4.764252e-01	-2.211237e-01
4.830050e-01	4.094361e-01	-1.443229e-03
5.460567e-01	4.063546e-01	1.597824e-03
4.509347e-01	2.354707e-01	-7.033475e-02
5.737700e-01	2.333876e-01	-3.492013e-02
4.600115e-01	9.464645e-02	1.577916e-01
5.669801e-01	9.609469e-02	1.827446e-01
4.696590e-01	6.883509e-02	1.735856e-01
5.558691e-01	6.982381e-02	1.961085e-01
4.296821e-01	4.238502e-02	6.937241e-02
5.983002e-01	3.856391e-02	9.260025e-02
5.256827e-01	7.544777e-01	-2.074960e-01
5.204841e-01	7.749606e-01	-1.880625e-01
5.165678e-01	7.757263e-01	-1.881244e-01
5.129019e-01	7.761831e-01	-1.880539e-01
5.343884e-01	7.730486e-01	-1.869195e-01
5.386804e-01	7.726020e-01	-1.868699e-01
5.432897e-01	7.719359e-01	-1.866618e-01
5.074641e-01	7.720465e-01	-7.701503e-02
5.488098e-01	7.653566e-01	-6.958602e-02
5.171715e-01	7.346954e-01	-1.667833e-01
5.337716e-01	7.308553e-01	-1.643926e-01
4.746600e-01	6.770318e-01	-4.426361e-02
5.749207e-01	6.644804e-01	-1.333620e-02
4.403669e-01	6.151925e-01	-1.877836e-01
6.109526e-01	5.855285e-01	-9.120473e-02
4.017704e-01	5.643571e-01	-4.573626e-01
6.503319e-01	5.147144e-01	-2.845992e-01
3.863296e-01	5.445482e-01	-5.126215e-01
6.679701e-01	4.898230e-01	-3.319579e-01
3.923249e-01	5.384505e-01	-5.369371e-01
6.638929e-01	4.887404e-01	-3.582451e-01
3.996526e-01	5.411111e-01	-4.747216e-01
6.561548e-01	4.913035e-01	-3.040023e-01
4.830557e-01	4.035582e-01	-2.101030e-03
5.454839e-01	4.008762e-01	2.277404e-03
4.504328e-01	2.331913e-01	-1.154221e-01
5.743559e-01	2.325519e-01	-4.962543e-02
4.598876e-01	9.478784e-02	9.187041e-02
5.660874e-01	9.609991e-02	1.521925e-01
4.695465e-01	6.936283e-02	1.056211e-01
5.553170e-01	7.067129e-02	1.637587e-01
4.294006e-01	4.245829e-02	1.822524e-03
5.973691e-01	3.993557e-02	6.622779e-02
5.242010e-01	7.439042e-01	-2.262948e-01
5.193260e-01	7.640638e-01	-2.061478e-01
5.157518e-01	7.648020e-01	-2.062014e-01
5.119733e-01	7.653201e-01	-2.061204e-01
5.331634e-01	7.623404e-01	-2.067599e-01
5.376539e-01	7.619754e-01	-2.067241e-01
5.421723e-01	7.612928e-01	-2.065309e-01
5.071183e-01	7.613423e-01	-8.932973e-02
5.483981e-01	7.547390e-01	-9.021570e-02
5.161533e-01	7.244399e-01	-1.831315e-01
5.326232e-01	7.208886e-01	-1.831057e-01
4.748213e-01	6.689431e-01	-4.992868e-02
5.749793e-01	6.562197e-01	-2.845260e-02
4.441973e-01	6.198227e-01	-2.085455e-01
6.136895e-01	5.820924e-01	-1.228952e-01
4.107116e-01	5.793669e-01	-4.880512e-01
6.553725e-01	5.063578e-01	-3.015985e-01
3.948936e-01	5.679970e-01	-5.444480e-01
6.735961e-01	4.775974e-01	-3.459025e-01
4.010226e-01	5.628966e-01	-5.649334e-01
6.663407e-01	4.765406e-01	-3.710886e-01
4.086971e-01	5.640312e-01	-5.044311e-01
6.570954e-01	4.830131e-01	-3.193556e-01
4.827077e-01	3.995687e-01	-1.565132e-03
5.452818e-01	3.945422e-01	1.741021e-03
4.504418e-01	2.306084e-01	-1.174699e-01
5.746226e-01	2.283233e-01	-5.463623e-02
4.597833e-01	9.542444e-02	1.025783e-01
5.652366e-01	9.553944e-02	1.572680e-01
4.693069e-01	7.153923e-02	1.178776e-01
5.545570e-01	7.068934e-02	1.697807e-01
4.293232e-01	4.290659e-02	1.388917e-02
5.970739e-01	3.993247e-02	6.870817e-02
5.237405e-01	7.326158e-01	-2.258234e-01
5.189236e-01	7.537552e-01	-2.067824e-01
5.154161e-01	7.542223e-01	-2.068457e-01
5.116885e-01	7.547818e-01	-2.067684e-01
5.326136e-01	7.520427e-01	-2.081968e-01
5.371033e-01	7.514109e-01	-2.081799e-01
5.416303e-01	7.507142e-01	-2.080429e-01
5.070046e-01	7.500899e-01	-8.807795e-02
5.479930e-01	7.427679e-01	-9.264041e-02
5.157094e-01	7.138371e-01	-1.809814e-01
5.322126e-01	7.100054e-01	-1.820071e-01
4.754760e-01	6.631894e-01	-3.685353e-02
5.738471e-01	6.494053e-01	-3.226252e-02
4.444821e-01	6.186970e-01	-1.776620e-01
6.129596e-01	5.823812e-01	-1.245280e-01
4.230017e-01	5.851219e-01	-4.225607e-01
6.524619e-01	5.198363e-01	-3.045280e-01
4.123568e-01	5.805018e-01	-4.719362e-01
6.691519e-01	4.866436e-01	-3.469762e-01
4.196174e-01	5.777731e-01	-4.871443e-01
6.633112e-01	4.895602e-01	-3.675527e-01
4.259733e-01	5.775422e-01	-4.362741e-01
6.563670e-01	4.983389e-01	-3.201376e-01
4.825977e-01	3.924661e-01	-6.135108e-04
5.449783e-01	3.880559e-01	7.515216e-04
4.490278e-01	2.261608e-01	-9.939418e-02
5.751314e-01	2.246524e-01	-6.178426e-02
4.595000e-01	9.590641e-02	1.258738e-01
5.649073e-01	9.561273e-02	1.573180e-01
4.689685e-01	7.344678e-02	1.417900e-01
5.540720e-01	7.286497e-02	1.710664e-01
4.284402e-01	4.347113e-02	3.971167e-02
5.955485e-01	3.973430e-02	7.093521e-02
5.229067e-01	7.192079e-01	-2.316014e-01
5.181684e-01	7.413250e-01	-2.129066e-01
5.148948e-01	7.418637e-01	-2.129685e-01
5.110000e-01	7.425110e-01	-2.129000e-01
5.318072e-01	7.396992e-01	-2.135389e-01
5.364533e-01	7.390223e-01	-2.135278e-01
5.410388e-01	7.381635e-01	-2.134124e-01
5.064179e-01	7.380285e-01	-9.480130e-02
5.476714e-01	7.299429e-01	-9.422164e-02
5.149704e-01	7.015738e-01	-1.867389e-01
5.315307e-01	6.976504e-01	-1.861038e-01
4.759950e-01	6.559411e-01	-4.459729e-02
5.719809e-01	6.431628e-01	-3.428839e-02
4.445045e-01	6.174778e-01	-2.037340e-01
6.022152e-01	5.839433e-01	-1.451256e-01
4.326722e-01	5.838730e-01	-4.614292e-01
6.257645e-01	5.596668e-01	-3.675865e-01
4.257070e-01	5.811484e-01	-5.163452e-01
6.435200e-01	5.441449e-01	-4.200329e-01
4.340214e-01	5.863701e-01	-5.341616e-01
6.340654e-01	5.576868e-01	-4.335134e-01
4.385752e-01	5.825875e-01	-4.768667e-01
6.251662e-01	5.577047e-01	-3.820504e-01
4.819288e-01	3.834118e-01	-6.131802e-04
5.443791e-01	3.804618e-01	7.504426e-04
4.483386e-01	2.227128e-01	-9.438800e-02
5.755542e-01	2.190666e-01	-4.702852e-02
4.590867e-01	9.592389e-02	1.371514e-01
5.648343e-01	9.561433e-02	2.041599e-01
4.681063e-01	7.408984e-02	1.494068e-01
5.539755e-01	7.422279e-02	2.217629e-01
4.280442e-01	4.358017e-02	4.918285e-02
5.955166e-01	3.946421e-02	1.148718e-01
5.225902e-01	7.068782e-01	-2.237911e-01
5.176277e-01	7.290630e-01	-2.078048e-01
5.144443e-01	7.297221e-01	-2.078714e-01
5.102440e-01	7.303517e-01	-2.078501e-01
5.313639e-01	7.273977e-01	-2.084738e-01
5.360907e-01	7.267763e-01	-2.084605e-01
5.407415e-01	7.258385e-01	-2.083483e-01
5.053083e-01	7.261396e-01	-9.617695e-02
5.475320e-01	7.177907e-01	-9.672121e-02
5.145593e-01	6.894132e-01	-1.811448e-01
5.312121e-01	6.860060e-01	-1.808473e-01
4.766205e-01	6.476450e-01	-7.478495e-02
5.713668e-01	6.341954e-01	-6.744573e-02
4.540610e-01	6.166422e-01	-3.196226e-01
5.933975e-01	5.895320e-01	-3.047616e-01
4.499830e-01	5.875630e-01	-6.055876e-01
6.069868e-01	5.689048e-01	-6.109525e-01
4.400552e-01	5.906730e-01	-6.729964e-01
6.211348e-01	5.657777e-01	-6.809412e-01
4.513078e-01	5.886786e-01	-6.805009e-01
6.114370e-01	5.711442e-01	-6.850938e-01
4.583039e-01	5.825465e-01	-6.186900e-01
6.016669e-01	5.676347e-01	-6.259292e-01
4.816007e-01	3.785281e-01	3.292169e-04
5.441998e-01	3.751518e-01	-2.219523e-04
4.472530e-01	2.202372e-01	-1.128056e-01
5.761054e-01	2.140304e-01	-4.549566e-02
4.588677e-01	9.592972e-02	1.325189e-01
5.641661e-01	9.561598e-02	2.141057e-01
4.678363e-01	7.480147e-02	1.485616e-01
5.533260e-01	7.483056e-02	2.317922e-01
4.278992e-01	4.361835e-02	3.845157e-02
5.951562e-01	3.976188e-02	1.267532e-01
5.224997e-01	6.925344e-01	-1.705266e-01
5.173233e-01	7.135881e-01	-1.555356e-01
5.141096e-01	7.144378e-01	-1.555639e-01
5.097847e-01	7.150718e-01	-1.555288e-01
5.308992e-01	7.117533e-01	-1.587408e-01
5.355723e-01	7.114003e-01	-1.587186e-01
5.400892e-01	7.106405e-01	-1.585982e-01
5.046552e-01	7.124569e-01	-4.697566e-02
5.469643e-01	7.048211e-01	-6.076891e-02
5.143988e-01	6.759573e-01	-1.275568e-01
5.309826e-01	6.735553e-01	-1.309972e-01
4.768251e-01	6.391671e-01	-6.351709e-03
5.695171e-01	6.259755e-01	-4.555815e-02
4.612531e-01	6.159949e-01	-1.110441e-01
5.818745e-01	5.912909e-01	-2.228164e-01
4.580217e-01	5.862437e-01	-2.265362e-01
5.905361e-01	5.685629e-01	-4.660018e-01
4.471844e-01	5.919521e-01	-2.546776e-01
6.025566e-01	5.749565e-01	-5.191060e-01
4.584273e-01	5.851270e-01	-2.683893e-01
5.968460e-01	5.744231e-01	-5.259486e-01
4.649288e-01	5.781637e-01	-2.367939e-01
5.874427e-01	5.675699e-01	-4.788331e-01
4.807510e-01	3.763827e-01	4.830064e-03
5.438972e-01	3.718874e-01	-4.833831e-03
4.461567e-01	2.169468e-01	-1.117565e-01
5.763549e-01	2.088898e-01	-5.332183e-02
4.587546e-01	9.595216e-02	1.565195e-01
5.637026e-01	9.556454e-02	2.076921e-01
4.676681e-01	7.582968e-02	1.756718e-01
5.528570e-01	7.578606e-02	2.233903e-01
4.274905e-01	4.361196e-02	8.485598e-02
5.951766e-01	3.969086e-02	1.287759e-01
5.223713e-01	6.831585e-01	-1.626756e-01
5.170330e-01	7.036304e-01	-1.471177e-01
5.138173e-01	7.042060e-01	-1.471268e-01
5.094118e-01	7.045971e-01	-1.470690e-01
5.303945e-01	7.023329e-01	-1.502880e-01
5.350651e-01	7.020450e-01	-1.502797e-01
5.394987e-01	7.013347e-01	-1.501734e-01
5.040547e-01	7.006938e-01	-3.980644e-02
5.462948e-01	6.949512e-01	-5.372990e-02
5.142581e-01	6.657611e-01	-1.206584e-01
5.307905e-01	6.640909e-01	-1.241218e-01
4.769103e-01	6.277027e-01	-1.524968e-03
5.677544e-01	6.177999e-01	-4.600234e-02
4.620604e-01	6.145548e-01	-1.199868e-01
5.804660e-01	5.911673e-01	-2.665259e-01
4.592885e-01	5.810179e-01	-2.583660e-01
5.864565e-01	5.711251e-01	-5.303499e-01
4.506223e-01	5.838214e-01	-2.897862e-01
5.977377e-01	5.775439e-01	-5.872932e-01
4.613363e-01	5.775060e-01	-3.009730e-01
5.903072e-01	5.761897e-01	-5.879095e-01
4.674423e-01	5.721235e-01	-2.685078e-01
5.830482e-01	5.701426e-01	-5.413722e-01
4.804838e-01	3.709928e-01	6.928014e-03
5.433791e-01	3.661405e-01	-6.974156e-03
4.456012e-01	2.129134e-01	-9.921900e-02
5.766047e-01	2.052134e-01	-7.572063e-02
4.587162e-01	9.616759e-02	1.510738e-01
5.635091e-01	9.636723e-02	1.825158e-01
4.675306e-01	7.720745e-02	1.711978e-01
5.526578e-01	7.817089e-02	2.032812e-01
4.271070e-01	4.347847e-02	7.813960e-02
5.944128e-01	3.968108e-02	1.230640e-01
5.219601e-01	6.755961e-01	-1.681837e-01
5.164920e-01	6.959298e-01	-1.517530e-01
5.132188e-01	6.962231e-01	-1.517775e-01
5.086923e-01	6.966075e-01	-1.517316e-01
5.295836e-01	6.952730e-01	-1.545664e-01
5.343524e-01	6.950104e-01	-1.545625e-01
5.386695e-01	6.944109e-01	-1.544732e-01
5.033483e-01	6.910422e-01	-4.273720e-02
5.451936e-01	6.870100e-01	-5.469630e-02
5.140034e-01	6.578318e-01	-1.258508e-01
5.304192e-01	6.564131e-01	-1.287118e-01
4.769210e-01	6.157630e-01	-1.201002e-02
5.662392e-01	6.096808e-01	-5.631711e-02
4.689880e-01	6.046827e-01	-1.941979e-01
5.791725e-01	5.896990e-01	-3.157302e-01
4.661363e-01	5.775933e-01	-4.062927e-01
5.826106e-01	5.711153e-01	-5.965629e-01
4.610047e-01	5.805634e-01	-4.522205e-01
5.916616e-01	5.756126e-01	-6.590033e-01
4.682991e-01	5.759107e-01	-4.585431e-01
5.827094e-01	5.757153e-01	-6.560509e-01
4.740383e-01	5.694254e-01	-4.172257e-01
5.766667e-01	5.701227e-01	-6.069338e-01
4.806388e-01	3.658913e-01	8.818936e-03
5.432854e-01	3.604836e-01	-8.850726e-03
4.446422e-01	2.125324e-01	-1.055028e-01
5.765475e-01	2.045531e-01	-7.320847e-02
4.587174e-01	9.610415e-02	1.355153e-01
5.633802e-01	9.641942e-02	1.841597e-01
4.675375e-01	7.709119e-02	1.540217e-01
5.525563e-01	7.809731e-02	2.039580e-01
4.257782e-01	4.308331e-02	6.133095e-02
5.943549e-01	3.972449e-02	1.188584e-01
5.217093e-01	6.721785e-01	-1.535062e-01
5.160834e-01	6.924698e-01	-1.372468e-01
5.126842e-01	6.927084e-01	-1.372814e-01
5.080113e-01	6.926866e-01	-1.372532e-01
5.292391e-01	6.918414e-01	-1.399058e-01
5.339917e-01	6.913529e-01	-1.399042e-01
5.383431e-01	6.907614e-01	-1.398198e-01
5.026555e-01	6.850989e-01	-3.382934e-02
5.444694e-01	6.819454e-01	-4.508550e-02
5.137959e-01	6.535040e-01	-1.136914e-01
5.302470e-01	6.521419e-01	-1.163700e-01
4.776353e-01	6.073749e-01	-1.873568e-02
5.649370e-01	6.013564e-01	-5.509976e-02
4.727150e-01	5.941751e-01	-2.326802e-01
5.767528e-01	5.863627e-01	-3.152009e-01
4.717765e-01	5.761590e-01	-4.634829e-01
5.770781e-01	5.694994e-01	-5.922266e-01
4.664782e-01	5.795187e-01	-5.139579e-01
5.859553e-01	5.758757e-01	-6.533629e-01
4.739475e-01	5.780895e-01	-5.186765e-01
5.771916e-01	5.768250e-01	-6.508680e-01
4.774724e-01	5.709391e-01	-4.741088e-01
5.718507e-01	5.702116e-01	-6.028770e-01
4.809812e-01	3.633874e-01	8.329766e-03
5.431730e-01	3.579415e-01	-8.350551e-03
4.441098e-01	2.092765e-01	-9.843060e-02
5.766369e-01	2.031873e-01	-7.921152e-02
4.585944e-01	9.646051e-02	1.453983e-01
5.630900e-01	9.742770e-02	1.812797e-01
4.673429e-01	7.821872e-02	1.652516e-01
5.523166e-01	7.897376e-02	2.020834e-01
4.252601e-01	4.264155e-02	7.585324e-02
5.939165e-01	3.991272e-02	1.166916e-01
5.213414e-01	6.629002e-01	-1.403372e-01
5.155590e-01	6.836625e-01	-1.236143e-01
5.119603e-01	6.838654e-01	-1.236402e-01
5.072518e-01	6.836770e-01	-1.236114e-01
5.286881e-01	6.834514e-01	-1.257068e-01
5.334331e-01	6.831774e-01	-1.256976e-01
5.378115e-01	6.827686e-01	-1.255815e-01
5.020351e-01	6.764925e-01	-2.023615e-02
5.438885e-01	6.746892e-01	-2.944679e-02
5.136486e-01	6.443078e-01	-1.006107e-01
5.300153e-01	6.437784e-01	-1.027325e-01
4.785801e-01	6.036386e-01	-1.707162e-02
5.647010e-01	5.977294e-01	-4.308753e-02
4.763779e-01	5.904621e-01	-2.505453e-01
5.747800e-01	5.812719e-01	-2.990445e-01
4.753599e-01	5.747918e-01	-4.990399e-01
5.739745e-01	5.672780e-01	-5.705868e-01
4.692764e-01	5.832275e-01	-5.554006e-01
5.795482e-01	5.733324e-01	-6.314301e-01
4.773258e-01	5.818865e-01	-5.569398e-01
5.721439e-01	5.749062e-01	-6.284755e-01
4.824650e-01	5.729989e-01	-5.092793e-01
5.660593e-01	5.680158e-01	-5.809577e-01
4.810020e-01	3.617190e-01	8.082743e-03
5.427392e-01	3.560705e-01	-8.113343e-03
4.438072e-01	2.089672e-01	-1.004817e-01
5.765809e-01	2.022726e-01	-8.834728e-02
4.582654e-01	9.748302e-02	1.457494e-01
5.628779e-01	9.913790e-02	1.702382e-01
4.668738e-01	8.026391e-02	1.654399e-01
5.522450e-01	8.079766e-02	1.910789e-01
4.244348e-01	4.263798e-02	7.781066e-02
5.935349e-01	4.019218e-02	1.116171e-01
5.212771e-01	6.563181e-01	-1.383103e-01
5.154113e-01	6.769055e-01	-1.211773e-01
5.117707e-01	6.771842e-01	-1.212137e-01
5.070175e-01	6.770733e-01	-1.211976e-01
5.285639e-01	6.763315e-01	-1.231445e-01
5.332788e-01	6.759085e-01	-1.231260e-01
5.376820e-01	6.753463e-01	-1.230059e-01
5.015718e-01	6.693153e-01	-1.840327e-02
5.436859e-01	6.666092e-01	-2.705765e-02
5.135742e-01	6.370932e-01	-9.908599e-02
5.299698e-01	6.365566e-01	-1.010640e-01
4.788224e-01	5.958335e-01	-1.993012e-02
5.645238e-01	5.896910e-01	-4.045596e-02
4.784400e-01	5.852749e-01	-2.668215e-01
5.695941e-01	5.767974e-01	-2.997754e-01
4.793737e-01	5.742486e-01	-5.198694e-01
5.694182e-01	5.666295e-01	-5.640212e-01
4.756936e-01	5.817401e-01	-5.781413e-01
5.751570e-01	5.708250e-01	-6.236461e-01
4.820385e-01	5.814213e-01	-5.777757e-01
5.684732e-01	5.734338e-01	-6.209410e-01
4.859399e-01	5.729109e-01	-5.296174e-01
5.633603e-01	5.657227e-01	-5.744437e-01
4.815035e-01	3.575862e-01	8.025814e-03
5.427654e-01	3.519939e-01	-8.054012e-03
4.434711e-01	2.080414e-01	-1.131441e-01
5.765694e-01	2.018375e-01	-9.618121e-02
4.581949e-01	9.784329e-02	1.417136e-01
5.628751e-01	1.005274e-01	1.608374e-01
4.667102e-01	8.109362e-02	1.614977e-01
5.522830e-01	8.210491e-02	1.813463e-01
4.242827e-01	4.263390e-02	7.575120e-02
5.931190e-01	4.089324e-02	1.007978e-01
5.212958e-01	6.495110e-01	-1.312693e-01
5.153661e-01	6.700283e-01	-1.139238e-01
5.117069e-01	6.702534e-01	-1.139583e-01
5.069402e-01	6.701141e-01	-1.139452e-01
5.285941e-01	6.692609e-01	-1.162452e-01
5.333109e-01	6.688212e-01	-1.162324e-01
5.377315e-01	6.682225e-01	-1.161236e-01
5.012414e-01	6.620131e-01	-1.123537e-02
5.436898e-01	6.596211e-01	-2.134872e-02
5.135641e-01	6.298697e-01	-9.203582e-02
5.299844e-01	6.291640e-01	-9.444600e-02
4.788891e-01	5.891170e-01	-1.378918e-02
5.644997e-01	5.815691e-01	-3.617984e-02
4.814385e-01	5.783696e-01	-2.517922e-01
5.710083e-01	5.681154e-01	-2.925442e-01
4.841216e-01	5.730450e-01	-5.006199e-01
5.697494e-01	5.639827e-01	-5.543544e-01
4.798826e-01	5.794293e-01	-5.569906e-01
5.735368e-01	5.668309e-01	-6.132981e-01
4.854511e-01	5.785742e-01	-5.573630e-01
5.679331e-01	5.699223e-01	-6.106626e-01
4.887981e-01	5.711186e-01	-5.104722e-01
5.636674e-01	5.622171e-01	-5.644975e-01
4.818691e-01	3.549671e-01	7.967659e-03
5.427852e-01	3.489976e-01	-7.996494e-03
4.435838e-01	2.077329e-01	-1.063136e-01
5.765247e-01	2.010903e-01	-9.771611e-02
4.581919e-01	9.828041e-02	1.473312e-01
5.627680e-01	1.022916e-01	1.628190e-01
4.666440e-01	8.174981e-02	1.674562e-01
5.521594e-01	8.359970e-02	1.837939e-01
4.243641e-01	4.305286e-02	8.493739e-02
5.926200e-01	4.172958e-02	1.017960e-01
5.205398e-01	6.419225e-01	-1.281796e-01
5.148144e-01	6.628739e-01	-1.112541e-01
5.108687e-01	6.632493e-01	-1.112857e-01
5.063362e-01	6.632568e-01	-1.112744e-01
5.278938e-01	6.622190e-01	-1.142980e-01
5.327480e-01	6.619101e-01	-1.142851e-01
5.372390e-01	6.615061e-01	-1.141744e-01
5.009635e-01	6.570553e-01	-7.764436e-03
5.435238e-01	6.541090e-01	-2.084302e-02
5.132285e-01	6.229567e-01	-8.815743e-02
5.295312e-01	6.224049e-01	-9.146567e-02
4.788659e-01	5.886227e-01	-3.579803e-03
5.643569e-01	5.772457e-01	-3.484211e-02
4.803735e-01	5.754712e-01	-2.361586e-01
5.679523e-01	5.620502e-01	-2.915553e-01
4.826048e-01	5.634163e-01	-4.835520e-01
5.690393e-01	5.612478e-01	-5.522625e-01
4.791096e-01	5.666384e-01	-5.370543e-01
5.730895e-01	5.639845e-01	-6.097563e-01
4.854861e-01	5.655434e-01	-5.378402e-01
5.689490e-01	5.669763e-01	-6.074246e-01
4.885277e-01	5.579035e-01	-4.932150e-01
5.635464e-01	5.602104e-01	-5.621048e-01
4.820873e-01	3.537925e-01	7.750075e-03
5.428019e-01	3.475232e-01	-7.765082e-03
4.437545e-01	2.078884e-01	-1.040211e-01
5.765091e-01	2.018214e-01	-1.019083e-01
4.580910e-01	9.912928e-02	1.524603e-01
5.626631e-01	1.030195e-01	1.545403e-01
4.663766e-01	8.261117e-02	1.724068e-01
5.521662e-01	8.415639e-02	1.756917e-01
4.244231e-01	4.381365e-02	9.305667e-02
5.921797e-01	4.179608e-02	9.792565e-02
5.199045e-01	6.375340e-01	-1.243667e-01
5.143676e-01	6.581636e-01	-1.074021e-01
5.102596e-01	6.585091e-01	-1.074424e-01
5.058881e-01	6.585597e-01	-1.074391e-01
5.272354e-01	6.575774e-01	-1.101656e-01
5.321711e-01	6.572985e-01	-1.101449e-01
5.366916e-01	6.569207e-01	-1.100283e-01
5.007786e-01	6.522543e-01	-6.267772e-03
5.433419e-01	6.491868e-01	-1.816873e-02
5.129912e-01	6.183792e-01	-8.555280e-02
5.290079e-01	6.181960e-01	-8.849348e-02
4.789721e-01	5.847842e-01	-7.540793e-03
5.643448e-01	5.728559e-01	-3.199143e-02
4.798838e-01	5.724561e-01	-2.505002e-01
5.664303e-01	5.581335e-01	-2.842706e-01
4.835929e-01	5.608995e-01	-5.023535e-01
5.648741e-01	5.587584e-01	-5.379392e-01
4.805191e-01	5.651370e-01	-5.583292e-01
5.700232e-01	5.626943e-01	-5.946163e-01
4.867485e-01	5.649691e-01	-5.570062e-01
5.654448e-01	5.651851e-01	-5.932117e-01
4.899212e-01	5.572721e-01	-5.115629e-01
5.609495e-01	5.589208e-01	-5.479857e-01
4.822660e-01	3.506841e-01	7.589767e-03
5.428157e-01	3.446917e-01	-7.604406e-03
4.438041e-01	2.084008e-01	-1.122925e-01
5.764799e-01	2.025200e-01	-1.141878e-01
4.579422e-01	9.958995e-02	1.404192e-01
5.625119e-01	1.034742e-01	1.346302e-01
4.661347e-01	8.308303e-02	1.597148e-01
5.521668e-01	8.431688e-02	1.547019e-01
4.244041e-01	4.417732e-02	8.702473e-02
5.920361e-01	4.206949e-02	7.814150e-02
5.194886e-01	6.321567e-01	-1.291622e-01
5.140978e-01	6.533473e-01	-1.133286e-01
5.099417e-01	6.537602e-01	-1.133607e-01
5.056520e-01	6.539587e-01	-1.133564e-01
5.268714e-01	6.526345e-01	-1.153530e-01
5.319012e-01	6.524950e-01	-1.153333e-01
5.365210e-01	6.522295e-01	-1.152066e-01
5.007281e-01	6.488615e-01	-1.512019e-02
5.433671e-01	6.461024e-01	-2.402588e-02
5.128431e-01	6.135241e-01	-9.151872e-02
5.287024e-01	6.132141e-01	-9.351467e-02
4.791866e-01	5.826001e-01	-1.058413e-02
5.644726e-01	5.712183e-01	-3.139857e-02
4.796447e-01	5.690000e-01	-2.625242e-01
5.681416e-01	5.453622e-01	-2.813421e-01
4.843174e-01	5.565866e-01	-5.166522e-01
5.659211e-01	5.448433e-01	-5.218901e-01
4.810886e-01	5.630809e-01	-5.737177e-01
5.702971e-01	5.577156e-01	-5.774574e-01
4.883091e-01	5.639886e-01	-5.712093e-01
5.662833e-01	5.629805e-01	-5.723118e-01
4.925556e-01	5.551856e-01	-5.252206e-01
5.608875e-01	5.558918e-01	-5.297711e-01
4.824342e-01	3.506134e-01	5.460252e-03
5.426604e-01	3.446185e-01	-5.432509e-03
4.438671e-01	2.083923e-01	-1.153480e-01
5.763404e-01	2.029747e-01	-1.107573e-01
4.578333e-01	1.000432e-01	1.309124e-01
5.622384e-01	1.035003e-01	1.315210e-01
4.659824e-01	8.324856e-02	1.494792e-01
5.521635e-01	8.433126e-02	1.505747e-01
4.244011e-01	4.443520e-02	7.677245e-02
5.916712e-01	4.206940e-02	7.606970e-02
5.193925e-01	6.281865e-01	-1.276111e-01
5.139953e-01	6.498041e-01	-1.119887e-01
5.098265e-01	6.502681e-01	-1.120208e-01
5.055648e-01	6.505006e-01	-1.120205e-01
5.268019e-01	6.490144e-01	-1.139299e-01
5.318571e-01	6.488401e-01	-1.139069e-01
5.365178e-01	6.485261e-01	-1.137739e-01
5.006887e-01	6.459912e-01	-1.540533e-02
5.434013e-01	6.425930e-01	-2.347590e-02
5.127663e-01	6.096879e-01	-9.037344e-02
5.285813e-01	6.091741e-01	-9.224743e-02
4.791959e-01	5.793396e-01	-1.249217e-02
5.644826e-01	5.682181e-01	-2.923633e-02
4.791036e-01	5.652186e-01	-2.580977e-01
5.683024e-01	5.390186e-01	-2.698486e-01
4.835984e-01	5.526662e-01	-5.110431e-01
5.654536e-01	5.346760e-01	-5.101811e-01
4.802047e-01	5.593899e-01	-5.677400e-01
5.691561e-01	5.484372e-01	-5.654514e-01
4.875056e-01	5.616071e-01	-5.661276e-01
5.656723e-01	5.577962e-01	-5.618981e-01
4.914182e-01	5.529266e-01	-5.198327e-01
5.601486e-01	5.497646e-01	-5.187816e-01
4.825785e-01	3.492648e-01	4.599618e-03
5.423414e-01	3.432908e-01	-4.549199e-03
4.438837e-01	2.086687e-01	-1.304322e-01
5.761400e-01	2.032964e-01	-1.143074e-01
4.578070e-01	1.003499e-01	1.095918e-01
5.620379e-01	1.036263e-01	1.187941e-01
4.658973e-01	8.327925e-02	1.275610e-01
5.521088e-01	8.442237e-02	1.368028e-01
4.244168e-01	4.484671e-02	5.154965e-02
5.910413e-01	4.206690e-02	6.229363e-02
5.193931e-01	6.250580e-01	-1.290646e-01
5.139693e-01	6.468887e-01	-1.136469e-01
5.098207e-01	6.474209e-01	-1.136763e-01
5.055749e-01	6.477794e-01	-1.136735e-01
5.267853e-01	6.460288e-01	-1.154511e-01
5.318306e-01	6.459025e-01	-1.154271e-01
5.365102e-01	6.456775e-01	-1.152944e-01
5.007092e-01	6.437973e-01	-1.789442e-02
5.434110e-01	6.401441e-01	-2.548249e-02
5.127625e-01	6.070093e-01	-9.228622e-02
5.285348e-01	6.065518e-01	-9.398776e-02
4.793924e-01	5.775999e-01	-1.829340e-02
5.645498e-01	5.665717e-01	-3.057888e-02
4.792735e-01	5.639766e-01	-2.669117e-01
5.686510e-01	5.380825e-01	-2.676189e-01
4.835858e-01	5.500590e-01	-5.216774e-01
5.657727e-01	5.324948e-01	-5.059505e-01
4.798781e-01	5.572262e-01	-5.792640e-01
5.708481e-01	5.448685e-01	-5.610770e-01
4.877269e-01	5.589861e-01	-5.772017e-01
5.657400e-01	5.530889e-01	-5.587105e-01
4.917341e-01	5.499469e-01	-5.304016e-01
5.612535e-01	5.454876e-01	-5.151227e-01
4.826244e-01	3.480842e-01	3.866908e-03
5.421667e-01	3.419588e-01	-3.803343e-03
4.439912e-01	2.086159e-01	-1.365930e-01
5.759839e-01	2.034660e-01	-1.184576e-01
4.577635e-01	1.009846e-01	1.111225e-01
5.619443e-01	1.038196e-01	1.220650e-01
4.658356e-01	8.382259e-02	1.298845e-01
5.520504e-01	8.464997e-02	1.409028e-01
4.245133e-01	4.504102e-02	5.265993e-02
5.904016e-01	4.205583e-02	6.596421e-02
5.194591e-01	6.233291e-01	-1.239730e-01
5.139845e-01	6.452079e-01	-1.087227e-01
5.098323e-01	6.457313e-01	-1.087507e-01
5.055894e-01	6.461746e-01	-1.087429e-01
5.268074e-01	6.443605e-01	-1.100689e-01
5.318639e-01	6.443198e-01	-1.100425e-01
5.366035e-01	6.441969e-01	-1.099077e-01
5.007415e-01	6.423584e-01	-1.481617e-02
5.435293e-01	6.390578e-01	-2.006331e-02
5.128233e-01	6.054701e-01	-8.782319e-02
5.285443e-01	6.050395e-01	-8.890544e-02
4.796723e-01	5.769469e-01	-1.826895e-02
5.645162e-01	5.665692e-01	-2.513691e-02
4.791766e-01	5.620897e-01	-2.611283e-01
5.686995e-01	5.368473e-01	-2.549088e-01
4.828205e-01	5.479972e-01	-5.122516e-01
5.660101e-01	5.321097e-01	-4.948164e-01
4.791636e-01	5.560189e-01	-5.689603e-01
5.717154e-01	5.431260e-01	-5.495822e-01
4.876218e-01	5.590647e-01	-5.668912e-01
5.661341e-01	5.510743e-01	-5.473961e-01
4.920381e-01	5.482954e-01	-5.207347e-01
5.618261e-01	5.434152e-01	-5.040009e-01
4.827545e-01	3.479325e-01	2.855836e-03
5.419490e-01	3.418804e-01	-2.793978e-03
4.441470e-01	2.080412e-01	-1.355287e-01
5.758857e-01	2.033886e-01	-1.185442e-01
4.576727e-01	1.011448e-01	1.122095e-01
5.619448e-01	1.040409e-01	1.253610e-01
4.656351e-01	8.410967e-02	1.311925e-01
5.520465e-01	8.509405e-02	1.447966e-01
4.246435e-01	4.537683e-02	5.420725e-02
5.898419e-01	4.214463e-02	7.116239e-02
5.197076e-01	6.208692e-01	-1.191734e-01
5.140191e-01	6.432508e-01	-1.038404e-01
5.099364e-01	6.436891e-01	-1.038634e-01
5.056772e-01	6.440480e-01	-1.038499e-01
5.268908e-01	6.426293e-01	-1.052018e-01
5.319525e-01	6.427473e-01	-1.051749e-01
5.367683e-01	6.428106e-01	-1.050373e-01
5.008262e-01	6.404994e-01	-9.867224e-03
5.436892e-01	6.381541e-01	-1.512578e-02
5.130488e-01	6.032124e-01	-8.297331e-02
5.287648e-01	6.031004e-01	-8.409574e-02
4.797171e-01	5.757678e-01	-1.467443e-02
5.644400e-01	5.674033e-01	-2.150426e-02
4.788156e-01	5.610590e-01	-2.556644e-01
5.691181e-01	5.380410e-01	-2.508808e-01
4.819802e-01	5.438135e-01	-5.056452e-01
5.668414e-01	5.325133e-01	-4.895638e-01
4.782447e-01	5.534176e-01	-5.620502e-01
5.729667e-01	5.423408e-01	-5.439472e-01
4.867455e-01	5.561431e-01	-5.600729e-01
5.660207e-01	5.491006e-01	-5.413734e-01
4.911383e-01	5.458546e-01	-5.140949e-01
5.614282e-01	5.411135e-01	-4.984149e-01
4.829892e-01	3.485318e-01	2.403623e-03
5.419538e-01	3.428075e-01	-2.345209e-03
4.445833e-01	2.079854e-01	-1.350050e-01
5.758711e-01	2.032591e-01	-1.185028e-01
4.576246e-01	1.013327e-01	1.114216e-01
5.619466e-01	1.046415e-01	1.278769e-01
4.655219e-01	8.423689e-02	1.305040e-01
5.520519e-01	8.606989e-02	1.477458e-01
4.246988e-01	4.559174e-02	5.482538e-02
5.894883e-01	4.256425e-02	7.460709e-02
5.199711e-01	6.207855e-01	-1.248560e-01
5.140989e-01	6.430433e-01	-1.092376e-01
5.100824e-01	6.434255e-01	-1.092652e-01
5.057805e-01	6.438314e-01	-1.092528e-01
5.270714e-01	6.425964e-01	-1.107647e-01
5.321036e-01	6.428442e-01	-1.107412e-01
5.370121e-01	6.430308e-01	-1.106088e-01
5.009368e-01	6.404970e-01	-1.293137e-02
5.439243e-01	6.380791e-01	-1.918294e-02
5.132867e-01	6.028323e-01	-8.781870e-02
5.289356e-01	6.030344e-01	-8.915642e-02
4.797492e-01	5.751384e-01	-1.608182e-02
5.644618e-01	5.667152e-01	-2.401352e-02
4.785489e-01	5.608417e-01	-2.617699e-01
5.694122e-01	5.372128e-01	-2.522910e-01
4.814400e-01	5.442122e-01	-5.152168e-01
5.675018e-01	5.312164e-01	-4.939583e-01
4.779339e-01	5.525578e-01	-5.729042e-01
5.734502e-01	5.403398e-01	-5.502560e-01
4.861580e-01	5.558243e-01	-5.698800e-01
5.666232e-01	5.462212e-01	-5.442478e-01
4.903979e-01	5.464277e-01	-5.233493e-01
5.622123e-01	5.394260e-01	-5.015851e-01
4.832525e-01	3.487443e-01	2.267149e-03
5.420111e-01	3.431473e-01	-2.209963e-03
4.450119e-01	2.073113e-01	-1.337490e-01
5.758607e-01	2.026896e-01	-1.157703e-01
4.576176e-01	1.013572e-01	1.259802e-01
5.619662e-01	1.048490e-01	1.362240e-01
4.654845e-01	8.423959e-02	1.462996e-01
5.520529e-01	8.652288e-02	1.584169e-01
4.248465e-01	4.566915e-02	7.179850e-02
5.893723e-01	4.265635e-02	8.878461e-02
5.200164e-01	6.217414e-01	-1.294750e-01
5.141183e-01	6.432331e-01	-1.143039e-01
5.101220e-01	6.434578e-01	-1.143478e-01
5.058125e-01	6.438184e-01	-1.143532e-01
5.271012e-01	6.432083e-01	-1.158415e-01
5.321333e-01	6.435680e-01	-1.158182e-01
5.370884e-01	6.437563e-01	-1.156997e-01
5.011306e-01	6.401990e-01	-1.807786e-02
5.441573e-01	6.380634e-01	-2.462320e-02
5.133885e-01	6.028216e-01	-9.249821e-02
5.289751e-01	6.034384e-01	-9.386989e-02
4.800660e-01	5.751739e-01	-2.029437e-02
5.645741e-01	5.658403e-01	-2.712596e-02
4.784271e-01	5.608204e-01	-2.640402e-01
5.695543e-01	5.356357e-01	-2.607537e-01
4.812032e-01	5.447788e-01	-5.199351e-01
5.679716e-01	5.315303e-01	-5.155557e-01
4.775783e-01	5.521042e-01	-5.780451e-01
5.740916e-01	5.378891e-01	-5.735785e-01
4.856628e-01	5.554033e-01	-5.763946e-01
5.673975e-01	5.448885e-01	-5.707067e-01
4.898677e-01	5.467266e-01	-5.286611e-01
5.624985e-01	5.386710e-01	-5.249232e-01
4.836751e-01	3.487923e-01	2.299786e-03
5.422406e-01	3.432439e-01	-2.242286e-03
4.453150e-01	2.073806e-01	-1.300049e-01
5.758444e-01	2.025313e-01	-1.147707e-01
4.576141e-01	1.015878e-01	1.269048e-01
5.620342e-01	1.049018e-01	1.383246e-01
4.654824e-01	8.429382e-02	1.470758e-01
5.520662e-01	8.653253e-02	1.606108e-01
4.249378e-01	4.580719e-02	7.062963e-02
5.893324e-01	4.271456e-02	8.853760e-02
5.201278e-01	6.224503e-01	-1.303549e-01
5.141869e-01	6.436536e-01	-1.151233e-01
5.102391e-01	6.438066e-01	-1.151624e-01
5.059074e-01	6.441541e-01	-1.151615e-01
5.272322e-01	6.438501e-01	-1.167402e-01
5.322339e-01	6.442431e-01	-1.167176e-01
5.372204e-01	6.444250e-01	-1.165966e-01
5.012979e-01	6.403559e-01	-1.843486e-02
5.443398e-01	6.382154e-01	-2.507078e-02
5.134987e-01	6.032110e-01	-9.313095e-02
5.290486e-01	6.038840e-01	-9.461012e-02
4.802188e-01	5.751735e-01	-2.081659e-02
5.646583e-01	5.657848e-01	-2.766620e-02
4.782840e-01	5.613581e-01	-2.668262e-01
5.702733e-01	5.373589e-01	-2.637563e-01
4.810609e-01	5.452543e-01	-5.225904e-01
5.682932e-01	5.316927e-01	-5.204335e-01
4.775933e-01	5.522859e-01	-5.808091e-01
5.743224e-01	5.386733e-01	-5.780879e-01
4.856853e-01	5.557394e-01	-5.779245e-01
5.678008e-01	5.453605e-01	-5.754806e-01
4.902478e-01	5.476593e-01	-5.309099e-01
5.626637e-01	5.387958e-01	-5.300334e-01
4.841138e-01	3.490047e-01	2.430060e-03
5.425180e-01	3.435469e-01	-2.373442e-03
4.454550e-01	2.075834e-01	-1.276327e-01
5.758303e-01	2.025446e-01	-1.182493e-01
4.576125e-01	1.016609e-01	1.285314e-01
5.620759e-01	1.055526e-01	1.385573e-01
4.654725e-01	8.427863e-02	1.487520e-01
5.520700e-01	8.692152e-02	1.609448e-01
4.249482e-01	4.582817e-02	7.038657e-02
5.890662e-01	4.293336e-02	8.808167e-02
5.202908e-01	6.233797e-01	-1.257348e-01
5.143008e-01	6.444294e-01	-1.093082e-01
5.103902e-01	6.445809e-01	-1.093509e-01
5.060043e-01	6.449423e-01	-1.093494e-01
5.274712e-01	6.447917e-01	-1.115497e-01
5.324394e-01	6.452001e-01	-1.115287e-01
5.374765e-01	6.453723e-01	-1.114128e-01
5.013663e-01	6.410908e-01	-1.049675e-02
5.446190e-01	6.388624e-01	-2.015606e-02
5.136203e-01	6.038793e-01	-8.803036e-02
5.291239e-01	6.045021e-01	-9.029207e-02
4.805008e-01	5.753573e-01	-1.384211e-02
5.647012e-01	5.656264e-01	-2.766621e-02
4.781336e-01	5.620793e-01	-2.652113e-01
5.703517e-01	5.382662e-01	-2.676384e-01
4.809269e-01	5.457573e-01	-5.156925e-01
5.686721e-01	5.319624e-01	-5.219851e-01
4.775406e-01	5.523421e-01	-5.729145e-01
5.746659e-01	5.392247e-01	-5.790150e-01
4.858359e-01	5.560846e-01	-5.711462e-01
5.682460e-01	5.456882e-01	-5.768329e-01
4.901418e-01	5.489379e-01	-5.243729e-01
5.630735e-01	5.389723e-01	-5.316836e-01
4.843818e-01	3.485830e-01	3.172509e-03
5.427492e-01	3.432363e-01	-3.120342e-03
4.457429e-01	2.076545e-01	-1.263845e-01
5.758320e-01	2.025770e-01	-1.242809e-01
4.576331e-01	1.018028e-01	1.331811e-01
5.621089e-01	1.057982e-01	1.341495e-01
4.654721e-01	8.434483e-02	1.531576e-01
5.520585e-01	8.711434e-02	1.558185e-01
4.252549e-01	4.584946e-02	7.392419e-02
5.887406e-01	4.295280e-02	8.127326e-02
5.204006e-01	6.241095e-01	-1.246520e-01
5.144054e-01	6.450320e-01	-1.075937e-01
5.105315e-01	6.451954e-01	-1.076388e-01
5.060936e-01	6.455340e-01	-1.076399e-01
5.276451e-01	6.454633e-01	-1.101643e-01
5.325891e-01	6.458434e-01	-1.101454e-01
5.376552e-01	6.459839e-01	-1.100298e-01
5.014526e-01	6.413971e-01	-7.788249e-03
5.449140e-01	6.391348e-01	-1.921479e-02
5.137159e-01	6.042407e-01	-8.679073e-02
5.291963e-01	6.048693e-01	-8.952538e-02
4.807469e-01	5.746802e-01	-1.207088e-02
5.650234e-01	5.648074e-01	-2.792966e-02
4.780853e-01	5.624284e-01	-2.637519e-01
5.708928e-01	5.387306e-01	-2.711660e-01
4.807977e-01	5.460824e-01	-5.134809e-01
5.699960e-01	5.320666e-01	-5.231320e-01
4.776255e-01	5.531148e-01	-5.709512e-01
5.747852e-01	5.404725e-01	-5.791959e-01
4.858773e-01	5.564093e-01	-5.689046e-01
5.693688e-01	5.459188e-01	-5.771753e-01
4.900090e-01	5.498270e-01	-5.229244e-01
5.632850e-01	5.393165e-01	-5.329195e-01
4.847102e-01	3.476269e-01	3.917024e-03
5.431416e-01	3.424522e-01	-3.866046e-03
4.458818e-01	2.077107e-01	-1.259048e-01
5.759647e-01	2.028450e-01	-1.327568e-01
4.576528e-01	1.018363e-01	1.284383e-01
5.621121e-01	1.058009e-01	1.186878e-01
4.654801e-01	8.434485e-02	1.474893e-01
5.519559e-01	8.708546e-02	1.389688e-01
4.253735e-01	4.594667e-02	6.614031e-02
5.886509e-01	4.295365e-02	6.150566e-02
5.204638e-01	6.246976e-01	-1.216347e-01
5.144800e-01	6.454861e-01	-1.042642e-01
5.106184e-01	6.456559e-01	-1.043095e-01
5.061415e-01	6.459577e-01	-1.043108e-01
5.277507e-01	6.459508e-01	-1.069663e-01
5.326794e-01	6.463007e-01	-1.069529e-01
5.377679e-01	6.464296e-01	-1.068412e-01
5.014952e-01	6.416385e-01	-4.424173e-03
5.451492e-01	6.394098e-01	-1.648137e-02
5.137749e-01	6.046056e-01	-8.380402e-02
5.292265e-01	6.052722e-01	-8.675243e-02
4.810349e-01	5.742881e-01	-1.008258e-02
5.653459e-01	5.651027e-01	-2.795955e-02
4.780157e-01	5.626220e-01	-2.621765e-01
5.709681e-01	5.392153e-01	-2.746798e-01
4.810236e-01	5.481445e-01	-5.127265e-01
5.701085e-01	5.363957e-01	-5.255235e-01
4.778773e-01	5.546427e-01	-5.687713e-01
5.749397e-01	5.438075e-01	-5.812829e-01
4.862045e-01	5.573091e-01	-5.627481e-01
5.695242e-01	5.471763e-01	-5.786434e-01
4.907354e-01	5.506955e-01	-5.205721e-01
5.636000e-01	5.408307e-01	-5.350851e-01
4.851408e-01	3.475235e-01	4.069109e-03
5.437299e-01	3.423646e-01	-4.022139e-03
4.459394e-01	2.076927e-01	-1.162992e-01
5.761495e-01	2.028716e-01	-1.290221e-01
4.576644e-01	1.018363e-01	1.358842e-01
5.621046e-01	1.060132e-01	1.244752e-01
4.654889e-01	8.433942e-02	1.548748e-01
5.518762e-01	8.725092e-02	1.448681e-01
4.254276e-01	4.594669e-02	7.519476e-02
5.884747e-01	4.309428e-02	6.778084e-02
5.209583e-01	6.252517e-01	-1.251272e-01
5.148796e-01	6.460590e-01	-1.078859e-01
5.111908e-01	6.462411e-01	-1.079432e-01
5.066068e-01	6.465242e-01	-1.079584e-01
5.283462e-01	6.464195e-01	-1.096595e-01
5.332175e-01	6.467171e-01	-1.096476e-01
5.382758e-01	6.467832e-01	-1.095459e-01
5.016891e-01	6.419836e-01	-1.098615e-02
5.454714e-01	6.395411e-01	-1.894287e-02
5.140803e-01	6.051425e-01	-8.860197e-02
5.295609e-01	6.057208e-01	-9.038252e-02
4.812478e-01	5.729852e-01	-2.130308e-02
5.654535e-01	5.652436e-01	-3.156558e-02
4.779524e-01	5.599604e-01	-2.741249e-01
5.710090e-01	5.395324e-01	-2.809111e-01
4.812771e-01	5.477798e-01	-5.232781e-01
5.705425e-01	5.395645e-01	-5.362081e-01
4.783215e-01	5.547302e-01	-5.795192e-01
5.752237e-01	5.485135e-01	-5.925478e-01
4.863592e-01	5.573698e-01	-5.755965e-01
5.706452e-01	5.499212e-01	-5.897265e-01
4.910244e-01	5.509415e-01	-5.314102e-01
5.640076e-01	5.446383e-01	-5.461071e-01
4.855350e-01	3.472125e-01	4.051800e-03
5.439769e-01	3.421305e-01	-4.005813e-03
4.459911e-01	2.077287e-01	-1.162669e-01
5.764283e-01	2.029222e-01	-1.293235e-01
4.576673e-01	1.019001e-01	1.363979e-01
5.621320e-01	1.060814e-01	1.259341e-01
4.654893e-01	8.438373e-02	1.554236e-01
5.519266e-01	8.727206e-02	1.465436e-01
4.254323e-01	4.594776e-02	7.665498e-02
5.884825e-01	4.331999e-02	7.067285e-02
5.214284e-01	6.256070e-01	-1.258765e-01
5.152833e-01	6.464598e-01	-1.088955e-01
5.117255e-01	6.466513e-01	-1.089472e-01
5.071022e-01	6.469354e-01	-1.089567e-01
5.288896e-01	6.467654e-01	-1.106759e-01
5.337532e-01	6.470308e-01	-1.106621e-01
5.387620e-01	6.470612e-01	-1.105549e-01
5.018361e-01	6.423575e-01	-1.142883e-02
5.457397e-01	6.397755e-01	-1.951380e-02
5.143672e-01	6.055393e-01	-8.911476e-02
5.298654e-01	6.060432e-01	-9.088109e-02
4.812917e-01	5.728121e-01	-2.110308e-02
5.656306e-01	5.654386e-01	-3.151730e-02
4.779008e-01	5.594056e-01	-2.693438e-01
5.728146e-01	5.395038e-01	-2.779234e-01
4.812532e-01	5.472125e-01	-5.188321e-01
5.714923e-01	5.398610e-01	-5.311306e-01
4.784024e-01	5.547912e-01	-5.753564e-01
5.753587e-01	5.486190e-01	-5.873154e-01
4.863250e-01	5.574715e-01	-5.729684e-01
5.712777e-01	5.505776e-01	-5.848678e-01
4.910267e-01	5.509965e-01	-5.273859e-01
5.644123e-01	5.446753e-01	-5.409747e-01
4.856772e-01	3.472590e-01	3.975631e-03
5.440747e-01	3.421335e-01	-3.929747e-03
4.460628e-01	2.079929e-01	-1.165227e-01
5.767403e-01	2.030620e-01	-1.274740e-01
4.577018e-01	1.022064e-01	1.355649e-01
5.621645e-01	1.061117e-01	1.252625e-01
4.655208e-01	8.455660e-02	1.541835e-01
5.519515e-01	8.726346e-02	1.456271e-01
4.254796e-01	4.608256e-02	7.650812e-02
5.884871e-01	4.353431e-02	7.068728e-02
5.218657e-01	6.258841e-01	-1.260219e-01
5.156368e-01	6.467278e-01	-1.090136e-01
5.121082e-01	6.469266e-01	-1.090633e-01
5.074813e-01	6.472095e-01	-1.090714e-01
5.294671e-01	6.470122e-01	-1.110273e-01
5.344287e-01	6.472628e-01	-1.110120e-01
5.393478e-01	6.472785e-01	-1.109009e-01
5.019882e-01	6.426365e-01	-1.232671e-02
5.461416e-01	6.399914e-01	-1.972078e-02
5.146330e-01	6.057581e-01	-8.943671e-02
5.302256e-01	6.061803e-01	-9.091993e-02
4.813432e-01	5.729677e-01	-2.180515e-02
5.658385e-01	5.655390e-01	-3.198838e-02
4.779940e-01	5.597055e-01	-2.703728e-01
5.742436e-01	5.404341e-01	-2.780741e-01
4.814144e-01	5.472631e-01	-5.187756e-01
5.724165e-01	5.406193e-01	-5.306919e-01
4.794549e-01	5.548326e-01	-5.750559e-01
5.762676e-01	5.490999e-01	-5.866911e-01
4.864500e-01	5.575390e-01	-5.718075e-01
5.722319e-01	5.515258e-01	-5.841705e-01
4.912382e-01	5.510163e-01	-5.269673e-01
5.651686e-01	5.449845e-01	-5.405368e-01
4.857820e-01	3.472553e-01	3.953000e-03
5.441338e-01	3.420289e-01	-3.907439e-03
4.461232e-01	2.082385e-01	-1.166980e-01
5.770806e-01	2.031057e-01	-1.271395e-01
4.578475e-01	1.027360e-01	1.354178e-01
5.622607e-01	1.060985e-01	1.256533e-01
4.657041e-01	8.498319e-02	1.540654e-01
5.520526e-01	8.722369e-02	1.460660e-01
4.256550e-01	4.632995e-02	7.560882e-02
5.884948e-01	4.355498e-02	7.124364e-02
5.220793e-01	6.265475e-01	-1.262133e-01
5.159017e-01	6.473809e-01	-1.094877e-01
5.123830e-01	6.477060e-01	-1.095341e-01
5.078014e-01	6.480210e-01	-1.095364e-01
5.298228e-01	6.473356e-01	-1.111738e-01
5.348557e-01	6.474868e-01	-1.111580e-01
5.397238e-01	6.474852e-01	-1.110448e-01
5.021458e-01	6.432799e-01	-1.257631e-02
5.465025e-01	6.400213e-01	-1.844867e-02
5.147846e-01	6.060715e-01	-8.948819e-02
5.303589e-01	6.063415e-01	-9.060983e-02
4.814677e-01	5.744356e-01	-2.145786e-02
5.658659e-01	5.661129e-01	-2.895102e-02
4.785837e-01	5.616858e-01	-2.727002e-01
5.751783e-01	5.409231e-01	-2.773390e-01
4.818479e-01	5.498971e-01	-5.217601e-01
5.732523e-01	5.422982e-01	-5.290032e-01
4.798711e-01	5.559415e-01	-5.785386e-01
5.772760e-01	5.499011e-01	-5.850450e-01
4.868445e-01	5.582964e-01	-5.736068e-01
5.728663e-01	5.523928e-01	-5.828017e-01
4.919060e-01	5.517607e-01	-5.293198e-01
5.657179e-01	5.466664e-01	-5.388446e-01
4.858139e-01	3.485728e-01	3.117330e-03
5.441606e-01	3.428682e-01	-3.080756e-03
4.461792e-01	2.084036e-01	-1.141175e-01
5.771663e-01	2.033750e-01	-1.202852e-01
4.581032e-01	1.032897e-01	1.389368e-01
5.622850e-01	1.060770e-01	1.403436e-01
4.659458e-01	8.568428e-02	1.580366e-01
5.521143e-01	8.721372e-02	1.616326e-01
4.259885e-01	4.678041e-02	7.723349e-02
5.885137e-01	4.360278e-02	8.600385e-02
5.221164e-01	6.293513e-01	-1.343409e-01
5.159941e-01	6.498668e-01	-1.182821e-01
5.124916e-01	6.501084e-01	-1.183302e-01
5.079313e-01	6.502658e-01	-1.183211e-01
5.299324e-01	6.496963e-01	-1.186709e-01
5.349613e-01	6.496757e-01	-1.186522e-01
5.398507e-01	6.496058e-01	-1.185310e-01
5.023001e-01	6.455117e-01	-2.105580e-02
5.466611e-01	6.423925e-01	-2.214051e-02
5.148028e-01	6.086487e-01	-9.742408e-02
5.303790e-01	6.092890e-01	-9.718148e-02
4.817832e-01	5.772929e-01	-2.887787e-02
5.658504e-01	5.686580e-01	-2.946928e-02
4.786592e-01	5.641664e-01	-2.894098e-01
5.763758e-01	5.429738e-01	-2.804384e-01
4.817636e-01	5.552111e-01	-5.423586e-01
5.735575e-01	5.440116e-01	-5.415083e-01
4.791071e-01	5.640253e-01	-6.008439e-01
5.780848e-01	5.518140e-01	-5.991153e-01
4.867883e-01	5.665808e-01	-5.942592e-01
5.730235e-01	5.542361e-01	-5.954837e-01
4.918419e-01	5.596231e-01	-5.492933e-01
5.657979e-01	5.491121e-01	-5.512453e-01
4.858108e-01	3.503772e-01	2.174206e-03
5.441252e-01	3.444815e-01	-2.138696e-03
4.461885e-01	2.090376e-01	-1.174085e-01
5.772431e-01	2.039741e-01	-1.176887e-01
4.581869e-01	1.033297e-01	1.384725e-01
5.624064e-01	1.058807e-01	1.451749e-01
4.660467e-01	8.574308e-02	1.572699e-01
5.522694e-01	8.699247e-02	1.664720e-01
4.260453e-01	4.685894e-02	7.454564e-02
5.885369e-01	4.360632e-02	8.990108e-02
5.222706e-01	6.338089e-01	-1.308853e-01
5.160524e-01	6.555345e-01	-1.151834e-01
5.125681e-01	6.556016e-01	-1.152267e-01
5.079927e-01	6.555536e-01	-1.152068e-01
5.300001e-01	6.553630e-01	-1.152660e-01
5.350065e-01	6.552559e-01	-1.152428e-01
5.399109e-01	6.548479e-01	-1.151075e-01
5.024230e-01	6.505507e-01	-1.864782e-02
5.467176e-01	6.479304e-01	-1.894548e-02
5.150002e-01	6.142426e-01	-9.420025e-02
5.304805e-01	6.153972e-01	-9.365833e-02
4.819607e-01	5.818585e-01	-2.720184e-02
5.658790e-01	5.739434e-01	-2.505117e-02
4.777578e-01	5.643633e-01	-2.816971e-01
5.779599e-01	5.452070e-01	-2.721484e-01
4.804255e-01	5.558873e-01	-5.329328e-01
5.755996e-01	5.441772e-01	-5.388449e-01
4.771354e-01	5.654700e-01	-5.906747e-01
5.831531e-01	5.513792e-01	-5.981145e-01
4.860395e-01	5.682481e-01	-5.854992e-01
5.748029e-01	5.540986e-01	-5.950209e-01
4.911534e-01	5.611787e-01	-5.403746e-01
5.688083e-01	5.490475e-01	-5.492835e-01
4.857736e-01	3.548569e-01	1.660572e-03
5.440196e-01	3.487883e-01	-1.625534e-03
4.461946e-01	2.127127e-01	-1.286239e-01
5.772387e-01	2.060084e-01	-1.165882e-01
4.584711e-01	1.034392e-01	1.096519e-01
5.624975e-01	1.058543e-01	1.355094e-01
4.664910e-01	8.574284e-02	1.274865e-01
5.524653e-01	8.685906e-02	1.550441e-01
4.263709e-01	4.715971e-02	4.368319e-02
5.885736e-01	4.363426e-02	7.934274e-02
5.224396e-01	6.424325e-01	-1.174077e-01
5.162196e-01	6.639755e-01	-1.017334e-01
5.127712e-01	6.641972e-01	-1.017462e-01
5.082477e-01	6.640629e-01	-1.017003e-01
5.301315e-01	6.629368e-01	-1.046578e-01
5.351573e-01	6.624064e-01	-1.046396e-01
5.400625e-01	6.616969e-01	-1.045155e-01
5.026624e-01	6.586398e-01	-2.881776e-03
5.467321e-01	6.557362e-01	-1.596945e-02
5.151316e-01	6.245528e-01	-7.934655e-02
5.306869e-01	6.249825e-01	-8.283321e-02
4.820480e-01	5.884092e-01	2.483601e-03
5.657436e-01	5.874935e-01	-2.608840e-02
4.773180e-01	5.662807e-01	-2.231880e-01
5.776916e-01	5.589042e-01	-2.831053e-01
4.763465e-01	5.555335e-01	-4.763649e-01
5.795778e-01	5.450943e-01	-5.531200e-01
4.707659e-01	5.644451e-01	-5.299727e-01
5.903648e-01	5.511652e-01	-6.127802e-01
4.802282e-01	5.649713e-01	-5.315863e-01
5.809281e-01	5.521270e-01	-6.121681e-01
4.853175e-01	5.591935e-01	-4.864250e-01
5.729592e-01	5.485010e-01	-5.641745e-01
4.857537e-01	3.610758e-01	5.166528e-03
5.440142e-01	3.541405e-01	-5.120192e-03
4.462019e-01	2.142360e-01	-9.295032e-02
5.772313e-01	2.084081e-01	-1.074533e-01
4.584819e-01	1.035666e-01	1.361485e-01
5.626502e-01	1.058395e-01	1.363358e-01
4.665311e-01	8.574546e-02	1.526393e-01
5.526505e-01	8.654574e-02	1.556127e-01
4.265082e-01	4.728034e-02	6.963591e-02
5.887976e-01	4.360863e-02	7.925397e-02
5.226481e-01	6.540101e-01	-1.180719e-01
5.162790e-01	6.746286e-01	-1.024204e-01
5.128500e-01	6.746467e-01	-1.024475e-01
5.082976e-01	6.745347e-01	-1.024313e-01
5.301956e-01	6.742805e-01	-1.056168e-01
5.351806e-01	6.740185e-01	-1.055784e-01
5.401148e-01	6.734107e-01	-1.054105e-01
5.027098e-01	6.691664e-01	-5.665506e-03
5.467392e-01	6.678595e-01	-1.737712e-02
5.153028e-01	6.357795e-01	-8.155804e-02
5.309123e-01	6.356868e-01	-8.313991e-02
4.820734e-01	6.001769e-01	-4.016459e-03
5.658897e-01	5.949147e-01	-2.644837e-02
4.761386e-01	5.774917e-01	-2.393148e-01
5.798877e-01	5.673743e-01	-2.818402e-01
4.709554e-01	5.588737e-01	-4.920070e-01
5.866061e-01	5.466976e-01	-5.566257e-01
4.622514e-01	5.641744e-01	-5.454741e-01
5.988892e-01	5.502566e-01	-6.165385e-01
4.707753e-01	5.648146e-01	-5.338070e-01
5.897967e-01	5.470300e-01	-6.183366e-01
4.779275e-01	5.596794e-01	-4.989102e-01
5.803782e-01	5.456655e-01	-5.688930e-01
4.857554e-01	3.680605e-01	5.585128e-03
5.441506e-01	3.610206e-01	-5.525354e-03
4.461881e-01	2.165833e-01	-9.665747e-02
5.771925e-01	2.101404e-01	-1.044012e-01
4.585012e-01	1.034139e-01	1.366282e-01
5.628465e-01	1.058275e-01	1.436891e-01
4.666053e-01	8.513144e-02	1.533100e-01
5.530116e-01	8.626375e-02	1.632452e-01
4.265102e-01	4.719158e-02	6.892718e-02
5.891322e-01	4.359515e-02	8.331493e-02
5.227133e-01	6.700574e-01	-1.689838e-01
5.163280e-01	6.893219e-01	-1.538747e-01
5.128970e-01	6.889916e-01	-1.539126e-01
5.083296e-01	6.884557e-01	-1.538896e-01
5.301988e-01	6.898574e-01	-1.563770e-01
5.351866e-01	6.898500e-01	-1.563517e-01
5.401313e-01	6.894247e-01	-1.561887e-01
5.027125e-01	6.822373e-01	-5.520850e-02
5.467457e-01	6.833125e-01	-6.678047e-02
5.153577e-01	6.503601e-01	-1.312120e-01
5.311857e-01	6.500800e-01	-1.339896e-01
4.820719e-01	6.107654e-01	-5.146078e-02
5.664756e-01	6.041514e-01	-6.184524e-02
4.734727e-01	5.891060e-01	-2.960016e-01
5.858654e-01	5.695878e-01	-3.061566e-01
4.634941e-01	5.714841e-01	-5.672816e-01
5.993026e-01	5.465596e-01	-5.883767e-01
4.528363e-01	5.674582e-01	-6.284796e-01
6.135222e-01	5.484560e-01	-6.513097e-01
4.631865e-01	5.649836e-01	-6.307182e-01
6.048260e-01	5.432322e-01	-6.566731e-01
4.710629e-01	5.625603e-01	-5.781675e-01
5.956520e-01	5.427222e-01	-6.030046e-01
4.860335e-01	3.754282e-01	5.464672e-03
5.448315e-01	3.687304e-01	-5.403157e-03
4.461865e-01	2.197886e-01	-1.001407e-01
5.770177e-01	2.117333e-01	-9.095546e-02
4.585260e-01	1.035551e-01	1.359104e-01
5.631583e-01	1.058468e-01	1.550247e-01
4.667655e-01	8.498348e-02	1.532724e-01
5.536456e-01	8.604293e-02	1.732510e-01
4.265234e-01	4.720240e-02	6.562044e-02
5.893832e-01	4.356387e-02	8.992739e-02
5.227126e-01	6.822963e-01	-2.106029e-01
5.163447e-01	7.017161e-01	-1.943754e-01
5.129134e-01	7.013364e-01	-1.944626e-01
5.083364e-01	7.008029e-01	-1.944572e-01
5.301784e-01	7.023639e-01	-1.946451e-01
5.351440e-01	7.025652e-01	-1.946222e-01
5.400885e-01	7.021664e-01	-1.944916e-01
5.026683e-01	6.942177e-01	-8.912273e-02
5.465506e-01	6.955435e-01	-9.006254e-02
5.153422e-01	6.614831e-01	-1.707253e-01
5.312533e-01	6.612121e-01	-1.705866e-01
4.812443e-01	6.177517e-01	-6.990986e-02
5.680287e-01	6.100270e-01	-5.122365e-02
4.665078e-01	5.931211e-01	-2.852305e-01
5.959951e-01	5.665372e-01	-1.866671e-01
4.530787e-01	5.731194e-01	-5.447705e-01
6.237551e-01	5.364886e-01	-4.007832e-01
4.436968e-01	5.675494e-01	-6.030874e-01
6.430556e-01	5.234368e-01	-4.497214e-01
4.536705e-01	5.648341e-01	-6.086985e-01
6.344121e-01	5.244750e-01	-4.652322e-01
4.613844e-01	5.624236e-01	-5.558896e-01
6.257707e-01	5.254907e-01	-4.170798e-01
4.860307e-01	3.806108e-01	1.287896e-03
5.453894e-01	3.738801e-01	-1.175190e-03
4.461661e-01	2.240119e-01	-1.457334e-01
5.768440e-01	2.144681e-01	-9.801412e-02
4.586489e-01	1.036044e-01	8.207522e-02
5.633683e-01	1.055856e-01	1.447044e-01
4.669609e-01	8.452792e-02	9.851348e-02
5.542799e-01	8.500018e-02	1.594786e-01
4.265254e-01	4.726154e-02	2.117578e-04
5.900394e-01	4.323480e-02	6.686451e-02
5.226448e-01	6.992273e-01	-2.287257e-01
5.164141e-01	7.198932e-01	-2.092311e-01
5.130617e-01	7.196132e-01	-2.093153e-01
5.084878e-01	7.190801e-01	-2.092743e-01
5.301678e-01	7.199771e-01	-2.104194e-01
5.350999e-01	7.194989e-01	-2.104027e-01
5.399799e-01	7.186868e-01	-2.102778e-01
5.027946e-01	7.113571e-01	-9.354364e-02
5.463947e-01	7.086349e-01	-9.820520e-02
5.152665e-01	6.787316e-01	-1.856785e-01
5.312248e-01	6.772102e-01	-1.867402e-01
4.789848e-01	6.267488e-01	-6.062509e-02
5.703135e-01	6.158997e-01	-4.786539e-02
4.555127e-01	5.943393e-01	-2.433057e-01
6.065286e-01	5.658249e-01	-1.565265e-01
4.440409e-01	5.740634e-01	-5.221444e-01
6.419636e-01	5.247801e-01	-3.525445e-01
4.338928e-01	5.672728e-01	-5.785847e-01
6.595653e-01	5.073910e-01	-3.980802e-01
4.457981e-01	5.647957e-01	-6.016930e-01
6.558070e-01	5.064453e-01	-4.187404e-01
4.540370e-01	5.638025e-01	-5.368360e-01
6.473662e-01	5.092887e-01	-3.691548e-01
4.859974e-01	3.905483e-01	1.156523e-03
5.458221e-01	3.836071e-01	-1.052324e-03
4.461436e-01	2.291676e-01	-1.510958e-01
5.765213e-01	2.201054e-01	-1.116152e-01
4.586496e-01	1.036362e-01	7.500370e-02
5.637942e-01	1.055778e-01	1.088441e-01
4.669763e-01	8.384920e-02	9.159909e-02
5.550214e-01	8.417042e-02	1.234491e-01
4.262378e-01	4.725496e-02	-5.251704e-03
5.905765e-01	4.323540e-02	2.860773e-02
5.223905e-01	7.175030e-01	-2.230311e-01
5.164167e-01	7.364660e-01	-2.028515e-01
5.130692e-01	7.362841e-01	-2.029182e-01
5.085093e-01	7.357664e-01	-2.028588e-01
5.300217e-01	7.361771e-01	-2.036914e-01
5.348887e-01	7.356483e-01	-2.036853e-01
5.395618e-01	7.349243e-01	-2.035531e-01
5.030268e-01	7.267799e-01	-8.545346e-02
5.460439e-01	7.243499e-01	-8.879635e-02
5.151404e-01	6.965116e-01	-1.796796e-01
5.311593e-01	6.944808e-01	-1.803432e-01
4.773000e-01	6.363053e-01	-5.122695e-02
5.710947e-01	6.278607e-01	-4.185618e-02
4.452944e-01	5.919509e-01	-2.157808e-01
6.090891e-01	5.748125e-01	-1.512617e-01
4.306219e-01	5.735916e-01	-4.968485e-01
6.483612e-01	5.237453e-01	-3.690646e-01
4.206241e-01	5.624384e-01	-5.541679e-01
6.676903e-01	5.081223e-01	-4.191211e-01
4.322292e-01	5.622516e-01	-5.745629e-01
6.636127e-01	5.056523e-01	-4.401160e-01
4.385695e-01	5.635748e-01	-5.121032e-01
6.541391e-01	5.067635e-01	-3.862461e-01
4.859661e-01	3.986545e-01	7.931563e-04
5.462354e-01	3.927858e-01	-6.674315e-04
4.461990e-01	2.305705e-01	-1.402342e-01
5.761412e-01	2.238233e-01	-1.073866e-01
4.586536e-01	1.038842e-01	9.204330e-02
5.638136e-01	1.053836e-01	1.138282e-01
4.670244e-01	8.388907e-02	1.089542e-01
5.549871e-01	8.284222e-02	1.284562e-01
4.260236e-01	4.715776e-02	1.230762e-02
5.909127e-01	4.267045e-02	3.122921e-02
5.222679e-01	7.324156e-01	-2.222219e-01
5.164158e-01	7.510585e-01	-2.023465e-01
5.130584e-01	7.509482e-01	-2.024038e-01
5.085098e-01	7.507240e-01	-2.023331e-01
5.299048e-01	7.505562e-01	-2.021325e-01
5.347208e-01	7.500905e-01	-2.020942e-01
5.391583e-01	7.494517e-01	-2.019265e-01
5.031581e-01	7.424706e-01	-8.730151e-02
5.454711e-01	7.393003e-01	-8.560723e-02
5.150403e-01	7.114366e-01	-1.800369e-01
5.311183e-01	7.094355e-01	-1.792517e-01
4.751063e-01	6.463906e-01	-5.145374e-02
5.717990e-01	6.411247e-01	-3.063951e-02
4.395198e-01	5.929019e-01	-1.981188e-01
6.120523e-01	5.825503e-01	-1.092940e-01
4.154013e-01	5.666744e-01	-4.707912e-01
6.574095e-01	5.194769e-01	-2.968182e-01
4.040744e-01	5.433964e-01	-5.270727e-01
6.761485e-01	5.017866e-01	-3.429826e-01
4.128779e-01	5.431147e-01	-5.515437e-01
6.725019e-01	4.953693e-01	-3.713623e-01
4.194573e-01	5.479001e-01	-4.878856e-01
6.637367e-01	4.964190e-01	-3.162358e-01
4.862183e-01	4.063322e-01	3.008997e-04
5.465677e-01	4.026861e-01	-1.599571e-04
4.469171e-01	2.380618e-01	-1.177239e-01
5.754248e-01	2.301392e-01	-6.815749e-02
4.586643e-01	1.038874e-01	9.897934e-02
5.638596e-01	1.053982e-01	1.373247e-01
4.671460e-01	8.368067e-02	1.150522e-01
5.550988e-01	8.273606e-02	1.479702e-01
4.260483e-01	4.728679e-02	1.290477e-02
5.909160e-01	4.274554e-02	4.569796e-02
5.221625e-01	7.475359e-01	-2.201922e-01
5.164174e-01	7.664880e-01	-1.994539e-01
5.130599e-01	7.665371e-01	-1.995021e-01
5.085193e-01	7.666305e-01	-1.994205e-01
5.298678e-01	7.655979e-01	-1.996573e-01
5.346642e-01	7.651467e-01	-1.996118e-01
5.390289e-01	7.644284e-01	-1.994508e-01
5.032195e-01	7.593721e-01	-8.338374e-02
5.452270e-01	7.551131e-01	-8.268928e-02
5.149282e-01	7.270144e-01	-1.776726e-01
5.310444e-01	7.243132e-01	-1.772829e-01
4.741336e-01	6.584470e-01	-4.872821e-02
5.721492e-01	6.557295e-01	-2.306959e-02
4.385143e-01	5.994573e-01	-1.650443e-01
6.119875e-01	5.887862e-01	-7.136361e-02
4.062659e-01	5.641575e-01	-4.296292e-01
6.632805e-01	5.144607e-01	-2.241141e-01
3.914660e-01	5.353129e-01	-4.820861e-01
6.802224e-01	4.932790e-01	-2.648354e-01
3.994508e-01	5.317158e-01	-5.112854e-01
6.785816e-01	4.882014e-01	-2.969629e-01
4.074904e-01	5.384436e-01	-4.487210e-01
6.703137e-01	4.907821e-01	-2.438230e-01
4.866067e-01	4.131568e-01	2.461379e-04
5.466701e-01	4.091242e-01	-1.017250e-04
4.480833e-01	2.447175e-01	-9.828240e-02
5.749769e-01	2.348887e-01	-4.266319e-02
4.586971e-01	1.038839e-01	1.006754e-01
5.638604e-01	1.053961e-01	1.643316e-01
4.674161e-01	8.326148e-02	1.186609e-01
5.550854e-01	8.261238e-02	1.761442e-01
4.260600e-01	4.746873e-02	1.467220e-02
5.911685e-01	4.307363e-02	6.781938e-02
5.211272e-01	7.639257e-01	-2.381206e-01
5.161084e-01	7.833690e-01	-2.170635e-01
5.126274e-01	7.834525e-01	-2.171077e-01
5.081723e-01	7.836932e-01	-2.170023e-01
5.291461e-01	7.823731e-01	-2.183545e-01
5.340763e-01	7.817704e-01	-2.183123e-01
5.382277e-01	7.810937e-01	-2.181625e-01
5.032173e-01	7.770234e-01	-9.908317e-02
5.447613e-01	7.722920e-01	-1.032208e-01
5.143152e-01	7.430771e-01	-1.947075e-01
5.302426e-01	7.403743e-01	-1.958236e-01
4.731374e-01	6.721237e-01	-4.741456e-02
5.721969e-01	6.700798e-01	-3.191112e-02
4.368956e-01	6.046841e-01	-1.148707e-01
6.137524e-01	5.935680e-01	-6.213067e-02
3.984692e-01	5.563101e-01	-3.322132e-01
6.670491e-01	5.111595e-01	-1.911590e-01
3.834067e-01	5.202446e-01	-3.761821e-01
6.838480e-01	4.884076e-01	-2.268207e-01
3.925413e-01	5.158778e-01	-4.085877e-01
6.819406e-01	4.819514e-01	-2.625848e-01
3.992127e-01	5.246206e-01	-3.514176e-01
6.735114e-01	4.855072e-01	-2.109465e-01
4.871741e-01	4.224652e-01	9.063161e-04
5.468932e-01	4.179388e-01	-7.835577e-04
4.504908e-01	2.491769e-01	-8.479016e-02
5.747192e-01	2.398392e-01	-3.979135e-02
4.587303e-01	1.038849e-01	1.140298e-01
5.638618e-01	1.053188e-01	1.670262e-01
4.674978e-01	8.307875e-02	1.278870e-01
5.551716e-01	8.236180e-02	1.794289e-01
4.262653e-01	4.809215e-02	2.039058e-02
5.917126e-01	4.348456e-02	7.138467e-02
5.205175e-01	7.787139e-01	-2.441649e-01
5.158088e-01	7.982682e-01	-2.227811e-01
5.122867e-01	7.983935e-01	-2.228199e-01
5.078488e-01	7.987027e-01	-2.227052e-01
5.287247e-01	7.971450e-01	-2.239750e-01
5.337218e-01	7.966823e-01	-2.239406e-01
5.378585e-01	7.961293e-01	-2.237750e-01
5.031999e-01	7.920919e-01	-1.046525e-01
5.445899e-01	7.877125e-01	-1.088695e-01
5.137928e-01	7.580846e-01	-2.008857e-01
5.297979e-01	7.552209e-01	-2.020328e-01
4.723514e-01	6.844720e-01	-4.818475e-02
5.722024e-01	6.810605e-01	-4.110174e-02
4.347363e-01	6.080478e-01	-1.072699e-01
6.145415e-01	5.962523e-01	-7.516246e-02
3.937792e-01	5.476084e-01	-3.116453e-01
6.688449e-01	5.056310e-01	-2.155882e-01
3.768589e-01	5.113940e-01	-3.540653e-01
6.859211e-01	4.784440e-01	-2.534946e-01
3.855953e-01	5.077698e-01	-3.886162e-01
6.833063e-01	4.713693e-01	-2.884181e-01
3.925924e-01	5.173678e-01	-3.314443e-01
6.748662e-01	4.771295e-01	-2.352837e-01
4.872308e-01	4.283374e-01	2.928900e-03
5.469291e-01	4.223893e-01	-2.806425e-03
4.530911e-01	2.554808e-01	-7.758154e-02
5.731105e-01	2.447272e-01	-2.911505e-02
4.587319e-01	1.039327e-01	1.213225e-01
5.638206e-01	1.053775e-01	1.776083e-01
4.675202e-01	8.247287e-02	1.343112e-01
5.551338e-01	8.236872e-02	1.898717e-01
4.260703e-01	4.881474e-02	2.480322e-02
5.918642e-01	4.382965e-02	8.153224e-02
5.205503e-01	8.018459e-01	-2.584631e-01
5.158116e-01	8.201497e-01	-2.376057e-01
5.122907e-01	8.196536e-01	-2.376357e-01
5.078527e-01	8.190498e-01	-2.375156e-01
5.287350e-01	8.197578e-01	-2.387293e-01
5.337244e-01	8.189558e-01	-2.387182e-01
5.378679e-01	8.180720e-01	-2.385611e-01
5.030810e-01	8.090729e-01	-1.227416e-01
5.445851e-01	8.061190e-01	-1.269520e-01
5.137843e-01	7.798067e-01	-2.164194e-01
5.298220e-01	7.767551e-01	-2.176107e-01
4.712460e-01	6.963297e-01	-6.246004e-02
5.727020e-01	6.913165e-01	-5.854707e-02
4.319268e-01	6.108268e-01	-9.549782e-02
6.158834e-01	5.952905e-01	-7.586594e-02
3.891737e-01	5.364046e-01	-2.569937e-01
6.696024e-01	5.012407e-01	-2.051745e-01
3.722662e-01	5.010777e-01	-2.930522e-01
6.867045e-01	4.728600e-01	-2.413918e-01
3.802130e-01	4.970738e-01	-3.303913e-01
6.845511e-01	4.667219e-01	-2.794561e-01
3.874148e-01	5.074209e-01	-2.770213e-01
6.761869e-01	4.728069e-01	-2.259453e-01
4.872197e-01	4.334368e-01	3.255156e-03
5.469202e-01	4.301220e-01	-3.135394e-03
4.556815e-01	2.570900e-01	-3.602219e-02
5.715495e-01	2.515475e-01	-1.394821e-02
4.587332e-01	1.038467e-01	1.608436e-01
5.638517e-01	1.053754e-01	1.899385e-01
4.675166e-01	8.124501e-02	1.732176e-01
5.553504e-01	8.216783e-02	2.017748e-01
4.263113e-01	4.950555e-02	6.818978e-02
5.922422e-01	4.387501e-02	9.230933e-02
5.198044e-01	8.116700e-01	-2.678051e-01
5.153179e-01	8.301765e-01	-2.470119e-01
5.117344e-01	8.298408e-01	-2.470432e-01
5.074105e-01	8.296034e-01	-2.469352e-01
5.278792e-01	8.302696e-01	-2.485214e-01
5.328620e-01	8.298097e-01	-2.485138e-01
5.369854e-01	8.292638e-01	-2.483530e-01
5.030763e-01	8.208284e-01	-1.309481e-01
5.441790e-01	8.186830e-01	-1.368211e-01
5.131681e-01	7.893436e-01	-2.250890e-01
5.291535e-01	7.875358e-01	-2.267710e-01
4.704359e-01	7.063894e-01	-7.061206e-02
5.732225e-01	7.018799e-01	-6.616764e-02
4.287573e-01	6.103479e-01	-9.955125e-02
6.157097e-01	5.960954e-01	-8.090317e-02
3.875258e-01	5.286446e-01	-2.596211e-01
6.692509e-01	4.964978e-01	-2.129377e-01
3.702213e-01	4.931313e-01	-2.965615e-01
6.840106e-01	4.685507e-01	-2.497668e-01
3.766121e-01	4.879052e-01	-3.352728e-01
6.831071e-01	4.643938e-01	-2.888945e-01
3.837668e-01	4.982379e-01	-2.801336e-01
6.751550e-01	4.707506e-01	-2.341100e-01
4.873710e-01	4.376113e-01	3.424538e-03
5.471891e-01	4.345734e-01	-3.305484e-03
4.567181e-01	2.569069e-01	-3.440787e-02
5.703534e-01	2.523945e-01	-1.466689e-02
4.587242e-01	1.031824e-01	1.600328e-01
5.639080e-01	1.042394e-01	1.847072e-01
4.675221e-01	7.956859e-02	1.720880e-01
5.553738e-01	8.012109e-02	1.959224e-01
4.263188e-01	4.943548e-02	6.766829e-02
5.937508e-01	4.345785e-02	8.653388e-02
5.198225e-01	8.273193e-01	-2.735644e-01
5.153248e-01	8.448907e-01	-2.535588e-01
5.117313e-01	8.443026e-01	-2.535872e-01
5.074123e-01	8.437520e-01	-2.534872e-01
5.279012e-01	8.447870e-01	-2.540330e-01
5.328708e-01	8.439477e-01	-2.540368e-01
5.369948e-01	8.429738e-01	-2.538795e-01
5.030288e-01	8.330918e-01	-1.414398e-01
5.439335e-01	8.306907e-01	-1.426963e-01
5.131056e-01	8.036467e-01	-2.324104e-01
5.291636e-01	8.014433e-01	-2.327690e-01
4.692548e-01	7.127242e-01	-8.208984e-02
5.733331e-01	7.081795e-01	-7.351638e-02
4.279321e-01	6.095441e-01	-1.024394e-01
6.141071e-01	5.990462e-01	-8.520210e-02
3.854964e-01	5.198155e-01	-2.465837e-01
6.645027e-01	4.974864e-01	-2.186559e-01
3.694129e-01	4.809219e-01	-2.828144e-01
6.787474e-01	4.672384e-01	-2.574841e-01
3.744750e-01	4.762088e-01	-3.231115e-01
6.773846e-01	4.614004e-01	-2.954019e-01
3.811907e-01	4.862618e-01	-2.674631e-01
6.707115e-01	4.707545e-01	-2.397113e-01
4.873644e-01	4.396242e-01	3.559760e-03
5.476111e-01	4.368047e-01	-3.434581e-03
4.582842e-01	2.575933e-01	-1.090750e-02
5.691095e-01	2.537980e-01	1.314446e-02
4.587565e-01	1.030334e-01	1.930911e-01
5.639338e-01	1.032443e-01	2.211577e-01
4.676634e-01	7.846271e-02	2.059022e-01
5.553688e-01	7.843484e-02	2.326342e-01
4.265333e-01	4.939901e-02	9.980209e-02
5.938568e-01	4.351200e-02	1.174270e-01
5.192153e-01	8.338886e-01	-2.974891e-01
5.148821e-01	8.525658e-01	-2.773440e-01
5.113131e-01	8.521622e-01	-2.773674e-01
5.071155e-01	8.517862e-01	-2.772758e-01
5.270798e-01	8.522278e-01	-2.781875e-01
5.319342e-01	8.513840e-01	-2.782026e-01
5.360266e-01	8.504760e-01	-2.780407e-01
5.030055e-01	8.411533e-01	-1.614755e-01
5.434781e-01	8.384717e-01	-1.651641e-01
5.125569e-01	8.104214e-01	-2.546917e-01
5.284168e-01	8.082278e-01	-2.557205e-01
4.686507e-01	7.180060e-01	-9.804256e-02
5.736815e-01	7.132452e-01	-8.640125e-02
4.281802e-01	6.094714e-01	-8.970071e-02
6.143544e-01	5.990384e-01	-8.688233e-02
3.873464e-01	5.122550e-01	-2.023544e-01
6.597883e-01	4.918736e-01	-2.177767e-01
3.727097e-01	4.719645e-01	-2.361670e-01
6.741854e-01	4.559064e-01	-2.570490e-01
3.778200e-01	4.680638e-01	-2.797818e-01
6.719422e-01	4.496951e-01	-2.960902e-01
3.843225e-01	4.798461e-01	-2.235671e-01
6.648370e-01	4.608479e-01	-2.389598e-01
4.873438e-01	4.430647e-01	3.559566e-03
5.481275e-01	4.405140e-01	-3.432255e-03
4.592547e-01	2.575592e-01	5.015057e-03
5.671852e-01	2.531589e-01	3.265669e-02
4.586632e-01	1.020949e-01	2.084372e-01
5.638543e-01	1.021317e-01	2.510526e-01
4.675533e-01	7.652599e-02	2.209877e-01
5.547042e-01	7.628801e-02	2.631077e-01
4.265348e-01	4.795237e-02	1.093077e-01
5.940039e-01	4.328272e-02	1.427885e-01
5.192641e-01	8.398967e-01	-3.062401e-01
5.148895e-01	8.594698e-01	-2.879952e-01
5.113230e-01	8.587418e-01	-2.880085e-01
5.071731e-01	8.579752e-01	-2.879131e-01
5.269258e-01	8.600606e-01	-2.878065e-01
5.314085e-01	8.595781e-01	-2.878271e-01
5.352482e-01	8.589805e-01	-2.876756e-01
5.034932e-01	8.469804e-01	-1.764070e-01
5.420364e-01	8.468112e-01	-1.754213e-01
5.125976e-01	8.161444e-01	-2.645467e-01
5.282557e-01	8.153644e-01	-2.641975e-01
4.684778e-01	7.223374e-01	-1.141321e-01
5.736405e-01	7.174267e-01	-9.333353e-02
4.272204e-01	6.086259e-01	-1.004234e-01
6.134151e-01	5.970989e-01	-8.572152e-02
3.892604e-01	4.988554e-01	-2.040200e-01
6.588379e-01	4.821415e-01	-2.076391e-01
3.775778e-01	4.608421e-01	-2.363788e-01
6.734866e-01	4.464375e-01	-2.442423e-01
3.815224e-01	4.593343e-01	-2.793836e-01
6.698514e-01	4.413307e-01	-2.843690e-01
3.872085e-01	4.713506e-01	-2.245512e-01
6.623123e-01	4.508763e-01	-2.288816e-01
4.869158e-01	4.436740e-01	3.041023e-03
5.481189e-01	4.428962e-01	-2.903202e-03
4.601873e-01	2.571491e-01	1.521561e-02
5.651146e-01	2.552773e-01	3.837416e-02
4.586593e-01	1.014922e-01	2.260310e-01
5.637890e-01	1.018923e-01	2.550956e-01
4.675341e-01	7.515974e-02	2.396297e-01
5.544026e-01	7.590784e-02	2.672769e-01
4.264752e-01	4.721833e-02	1.306724e-01
5.939816e-01	4.291650e-02	1.483375e-01
5.202998e-01	8.492845e-01	-2.882547e-01
5.152953e-01	8.675991e-01	-2.702384e-01
5.115637e-01	8.668026e-01	-2.702587e-01
5.074772e-01	8.659692e-01	-2.701734e-01
5.272506e-01	8.681518e-01	-2.696691e-01
5.315453e-01	8.675756e-01	-2.696852e-01
5.353315e-01	8.668622e-01	-2.695290e-01
5.036492e-01	8.540519e-01	-1.626098e-01
5.420247e-01	8.539264e-01	-1.597911e-01
5.130419e-01	8.249080e-01	-2.482876e-01
5.286179e-01	8.241765e-01	-2.473497e-01
4.683331e-01	7.265101e-01	-1.093602e-01
5.736532e-01	7.188509e-01	-8.201754e-02
4.294179e-01	6.077843e-01	-9.559175e-02
6.108300e-01	5.952319e-01	-6.634468e-02
3.923987e-01	4.981526e-01	-1.878689e-01
6.477021e-01	4.767551e-01	-1.794951e-01
3.812466e-01	4.587633e-01	-2.192116e-01
6.626334e-01	4.400684e-01	-2.144002e-01
3.854921e-01	4.570118e-01	-2.611879e-01
6.616920e-01	4.368832e-01	-2.536914e-01
3.911836e-01	4.698694e-01	-2.076701e-01
6.551257e-01	4.467746e-01	-2.004831e-01
4.861741e-01	4.441037e-01	1.022538e-03
5.481086e-01	4.436892e-01	-8.777622e-04
4.620904e-01	2.570543e-01	3.295968e-02
5.624779e-01	2.553546e-01	5.269656e-02
4.586587e-01	1.013186e-01	2.307250e-01
5.635148e-01	1.018981e-01	2.572250e-01
4.675018e-01	7.467166e-02	2.432590e-01
5.542032e-01	7.596347e-02	2.684575e-01
4.266228e-01	4.695550e-02	1.374610e-01
5.939526e-01	4.332953e-02	1.539789e-01
5.209044e-01	8.546645e-01	-2.886914e-01
5.154725e-01	8.721045e-01	-2.696104e-01
5.116237e-01	8.714427e-01	-2.696306e-01
5.075653e-01	8.707451e-01	-2.695411e-01
5.278022e-01	8.725341e-01	-2.687822e-01
5.320727e-01	8.719136e-01	-2.688062e-01
5.361221e-01	8.709757e-01	-2.686519e-01
5.035934e-01	8.587297e-01	-1.584414e-01
5.423301e-01	8.572592e-01	-1.548605e-01
5.131534e-01	8.296484e-01	-2.477182e-01
5.291960e-01	8.281412e-01	-2.464409e-01
4.679268e-01	7.265710e-01	-1.027248e-01
5.736986e-01	7.212976e-01	-7.724494e-02
4.306752e-01	6.055189e-01	-8.626772e-02
6.064628e-01	5.932028e-01	-6.271718e-02
3.951407e-01	4.909315e-01	-1.826441e-01
6.369215e-01	4.736549e-01	-1.832459e-01
3.831811e-01	4.542375e-01	-2.153886e-01
6.531364e-01	4.388116e-01	-2.205176e-01
3.883252e-01	4.520294e-01	-2.573034e-01
6.514593e-01	4.364798e-01	-2.580419e-01
3.943490e-01	4.640481e-01	-2.027617e-01
6.439112e-01	4.461686e-01	-2.036380e-01
4.857759e-01	4.445636e-01	2.254905e-04
5.481455e-01	4.457459e-01	-7.724991e-05
4.625763e-01	2.567872e-01	2.785396e-02
5.612311e-01	2.547385e-01	4.544108e-02
4.586272e-01	1.013051e-01	2.352375e-01
5.633979e-01	1.018717e-01	2.529003e-01
4.672827e-01	7.469047e-02	2.485039e-01
5.541087e-01	7.579999e-02	2.642507e-01
4.267281e-01	4.671457e-02	1.405757e-01
5.934851e-01	4.344428e-02	1.468329e-01
5.208749e-01	8.571350e-01	-2.791393e-01
5.153891e-01	8.746673e-01	-2.599197e-01
5.115311e-01	8.741696e-01	-2.599447e-01
5.074827e-01	8.735606e-01	-2.598594e-01
5.278116e-01	8.747685e-01	-2.597961e-01
5.320922e-01	8.740591e-01	-2.598129e-01
5.361435e-01	8.729708e-01	-2.596620e-01
5.034627e-01	8.615472e-01	-1.485212e-01
5.424034e-01	8.589241e-01	-1.483733e-01
5.130497e-01	8.323224e-01	-2.380472e-01
5.292026e-01	8.303369e-01	-2.377370e-01
4.676931e-01	7.280511e-01	-9.573863e-02
5.736942e-01	7.230913e-01	-7.470442e-02
4.372697e-01	6.051989e-01	-6.774538e-02
5.997724e-01	5.926659e-01	-5.663579e-02
4.024940e-01	4.890525e-01	-1.555851e-01
6.202968e-01	4.730127e-01	-1.706569e-01
3.943350e-01	4.517108e-01	-1.877087e-01
6.332276e-01	4.387943e-01	-2.086069e-01
3.959610e-01	4.512600e-01	-2.294550e-01
6.318893e-01	4.366065e-01	-2.452404e-01
4.018138e-01	4.646841e-01	-1.753622e-01
6.248109e-01	4.458888e-01	-1.907075e-01
4.851721e-01	4.465200e-01	1.721662e-04
5.478848e-01	4.474340e-01	-2.558867e-05
4.637586e-01	2.584249e-01	2.798387e-02
5.594980e-01	2.539557e-01	3.689668e-02
4.585760e-01	1.012824e-01	2.191136e-01
5.633706e-01	1.016390e-01	2.379603e-01
4.669352e-01	7.467843e-02	2.309523e-01
5.540911e-01	7.512284e-02	2.576686e-01
4.268483e-01	4.663677e-02	1.235742e-01
5.933513e-01	4.334485e-02	1.254309e-01
5.212010e-01	8.583029e-01	-2.854494e-01
5.155005e-01	8.763609e-01	-2.665012e-01
5.115713e-01	8.760356e-01	-2.665261e-01
5.075582e-01	8.755957e-01	-2.664511e-01
5.281401e-01	8.760267e-01	-2.668972e-01
5.323802e-01	8.752594e-01	-2.669330e-01
5.365176e-01	8.741341e-01	-2.667962e-01
5.034057e-01	8.643013e-01	-1.561208e-01
5.424594e-01	8.604780e-01	-1.581210e-01
5.130600e-01	8.340611e-01	-2.446514e-01
5.294402e-01	8.316801e-01	-2.448547e-01
4.675270e-01	7.304806e-01	-9.966306e-02
5.736903e-01	7.218262e-01	-8.193185e-02
4.413313e-01	6.046587e-01	-7.608522e-02
5.948343e-01	5.868487e-01	-6.141387e-02
4.106556e-01	4.853129e-01	-1.625786e-01
6.077489e-01	4.633634e-01	-1.685754e-01
4.029392e-01	4.493899e-01	-1.942118e-01
6.183137e-01	4.292068e-01	-2.042926e-01
4.047076e-01	4.485908e-01	-2.347598e-01
6.143757e-01	4.286256e-01	-2.419655e-01
4.110484e-01	4.612511e-01	-1.818072e-01
6.072738e-01	4.389423e-01	-1.884110e-01
4.844467e-01	4.513371e-01	1.805110e-04
5.472195e-01	4.508613e-01	-3.717955e-05
4.651237e-01	2.632053e-01	2.653394e-02
5.579330e-01	2.558166e-01	3.342978e-02
4.585039e-01	1.011850e-01	2.127523e-01
5.633147e-01	1.016457e-01	2.129185e-01
4.665953e-01	7.439366e-02	2.141778e-01
5.538095e-01	7.505134e-02	2.210230e-01
4.269494e-01	4.633766e-02	9.773941e-02
5.932572e-01	4.316153e-02	9.582763e-02
5.217111e-01	8.578947e-01	-2.842701e-01
5.157007e-01	8.761184e-01	-2.658363e-01
5.116767e-01	8.758035e-01	-2.658546e-01
5.077323e-01	8.753290e-01	-2.657776e-01
5.285513e-01	8.756320e-01	-2.663556e-01
5.327588e-01	8.748710e-01	-2.663905e-01
5.370098e-01	8.737375e-01	-2.662661e-01
5.034031e-01	8.641360e-01	-1.558262e-01
5.425147e-01	8.599672e-01	-1.580264e-01
5.131741e-01	8.342592e-01	-2.433052e-01
5.298891e-01	8.322296e-01	-2.435494e-01
4.674985e-01	7.317533e-01	-9.654499e-02
5.736562e-01	7.240227e-01	-8.225036e-02
4.445568e-01	6.043781e-01	-6.371415e-02
5.871321e-01	5.868520e-01	-5.504433e-02
4.193010e-01	4.838619e-01	-1.409610e-01
5.936178e-01	4.651824e-01	-1.542427e-01
4.134049e-01	4.459781e-01	-1.708799e-01
6.020036e-01	4.299628e-01	-1.888115e-01
4.153103e-01	4.457838e-01	-2.111516e-01
5.939537e-01	4.303298e-01	-2.252351e-01
4.213355e-01	4.588267e-01	-1.598601e-01
5.885884e-01	4.418734e-01	-1.730962e-01
4.833812e-01	4.542501e-01	1.824897e-04
5.459679e-01	4.531949e-01	-4.262670e-05
4.658066e-01	2.663392e-01	1.824277e-02
5.573015e-01	2.570295e-01	2.756050e-02
4.583147e-01	1.011972e-01	1.851199e-01
5.632790e-01	1.016514e-01	1.931795e-01
4.659663e-01	7.447039e-02	1.893606e-01
5.537285e-01	7.408213e-02	1.991557e-01
4.273171e-01	4.611254e-02	6.889150e-02
5.934201e-01	4.286253e-02	7.430406e-02
5.217963e-01	8.569250e-01	-3.028130e-01
5.157201e-01	8.756586e-01	-2.867700e-01
5.116810e-01	8.753253e-01	-2.867973e-01
5.077420e-01	8.748713e-01	-2.867464e-01
5.286859e-01	8.751984e-01	-2.887505e-01
5.329083e-01	8.744589e-01	-2.887936e-01
5.372391e-01	8.733166e-01	-2.886744e-01
5.033705e-01	8.639007e-01	-1.806510e-01
5.426167e-01	8.589491e-01	-1.894683e-01
5.131661e-01	8.334321e-01	-2.621634e-01
5.299694e-01	8.314282e-01	-2.642409e-01
4.674438e-01	7.318856e-01	-1.145700e-01
5.735272e-01	7.234920e-01	-1.126029e-01
4.475380e-01	6.042047e-01	-7.362028e-02
5.835326e-01	5.841380e-01	-5.926755e-02
4.311196e-01	4.837375e-01	-1.359288e-01
5.911058e-01	4.552013e-01	-1.505307e-01
4.260650e-01	4.449716e-01	-1.620868e-01
5.930517e-01	4.235389e-01	-1.799985e-01
4.302806e-01	4.455121e-01	-1.987766e-01
5.904411e-01	4.235305e-01	-2.160502e-01
4.362166e-01	4.586363e-01	-1.525979e-01
5.859666e-01	4.355302e-01	-1.683197e-01
4.834288e-01	4.556285e-01	7.290524e-04
5.460081e-01	4.540061e-01	-6.298147e-04
4.670038e-01	2.672696e-01	3.632744e-02
5.563176e-01	2.583943e-01	4.172597e-02
4.580522e-01	1.008357e-01	1.893164e-01
5.632982e-01	1.014194e-01	2.083133e-01
4.656339e-01	7.451691e-02	1.919761e-01
5.539167e-01	7.327732e-02	2.144049e-01
4.274518e-01	4.571011e-02	7.717920e-02
5.934287e-01	4.286257e-02	8.601762e-02
5.216775e-01	8.556617e-01	-3.164482e-01
5.156241e-01	8.750871e-01	-3.006306e-01
5.116078e-01	8.747942e-01	-3.006791e-01
5.076771e-01	8.744446e-01	-3.006802e-01
5.286676e-01	8.744967e-01	-3.036008e-01
5.329094e-01	8.736737e-01	-3.036181e-01
5.372444e-01	8.724482e-01	-3.035102e-01
5.032723e-01	8.637808e-01	-1.884993e-01
5.426387e-01	8.578784e-01	-2.016606e-01
5.128713e-01	8.327942e-01	-2.727585e-01
5.298911e-01	8.302701e-01	-2.761612e-01
4.668055e-01	7.317522e-01	-1.101756e-01
5.734765e-01	7.250802e-01	-1.128854e-01
4.497296e-01	6.037239e-01	-4.208521e-02
5.827250e-01	5.841572e-01	-5.465613e-02
4.378766e-01	4.803009e-01	-8.680382e-02
5.811660e-01	4.596575e-01	-1.164842e-01
4.328983e-01	4.433620e-01	-1.082084e-01
5.791619e-01	4.282338e-01	-1.407133e-01
4.378402e-01	4.441899e-01	-1.453171e-01
5.763635e-01	4.283241e-01	-1.781863e-01
4.437149e-01	4.567142e-01	-1.027884e-01
5.759159e-01	4.393605e-01	-1.340638e-01
4.834564e-01	4.563096e-01	2.325750e-03
5.461841e-01	4.551232e-01	-2.313381e-03
4.678947e-01	2.671701e-01	2.983271e-02
5.567662e-01	2.591409e-01	3.490526e-02
4.579360e-01	1.008878e-01	2.015620e-01
5.633363e-01	1.014226e-01	2.137649e-01
4.655510e-01	7.514258e-02	2.088554e-01
5.539441e-01	7.333339e-02	2.215236e-01
4.278269e-01	4.548158e-02	8.060169e-02
5.934210e-01	4.286888e-02	9.225511e-02
5.213275e-01	8.558661e-01	-3.193155e-01
5.153769e-01	8.754602e-01	-3.039242e-01
5.114046e-01	8.752915e-01	-3.039708e-01
5.074669e-01	8.750520e-01	-3.039926e-01
5.285519e-01	8.745987e-01	-3.072450e-01
5.328392e-01	8.736644e-01	-3.072654e-01
5.371760e-01	8.723401e-01	-3.071659e-01
5.031640e-01	8.644213e-01	-1.909306e-01
5.426650e-01	8.576000e-01	-2.064663e-01
5.123626e-01	8.334658e-01	-2.750394e-01
5.294826e-01	8.304307e-01	-2.790535e-01
4.660733e-01	7.316962e-01	-1.072202e-01
5.734692e-01	7.244076e-01	-1.113263e-01
4.518428e-01	6.013874e-01	-2.187325e-02
5.786282e-01	5.831360e-01	-3.738280e-02
4.432246e-01	4.793251e-01	-4.622489e-02
5.729205e-01	4.610787e-01	-7.713802e-02
4.375870e-01	4.439011e-01	-6.315089e-02
5.696939e-01	4.301682e-01	-9.770759e-02
4.432055e-01	4.450495e-01	-9.976432e-02
5.667130e-01	4.305405e-01	-1.327591e-01
4.493302e-01	4.567797e-01	-6.127645e-02
5.668391e-01	4.413135e-01	-9.305657e-02
4.832423e-01	4.565148e-01	4.047630e-03
5.460228e-01	4.547335e-01	-4.083524e-03
4.680889e-01	2.668614e-01	4.586056e-02
5.568771e-01	2.592327e-01	4.710819e-02
4.578380e-01	1.007164e-01	2.262586e-01
5.634957e-01	1.011681e-01	2.449103e-01
4.653188e-01	7.516902e-02	2.363053e-01
5.539780e-01	7.295881e-02	2.555592e-01
4.278886e-01	4.608688e-02	1.118094e-01
5.935286e-01	4.225282e-02	1.261020e-01
5.207461e-01	8.548905e-01	-3.344785e-01
5.149636e-01	8.748100e-01	-3.221182e-01
5.110536e-01	8.746360e-01	-3.221469e-01
5.070604e-01	8.743853e-01	-3.221812e-01
5.282366e-01	8.739827e-01	-3.256890e-01
5.325986e-01	8.730226e-01	-3.256953e-01
5.369030e-01	8.716844e-01	-3.255933e-01
5.030174e-01	8.638567e-01	-2.127034e-01
5.426866e-01	8.568690e-01	-2.301463e-01
5.117562e-01	8.323688e-01	-2.904916e-01
5.289262e-01	8.295392e-01	-2.949584e-01
4.654649e-01	7.331918e-01	-1.190960e-01
5.734583e-01	7.240948e-01	-1.198937e-01
4.522625e-01	6.019014e-01	-9.862551e-03
5.794726e-01	5.831917e-01	-7.458037e-03
4.466267e-01	4.821631e-01	6.026000e-03
5.777680e-01	4.629278e-01	-2.851329e-03
4.417216e-01	4.468973e-01	-1.840158e-03
5.721890e-01	4.320967e-01	-1.488718e-02
4.462851e-01	4.475619e-01	-3.845472e-02
5.717307e-01	4.320636e-01	-4.920660e-02
4.523951e-01	4.592175e-01	-7.610796e-03
5.721165e-01	4.422239e-01	-1.707621e-02
4.831976e-01	4.564955e-01	4.692640e-03
5.459732e-01	4.554859e-01	-4.759096e-03
4.685305e-01	2.663580e-01	5.986663e-02
5.571252e-01	2.599907e-01	5.666472e-02
4.578039e-01	1.002189e-01	2.527528e-01
5.639237e-01	1.005181e-01	2.686467e-01
4.652826e-01	7.506719e-02	2.647073e-01
5.543199e-01	7.207421e-02	2.808965e-01
4.278863e-01	4.621899e-02	1.431392e-01
5.936841e-01	4.151467e-02	1.526967e-01
