5.259926e-01	8.573357e-01	-3.243483e-01
5.203875e-01	8.754410e-01	-3.042974e-01
5.154538e-01	8.750871e-01	-3.043559e-01
5.115469e-01	8.747035e-01	-3.043610e-01
5.332156e-01	8.743848e-01	-3.086267e-01
5.372453e-01	8.733762e-01	-3.086621e-01
5.414490e-01	8.721440e-01	-3.085482e-01
5.067400e-01	8.639028e-01	-1.770408e-01
5.478567e-01	8.612894e-01	-1.958395e-01
5.158448e-01	8.334728e-01	-2.755276e-01
5.330188e-01	8.323451e-01	-2.805284e-01
4.699329e-01	7.337934e-01	-9.506486e-02
5.793672e-01	7.217411e-01	-1.128573e-01
4.587994e-01	6.041848e-01	-3.597920e-02
5.856131e-01	5.840677e-01	-6.728912e-02
4.481770e-01	4.861434e-01	-9.769561e-02
5.839514e-01	4.639798e-01	-1.353745e-01
4.428051e-01	4.461878e-01	-1.240746e-01
5.805377e-01	4.314152e-01	-1.635089e-01
4.474818e-01	4.454283e-01	-1.604893e-01
5.796481e-01	4.325466e-01	-1.975888e-01
4.542355e-01	4.577231e-01	-1.145517e-01
5.759519e-01	4.462688e-01	-1.523932e-01
4.866942e-01	4.488726e-01	5.910164e-03
5.494573e-01	4.451525e-01	-5.926675e-03
4.688173e-01	2.577780e-01	5.375589e-02
5.593635e-01	2.550191e-01	4.608976e-02
4.615529e-01	1.068712e-01	2.350454e-01
5.658843e-01	1.037278e-01	2.359860e-01
4.708707e-01	7.909077e-02	2.462073e-01
5.561073e-01	7.455751e-02	2.470181e-01
4.291497e-01	4.415333e-02	1.286866e-01
5.928286e-01	3.955513e-02	1.226023e-01
5.253373e-01	8.556262e-01	-3.323798e-01
5.197721e-01	8.747159e-01	-3.153255e-01
5.152138e-01	8.743871e-01	-3.153580e-01
5.113135e-01	8.739349e-01	-3.153263e-01
5.329022e-01	8.740094e-01	-3.193373e-01
5.371197e-01	8.731426e-01	-3.193901e-01
5.414242e-01	8.719526e-01	-3.193066e-01
5.066185e-01	8.631613e-01	-1.974988e-01
5.480337e-01	8.606965e-01	-2.162673e-01
5.156406e-01	8.320698e-01	-2.864613e-01
5.329932e-01	8.307067e-01	-2.914403e-01
4.699332e-01	7.335408e-01	-1.144673e-01
5.793623e-01	7.221762e-01	-1.306937e-01
4.581764e-01	6.014660e-01	-5.326862e-02
5.863367e-01	5.829200e-01	-8.010206e-02
4.477227e-01	4.771458e-01	-1.032775e-01
5.870711e-01	4.588211e-01	-1.444135e-01
4.425794e-01	4.392606e-01	-1.268100e-01
5.868124e-01	4.275853e-01	-1.707027e-01
4.472566e-01	4.399965e-01	-1.613488e-01
5.820615e-01	4.280204e-01	-2.052873e-01
4.539196e-01	4.521345e-01	-1.187695e-01
5.802963e-01	4.404607e-01	-1.609043e-01
4.866931e-01	4.518999e-01	5.724781e-03
5.494447e-01	4.486479e-01	-5.740897e-03
4.700538e-01	2.648223e-01	5.617468e-02
5.589439e-01	2.619260e-01	4.896289e-02
4.610517e-01	1.064885e-01	2.337734e-01
5.659127e-01	1.037280e-01	2.359861e-01
4.690405e-01	7.898510e-02	2.441782e-01
5.561110e-01	7.549613e-02	2.468723e-01
4.295129e-01	4.669020e-02	1.286924e-01
5.930878e-01	4.047697e-02	1.231878e-01
5.252532e-01	8.545408e-01	-2.967804e-01
5.196527e-01	8.741245e-01	-2.812796e-01
5.151832e-01	8.738378e-01	-2.812916e-01
5.112988e-01	8.733423e-01	-2.812242e-01
5.328687e-01	8.735854e-01	-2.830107e-01
5.371157e-01	8.728141e-01	-2.830562e-01
5.414463e-01	8.716452e-01	-2.829219e-01
5.066181e-01	8.626725e-01	-1.787509e-01
5.481793e-01	8.602077e-01	-1.862257e-01
5.156441e-01	8.313296e-01	-2.567406e-01
5.330592e-01	8.296384e-01	-2.587490e-01
4.701138e-01	7.336020e-01	-1.121194e-01
5.792733e-01	7.230218e-01	-1.165935e-01
4.578038e-01	6.014446e-01	-7.574014e-02
5.863714e-01	5.827871e-01	-7.808954e-02
4.457620e-01	4.777634e-01	-1.313186e-01
5.878175e-01	4.584041e-01	-1.437918e-01
4.400430e-01	4.394840e-01	-1.573730e-01
5.897990e-01	4.259657e-01	-1.714105e-01
4.459629e-01	4.409820e-01	-1.920789e-01
5.841497e-01	4.261320e-01	-2.049951e-01
4.526492e-01	4.528928e-01	-1.469882e-01
5.814981e-01	4.386058e-01	-1.602854e-01
4.867228e-01	4.538879e-01	3.662081e-03
5.494338e-01	4.507857e-01	-3.636372e-03
4.705028e-01	2.677212e-01	4.641887e-02
5.582897e-01	2.656304e-01	4.849017e-02
4.608311e-01	1.058932e-01	1.951210e-01
5.659387e-01	1.036881e-01	2.125184e-01
4.686178e-01	7.861172e-02	2.032261e-01
5.561291e-01	7.552795e-02	2.207379e-01
4.298847e-01	4.780115e-02	1.001727e-01
5.938771e-01	4.244252e-02	1.104848e-01
5.252554e-01	8.544873e-01	-2.493309e-01
5.196548e-01	8.741346e-01	-2.330099e-01
5.151936e-01	8.738554e-01	-2.330070e-01
5.113415e-01	8.733565e-01	-2.329226e-01
5.328864e-01	8.735965e-01	-2.338440e-01
5.371382e-01	8.728238e-01	-2.338726e-01
5.415276e-01	8.716451e-01	-2.337235e-01
5.066582e-01	8.627096e-01	-1.326294e-01
5.482169e-01	8.601358e-01	-1.367400e-01
5.157168e-01	8.313246e-01	-2.113766e-01
5.332248e-01	8.295100e-01	-2.122182e-01
4.703909e-01	7.337532e-01	-8.451054e-02
5.790936e-01	7.257836e-01	-7.208498e-02
4.571784e-01	6.016451e-01	-6.472029e-02
5.864199e-01	5.860748e-01	-4.658010e-02
4.426729e-01	4.778501e-01	-1.217068e-01
5.901982e-01	4.618567e-01	-1.285703e-01
4.365470e-01	4.396302e-01	-1.482170e-01
5.968642e-01	4.262201e-01	-1.606112e-01
4.432177e-01	4.416997e-01	-1.844919e-01
5.887890e-01	4.261954e-01	-1.932741e-01
4.502299e-01	4.544461e-01	-1.380627e-01
5.846050e-01	4.387922e-01	-1.456194e-01
4.865026e-01	4.549220e-01	2.231076e-03
5.491673e-01	4.520211e-01	-2.159430e-03
4.704241e-01	2.692219e-01	3.145460e-02
5.582935e-01	2.673848e-01	3.379636e-02
4.604581e-01	1.054692e-01	1.773012e-01
5.662231e-01	1.035606e-01	1.821364e-01
4.683025e-01	7.805531e-02	1.851393e-01
5.567380e-01	7.556743e-02	1.884521e-01
4.298950e-01	4.912000e-02	8.512414e-02
5.948361e-01	4.312541e-02	7.911287e-02
5.252644e-01	8.543476e-01	-2.789804e-01
5.196564e-01	8.740796e-01	-2.617788e-01
5.152186e-01	8.738082e-01	-2.618014e-01
5.114093e-01	8.733121e-01	-2.617517e-01
5.328830e-01	8.735769e-01	-2.639634e-01
5.371329e-01	8.728147e-01	-2.639987e-01
5.415234e-01	8.716356e-01	-2.638681e-01
5.067537e-01	8.627410e-01	-1.404809e-01
5.482098e-01	8.601147e-01	-1.604426e-01
5.158022e-01	8.313354e-01	-2.367251e-01
5.332829e-01	8.295278e-01	-2.394002e-01
4.704363e-01	7.343497e-01	-1.028917e-01
5.790185e-01	7.276918e-01	-8.567153e-02
4.561094e-01	6.017173e-01	-7.806273e-02
5.876509e-01	5.860764e-01	-5.994881e-02
4.383426e-01	4.781970e-01	-1.405453e-01
5.952312e-01	4.610451e-01	-1.437982e-01
4.319581e-01	4.396056e-01	-1.668579e-01
6.024258e-01	4.258627e-01	-1.747071e-01
4.374722e-01	4.414597e-01	-2.050676e-01
5.958699e-01	4.257354e-01	-2.084444e-01
4.446255e-01	4.544666e-01	-1.579367e-01
5.913886e-01	4.379834e-01	-1.612365e-01
4.865101e-01	4.567231e-01	1.484827e-03
5.491319e-01	4.546046e-01	-1.398551e-03
4.704142e-01	2.696692e-01	2.860748e-02
5.585224e-01	2.676672e-01	3.361552e-02
4.601558e-01	1.051981e-01	1.730032e-01
5.664353e-01	1.035179e-01	1.863917e-01
4.680053e-01	7.783674e-02	1.805512e-01
5.569473e-01	7.558756e-02	1.931034e-01
4.298947e-01	4.977849e-02	7.724498e-02
5.952800e-01	4.354003e-02	8.144060e-02
5.249718e-01	8.538101e-01	-2.831317e-01
5.194736e-01	8.738099e-01	-2.660721e-01
5.151774e-01	8.735705e-01	-2.660905e-01
5.113913e-01	8.730873e-01	-2.660220e-01
5.325680e-01	8.733760e-01	-2.678947e-01
5.368835e-01	8.726586e-01	-2.679324e-01
5.412433e-01	8.714960e-01	-2.678038e-01
5.067884e-01	8.626931e-01	-1.523415e-01
5.481406e-01	8.599129e-01	-1.652113e-01
5.157479e-01	8.311815e-01	-2.414774e-01
5.331809e-01	8.293061e-01	-2.436563e-01
4.705877e-01	7.352030e-01	-1.025186e-01
5.789159e-01	7.283500e-01	-8.978659e-02
4.539498e-01	6.026030e-01	-7.481353e-02
5.912583e-01	5.861095e-01	-6.177480e-02
4.326198e-01	4.807193e-01	-1.477174e-01
6.012716e-01	4.611176e-01	-1.589263e-01
4.269057e-01	4.410534e-01	-1.764905e-01
6.097316e-01	4.259855e-01	-1.927766e-01
4.326877e-01	4.428017e-01	-2.159947e-01
6.038646e-01	4.257760e-01	-2.273641e-01
4.393485e-01	4.568186e-01	-1.661206e-01
5.981097e-01	4.382000e-01	-1.770816e-01
4.864791e-01	4.570458e-01	9.643794e-04
5.489286e-01	4.548073e-01	-8.592449e-04
4.702775e-01	2.695747e-01	3.023555e-02
5.591235e-01	2.677565e-01	3.313177e-02
4.600675e-01	1.050624e-01	1.817400e-01
5.664795e-01	1.035221e-01	1.916317e-01
4.679223e-01	7.769992e-02	1.897300e-01
5.569350e-01	7.558778e-02	1.984830e-01
4.298046e-01	4.975948e-02	8.445089e-02
5.962152e-01	4.386425e-02	8.441935e-02
5.249519e-01	8.537314e-01	-2.952077e-01
5.194649e-01	8.737279e-01	-2.779866e-01
5.151801e-01	8.735023e-01	-2.780110e-01
5.114192e-01	8.730249e-01	-2.779252e-01
5.325471e-01	8.732877e-01	-2.799887e-01
5.368634e-01	8.725706e-01	-2.800289e-01
5.412252e-01	8.713864e-01	-2.799137e-01
5.069144e-01	8.626785e-01	-1.655432e-01
5.481403e-01	8.596832e-01	-1.776931e-01
5.157698e-01	8.311729e-01	-2.533076e-01
5.331846e-01	8.292551e-01	-2.558782e-01
4.707353e-01	7.356766e-01	-1.084642e-01
5.789178e-01	7.294484e-01	-9.905395e-02
4.525606e-01	6.039231e-01	-7.843587e-02
5.946298e-01	5.864992e-01	-8.215053e-02
4.273520e-01	4.863250e-01	-1.554567e-01
6.096073e-01	4.617383e-01	-1.832721e-01
4.200175e-01	4.476460e-01	-1.844135e-01
6.185647e-01	4.267723e-01	-2.175478e-01
4.237447e-01	4.480262e-01	-2.249552e-01
6.163946e-01	4.258998e-01	-2.542094e-01
4.307412e-01	4.628882e-01	-1.745807e-01
6.088299e-01	4.383966e-01	-2.024974e-01
4.864739e-01	4.571041e-01	1.096859e-03
5.488334e-01	4.547015e-01	-9.994365e-04
4.700378e-01	2.693734e-01	3.288985e-02
5.597183e-01	2.680738e-01	3.351393e-02
4.600082e-01	1.050507e-01	1.891169e-01
5.664999e-01	1.035862e-01	1.976928e-01
4.677574e-01	7.766616e-02	1.974804e-01
5.569328e-01	7.565871e-02	2.050429e-01
4.297887e-01	5.023808e-02	9.106887e-02
5.967630e-01	4.434893e-02	8.960415e-02
5.249535e-01	8.532763e-01	-2.968279e-01
5.194893e-01	8.731655e-01	-2.793004e-01
5.152138e-01	8.729977e-01	-2.793275e-01
5.114948e-01	8.725653e-01	-2.792320e-01
5.325755e-01	8.725697e-01	-2.805291e-01
5.368862e-01	8.718070e-01	-2.805668e-01
5.412735e-01	8.705465e-01	-2.804494e-01
5.070130e-01	8.622566e-01	-1.677891e-01
5.481817e-01	8.585436e-01	-1.780408e-01
5.158043e-01	8.308086e-01	-2.554782e-01
5.332184e-01	8.286121e-01	-2.573268e-01
4.710395e-01	7.358732e-01	-1.105025e-01
5.789161e-01	7.294946e-01	-9.976295e-02
4.504575e-01	6.046377e-01	-8.480048e-02
5.971774e-01	5.873617e-01	-8.491199e-02
4.168928e-01	4.893566e-01	-1.663981e-01
6.187956e-01	4.617602e-01	-1.876995e-01
4.088730e-01	4.521005e-01	-1.961999e-01
6.301951e-01	4.269835e-01	-2.220314e-01
4.112865e-01	4.512405e-01	-2.373249e-01
6.299766e-01	4.259817e-01	-2.598027e-01
4.176787e-01	4.654149e-01	-1.860172e-01
6.218516e-01	4.380799e-01	-2.077018e-01
4.865857e-01	4.568521e-01	1.064077e-03
5.488065e-01	4.545795e-01	-9.631545e-04
4.693870e-01	2.691402e-01	3.416756e-02
5.607256e-01	2.677669e-01	3.745690e-02
4.598257e-01	1.047784e-01	1.922042e-01
5.664997e-01	1.035969e-01	2.067845e-01
4.675880e-01	7.708008e-02	2.010735e-01
5.568397e-01	7.567440e-02	2.137155e-01
4.297780e-01	5.071079e-02	9.139934e-02
5.970930e-01	4.466191e-02	9.954472e-02
5.250737e-01	8.522106e-01	-2.905893e-01
5.195781e-01	8.717114e-01	-2.715894e-01
5.152615e-01	8.714973e-01	-2.716118e-01
5.115590e-01	8.709831e-01	-2.715206e-01
5.327476e-01	8.713690e-01	-2.718857e-01
5.370659e-01	8.706768e-01	-2.719131e-01
5.415764e-01	8.695094e-01	-2.717663e-01
5.070077e-01	8.602732e-01	-1.579058e-01
5.483855e-01	8.574014e-01	-1.600414e-01
5.159364e-01	8.293939e-01	-2.485748e-01
5.334651e-01	8.273500e-01	-2.488664e-01
4.711211e-01	7.357696e-01	-1.012723e-01
5.789288e-01	7.296687e-01	-8.276389e-02
4.467567e-01	6.053507e-01	-8.072292e-02
6.000167e-01	5.896629e-01	-8.292459e-02
4.083901e-01	4.911029e-01	-1.761303e-01
6.282830e-01	4.642623e-01	-1.985775e-01
3.990666e-01	4.560876e-01	-2.098490e-01
6.443349e-01	4.321901e-01	-2.391883e-01
4.022340e-01	4.543427e-01	-2.522383e-01
6.415074e-01	4.289444e-01	-2.765705e-01
4.088181e-01	4.674215e-01	-1.966245e-01
6.326870e-01	4.390241e-01	-2.192389e-01
4.868546e-01	4.533646e-01	8.738149e-04
5.492443e-01	4.536812e-01	-7.576912e-04
4.676875e-01	2.687095e-01	3.031845e-02
5.617111e-01	2.664787e-01	4.123067e-02
4.596166e-01	1.047381e-01	2.113695e-01
5.664639e-01	1.036554e-01	2.389560e-01
4.675071e-01	7.699554e-02	2.230251e-01
5.568060e-01	7.596850e-02	2.487629e-01
4.297008e-01	5.122082e-02	1.160637e-01
5.972260e-01	4.483509e-02	1.325665e-01
5.259247e-01	8.494335e-01	-2.872996e-01
5.200298e-01	8.688220e-01	-2.680992e-01
5.155516e-01	8.684196e-01	-2.681138e-01
5.118250e-01	8.675718e-01	-2.680210e-01
5.332267e-01	8.685263e-01	-2.676914e-01
5.375193e-01	8.677969e-01	-2.677054e-01
5.420328e-01	8.666221e-01	-2.675396e-01
5.070128e-01	8.566949e-01	-1.539110e-01
5.484267e-01	8.546030e-01	-1.519089e-01
5.164648e-01	8.263907e-01	-2.450168e-01
5.340650e-01	8.246657e-01	-2.442627e-01
4.712898e-01	7.353469e-01	-9.743302e-02
5.788837e-01	7.296013e-01	-7.490061e-02
4.418776e-01	6.078857e-01	-8.152315e-02
6.037115e-01	5.906687e-01	-7.970560e-02
4.003683e-01	4.984095e-01	-1.834870e-01
6.376837e-01	4.668870e-01	-2.011016e-01
3.880305e-01	4.629628e-01	-2.172896e-01
6.547844e-01	4.342571e-01	-2.414625e-01
3.910764e-01	4.600509e-01	-2.613875e-01
6.534751e-01	4.307685e-01	-2.799738e-01
3.979372e-01	4.719874e-01	-2.047462e-01
6.451499e-01	4.402445e-01	-2.225305e-01
4.867462e-01	4.478326e-01	4.622633e-04
5.492512e-01	4.501227e-01	-3.286086e-04
4.649502e-01	2.629585e-01	2.196278e-02
5.631443e-01	2.628571e-01	4.161905e-02
4.594106e-01	1.044066e-01	2.255169e-01
5.664462e-01	1.037443e-01	2.510626e-01
4.674012e-01	7.693873e-02	2.394718e-01
5.568032e-01	7.703836e-02	2.624591e-01
4.296142e-01	5.131162e-02	1.357255e-01
5.971895e-01	4.485001e-02	1.480432e-01
5.268486e-01	8.427539e-01	-2.880626e-01
5.204799e-01	8.613740e-01	-2.688717e-01
5.158064e-01	8.607904e-01	-2.688843e-01
5.119842e-01	8.599501e-01	-2.687912e-01
5.337075e-01	8.613557e-01	-2.686585e-01
5.379848e-01	8.607305e-01	-2.686615e-01
5.424623e-01	8.597896e-01	-2.684874e-01
5.070142e-01	8.496841e-01	-1.534035e-01
5.484647e-01	8.492235e-01	-1.516068e-01
5.170075e-01	8.188956e-01	-2.451252e-01
5.347171e-01	8.181378e-01	-2.444829e-01
4.714588e-01	7.334614e-01	-9.492125e-02
5.789599e-01	7.287788e-01	-7.416704e-02
4.379487e-01	6.103342e-01	-9.296246e-02
6.061417e-01	5.915068e-01	-7.908166e-02
3.949955e-01	5.114722e-01	-2.207980e-01
6.450263e-01	4.703409e-01	-2.027566e-01
3.810507e-01	4.736760e-01	-2.579573e-01
6.608582e-01	4.363870e-01	-2.434403e-01
3.851490e-01	4.698019e-01	-3.016693e-01
6.605521e-01	4.333014e-01	-2.827279e-01
3.922840e-01	4.808628e-01	-2.424850e-01
6.534160e-01	4.423882e-01	-2.244695e-01
4.867436e-01	4.434605e-01	4.572558e-04
5.493950e-01	4.448298e-01	-3.223575e-04
4.631795e-01	2.601898e-01	1.793157e-02
5.643083e-01	2.565620e-01	4.371754e-02
4.592416e-01	1.038379e-01	2.305121e-01
5.661329e-01	1.035823e-01	2.647303e-01
4.673598e-01	7.680540e-02	2.450331e-01
5.560402e-01	7.704028e-02	2.774166e-01
4.293557e-01	5.094464e-02	1.407962e-01
5.970265e-01	4.464577e-02	1.645004e-01
5.266764e-01	8.335655e-01	-2.826992e-01
5.204428e-01	8.527563e-01	-2.628721e-01
5.157837e-01	8.525481e-01	-2.628828e-01
5.119731e-01	8.522347e-01	-2.627861e-01
5.336114e-01	8.525199e-01	-2.636441e-01
5.378708e-01	8.521761e-01	-2.636310e-01
5.423156e-01	8.516312e-01	-2.634489e-01
5.069919e-01	8.435251e-01	-1.440976e-01
5.482146e-01	8.427814e-01	-1.468490e-01
5.169112e-01	8.114963e-01	-2.383974e-01
5.344195e-01	8.108870e-01	-2.389669e-01
4.716916e-01	7.310581e-01	-8.052279e-02
5.788031e-01	7.267332e-01	-7.002755e-02
4.358208e-01	6.146507e-01	-9.116852e-02
6.081880e-01	5.938041e-01	-7.170788e-02
3.922929e-01	5.248361e-01	-2.085866e-01
6.482452e-01	4.764982e-01	-1.981880e-01
3.779615e-01	4.865772e-01	-2.461825e-01
6.625724e-01	4.399993e-01	-2.391110e-01
3.825715e-01	4.802896e-01	-2.889145e-01
6.612651e-01	4.368512e-01	-2.785597e-01
3.894347e-01	4.917768e-01	-2.300817e-01
6.547470e-01	4.474128e-01	-2.197718e-01
4.865399e-01	4.404770e-01	1.064338e-03
5.493779e-01	4.401349e-01	-9.164133e-04
4.615754e-01	2.557774e-01	9.285697e-03
5.649494e-01	2.521946e-01	4.255081e-02
4.592190e-01	1.030002e-01	2.366486e-01
5.656187e-01	1.034705e-01	2.740810e-01
4.674046e-01	7.644030e-02	2.525341e-01
5.548009e-01	7.704145e-02	2.883349e-01
4.292396e-01	5.037612e-02	1.457342e-01
5.956059e-01	4.449649e-02	1.731308e-01
5.261925e-01	8.249658e-01	-2.619541e-01
5.203347e-01	8.456633e-01	-2.403251e-01
5.156860e-01	8.453955e-01	-2.403466e-01
5.119144e-01	8.450618e-01	-2.402527e-01
5.335011e-01	8.449430e-01	-2.422644e-01
5.377950e-01	8.443525e-01	-2.422327e-01
5.422918e-01	8.434824e-01	-2.420473e-01
5.067466e-01	8.363832e-01	-1.164537e-01
5.482014e-01	8.339239e-01	-1.239643e-01
5.166371e-01	8.032765e-01	-2.160797e-01
5.339463e-01	8.012601e-01	-2.180597e-01
4.718750e-01	7.265368e-01	-5.377423e-02
5.788253e-01	7.194410e-01	-5.072287e-02
4.358632e-01	6.202964e-01	-8.404832e-02
6.090730e-01	5.992635e-01	-6.561604e-02
3.926303e-01	5.434164e-01	-2.390605e-01
6.491417e-01	4.887154e-01	-2.108493e-01
3.769594e-01	5.055166e-01	-2.822761e-01
6.636665e-01	4.529361e-01	-2.562808e-01
3.816395e-01	4.989478e-01	-3.230144e-01
6.621953e-01	4.479992e-01	-2.930889e-01
3.887837e-01	5.091347e-01	-2.607987e-01
6.553392e-01	4.575599e-01	-2.320215e-01
4.856818e-01	4.366166e-01	2.195020e-03
5.492566e-01	4.349844e-01	-2.027522e-03
4.586432e-01	2.527839e-01	-2.470792e-03
5.658284e-01	2.491834e-01	3.978456e-02
4.590961e-01	1.022792e-01	2.343957e-01
5.653688e-01	1.034732e-01	2.800519e-01
4.674158e-01	7.600074e-02	2.506582e-01
5.541713e-01	7.770412e-02	2.952750e-01
4.291220e-01	5.013615e-02	1.422631e-01
5.946171e-01	4.451510e-02	1.792991e-01
5.272499e-01	8.151277e-01	-2.443698e-01
5.213023e-01	8.361688e-01	-2.234795e-01
5.165752e-01	8.363277e-01	-2.235107e-01
5.125023e-01	8.363509e-01	-2.234231e-01
5.342295e-01	8.346409e-01	-2.251137e-01
5.386195e-01	8.338467e-01	-2.250829e-01
5.429820e-01	8.330190e-01	-2.249186e-01
5.068353e-01	8.280357e-01	-1.030038e-01
5.482306e-01	8.237395e-01	-1.090936e-01
5.174114e-01	7.942437e-01	-1.996913e-01
5.342782e-01	7.907177e-01	-2.012681e-01
4.727030e-01	7.230532e-01	-3.938260e-02
5.782427e-01	7.136115e-01	-4.152663e-02
4.367275e-01	6.275482e-01	-5.690538e-02
6.103969e-01	6.034189e-01	-5.851445e-02
3.937739e-01	5.570103e-01	-2.162209e-01
6.510736e-01	4.980853e-01	-2.063956e-01
3.780710e-01	5.235016e-01	-2.567559e-01
6.654339e-01	4.678369e-01	-2.509335e-01
3.829111e-01	5.162887e-01	-2.974138e-01
6.630892e-01	4.620236e-01	-2.874015e-01
3.900660e-01	5.246229e-01	-2.376895e-01
6.557884e-01	4.694476e-01	-2.274917e-01
4.852269e-01	4.351333e-01	3.427468e-03
5.487166e-01	4.315629e-01	-3.243019e-03
4.568227e-01	2.519314e-01	-1.684489e-02
5.664488e-01	2.471823e-01	2.381778e-02
4.588160e-01	1.018260e-01	2.179233e-01
5.648912e-01	1.035880e-01	2.659990e-01
4.673981e-01	7.596909e-02	2.355672e-01
5.539353e-01	7.906977e-02	2.783809e-01
4.285582e-01	4.986862e-02	1.270616e-01
5.937681e-01	4.525308e-02	1.625487e-01
5.275497e-01	8.049704e-01	-2.334907e-01
5.216129e-01	8.263124e-01	-2.146510e-01
5.168729e-01	8.266672e-01	-2.146965e-01
5.127461e-01	8.270856e-01	-2.146340e-01
5.344431e-01	8.246757e-01	-2.151215e-01
5.388410e-01	8.241094e-01	-2.150998e-01
5.431719e-01	8.237478e-01	-2.149479e-01
5.068892e-01	8.201551e-01	-1.029267e-01
5.482152e-01	8.154965e-01	-1.036583e-01
5.178511e-01	7.847236e-01	-1.918141e-01
5.343696e-01	7.810890e-01	-1.916971e-01
4.731468e-01	7.176200e-01	-3.241274e-02
5.771560e-01	7.066299e-01	-3.418984e-02
4.375487e-01	6.326922e-01	4.839829e-02
6.109177e-01	6.080125e-01	1.158104e-03
3.951129e-01	5.701600e-01	2.401092e-02
6.525755e-01	5.077941e-01	-8.109211e-02
3.797206e-01	5.436332e-01	1.084254e-02
6.670063e-01	4.832562e-01	-1.097777e-01
3.837404e-01	5.391125e-01	-3.266703e-02
6.641926e-01	4.783794e-01	-1.479522e-01
3.909770e-01	5.453359e-01	5.079609e-03
6.569467e-01	4.837674e-01	-1.015985e-01
4.840875e-01	4.304951e-01	4.379601e-03
5.473884e-01	4.265543e-01	-4.190130e-03
4.546216e-01	2.473769e-01	-1.352034e-02
5.668939e-01	2.459992e-01	2.447674e-02
4.584818e-01	1.016963e-01	2.215795e-01
5.644480e-01	1.037678e-01	2.668279e-01
4.673596e-01	7.604083e-02	2.398389e-01
5.531126e-01	8.014894e-02	2.824739e-01
4.279561e-01	4.985181e-02	1.337729e-01
5.933129e-01	4.560780e-02	1.715660e-01
5.276045e-01	7.982204e-01	-2.335217e-01
5.217169e-01	8.193030e-01	-2.139487e-01
5.169591e-01	8.197832e-01	-2.139910e-01
5.128258e-01	8.202882e-01	-2.139129e-01
5.345336e-01	8.174702e-01	-2.141776e-01
5.389460e-01	8.169110e-01	-2.141329e-01
5.432742e-01	8.164970e-01	-2.139632e-01
5.068815e-01	8.138243e-01	-9.744920e-02
5.481849e-01	8.083695e-01	-9.620087e-02
5.179000e-01	7.782037e-01	-1.901064e-01
5.343646e-01	7.744375e-01	-1.894313e-01
4.735743e-01	7.129226e-01	-2.869565e-02
5.758973e-01	7.006184e-01	-2.428751e-02
4.381056e-01	6.401444e-01	1.274668e-03
6.101009e-01	6.097203e-01	1.278662e-02
3.970862e-01	5.811841e-01	-9.454402e-02
6.483817e-01	5.259516e-01	-6.836157e-02
3.821774e-01	5.589725e-01	-1.221198e-01
6.634439e-01	4.997425e-01	-9.982446e-02
3.859862e-01	5.544958e-01	-1.639311e-01
6.596092e-01	4.956139e-01	-1.367708e-01
3.931788e-01	5.601807e-01	-1.144927e-01
6.524682e-01	5.003413e-01	-8.827166e-02
4.835313e-01	4.264024e-01	4.302612e-03
5.468949e-01	4.220442e-01	-4.102859e-03
4.532968e-01	2.438754e-01	-1.759470e-02
5.677330e-01	2.430490e-01	2.670409e-02
4.579960e-01	1.016711e-01	2.214986e-01
5.636808e-01	1.032109e-01	2.731957e-01
4.670920e-01	7.629272e-02	2.391029e-01
5.516868e-01	7.881982e-02	2.892438e-01
4.273779e-01	4.982932e-02	1.333468e-01
5.933376e-01	4.545003e-02	1.761341e-01
5.259601e-01	7.875007e-01	-2.545213e-01
5.208142e-01	8.090770e-01	-2.277844e-01
5.160867e-01	8.096458e-01	-2.278738e-01
5.122833e-01	8.102564e-01	-2.277658e-01
5.340988e-01	8.066344e-01	-2.313358e-01
5.385221e-01	8.060793e-01	-2.312752e-01
5.430933e-01	8.053487e-01	-2.311178e-01
5.063253e-01	8.044367e-01	-1.094351e-01
5.480524e-01	7.968583e-01	-1.119909e-01
5.164986e-01	7.673022e-01	-1.963361e-01
5.332891e-01	7.622424e-01	-2.004941e-01
4.735120e-01	7.045169e-01	-2.063300e-02
5.750357e-01	6.924230e-01	-3.882433e-02
4.385425e-01	6.403649e-01	8.450925e-02
6.101540e-01	6.087738e-01	-8.568296e-03
3.984838e-01	5.910034e-01	7.030530e-02
6.479763e-01	5.355419e-01	-9.892465e-02
3.842764e-01	5.725675e-01	5.996071e-02
6.626642e-01	5.092898e-01	-1.291714e-01
3.880386e-01	5.666404e-01	1.603997e-02
6.572892e-01	5.077746e-01	-1.668823e-01
3.952097e-01	5.700316e-01	5.176594e-02
6.505227e-01	5.179046e-01	-1.185066e-01
4.828233e-01	4.229045e-01	6.561182e-03
5.465897e-01	4.169354e-01	-6.380045e-03
4.517876e-01	2.381040e-01	-3.615933e-02
5.685605e-01	2.360413e-01	-3.981928e-03
4.579428e-01	1.009594e-01	2.123608e-01
5.633060e-01	1.021164e-01	2.513641e-01
4.671617e-01	7.615887e-02	2.307301e-01
5.510408e-01	7.825964e-02	2.694487e-01
4.260017e-01	4.875959e-02	1.249457e-01
5.932049e-01	4.421968e-02	1.588679e-01
5.255607e-01	7.770720e-01	-2.474564e-01
5.205545e-01	7.982315e-01	-2.260256e-01
5.156850e-01	7.992026e-01	-2.260834e-01
5.120788e-01	7.999600e-01	-2.259993e-01
5.339771e-01	7.954172e-01	-2.276074e-01
5.383612e-01	7.946650e-01	-2.275676e-01
5.430303e-01	7.939921e-01	-2.274229e-01
5.059266e-01	7.949886e-01	-1.025249e-01
5.479854e-01	7.867484e-01	-1.043586e-01
5.160060e-01	7.568021e-01	-1.977461e-01
5.330087e-01	7.522245e-01	-1.988037e-01
4.735501e-01	6.984946e-01	-2.542515e-02
5.736752e-01	6.867351e-01	-2.985809e-02
4.387009e-01	6.418294e-01	-4.067430e-02
6.099172e-01	6.119169e-01	-2.753869e-03
4.029899e-01	6.018002e-01	-2.082390e-01
6.460088e-01	5.522575e-01	-7.578317e-02
3.900604e-01	5.935258e-01	-2.405766e-01
6.600778e-01	5.275713e-01	-1.037185e-01
3.928631e-01	5.885084e-01	-2.724885e-01
6.556928e-01	5.270383e-01	-1.326464e-01
3.994802e-01	5.882746e-01	-2.260511e-01
6.498877e-01	5.385262e-01	-9.155830e-02
4.825281e-01	4.148363e-01	5.830121e-03
5.461522e-01	4.087342e-01	-5.628502e-03
4.503115e-01	2.338670e-01	-4.498535e-02
5.693297e-01	2.299938e-01	3.257464e-03
4.577530e-01	1.005297e-01	2.055098e-01
5.629658e-01	1.020474e-01	2.596193e-01
4.671507e-01	7.611898e-02	2.239820e-01
5.505991e-01	7.848877e-02	2.777117e-01
4.254840e-01	4.747943e-02	1.120037e-01
5.922610e-01	4.388481e-02	1.638856e-01
5.255683e-01	7.677591e-01	-2.356203e-01
5.205165e-01	7.880175e-01	-2.176047e-01
5.155785e-01	7.888678e-01	-2.176540e-01
5.120081e-01	7.896047e-01	-2.176019e-01
5.339516e-01	7.858069e-01	-2.168713e-01
5.383413e-01	7.851013e-01	-2.168376e-01
5.430180e-01	7.846363e-01	-2.167235e-01
5.055476e-01	7.848606e-01	-9.806783e-02
5.478913e-01	7.776278e-01	-9.178368e-02
5.160122e-01	7.478807e-01	-1.894628e-01
5.330123e-01	7.444283e-01	-1.874410e-01
4.734916e-01	6.905335e-01	-3.262782e-02
5.708336e-01	6.824111e-01	-1.711590e-02
4.385673e-01	6.400438e-01	-1.220560e-01
6.010717e-01	6.234975e-01	-1.277367e-02
4.141882e-01	6.045722e-01	-3.392141e-01
6.211365e-01	5.958797e-01	-1.321911e-01
4.027742e-01	5.934049e-01	-3.821291e-01
6.369104e-01	5.846182e-01	-1.677631e-01
4.088377e-01	5.979399e-01	-4.102113e-01
6.297663e-01	5.886770e-01	-1.580673e-01
4.151823e-01	5.957767e-01	-3.566905e-01
6.230248e-01	5.879875e-01	-1.396808e-01
4.815738e-01	4.046997e-01	1.840068e-03
5.454195e-01	4.017269e-01	-1.626102e-03
4.504696e-01	2.281366e-01	-4.858195e-02
5.694956e-01	2.210306e-01	1.798652e-02
4.575505e-01	1.006084e-01	2.076938e-01
5.629100e-01	1.020159e-01	3.011879e-01
4.669782e-01	7.716142e-02	2.252695e-01
5.506758e-01	8.108918e-02	3.209886e-01
4.254089e-01	4.695720e-02	1.143414e-01
5.910475e-01	4.387528e-02	2.075583e-01
5.248793e-01	7.546915e-01	-2.243194e-01
5.195888e-01	7.754746e-01	-2.073893e-01
5.148520e-01	7.763636e-01	-2.074326e-01
5.112765e-01	7.770030e-01	-2.073676e-01
5.332654e-01	7.730206e-01	-2.081054e-01
5.377465e-01	7.722884e-01	-2.080998e-01
5.424469e-01	7.712122e-01	-2.080123e-01
5.048113e-01	7.718804e-01	-8.820072e-02
5.473869e-01	7.632065e-01	-8.951463e-02
5.152529e-01	7.361374e-01	-1.782333e-01
5.326424e-01	7.323217e-01	-1.782605e-01
4.735920e-01	6.822186e-01	-2.724800e-02
5.689192e-01	6.770167e-01	-2.661164e-02
4.369293e-01	6.397232e-01	-1.532030e-01
5.965339e-01	6.327597e-01	-2.083795e-01
4.288256e-01	6.116029e-01	-3.697661e-01
6.041926e-01	6.170782e-01	-4.768188e-01
4.207991e-01	6.007448e-01	-4.184246e-01
6.166595e-01	6.173003e-01	-5.382439e-01
4.331983e-01	6.081271e-01	-4.334483e-01
6.088394e-01	6.183913e-01	-5.419378e-01
4.410904e-01	6.054021e-01	-3.828136e-01
6.007608e-01	6.149317e-01	-4.879689e-01
4.811164e-01	3.981023e-01	3.872909e-03
5.452348e-01	3.956765e-01	-3.731144e-03
4.483780e-01	2.210884e-01	-7.580031e-02
5.709386e-01	2.137160e-01	-3.078887e-02
4.573484e-01	1.001689e-01	1.948910e-01
5.628335e-01	1.016481e-01	2.686423e-01
4.669299e-01	7.719531e-02	2.147911e-01
5.506040e-01	8.145159e-02	2.976040e-01
4.241951e-01	4.398080e-02	1.056514e-01
5.910623e-01	4.239103e-02	2.014222e-01
5.227447e-01	7.392299e-01	-2.110504e-01
5.174103e-01	7.609425e-01	-1.955860e-01
5.134037e-01	7.615286e-01	-1.956211e-01
5.096029e-01	7.621740e-01	-1.955568e-01
5.310324e-01	7.587734e-01	-1.964235e-01
5.355985e-01	7.579040e-01	-1.964223e-01
5.402009e-01	7.566593e-01	-1.963463e-01
5.034689e-01	7.566299e-01	-8.227692e-02
5.461226e-01	7.477648e-01	-8.479179e-02
5.135257e-01	7.216277e-01	-1.669434e-01
5.309628e-01	7.183149e-01	-1.671188e-01
4.735468e-01	6.726426e-01	-3.356893e-02
5.662116e-01	6.682966e-01	-6.246249e-02
4.391695e-01	6.445479e-01	-2.481207e-01
5.923661e-01	6.393129e-01	-3.142715e-01
4.401242e-01	6.187500e-01	-4.898268e-01
5.976950e-01	6.235625e-01	-6.123215e-01
4.313721e-01	6.196965e-01	-5.455669e-01
6.124660e-01	6.252314e-01	-6.796801e-01
4.448949e-01	6.158829e-01	-5.538922e-01
6.030978e-01	6.235012e-01	-6.798461e-01
4.540116e-01	6.108418e-01	-5.017740e-01
5.934035e-01	6.188203e-01	-6.245995e-01
4.802165e-01	3.948897e-01	6.873078e-03
5.442280e-01	3.913272e-01	-6.825883e-03
4.473321e-01	2.194709e-01	-7.631680e-02
5.717533e-01	2.114269e-01	-3.116120e-02
4.572654e-01	1.001467e-01	1.851183e-01
5.627817e-01	1.012108e-01	2.568750e-01
4.669282e-01	7.787955e-02	2.044289e-01
5.506042e-01	8.148540e-02	2.836431e-01
4.239660e-01	4.394404e-02	9.472457e-02
5.906067e-01	4.177503e-02	1.910255e-01
5.222218e-01	7.243763e-01	-2.046742e-01
5.167246e-01	7.458215e-01	-1.887347e-01
5.127741e-01	7.465991e-01	-1.887810e-01
5.089658e-01	7.472077e-01	-1.887313e-01
5.304294e-01	7.437752e-01	-1.876040e-01
5.349231e-01	7.430158e-01	-1.875902e-01
5.394951e-01	7.420095e-01	-1.874750e-01
5.024989e-01	7.423777e-01	-7.738661e-02
5.453352e-01	7.338520e-01	-7.159163e-02
5.127831e-01	7.062312e-01	-1.616504e-01
5.304409e-01	7.035316e-01	-1.593547e-01
4.723842e-01	6.601771e-01	-4.931960e-02
5.641862e-01	6.545482e-01	-6.307258e-02
4.441785e-01	6.489284e-01	-3.108300e-01
5.920372e-01	6.472102e-01	-3.339339e-01
4.437092e-01	6.309535e-01	-5.838403e-01
5.892449e-01	6.396227e-01	-6.433498e-01
4.346989e-01	6.350010e-01	-6.459063e-01
6.025132e-01	6.442203e-01	-7.103826e-01
4.473760e-01	6.320391e-01	-6.471539e-01
5.907738e-01	6.403303e-01	-7.070798e-01
4.555378e-01	6.277526e-01	-5.939980e-01
5.838655e-01	6.337631e-01	-6.548933e-01
4.788821e-01	3.850157e-01	6.716902e-03
5.435948e-01	3.823491e-01	-6.664873e-03
4.447891e-01	2.129916e-01	-1.086671e-01
5.726845e-01	2.032878e-01	-6.841982e-02
4.566978e-01	9.934947e-02	1.686995e-01
5.622795e-01	9.960537e-02	2.285321e-01
4.662303e-01	7.787322e-02	1.898675e-01
5.499629e-01	8.110510e-02	2.527959e-01
4.227230e-01	4.315509e-02	8.442212e-02
5.906620e-01	3.865192e-02	1.597570e-01
5.216185e-01	7.109364e-01	-1.073324e-01
5.158506e-01	7.313054e-01	-9.241077e-02
5.119723e-01	7.322460e-01	-9.242840e-02
5.081427e-01	7.329190e-01	-9.237605e-02
5.295535e-01	7.295420e-01	-9.158958e-02
5.339226e-01	7.290451e-01	-9.157290e-02
5.383614e-01	7.282655e-01	-9.141321e-02
5.018446e-01	7.289277e-01	9.000612e-03
5.438848e-01	7.215627e-01	1.261347e-02
5.121936e-01	6.933935e-01	-6.782930e-02
5.297605e-01	6.910847e-01	-6.625504e-02
4.725182e-01	6.567227e-01	2.866980e-02
5.616599e-01	6.466702e-01	2.058253e-02
4.495397e-01	6.610902e-01	-1.852827e-01
5.913998e-01	6.652240e-01	-1.808914e-01
4.528131e-01	6.455357e-01	-2.893851e-01
5.844659e-01	6.548052e-01	-3.228453e-01
4.435382e-01	6.404340e-01	-3.189886e-01
5.952519e-01	6.567786e-01	-3.551620e-01
4.536409e-01	6.355858e-01	-3.136136e-01
5.843803e-01	6.509280e-01	-3.468131e-01
4.592086e-01	6.333895e-01	-2.915750e-01
5.777038e-01	6.469350e-01	-3.264973e-01
4.789232e-01	3.763960e-01	5.189908e-03
5.431556e-01	3.735767e-01	-5.147736e-03
4.433001e-01	2.084411e-01	-8.374830e-02
5.732499e-01	1.925729e-01	-7.438509e-02
4.564963e-01	9.941718e-02	1.756475e-01
5.618319e-01	9.768373e-02	2.062076e-01
4.658833e-01	8.002600e-02	1.963031e-01
5.492878e-01	8.064665e-02	2.303516e-01
4.228355e-01	4.321501e-02	9.010877e-02
5.905024e-01	3.679770e-02	1.502571e-01
5.193015e-01	6.996782e-01	-1.274571e-01
5.135957e-01	7.190931e-01	-1.139147e-01
5.100671e-01	7.197418e-01	-1.139401e-01
5.060012e-01	7.203608e-01	-1.139091e-01
5.269230e-01	7.177546e-01	-1.134471e-01
5.313409e-01	7.174920e-01	-1.134412e-01
5.354959e-01	7.169924e-01	-1.132805e-01
5.010994e-01	7.152025e-01	-1.841776e-02
5.417488e-01	7.102457e-01	-1.671957e-02
5.107388e-01	6.821391e-01	-8.999064e-02
5.278612e-01	6.806882e-01	-8.909836e-02
4.744988e-01	6.475322e-01	-1.497048e-04
5.582510e-01	6.372718e-01	-1.486586e-03
4.563915e-01	6.705471e-01	-1.808054e-01
5.798996e-01	6.718106e-01	-1.590517e-01
4.614018e-01	6.632160e-01	-3.159729e-01
5.773766e-01	6.622748e-01	-2.697904e-01
4.580154e-01	6.556612e-01	-3.462545e-01
5.891823e-01	6.676617e-01	-3.009504e-01
4.682716e-01	6.491958e-01	-3.345052e-01
5.813323e-01	6.613811e-01	-3.001390e-01
4.704372e-01	6.480745e-01	-3.178589e-01
5.748671e-01	6.563798e-01	-2.767113e-01
4.790120e-01	3.684815e-01	4.884992e-03
5.427620e-01	3.644346e-01	-4.844332e-03
4.428429e-01	2.057478e-01	-6.418628e-02
5.732966e-01	1.901486e-01	-4.677692e-02
4.565368e-01	9.942365e-02	1.821675e-01
5.618372e-01	9.701899e-02	2.207673e-01
4.660024e-01	8.041586e-02	2.017032e-01
5.494007e-01	8.034870e-02	2.426509e-01
4.226189e-01	4.325048e-02	1.188940e-01
5.905339e-01	3.695923e-02	1.637971e-01
5.173718e-01	6.903775e-01	-1.345058e-01
5.120242e-01	7.104613e-01	-1.195624e-01
5.088580e-01	7.109094e-01	-1.195919e-01
5.045616e-01	7.113841e-01	-1.195699e-01
5.249521e-01	7.103803e-01	-1.194517e-01
5.296000e-01	7.104517e-01	-1.194366e-01
5.337061e-01	7.102515e-01	-1.192706e-01
4.996438e-01	7.052326e-01	-2.121330e-02
5.405023e-01	7.019316e-01	-2.157274e-02
5.093988e-01	6.717796e-01	-9.620533e-02
5.258454e-01	6.706614e-01	-9.581693e-02
4.756025e-01	6.362580e-01	-1.041734e-02
5.570664e-01	6.282715e-01	-1.396437e-02
4.659632e-01	6.648077e-01	-2.428674e-01
5.760735e-01	6.639785e-01	-2.497029e-01
4.701532e-01	6.629816e-01	-4.419953e-01
5.718181e-01	6.621080e-01	-4.730948e-01
4.634094e-01	6.714278e-01	-4.893610e-01
5.793589e-01	6.694575e-01	-5.206316e-01
4.716823e-01	6.679069e-01	-4.840323e-01
5.729548e-01	6.628606e-01	-5.188053e-01
4.750451e-01	6.602910e-01	-4.482066e-01
5.680075e-01	6.575119e-01	-4.827367e-01
4.790447e-01	3.592762e-01	4.969933e-03
5.422261e-01	3.563392e-01	-4.937761e-03
4.427518e-01	2.014657e-01	-5.189060e-02
5.733825e-01	1.875366e-01	-4.548141e-02
4.564565e-01	9.951742e-02	1.921057e-01
5.618328e-01	9.472972e-02	2.171143e-01
4.660409e-01	8.088594e-02	2.119419e-01
5.494320e-01	7.849195e-02	2.392247e-01
4.213916e-01	4.327084e-02	1.358716e-01
5.905499e-01	3.701702e-02	1.636641e-01
5.161258e-01	6.785201e-01	-1.223775e-01
5.108700e-01	6.992658e-01	-1.076570e-01
5.076730e-01	6.996798e-01	-1.076778e-01
5.032988e-01	7.000281e-01	-1.076586e-01
5.236017e-01	6.993199e-01	-1.083077e-01
5.282408e-01	6.994441e-01	-1.082987e-01
5.323375e-01	6.993478e-01	-1.081280e-01
4.984815e-01	6.945693e-01	-1.093592e-02
5.398821e-01	6.922308e-01	-1.471317e-02
5.085084e-01	6.596506e-01	-8.455427e-02
5.248554e-01	6.593732e-01	-8.517586e-02
4.763321e-01	6.273090e-01	-2.913549e-03
5.567027e-01	6.201212e-01	-1.313699e-02
4.693345e-01	6.612601e-01	-1.945240e-01
5.718184e-01	6.586301e-01	-2.162928e-01
4.785731e-01	6.552537e-01	-3.405429e-01
5.654289e-01	6.536382e-01	-3.994363e-01
4.756908e-01	6.639803e-01	-3.727601e-01
5.716218e-01	6.617369e-01	-4.420682e-01
4.815666e-01	6.608133e-01	-3.551451e-01
5.663639e-01	6.561434e-01	-4.424296e-01
4.860268e-01	6.543418e-01	-3.377025e-01
5.621964e-01	6.495617e-01	-4.081094e-01
4.790309e-01	3.528505e-01	5.071553e-03
5.416951e-01	3.503958e-01	-5.041815e-03
4.423730e-01	1.980731e-01	-5.186836e-02
5.732759e-01	1.817132e-01	-4.155908e-02
4.560872e-01	9.941410e-02	1.960960e-01
5.618397e-01	9.427178e-02	2.230470e-01
4.657075e-01	8.102939e-02	2.170561e-01
5.494584e-01	7.826738e-02	2.396638e-01
4.213009e-01	4.328997e-02	1.420326e-01
5.902835e-01	3.586775e-02	1.791564e-01
5.154076e-01	6.711981e-01	-1.441758e-01
5.100917e-01	6.921942e-01	-1.298343e-01
5.068803e-01	6.927886e-01	-1.298646e-01
5.025204e-01	6.933519e-01	-1.298430e-01
5.227507e-01	6.917599e-01	-1.294626e-01
5.274061e-01	6.917636e-01	-1.294558e-01
5.316331e-01	6.916358e-01	-1.292991e-01
4.975388e-01	6.881416e-01	-2.931854e-02
5.394332e-01	6.842799e-01	-3.174297e-02
5.079098e-01	6.519541e-01	-1.067545e-01
5.242341e-01	6.513099e-01	-1.060818e-01
4.766911e-01	6.162282e-01	-3.161665e-02
5.555860e-01	6.119874e-01	-2.888818e-02
4.734679e-01	6.405134e-01	-2.482753e-01
5.661547e-01	6.478729e-01	-2.488985e-01
4.822794e-01	6.514302e-01	-4.172112e-01
5.597450e-01	6.507534e-01	-4.575978e-01
4.785114e-01	6.631946e-01	-4.608864e-01
5.671576e-01	6.596231e-01	-5.041736e-01
4.847403e-01	6.594304e-01	-4.500682e-01
5.622050e-01	6.523542e-01	-5.007851e-01
4.888572e-01	6.510121e-01	-4.202994e-01
5.578423e-01	6.458517e-01	-4.664411e-01
4.788326e-01	3.474351e-01	5.064169e-03
5.406252e-01	3.444294e-01	-5.033805e-03
4.419915e-01	1.966576e-01	-7.495391e-02
5.731021e-01	1.776340e-01	-4.549755e-02
4.557149e-01	9.941410e-02	1.735168e-01
5.618715e-01	9.429985e-02	2.219042e-01
4.655904e-01	8.120135e-02	1.938559e-01
5.495011e-01	7.814791e-02	2.424697e-01
4.211763e-01	4.315975e-02	1.219311e-01
5.892422e-01	3.565144e-02	1.751499e-01
5.155435e-01	6.631382e-01	-1.430002e-01
5.100818e-01	6.847808e-01	-1.291990e-01
5.068102e-01	6.854954e-01	-1.292253e-01
5.026232e-01	6.862093e-01	-1.292156e-01
5.229954e-01	6.837898e-01	-1.293233e-01
5.276390e-01	6.836652e-01	-1.293272e-01
5.319892e-01	6.834713e-01	-1.291878e-01
4.972382e-01	6.814102e-01	-3.532880e-02
5.393527e-01	6.767902e-01	-3.688342e-02
5.077865e-01	6.441737e-01	-1.072425e-01
5.242206e-01	6.428652e-01	-1.070660e-01
4.770191e-01	6.080890e-01	-3.160404e-02
5.557843e-01	6.031753e-01	-3.747860e-02
4.768416e-01	6.243271e-01	-2.217633e-01
5.615073e-01	6.346543e-01	-2.488920e-01
4.874712e-01	6.481094e-01	-3.801358e-01
5.542926e-01	6.457078e-01	-4.411167e-01
4.861678e-01	6.595697e-01	-4.308144e-01
5.606535e-01	6.560158e-01	-4.863134e-01
4.903532e-01	6.549702e-01	-4.068066e-01
5.568731e-01	6.490754e-01	-4.822370e-01
4.946238e-01	6.481211e-01	-4.029292e-01
5.527689e-01	6.410816e-01	-4.491791e-01
4.787051e-01	3.430738e-01	5.537697e-03
5.402262e-01	3.391578e-01	-5.499522e-03
4.419865e-01	1.939739e-01	-7.616303e-02
5.723575e-01	1.734430e-01	-4.195592e-02
4.551756e-01	9.927183e-02	1.763389e-01
5.618580e-01	9.437597e-02	2.429633e-01
4.650622e-01	8.118811e-02	1.969967e-01
5.495472e-01	7.804195e-02	2.675339e-01
4.212225e-01	4.315327e-02	1.220055e-01
5.890509e-01	3.570896e-02	1.996790e-01
5.157143e-01	6.534197e-01	-1.506009e-01
5.101256e-01	6.757357e-01	-1.362891e-01
5.067977e-01	6.767158e-01	-1.363165e-01
5.027711e-01	6.777661e-01	-1.362965e-01
5.232083e-01	6.740155e-01	-1.363838e-01
5.278491e-01	6.738273e-01	-1.363841e-01
5.322773e-01	6.735678e-01	-1.362439e-01
4.971442e-01	6.736236e-01	-4.199482e-02
5.392691e-01	6.671184e-01	-4.390129e-02
5.077526e-01	6.352735e-01	-1.132671e-01
5.242168e-01	6.329988e-01	-1.129550e-01
4.772940e-01	5.984336e-01	-4.128105e-02
5.551999e-01	5.928355e-01	-5.527693e-02
4.795437e-01	6.133863e-01	-2.372985e-01
5.595572e-01	6.131083e-01	-2.786910e-01
4.890611e-01	6.467127e-01	-3.877831e-01
5.551485e-01	6.425870e-01	-4.834178e-01
4.894090e-01	6.545802e-01	-4.296812e-01
5.598052e-01	6.497617e-01	-5.320808e-01
4.939309e-01	6.495180e-01	-4.195628e-01
5.571415e-01	6.437352e-01	-5.277323e-01
4.961773e-01	6.431880e-01	-3.941682e-01
5.522417e-01	6.358647e-01	-4.917091e-01
4.787273e-01	3.359825e-01	6.366207e-03
5.399674e-01	3.329700e-01	-6.315385e-03
4.421675e-01	1.883553e-01	-8.311828e-02
5.716382e-01	1.687471e-01	-3.996834e-02
4.550505e-01	9.800886e-02	1.757607e-01
5.618632e-01	9.416123e-02	2.510085e-01
4.650609e-01	8.064544e-02	1.969110e-01
5.496156e-01	7.801864e-02	2.759404e-01
4.211541e-01	4.178358e-02	1.216554e-01
5.884854e-01	3.577748e-02	2.037096e-01
5.158030e-01	6.452401e-01	-1.398130e-01
5.101345e-01	6.676261e-01	-1.263408e-01
5.067412e-01	6.690050e-01	-1.263668e-01
5.028535e-01	6.702480e-01	-1.263660e-01
5.233732e-01	6.654899e-01	-1.269291e-01
5.280241e-01	6.652987e-01	-1.269432e-01
5.324802e-01	6.651567e-01	-1.268109e-01
4.971066e-01	6.670294e-01	-3.671074e-02
5.391263e-01	6.600864e-01	-3.964908e-02
5.076013e-01	6.280774e-01	-1.047325e-01
5.240906e-01	6.251714e-01	-1.050240e-01
4.772911e-01	5.933381e-01	-3.130538e-02
5.544971e-01	5.853077e-01	-5.002779e-02
4.809087e-01	6.082460e-01	-2.012955e-01
5.578831e-01	6.110489e-01	-2.490959e-01
4.901846e-01	6.399036e-01	-2.948442e-01
5.540015e-01	6.390218e-01	-3.931385e-01
4.927490e-01	6.512209e-01	-3.253685e-01
5.582638e-01	6.473165e-01	-4.309896e-01
4.950215e-01	6.469070e-01	-3.179320e-01
5.551104e-01	6.406257e-01	-4.246495e-01
4.967946e-01	6.414325e-01	-2.976875e-01
5.518439e-01	6.355860e-01	-3.984713e-01
4.787452e-01	3.328380e-01	7.284343e-03
5.393866e-01	3.292947e-01	-7.229503e-03
4.423456e-01	1.848921e-01	-7.849082e-02
5.710114e-01	1.637472e-01	-3.928566e-02
4.549049e-01	9.750259e-02	1.853871e-01
5.614463e-01	9.443358e-02	2.689899e-01
4.646646e-01	8.026050e-02	2.096290e-01
5.489845e-01	7.837172e-02	2.967550e-01
4.211603e-01	4.142509e-02	1.410685e-01
5.875608e-01	3.540739e-02	2.306724e-01
5.154382e-01	6.396824e-01	-1.477999e-01
5.097975e-01	6.614286e-01	-1.342291e-01
5.064220e-01	6.628805e-01	-1.342535e-01
5.026009e-01	6.641820e-01	-1.342627e-01
5.231310e-01	6.593421e-01	-1.355431e-01
5.277840e-01	6.592096e-01	-1.355887e-01
5.322940e-01	6.592118e-01	-1.355121e-01
4.970425e-01	6.609533e-01	-4.585908e-02
5.389515e-01	6.542559e-01	-4.986196e-02
5.072584e-01	6.219065e-01	-1.140391e-01
5.236298e-01	6.198973e-01	-1.149672e-01
4.776288e-01	5.878052e-01	-4.271558e-02
5.545626e-01	5.796525e-01	-6.182500e-02
4.810048e-01	6.026154e-01	-2.427923e-01
5.592287e-01	6.035791e-01	-2.937799e-01
4.903016e-01	6.343489e-01	-3.970702e-01
5.542495e-01	6.307790e-01	-4.987930e-01
4.934892e-01	6.481624e-01	-4.387659e-01
5.580571e-01	6.468613e-01	-5.470024e-01
4.957263e-01	6.445857e-01	-4.286768e-01
5.540931e-01	6.398856e-01	-5.403291e-01
4.971773e-01	6.343501e-01	-4.004645e-01
5.511114e-01	6.351745e-01	-5.058897e-01
4.788496e-01	3.289093e-01	8.696270e-03
5.392829e-01	3.260179e-01	-8.651240e-03
4.424748e-01	1.820017e-01	-9.320210e-02
5.700171e-01	1.616675e-01	-4.120805e-02
4.547727e-01	9.725566e-02	1.821518e-01
5.614329e-01	9.447099e-02	2.619836e-01
4.643342e-01	8.021724e-02	2.066710e-01
5.490058e-01	7.832669e-02	2.882389e-01
4.210711e-01	4.125070e-02	1.361402e-01
5.868613e-01	3.549976e-02	2.150002e-01
5.155544e-01	6.343614e-01	-1.503039e-01
5.099115e-01	6.555530e-01	-1.365036e-01
5.064861e-01	6.570455e-01	-1.365285e-01
5.026904e-01	6.583689e-01	-1.365235e-01
5.232464e-01	6.536429e-01	-1.369365e-01
5.278951e-01	6.535755e-01	-1.369686e-01
5.324073e-01	6.538132e-01	-1.368743e-01
4.971214e-01	6.547578e-01	-4.777726e-02
5.390003e-01	6.487275e-01	-4.940325e-02
5.073287e-01	6.166475e-01	-1.155274e-01
5.236999e-01	6.146337e-01	-1.158050e-01
4.780258e-01	5.819549e-01	-4.619836e-02
5.540212e-01	5.742442e-01	-5.627236e-02
4.817097e-01	5.954123e-01	-2.422303e-01
5.584800e-01	5.921857e-01	-2.725582e-01
4.904381e-01	6.269354e-01	-3.875327e-01
5.529682e-01	6.250738e-01	-4.660078e-01
4.934790e-01	6.435587e-01	-4.276133e-01
5.567471e-01	6.438342e-01	-5.115209e-01
4.957610e-01	6.405929e-01	-4.187564e-01
5.525805e-01	6.381909e-01	-5.058590e-01
4.973977e-01	6.310870e-01	-3.909039e-01
5.497972e-01	6.321943e-01	-4.731007e-01
4.788485e-01	3.244500e-01	8.635716e-03
5.386385e-01	3.221196e-01	-8.588537e-03
4.425717e-01	1.781466e-01	-9.623779e-02
5.690502e-01	1.591986e-01	-4.740339e-02
4.546773e-01	9.674218e-02	1.795473e-01
5.612658e-01	9.451100e-02	2.513860e-01
4.640113e-01	8.010259e-02	2.038968e-01
5.490609e-01	7.833308e-02	2.793531e-01
4.210866e-01	4.098101e-02	1.331518e-01
5.857589e-01	3.552846e-02	2.064365e-01
5.155410e-01	6.314107e-01	-1.454010e-01
5.098737e-01	6.522734e-01	-1.309360e-01
5.064415e-01	6.534498e-01	-1.309498e-01
5.026640e-01	6.546030e-01	-1.309348e-01
5.232863e-01	6.508920e-01	-1.324823e-01
5.279267e-01	6.510876e-01	-1.325140e-01
5.324786e-01	6.513004e-01	-1.324140e-01
4.969690e-01	6.502256e-01	-4.023413e-02
5.390337e-01	6.454033e-01	-4.737735e-02
5.073303e-01	6.124685e-01	-1.100848e-01
5.236321e-01	6.112098e-01	-1.116546e-01
4.781987e-01	5.765350e-01	-3.568151e-02
5.543298e-01	5.703739e-01	-5.950098e-02
4.820611e-01	5.893225e-01	-2.301161e-01
5.562009e-01	5.892552e-01	-2.808869e-01
4.899236e-01	6.174392e-01	-3.753720e-01
5.514442e-01	6.165880e-01	-4.699172e-01
4.899095e-01	6.338342e-01	-4.149469e-01
5.543978e-01	6.339582e-01	-5.154237e-01
4.937615e-01	6.310734e-01	-4.128267e-01
5.519741e-01	6.292877e-01	-5.102994e-01
4.959660e-01	6.185945e-01	-3.803461e-01
5.488362e-01	6.223583e-01	-4.767636e-01
4.788629e-01	3.214549e-01	9.770755e-03
5.386279e-01	3.192578e-01	-9.731326e-03
4.426273e-01	1.741462e-01	-9.684221e-02
5.685715e-01	1.550943e-01	-5.330274e-02
4.542825e-01	9.631222e-02	1.806768e-01
5.612889e-01	9.492998e-02	2.539932e-01
4.635939e-01	8.013503e-02	2.067635e-01
5.497304e-01	7.942642e-02	2.825941e-01
4.211223e-01	4.084714e-02	1.384126e-01
5.850862e-01	3.581965e-02	2.153585e-01
5.151350e-01	6.289873e-01	-1.366467e-01
5.094559e-01	6.498402e-01	-1.214366e-01
5.060723e-01	6.509496e-01	-1.214424e-01
5.021328e-01	6.521658e-01	-1.214295e-01
5.229499e-01	6.484041e-01	-1.245756e-01
5.276074e-01	6.485369e-01	-1.246084e-01
5.322186e-01	6.485652e-01	-1.245092e-01
4.967546e-01	6.474144e-01	-2.915372e-02
5.389509e-01	6.422957e-01	-4.359739e-02
5.071637e-01	6.094514e-01	-1.009042e-01
5.232560e-01	6.083268e-01	-1.044603e-01
4.786044e-01	5.718633e-01	-2.073605e-02
5.547050e-01	5.672287e-01	-6.060446e-02
4.819652e-01	5.863762e-01	-2.042372e-01
5.550605e-01	5.819593e-01	-2.786422e-01
4.886864e-01	6.068938e-01	-3.509239e-01
5.499760e-01	6.082168e-01	-4.569639e-01
4.885837e-01	6.237536e-01	-3.876996e-01
5.528023e-01	6.218996e-01	-5.010079e-01
4.929708e-01	6.178089e-01	-3.802293e-01
5.504524e-01	6.185556e-01	-4.970728e-01
4.954004e-01	6.073998e-01	-3.545324e-01
5.460235e-01	6.119958e-01	-4.638765e-01
4.788713e-01	3.173232e-01	1.096840e-02
5.386702e-01	3.139338e-01	-1.093411e-02
4.426425e-01	1.695781e-01	-9.596657e-02
5.680770e-01	1.505577e-01	-5.543261e-02
4.534678e-01	9.474433e-02	1.820918e-01
5.611382e-01	9.630072e-02	2.603758e-01
4.628721e-01	7.978807e-02	2.088314e-01
5.497851e-01	8.146820e-02	2.903886e-01
4.207098e-01	3.859201e-02	1.432045e-01
5.845279e-01	3.583691e-02	2.298115e-01
5.151080e-01	6.250122e-01	-1.560643e-01
5.093128e-01	6.459861e-01	-1.402565e-01
5.059234e-01	6.469519e-01	-1.402719e-01
5.019338e-01	6.480730e-01	-1.402540e-01
5.228955e-01	6.448459e-01	-1.434107e-01
5.275730e-01	6.449864e-01	-1.434494e-01
5.322142e-01	6.450011e-01	-1.433697e-01
4.965720e-01	6.432939e-01	-4.545742e-02
5.389406e-01	6.384424e-01	-5.874936e-02
5.071471e-01	6.049189e-01	-1.195303e-01
5.231670e-01	6.041264e-01	-1.229720e-01
4.788246e-01	5.686357e-01	-4.159735e-02
5.548451e-01	5.639082e-01	-7.705860e-02
4.807925e-01	5.849618e-01	-2.576267e-01
5.543445e-01	5.811065e-01	-3.179477e-01
4.871547e-01	6.046865e-01	-4.500014e-01
5.496045e-01	6.041309e-01	-5.266742e-01
4.867125e-01	6.195958e-01	-4.972916e-01
5.529565e-01	6.181623e-01	-5.768338e-01
4.910131e-01	6.141189e-01	-4.892213e-01
5.507928e-01	6.142105e-01	-5.711620e-01
4.941117e-01	6.019276e-01	-4.551537e-01
5.460388e-01	6.067600e-01	-5.340890e-01
4.787524e-01	3.150315e-01	1.081606e-02
5.385087e-01	3.114602e-01	-1.077487e-02
4.426495e-01	1.708879e-01	-1.006984e-01
5.678028e-01	1.524264e-01	-5.754613e-02
4.534186e-01	9.439699e-02	1.783750e-01
5.611352e-01	9.630148e-02	2.561462e-01
4.628505e-01	7.968700e-02	2.033784e-01
5.500252e-01	8.097468e-02	2.869132e-01
4.207178e-01	3.856447e-02	1.358697e-01
5.844060e-01	3.574731e-02	2.239823e-01
5.151144e-01	6.238316e-01	-1.630125e-01
5.092813e-01	6.446856e-01	-1.475222e-01
5.058798e-01	6.456544e-01	-1.475438e-01
5.018739e-01	6.467638e-01	-1.475314e-01
5.229077e-01	6.434822e-01	-1.501840e-01
5.275916e-01	6.434550e-01	-1.502120e-01
5.322419e-01	6.433252e-01	-1.501174e-01
4.964736e-01	6.418089e-01	-5.228671e-02
5.389568e-01	6.361183e-01	-6.368837e-02
5.071445e-01	6.035631e-01	-1.262094e-01
5.231639e-01	6.026964e-01	-1.291028e-01
4.788426e-01	5.686210e-01	-4.865108e-02
5.549330e-01	5.641052e-01	-8.053108e-02
4.800366e-01	5.819493e-01	-2.728129e-01
5.539854e-01	5.764930e-01	-3.235648e-01
4.861187e-01	5.990471e-01	-4.781288e-01
5.494429e-01	5.982515e-01	-5.372635e-01
4.858805e-01	6.164448e-01	-5.280296e-01
5.530633e-01	6.125687e-01	-5.886789e-01
4.900165e-01	6.092592e-01	-5.203862e-01
5.504669e-01	6.086701e-01	-5.839424e-01
4.930032e-01	5.976136e-01	-4.837489e-01
5.453873e-01	6.007372e-01	-5.453215e-01
4.786747e-01	3.147150e-01	1.073453e-02
5.383154e-01	3.111072e-01	-1.068736e-02
4.426346e-01	1.704828e-01	-9.626325e-02
5.670615e-01	1.516047e-01	-5.453399e-02
4.527795e-01	9.430654e-02	1.835816e-01
5.610875e-01	9.592499e-02	2.551283e-01
4.620289e-01	7.967607e-02	2.084868e-01
5.500397e-01	7.969142e-02	2.842901e-01
4.205909e-01	3.784404e-02	1.395697e-01
5.842129e-01	3.549865e-02	2.167459e-01
5.140569e-01	6.213632e-01	-1.794381e-01
5.086896e-01	6.428489e-01	-1.645330e-01
5.052243e-01	6.440675e-01	-1.645608e-01
5.010160e-01	6.452641e-01	-1.645461e-01
5.221494e-01	6.414752e-01	-1.663212e-01
5.269815e-01	6.414105e-01	-1.663320e-01
5.317271e-01	6.412038e-01	-1.662172e-01
4.958165e-01	6.411403e-01	-6.868342e-02
5.389203e-01	6.340069e-01	-7.637743e-02
5.064214e-01	6.012762e-01	-1.421230e-01
5.222269e-01	6.000288e-01	-1.438858e-01
4.787517e-01	5.702361e-01	-6.815417e-02
5.550431e-01	5.646704e-01	-9.069444e-02
4.797481e-01	5.794470e-01	-3.252558e-01
5.539628e-01	5.746124e-01	-3.500600e-01
4.832127e-01	5.928749e-01	-5.716800e-01
5.494726e-01	5.957668e-01	-5.854988e-01
4.800266e-01	6.093419e-01	-6.303852e-01
5.530068e-01	6.086913e-01	-6.414850e-01
4.855922e-01	6.038992e-01	-6.225415e-01
5.485995e-01	6.046132e-01	-6.366178e-01
4.902344e-01	5.933571e-01	-5.784599e-01
5.442378e-01	5.972497e-01	-5.945148e-01
4.786223e-01	3.128318e-01	1.064336e-02
5.380813e-01	3.102544e-01	-1.058825e-02
4.426402e-01	1.702060e-01	-9.409176e-02
5.665635e-01	1.516996e-01	-4.949679e-02
4.523674e-01	9.392519e-02	1.840832e-01
5.609962e-01	9.569573e-02	2.548637e-01
4.616607e-01	7.906792e-02	2.084928e-01
5.500990e-01	7.847057e-02	2.826246e-01
4.205447e-01	3.774621e-02	1.384139e-01
5.840336e-01	3.501913e-02	2.144631e-01
5.135187e-01	6.228169e-01	-1.822540e-01
5.083233e-01	6.438711e-01	-1.671933e-01
5.048925e-01	6.448362e-01	-1.672280e-01
5.006230e-01	6.457461e-01	-1.672187e-01
5.215505e-01	6.428201e-01	-1.691974e-01
5.264746e-01	6.427401e-01	-1.692010e-01
5.313049e-01	6.424706e-01	-1.690878e-01
4.955588e-01	6.410571e-01	-7.080834e-02
5.389187e-01	6.346907e-01	-7.945621e-02
5.061411e-01	6.026835e-01	-1.447991e-01
5.218184e-01	6.016116e-01	-1.468242e-01
4.787451e-01	5.701653e-01	-7.124923e-02
5.551183e-01	5.651664e-01	-9.381604e-02
4.793261e-01	5.774438e-01	-3.327304e-01
5.538520e-01	5.744109e-01	-3.557481e-01
4.813139e-01	5.893080e-01	-5.896305e-01
5.494977e-01	5.938388e-01	-5.956541e-01
4.750799e-01	6.063691e-01	-6.495592e-01
5.535828e-01	6.060491e-01	-6.525085e-01
4.822660e-01	6.014466e-01	-6.434163e-01
5.489054e-01	6.017298e-01	-6.484754e-01
4.876439e-01	5.882158e-01	-5.973015e-01
5.446581e-01	5.944465e-01	-6.051291e-01
4.786282e-01	3.120696e-01	1.054266e-02
5.380875e-01	3.101847e-01	-1.048728e-02
4.426590e-01	1.694434e-01	-9.179053e-02
5.663602e-01	1.515639e-01	-4.792383e-02
4.518025e-01	9.394322e-02	1.879107e-01
5.608394e-01	9.568505e-02	2.602337e-01
4.612929e-01	7.910787e-02	2.113618e-01
5.501673e-01	7.830908e-02	2.870057e-01
4.201646e-01	3.772885e-02	1.383573e-01
5.838061e-01	3.487229e-02	2.168727e-01
5.134391e-01	6.225926e-01	-1.780471e-01
5.082374e-01	6.435590e-01	-1.635748e-01
5.048362e-01	6.444913e-01	-1.636036e-01
5.005598e-01	6.453630e-01	-1.635903e-01
5.213466e-01	6.424268e-01	-1.648496e-01
5.262202e-01	6.423212e-01	-1.648578e-01
5.309833e-01	6.420928e-01	-1.647440e-01
4.954270e-01	6.404471e-01	-7.040463e-02
5.387123e-01	6.343495e-01	-7.561195e-02
5.060600e-01	6.027480e-01	-1.416542e-01
5.216130e-01	6.015794e-01	-1.427867e-01
4.787374e-01	5.686995e-01	-7.142676e-02
5.550562e-01	5.645832e-01	-8.853383e-02
4.791801e-01	5.723814e-01	-3.240800e-01
5.541466e-01	5.746867e-01	-3.415061e-01
4.811338e-01	5.863914e-01	-5.678052e-01
5.499594e-01	5.934086e-01	-5.760590e-01
4.739729e-01	6.049775e-01	-6.254493e-01
5.539480e-01	6.063729e-01	-6.311255e-01
4.814185e-01	6.006944e-01	-6.189648e-01
5.496530e-01	6.013130e-01	-6.263509e-01
4.871328e-01	5.883795e-01	-5.750068e-01
5.447918e-01	5.935002e-01	-5.851640e-01
4.785573e-01	3.113874e-01	9.868079e-03
5.376556e-01	3.095892e-01	-9.795269e-03
4.426469e-01	1.705889e-01	-8.694030e-02
5.662280e-01	1.527200e-01	-4.810936e-02
4.516004e-01	9.442447e-02	1.861604e-01
5.600445e-01	9.565813e-02	2.401044e-01
4.609708e-01	8.024675e-02	2.082399e-01
5.496845e-01	7.828812e-02	2.638957e-01
4.202393e-01	3.813573e-02	1.367898e-01
5.835915e-01	3.489717e-02	1.941587e-01
5.134248e-01	6.250256e-01	-1.789276e-01
5.082335e-01	6.458769e-01	-1.642820e-01
5.048579e-01	6.466624e-01	-1.643155e-01
5.005949e-01	6.473919e-01	-1.643093e-01
5.213235e-01	6.446887e-01	-1.650706e-01
5.261716e-01	6.444747e-01	-1.650846e-01
5.309621e-01	6.440857e-01	-1.649755e-01
4.954394e-01	6.414727e-01	-7.103034e-02
5.386375e-01	6.356378e-01	-7.445849e-02
5.060558e-01	6.053945e-01	-1.427515e-01
5.215391e-01	6.041346e-01	-1.432890e-01
4.786693e-01	5.678671e-01	-7.459810e-02
5.551388e-01	5.636649e-01	-8.717705e-02
4.791270e-01	5.741788e-01	-3.305620e-01
5.545936e-01	5.751035e-01	-3.406740e-01
4.811139e-01	5.876945e-01	-5.746620e-01
5.505291e-01	5.916464e-01	-5.789173e-01
4.742694e-01	6.050038e-01	-6.329797e-01
5.546463e-01	6.054028e-01	-6.342452e-01
4.812988e-01	6.004378e-01	-6.256000e-01
5.502015e-01	6.006866e-01	-6.299183e-01
4.869185e-01	5.887814e-01	-5.814582e-01
5.449699e-01	5.924686e-01	-5.882974e-01
4.785545e-01	3.111887e-01	9.493320e-03
5.376297e-01	3.092282e-01	-9.416109e-03
4.427250e-01	1.709328e-01	-8.683522e-02
5.662567e-01	1.526151e-01	-5.181742e-02
4.516211e-01	9.648041e-02	1.979049e-01
5.597363e-01	9.580661e-02	2.466465e-01
4.609482e-01	8.341356e-02	2.220188e-01
5.496390e-01	7.917659e-02	2.732226e-01
4.202667e-01	3.889978e-02	1.542785e-01
5.830344e-01	3.504497e-02	2.083898e-01
5.128645e-01	6.262634e-01	-1.792619e-01
5.079571e-01	6.472852e-01	-1.652085e-01
5.045539e-01	6.479948e-01	-1.652452e-01
5.002245e-01	6.486731e-01	-1.652384e-01
5.208710e-01	6.461665e-01	-1.654705e-01
5.257659e-01	6.459427e-01	-1.654846e-01
5.305196e-01	6.455187e-01	-1.653786e-01
4.952117e-01	6.425331e-01	-7.292064e-02
5.381171e-01	6.369662e-01	-7.396428e-02
5.057317e-01	6.067365e-01	-1.432823e-01
5.208619e-01	6.055506e-01	-1.431547e-01
4.784183e-01	5.695543e-01	-7.692213e-02
5.545320e-01	5.646315e-01	-8.429664e-02
4.789886e-01	5.762961e-01	-3.357992e-01
5.546060e-01	5.764586e-01	-3.350683e-01
4.810992e-01	5.879250e-01	-5.812545e-01
5.511742e-01	5.893387e-01	-5.813115e-01
4.742343e-01	6.048457e-01	-6.396310e-01
5.580524e-01	6.049496e-01	-6.373966e-01
4.812049e-01	6.002250e-01	-6.321294e-01
5.534716e-01	5.997415e-01	-6.353251e-01
4.869227e-01	5.881672e-01	-5.880057e-01
5.486555e-01	5.908318e-01	-5.919778e-01
4.785388e-01	3.123663e-01	8.323831e-03
5.374375e-01	3.104111e-01	-8.257464e-03
4.427311e-01	1.713678e-01	-8.677195e-02
5.662810e-01	1.531394e-01	-6.370305e-02
4.516328e-01	9.791780e-02	2.001410e-01
5.586245e-01	9.670980e-02	2.424027e-01
4.609632e-01	8.452239e-02	2.243816e-01
5.483180e-01	8.151317e-02	2.694740e-01
4.202799e-01	3.988651e-02	1.578129e-01
5.823631e-01	3.557305e-02	2.067928e-01
5.128799e-01	6.271869e-01	-1.811693e-01
5.079757e-01	6.479704e-01	-1.671230e-01
5.045627e-01	6.481274e-01	-1.671657e-01
5.002515e-01	6.492277e-01	-1.671567e-01
5.208840e-01	6.472271e-01	-1.659533e-01
5.257818e-01	6.465402e-01	-1.659619e-01
5.305620e-01	6.457115e-01	-1.658555e-01
4.950464e-01	6.438373e-01	-7.599127e-02
5.380162e-01	6.382541e-01	-7.248496e-02
5.057375e-01	6.069415e-01	-1.459551e-01
5.209047e-01	6.059216e-01	-1.437534e-01
4.778460e-01	5.706252e-01	-8.610716e-02
5.539349e-01	5.657665e-01	-8.254709e-02
4.792849e-01	5.746383e-01	-3.617511e-01
5.548181e-01	5.723164e-01	-3.389313e-01
4.811657e-01	5.863042e-01	-6.130538e-01
5.512046e-01	5.864127e-01	-5.950685e-01
4.735357e-01	6.049765e-01	-6.733170e-01
5.588003e-01	6.036924e-01	-6.527876e-01
4.811354e-01	6.011817e-01	-6.672841e-01
5.549201e-01	5.988264e-01	-6.495143e-01
4.869562e-01	5.887010e-01	-6.204735e-01
5.499863e-01	5.895080e-01	-6.057661e-01
4.785373e-01	3.132867e-01	5.981966e-03
5.374426e-01	3.111558e-01	-5.917433e-03
4.427389e-01	1.716557e-01	-9.737110e-02
5.663065e-01	1.534379e-01	-7.255404e-02
4.516640e-01	9.957583e-02	1.927158e-01
5.580737e-01	9.801267e-02	2.383430e-01
4.610087e-01	8.602993e-02	2.174634e-01
5.478351e-01	8.332863e-02	2.657910e-01
4.203115e-01	4.051391e-02	1.555205e-01
5.822548e-01	3.608261e-02	2.047481e-01
5.129000e-01	6.280236e-01	-1.801004e-01
5.079650e-01	6.488612e-01	-1.662715e-01
5.045670e-01	6.487045e-01	-1.663141e-01
5.002638e-01	6.493009e-01	-1.663032e-01
5.209138e-01	6.484088e-01	-1.650962e-01
5.257989e-01	6.475620e-01	-1.651048e-01
5.305856e-01	6.464701e-01	-1.649975e-01
4.949316e-01	6.446267e-01	-7.511447e-02
5.377590e-01	6.386478e-01	-7.159768e-02
5.056551e-01	6.085484e-01	-1.447112e-01
5.208911e-01	6.074769e-01	-1.426619e-01
4.772885e-01	5.711779e-01	-8.281574e-02
5.536962e-01	5.662957e-01	-8.102199e-02
4.792264e-01	5.758856e-01	-3.497878e-01
5.545980e-01	5.734102e-01	-3.339508e-01
4.812582e-01	5.877628e-01	-5.953881e-01
5.517274e-01	5.876956e-01	-5.891761e-01
4.737083e-01	6.057802e-01	-6.545702e-01
5.610879e-01	6.044003e-01	-6.461861e-01
4.811658e-01	6.020486e-01	-6.470280e-01
5.568739e-01	5.995904e-01	-6.437095e-01
4.870818e-01	5.896830e-01	-6.019621e-01
5.517426e-01	5.904082e-01	-5.999933e-01
4.785127e-01	3.134252e-01	5.427757e-03
5.373710e-01	3.120533e-01	-5.369308e-03
4.427326e-01	1.717526e-01	-9.675975e-02
5.663264e-01	1.537248e-01	-7.392178e-02
4.516585e-01	1.006666e-01	2.003516e-01
5.578312e-01	9.809399e-02	2.377795e-01
4.610274e-01	8.726772e-02	2.260447e-01
5.476027e-01	8.376844e-02	2.653162e-01
4.203057e-01	4.078261e-02	1.621369e-01
5.820235e-01	3.605686e-02	2.029835e-01
5.129189e-01	6.316314e-01	-1.780363e-01
5.079191e-01	6.517069e-01	-1.644247e-01
5.045195e-01	6.513797e-01	-1.644863e-01
5.002041e-01	6.514216e-01	-1.644733e-01
5.209371e-01	6.514494e-01	-1.615508e-01
5.258148e-01	6.506447e-01	-1.615418e-01
5.306058e-01	6.494992e-01	-1.614236e-01
4.947320e-01	6.450065e-01	-7.299951e-02
5.374762e-01	6.407441e-01	-6.205919e-02
5.055427e-01	6.114038e-01	-1.426216e-01
5.208919e-01	6.109128e-01	-1.385139e-01
4.767156e-01	5.714460e-01	-7.785171e-02
5.528540e-01	5.688359e-01	-6.914806e-02
4.782550e-01	5.761187e-01	-3.475239e-01
5.547129e-01	5.754951e-01	-3.306680e-01
4.807113e-01	5.866336e-01	-6.012631e-01
5.523714e-01	5.883944e-01	-5.899267e-01
4.724070e-01	6.057687e-01	-6.621184e-01
5.631548e-01	6.045616e-01	-6.478094e-01
4.804785e-01	6.024374e-01	-6.549571e-01
5.582358e-01	5.996320e-01	-6.459359e-01
4.868464e-01	5.883599e-01	-6.081007e-01
5.524350e-01	5.885299e-01	-6.011108e-01
4.785792e-01	3.164547e-01	5.268881e-03
5.373819e-01	3.151109e-01	-5.213125e-03
4.426772e-01	1.720770e-01	-9.764341e-02
5.663153e-01	1.539122e-01	-7.872911e-02
4.516316e-01	1.020159e-01	2.082952e-01
5.571713e-01	9.858236e-02	2.393276e-01
4.610411e-01	8.914798e-02	2.350236e-01
5.470993e-01	8.545633e-02	2.662846e-01
4.202547e-01	4.079221e-02	1.708526e-01
5.812566e-01	3.606041e-02	2.041620e-01
5.129277e-01	6.406243e-01	-1.753298e-01
5.079122e-01	6.593218e-01	-1.613352e-01
5.045117e-01	6.589108e-01	-1.613996e-01
5.002038e-01	6.587531e-01	-1.613786e-01
5.209588e-01	6.591368e-01	-1.583647e-01
5.258356e-01	6.583242e-01	-1.583447e-01
5.306893e-01	6.571385e-01	-1.582159e-01
4.946406e-01	6.500945e-01	-6.910746e-02
5.374647e-01	6.473359e-01	-5.840416e-02
5.055240e-01	6.185729e-01	-1.398830e-01
5.209027e-01	6.180360e-01	-1.356492e-01
4.759022e-01	5.778521e-01	-7.550401e-02
5.529162e-01	5.736198e-01	-6.593986e-02
4.766592e-01	5.815750e-01	-3.444962e-01
5.568935e-01	5.867855e-01	-3.287352e-01
4.792909e-01	5.857503e-01	-5.989769e-01
5.544081e-01	5.890326e-01	-5.882951e-01
4.702965e-01	6.039460e-01	-6.599126e-01
5.648007e-01	6.048232e-01	-6.457305e-01
4.787475e-01	6.017766e-01	-6.533023e-01
5.590110e-01	5.995345e-01	-6.436542e-01
4.849790e-01	5.872546e-01	-6.060534e-01
5.531245e-01	5.877714e-01	-5.992731e-01
4.784456e-01	3.225660e-01	4.904042e-03
5.373778e-01	3.210767e-01	-4.851331e-03
4.425927e-01	1.745967e-01	-1.101680e-01
5.663883e-01	1.587902e-01	-8.334678e-02
4.517353e-01	1.021302e-01	1.853036e-01
5.571111e-01	9.857993e-02	2.242196e-01
4.611538e-01	8.885717e-02	2.101926e-01
5.470825e-01	8.537072e-02	2.507748e-01
4.202443e-01	4.071956e-02	1.397171e-01
5.813198e-01	3.606245e-02	1.842633e-01
5.129488e-01	6.536929e-01	-1.752079e-01
5.078096e-01	6.715513e-01	-1.610749e-01
5.043562e-01	6.712962e-01	-1.611331e-01
4.999845e-01	6.709788e-01	-1.611125e-01
5.209581e-01	6.712132e-01	-1.585706e-01
5.258422e-01	6.706313e-01	-1.585449e-01
5.307029e-01	6.695660e-01	-1.584154e-01
4.944305e-01	6.609780e-01	-6.465407e-02
5.374700e-01	6.589017e-01	-5.923087e-02
5.054976e-01	6.324305e-01	-1.397780e-01
5.210720e-01	6.309643e-01	-1.357758e-01
4.744417e-01	5.888137e-01	-7.535156e-02
5.529571e-01	5.799466e-01	-6.647443e-02
4.743744e-01	5.885130e-01	-3.443278e-01
5.573418e-01	5.914282e-01	-3.359957e-01
4.744893e-01	5.829046e-01	-6.165956e-01
5.595723e-01	5.896248e-01	-6.183173e-01
4.677929e-01	5.980748e-01	-6.811665e-01
5.702825e-01	6.022381e-01	-6.804329e-01
4.750127e-01	5.996266e-01	-6.778965e-01
5.636404e-01	5.979106e-01	-6.797800e-01
4.798791e-01	5.874382e-01	-6.254082e-01
5.584480e-01	5.879217e-01	-6.303886e-01
4.773353e-01	3.327058e-01	5.013967e-03
5.372894e-01	3.297636e-01	-4.965215e-03
4.424161e-01	1.782843e-01	-1.071578e-01
5.664175e-01	1.648715e-01	-7.831783e-02
4.517953e-01	1.026505e-01	1.946392e-01
5.571738e-01	9.826420e-02	2.295417e-01
4.611832e-01	8.884011e-02	2.206774e-01
5.472811e-01	8.388485e-02	2.562238e-01
4.202830e-01	4.112745e-02	1.440547e-01
5.815687e-01	3.590145e-02	1.848352e-01
5.129114e-01	6.617721e-01	-1.675771e-01
5.076088e-01	6.799316e-01	-1.517303e-01
5.041211e-01	6.798884e-01	-1.517736e-01
4.997013e-01	6.797024e-01	-1.517350e-01
5.209066e-01	6.796188e-01	-1.525550e-01
5.257996e-01	6.793133e-01	-1.525227e-01
5.306879e-01	6.785358e-01	-1.523962e-01
4.943908e-01	6.709398e-01	-4.925965e-02
5.374051e-01	6.690201e-01	-5.516221e-02
5.054394e-01	6.419502e-01	-1.287398e-01
5.211278e-01	6.410415e-01	-1.292456e-01
4.738143e-01	5.998571e-01	-5.208660e-02
5.531031e-01	5.901074e-01	-6.649236e-02
4.707640e-01	5.958186e-01	-3.264975e-01
5.615674e-01	6.007957e-01	-3.427783e-01
4.690926e-01	5.851234e-01	-6.001638e-01
5.661309e-01	5.902591e-01	-6.192530e-01
4.617323e-01	5.991510e-01	-6.621548e-01
5.789827e-01	6.013433e-01	-6.794004e-01
4.713315e-01	6.000491e-01	-6.591047e-01
5.691658e-01	5.966944e-01	-6.784883e-01
4.762521e-01	5.879596e-01	-6.091336e-01
5.618839e-01	5.881920e-01	-6.307026e-01
4.771036e-01	3.414933e-01	6.997207e-03
5.372890e-01	3.386418e-01	-6.973723e-03
4.421284e-01	1.834832e-01	-9.626420e-02
5.661932e-01	1.726017e-01	-7.139710e-02
4.519737e-01	1.027289e-01	1.972920e-01
5.572074e-01	9.811015e-02	2.302695e-01
4.613866e-01	8.870449e-02	2.219917e-01
5.473552e-01	8.278966e-02	2.576961e-01
4.205146e-01	4.160988e-02	1.430161e-01
5.816056e-01	3.589586e-02	1.851303e-01
5.127914e-01	6.749953e-01	-1.633086e-01
5.074745e-01	6.940131e-01	-1.473764e-01
5.040300e-01	6.940522e-01	-1.474093e-01
4.995558e-01	6.938106e-01	-1.473658e-01
5.208388e-01	6.932192e-01	-1.503064e-01
5.257063e-01	6.924441e-01	-1.502765e-01
5.306202e-01	6.911660e-01	-1.501395e-01
4.943701e-01	6.854095e-01	-4.387610e-02
5.372021e-01	6.810700e-01	-5.626423e-02
5.052940e-01	6.563215e-01	-1.234111e-01
5.210920e-01	6.541281e-01	-1.267615e-01
4.734786e-01	6.106233e-01	-3.865956e-02
5.537839e-01	6.030841e-01	-6.665852e-02
4.677965e-01	5.990219e-01	-2.977003e-01
5.633420e-01	5.998630e-01	-3.434444e-01
4.600329e-01	5.857349e-01	-5.880709e-01
5.722407e-01	5.854267e-01	-6.244388e-01
4.497151e-01	5.955359e-01	-6.490084e-01
5.871845e-01	5.923712e-01	-6.877243e-01
4.617355e-01	5.959469e-01	-6.484202e-01
5.775799e-01	5.876850e-01	-6.887378e-01
4.680188e-01	5.872745e-01	-5.972108e-01
5.680759e-01	5.815018e-01	-6.369525e-01
4.767556e-01	3.511516e-01	9.663781e-03
5.372805e-01	3.458784e-01	-9.620155e-03
4.421182e-01	1.936145e-01	-8.794259e-02
5.662258e-01	1.778647e-01	-5.808493e-02
4.521012e-01	1.024078e-01	1.917525e-01
5.572356e-01	9.773093e-02	2.229477e-01
4.614197e-01	8.826516e-02	2.138085e-01
5.473839e-01	8.088926e-02	2.461433e-01
4.204979e-01	4.156101e-02	1.298819e-01
5.816832e-01	3.556584e-02	1.611883e-01
5.123627e-01	6.863935e-01	-1.928774e-01
5.071475e-01	7.064170e-01	-1.763099e-01
5.037354e-01	7.066877e-01	-1.763507e-01
4.992355e-01	7.066982e-01	-1.763156e-01
5.204823e-01	7.050139e-01	-1.801450e-01
5.253823e-01	7.041526e-01	-1.801274e-01
5.302443e-01	7.028025e-01	-1.799877e-01
4.943644e-01	7.003289e-01	-6.734370e-02
5.370932e-01	6.938886e-01	-8.521591e-02
5.049736e-01	6.689364e-01	-1.510858e-01
5.208813e-01	6.658393e-01	-1.556226e-01
4.730827e-01	6.231850e-01	-4.622019e-02
5.549713e-01	6.153933e-01	-9.046707e-02
4.602163e-01	6.059414e-01	-2.992817e-01
5.728602e-01	5.989796e-01	-3.589178e-01
4.517392e-01	5.918508e-01	-6.032308e-01
5.834130e-01	5.806815e-01	-6.433008e-01
4.389931e-01	5.954297e-01	-6.678520e-01
5.980095e-01	5.832781e-01	-7.090072e-01
4.533709e-01	5.923698e-01	-6.691505e-01
5.865086e-01	5.772806e-01	-7.105612e-01
4.621147e-01	5.873151e-01	-6.141125e-01
5.779716e-01	5.730060e-01	-6.564319e-01
4.766601e-01	3.580636e-01	1.026888e-02
5.372778e-01	3.519144e-01	-1.020901e-02
4.421085e-01	1.993279e-01	-1.057959e-01
5.661898e-01	1.833849e-01	-6.136278e-02
4.521841e-01	1.023484e-01	1.783814e-01
5.572306e-01	9.773231e-02	2.199165e-01
4.614259e-01	8.824146e-02	2.011922e-01
5.473915e-01	8.072476e-02	2.428036e-01
4.206951e-01	4.211850e-02	1.161559e-01
5.816837e-01	3.554400e-02	1.551509e-01
5.123876e-01	7.039613e-01	-1.905930e-01
5.071591e-01	7.246456e-01	-1.750473e-01
5.037618e-01	7.247726e-01	-1.750954e-01
4.994012e-01	7.248831e-01	-1.750741e-01
5.205359e-01	7.230666e-01	-1.773989e-01
5.253931e-01	7.221883e-01	-1.773889e-01
5.302884e-01	7.208397e-01	-1.772494e-01
4.945327e-01	7.180102e-01	-7.030237e-02
5.371330e-01	7.111228e-01	-8.145906e-02
5.049853e-01	6.856416e-01	-1.504228e-01
5.209618e-01	6.820289e-01	-1.530719e-01
4.721000e-01	6.346394e-01	-4.935614e-02
5.575878e-01	6.268678e-01	-6.179951e-02
4.539368e-01	6.057861e-01	-2.459296e-01
5.838897e-01	5.976422e-01	-2.281252e-01
4.374897e-01	5.873941e-01	-5.114928e-01
6.013093e-01	5.650085e-01	-4.617318e-01
4.263901e-01	5.816106e-01	-5.690033e-01
6.177443e-01	5.573503e-01	-5.170461e-01
4.378938e-01	5.791479e-01	-5.808943e-01
6.091544e-01	5.550779e-01	-5.273523e-01
4.471104e-01	5.787082e-01	-5.246375e-01
5.995299e-01	5.555041e-01	-4.764710e-01
4.766266e-01	3.690732e-01	8.596464e-03
5.374297e-01	3.639510e-01	-8.464909e-03
4.420815e-01	2.027539e-01	-1.052896e-01
5.661976e-01	1.916891e-01	-6.066474e-02
4.521730e-01	1.021458e-01	1.594741e-01
5.571948e-01	9.745257e-02	2.008708e-01
4.612678e-01	8.720058e-02	1.800496e-01
5.471398e-01	7.796839e-02	2.199691e-01
4.203745e-01	4.211615e-02	8.946098e-02
5.823077e-01	3.493047e-02	1.256257e-01
5.121578e-01	7.245352e-01	-2.158229e-01
5.070979e-01	7.436811e-01	-1.963333e-01
5.037347e-01	7.436739e-01	-1.964119e-01
4.994079e-01	7.436638e-01	-1.963602e-01
5.204687e-01	7.426569e-01	-1.982703e-01
5.253156e-01	7.418982e-01	-1.982619e-01
5.301634e-01	7.409393e-01	-1.981451e-01
4.950117e-01	7.358822e-01	-7.832456e-02
5.371019e-01	7.292333e-01	-8.665171e-02
5.049019e-01	7.041757e-01	-1.715138e-01
5.209633e-01	7.008062e-01	-1.734543e-01
4.694876e-01	6.425432e-01	-4.219933e-02
5.612805e-01	6.338859e-01	-3.515921e-02
4.451901e-01	6.042883e-01	-1.866445e-01
5.997130e-01	5.836169e-01	-1.218458e-01
4.264654e-01	5.764350e-01	-4.483498e-01
6.404593e-01	5.163606e-01	-3.060363e-01
4.179599e-01	5.655160e-01	-5.024205e-01
6.546095e-01	4.936649e-01	-3.505048e-01
4.277858e-01	5.644944e-01	-5.194944e-01
6.515409e-01	4.930992e-01	-3.734262e-01
4.352845e-01	5.694719e-01	-4.625959e-01
6.427952e-01	4.985218e-01	-3.228765e-01
4.765678e-01	3.799734e-01	5.925801e-03
5.376039e-01	3.746735e-01	-5.781426e-03
4.417733e-01	2.108436e-01	-1.256622e-01
5.661741e-01	1.980106e-01	-6.378776e-02
4.522000e-01	1.019493e-01	1.260282e-01
5.571955e-01	9.744707e-02	1.825359e-01
4.613149e-01	8.504692e-02	1.462052e-01
5.471419e-01	7.697347e-02	2.001930e-01
4.191752e-01	4.093699e-02	5.090868e-02
5.827242e-01	3.513721e-02	1.020786e-01
5.123936e-01	7.416193e-01	-2.204915e-01
5.072485e-01	7.604252e-01	-2.009161e-01
5.038102e-01	7.604901e-01	-2.009919e-01
4.996876e-01	7.604401e-01	-2.009327e-01
5.206544e-01	7.594574e-01	-2.007347e-01
5.253963e-01	7.590020e-01	-2.007148e-01
5.301870e-01	7.581889e-01	-2.005513e-01
4.953072e-01	7.526032e-01	-8.598770e-02
5.371001e-01	7.472987e-01	-8.523776e-02
5.050123e-01	7.209970e-01	-1.783220e-01
5.213324e-01	7.182759e-01	-1.774464e-01
4.670635e-01	6.507388e-01	-4.401298e-02
5.633916e-01	6.449571e-01	-2.509846e-02
4.366700e-01	6.024892e-01	-1.920242e-01
6.032233e-01	5.806922e-01	-1.075417e-01
4.124738e-01	5.594493e-01	-4.526226e-01
6.471921e-01	4.989844e-01	-3.008661e-01
4.003551e-01	5.391560e-01	-5.084432e-01
6.622027e-01	4.789066e-01	-3.479372e-01
4.098336e-01	5.413868e-01	-5.298886e-01
6.602305e-01	4.753228e-01	-3.741784e-01
4.169320e-01	5.462854e-01	-4.680465e-01
6.527663e-01	4.774092e-01	-3.197281e-01
4.765790e-01	3.922501e-01	2.833711e-03
5.380275e-01	3.867517e-01	-2.663380e-03
4.416213e-01	2.183139e-01	-1.185390e-01
5.661784e-01	2.072839e-01	-4.529413e-02
4.522425e-01	1.019083e-01	1.288813e-01
5.574390e-01	9.796401e-02	1.928227e-01
4.614791e-01	8.237499e-02	1.478460e-01
5.472398e-01	7.643577e-02	2.092479e-01
4.191982e-01	4.099851e-02	4.657102e-02
5.843068e-01	3.532333e-02	1.061632e-01
5.124001e-01	7.579877e-01	-2.270067e-01
5.072626e-01	7.763606e-01	-2.072971e-01
5.038187e-01	7.765595e-01	-2.073670e-01
4.997589e-01	7.764800e-01	-2.073246e-01
5.206589e-01	7.754472e-01	-2.065312e-01
5.253945e-01	7.749802e-01	-2.065049e-01
5.301299e-01	7.741177e-01	-2.063195e-01
4.954568e-01	7.687764e-01	-9.229276e-02
5.370073e-01	7.638267e-01	-8.819877e-02
5.050139e-01	7.366965e-01	-1.847662e-01
5.213522e-01	7.339118e-01	-1.832872e-01
4.651604e-01	6.594943e-01	-4.742082e-02
5.637794e-01	6.586440e-01	-2.277660e-02
4.356907e-01	6.023478e-01	-1.689778e-01
6.001933e-01	5.831573e-01	-9.781002e-02
4.036398e-01	5.419965e-01	-4.099746e-01
6.410810e-01	5.099549e-01	-3.069048e-01
3.911270e-01	5.147852e-01	-4.641038e-01
6.572694e-01	4.872560e-01	-3.588481e-01
3.990081e-01	5.132312e-01	-4.952723e-01
6.566182e-01	4.836852e-01	-3.884667e-01
4.058913e-01	5.202698e-01	-4.289566e-01
6.491526e-01	4.867085e-01	-3.281731e-01
4.768316e-01	4.004254e-01	1.768567e-03
5.383710e-01	3.989004e-01	-1.573358e-03
4.414546e-01	2.280297e-01	-3.210893e-02
5.658001e-01	2.198545e-01	1.479425e-02
4.522001e-01	1.018470e-01	1.927416e-01
5.580198e-01	9.884862e-02	2.459286e-01
4.614756e-01	8.009119e-02	2.073046e-01
5.478139e-01	7.629378e-02	2.594699e-01
4.185852e-01	4.205946e-02	8.780535e-02
5.850302e-01	3.694889e-02	1.388285e-01
5.126721e-01	7.753637e-01	-2.505130e-01
5.075182e-01	7.935040e-01	-2.303284e-01
5.039398e-01	7.934874e-01	-2.303795e-01
5.000386e-01	7.932488e-01	-2.302936e-01
5.209179e-01	7.928140e-01	-2.287635e-01
5.254988e-01	7.922163e-01	-2.287450e-01
5.301804e-01	7.913441e-01	-2.285651e-01
4.957921e-01	7.851625e-01	-1.119600e-01
5.369962e-01	7.812046e-01	-1.037302e-01
5.052733e-01	7.529323e-01	-2.070967e-01
5.217286e-01	7.501195e-01	-2.045283e-01
4.638049e-01	6.719561e-01	-6.341723e-02
5.642947e-01	6.728052e-01	-3.209104e-02
4.330969e-01	6.016494e-01	-1.599770e-01
5.996243e-01	5.834818e-01	-9.487066e-02
3.993793e-01	5.258740e-01	-3.834892e-01
6.434211e-01	4.929836e-01	-2.902743e-01
3.865801e-01	4.918762e-01	-4.345934e-01
6.586524e-01	4.600590e-01	-3.391976e-01
3.930193e-01	4.907330e-01	-4.686234e-01
6.571792e-01	4.553847e-01	-3.718374e-01
3.994159e-01	4.986845e-01	-4.028531e-01
6.498317e-01	4.657031e-01	-3.113733e-01
4.775864e-01	4.109178e-01	9.739879e-04
5.390311e-01	4.106774e-01	-7.902438e-04
4.422133e-01	2.341567e-01	-3.634808e-02
5.653560e-01	2.269047e-01	-5.887739e-03
4.522002e-01	1.020267e-01	2.019108e-01
5.581393e-01	9.903540e-02	2.370829e-01
4.614610e-01	7.965475e-02	2.182542e-01
5.483938e-01	7.617474e-02	2.540080e-01
4.185565e-01	4.380212e-02	1.026719e-01
5.861195e-01	3.790841e-02	1.367844e-01
5.127596e-01	7.940226e-01	-2.543724e-01
5.076864e-01	8.123248e-01	-2.335579e-01
5.040222e-01	8.120192e-01	-2.335872e-01
5.001841e-01	8.116425e-01	-2.334840e-01
5.210457e-01	8.113731e-01	-2.333327e-01
5.255495e-01	8.105545e-01	-2.333053e-01
5.301993e-01	8.095916e-01	-2.331222e-01
4.960997e-01	8.025623e-01	-1.148563e-01
5.369965e-01	7.985477e-01	-1.124432e-01
5.053443e-01	7.711981e-01	-2.107821e-01
5.218577e-01	7.675818e-01	-2.100439e-01
4.632379e-01	6.880013e-01	-6.308516e-02
5.647238e-01	6.843445e-01	-3.757821e-02
4.316373e-01	5.998215e-01	-1.073907e-01
6.005442e-01	5.834975e-01	-7.216914e-02
3.962825e-01	5.103285e-01	-2.997901e-01
6.435231e-01	4.804311e-01	-2.337445e-01
3.848785e-01	4.783021e-01	-3.445271e-01
6.595020e-01	4.488889e-01	-2.784445e-01
3.896154e-01	4.764278e-01	-3.821985e-01
6.572808e-01	4.419843e-01	-3.134251e-01
3.956741e-01	4.862322e-01	-3.203114e-01
6.492935e-01	4.514675e-01	-2.542454e-01
4.779128e-01	4.205584e-01	1.062242e-03
5.394328e-01	4.193215e-01	-8.677769e-04
4.435238e-01	2.401850e-01	-3.228853e-02
5.647200e-01	2.324614e-01	-2.135355e-03
4.520676e-01	1.021346e-01	2.077391e-01
5.581521e-01	1.024447e-01	2.415850e-01
4.613267e-01	7.942501e-02	2.243715e-01
5.483838e-01	7.914530e-02	2.573794e-01
4.181533e-01	4.392502e-02	1.138943e-01
5.860883e-01	4.025806e-02	1.406802e-01
5.134724e-01	8.126168e-01	-2.808544e-01
5.083047e-01	8.313171e-01	-2.600944e-01
5.043651e-01	8.308849e-01	-2.601233e-01
5.006936e-01	8.303524e-01	-2.600252e-01
5.215457e-01	8.300767e-01	-2.616502e-01
5.259784e-01	8.292636e-01	-2.616521e-01
5.306698e-01	8.281610e-01	-2.614927e-01
4.962891e-01	8.196340e-01	-1.430878e-01
5.372627e-01	8.159283e-01	-1.493242e-01
5.058374e-01	7.901128e-01	-2.376894e-01
5.225597e-01	7.866386e-01	-2.394380e-01
4.631343e-01	7.012087e-01	-7.991786e-02
5.659985e-01	6.950991e-01	-7.389288e-02
4.326201e-01	5.997208e-01	-8.962917e-02
6.012772e-01	5.812444e-01	-8.406293e-02
3.967136e-01	5.033164e-01	-2.276042e-01
6.415007e-01	4.754142e-01	-2.154210e-01
3.848531e-01	4.657696e-01	-2.647282e-01
6.579202e-01	4.424427e-01	-2.541910e-01
3.891875e-01	4.613999e-01	-3.024910e-01
6.561240e-01	4.366752e-01	-2.920066e-01
3.953480e-01	4.725099e-01	-2.470877e-01
6.476837e-01	4.464807e-01	-2.357941e-01
4.780343e-01	4.299970e-01	1.765610e-03
5.394591e-01	4.276309e-01	-1.589662e-03
4.457776e-01	2.488398e-01	-9.762259e-03
5.636463e-01	2.399775e-01	6.965243e-03
4.520450e-01	1.023968e-01	2.130580e-01
5.581250e-01	1.023047e-01	2.370764e-01
4.608408e-01	7.949620e-02	2.281267e-01
5.485007e-01	7.913644e-02	2.571787e-01
4.184109e-01	4.817273e-02	1.220097e-01
5.860990e-01	4.155040e-02	1.349754e-01
5.140070e-01	8.258569e-01	-3.302061e-01
5.087969e-01	8.441596e-01	-3.106702e-01
5.046276e-01	8.436347e-01	-3.106968e-01
5.010713e-01	8.429604e-01	-3.106004e-01
5.219461e-01	8.431043e-01	-3.113219e-01
5.262656e-01	8.423167e-01	-3.113357e-01
5.309504e-01	8.413023e-01	-3.111771e-01
4.965722e-01	8.318465e-01	-1.914146e-01
5.374264e-01	8.288804e-01	-1.939892e-01
5.062270e-01	8.030229e-01	-2.853605e-01
5.229316e-01	7.998143e-01	-2.860671e-01
4.623637e-01	7.092143e-01	-1.214152e-01
5.665773e-01	7.065362e-01	-1.080898e-01
4.319352e-01	5.967103e-01	-1.090549e-01
6.001553e-01	5.808676e-01	-1.025533e-01
3.967970e-01	4.862508e-01	-2.235400e-01
6.379398e-01	4.700281e-01	-2.307781e-01
3.858608e-01	4.470132e-01	-2.582088e-01
6.535698e-01	4.337366e-01	-2.688738e-01
3.889773e-01	4.434747e-01	-2.983806e-01
6.519054e-01	4.288821e-01	-3.081153e-01
3.949692e-01	4.569161e-01	-2.432043e-01
6.441482e-01	4.397686e-01	-2.515064e-01
4.781929e-01	4.358796e-01	1.823343e-03
5.398234e-01	4.358981e-01	-1.665209e-03
4.477638e-01	2.513608e-01	-3.136122e-03
5.628386e-01	2.473582e-01	1.382396e-02
4.519555e-01	1.032145e-01	2.423555e-01
5.579758e-01	1.028685e-01	2.626985e-01
4.608397e-01	8.028292e-02	2.593071e-01
5.481753e-01	8.019429e-02	2.794215e-01
4.184542e-01	4.832840e-02	1.504353e-01
5.862470e-01	4.258289e-02	1.591925e-01
5.139090e-01	8.364788e-01	-3.062967e-01
5.087842e-01	8.552088e-01	-2.863894e-01
5.046273e-01	8.546999e-01	-2.864152e-01
5.010726e-01	8.540802e-01	-2.863261e-01
5.219046e-01	8.544211e-01	-2.869783e-01
5.262209e-01	8.536370e-01	-2.869931e-01
5.308624e-01	8.528033e-01	-2.868313e-01
4.969550e-01	8.430645e-01	-1.704702e-01
5.374488e-01	8.407203e-01	-1.730700e-01
5.062238e-01	8.133003e-01	-2.632518e-01
5.229019e-01	8.102176e-01	-2.638902e-01
4.626042e-01	7.171506e-01	-1.109650e-01
5.672440e-01	7.124935e-01	-9.420733e-02
4.342834e-01	5.953283e-01	-9.601336e-02
5.984443e-01	5.792693e-01	-8.468257e-02
4.008300e-01	4.778154e-01	-2.010462e-01
6.330889e-01	4.645364e-01	-2.065508e-01
3.885458e-01	4.420243e-01	-2.348630e-01
6.485966e-01	4.312618e-01	-2.437183e-01
3.915814e-01	4.374856e-01	-2.744713e-01
6.470158e-01	4.280796e-01	-2.821034e-01
3.987140e-01	4.498419e-01	-2.202938e-01
6.391219e-01	4.372911e-01	-2.269094e-01
4.785998e-01	4.409493e-01	1.708702e-03
5.404031e-01	4.410021e-01	-1.563049e-03
4.499923e-01	2.565312e-01	6.132770e-03
5.619052e-01	2.536723e-01	2.050232e-02
4.519797e-01	1.035742e-01	2.365499e-01
5.579318e-01	1.035452e-01	2.534567e-01
4.611026e-01	8.055653e-02	2.523194e-01
5.481854e-01	8.106172e-02	2.692357e-01
4.185395e-01	4.814388e-02	1.463337e-01
5.863566e-01	4.384765e-02	1.563786e-01
5.133070e-01	8.461255e-01	-3.201087e-01
5.085527e-01	8.645056e-01	-3.011985e-01
5.045176e-01	8.639530e-01	-3.012295e-01
5.009380e-01	8.633211e-01	-3.011502e-01
5.215548e-01	8.637772e-01	-3.015880e-01
5.259510e-01	8.628421e-01	-3.016146e-01
5.304837e-01	8.618230e-01	-3.014703e-01
4.971088e-01	8.518546e-01	-1.870606e-01
5.374483e-01	8.492070e-01	-1.890267e-01
5.059563e-01	8.224798e-01	-2.773678e-01
5.225776e-01	8.196023e-01	-2.777598e-01
4.622757e-01	7.223123e-01	-1.275382e-01
5.677959e-01	7.180744e-01	-1.024664e-01
4.355418e-01	5.948347e-01	-1.088607e-01
5.975046e-01	5.791342e-01	-8.358927e-02
4.042319e-01	4.709011e-01	-2.020714e-01
6.316017e-01	4.557834e-01	-1.897294e-01
3.932470e-01	4.356610e-01	-2.332010e-01
6.460327e-01	4.266146e-01	-2.221296e-01
3.976210e-01	4.322059e-01	-2.710845e-01
6.442584e-01	4.238773e-01	-2.610043e-01
4.043752e-01	4.448749e-01	-2.200648e-01
6.361684e-01	4.313877e-01	-2.096125e-01
4.789665e-01	4.483010e-01	6.104547e-04
5.408185e-01	4.470828e-01	-4.929943e-04
4.535101e-01	2.650514e-01	1.820298e-02
5.611894e-01	2.569882e-01	2.875710e-02
4.520910e-01	1.047152e-01	2.308811e-01
5.578218e-01	1.037131e-01	2.510527e-01
4.611057e-01	8.100814e-02	2.452570e-01
5.480734e-01	8.101185e-02	2.614695e-01
4.190476e-01	4.965673e-02	1.388174e-01
5.863339e-01	4.449870e-02	1.384311e-01
5.150594e-01	8.525758e-01	-3.053069e-01
5.097111e-01	8.707847e-01	-2.885547e-01
5.053269e-01	8.704244e-01	-2.885842e-01
5.016640e-01	8.699427e-01	-2.885152e-01
5.226544e-01	8.701363e-01	-2.877119e-01
5.269855e-01	8.694376e-01	-2.877433e-01
5.314351e-01	8.686148e-01	-2.876233e-01
4.975266e-01	8.584330e-01	-1.833025e-01
5.376539e-01	8.562463e-01	-1.792084e-01
5.069392e-01	8.289150e-01	-2.654706e-01
5.236581e-01	8.263533e-01	-2.641206e-01
4.619288e-01	7.256679e-01	-1.270233e-01
5.679482e-01	7.204044e-01	-9.831281e-02
4.363674e-01	5.929944e-01	-1.040636e-01
5.945909e-01	5.793204e-01	-7.219015e-02
4.052996e-01	4.684186e-01	-1.799895e-01
6.217971e-01	4.575159e-01	-1.680111e-01
3.989049e-01	4.306563e-01	-2.089106e-01
6.356474e-01	4.279445e-01	-1.998312e-01
4.020628e-01	4.286663e-01	-2.462001e-01
6.356780e-01	4.247636e-01	-2.367183e-01
4.083296e-01	4.428395e-01	-1.974597e-01
6.274059e-01	4.326282e-01	-1.873123e-01
4.792441e-01	4.484476e-01	-7.694439e-04
5.411515e-01	4.474065e-01	8.704137e-04
4.565836e-01	2.697695e-01	4.157203e-02
5.590316e-01	2.624236e-01	5.257168e-02
4.521287e-01	1.058620e-01	2.356507e-01
5.578133e-01	1.039876e-01	2.490937e-01
4.610649e-01	8.116018e-02	2.480175e-01
5.480579e-01	8.039413e-02	2.601184e-01
4.196774e-01	5.044081e-02	1.409467e-01
5.865847e-01	4.538353e-02	1.399476e-01
5.153627e-01	8.559020e-01	-3.116685e-01
5.098776e-01	8.739066e-01	-2.946036e-01
5.053831e-01	8.736349e-01	-2.946326e-01
5.017281e-01	8.732548e-01	-2.945694e-01
5.230122e-01	8.732626e-01	-2.951253e-01
5.273422e-01	8.725516e-01	-2.951691e-01
5.319110e-01	8.716866e-01	-2.950729e-01
4.975346e-01	8.621846e-01	-1.860562e-01
5.379092e-01	8.591576e-01	-1.882797e-01
5.070649e-01	8.315574e-01	-2.704366e-01
5.240169e-01	8.289731e-01	-2.707841e-01
4.615792e-01	7.276698e-01	-1.215513e-01
5.680112e-01	7.243309e-01	-1.094038e-01
4.376974e-01	5.929236e-01	-8.987954e-02
5.913821e-01	5.820640e-01	-8.412458e-02
4.140522e-01	4.712290e-01	-1.622718e-01
6.090515e-01	4.590952e-01	-1.772753e-01
4.104515e-01	4.336054e-01	-1.901175e-01
6.195792e-01	4.291117e-01	-2.089053e-01
4.121577e-01	4.328073e-01	-2.271276e-01
6.166605e-01	4.268723e-01	-2.441541e-01
4.182564e-01	4.459988e-01	-1.799152e-01
6.098987e-01	4.357749e-01	-1.953881e-01
4.794730e-01	4.515400e-01	-7.258026e-04
5.415009e-01	4.518019e-01	8.182232e-04
4.578959e-01	2.683410e-01	2.275416e-02
5.578828e-01	2.623720e-01	3.482055e-02
4.521695e-01	1.059111e-01	2.128678e-01
5.578621e-01	1.041565e-01	2.211555e-01
4.610445e-01	8.117639e-02	2.209251e-01
5.483114e-01	7.948044e-02	2.295860e-01
4.200774e-01	5.027277e-02	1.071170e-01
5.868148e-01	4.573033e-02	1.083883e-01
5.153316e-01	8.586616e-01	-3.022483e-01
5.098608e-01	8.765879e-01	-2.850911e-01
5.053798e-01	8.764520e-01	-2.851145e-01
5.017239e-01	8.761771e-01	-2.850434e-01
5.230353e-01	8.757228e-01	-2.855739e-01
5.273673e-01	8.748392e-01	-2.856186e-01
5.319762e-01	8.737982e-01	-2.855186e-01
4.975316e-01	8.650747e-01	-1.765383e-01
5.379874e-01	8.611480e-01	-1.785766e-01
5.070549e-01	8.340733e-01	-2.610459e-01
5.240068e-01	8.312904e-01	-2.613186e-01
4.612506e-01	7.302454e-01	-1.139437e-01
5.681076e-01	7.260231e-01	-1.021544e-01
4.396382e-01	5.944857e-01	-8.123114e-02
5.876215e-01	5.845887e-01	-7.280844e-02
4.226244e-01	4.728700e-01	-1.548678e-01
5.992247e-01	4.618414e-01	-1.642513e-01
4.194015e-01	4.354272e-01	-1.834016e-01
6.078902e-01	4.282572e-01	-1.965072e-01
4.217621e-01	4.353965e-01	-2.202260e-01
6.018910e-01	4.275505e-01	-2.309130e-01
4.269115e-01	4.483290e-01	-1.724566e-01
5.964003e-01	4.382148e-01	-1.818425e-01
4.796991e-01	4.538348e-01	-5.006118e-04
5.416752e-01	4.551618e-01	5.948002e-04
4.588033e-01	2.692632e-01	2.582470e-02
5.556420e-01	2.654546e-01	3.376834e-02
4.522404e-01	1.063324e-01	2.054485e-01
5.579453e-01	1.049647e-01	2.122560e-01
4.610482e-01	8.117700e-02	2.135611e-01
5.483433e-01	7.935231e-02	2.203588e-01
4.204303e-01	5.018824e-02	1.007917e-01
5.871204e-01	4.574136e-02	9.927400e-02
5.150887e-01	8.543631e-01	-2.967150e-01
5.096621e-01	8.743238e-01	-2.798370e-01
5.052319e-01	8.744093e-01	-2.798576e-01
5.016058e-01	8.744026e-01	-2.797895e-01
5.229432e-01	8.734359e-01	-2.810022e-01
5.273214e-01	8.728280e-01	-2.810408e-01
5.319625e-01	8.719310e-01	-2.809289e-01
4.975290e-01	8.641526e-01	-1.717196e-01
5.381137e-01	8.591911e-01	-1.777784e-01
5.068336e-01	8.305791e-01	-2.554368e-01
5.239071e-01	8.279123e-01	-2.565043e-01
4.612293e-01	7.325060e-01	-1.107274e-01
5.689093e-01	7.264753e-01	-1.011662e-01
4.428708e-01	5.966964e-01	-6.909509e-02
5.836241e-01	5.878904e-01	-6.800755e-02
4.290089e-01	4.767525e-01	-1.360591e-01
5.921483e-01	4.631594e-01	-1.520449e-01
4.242667e-01	4.399033e-01	-1.628773e-01
5.999816e-01	4.294491e-01	-1.836264e-01
4.277717e-01	4.408433e-01	-2.004747e-01
5.929447e-01	4.297065e-01	-2.176921e-01
4.336216e-01	4.534668e-01	-1.534956e-01
5.884010e-01	4.406240e-01	-1.693279e-01
4.797868e-01	4.556212e-01	-3.397002e-04
5.419438e-01	4.558903e-01	4.374945e-04
4.612892e-01	2.716739e-01	2.953194e-02
5.542623e-01	2.667838e-01	3.387258e-02
4.522749e-01	1.063458e-01	1.903919e-01
5.580649e-01	1.058159e-01	1.976800e-01
4.608962e-01	8.116488e-02	1.976610e-01
5.484915e-01	7.936978e-02	2.044505e-01
4.212878e-01	5.051319e-02	8.524001e-02
5.873134e-01	4.602841e-02	8.443293e-02
5.149560e-01	8.539221e-01	-3.133554e-01
5.094059e-01	8.738333e-01	-2.978129e-01
5.050421e-01	8.734996e-01	-2.978306e-01
5.014202e-01	8.731403e-01	-2.977919e-01
5.228205e-01	8.735120e-01	-3.017673e-01
5.272562e-01	8.730186e-01	-3.017970e-01
5.319515e-01	8.721642e-01	-3.017032e-01
4.974833e-01	8.627119e-01	-1.858746e-01
5.383032e-01	8.590261e-01	-2.044679e-01
5.066617e-01	8.302428e-01	-2.695035e-01
5.238925e-01	8.283660e-01	-2.743456e-01
4.612594e-01	7.333995e-01	-1.091843e-01
5.703608e-01	7.265511e-01	-1.179437e-01
4.462991e-01	5.968314e-01	-4.511053e-02
5.810646e-01	5.877856e-01	-6.714743e-02
4.348434e-01	4.744405e-01	-9.360952e-02
5.877730e-01	4.610047e-01	-1.313386e-01
4.286993e-01	4.377292e-01	-1.151047e-01
5.885986e-01	4.256924e-01	-1.566250e-01
4.327390e-01	4.389842e-01	-1.522183e-01
5.867072e-01	4.263511e-01	-1.931273e-01
4.389366e-01	4.511369e-01	-1.101969e-01
5.836445e-01	4.393441e-01	-1.485010e-01
4.799780e-01	4.570553e-01	1.995016e-03
5.425848e-01	4.559729e-01	-1.972713e-03
4.631156e-01	2.728876e-01	4.436024e-02
5.535848e-01	2.667387e-01	3.813410e-02
4.523730e-01	1.063409e-01	1.999226e-01
5.587164e-01	1.060042e-01	2.081032e-01
4.608924e-01	8.117673e-02	2.003558e-01
5.496447e-01	7.921579e-02	2.181416e-01
4.215136e-01	5.084379e-02	9.627271e-02
5.878043e-01	4.620542e-02	9.910564e-02
5.149094e-01	8.523169e-01	-3.497291e-01
5.092425e-01	8.729782e-01	-3.352602e-01
5.049392e-01	8.724295e-01	-3.352810e-01
5.013426e-01	8.718757e-01	-3.352707e-01
5.227264e-01	8.734255e-01	-3.398228e-01
5.271981e-01	8.731917e-01	-3.398502e-01
5.319244e-01	8.725833e-01	-3.397755e-01
4.974875e-01	8.619995e-01	-2.191997e-01
5.384327e-01	8.597549e-01	-2.407659e-01
5.066245e-01	8.291925e-01	-3.035625e-01
5.238912e-01	8.283570e-01	-3.093117e-01
4.615273e-01	7.327739e-01	-1.262140e-01
5.718480e-01	7.272713e-01	-1.399315e-01
4.487415e-01	5.966582e-01	-4.279267e-02
5.786038e-01	5.866668e-01	-6.748679e-02
4.396476e-01	4.763170e-01	-7.668438e-02
5.817863e-01	4.606563e-01	-1.158679e-01
4.337049e-01	4.402573e-01	-9.464760e-02
5.773059e-01	4.292911e-01	-1.378624e-01
4.373430e-01	4.415223e-01	-1.327817e-01
5.760043e-01	4.295078e-01	-1.758080e-01
4.434367e-01	4.532520e-01	-9.294190e-02
5.758873e-01	4.413455e-01	-1.328938e-01
4.803371e-01	4.597041e-01	3.188527e-03
5.440056e-01	4.577065e-01	-3.225377e-03
4.649607e-01	2.733916e-01	4.779576e-02
5.537113e-01	2.664960e-01	4.228312e-02
4.523989e-01	1.063509e-01	2.144544e-01
5.590983e-01	1.059676e-01	2.213524e-01
4.608204e-01	8.118720e-02	2.192202e-01
5.497592e-01	7.821940e-02	2.294572e-01
4.221830e-01	5.121419e-02	1.007182e-01
5.881039e-01	4.619103e-02	1.063341e-01
5.151526e-01	8.532729e-01	-3.599220e-01
5.093427e-01	8.737351e-01	-3.465788e-01
5.049717e-01	8.731452e-01	-3.465978e-01
5.013734e-01	8.724721e-01	-3.466119e-01
5.229298e-01	8.740037e-01	-3.498549e-01
5.274287e-01	8.736889e-01	-3.498628e-01
5.322071e-01	8.728486e-01	-3.497850e-01
4.974877e-01	8.620322e-01	-2.303486e-01
5.388753e-01	8.592087e-01	-2.474468e-01
5.066786e-01	8.300923e-01	-3.134632e-01
5.241159e-01	8.290935e-01	-3.177896e-01
4.615740e-01	7.326177e-01	-1.325026e-01
5.727803e-01	7.290663e-01	-1.311855e-01
4.504337e-01	5.964067e-01	-2.289177e-02
5.781906e-01	5.906864e-01	-1.437847e-02
4.446291e-01	4.774991e-01	-1.548111e-02
5.744907e-01	4.639343e-01	-9.112546e-03
4.396330e-01	4.417793e-01	-2.367071e-02
5.692804e-01	4.318533e-01	-1.901303e-02
4.436683e-01	4.428326e-01	-6.130233e-02
5.682791e-01	4.331106e-01	-5.226942e-02
4.490417e-01	4.545063e-01	-2.980584e-02
5.681939e-01	4.457949e-01	-2.231579e-02
4.804013e-01	4.615813e-01	3.830395e-03
5.444131e-01	4.603523e-01	-3.919083e-03
4.659936e-01	2.750063e-01	5.262587e-02
5.538873e-01	2.695276e-01	4.916084e-02
4.524967e-01	1.064059e-01	2.310684e-01
5.592223e-01	1.061737e-01	2.469011e-01
4.608284e-01	8.119605e-02	2.404185e-01
5.497505e-01	7.809477e-02	2.571859e-01
4.227393e-01	5.154464e-02	1.182899e-01
5.883631e-01	4.641268e-02	1.284075e-01
5.151033e-01	8.515030e-01	-3.606554e-01
5.092643e-01	8.726602e-01	-3.469776e-01
5.049238e-01	8.722919e-01	-3.469996e-01
5.013456e-01	8.718282e-01	-3.470121e-01
5.229246e-01	8.729571e-01	-3.506999e-01
5.274214e-01	8.726757e-01	-3.507002e-01
5.322162e-01	8.718554e-01	-3.506192e-01
4.974832e-01	8.624060e-01	-2.290163e-01
5.392154e-01	8.592516e-01	-2.481369e-01
5.066175e-01	8.289629e-01	-3.135350e-01
5.241079e-01	8.276114e-01	-3.184122e-01
4.616198e-01	7.344000e-01	-1.307826e-01
5.733449e-01	7.295538e-01	-1.292246e-01
4.517335e-01	5.975126e-01	-1.869670e-02
5.782898e-01	5.913743e-01	-1.501352e-02
4.460181e-01	4.779936e-01	-1.656114e-02
5.767278e-01	4.643846e-01	-2.062932e-02
4.397173e-01	4.437060e-01	-2.552900e-02
5.726317e-01	4.325959e-01	-3.191042e-02
4.429630e-01	4.443636e-01	-6.399149e-02
5.717518e-01	4.342540e-01	-6.680486e-02
4.494848e-01	4.557585e-01	-3.148379e-02
5.698696e-01	4.473315e-01	-3.474981e-02
4.804936e-01	4.626939e-01	4.608598e-03
5.445427e-01	4.618922e-01	-4.737123e-03
4.657033e-01	2.756793e-01	5.058582e-02
5.539602e-01	2.700869e-01	4.571436e-02
4.525015e-01	1.066892e-01	2.309608e-01
5.594159e-01	1.061542e-01	2.441647e-01
4.608632e-01	8.141122e-02	2.410599e-01
5.499277e-01	7.752370e-02	2.545304e-01
4.228291e-01	5.150731e-02	1.200537e-01
5.888173e-01	4.657111e-02	1.271422e-01
5.150893e-01	8.513097e-01	-3.599961e-01
5.092576e-01	8.724578e-01	-3.463086e-01
5.049187e-01	8.721352e-01	-3.463325e-01
5.013425e-01	8.716772e-01	-3.463483e-01
5.229158e-01	8.727485e-01	-3.502057e-01
5.274148e-01	8.724225e-01	-3.502013e-01
5.322261e-01	8.715507e-01	-3.501167e-01
4.974977e-01	8.622925e-01	-2.294512e-01
5.393999e-01	8.592955e-01	-2.490631e-01
5.066109e-01	8.290707e-01	-3.133453e-01
5.241128e-01	8.276644e-01	-3.183679e-01
4.617482e-01	7.351354e-01	-1.319827e-01
5.736047e-01	7.287066e-01	-1.295138e-01
4.526744e-01	5.990562e-01	-1.960956e-02
5.768851e-01	5.912127e-01	-1.770600e-02
4.452162e-01	4.802043e-01	-1.938038e-02
5.786669e-01	4.654993e-01	-3.081826e-02
4.385378e-01	4.450502e-01	-2.910942e-02
5.751198e-01	4.334677e-01	-4.384167e-02
4.423555e-01	4.461219e-01	-6.835767e-02
5.740963e-01	4.344448e-01	-8.056621e-02
4.490434e-01	4.575853e-01	-3.462008e-02
5.722736e-01	4.475163e-01	-4.601888e-02
4.808813e-01	4.653960e-01	4.715302e-03
5.448531e-01	4.645153e-01	-4.848259e-03
4.665813e-01	2.762127e-01	4.573619e-02
5.540472e-01	2.725095e-01	4.470949e-02
4.525844e-01	1.070206e-01	2.279683e-01
5.595533e-01	1.063696e-01	2.416508e-01
4.608483e-01	8.171814e-02	2.408047e-01
5.499586e-01	7.752161e-02	2.519842e-01
4.235330e-01	5.248855e-02	1.110474e-01
5.888306e-01	4.673756e-02	1.252441e-01
