5.323152e-01	7.990983e-01	-3.009438e-01
5.274240e-01	8.145434e-01	-2.833432e-01
5.232797e-01	8.139916e-01	-2.833362e-01
5.194317e-01	8.134403e-01	-2.832592e-01
5.371781e-01	8.163764e-01	-2.864963e-01
5.408906e-01	8.173079e-01	-2.865435e-01
5.445116e-01	8.180026e-01	-2.864721e-01
5.147287e-01	8.043412e-01	-1.639284e-01
5.495709e-01	8.099763e-01	-1.801880e-01
5.267962e-01	7.810665e-01	-2.551943e-01
5.402623e-01	7.838531e-01	-2.594510e-01
4.899958e-01	6.948885e-01	-7.975113e-02
5.851389e-01	7.048704e-01	-9.879187e-02
4.799603e-01	5.714569e-01	-1.517811e-02
6.010135e-01	5.792643e-01	-5.471144e-02
4.762104e-01	4.477900e-01	-8.890531e-02
6.072249e-01	4.562765e-01	-1.370066e-01
4.713336e-01	4.090169e-01	-1.145320e-01
6.118771e-01	4.210249e-01	-1.641583e-01
4.764977e-01	4.096403e-01	-1.507445e-01
6.042727e-01	4.159884e-01	-1.977929e-01
4.817461e-01	4.235085e-01	-1.053858e-01
5.995839e-01	4.291304e-01	-1.523934e-01
5.135014e-01	4.396347e-01	1.073422e-02
5.674853e-01	4.407306e-01	-1.066015e-02
5.136911e-01	2.681284e-01	5.747883e-02
5.773005e-01	2.666361e-01	8.480887e-03
5.208576e-01	1.206914e-01	2.384056e-01
5.729647e-01	1.220155e-01	1.705412e-01
5.267099e-01	9.985268e-02	2.500929e-01
5.688519e-01	1.058455e-01	1.796030e-01
5.085648e-01	5.722696e-02	1.442994e-01
5.790252e-01	5.873030e-02	5.704241e-02
5.329611e-01	7.975617e-01	-2.998362e-01
5.276562e-01	8.129222e-01	-2.831981e-01
5.234762e-01	8.123739e-01	-2.831889e-01
5.198177e-01	8.119346e-01	-2.831083e-01
5.378772e-01	8.145584e-01	-2.863764e-01
5.413583e-01	8.151911e-01	-2.864259e-01
5.450520e-01	8.157557e-01	-2.863569e-01
5.148697e-01	8.031606e-01	-1.669779e-01
5.501650e-01	8.089708e-01	-1.827473e-01
5.270547e-01	7.783600e-01	-2.549142e-01
5.407485e-01	7.808227e-01	-2.591517e-01
4.904839e-01	6.962311e-01	-8.003922e-02
5.854558e-01	7.048706e-01	-1.102084e-01
4.803043e-01	5.716012e-01	-1.847419e-02
6.008567e-01	5.783617e-01	-7.107855e-02
4.773352e-01	4.495963e-01	-9.307756e-02
6.068763e-01	4.570207e-01	-1.478375e-01
4.722525e-01	4.095064e-01	-1.184115e-01
6.118093e-01	4.209116e-01	-1.773891e-01
4.789787e-01	4.110169e-01	-1.525677e-01
6.041527e-01	4.162364e-01	-2.079742e-01
4.842979e-01	4.249524e-01	-1.086972e-01
5.989555e-01	4.292335e-01	-1.619371e-01
5.128950e-01	4.423111e-01	1.268022e-02
5.668951e-01	4.433017e-01	-1.261668e-02
5.138132e-01	2.690527e-01	6.214358e-02
5.740097e-01	2.718002e-01	1.337698e-02
5.213259e-01	1.273836e-01	2.554939e-01
5.725833e-01	1.230855e-01	1.860762e-01
5.270308e-01	1.112147e-01	2.690052e-01
5.686718e-01	1.077170e-01	1.970125e-01
5.111040e-01	6.458373e-02	1.654108e-01
5.764872e-01	5.879753e-02	7.733975e-02
5.339909e-01	7.966802e-01	-3.056849e-01
5.281990e-01	8.118556e-01	-2.907332e-01
5.240394e-01	8.112478e-01	-2.907224e-01
5.204430e-01	8.108358e-01	-2.906363e-01
5.387306e-01	8.134201e-01	-2.932534e-01
5.420184e-01	8.139231e-01	-2.933068e-01
5.458170e-01	8.144186e-01	-2.932566e-01
5.153983e-01	8.021582e-01	-1.781594e-01
5.508713e-01	8.080885e-01	-1.904602e-01
5.277521e-01	7.767583e-01	-2.614734e-01
5.415542e-01	7.790921e-01	-2.647720e-01
4.911032e-01	6.967542e-01	-8.732907e-02
5.857182e-01	7.048697e-01	-1.155175e-01
4.811102e-01	5.712098e-01	-2.652315e-02
6.007910e-01	5.779237e-01	-7.402409e-02
4.783756e-01	4.495758e-01	-9.893708e-02
6.066562e-01	4.571712e-01	-1.494120e-01
4.730964e-01	4.091051e-01	-1.229188e-01
6.118705e-01	4.205923e-01	-1.782042e-01
4.801935e-01	4.109195e-01	-1.566208e-01
6.042219e-01	4.162339e-01	-2.086818e-01
4.855828e-01	4.246604e-01	-1.144124e-01
5.989592e-01	4.291700e-01	-1.633995e-01
5.130602e-01	4.452526e-01	1.275418e-02
5.669414e-01	4.467910e-01	-1.269612e-02
5.141792e-01	2.710477e-01	6.187972e-02
5.732213e-01	2.766287e-01	1.569431e-02
5.215982e-01	1.291977e-01	2.516156e-01
5.720967e-01	1.235813e-01	1.886897e-01
5.271460e-01	1.132161e-01	2.644817e-01
5.680877e-01	1.080531e-01	1.992991e-01
5.119995e-01	6.635843e-02	1.642249e-01
5.761105e-01	5.903089e-02	7.749685e-02
5.351763e-01	7.965066e-01	-2.907993e-01
5.289325e-01	8.116276e-01	-2.759168e-01
5.248969e-01	8.109959e-01	-2.758994e-01
5.211576e-01	8.105646e-01	-2.758057e-01
5.395880e-01	8.131258e-01	-2.776145e-01
5.428228e-01	8.135695e-01	-2.776716e-01
5.467318e-01	8.139755e-01	-2.776062e-01
5.160267e-01	8.018783e-01	-1.692798e-01
5.515458e-01	8.076871e-01	-1.767773e-01
5.286392e-01	7.763478e-01	-2.487563e-01
5.424086e-01	7.783980e-01	-2.509493e-01
4.917745e-01	6.969998e-01	-8.709966e-02
5.859475e-01	7.049227e-01	-1.108874e-01
4.825290e-01	5.710987e-01	-3.360633e-02
6.006507e-01	5.780535e-01	-7.033819e-02
4.797415e-01	4.497442e-01	-1.119528e-01
6.066518e-01	4.589734e-01	-1.478731e-01
4.740271e-01	4.091402e-01	-1.380871e-01
6.126018e-01	4.211227e-01	-1.762007e-01
4.822269e-01	4.110770e-01	-1.718511e-01
6.045142e-01	4.168236e-01	-2.073742e-01
4.875205e-01	4.246843e-01	-1.275497e-01
5.990611e-01	4.296384e-01	-1.623440e-01
5.133214e-01	4.462710e-01	1.245969e-02
5.679270e-01	4.477170e-01	-1.239851e-02
5.149053e-01	2.711631e-01	5.668356e-02
5.734159e-01	2.761150e-01	1.669018e-02
5.220775e-01	1.291554e-01	2.464645e-01
5.720732e-01	1.238511e-01	1.895083e-01
5.273488e-01	1.127155e-01	2.595232e-01
5.680897e-01	1.085200e-01	2.001560e-01
5.132225e-01	6.677096e-02	1.537887e-01
5.761096e-01	5.909916e-02	7.929427e-02
5.354154e-01	7.949115e-01	-2.973038e-01
5.291725e-01	8.103979e-01	-2.834344e-01
5.251787e-01	8.098170e-01	-2.834262e-01
5.214700e-01	8.095233e-01	-2.833409e-01
5.398260e-01	8.119358e-01	-2.852110e-01
5.430101e-01	8.124732e-01	-2.852631e-01
5.469372e-01	8.130122e-01	-2.852154e-01
5.164986e-01	8.015292e-01	-1.749416e-01
5.519037e-01	8.073186e-01	-1.841571e-01
5.290207e-01	7.750600e-01	-2.547401e-01
5.426093e-01	7.769515e-01	-2.569470e-01
4.925354e-01	6.977397e-01	-8.728835e-02
5.860475e-01	7.059439e-01	-1.141005e-01
4.836368e-01	5.711201e-01	-3.173427e-02
6.006330e-01	5.797300e-01	-7.561617e-02
4.817846e-01	4.486819e-01	-1.074053e-01
6.070113e-01	4.602554e-01	-1.498155e-01
4.774356e-01	4.070594e-01	-1.370118e-01
6.132682e-01	4.217637e-01	-1.775976e-01
4.841195e-01	4.087856e-01	-1.688970e-01
6.051833e-01	4.173786e-01	-2.082396e-01
4.888458e-01	4.215586e-01	-1.236943e-01
6.000357e-01	4.299905e-01	-1.639226e-01
5.145004e-01	4.494998e-01	1.334517e-02
5.688112e-01	4.512206e-01	-1.329505e-02
5.156468e-01	2.731963e-01	5.296772e-02
5.735391e-01	2.779512e-01	8.402492e-03
5.227116e-01	1.291082e-01	2.219504e-01
5.720633e-01	1.238416e-01	1.640879e-01
5.279920e-01	1.119933e-01	2.321508e-01
5.681089e-01	1.084729e-01	1.726354e-01
5.135810e-01	6.783353e-02	1.226345e-01
5.761131e-01	5.921298e-02	4.984841e-02
5.356403e-01	7.937381e-01	-3.251328e-01
5.294389e-01	8.093265e-01	-3.102864e-01
5.255128e-01	8.087987e-01	-3.102916e-01
5.217918e-01	8.085914e-01	-3.102151e-01
5.400010e-01	8.107842e-01	-3.129447e-01
5.431569e-01	8.113338e-01	-3.129984e-01
5.470703e-01	8.119304e-01	-3.129498e-01
5.169585e-01	8.011842e-01	-1.943376e-01
5.522046e-01	8.067414e-01	-2.072119e-01
5.293900e-01	7.742964e-01	-2.792444e-01
5.427688e-01	7.760602e-01	-2.826517e-01
4.932417e-01	6.983636e-01	-9.871976e-02
5.863680e-01	7.067456e-01	-1.276114e-01
4.850137e-01	5.719810e-01	-3.822779e-02
6.007162e-01	5.802399e-01	-8.616862e-02
4.835176e-01	4.493655e-01	-1.132286e-01
6.080436e-01	4.605053e-01	-1.641632e-01
4.783800e-01	4.073580e-01	-1.390428e-01
6.145369e-01	4.220906e-01	-1.929086e-01
4.853651e-01	4.091282e-01	-1.733003e-01
6.072979e-01	4.175048e-01	-2.259169e-01
4.903135e-01	4.219002e-01	-1.292182e-01
6.024587e-01	4.299955e-01	-1.791943e-01
5.154768e-01	4.535725e-01	1.344552e-02
5.696303e-01	4.550840e-01	-1.339805e-02
5.157577e-01	2.761191e-01	5.282744e-02
5.735720e-01	2.786517e-01	7.723597e-03
5.231309e-01	1.289756e-01	2.237403e-01
5.719641e-01	1.237270e-01	1.663831e-01
5.284302e-01	1.114745e-01	2.340164e-01
5.680846e-01	1.083018e-01	1.752286e-01
5.138128e-01	6.884818e-02	1.208775e-01
5.761238e-01	5.945223e-02	5.043125e-02
5.358635e-01	7.937630e-01	-2.842234e-01
5.295808e-01	8.093513e-01	-2.671620e-01
5.256768e-01	8.087893e-01	-2.671682e-01
5.219851e-01	8.085502e-01	-2.670932e-01
5.401138e-01	8.108637e-01	-2.709407e-01
5.432521e-01	8.114208e-01	-2.709851e-01
5.471805e-01	8.120149e-01	-2.709247e-01
5.173604e-01	8.011547e-01	-1.521598e-01
5.524375e-01	8.067529e-01	-1.700017e-01
5.297972e-01	7.744128e-01	-2.396833e-01
5.430570e-01	7.761843e-01	-2.445598e-01
4.952050e-01	7.001581e-01	-7.029260e-02
5.870770e-01	7.074255e-01	-9.913494e-02
4.863099e-01	5.767170e-01	-1.825194e-02
6.007630e-01	5.821654e-01	-6.837200e-02
4.850118e-01	4.563054e-01	-9.640521e-02
6.081198e-01	4.628785e-01	-1.512793e-01
4.795212e-01	4.141673e-01	-1.223820e-01
6.146652e-01	4.237075e-01	-1.813153e-01
4.867815e-01	4.157720e-01	-1.559837e-01
6.076646e-01	4.186514e-01	-2.141639e-01
4.922163e-01	4.285813e-01	-1.119556e-01
6.027597e-01	4.311694e-01	-1.663826e-01
5.154721e-01	4.528814e-01	1.325798e-02
5.695981e-01	4.545621e-01	-1.320797e-02
5.157511e-01	2.764404e-01	3.948306e-02
5.736689e-01	2.789366e-01	3.540127e-03
5.231718e-01	1.288223e-01	2.108057e-01
5.715809e-01	1.232103e-01	1.634753e-01
5.286518e-01	1.112428e-01	2.209790e-01
5.676357e-01	1.070038e-01	1.722924e-01
5.139036e-01	6.983469e-02	1.074308e-01
5.759701e-01	5.964239e-02	4.646489e-02
5.364265e-01	7.928324e-01	-2.874939e-01
5.299276e-01	8.083209e-01	-2.711611e-01
5.260510e-01	8.077205e-01	-2.711501e-01
5.223481e-01	8.073768e-01	-2.710715e-01
5.405065e-01	8.099421e-01	-2.743100e-01
5.437466e-01	8.105322e-01	-2.743668e-01
5.477199e-01	8.112130e-01	-2.742996e-01
5.177325e-01	8.001964e-01	-1.574691e-01
5.530759e-01	8.063489e-01	-1.736939e-01
5.304992e-01	7.735407e-01	-2.441084e-01
5.436777e-01	7.754258e-01	-2.483967e-01
4.965751e-01	7.011637e-01	-7.176502e-02
5.873569e-01	7.089765e-01	-1.005175e-01
4.873684e-01	5.789055e-01	-1.700357e-02
6.009169e-01	5.846296e-01	-6.816769e-02
4.873704e-01	4.629895e-01	-9.648060e-02
6.089054e-01	4.685632e-01	-1.517340e-01
4.833045e-01	4.206400e-01	-1.225727e-01
6.154866e-01	4.304929e-01	-1.819309e-01
4.910827e-01	4.222623e-01	-1.561245e-01
6.083379e-01	4.229751e-01	-2.148548e-01
4.965501e-01	4.340626e-01	-1.120739e-01
6.034664e-01	4.349168e-01	-1.668295e-01
5.160044e-01	4.530327e-01	1.339968e-02
5.698721e-01	4.547100e-01	-1.335061e-02
5.158889e-01	2.762447e-01	4.043106e-02
5.735505e-01	2.787706e-01	-1.319770e-03
5.231892e-01	1.287103e-01	2.123692e-01
5.713345e-01	1.231769e-01	1.576825e-01
5.286537e-01	1.109326e-01	2.224766e-01
5.675634e-01	1.068863e-01	1.663611e-01
5.138046e-01	7.058464e-02	1.076469e-01
5.757693e-01	5.995541e-02	3.926780e-02
5.365631e-01	7.921469e-01	-2.574418e-01
5.302279e-01	8.071309e-01	-2.402854e-01
5.264284e-01	8.065138e-01	-2.403007e-01
5.227630e-01	8.060280e-01	-2.402294e-01
5.406646e-01	8.088080e-01	-2.434043e-01
5.439187e-01	8.094133e-01	-2.434401e-01
5.478376e-01	8.101435e-01	-2.433825e-01
5.186747e-01	7.986806e-01	-1.267721e-01
5.536415e-01	8.052347e-01	-1.413563e-01
5.308648e-01	7.730948e-01	-2.137943e-01
5.438375e-01	7.750798e-01	-2.177148e-01
4.979760e-01	7.016323e-01	-4.774370e-02
5.876695e-01	7.091416e-01	-6.737198e-02
4.881219e-01	5.897865e-01	1.075985e-02
6.008989e-01	5.880966e-01	-2.568368e-02
4.886735e-01	4.807113e-01	-6.072123e-02
6.089617e-01	4.780567e-01	-1.084403e-01
4.858029e-01	4.423745e-01	-8.635436e-02
6.156588e-01	4.436370e-01	-1.371051e-01
4.928160e-01	4.434875e-01	-1.186888e-01
6.082778e-01	4.354132e-01	-1.713690e-01
4.976208e-01	4.550880e-01	-7.555811e-02
6.033887e-01	4.465731e-01	-1.240475e-01
5.170072e-01	4.527378e-01	9.423656e-03
5.704298e-01	4.543392e-01	-9.360857e-03
5.164179e-01	2.761624e-01	1.906481e-02
5.735953e-01	2.782759e-01	-1.201937e-03
5.231842e-01	1.287277e-01	1.969340e-01
5.710214e-01	1.232526e-01	1.614233e-01
5.285941e-01	1.108438e-01	2.075194e-01
5.673283e-01	1.069213e-01	1.713301e-01
5.137573e-01	7.073743e-02	8.927351e-02
5.756568e-01	6.045256e-02	4.169311e-02
5.367918e-01	7.886497e-01	-2.232903e-01
5.307776e-01	8.036357e-01	-2.053611e-01
5.271363e-01	8.029607e-01	-2.053824e-01
5.234648e-01	8.020146e-01	-2.053063e-01
5.410622e-01	8.054624e-01	-2.069256e-01
5.444284e-01	8.060091e-01	-2.069534e-01
5.483592e-01	8.063973e-01	-2.068829e-01
5.199051e-01	7.937945e-01	-9.541035e-02
5.549257e-01	8.000480e-01	-1.027946e-01
5.312364e-01	7.701693e-01	-1.818385e-01
5.441180e-01	7.720569e-01	-1.836502e-01
4.988833e-01	7.003266e-01	-3.111253e-02
5.878381e-01	7.091179e-01	-3.048871e-02
4.893399e-01	5.942252e-01	4.312652e-03
6.007071e-01	5.918762e-01	1.039036e-02
4.906090e-01	5.005726e-01	-7.439381e-02
6.089522e-01	4.904415e-01	-7.475279e-02
4.884626e-01	4.662301e-01	-1.106499e-01
6.156047e-01	4.581561e-01	-1.031071e-01
4.957387e-01	4.673550e-01	-1.367113e-01
6.081742e-01	4.521974e-01	-1.369962e-01
5.001181e-01	4.786786e-01	-8.624668e-02
6.032752e-01	4.633075e-01	-9.038468e-02
5.172204e-01	4.526573e-01	4.656889e-03
5.705264e-01	4.535444e-01	-4.586151e-03
5.169560e-01	2.761983e-01	7.408118e-03
5.738571e-01	2.758736e-01	-2.764176e-03
5.231720e-01	1.285773e-01	1.768961e-01
5.705717e-01	1.230918e-01	1.564334e-01
5.285049e-01	1.104927e-01	1.866919e-01
5.667178e-01	1.064078e-01	1.652441e-01
5.137221e-01	7.065250e-02	7.108282e-02
5.756658e-01	6.053715e-02	4.021826e-02
5.369900e-01	7.832720e-01	-2.002172e-01
5.312365e-01	7.979181e-01	-1.826204e-01
5.276774e-01	7.968956e-01	-1.826513e-01
5.240701e-01	7.958828e-01	-1.825871e-01
5.413049e-01	8.003749e-01	-1.851318e-01
5.446640e-01	8.010493e-01	-1.851432e-01
5.485706e-01	8.015466e-01	-1.850728e-01
5.208873e-01	7.877282e-01	-7.365711e-02
5.556362e-01	7.942969e-01	-8.526073e-02
5.317513e-01	7.651363e-01	-1.589935e-01
5.444432e-01	7.673982e-01	-1.619223e-01
4.999707e-01	6.975741e-01	-1.022260e-02
5.881773e-01	7.083722e-01	-1.332881e-02
4.922743e-01	5.996932e-01	2.994492e-02
5.995069e-01	5.947999e-01	3.434410e-02
4.937510e-01	5.192509e-01	-5.186255e-02
6.083146e-01	4.983183e-01	-3.783105e-02
4.910214e-01	4.868579e-01	-8.049928e-02
6.151247e-01	4.687592e-01	-6.307466e-02
4.994740e-01	4.888596e-01	-1.102151e-01
6.075716e-01	4.646291e-01	-9.746340e-02
5.040129e-01	4.981909e-01	-6.574133e-02
6.026496e-01	4.744813e-01	-5.339543e-02
5.172695e-01	4.524685e-01	3.796779e-03
5.705351e-01	4.533150e-01	-3.732059e-03
5.175632e-01	2.761601e-01	4.287561e-04
5.734220e-01	2.771633e-01	-1.232648e-02
5.230949e-01	1.285394e-01	1.527655e-01
5.700711e-01	1.228732e-01	1.307512e-01
5.284035e-01	1.104314e-01	1.607188e-01
5.664252e-01	1.059056e-01	1.376205e-01
5.136461e-01	7.068868e-02	4.429935e-02
5.755213e-01	6.084257e-02	1.373020e-02
5.385779e-01	7.733296e-01	-2.129670e-01
5.330108e-01	7.885285e-01	-1.968201e-01
5.296141e-01	7.879426e-01	-1.968625e-01
5.258045e-01	7.871475e-01	-1.968113e-01
5.433334e-01	7.899709e-01	-1.998379e-01
5.470809e-01	7.904432e-01	-1.998302e-01
5.508417e-01	7.907934e-01	-1.997462e-01
5.224028e-01	7.796532e-01	-8.561719e-02
5.578853e-01	7.832299e-01	-1.009418e-01
5.327795e-01	7.546730e-01	-1.702437e-01
5.460330e-01	7.559662e-01	-1.740940e-01
5.008529e-01	6.928689e-01	-7.747079e-03
5.888139e-01	7.015975e-01	-1.531339e-02
4.933954e-01	6.031641e-01	9.835596e-02
5.993281e-01	5.976273e-01	8.443570e-02
4.963768e-01	5.300940e-01	1.195361e-01
6.077475e-01	5.132425e-01	8.819874e-02
4.930733e-01	4.999174e-01	1.111408e-01
6.141396e-01	4.852410e-01	7.962628e-02
5.024322e-01	5.027969e-01	7.768444e-02
6.048503e-01	4.842430e-01	4.780255e-02
5.069755e-01	5.117679e-01	1.069389e-01
6.005956e-01	4.927646e-01	7.621415e-02
5.173623e-01	4.482669e-01	4.098439e-03
5.706579e-01	4.468918e-01	-4.069519e-03
5.191633e-01	2.757035e-01	1.039298e-02
5.728678e-01	2.755017e-01	-1.101547e-02
5.231763e-01	1.280890e-01	1.725730e-01
5.698174e-01	1.228110e-01	1.420676e-01
5.286136e-01	1.094067e-01	1.819833e-01
5.659314e-01	1.055038e-01	1.501047e-01
5.134676e-01	7.113233e-02	7.047407e-02
5.754852e-01	6.114950e-02	2.711068e-02
5.408181e-01	7.599096e-01	-2.950598e-01
5.347621e-01	7.759078e-01	-2.809444e-01
5.315379e-01	7.757239e-01	-2.810281e-01
5.276092e-01	7.753664e-01	-2.810084e-01
5.457125e-01	7.774178e-01	-2.843933e-01
5.499758e-01	7.784213e-01	-2.843849e-01
5.535241e-01	7.793437e-01	-2.843122e-01
5.238146e-01	7.705361e-01	-1.580269e-01
5.601275e-01	7.736683e-01	-1.767506e-01
5.344239e-01	7.399417e-01	-2.463935e-01
5.484301e-01	7.414510e-01	-2.509584e-01
5.007257e-01	6.868989e-01	-3.265211e-02
5.894362e-01	6.897573e-01	-4.188067e-02
4.942051e-01	6.102180e-01	1.246634e-01
5.991944e-01	6.002898e-01	9.012482e-02
4.980783e-01	5.431591e-01	2.245578e-01
6.071572e-01	5.223268e-01	1.483828e-01
4.948651e-01	5.141444e-01	2.348160e-01
6.135855e-01	4.972333e-01	1.552181e-01
5.051466e-01	5.175790e-01	1.978475e-01
6.029521e-01	4.974880e-01	1.210293e-01
5.093440e-01	5.252930e-01	2.135423e-01
5.991457e-01	5.048199e-01	1.378717e-01
5.173045e-01	4.422148e-01	4.453384e-03
5.706363e-01	4.409032e-01	-4.464783e-03
5.194640e-01	2.751406e-01	3.141229e-02
5.713065e-01	2.742689e-01	-8.457269e-03
5.230116e-01	1.272763e-01	1.871059e-01
5.692815e-01	1.228205e-01	1.470587e-01
5.284430e-01	1.082417e-01	1.958572e-01
5.650325e-01	1.051770e-01	1.552937e-01
5.132878e-01	7.106252e-02	9.098589e-02
5.753738e-01	6.126497e-02	3.194663e-02
5.419408e-01	7.504995e-01	-2.845874e-01
5.358357e-01	7.662541e-01	-2.687430e-01
5.326416e-01	7.660994e-01	-2.687613e-01
5.288441e-01	7.658463e-01	-2.686798e-01
5.467376e-01	7.669770e-01	-2.705532e-01
5.509360e-01	7.675657e-01	-2.705769e-01
5.544828e-01	7.682742e-01	-2.705055e-01
5.252461e-01	7.614341e-01	-1.519784e-01
5.607249e-01	7.639275e-01	-1.657343e-01
5.355943e-01	7.316226e-01	-2.440899e-01
5.496058e-01	7.325331e-01	-2.440063e-01
5.016340e-01	6.796820e-01	-2.982961e-02
5.896078e-01	6.776603e-01	-5.004427e-02
4.959209e-01	6.147833e-01	1.085510e-01
5.983392e-01	5.998198e-01	8.260783e-02
5.005484e-01	5.550845e-01	1.516062e-01
6.044877e-01	5.308304e-01	1.313343e-01
4.967525e-01	5.298451e-01	1.510153e-01
6.098365e-01	5.100398e-01	1.313725e-01
5.070814e-01	5.324153e-01	1.162649e-01
6.009091e-01	5.128771e-01	9.767751e-02
5.114889e-01	5.387508e-01	1.397248e-01
5.973279e-01	5.177961e-01	1.202399e-01
5.179228e-01	4.343864e-01	4.767752e-03
5.707404e-01	4.321523e-01	-4.775076e-03
5.199545e-01	2.730168e-01	3.085444e-02
5.703319e-01	2.718535e-01	3.441490e-03
5.228684e-01	1.269113e-01	1.899405e-01
5.691414e-01	1.228134e-01	1.709044e-01
5.282845e-01	1.075026e-01	1.984892e-01
5.646667e-01	1.047053e-01	1.811371e-01
5.132516e-01	7.099365e-02	9.654627e-02
5.753058e-01	6.130848e-02	6.451584e-02
5.425158e-01	7.396429e-01	-2.286829e-01
5.367445e-01	7.550539e-01	-2.134640e-01
5.336194e-01	7.547937e-01	-2.134994e-01
5.299895e-01	7.543676e-01	-2.134595e-01
5.474170e-01	7.559549e-01	-2.183703e-01
5.515038e-01	7.562535e-01	-2.183677e-01
5.550761e-01	7.564778e-01	-2.182610e-01
5.265107e-01	7.482942e-01	-1.016840e-01
5.614082e-01	7.499337e-01	-1.240280e-01
5.363569e-01	7.221152e-01	-1.850424e-01
5.502615e-01	7.224804e-01	-1.906110e-01
5.028479e-01	6.728164e-01	-1.124293e-02
5.897275e-01	6.681108e-01	-4.506936e-02
4.974400e-01	6.269032e-01	8.256591e-02
5.980820e-01	6.017140e-01	6.505314e-02
5.037545e-01	5.680466e-01	8.361632e-02
6.016027e-01	5.461830e-01	1.095628e-01
4.995520e-01	5.458937e-01	7.348434e-02
6.079417e-01	5.235636e-01	1.046149e-01
5.115162e-01	5.467339e-01	4.427600e-02
5.990865e-01	5.280548e-01	7.325298e-02
5.157225e-01	5.524116e-01	7.206601e-02
5.932583e-01	5.333545e-01	9.867407e-02
5.182037e-01	4.262176e-01	4.982887e-03
5.708259e-01	4.246214e-01	-4.973800e-03
5.199292e-01	2.711990e-01	3.031258e-02
5.689332e-01	2.692975e-01	1.748915e-02
5.226921e-01	1.263908e-01	1.798179e-01
5.684013e-01	1.227607e-01	1.694452e-01
5.282179e-01	1.065496e-01	1.880898e-01
5.638591e-01	1.042143e-01	1.785080e-01
5.130622e-01	7.097746e-02	8.689716e-02
5.753083e-01	6.133030e-02	6.377904e-02
5.430287e-01	7.225769e-01	-2.156314e-01
5.371087e-01	7.376753e-01	-2.009723e-01
5.340489e-01	7.370973e-01	-2.010070e-01
5.304536e-01	7.366062e-01	-2.009530e-01
5.476815e-01	7.397979e-01	-2.063208e-01
5.517892e-01	7.407568e-01	-2.063369e-01
5.554030e-01	7.415292e-01	-2.062664e-01
5.272859e-01	7.312232e-01	-9.069207e-02
5.617650e-01	7.357510e-01	-1.144458e-01
5.373009e-01	7.055354e-01	-1.718530e-01
5.513095e-01	7.074676e-01	-1.782073e-01
5.051540e-01	6.607075e-01	-1.311790e-02
5.898513e-01	6.592765e-01	-4.848126e-02
5.007672e-01	6.259401e-01	6.057399e-03
5.978602e-01	6.135488e-01	3.372625e-02
5.079406e-01	5.783988e-01	-6.579538e-02
5.989171e-01	5.583465e-01	5.978055e-02
5.038561e-01	5.616236e-01	-8.626166e-02
6.052957e-01	5.373301e-01	5.169473e-02
5.149571e-01	5.577899e-01	-1.078368e-01
5.955702e-01	5.411143e-01	2.684839e-02
5.194559e-01	5.592977e-01	-7.671619e-02
5.903115e-01	5.456813e-01	5.061745e-02
5.181811e-01	4.139703e-01	5.106755e-03
5.704244e-01	4.136149e-01	-5.109646e-03
5.198721e-01	2.645234e-01	3.029024e-02
5.682439e-01	2.622717e-01	2.390409e-02
5.225662e-01	1.262404e-01	1.833558e-01
5.680028e-01	1.227069e-01	1.794928e-01
5.280473e-01	1.064506e-01	1.925604e-01
5.634729e-01	1.040611e-01	1.889018e-01
5.127982e-01	7.096972e-02	8.874346e-02
5.753800e-01	6.133496e-02	7.696664e-02
5.434990e-01	7.101923e-01	-2.872081e-01
5.377038e-01	7.256212e-01	-2.710325e-01
5.345404e-01	7.253798e-01	-2.710974e-01
5.309337e-01	7.252499e-01	-2.710808e-01
5.482599e-01	7.270752e-01	-2.773108e-01
5.523528e-01	7.277299e-01	-2.773482e-01
5.559427e-01	7.282614e-01	-2.773417e-01
5.278519e-01	7.201542e-01	-1.426308e-01
5.621924e-01	7.222034e-01	-1.740106e-01
5.377500e-01	6.935900e-01	-2.363022e-01
5.516513e-01	6.949291e-01	-2.445586e-01
5.063534e-01	6.491828e-01	-2.005721e-02
5.898404e-01	6.457189e-01	-7.246239e-02
5.056170e-01	6.242074e-01	1.258426e-01
5.970268e-01	6.126753e-01	8.280761e-02
5.151948e-01	5.625751e-01	2.269326e-01
5.984564e-01	5.437222e-01	1.974515e-01
5.158366e-01	5.423194e-01	2.427771e-01
6.007767e-01	5.274081e-01	2.136934e-01
5.218955e-01	5.417653e-01	2.118312e-01
5.960642e-01	5.324430e-01	1.872426e-01
5.239373e-01	5.451738e-01	2.170983e-01
5.908490e-01	5.349208e-01	1.915436e-01
5.181568e-01	4.084542e-01	1.044520e-02
5.696393e-01	4.067521e-01	-1.062430e-02
5.208200e-01	2.610131e-01	6.628416e-02
5.666431e-01	2.608759e-01	1.748010e-02
5.228011e-01	1.251202e-01	2.171884e-01
5.665095e-01	1.217715e-01	1.668771e-01
5.283736e-01	1.041882e-01	2.267214e-01
5.619891e-01	1.015037e-01	1.758951e-01
5.112962e-01	7.105969e-02	1.342497e-01
5.754430e-01	6.133901e-02	7.436065e-02
5.440262e-01	6.977159e-01	-2.742868e-01
5.383884e-01	7.118959e-01	-2.583866e-01
5.351058e-01	7.116079e-01	-2.584347e-01
5.315250e-01	7.113866e-01	-2.583994e-01
5.488715e-01	7.129506e-01	-2.635219e-01
5.528811e-01	7.132688e-01	-2.635535e-01
5.564908e-01	7.134749e-01	-2.635193e-01
5.286028e-01	7.060734e-01	-1.385862e-01
5.628805e-01	7.072862e-01	-1.654192e-01
5.383999e-01	6.818926e-01	-2.265483e-01
5.520588e-01	6.833748e-01	-2.332388e-01
5.087615e-01	6.410060e-01	-2.257951e-02
5.897213e-01	6.350869e-01	-7.162251e-02
5.120742e-01	6.219474e-01	1.075157e-01
5.961270e-01	6.099219e-01	1.032729e-01
5.189353e-01	5.874922e-01	2.073286e-01
6.004330e-01	5.592929e-01	2.552544e-01
5.194106e-01	5.747265e-01	2.243153e-01
6.027488e-01	5.486138e-01	2.772342e-01
5.234830e-01	5.739583e-01	1.966192e-01
6.009598e-01	5.506155e-01	2.537892e-01
5.248240e-01	5.740156e-01	1.983697e-01
5.992295e-01	5.514606e-01	2.508396e-01
5.181435e-01	3.999181e-01	1.090027e-02
5.681543e-01	3.963051e-01	-1.108185e-02
5.211403e-01	2.537255e-01	6.426922e-02
5.661429e-01	2.539021e-01	1.831605e-02
5.234944e-01	1.241932e-01	2.122672e-01
5.663248e-01	1.209611e-01	1.706492e-01
5.289868e-01	1.029457e-01	2.219553e-01
5.616663e-01	1.007040e-01	1.802289e-01
5.109268e-01	7.109851e-02	1.331302e-01
5.754682e-01	6.132631e-02	7.880510e-02
5.442477e-01	6.826479e-01	-2.511727e-01
5.386676e-01	6.975012e-01	-2.356136e-01
5.352042e-01	6.975917e-01	-2.356379e-01
5.316917e-01	6.978248e-01	-2.355742e-01
5.493938e-01	6.976951e-01	-2.432415e-01
5.534788e-01	6.977543e-01	-2.433067e-01
5.571100e-01	6.977763e-01	-2.433080e-01
5.285829e-01	6.939914e-01	-1.200270e-01
5.630873e-01	6.923922e-01	-1.600764e-01
5.383878e-01	6.685004e-01	-2.051491e-01
5.520474e-01	6.690339e-01	-2.148461e-01
5.092494e-01	6.321042e-01	-1.413965e-02
5.891199e-01	6.272050e-01	-7.347007e-02
5.150550e-01	6.196268e-01	1.006851e-01
5.946683e-01	6.092316e-01	8.252726e-02
5.207991e-01	5.869451e-01	1.693209e-01
5.962562e-01	5.628271e-01	2.355999e-01
5.201223e-01	5.783053e-01	1.815395e-01
5.987715e-01	5.584428e-01	2.544977e-01
5.240086e-01	5.782029e-01	1.548807e-01
5.964748e-01	5.565825e-01	2.341599e-01
5.259866e-01	5.771735e-01	1.596369e-01
5.917892e-01	5.607355e-01	2.323195e-01
5.180483e-01	3.929792e-01	1.321570e-02
5.670906e-01	3.883742e-01	-1.334828e-02
5.217193e-01	2.497374e-01	7.408988e-02
5.652221e-01	2.483682e-01	2.081680e-02
5.242297e-01	1.236248e-01	2.161942e-01
5.661929e-01	1.203101e-01	1.725374e-01
5.293659e-01	1.023298e-01	2.254458e-01
5.609614e-01	1.004297e-01	1.822791e-01
5.110197e-01	7.107779e-02	1.354570e-01
5.757207e-01	6.110147e-02	7.870500e-02
5.448890e-01	6.679185e-01	-1.981804e-01
5.393315e-01	6.824729e-01	-1.810351e-01
5.357255e-01	6.827244e-01	-1.810717e-01
5.321857e-01	6.830923e-01	-1.810103e-01
5.503362e-01	6.822373e-01	-1.870374e-01
5.543512e-01	6.820899e-01	-1.871247e-01
5.579603e-01	6.818442e-01	-1.871153e-01
5.288881e-01	6.806254e-01	-6.844749e-02
5.632187e-01	6.770271e-01	-9.742276e-02
5.386301e-01	6.534480e-01	-1.544357e-01
5.524350e-01	6.541223e-01	-1.622830e-01
5.105141e-01	6.191473e-01	-2.478983e-03
5.884557e-01	6.134087e-01	-7.160820e-02
5.175595e-01	6.187937e-01	-1.037553e-02
5.946965e-01	5.988266e-01	-1.981336e-01
5.233597e-01	5.893497e-01	-3.792291e-02
5.928171e-01	5.745397e-01	-3.515880e-01
5.220876e-01	5.834519e-01	-4.969684e-02
5.965303e-01	5.710786e-01	-3.880063e-01
5.252231e-01	5.813860e-01	-6.309564e-02
5.904928e-01	5.706295e-01	-3.865836e-01
5.299779e-01	5.798370e-01	-4.528172e-02
5.878908e-01	5.736458e-01	-3.563823e-01
5.185645e-01	3.827035e-01	1.743888e-02
5.669089e-01	3.766365e-01	-1.744734e-02
5.220628e-01	2.422158e-01	6.779538e-02
5.645092e-01	2.386910e-01	2.942178e-02
5.253402e-01	1.220874e-01	2.133054e-01
5.658120e-01	1.190490e-01	1.820185e-01
5.306367e-01	1.005593e-01	2.229685e-01
5.605151e-01	9.917840e-02	1.920582e-01
5.109528e-01	7.098741e-02	1.287201e-01
5.757444e-01	6.099655e-02	9.025268e-02
5.450384e-01	6.543030e-01	-1.878406e-01
5.394879e-01	6.687019e-01	-1.744016e-01
5.357974e-01	6.688530e-01	-1.744243e-01
5.323252e-01	6.692023e-01	-1.743626e-01
5.505401e-01	6.681902e-01	-1.785175e-01
5.545467e-01	6.680549e-01	-1.785535e-01
5.581585e-01	6.679652e-01	-1.784585e-01
5.289790e-01	6.648268e-01	-7.843907e-02
5.633424e-01	6.629442e-01	-9.926576e-02
5.387272e-01	6.391526e-01	-1.510260e-01
5.525483e-01	6.392348e-01	-1.563392e-01
5.122648e-01	6.042594e-01	-6.585896e-02
5.870811e-01	6.003951e-01	-1.014961e-01
5.143100e-01	6.179289e-01	-2.934690e-01
5.906192e-01	5.988208e-01	-3.546580e-01
5.211323e-01	5.974119e-01	-5.226178e-01
5.856239e-01	5.806233e-01	-5.918021e-01
5.182940e-01	5.934726e-01	-5.783848e-01
5.899931e-01	5.803699e-01	-6.491695e-01
5.227426e-01	5.860922e-01	-5.776787e-01
5.818936e-01	5.769957e-01	-6.464810e-01
5.268924e-01	5.841005e-01	-5.315804e-01
5.789794e-01	5.750494e-01	-6.012284e-01
5.188729e-01	3.693640e-01	1.721122e-02
5.667645e-01	3.653387e-01	-1.723379e-02
5.232109e-01	2.355262e-01	8.099753e-02
5.632741e-01	2.344818e-01	5.014102e-02
5.261592e-01	1.213502e-01	2.320734e-01
5.656551e-01	1.185222e-01	2.056774e-01
5.310099e-01	1.006156e-01	2.409666e-01
5.605955e-01	9.923335e-02	2.149647e-01
5.113453e-01	7.096069e-02	1.468642e-01
5.756146e-01	6.167324e-02	1.131729e-01
5.449281e-01	6.430318e-01	-1.936407e-01
5.394087e-01	6.587906e-01	-1.795311e-01
5.355957e-01	6.586614e-01	-1.795721e-01
5.322217e-01	6.584527e-01	-1.795518e-01
5.503942e-01	6.586294e-01	-1.823240e-01
5.543743e-01	6.586694e-01	-1.823692e-01
5.579864e-01	6.583404e-01	-1.822779e-01
5.288438e-01	6.505407e-01	-8.573497e-02
5.633079e-01	6.496509e-01	-1.003557e-01
5.386441e-01	6.261875e-01	-1.581532e-01
5.524671e-01	6.261020e-01	-1.617543e-01
5.125110e-01	5.784796e-01	-8.313952e-02
5.870997e-01	5.745988e-01	-1.014401e-01
5.141340e-01	5.914222e-01	-3.107795e-01
5.912952e-01	5.701061e-01	-3.380094e-01
5.239552e-01	5.870782e-01	-5.369931e-01
5.829138e-01	5.730782e-01	-5.754312e-01
5.225699e-01	5.819348e-01	-5.935478e-01
5.853980e-01	5.722470e-01	-6.334635e-01
5.266906e-01	5.761880e-01	-5.905888e-01
5.794541e-01	5.722259e-01	-6.280533e-01
5.302044e-01	5.732617e-01	-5.450091e-01
5.775243e-01	5.692028e-01	-5.839701e-01
5.193892e-01	3.564852e-01	1.429888e-02
5.667859e-01	3.522674e-01	-1.430441e-02
5.237284e-01	2.255553e-01	9.294747e-02
5.611349e-01	2.284295e-01	5.304056e-02
5.266966e-01	1.186531e-01	2.589028e-01
5.647700e-01	1.180669e-01	2.126428e-01
5.315492e-01	9.958802e-02	2.691603e-01
5.601718e-01	9.927838e-02	2.221094e-01
5.115480e-01	7.040257e-02	1.773305e-01
5.750300e-01	6.217369e-02	1.206044e-01
5.445399e-01	6.285834e-01	-1.961659e-01
5.393026e-01	6.431982e-01	-1.811655e-01
5.354684e-01	6.430736e-01	-1.811874e-01
5.321540e-01	6.429520e-01	-1.811637e-01
5.503593e-01	6.440455e-01	-1.858961e-01
5.543157e-01	6.444296e-01	-1.859439e-01
5.579156e-01	6.448763e-01	-1.858461e-01
5.287479e-01	6.367686e-01	-8.313343e-02
5.632407e-01	6.377858e-01	-1.057429e-01
5.385950e-01	6.104570e-01	-1.586197e-01
5.522105e-01	6.113489e-01	-1.648747e-01
5.131637e-01	5.687547e-01	-6.556477e-02
5.865287e-01	5.641286e-01	-1.045119e-01
5.134950e-01	5.696046e-01	-2.539198e-01
5.916914e-01	5.435802e-01	-3.332865e-01
5.212975e-01	5.862212e-01	-4.774373e-01
5.859089e-01	5.678524e-01	-5.801291e-01
5.200356e-01	5.772147e-01	-5.298040e-01
5.876848e-01	5.721554e-01	-6.397067e-01
5.246843e-01	5.755761e-01	-5.337320e-01
5.826622e-01	5.742264e-01	-6.358721e-01
5.282146e-01	5.699456e-01	-4.879228e-01
5.796655e-01	5.696205e-01	-5.889832e-01
5.194751e-01	3.530197e-01	1.448080e-02
5.655032e-01	3.491385e-01	-1.445123e-02
5.236715e-01	2.250872e-01	9.736929e-02
5.604506e-01	2.259294e-01	5.090991e-02
5.266130e-01	1.187976e-01	2.631042e-01
5.636795e-01	1.180808e-01	1.790588e-01
5.314924e-01	1.003395e-01	2.735298e-01
5.591562e-01	9.984059e-02	1.862868e-01
5.114889e-01	7.029781e-02	1.894077e-01
5.745764e-01	6.259493e-02	8.716769e-02
5.435287e-01	6.169493e-01	-1.911630e-01
5.384834e-01	6.309577e-01	-1.770839e-01
5.350193e-01	6.306744e-01	-1.771133e-01
5.316955e-01	6.302868e-01	-1.771032e-01
5.498472e-01	6.320469e-01	-1.811098e-01
5.537032e-01	6.323904e-01	-1.811531e-01
5.575570e-01	6.325594e-01	-1.810375e-01
5.286376e-01	6.234922e-01	-8.460449e-02
5.631772e-01	6.240599e-01	-1.049556e-01
5.380875e-01	5.977285e-01	-1.561928e-01
5.515482e-01	5.985372e-01	-1.616831e-01
5.135276e-01	5.568881e-01	-7.491788e-02
5.851722e-01	5.496252e-01	-1.035389e-01
5.149518e-01	5.594484e-01	-2.857161e-01
5.909195e-01	5.290352e-01	-3.264834e-01
5.197420e-01	5.855016e-01	-5.099741e-01
5.854709e-01	5.591621e-01	-5.694683e-01
5.193464e-01	5.758405e-01	-5.645022e-01
5.864865e-01	5.662043e-01	-6.292751e-01
5.241713e-01	5.736516e-01	-5.660436e-01
5.838140e-01	5.670017e-01	-6.252689e-01
5.272210e-01	5.693644e-01	-5.196832e-01
5.798984e-01	5.642661e-01	-5.786474e-01
5.197822e-01	3.449287e-01	1.421884e-02
5.654598e-01	3.428066e-01	-1.419515e-02
5.239286e-01	2.232148e-01	1.028761e-01
5.594803e-01	2.220896e-01	4.531046e-02
5.265802e-01	1.186456e-01	2.657692e-01
5.632839e-01	1.160002e-01	1.688973e-01
5.313951e-01	1.003677e-01	2.759585e-01
5.586485e-01	9.922067e-02	1.756632e-01
5.107948e-01	7.030097e-02	1.904873e-01
5.739106e-01	6.248082e-02	7.479862e-02
5.430877e-01	6.041022e-01	-1.976336e-01
5.380640e-01	6.188575e-01	-1.833605e-01
5.348278e-01	6.183717e-01	-1.833868e-01
5.314280e-01	6.178403e-01	-1.833878e-01
5.496981e-01	6.201433e-01	-1.877411e-01
5.535843e-01	6.205018e-01	-1.877847e-01
5.575330e-01	6.205311e-01	-1.876623e-01
5.283370e-01	6.106732e-01	-8.811251e-02
5.631438e-01	6.124585e-01	-1.086493e-01
5.376863e-01	5.841601e-01	-1.617172e-01
5.511965e-01	5.856805e-01	-1.676734e-01
5.135068e-01	5.428762e-01	-7.527678e-02
5.839498e-01	5.362074e-01	-1.108166e-01
5.147748e-01	5.435252e-01	-2.729427e-01
5.923765e-01	5.131750e-01	-3.310731e-01
5.189347e-01	5.724982e-01	-4.856161e-01
5.841500e-01	5.467938e-01	-5.734268e-01
5.188627e-01	5.735763e-01	-5.369853e-01
5.874534e-01	5.645351e-01	-6.337203e-01
5.241858e-01	5.714879e-01	-5.365241e-01
5.833466e-01	5.634177e-01	-6.262292e-01
5.268733e-01	5.689730e-01	-4.941104e-01
5.806803e-01	5.627428e-01	-5.812210e-01
5.212044e-01	3.344049e-01	1.756473e-02
5.655144e-01	3.325506e-01	-1.748040e-02
5.240787e-01	2.181065e-01	1.281695e-01
5.594358e-01	2.167632e-01	3.726973e-02
5.265085e-01	1.185952e-01	3.039847e-01
5.636002e-01	1.126570e-01	1.621822e-01
5.313672e-01	1.006553e-01	3.161404e-01
5.590366e-01	9.729327e-02	1.693299e-01
5.103567e-01	7.070047e-02	2.385286e-01
5.739330e-01	6.207592e-02	6.994002e-02
5.420711e-01	5.935037e-01	-1.987898e-01
5.373498e-01	6.087367e-01	-1.847440e-01
5.343916e-01	6.083596e-01	-1.847468e-01
5.308200e-01	6.078879e-01	-1.847363e-01
5.487782e-01	6.100128e-01	-1.896969e-01
5.528707e-01	6.102620e-01	-1.897475e-01
5.569322e-01	6.104046e-01	-1.896210e-01
5.280266e-01	6.012968e-01	-9.019073e-02
5.629615e-01	6.026386e-01	-1.149822e-01
5.368931e-01	5.728246e-01	-1.639388e-01
5.502638e-01	5.751469e-01	-1.703369e-01
5.135166e-01	5.335448e-01	-8.052618e-02
5.829489e-01	5.299367e-01	-1.289713e-01
5.140507e-01	5.359955e-01	-2.789639e-01
5.938596e-01	5.109087e-01	-3.586397e-01
5.147913e-01	5.614420e-01	-4.867981e-01
5.831544e-01	5.436786e-01	-5.823204e-01
5.173005e-01	5.698284e-01	-5.385403e-01
5.844661e-01	5.617785e-01	-6.416202e-01
5.238689e-01	5.703623e-01	-5.355318e-01
5.806211e-01	5.616038e-01	-6.347388e-01
5.253922e-01	5.640411e-01	-4.946244e-01
5.782515e-01	5.596741e-01	-5.898544e-01
5.217562e-01	3.312778e-01	1.693688e-02
5.656369e-01	3.293159e-01	-1.687430e-02
5.240317e-01	2.197687e-01	1.100100e-01
5.597315e-01	2.173331e-01	3.501961e-02
5.264558e-01	1.186405e-01	2.806253e-01
5.636716e-01	1.127162e-01	1.634519e-01
5.313554e-01	1.015405e-01	2.917070e-01
5.591143e-01	9.812914e-02	1.714286e-01
5.103433e-01	7.065591e-02	2.115769e-01
5.736536e-01	6.228994e-02	7.785724e-02
5.417526e-01	5.836307e-01	-1.933715e-01
5.369629e-01	5.987429e-01	-1.795855e-01
5.340853e-01	5.982738e-01	-1.795882e-01
5.303630e-01	5.978305e-01	-1.795827e-01
5.484333e-01	6.001453e-01	-1.833986e-01
5.525836e-01	6.004339e-01	-1.834441e-01
5.566443e-01	6.005439e-01	-1.833130e-01
5.273753e-01	5.910665e-01	-9.114548e-02
5.627463e-01	5.930274e-01	-1.114213e-01
5.363975e-01	5.634857e-01	-1.606244e-01
5.498865e-01	5.660274e-01	-1.656865e-01
5.135593e-01	5.262377e-01	-8.540656e-02
5.804067e-01	5.246572e-01	-1.221791e-01
5.136641e-01	5.286583e-01	-2.976890e-01
5.906343e-01	5.078478e-01	-3.546174e-01
5.140335e-01	5.511345e-01	-5.084391e-01
5.778452e-01	5.402717e-01	-5.801846e-01
5.172224e-01	5.604112e-01	-5.615801e-01
5.798842e-01	5.611931e-01	-6.381683e-01
5.234737e-01	5.602899e-01	-5.595005e-01
5.774461e-01	5.599720e-01	-6.340231e-01
5.252231e-01	5.545362e-01	-5.168331e-01
5.745510e-01	5.521758e-01	-5.892761e-01
5.217539e-01	3.257465e-01	1.547903e-02
5.657353e-01	3.246728e-01	-1.536221e-02
5.239042e-01	2.166692e-01	9.235376e-02
5.599082e-01	2.164453e-01	2.365378e-02
5.263963e-01	1.186854e-01	2.729912e-01
5.632747e-01	1.130255e-01	1.595635e-01
5.312082e-01	1.017708e-01	2.842562e-01
5.589108e-01	9.850813e-02	1.671290e-01
5.104023e-01	7.063924e-02	1.942458e-01
5.734205e-01	6.229491e-02	7.047977e-02
5.412043e-01	5.755607e-01	-1.912033e-01
5.364065e-01	5.901608e-01	-1.767914e-01
5.334392e-01	5.896563e-01	-1.767941e-01
5.296309e-01	5.891397e-01	-1.767875e-01
5.477894e-01	5.915713e-01	-1.815064e-01
5.519592e-01	5.917683e-01	-1.815470e-01
5.559626e-01	5.917655e-01	-1.814264e-01
5.266851e-01	5.821543e-01	-8.887538e-02
5.623094e-01	5.839738e-01	-1.110070e-01
5.359674e-01	5.558815e-01	-1.579121e-01
5.493475e-01	5.575890e-01	-1.640352e-01
5.138298e-01	5.180252e-01	-7.779123e-02
5.792082e-01	5.172111e-01	-1.259437e-01
5.140381e-01	5.191926e-01	-2.768868e-01
5.885339e-01	5.024523e-01	-3.573693e-01
5.148148e-01	5.418140e-01	-4.870428e-01
5.760979e-01	5.332212e-01	-5.718011e-01
5.171429e-01	5.515305e-01	-5.384135e-01
5.783154e-01	5.521045e-01	-6.280168e-01
5.232587e-01	5.507720e-01	-5.356475e-01
5.764264e-01	5.515835e-01	-6.226490e-01
5.254433e-01	5.455045e-01	-4.952397e-01
5.736063e-01	5.419358e-01	-5.797203e-01
5.231045e-01	3.182733e-01	1.772270e-02
5.662238e-01	3.185056e-01	-1.761638e-02
5.238823e-01	2.152959e-01	8.699873e-02
5.600530e-01	2.160324e-01	1.868554e-02
5.263393e-01	1.186349e-01	2.687130e-01
5.631481e-01	1.130584e-01	1.632318e-01
5.310739e-01	1.018193e-01	2.812981e-01
5.588996e-01	9.900492e-02	1.714581e-01
5.099419e-01	7.035647e-02	1.889473e-01
5.732812e-01	6.227035e-02	7.342096e-02
5.408207e-01	5.673695e-01	-1.891522e-01
5.359437e-01	5.820314e-01	-1.754592e-01
5.327903e-01	5.814502e-01	-1.754541e-01
5.289577e-01	5.807291e-01	-1.754441e-01
5.472114e-01	5.837546e-01	-1.791410e-01
5.514252e-01	5.840144e-01	-1.791743e-01
5.554214e-01	5.841014e-01	-1.790517e-01
5.259923e-01	5.742581e-01	-8.966728e-02
5.619549e-01	5.767075e-01	-1.078621e-01
5.357567e-01	5.472614e-01	-1.565556e-01
5.490894e-01	5.498464e-01	-1.612736e-01
5.137452e-01	5.149471e-01	-8.088831e-02
5.782031e-01	5.147607e-01	-1.204712e-01
5.138618e-01	5.132533e-01	-2.890769e-01
5.885188e-01	5.018132e-01	-3.451961e-01
5.144635e-01	5.381142e-01	-4.979642e-01
5.772872e-01	5.294766e-01	-5.518424e-01
5.167913e-01	5.412557e-01	-5.493441e-01
5.784803e-01	5.458646e-01	-6.050904e-01
5.230529e-01	5.415227e-01	-5.447108e-01
5.756457e-01	5.443410e-01	-5.995687e-01
5.253881e-01	5.377777e-01	-5.052187e-01
5.731314e-01	5.363590e-01	-5.592937e-01
5.230412e-01	3.207523e-01	1.542430e-02
5.662338e-01	3.195027e-01	-1.527020e-02
5.225061e-01	2.172831e-01	5.370948e-02
5.601054e-01	2.170874e-01	1.552466e-02
5.259611e-01	1.206347e-01	2.192463e-01
5.631095e-01	1.139492e-01	1.625034e-01
5.308272e-01	1.049182e-01	2.294054e-01
5.587258e-01	9.996756e-02	1.710625e-01
5.106788e-01	7.034925e-02	1.488276e-01
5.732888e-01	6.227060e-02	7.439200e-02
5.406079e-01	5.593641e-01	-1.800039e-01
5.354969e-01	5.737304e-01	-1.668546e-01
5.321147e-01	5.730375e-01	-1.668496e-01
5.282711e-01	5.724226e-01	-1.668416e-01
5.469004e-01	5.757594e-01	-1.690204e-01
5.511755e-01	5.761808e-01	-1.690502e-01
5.551797e-01	5.763827e-01	-1.689283e-01
5.251569e-01	5.651969e-01	-8.754636e-02
5.615701e-01	5.687577e-01	-9.767034e-02
5.355492e-01	5.389217e-01	-1.496041e-01
5.490017e-01	5.420284e-01	-1.522435e-01
5.137274e-01	5.056551e-01	-8.266430e-02
5.778282e-01	5.072546e-01	-1.173410e-01
5.136893e-01	5.079297e-01	-2.894389e-01
5.902847e-01	4.964151e-01	-3.245279e-01
5.147127e-01	5.300345e-01	-4.873683e-01
5.782503e-01	5.235663e-01	-5.147362e-01
5.166530e-01	5.342709e-01	-5.364665e-01
5.800773e-01	5.391683e-01	-5.636550e-01
5.231625e-01	5.334853e-01	-5.302338e-01
5.758077e-01	5.359226e-01	-5.579363e-01
5.254524e-01	5.278922e-01	-4.935656e-01
5.733164e-01	5.273456e-01	-5.211684e-01
5.230373e-01	3.151117e-01	1.285054e-02
5.663236e-01	3.150154e-01	-1.266531e-02
5.223308e-01	2.180052e-01	9.434176e-03
5.607997e-01	2.179231e-01	-1.142549e-02
5.258816e-01	1.215929e-01	1.607645e-01
5.630337e-01	1.158890e-01	1.320604e-01
5.306762e-01	1.054934e-01	1.695875e-01
5.586592e-01	1.018912e-01	1.408747e-01
5.114269e-01	7.025225e-02	8.798955e-02
5.730044e-01	6.238711e-02	5.013531e-02
5.405198e-01	5.531129e-01	-1.623776e-01
5.352915e-01	5.675575e-01	-1.491213e-01
5.317757e-01	5.668361e-01	-1.491245e-01
5.279188e-01	5.661573e-01	-1.491025e-01
5.466681e-01	5.694676e-01	-1.503632e-01
5.509416e-01	5.698041e-01	-1.503792e-01
5.549124e-01	5.699241e-01	-1.502634e-01
5.246160e-01	5.590527e-01	-7.375598e-02
5.613070e-01	5.622434e-01	-7.889582e-02
5.354866e-01	5.325677e-01	-1.336564e-01
5.488881e-01	5.356765e-01	-1.350012e-01
5.136722e-01	5.011849e-01	-7.965528e-02
5.772336e-01	5.014235e-01	-9.270577e-02
5.136171e-01	5.031914e-01	-2.864551e-01
5.904888e-01	4.927987e-01	-3.206560e-01
5.146126e-01	5.241346e-01	-4.766015e-01
5.787853e-01	5.184581e-01	-4.960991e-01
5.166382e-01	5.273441e-01	-5.231162e-01
5.794821e-01	5.327707e-01	-5.377036e-01
5.230904e-01	5.268469e-01	-5.162326e-01
5.752253e-01	5.290955e-01	-5.250975e-01
5.253701e-01	5.213562e-01	-4.818759e-01
5.730653e-01	5.223541e-01	-4.973660e-01
5.219796e-01	3.146309e-01	6.740291e-03
5.655584e-01	3.146257e-01	-6.514846e-03
5.214080e-01	2.184381e-01	-9.226470e-02
5.612963e-01	2.237549e-01	-1.117269e-01
5.256326e-01	1.216356e-01	4.221318e-02
5.628670e-01	1.174158e-01	1.611540e-02
5.303108e-01	1.051319e-01	4.906731e-02
5.585197e-01	1.025585e-01	2.350881e-02
5.114384e-01	7.023764e-02	-3.551757e-02
5.729955e-01	6.287876e-02	-6.658483e-02
5.404729e-01	5.487910e-01	-1.685627e-01
5.351049e-01	5.632445e-01	-1.557527e-01
5.314068e-01	5.625091e-01	-1.557470e-01
5.274883e-01	5.617848e-01	-1.557355e-01
5.465347e-01	5.654177e-01	-1.571050e-01
5.508326e-01	5.657811e-01	-1.571312e-01
5.547975e-01	5.659727e-01	-1.569984e-01
5.239370e-01	5.548943e-01	-7.883193e-02
5.611447e-01	5.580354e-01	-8.643918e-02
5.354421e-01	5.278391e-01	-1.395154e-01
5.488499e-01	5.314719e-01	-1.412420e-01
5.136400e-01	4.955233e-01	-8.301689e-02
5.765489e-01	4.971709e-01	-9.577210e-02
5.135272e-01	4.933787e-01	-2.844558e-01
5.929270e-01	4.910026e-01	-3.115800e-01
5.141136e-01	5.163535e-01	-4.728648e-01
5.790914e-01	5.153554e-01	-4.926371e-01
5.152782e-01	5.205079e-01	-5.203083e-01
5.799894e-01	5.272453e-01	-5.373557e-01
5.223487e-01	5.206052e-01	-5.140620e-01
5.742801e-01	5.234029e-01	-5.250142e-01
5.248111e-01	5.147187e-01	-4.785860e-01
5.721566e-01	5.171682e-01	-4.965497e-01
5.214204e-01	3.123616e-01	5.674632e-03
5.647228e-01	3.104512e-01	-5.451583e-03
5.211452e-01	2.158796e-01	-1.963617e-02
5.613164e-01	2.232696e-01	-5.173310e-02
5.252453e-01	1.219567e-01	1.332321e-01
5.628235e-01	1.176862e-01	8.879276e-02
5.296386e-01	1.055655e-01	1.420846e-01
5.584475e-01	1.029545e-01	9.732839e-02
5.114350e-01	7.004794e-02	5.998873e-02
5.731055e-01	6.300971e-02	5.861383e-03
5.404369e-01	5.464812e-01	-1.544821e-01
5.348940e-01	5.608416e-01	-1.418554e-01
5.310571e-01	5.599309e-01	-1.418480e-01
5.270650e-01	5.590186e-01	-1.418349e-01
5.464197e-01	5.629236e-01	-1.430800e-01
5.507606e-01	5.631950e-01	-1.430996e-01
5.547677e-01	5.633187e-01	-1.429654e-01
5.233274e-01	5.511808e-01	-7.083334e-02
5.611309e-01	5.550508e-01	-7.693854e-02
5.354192e-01	5.250961e-01	-1.275309e-01
5.488462e-01	5.288669e-01	-1.291535e-01
5.136154e-01	4.893280e-01	-8.272787e-02
5.767039e-01	4.930282e-01	-8.671241e-02
5.132782e-01	4.872401e-01	-2.721669e-01
5.939087e-01	4.860141e-01	-2.857585e-01
5.132815e-01	5.081484e-01	-4.574153e-01
5.790776e-01	5.097223e-01	-4.563530e-01
5.141931e-01	5.135626e-01	-5.057638e-01
5.797514e-01	5.212968e-01	-4.988696e-01
5.214362e-01	5.134277e-01	-5.071968e-01
5.728419e-01	5.182148e-01	-4.894148e-01
5.239018e-01	5.084336e-01	-4.662167e-01
5.708066e-01	5.125520e-01	-4.605539e-01
5.210449e-01	3.108714e-01	3.808704e-03
5.643770e-01	3.078076e-01	-3.568007e-03
5.210297e-01	2.165163e-01	-8.063628e-02
5.612475e-01	2.232395e-01	-9.850442e-02
5.246814e-01	1.226590e-01	4.952742e-02
5.623827e-01	1.189149e-01	2.644854e-02
5.288229e-01	1.065497e-01	5.610634e-02
5.574377e-01	1.039920e-01	3.367146e-02
5.114827e-01	7.019297e-02	-2.770961e-02
5.730342e-01	6.358782e-02	-5.368956e-02
5.402375e-01	5.437016e-01	-1.521958e-01
5.344777e-01	5.582715e-01	-1.389683e-01
5.305054e-01	5.573429e-01	-1.389543e-01
5.264450e-01	5.564577e-01	-1.389279e-01
5.458166e-01	5.607535e-01	-1.404702e-01
5.501184e-01	5.613428e-01	-1.404877e-01
5.541684e-01	5.615961e-01	-1.403582e-01
5.229713e-01	5.486981e-01	-6.700699e-02
5.610578e-01	5.531579e-01	-7.411508e-02
5.353871e-01	5.225977e-01	-1.250282e-01
5.487454e-01	5.267268e-01	-1.269970e-01
5.135933e-01	4.867173e-01	-7.785968e-02
5.769633e-01	4.912893e-01	-8.581606e-02
5.126939e-01	4.837868e-01	-2.686393e-01
5.961581e-01	4.861588e-01	-2.844833e-01
5.125439e-01	5.059300e-01	-4.516594e-01
5.785232e-01	5.078672e-01	-4.512097e-01
5.134093e-01	5.094286e-01	-4.985596e-01
5.783142e-01	5.186080e-01	-4.930407e-01
5.211420e-01	5.101334e-01	-5.033604e-01
5.704173e-01	5.153708e-01	-4.822350e-01
5.235529e-01	5.049210e-01	-4.594441e-01
5.685085e-01	5.091758e-01	-4.543428e-01
5.207590e-01	3.106758e-01	3.700953e-03
5.643476e-01	3.076431e-01	-3.447684e-03
5.210426e-01	2.172424e-01	-1.069677e-01
5.612229e-01	2.244309e-01	-1.292019e-01
5.245097e-01	1.230750e-01	1.342239e-02
5.621036e-01	1.198761e-01	-1.575963e-02
5.283924e-01	1.069923e-01	1.906891e-02
5.574471e-01	1.047882e-01	-9.526397e-03
5.117108e-01	7.032827e-02	-6.480902e-02
5.728103e-01	6.411038e-02	-9.871931e-02
5.399436e-01	5.416724e-01	-1.520287e-01
5.341595e-01	5.563878e-01	-1.381628e-01
5.301168e-01	5.556691e-01	-1.381637e-01
5.260490e-01	5.550175e-01	-1.381397e-01
5.453581e-01	5.586776e-01	-1.400339e-01
5.496608e-01	5.592784e-01	-1.400487e-01
5.537361e-01	5.595054e-01	-1.399242e-01
5.227010e-01	5.477343e-01	-6.437396e-02
5.609193e-01	5.510563e-01	-7.291751e-02
5.352787e-01	5.207499e-01	-1.243937e-01
5.485263e-01	5.247380e-01	-1.267368e-01
5.135401e-01	4.858283e-01	-7.601298e-02
5.766892e-01	4.887099e-01	-8.621673e-02
5.125630e-01	4.851728e-01	-2.720815e-01
5.958121e-01	4.843008e-01	-2.868598e-01
5.122150e-01	5.059646e-01	-4.545108e-01
5.776871e-01	5.063398e-01	-4.578715e-01
5.130754e-01	5.082342e-01	-4.994358e-01
5.779619e-01	5.169526e-01	-5.007252e-01
5.210584e-01	5.086726e-01	-4.962052e-01
5.702538e-01	5.135977e-01	-4.919702e-01
5.235147e-01	5.036369e-01	-4.600138e-01
5.681438e-01	5.071977e-01	-4.621684e-01
5.200666e-01	3.086598e-01	3.664513e-03
5.638746e-01	3.055833e-01	-3.412114e-03
5.207196e-01	2.174372e-01	-1.179759e-01
5.612339e-01	2.244516e-01	-1.405312e-01
5.240690e-01	1.232961e-01	4.440322e-03
5.619627e-01	1.204406e-01	-2.942459e-02
5.278482e-01	1.071814e-01	1.016849e-02
5.574472e-01	1.050337e-01	-2.356533e-02
5.116867e-01	7.054213e-02	-7.154747e-02
5.727448e-01	6.458025e-02	-1.115787e-01
5.399502e-01	5.404570e-01	-1.546743e-01
5.341724e-01	5.565466e-01	-1.420320e-01
5.301349e-01	5.559111e-01	-1.420204e-01
5.260950e-01	5.553206e-01	-1.419933e-01
5.453601e-01	5.585653e-01	-1.438541e-01
5.496620e-01	5.589303e-01	-1.438770e-01
5.537423e-01	5.589116e-01	-1.437449e-01
5.225809e-01	5.479684e-01	-6.863348e-02
5.608771e-01	5.509244e-01	-7.751444e-02
5.352787e-01	5.211552e-01	-1.269020e-01
5.485276e-01	5.245816e-01	-1.291783e-01
5.135096e-01	4.894635e-01	-7.534751e-02
5.768305e-01	4.911157e-01	-8.901275e-02
5.124565e-01	4.893721e-01	-2.725595e-01
5.961472e-01	4.856576e-01	-2.891323e-01
5.132340e-01	5.050350e-01	-4.568337e-01
5.777987e-01	5.039807e-01	-4.618947e-01
5.143502e-01	5.080034e-01	-5.016932e-01
5.776587e-01	5.142547e-01	-5.052382e-01
5.221061e-01	5.066710e-01	-4.947785e-01
5.690869e-01	5.105143e-01	-4.958721e-01
5.243532e-01	5.011464e-01	-4.615288e-01
5.670962e-01	5.041344e-01	-4.661301e-01
5.196221e-01	3.100888e-01	4.127454e-03
5.636763e-01	3.061173e-01	-3.887276e-03
5.201140e-01	2.176775e-01	-6.247171e-02
5.612430e-01	2.237615e-01	-9.873272e-02
5.238934e-01	1.235386e-01	6.150364e-02
5.619141e-01	1.205972e-01	3.424061e-02
5.277173e-01	1.071692e-01	6.706412e-02
5.574043e-01	1.049927e-01	4.084932e-02
5.116823e-01	7.132347e-02	-1.281757e-02
5.727848e-01	6.513305e-02	-4.898981e-02
5.399591e-01	5.420713e-01	-1.571800e-01
5.341826e-01	5.583940e-01	-1.450480e-01
5.301501e-01	5.576312e-01	-1.450302e-01
5.261114e-01	5.568499e-01	-1.450072e-01
5.453689e-01	5.601515e-01	-1.466367e-01
5.496670e-01	5.603704e-01	-1.466657e-01
5.537680e-01	5.602718e-01	-1.465312e-01
5.224116e-01	5.492824e-01	-6.975428e-02
5.608741e-01	5.524539e-01	-8.030399e-02
5.352787e-01	5.230460e-01	-1.295121e-01
5.485661e-01	5.259193e-01	-1.315389e-01
5.132498e-01	4.914841e-01	-7.528839e-02
5.769352e-01	4.926754e-01	-9.044133e-02
5.121041e-01	4.910701e-01	-2.702930e-01
5.980065e-01	4.848352e-01	-2.896202e-01
5.135506e-01	5.057788e-01	-4.557970e-01
5.783535e-01	5.029810e-01	-4.601393e-01
5.155269e-01	5.078292e-01	-4.990996e-01
5.778813e-01	5.125001e-01	-5.032026e-01
5.230134e-01	5.056739e-01	-4.874493e-01
5.688761e-01	5.092619e-01	-4.924815e-01
5.249591e-01	5.012382e-01	-4.576014e-01
5.669792e-01	5.032390e-01	-4.635821e-01
5.194844e-01	3.110601e-01	4.498420e-03
5.636631e-01	3.074716e-01	-4.268556e-03
5.193125e-01	2.173534e-01	-1.973050e-02
5.612384e-01	2.217354e-01	-5.367702e-02
5.238695e-01	1.235950e-01	1.117368e-01
5.617604e-01	1.206354e-01	7.336812e-02
5.277110e-01	1.073389e-01	1.181769e-01
5.572889e-01	1.050198e-01	8.052345e-02
5.117251e-01	7.152250e-02	4.094856e-02
5.727889e-01	6.532910e-02	-5.043951e-03
5.400593e-01	5.440280e-01	-1.587981e-01
5.341889e-01	5.606956e-01	-1.467205e-01
5.301631e-01	5.600584e-01	-1.467038e-01
5.261305e-01	5.593565e-01	-1.466855e-01
5.454690e-01	5.620287e-01	-1.481988e-01
5.497900e-01	5.621927e-01	-1.482307e-01
5.539683e-01	5.620423e-01	-1.480953e-01
5.222296e-01	5.513844e-01	-7.068229e-02
5.608538e-01	5.544050e-01	-8.167419e-02
5.352784e-01	5.247539e-01	-1.310955e-01
5.487300e-01	5.276136e-01	-1.330360e-01
5.128592e-01	4.908826e-01	-7.618346e-02
5.770172e-01	4.931560e-01	-9.122913e-02
5.117360e-01	4.912204e-01	-2.695861e-01
5.984357e-01	4.860352e-01	-2.899203e-01
5.136706e-01	5.058876e-01	-4.543292e-01
5.794545e-01	5.036876e-01	-4.619249e-01
5.163199e-01	5.083094e-01	-4.980168e-01
5.804287e-01	5.133587e-01	-5.054918e-01
5.234474e-01	5.063335e-01	-4.866246e-01
5.693071e-01	5.111334e-01	-4.941366e-01
5.251447e-01	5.022544e-01	-4.572358e-01
5.671880e-01	5.044318e-01	-4.645332e-01
5.193578e-01	3.111379e-01	4.607426e-03
5.635468e-01	3.080435e-01	-4.381433e-03
5.193163e-01	2.167137e-01	-1.216564e-02
5.612543e-01	2.217904e-01	-4.223026e-02
5.238277e-01	1.238054e-01	1.266696e-01
5.615296e-01	1.208589e-01	9.425844e-02
5.275955e-01	1.077511e-01	1.340981e-01
5.572225e-01	1.051557e-01	1.026449e-01
5.117264e-01	7.151964e-02	5.401417e-02
5.727764e-01	6.537156e-02	1.605791e-02
5.400629e-01	5.465453e-01	-1.679921e-01
5.341676e-01	5.627256e-01	-1.559566e-01
5.301265e-01	5.621008e-01	-1.559334e-01
5.261317e-01	5.614408e-01	-1.559174e-01
5.454553e-01	5.643269e-01	-1.574829e-01
5.497900e-01	5.645933e-01	-1.575195e-01
5.539719e-01	5.644943e-01	-1.573805e-01
5.222530e-01	5.535967e-01	-8.113027e-02
5.607755e-01	5.567821e-01	-8.988210e-02
5.352783e-01	5.271832e-01	-1.396360e-01
5.487376e-01	5.301336e-01	-1.416912e-01
5.128308e-01	4.921875e-01	-8.026026e-02
5.769924e-01	4.939214e-01	-9.892737e-02
5.116509e-01	4.932725e-01	-2.783716e-01
5.981879e-01	4.874291e-01	-3.044955e-01
5.136600e-01	5.078271e-01	-4.679832e-01
5.802625e-01	5.049688e-01	-4.937231e-01
5.162610e-01	5.107217e-01	-5.151697e-01
5.822544e-01	5.144416e-01	-5.417296e-01
5.233861e-01	5.088464e-01	-5.065848e-01
5.702915e-01	5.122066e-01	-5.321096e-01
5.251194e-01	5.036656e-01	-4.726775e-01
5.679378e-01	5.051854e-01	-4.983547e-01
5.192486e-01	3.102007e-01	4.711088e-03
5.632662e-01	3.078251e-01	-4.483041e-03
5.195879e-01	2.108128e-01	3.534326e-02
5.610855e-01	2.177804e-01	-7.564058e-03
5.238284e-01	1.238913e-01	2.042395e-01
5.614939e-01	1.207836e-01	1.458665e-01
5.276094e-01	1.080204e-01	2.149305e-01
5.572332e-01	1.051387e-01	1.561610e-01
5.117775e-01	7.141379e-02	1.391765e-01
5.727316e-01	6.534693e-02	6.897882e-02
5.401279e-01	5.476757e-01	-1.740044e-01
5.341839e-01	5.640033e-01	-1.616410e-01
5.301415e-01	5.633510e-01	-1.616259e-01
5.261708e-01	5.626320e-01	-1.616151e-01
5.454599e-01	5.652828e-01	-1.631569e-01
5.497949e-01	5.655187e-01	-1.631817e-01
5.539727e-01	5.654850e-01	-1.630315e-01
5.222715e-01	5.546471e-01	-8.541729e-02
5.602332e-01	5.573969e-01	-9.284534e-02
5.353168e-01	5.280782e-01	-1.447032e-01
5.487470e-01	5.311597e-01	-1.466419e-01
5.126222e-01	4.938079e-01	-8.243090e-02
5.763933e-01	4.953347e-01	-1.024026e-01
5.118697e-01	4.933670e-01	-2.849860e-01
5.939792e-01	4.882617e-01	-3.095574e-01
5.159791e-01	5.089265e-01	-4.813052e-01
5.802246e-01	5.058531e-01	-5.055964e-01
5.167410e-01	5.120745e-01	-5.310740e-01
5.825877e-01	5.155076e-01	-5.563170e-01
5.237468e-01	5.102783e-01	-5.240368e-01
5.705873e-01	5.134623e-01	-5.493418e-01
5.263477e-01	5.046974e-01	-4.869025e-01
5.682238e-01	5.063994e-01	-5.119082e-01
5.193216e-01	3.095314e-01	5.562601e-03
5.632759e-01	3.082145e-01	-5.356762e-03
5.200571e-01	2.078428e-01	3.899031e-02
5.610402e-01	2.145842e-01	2.326179e-02
5.238552e-01	1.238124e-01	2.095073e-01
5.613334e-01	1.205968e-01	1.860273e-01
5.276110e-01	1.080637e-01	2.204580e-01
5.572301e-01	1.051301e-01	1.971253e-01
5.118849e-01	7.106936e-02	1.465755e-01
5.725896e-01	6.532849e-02	1.125462e-01
5.402041e-01	5.535715e-01	-1.735564e-01
5.341992e-01	5.687565e-01	-1.614228e-01
5.301585e-01	5.680690e-01	-1.613965e-01
5.262170e-01	5.673200e-01	-1.613714e-01
5.454677e-01	5.707077e-01	-1.614314e-01
5.497996e-01	5.711885e-01	-1.614561e-01
5.539714e-01	5.712636e-01	-1.613153e-01
5.222796e-01	5.597041e-01	-8.424012e-02
5.600684e-01	5.637429e-01	-8.747557e-02
5.353552e-01	5.333731e-01	-1.442806e-01
5.488294e-01	5.369802e-01	-1.446222e-01
5.121204e-01	4.978184e-01	-8.425221e-02
5.766295e-01	4.960077e-01	-9.456117e-02
5.122383e-01	5.031163e-01	-2.886266e-01
5.939959e-01	4.884638e-01	-2.955965e-01
5.181870e-01	5.110404e-01	-4.772750e-01
5.804348e-01	5.058794e-01	-4.961898e-01
5.185715e-01	5.122800e-01	-5.256938e-01
5.832807e-01	5.162039e-01	-5.509800e-01
5.249634e-01	5.105171e-01	-5.174569e-01
5.723656e-01	5.142348e-01	-5.477709e-01
5.272894e-01	5.054190e-01	-4.818715e-01
5.694387e-01	5.070018e-01	-5.034115e-01
5.188074e-01	3.105085e-01	4.278985e-03
5.633847e-01	3.113653e-01	-4.084114e-03
5.206162e-01	2.082981e-01	1.429249e-02
5.610324e-01	2.159405e-01	-1.745304e-03
5.238436e-01	1.236119e-01	1.821706e-01
5.613195e-01	1.205851e-01	1.332252e-01
5.274739e-01	1.078195e-01	1.930971e-01
5.572460e-01	1.051978e-01	1.428976e-01
5.118901e-01	7.094335e-02	1.121720e-01
5.724737e-01	6.532127e-02	5.415450e-02
5.401430e-01	5.614849e-01	-1.836572e-01
5.341431e-01	5.771570e-01	-1.703978e-01
5.301059e-01	5.765275e-01	-1.703938e-01
5.262179e-01	5.758056e-01	-1.703867e-01
5.453470e-01	5.794325e-01	-1.723925e-01
5.496667e-01	5.799856e-01	-1.724112e-01
5.537833e-01	5.801847e-01	-1.722890e-01
5.223222e-01	5.679449e-01	-8.852927e-02
5.598011e-01	5.724471e-01	-9.703992e-02
5.353397e-01	5.429933e-01	-1.520284e-01
5.488205e-01	5.459157e-01	-1.543456e-01
5.117463e-01	5.109981e-01	-8.398459e-02
5.767010e-01	5.035115e-01	-1.059382e-01
5.121962e-01	5.168757e-01	-2.967927e-01
5.927292e-01	4.971047e-01	-3.228341e-01
5.175018e-01	5.199077e-01	-5.102456e-01
5.804525e-01	5.091707e-01	-5.290162e-01
5.182412e-01	5.135723e-01	-5.617054e-01
5.835276e-01	5.188585e-01	-5.819331e-01
5.248235e-01	5.107393e-01	-5.551827e-01
5.738027e-01	5.164858e-01	-5.757743e-01
5.271480e-01	5.087451e-01	-5.163444e-01
5.705694e-01	5.102845e-01	-5.357298e-01
5.187997e-01	3.163860e-01	5.146807e-03
5.633979e-01	3.173739e-01	-4.985243e-03
5.211247e-01	2.091046e-01	2.288394e-02
5.610150e-01	2.163976e-01	2.630052e-02
5.236776e-01	1.236095e-01	1.864925e-01
5.613219e-01	1.207080e-01	1.973047e-01
5.273334e-01	1.077548e-01	1.963503e-01
5.572529e-01	1.055550e-01	2.089133e-01
5.116684e-01	7.075053e-02	1.136967e-01
5.724114e-01	6.530479e-02	1.198297e-01
5.400420e-01	5.681365e-01	-1.977182e-01
5.341340e-01	5.840664e-01	-1.848330e-01
5.301131e-01	5.835661e-01	-1.848360e-01
5.262545e-01	5.829423e-01	-1.848170e-01
5.451931e-01	5.862210e-01	-1.860875e-01
5.494707e-01	5.868053e-01	-1.861091e-01
5.534686e-01	5.870834e-01	-1.859950e-01
5.226485e-01	5.753358e-01	-1.014496e-01
5.594371e-01	5.795003e-01	-1.064809e-01
5.353366e-01	5.510387e-01	-1.655670e-01
5.487682e-01	5.536025e-01	-1.668272e-01
5.113940e-01	5.200232e-01	-9.551375e-02
5.768710e-01	5.113012e-01	-1.099650e-01
5.127867e-01	5.243175e-01	-3.156776e-01
5.928794e-01	5.032628e-01	-3.298124e-01
5.217149e-01	5.258293e-01	-5.308464e-01
5.809045e-01	5.147439e-01	-5.483962e-01
5.220578e-01	5.195917e-01	-5.842004e-01
5.837907e-01	5.234578e-01	-6.038467e-01
5.276173e-01	5.166586e-01	-5.774530e-01
5.767230e-01	5.231268e-01	-5.971957e-01
5.297472e-01	5.159706e-01	-5.367565e-01
5.727222e-01	5.158536e-01	-5.553011e-01
5.188393e-01	3.196825e-01	4.524358e-03
5.634328e-01	3.203881e-01	-4.399851e-03
5.219206e-01	2.097301e-01	5.402308e-02
5.602189e-01	2.166228e-01	4.925252e-02
5.235814e-01	1.225524e-01	2.178607e-01
5.612802e-01	1.203411e-01	2.227856e-01
5.272326e-01	1.070017e-01	2.274737e-01
5.572270e-01	1.054420e-01	2.343700e-01
5.112254e-01	6.970359e-02	1.425317e-01
5.724121e-01	6.519447e-02	1.435475e-01
5.400621e-01	5.775675e-01	-1.916540e-01
5.341861e-01	5.936579e-01	-1.782910e-01
5.302366e-01	5.932353e-01	-1.782940e-01
5.264494e-01	5.926204e-01	-1.782768e-01
5.451966e-01	5.952020e-01	-1.800380e-01
5.494637e-01	5.954617e-01	-1.800574e-01
5.534109e-01	5.954577e-01	-1.799360e-01
5.229284e-01	5.848446e-01	-9.571616e-02
5.592440e-01	5.880734e-01	-1.024668e-01
5.353692e-01	5.602045e-01	-1.597198e-01
5.487684e-01	5.625226e-01	-1.616372e-01
5.111542e-01	5.268871e-01	-9.121139e-02
5.771731e-01	5.176944e-01	-1.076904e-01
5.129586e-01	5.311739e-01	-3.069786e-01
5.914273e-01	5.063874e-01	-3.272688e-01
5.207431e-01	5.316843e-01	-5.244097e-01
5.806826e-01	5.207679e-01	-5.437835e-01
5.212830e-01	5.248659e-01	-5.780669e-01
5.837153e-01	5.296974e-01	-5.990866e-01
5.271913e-01	5.214752e-01	-5.725014e-01
5.767621e-01	5.287287e-01	-5.933169e-01
5.293406e-01	5.212551e-01	-5.308886e-01
5.730492e-01	5.226390e-01	-5.510122e-01
5.188466e-01	3.256540e-01	4.612557e-03
5.635712e-01	3.245019e-01	-4.481232e-03
5.219842e-01	2.113242e-01	5.653514e-02
5.595602e-01	2.168067e-01	4.338943e-02
5.234452e-01	1.225149e-01	2.228731e-01
5.613340e-01	1.196007e-01	2.034460e-01
5.271899e-01	1.068932e-01	2.329081e-01
5.573163e-01	1.048048e-01	2.135756e-01
5.109713e-01	6.967717e-02	1.524988e-01
5.725942e-01	6.457348e-02	1.237778e-01
5.400651e-01	5.861069e-01	-1.941665e-01
5.342140e-01	6.025821e-01	-1.804127e-01
5.303178e-01	6.022133e-01	-1.804188e-01
5.265756e-01	6.016736e-01	-1.803996e-01
5.452013e-01	6.039050e-01	-1.818180e-01
5.494496e-01	6.041080e-01	-1.818348e-01
5.533485e-01	6.040360e-01	-1.817121e-01
5.232288e-01	5.943379e-01	-9.470762e-02
5.591772e-01	5.969079e-01	-1.009250e-01
5.354248e-01	5.687621e-01	-1.611603e-01
5.487733e-01	5.709592e-01	-1.626824e-01
5.110307e-01	5.360984e-01	-8.963478e-02
5.781127e-01	5.267992e-01	-1.072830e-01
5.135053e-01	5.381331e-01	-3.108089e-01
5.915858e-01	5.122956e-01	-3.255398e-01
5.201718e-01	5.379605e-01	-5.336486e-01
5.807870e-01	5.277062e-01	-5.483766e-01
5.208880e-01	5.301800e-01	-5.879918e-01
5.836655e-01	5.360859e-01	-6.042626e-01
5.270023e-01	5.270509e-01	-5.826151e-01
5.771325e-01	5.376275e-01	-5.979066e-01
5.304161e-01	5.274655e-01	-5.401641e-01
5.740167e-01	5.293970e-01	-5.553796e-01
5.191342e-01	3.334962e-01	4.509286e-03
5.640282e-01	3.314629e-01	-4.391421e-03
5.222803e-01	2.123937e-01	5.981803e-02
5.588753e-01	2.176396e-01	4.257017e-02
5.232933e-01	1.221078e-01	2.240597e-01
5.615102e-01	1.188285e-01	2.041249e-01
5.268756e-01	1.062502e-01	2.338463e-01
5.576321e-01	1.039371e-01	2.144330e-01
5.099314e-01	6.945356e-02	1.490905e-01
5.726783e-01	6.340028e-02	1.210507e-01
5.399786e-01	5.939482e-01	-1.945181e-01
5.342020e-01	6.106166e-01	-1.805004e-01
5.303189e-01	6.101046e-01	-1.805105e-01
5.265823e-01	6.094586e-01	-1.804934e-01
5.451636e-01	6.121223e-01	-1.829252e-01
5.494089e-01	6.122646e-01	-1.829372e-01
5.532979e-01	6.121351e-01	-1.828077e-01
5.232911e-01	6.018330e-01	-9.321256e-02
5.591794e-01	6.041967e-01	-1.025417e-01
5.353979e-01	5.761049e-01	-1.606531e-01
5.487516e-01	5.782419e-01	-1.633662e-01
5.108160e-01	5.436832e-01	-8.899971e-02
5.786750e-01	5.355225e-01	-1.079571e-01
5.134853e-01	5.445585e-01	-3.109669e-01
5.917524e-01	5.210524e-01	-3.376327e-01
5.199424e-01	5.433445e-01	-5.402607e-01
5.803336e-01	5.370547e-01	-5.618812e-01
5.205537e-01	5.329701e-01	-5.960820e-01
5.830349e-01	5.433520e-01	-6.194351e-01
5.268126e-01	5.313892e-01	-5.911499e-01
5.772117e-01	5.430301e-01	-6.135916e-01
5.302838e-01	5.312490e-01	-5.472797e-01
5.742400e-01	5.377554e-01	-5.693782e-01
5.193490e-01	3.356704e-01	4.766497e-03
5.647894e-01	3.348801e-01	-4.673828e-03
5.223583e-01	2.143326e-01	5.618272e-02
5.588315e-01	2.177711e-01	5.739445e-02
5.232257e-01	1.231867e-01	2.280071e-01
5.615184e-01	1.187869e-01	2.337396e-01
5.268809e-01	1.072891e-01	2.385636e-01
5.573906e-01	1.039100e-01	2.453863e-01
5.098258e-01	6.938996e-02	1.530901e-01
5.728217e-01	6.289867e-02	1.517006e-01
5.398651e-01	6.014887e-01	-1.915276e-01
5.341562e-01	6.174490e-01	-1.781437e-01
5.303102e-01	6.166774e-01	-1.781498e-01
5.265880e-01	6.159494e-01	-1.781218e-01
5.449587e-01	6.199245e-01	-1.810438e-01
5.491953e-01	6.204553e-01	-1.810585e-01
5.530117e-01	6.205713e-01	-1.809334e-01
5.234028e-01	6.092361e-01	-9.231774e-02
5.591447e-01	6.131353e-01	-1.048255e-01
5.353965e-01	5.843444e-01	-1.583650e-01
5.487201e-01	5.869516e-01	-1.614651e-01
5.108183e-01	5.526257e-01	-8.814432e-02
5.791034e-01	5.483294e-01	-1.128072e-01
5.132633e-01	5.580093e-01	-3.174270e-01
5.903435e-01	5.462828e-01	-3.509245e-01
5.181770e-01	5.495560e-01	-5.535924e-01
5.801156e-01	5.506859e-01	-5.714523e-01
5.191365e-01	5.380367e-01	-6.108077e-01
5.826154e-01	5.501879e-01	-6.285206e-01
5.262840e-01	5.354723e-01	-6.069229e-01
5.768720e-01	5.487794e-01	-6.244944e-01
5.296555e-01	5.350071e-01	-5.613178e-01
5.740053e-01	5.455922e-01	-5.797660e-01
5.197276e-01	3.410128e-01	5.873180e-03
5.653197e-01	3.400798e-01	-5.816652e-03
5.225063e-01	2.192792e-01	6.564181e-02
5.586095e-01	2.194567e-01	4.832476e-02
5.234255e-01	1.241280e-01	2.368833e-01
5.615056e-01	1.181305e-01	2.091154e-01
5.272831e-01	1.083828e-01	2.474255e-01
5.571550e-01	1.031506e-01	2.191158e-01
5.098528e-01	6.951895e-02	1.609912e-01
5.728346e-01	6.159910e-02	1.226491e-01
5.392827e-01	6.096985e-01	-1.943781e-01
5.339838e-01	6.251321e-01	-1.811427e-01
5.302416e-01	6.245753e-01	-1.811410e-01
5.265764e-01	6.241418e-01	-1.811037e-01
5.443813e-01	6.274647e-01	-1.855087e-01
5.486428e-01	6.283129e-01	-1.855280e-01
5.524884e-01	6.287000e-01	-1.853987e-01
5.236369e-01	6.191476e-01	-9.210513e-02
5.591276e-01	6.222206e-01	-1.117461e-01
5.351702e-01	5.936998e-01	-1.596960e-01
5.483068e-01	5.958948e-01	-1.649983e-01
5.107580e-01	5.596386e-01	-8.759887e-02
5.805637e-01	5.561711e-01	-1.179988e-01
5.131994e-01	5.626208e-01	-3.142979e-01
5.921438e-01	5.495620e-01	-3.661312e-01
5.180987e-01	5.526952e-01	-5.548264e-01
5.811720e-01	5.497636e-01	-6.061527e-01
5.191122e-01	5.409741e-01	-6.126872e-01
5.827234e-01	5.502127e-01	-6.665577e-01
5.257550e-01	5.423450e-01	-6.093732e-01
5.770237e-01	5.510167e-01	-6.619086e-01
5.287339e-01	5.420829e-01	-5.627522e-01
5.745832e-01	5.480062e-01	-6.146790e-01
5.198248e-01	3.458395e-01	7.865774e-03
5.653426e-01	3.432170e-01	-7.833194e-03
5.233442e-01	2.218597e-01	8.815286e-02
5.581078e-01	2.211517e-01	4.533175e-02
5.235749e-01	1.245738e-01	2.560876e-01
5.615068e-01	1.181851e-01	1.985361e-01
5.275325e-01	1.084884e-01	2.663171e-01
5.571566e-01	1.031829e-01	2.076665e-01
5.094038e-01	6.986196e-02	1.805769e-01
5.728331e-01	6.076335e-02	1.100398e-01
5.391608e-01	6.188837e-01	-1.923332e-01
5.339218e-01	6.341501e-01	-1.792949e-01
5.302354e-01	6.336918e-01	-1.792955e-01
5.265785e-01	6.333433e-01	-1.792598e-01
5.442348e-01	6.362188e-01	-1.827984e-01
5.485209e-01	6.370344e-01	-1.828173e-01
5.523996e-01	6.374843e-01	-1.826925e-01
5.236760e-01	6.284639e-01	-9.125583e-02
5.591288e-01	6.314876e-01	-1.098300e-01
5.350479e-01	6.033221e-01	-1.585612e-01
5.482295e-01	6.054954e-01	-1.631167e-01
5.098823e-01	5.658032e-01	-8.402980e-02
5.812356e-01	5.671415e-01	-1.133138e-01
5.131909e-01	5.649434e-01	-3.114558e-01
5.920133e-01	5.591106e-01	-3.543105e-01
5.189089e-01	5.521488e-01	-5.508553e-01
5.835575e-01	5.563560e-01	-5.990939e-01
5.191933e-01	5.409986e-01	-6.082041e-01
5.851348e-01	5.504537e-01	-6.586589e-01
5.256292e-01	5.445062e-01	-6.064926e-01
5.793883e-01	5.534667e-01	-6.564416e-01
5.285769e-01	5.438790e-01	-5.591501e-01
5.754079e-01	5.497681e-01	-6.087896e-01
5.199537e-01	3.516743e-01	7.943871e-03
5.654196e-01	3.487245e-01	-7.917739e-03
5.235094e-01	2.241532e-01	7.729571e-02
5.580055e-01	2.242597e-01	3.695139e-02
5.235778e-01	1.244084e-01	2.307297e-01
5.615292e-01	1.178880e-01	1.753547e-01
5.275674e-01	1.074226e-01	2.398468e-01
5.571921e-01	1.024907e-01	1.809297e-01
5.093337e-01	6.986289e-02	1.553233e-01
5.728229e-01	6.050052e-02	7.771775e-02
5.391654e-01	6.284447e-01	-1.791331e-01
5.339169e-01	6.433213e-01	-1.686940e-01
5.302575e-01	6.427721e-01	-1.686836e-01
5.265957e-01	6.421850e-01	-1.686202e-01
5.442357e-01	6.454926e-01	-1.711501e-01
5.485004e-01	6.463282e-01	-1.711712e-01
5.523709e-01	6.469625e-01	-1.710655e-01
5.236772e-01	6.375313e-01	-8.257169e-02
5.590702e-01	6.421297e-01	-9.543439e-02
5.350345e-01	6.131418e-01	-1.450225e-01
5.482213e-01	6.158926e-01	-1.480311e-01
5.093308e-01	5.803363e-01	-7.550108e-02
5.811416e-01	5.832808e-01	-9.804915e-02
5.130076e-01	5.779380e-01	-3.090621e-01
5.909297e-01	5.765620e-01	-3.526876e-01
5.188876e-01	5.633981e-01	-5.458177e-01
5.833831e-01	5.631995e-01	-5.733798e-01
5.191680e-01	5.545357e-01	-6.028173e-01
5.856611e-01	5.553691e-01	-6.298766e-01
5.255912e-01	5.501397e-01	-6.010512e-01
5.792567e-01	5.538483e-01	-6.270455e-01
5.284862e-01	5.479495e-01	-5.539719e-01
5.753258e-01	5.515031e-01	-5.821181e-01
5.199407e-01	3.596046e-01	7.905146e-03
5.653604e-01	3.586837e-01	-7.866151e-03
5.243490e-01	2.263077e-01	6.733678e-02
5.580460e-01	2.275636e-01	3.438361e-02
5.242869e-01	1.254619e-01	2.219887e-01
5.615308e-01	1.177986e-01	1.608229e-01
5.282276e-01	1.079295e-01	2.272648e-01
5.572182e-01	1.021153e-01	1.660999e-01
5.093125e-01	7.019395e-02	1.382633e-01
5.729064e-01	6.018333e-02	6.571228e-02
5.391575e-01	6.420413e-01	-1.793846e-01
5.338793e-01	6.566293e-01	-1.694625e-01
5.302467e-01	6.561978e-01	-1.694529e-01
5.265459e-01	6.555794e-01	-1.693769e-01
5.442337e-01	6.584046e-01	-1.741041e-01
5.484913e-01	6.589388e-01	-1.741303e-01
5.523663e-01	6.592537e-01	-1.740432e-01
5.234119e-01	6.510240e-01	-7.955371e-02
5.591031e-01	6.543252e-01	-9.831744e-02
5.348328e-01	6.257519e-01	-1.459139e-01
5.482116e-01	6.281022e-01	-1.492571e-01
5.078549e-01	5.915616e-01	-5.803197e-02
5.815974e-01	5.928143e-01	-9.883390e-02
5.104146e-01	5.829805e-01	-2.673081e-01
5.900573e-01	5.814205e-01	-3.474599e-01
5.173805e-01	5.578055e-01	-5.153097e-01
5.845331e-01	5.618796e-01	-5.911774e-01
5.169644e-01	5.509783e-01	-5.715975e-01
5.869583e-01	5.542337e-01	-6.513701e-01
5.249919e-01	5.477982e-01	-5.779146e-01
5.795628e-01	5.531244e-01	-6.516848e-01
5.281817e-01	5.441031e-01	-5.262166e-01
5.759913e-01	5.515485e-01	-6.016703e-01
5.194545e-01	3.653728e-01	9.447927e-03
5.653006e-01	3.635805e-01	-9.428775e-03
5.246388e-01	2.290635e-01	6.862296e-02
5.580777e-01	2.309468e-01	3.261860e-02
5.244194e-01	1.258487e-01	2.189051e-01
5.617120e-01	1.181020e-01	1.617594e-01
5.285162e-01	1.080039e-01	2.267169e-01
5.576050e-01	1.021268e-01	1.676555e-01
5.093344e-01	7.029328e-02	1.287223e-01
5.729122e-01	6.017140e-02	6.288769e-02
5.391530e-01	6.549059e-01	-1.854015e-01
5.338749e-01	6.699002e-01	-1.742686e-01
5.302633e-01	6.697790e-01	-1.742615e-01
5.265445e-01	6.693902e-01	-1.741861e-01
5.442756e-01	6.707574e-01	-1.789439e-01
5.485204e-01	6.709080e-01	-1.789703e-01
5.524153e-01	6.707803e-01	-1.788894e-01
5.230958e-01	6.642795e-01	-7.927792e-02
5.591602e-01	6.650058e-01	-9.836613e-02
5.344480e-01	6.383997e-01	-1.459697e-01
5.480641e-01	6.398383e-01	-1.509766e-01
5.063937e-01	5.979881e-01	-4.781123e-02
5.815240e-01	6.043482e-01	-9.310731e-02
5.080911e-01	5.849934e-01	-2.391855e-01
5.893716e-01	5.865369e-01	-3.217983e-01
5.148318e-01	5.546882e-01	-4.854947e-01
5.848996e-01	5.601380e-01	-5.766891e-01
5.140433e-01	5.504248e-01	-5.407780e-01
5.888205e-01	5.521548e-01	-6.359931e-01
5.227095e-01	5.462081e-01	-5.479532e-01
5.799757e-01	5.511516e-01	-6.361210e-01
5.265113e-01	5.425696e-01	-4.966854e-01
5.764202e-01	5.497894e-01	-5.864196e-01
5.188156e-01	3.726610e-01	9.423957e-03
5.651846e-01	3.698686e-01	-9.396121e-03
5.246395e-01	2.355459e-01	7.101324e-02
5.581021e-01	2.341704e-01	3.213179e-02
5.242288e-01	1.278885e-01	2.190906e-01
5.621974e-01	1.187946e-01	1.639027e-01
5.282711e-01	1.101924e-01	2.267940e-01
5.583174e-01	1.025239e-01	1.703119e-01
5.094426e-01	7.165585e-02	1.291082e-01
5.733454e-01	6.024833e-02	6.428950e-02
5.391418e-01	6.667110e-01	-2.217724e-01
5.338360e-01	6.814331e-01	-2.079236e-01
5.302697e-01	6.810098e-01	-2.079375e-01
5.265455e-01	6.804212e-01	-2.078846e-01
5.442656e-01	6.834114e-01	-2.164897e-01
5.484974e-01	6.839047e-01	-2.165136e-01
5.523878e-01	6.840643e-01	-2.164294e-01
5.230433e-01	6.751119e-01	-9.768871e-02
5.591934e-01	6.778507e-01	-1.381074e-01
5.343269e-01	6.497775e-01	-1.771112e-01
5.480444e-01	6.520169e-01	-1.882516e-01
5.059763e-01	6.054382e-01	-1.192669e-02
5.828664e-01	6.137265e-01	-7.800888e-02
5.055214e-01	5.852612e-01	7.284752e-02
5.884990e-01	5.932473e-01	5.276594e-02
5.117489e-01	5.499154e-01	7.769527e-02
5.858319e-01	5.566738e-01	1.765406e-01
5.111615e-01	5.369746e-01	7.616833e-02
5.900127e-01	5.504509e-01	1.848124e-01
5.215187e-01	5.317741e-01	4.896944e-02
5.827104e-01	5.507054e-01	1.608837e-01
5.248477e-01	5.358241e-01	6.643043e-02
5.795689e-01	5.480527e-01	1.704420e-01
5.188236e-01	3.813061e-01	1.137570e-02
5.652620e-01	3.792378e-01	-1.132447e-02
5.245950e-01	2.391707e-01	7.005759e-02
5.583657e-01	2.393308e-01	2.261369e-02
5.240058e-01	1.280294e-01	2.045856e-01
5.626823e-01	1.188778e-01	1.565695e-01
5.281403e-01	1.104210e-01	2.129378e-01
5.585989e-01	1.025307e-01	1.640538e-01
5.092422e-01	7.169160e-02	1.250601e-01
5.737773e-01	6.027092e-02	6.151171e-02
5.396932e-01	6.787575e-01	-1.925297e-01
5.340658e-01	6.937034e-01	-1.746702e-01
5.307401e-01	6.931533e-01	-1.747051e-01
5.271525e-01	6.925446e-01	-1.746349e-01
5.446529e-01	6.952756e-01	-1.824772e-01
5.487660e-01	6.957079e-01	-1.825103e-01
5.526092e-01	6.958864e-01	-1.824555e-01
5.230892e-01	6.862698e-01	-5.748643e-02
5.591950e-01	6.892951e-01	-8.929697e-02
5.344342e-01	6.615342e-01	-1.447910e-01
5.483242e-01	6.635150e-01	-1.543450e-01
5.056931e-01	6.154010e-01	9.744996e-03
5.835878e-01	6.244817e-01	-4.876244e-02
5.027751e-01	5.883862e-01	-3.873916e-02
5.892684e-01	5.920110e-01	-1.356944e-01
5.080453e-01	5.494768e-01	-1.812617e-01
5.869914e-01	5.558016e-01	-2.846128e-01
5.057349e-01	5.328696e-01	-2.123660e-01
5.935258e-01	5.419681e-01	-3.241398e-01
5.180269e-01	5.277188e-01	-2.310402e-01
5.848957e-01	5.445904e-01	-3.338284e-01
5.222703e-01	5.336789e-01	-1.929235e-01
5.812409e-01	5.459532e-01	-2.937650e-01
5.188326e-01	3.937927e-01	1.223180e-02
5.652262e-01	3.925819e-01	-1.215750e-02
5.246777e-01	2.482652e-01	4.695374e-02
5.587904e-01	2.476816e-01	1.197722e-02
5.239592e-01	1.286023e-01	1.784591e-01
5.631017e-01	1.192445e-01	1.392657e-01
5.280982e-01	1.106664e-01	1.856868e-01
5.594430e-01	1.026810e-01	1.455740e-01
5.094797e-01	7.169370e-02	9.075149e-02
5.737816e-01	6.046704e-02	3.795614e-02
5.398653e-01	6.901648e-01	-2.660584e-01
5.341262e-01	7.049018e-01	-2.515882e-01
5.309633e-01	7.039199e-01	-2.516591e-01
5.274760e-01	7.030824e-01	-2.516115e-01
5.447190e-01	7.071553e-01	-2.582901e-01
5.487977e-01	7.076640e-01	-2.583080e-01
5.526281e-01	7.079030e-01	-2.582624e-01
5.233846e-01	6.969311e-01	-1.329495e-01
5.592571e-01	7.014428e-01	-1.665507e-01
5.346845e-01	6.719552e-01	-2.188090e-01
5.485325e-01	6.750968e-01	-2.277645e-01
5.057323e-01	6.267965e-01	-1.664890e-02
5.844030e-01	6.326490e-01	-6.860630e-02
4.995646e-01	5.917221e-01	1.547753e-01
5.906893e-01	5.957614e-01	6.859212e-02
5.040613e-01	5.442480e-01	2.626826e-01
5.907235e-01	5.501716e-01	1.612149e-01
5.033048e-01	5.200604e-01	2.793891e-01
5.967915e-01	5.325189e-01	1.727587e-01
5.144986e-01	5.189503e-01	2.467038e-01
5.898790e-01	5.345566e-01	1.454186e-01
5.179383e-01	5.253276e-01	2.528405e-01
5.839123e-01	5.404597e-01	1.545726e-01
5.190931e-01	4.047320e-01	1.429947e-02
5.657868e-01	4.032559e-01	-1.441402e-02
5.247933e-01	2.559093e-01	4.696219e-02
5.588471e-01	2.539777e-01	-6.686321e-03
5.237583e-01	1.282636e-01	1.798943e-01
5.634969e-01	1.190008e-01	1.247251e-01
5.278779e-01	1.099098e-01	1.870730e-01
5.598168e-01	1.026427e-01	1.319717e-01
5.081937e-01	7.169466e-02	9.410135e-02
5.740705e-01	6.047561e-02	2.549474e-02
5.398747e-01	7.030070e-01	-2.734382e-01
5.341262e-01	7.177405e-01	-2.586654e-01
5.310211e-01	7.168422e-01	-2.587307e-01
5.275292e-01	7.160275e-01	-2.587011e-01
5.447085e-01	7.200739e-01	-2.659068e-01
5.487800e-01	7.206868e-01	-2.659276e-01
5.525839e-01	7.210698e-01	-2.658728e-01
5.235663e-01	7.095089e-01	-1.429099e-01
5.592548e-01	7.144235e-01	-1.788277e-01
5.347187e-01	6.847169e-01	-2.276842e-01
5.485815e-01	6.874508e-01	-2.374033e-01
5.053967e-01	6.300977e-01	-2.675300e-02
5.855418e-01	6.387014e-01	-7.574876e-02
4.972519e-01	5.860621e-01	1.344667e-01
5.916789e-01	5.875760e-01	5.072973e-02
5.037036e-01	5.344203e-01	2.061819e-01
5.908536e-01	5.430459e-01	1.236041e-01
5.031040e-01	5.095810e-01	2.144560e-01
5.974699e-01	5.215864e-01	1.286818e-01
5.142030e-01	5.119498e-01	1.819584e-01
5.893887e-01	5.209405e-01	1.015110e-01
5.174092e-01	5.181821e-01	1.957129e-01
5.847098e-01	5.251395e-01	1.164764e-01
5.195008e-01	4.105639e-01	1.593831e-02
5.666887e-01	4.105954e-01	-1.607389e-02
5.251184e-01	2.648231e-01	4.795600e-02
5.590585e-01	2.613714e-01	-8.210999e-03
5.236958e-01	1.289007e-01	1.827293e-01
5.637534e-01	1.201380e-01	1.232388e-01
5.276970e-01	1.106845e-01	1.898010e-01
5.601254e-01	1.049159e-01	1.305945e-01
5.082544e-01	7.361240e-02	9.681167e-02
5.740548e-01	6.247167e-02	2.489430e-02
5.404959e-01	7.146361e-01	-2.036476e-01
5.343116e-01	7.293406e-01	-1.859703e-01
5.312604e-01	7.285546e-01	-1.860259e-01
5.278097e-01	7.274533e-01	-1.859616e-01
5.450920e-01	7.315318e-01	-1.900094e-01
5.490780e-01	7.322633e-01	-1.900378e-01
5.528198e-01	7.325742e-01	-1.900090e-01
5.235668e-01	7.193062e-01	-7.420009e-02
5.592341e-01	7.256355e-01	-9.448949e-02
5.350493e-01	6.959781e-01	-1.608558e-01
5.490390e-01	6.982817e-01	-1.662954e-01
5.038213e-01	6.345139e-01	2.358043e-03
5.860491e-01	6.488546e-01	-3.381064e-02
4.969835e-01	5.858227e-01	2.234993e-02
5.944951e-01	5.870768e-01	-4.550841e-02
5.033723e-01	5.239544e-01	-8.181654e-02
5.937027e-01	5.346867e-01	-1.507576e-01
5.023026e-01	4.975819e-01	-1.069296e-01
6.000990e-01	5.130868e-01	-1.798245e-01
5.138905e-01	5.020326e-01	-1.310251e-01
5.890170e-01	5.123773e-01	-1.953997e-01
5.174492e-01	5.077459e-01	-9.381553e-02
5.845000e-01	5.151891e-01	-1.599886e-01
5.200579e-01	4.179320e-01	1.530316e-02
5.683895e-01	4.198764e-01	-1.540535e-02
5.258220e-01	2.644259e-01	2.806058e-02
5.591246e-01	2.684207e-01	-1.833634e-02
5.230302e-01	1.288337e-01	1.500994e-01
5.637462e-01	1.227098e-01	1.048881e-01
5.270944e-01	1.106638e-01	1.557366e-01
5.602071e-01	1.083769e-01	1.105257e-01
5.082206e-01	7.445842e-02	4.946753e-02
5.731011e-01	6.544070e-02	-4.083392e-03
5.405672e-01	7.275317e-01	-1.739409e-01
5.343112e-01	7.420263e-01	-1.565210e-01
5.312761e-01	7.408630e-01	-1.565433e-01
5.278137e-01	7.394319e-01	-1.564735e-01
5.451393e-01	7.453704e-01	-1.602952e-01
5.491250e-01	7.462267e-01	-1.603302e-01
5.528412e-01	7.465559e-01	-1.602526e-01
5.235386e-01	7.304621e-01	-5.069939e-02
5.592052e-01	7.378972e-01	-6.985693e-02
5.350517e-01	7.083856e-01	-1.341117e-01
5.491548e-01	7.112502e-01	-1.393251e-01
5.021118e-01	6.397352e-01	4.673068e-03
5.866165e-01	6.572510e-01	-3.750337e-02
4.941059e-01	5.831773e-01	-3.553754e-02
5.970523e-01	5.840784e-01	-9.111252e-02
5.025667e-01	5.120414e-01	-2.063014e-01
5.958440e-01	5.221418e-01	-3.223786e-01
5.021795e-01	4.842968e-01	-2.487889e-01
6.018142e-01	4.968317e-01	-3.742013e-01
5.135109e-01	4.886498e-01	-2.730025e-01
5.902563e-01	4.966903e-01	-3.867925e-01
5.169297e-01	4.959671e-01	-2.203550e-01
5.849396e-01	5.013947e-01	-3.332267e-01
5.207011e-01	4.242522e-01	1.493786e-02
5.703727e-01	4.291145e-01	-1.505256e-02
5.258031e-01	2.680584e-01	4.235818e-02
5.594925e-01	2.733564e-01	-1.315248e-02
5.222356e-01	1.288118e-01	1.653503e-01
5.640973e-01	1.230132e-01	8.773040e-02
5.262978e-01	1.105925e-01	1.708470e-01
5.613252e-01	1.084975e-01	9.065746e-02
5.084189e-01	7.549465e-02	7.124071e-02
5.724221e-01	6.554862e-02	-2.206537e-02
5.409096e-01	7.379409e-01	-1.740150e-01
5.345215e-01	7.543091e-01	-1.558331e-01
5.314659e-01	7.536770e-01	-1.558583e-01
5.282499e-01	7.528189e-01	-1.557709e-01
5.454758e-01	7.564566e-01	-1.599943e-01
5.493562e-01	7.571034e-01	-1.600216e-01
5.530802e-01	7.574571e-01	-1.599507e-01
5.236479e-01	7.459229e-01	-4.728330e-02
5.592041e-01	7.501270e-01	-6.699193e-02
5.351977e-01	7.196425e-01	-1.331639e-01
5.493046e-01	7.217969e-01	-1.385220e-01
5.017407e-01	6.540288e-01	2.031158e-02
5.865318e-01	6.673288e-01	-2.878883e-02
4.905889e-01	5.814664e-01	2.380090e-02
5.967983e-01	5.826671e-01	-6.673016e-02
5.001289e-01	5.048361e-01	-9.669214e-02
5.966678e-01	5.095138e-01	-2.148627e-01
5.006729e-01	4.744965e-01	-1.274740e-01
6.019396e-01	4.787538e-01	-2.587247e-01
5.115949e-01	4.791492e-01	-1.549116e-01
5.908520e-01	4.794596e-01	-2.816904e-01
5.147162e-01	4.879890e-01	-1.101499e-01
5.860704e-01	4.876650e-01	-2.271077e-01
5.206948e-01	4.323896e-01	1.585137e-02
5.700614e-01	4.350869e-01	-1.586792e-02
5.253203e-01	2.704428e-01	3.248388e-02
5.595242e-01	2.749713e-01	-2.304733e-02
5.219470e-01	1.286064e-01	1.480088e-01
5.644404e-01	1.233041e-01	8.676715e-02
5.262851e-01	1.095876e-01	1.527033e-01
5.617100e-01	1.083244e-01	9.095922e-02
5.084839e-01	7.548777e-02	4.797871e-02
5.724384e-01	6.560193e-02	-2.330598e-02
5.409713e-01	7.499066e-01	-1.829833e-01
5.345340e-01	7.657447e-01	-1.663933e-01
5.314894e-01	7.652196e-01	-1.664166e-01
5.283092e-01	7.644684e-01	-1.663424e-01
5.456159e-01	7.678114e-01	-1.695998e-01
5.494752e-01	7.684287e-01	-1.696293e-01
5.532392e-01	7.687886e-01	-1.695555e-01
5.236534e-01	7.574294e-01	-6.259598e-02
5.592109e-01	7.612588e-01	-7.954628e-02
5.351674e-01	7.313141e-01	-1.437888e-01
5.493209e-01	7.330558e-01	-1.483396e-01
5.007908e-01	6.672737e-01	7.798058e-04
5.869647e-01	6.754903e-01	-3.124376e-02
4.896610e-01	5.812050e-01	1.182224e-02
5.968248e-01	5.792306e-01	-2.947419e-02
4.984035e-01	4.932267e-01	-8.485989e-02
5.970379e-01	4.956763e-01	-1.369205e-01
4.984037e-01	4.598831e-01	-1.136140e-01
6.012229e-01	4.649259e-01	-1.723812e-01
5.088856e-01	4.639972e-01	-1.416696e-01
5.908626e-01	4.666358e-01	-1.969284e-01
5.124341e-01	4.737630e-01	-9.792737e-02
5.864480e-01	4.761321e-01	-1.496076e-01
5.204618e-01	4.375024e-01	1.317432e-02
5.699653e-01	4.386906e-01	-1.314876e-02
5.250379e-01	2.724766e-01	2.632505e-02
5.613393e-01	2.739042e-01	-1.421941e-02
5.213351e-01	1.286746e-01	1.478224e-01
5.651947e-01	1.241059e-01	1.055142e-01
5.258900e-01	1.096916e-01	1.531837e-01
5.618004e-01	1.082704e-01	1.108383e-01
5.087237e-01	7.583826e-02	4.615585e-02
5.724526e-01	6.633399e-02	-8.039908e-04
5.410290e-01	7.587296e-01	-2.219644e-01
5.345632e-01	7.748664e-01	-2.059371e-01
5.315120e-01	7.746724e-01	-2.059567e-01
5.283825e-01	7.741888e-01	-2.058856e-01
5.457137e-01	7.764277e-01	-2.060312e-01
5.495305e-01	7.770976e-01	-2.060692e-01
5.532813e-01	7.775772e-01	-2.060021e-01
5.236647e-01	7.682050e-01	-1.052977e-01
5.591812e-01	7.709983e-01	-1.054844e-01
5.351555e-01	7.408574e-01	-1.838869e-01
5.493199e-01	7.420391e-01	-1.839913e-01
4.995337e-01	6.768416e-01	-4.114125e-02
5.875421e-01	6.858296e-01	-4.280186e-02
4.876500e-01	5.802733e-01	-1.458115e-02
5.972791e-01	5.786641e-01	-1.350703e-02
4.974807e-01	4.809107e-01	-1.090390e-01
5.965785e-01	4.836929e-01	-9.684225e-02
4.983133e-01	4.438371e-01	-1.391202e-01
6.005070e-01	4.515598e-01	-1.269217e-01
5.088171e-01	4.482425e-01	-1.661484e-01
5.903703e-01	4.514136e-01	-1.554865e-01
5.121324e-01	4.597450e-01	-1.215964e-01
5.860039e-01	4.627168e-01	-1.100167e-01
5.199114e-01	4.437835e-01	9.033294e-03
5.698591e-01	4.450741e-01	-8.978998e-03
5.230128e-01	2.753775e-01	2.270242e-02
5.636572e-01	2.734148e-01	-1.237164e-02
5.210157e-01	1.306373e-01	1.569233e-01
5.662264e-01	1.251399e-01	1.221191e-01
5.258418e-01	1.114960e-01	1.633935e-01
5.621623e-01	1.087860e-01	1.285859e-01
5.089837e-01	7.752693e-02	5.611178e-02
5.724642e-01	6.716524e-02	7.570795e-03
5.413129e-01	7.674779e-01	-2.682330e-01
5.347702e-01	7.840530e-01	-2.528814e-01
5.315824e-01	7.839412e-01	-2.528957e-01
5.285600e-01	7.836156e-01	-2.528200e-01
5.460081e-01	7.859117e-01	-2.536345e-01
5.496894e-01	7.868850e-01	-2.536936e-01
5.534448e-01	7.876402e-01	-2.536367e-01
5.236973e-01	7.786496e-01	-1.483792e-01
5.591757e-01	7.819003e-01	-1.524240e-01
5.352892e-01	7.499444e-01	-2.279776e-01
5.493969e-01	7.513657e-01	-2.289463e-01
4.991006e-01	6.851332e-01	-7.677264e-02
5.882398e-01	6.929685e-01	-8.043155e-02
4.868333e-01	5.774048e-01	-3.876988e-02
5.978716e-01	5.791986e-01	-4.895529e-02
4.971333e-01	4.688899e-01	-1.257810e-01
5.965286e-01	4.732219e-01	-1.327204e-01
4.978343e-01	4.318081e-01	-1.549023e-01
6.000322e-01	4.387040e-01	-1.630935e-01
5.088853e-01	4.368578e-01	-1.683588e-01
5.905463e-01	4.368008e-01	-1.915550e-01
5.123733e-01	4.475116e-01	-1.373353e-01
5.862470e-01	4.480421e-01	-1.458658e-01
5.196081e-01	4.491646e-01	6.939772e-03
5.694660e-01	4.500047e-01	-6.876004e-03
5.217816e-01	2.785295e-01	3.073285e-02
5.669630e-01	2.784951e-01	-1.630731e-03
5.206917e-01	1.333159e-01	1.751723e-01
5.672344e-01	1.273983e-01	1.316434e-01
5.254856e-01	1.143379e-01	1.826615e-01
5.626172e-01	1.107357e-01	1.379539e-01
5.098957e-01	7.928485e-02	6.412788e-02
5.724877e-01	6.826691e-02	1.563714e-02
5.415331e-01	7.755372e-01	-2.999283e-01
5.349817e-01	7.914885e-01	-2.845906e-01
5.316626e-01	7.913565e-01	-2.846096e-01
5.287097e-01	7.910072e-01	-2.845343e-01
5.462384e-01	7.935026e-01	-2.866866e-01
5.498476e-01	7.944922e-01	-2.867445e-01
5.536624e-01	7.951869e-01	-2.866837e-01
5.238273e-01	7.857075e-01	-1.746788e-01
5.593830e-01	7.888033e-01	-1.847872e-01
5.355033e-01	7.576968e-01	-2.567919e-01
5.495428e-01	7.593536e-01	-2.595321e-01
4.989873e-01	6.920934e-01	-9.252063e-02
5.897078e-01	6.994401e-01	-1.106895e-01
4.868500e-01	5.769624e-01	-5.040873e-02
5.983710e-01	5.809811e-01	-6.422570e-02
4.962923e-01	4.609045e-01	-1.313644e-01
5.966229e-01	4.710393e-01	-1.568265e-01
4.964808e-01	4.208809e-01	-1.601724e-01
5.997522e-01	4.352351e-01	-1.876115e-01
5.076031e-01	4.266822e-01	-1.782735e-01
5.902771e-01	4.344839e-01	-2.149004e-01
5.114005e-01	4.392648e-01	-1.418841e-01
5.860084e-01	4.460399e-01	-1.695655e-01
5.194014e-01	4.541037e-01	7.302088e-03
5.694064e-01	4.548745e-01	-7.243254e-03
5.178623e-01	2.838401e-01	3.285132e-02
5.694028e-01	2.825536e-01	6.161065e-03
5.204274e-01	1.340901e-01	1.879261e-01
5.673970e-01	1.307887e-01	1.588685e-01
5.254956e-01	1.149065e-01	1.969105e-01
5.626537e-01	1.143826e-01	1.676048e-01
5.099655e-01	7.949892e-02	8.359866e-02
5.724645e-01	6.917746e-02	5.116688e-02
5.415571e-01	7.841493e-01	-2.978093e-01
5.350591e-01	7.999313e-01	-2.805650e-01
5.316898e-01	7.997351e-01	-2.805760e-01
5.287717e-01	7.992925e-01	-2.804917e-01
5.463266e-01	8.015934e-01	-2.834561e-01
5.499128e-01	8.023551e-01	-2.835204e-01
5.537531e-01	8.028101e-01	-2.834546e-01
5.241257e-01	7.931464e-01	-1.682911e-01
5.596788e-01	7.957336e-01	-1.821570e-01
5.355498e-01	7.660931e-01	-2.545550e-01
5.496049e-01	7.673627e-01	-2.583739e-01
4.992102e-01	6.975499e-01	-9.037928e-02
5.915191e-01	7.019270e-01	-1.144519e-01
4.869052e-01	5.767776e-01	-5.617959e-02
6.005532e-01	5.805858e-01	-8.127095e-02
4.954348e-01	4.567245e-01	-1.396778e-01
5.963233e-01	4.626528e-01	-1.665559e-01
4.946198e-01	4.148539e-01	-1.716211e-01
5.995743e-01	4.255239e-01	-1.972444e-01
5.062759e-01	4.190722e-01	-1.988876e-01
5.898613e-01	4.253136e-01	-2.269152e-01
5.107831e-01	4.310679e-01	-1.525934e-01
5.851666e-01	4.372866e-01	-1.762897e-01
5.179310e-01	4.535356e-01	7.540449e-03
5.693412e-01	4.542266e-01	-7.481722e-03
5.166091e-01	2.844892e-01	4.135050e-02
5.699252e-01	2.848246e-01	5.446224e-03
5.199351e-01	1.347156e-01	2.055675e-01
5.673272e-01	1.317095e-01	1.494761e-01
5.251886e-01	1.153744e-01	2.154008e-01
5.626161e-01	1.151131e-01	1.571020e-01
5.102797e-01	7.966707e-02	1.094735e-01
5.719809e-01	6.948836e-02	4.255963e-02
5.420733e-01	7.894518e-01	-3.321400e-01
5.356921e-01	8.050666e-01	-3.155393e-01
5.320076e-01	8.048919e-01	-3.155485e-01
5.291260e-01	8.046532e-01	-3.154702e-01
5.468374e-01	8.065494e-01	-3.185644e-01
5.503011e-01	8.072312e-01	-3.186336e-01
5.541914e-01	8.077286e-01	-3.185783e-01
5.245833e-01	7.985603e-01	-1.989897e-01
5.600891e-01	8.008590e-01	-2.135695e-01
5.359672e-01	7.714987e-01	-2.864965e-01
5.500494e-01	7.727952e-01	-2.905213e-01
4.993893e-01	7.018945e-01	-1.091336e-01
5.931717e-01	7.058907e-01	-1.398856e-01
4.876115e-01	5.768586e-01	-6.693422e-02
6.032382e-01	5.803037e-01	-1.085042e-01
4.949643e-01	4.558851e-01	-1.540076e-01
5.961090e-01	4.559029e-01	-1.905332e-01
4.938273e-01	4.130571e-01	-1.855957e-01
5.995221e-01	4.187499e-01	-2.224574e-01
5.055472e-01	4.167778e-01	-2.152213e-01
5.888354e-01	4.186810e-01	-2.533832e-01
5.103641e-01	4.284985e-01	-1.677917e-01
5.840354e-01	4.300536e-01	-2.027259e-01
5.176986e-01	4.554215e-01	9.918025e-03
5.700483e-01	4.564980e-01	-9.871694e-03
5.146922e-01	2.855975e-01	5.490584e-02
5.707880e-01	2.846354e-01	1.138326e-02
5.195467e-01	1.348381e-01	2.303982e-01
5.673191e-01	1.324071e-01	1.729839e-01
5.251679e-01	1.152412e-01	2.414540e-01
5.625988e-01	1.154228e-01	1.824840e-01
5.095327e-01	7.955824e-02	1.367061e-01
5.718387e-01	6.955501e-02	6.605985e-02
5.425464e-01	7.935707e-01	-3.351524e-01
5.362390e-01	8.092792e-01	-3.189989e-01
5.323746e-01	8.088822e-01	-3.190052e-01
5.294892e-01	8.084641e-01	-3.189220e-01
5.472393e-01	8.111145e-01	-3.221678e-01
5.506671e-01	8.118410e-01	-3.222396e-01
5.545641e-01	8.124559e-01	-3.221947e-01
5.252114e-01	8.023103e-01	-2.046746e-01
5.607300e-01	8.054059e-01	-2.199428e-01
5.365978e-01	7.750794e-01	-2.903870e-01
5.505891e-01	7.766212e-01	-2.946144e-01
5.001951e-01	7.055493e-01	-1.154313e-01
5.957097e-01	7.068838e-01	-1.475475e-01
4.879321e-01	5.780177e-01	-7.112646e-02
6.047541e-01	5.801628e-01	-1.181062e-01
4.951722e-01	4.543293e-01	-1.534896e-01
5.959640e-01	4.543065e-01	-1.973371e-01
4.937450e-01	4.119446e-01	-1.837323e-01
5.994655e-01	4.173843e-01	-2.284761e-01
5.055164e-01	4.151374e-01	-2.122120e-01
5.886279e-01	4.174479e-01	-2.578366e-01
5.105212e-01	4.263788e-01	-1.669346e-01
5.836136e-01	4.286672e-01	-2.095900e-01
5.179313e-01	4.594815e-01	1.008961e-02
5.722615e-01	4.596748e-01	-1.004825e-02
5.154643e-01	2.876444e-01	5.899248e-02
5.725299e-01	2.893285e-01	1.242530e-02
5.192061e-01	1.347776e-01	2.241963e-01
5.673531e-01	1.332301e-01	1.649084e-01
5.249249e-01	1.151460e-01	2.341228e-01
5.625824e-01	1.159226e-01	1.733125e-01
5.095035e-01	7.948141e-02	1.280612e-01
5.715867e-01	7.004573e-02	5.664350e-02
5.434627e-01	7.951877e-01	-3.512560e-01
5.372296e-01	8.111051e-01	-3.352739e-01
5.332552e-01	8.106880e-01	-3.352750e-01
5.302583e-01	8.102531e-01	-3.351944e-01
5.479478e-01	8.127441e-01	-3.390242e-01
5.513910e-01	8.134229e-01	-3.390985e-01
5.553214e-01	8.141594e-01	-3.390512e-01
5.262616e-01	8.048285e-01	-2.181831e-01
5.617921e-01	8.084891e-01	-2.362411e-01
5.375196e-01	7.768675e-01	-3.050207e-01
5.514750e-01	7.785874e-01	-3.100496e-01
5.009565e-01	7.083265e-01	-1.235879e-01
5.976683e-01	7.094993e-01	-1.595572e-01
4.883155e-01	5.797665e-01	-7.441542e-02
6.063752e-01	5.797965e-01	-1.276919e-01
4.952222e-01	4.553571e-01	-1.582084e-01
5.958551e-01	4.525922e-01	-2.062280e-01
4.935357e-01	4.142862e-01	-1.882186e-01
5.993768e-01	4.158984e-01	-2.383826e-01
5.053070e-01	4.177405e-01	-2.181213e-01
5.884145e-01	4.163066e-01	-2.666555e-01
5.104904e-01	4.283738e-01	-1.720963e-01
5.833923e-01	4.277772e-01	-2.182257e-01
5.182148e-01	4.590859e-01	1.167251e-02
5.732846e-01	4.590223e-01	-1.163582e-02
5.153543e-01	2.866605e-01	6.551422e-02
5.732468e-01	2.864813e-01	2.737415e-02
5.190151e-01	1.347979e-01	2.450007e-01
5.676512e-01	1.330047e-01	2.041397e-01
5.249313e-01	1.151406e-01	2.567092e-01
5.625841e-01	1.156720e-01	2.151716e-01
5.092776e-01	7.942719e-02	1.510006e-01
5.715756e-01	7.012527e-02	9.743417e-02
5.439407e-01	7.969217e-01	-3.474059e-01
5.379449e-01	8.130559e-01	-3.319641e-01
5.339907e-01	8.127878e-01	-3.319626e-01
5.309452e-01	8.123940e-01	-3.318793e-01
5.485505e-01	8.143599e-01	-3.361256e-01
5.520844e-01	8.149400e-01	-3.362008e-01
5.560718e-01	8.154961e-01	-3.361570e-01
5.274922e-01	8.075870e-01	-2.153670e-01
5.630606e-01	8.102816e-01	-2.349928e-01
5.380594e-01	7.792981e-01	-3.010268e-01
5.520086e-01	7.805942e-01	-3.064664e-01
5.022730e-01	7.119163e-01	-1.160708e-01
5.983117e-01	7.135496e-01	-1.625916e-01
4.893583e-01	5.827402e-01	-6.944213e-02
6.071954e-01	5.801561e-01	-1.322684e-01
4.954192e-01	4.598348e-01	-1.467087e-01
5.957754e-01	4.552922e-01	-2.084329e-01
4.935360e-01	4.196720e-01	-1.741633e-01
5.993387e-01	4.181609e-01	-2.406050e-01
5.048276e-01	4.232552e-01	-2.066798e-01
5.881209e-01	4.197502e-01	-2.679804e-01
5.101731e-01	4.339384e-01	-1.614318e-01
5.831732e-01	4.311073e-01	-2.202071e-01
5.186865e-01	4.616276e-01	1.620694e-02
5.743242e-01	4.607166e-01	-1.617441e-02
5.145696e-01	2.863731e-01	7.234836e-02
5.738816e-01	2.848524e-01	2.257939e-02
5.188531e-01	1.353329e-01	2.478808e-01
5.677511e-01	1.329008e-01	1.905695e-01
5.249362e-01	1.153242e-01	2.591028e-01
5.625668e-01	1.155110e-01	2.006869e-01
5.085615e-01	7.968844e-02	1.555158e-01
5.714916e-01	7.010306e-02	8.373653e-02
5.445103e-01	7.991172e-01	-3.263952e-01
5.388578e-01	8.157686e-01	-3.107654e-01
5.349690e-01	8.155778e-01	-3.107625e-01
5.318372e-01	8.152493e-01	-3.106764e-01
5.493664e-01	8.170711e-01	-3.148869e-01
5.530227e-01	8.176565e-01	-3.149595e-01
5.570764e-01	8.182145e-01	-3.149167e-01
5.292978e-01	8.105674e-01	-1.960936e-01
5.649470e-01	8.125538e-01	-2.154929e-01
5.389169e-01	7.815040e-01	-2.811358e-01
5.527273e-01	7.827456e-01	-2.864738e-01
5.036215e-01	7.134746e-01	-1.034342e-01
6.003051e-01	7.138064e-01	-1.448171e-01
4.898613e-01	5.874318e-01	-4.965266e-02
6.080017e-01	5.818256e-01	-1.236095e-01
4.951764e-01	4.603997e-01	-1.249184e-01
5.960734e-01	4.589633e-01	-1.955682e-01
4.935049e-01	4.231736e-01	-1.515665e-01
5.992951e-01	4.223724e-01	-2.264227e-01
5.041493e-01	4.268969e-01	-1.829549e-01
5.882505e-01	4.242362e-01	-2.550801e-01
5.091183e-01	4.358894e-01	-1.393172e-01
5.834671e-01	4.356776e-01	-2.074579e-01
5.193890e-01	4.658194e-01	1.599850e-02
5.748276e-01	4.625418e-01	-1.596079e-02
5.149170e-01	2.902320e-01	6.932311e-02
5.742189e-01	2.862768e-01	2.095323e-02
5.188102e-01	1.354812e-01	2.327355e-01
5.677929e-01	1.330250e-01	1.812355e-01
5.249861e-01	1.153200e-01	2.425638e-01
5.625525e-01	1.155111e-01	1.903030e-01
5.079248e-01	7.988217e-02	1.381064e-01
5.714144e-01	7.011445e-02	7.226448e-02
5.462390e-01	7.990933e-01	-3.557025e-01
5.406011e-01	8.156734e-01	-3.401881e-01
5.367884e-01	8.156005e-01	-3.402047e-01
5.332311e-01	8.152803e-01	-3.401356e-01
5.510700e-01	8.169776e-01	-3.447214e-01
5.548424e-01	8.175996e-01	-3.447906e-01
5.587820e-01	8.178812e-01	-3.447900e-01
5.305802e-01	8.107202e-01	-2.180324e-01
5.666636e-01	8.128461e-01	-2.388179e-01
5.405261e-01	7.812860e-01	-3.068122e-01
5.542316e-01	7.830333e-01	-3.125297e-01
5.044105e-01	7.135435e-01	-1.082715e-01
6.012344e-01	7.149942e-01	-1.552501e-01
4.919051e-01	5.891562e-01	-4.311795e-02
6.074204e-01	5.829014e-01	-1.188070e-01
4.953359e-01	4.635612e-01	-1.167147e-01
5.962451e-01	4.612599e-01	-1.937656e-01
4.937287e-01	4.277012e-01	-1.412709e-01
5.992457e-01	4.250836e-01	-2.223849e-01
5.015197e-01	4.276446e-01	-1.722992e-01
5.887123e-01	4.270580e-01	-2.524469e-01
5.054238e-01	4.374147e-01	-1.312425e-01
5.842908e-01	4.386076e-01	-2.059545e-01
5.199811e-01	4.681018e-01	1.568932e-02
5.749196e-01	4.663670e-01	-1.565340e-02
5.150943e-01	2.918414e-01	5.785034e-02
5.747647e-01	2.877508e-01	1.114903e-02
5.186778e-01	1.354675e-01	2.294288e-01
5.678617e-01	1.330466e-01	1.759890e-01
5.249748e-01	1.152949e-01	2.379428e-01
5.625409e-01	1.154307e-01	1.847080e-01
5.075577e-01	7.959640e-02	1.125327e-01
5.713352e-01	7.011691e-02	5.887540e-02
5.475913e-01	7.966489e-01	-3.856914e-01
5.419234e-01	8.137683e-01	-3.717212e-01
5.381594e-01	8.137969e-01	-3.717355e-01
5.344133e-01	8.138155e-01	-3.716745e-01
5.524619e-01	8.148267e-01	-3.763062e-01
5.564090e-01	8.155218e-01	-3.763666e-01
5.604708e-01	8.158766e-01	-3.763770e-01
5.317152e-01	8.096675e-01	-2.475142e-01
5.682497e-01	8.115237e-01	-2.690694e-01
5.416612e-01	7.787885e-01	-3.350227e-01
5.553735e-01	7.804555e-01	-3.409543e-01
5.056948e-01	7.146484e-01	-1.284438e-01
6.018651e-01	7.157278e-01	-1.754467e-01
4.953783e-01	5.886249e-01	-4.699366e-02
6.073974e-01	5.847785e-01	-1.266605e-01
4.953920e-01	4.654878e-01	-1.240619e-01
5.995843e-01	4.625027e-01	-1.965773e-01
4.932696e-01	4.287595e-01	-1.484178e-01
6.013806e-01	4.274366e-01	-2.227778e-01
4.972135e-01	4.282569e-01	-1.798327e-01
5.926743e-01	4.289894e-01	-2.540765e-01
5.012441e-01	4.392337e-01	-1.385127e-01
5.884261e-01	4.403570e-01	-2.091579e-01
5.204510e-01	4.692608e-01	1.549816e-02
5.749351e-01	4.675061e-01	-1.547194e-02
5.153194e-01	2.930385e-01	5.705624e-02
5.749381e-01	2.897940e-01	1.007622e-02
5.186316e-01	1.361137e-01	2.254959e-01
5.679299e-01	1.339500e-01	1.763514e-01
5.249609e-01	1.162056e-01	2.345044e-01
5.624780e-01	1.162832e-01	1.854627e-01
5.078098e-01	7.981283e-02	1.129841e-01
5.711526e-01	7.089122e-02	5.867714e-02
5.480442e-01	7.967204e-01	-3.559394e-01
5.427089e-01	8.139902e-01	-3.410292e-01
5.389714e-01	8.141562e-01	-3.410507e-01
5.353836e-01	8.144065e-01	-3.409879e-01
5.531725e-01	8.146948e-01	-3.468897e-01
5.570642e-01	8.153281e-01	-3.469437e-01
5.612317e-01	8.157496e-01	-3.469307e-01
5.332222e-01	8.102435e-01	-2.195796e-01
5.693170e-01	8.110701e-01	-2.463298e-01
5.423618e-01	7.789056e-01	-3.068560e-01
5.558933e-01	7.802805e-01	-3.141854e-01
5.087270e-01	7.200129e-01	-1.192593e-01
6.031222e-01	7.181306e-01	-1.608696e-01
4.983872e-01	5.970421e-01	-2.039522e-02
6.085876e-01	5.900090e-01	-1.237074e-01
4.941478e-01	4.774550e-01	-9.332354e-02
6.036974e-01	4.632524e-01	-1.894710e-01
4.892563e-01	4.398308e-01	-1.145916e-01
6.044723e-01	4.288051e-01	-2.146210e-01
4.922821e-01	4.374284e-01	-1.495066e-01
5.988909e-01	4.292188e-01	-2.472635e-01
4.970280e-01	4.496123e-01	-1.093881e-01
5.950646e-01	4.413565e-01	-2.028776e-01
5.226542e-01	4.716790e-01	1.685949e-02
5.758830e-01	4.683610e-01	-1.684915e-02
5.157411e-01	2.944340e-01	5.138667e-02
5.746199e-01	2.942205e-01	-3.435027e-03
5.186030e-01	1.376400e-01	1.935911e-01
5.679224e-01	1.352364e-01	1.429833e-01
5.247812e-01	1.184176e-01	1.997864e-01
5.624932e-01	1.172290e-01	1.498006e-01
5.079145e-01	8.024991e-02	7.988730e-02
5.704246e-01	7.219856e-02	2.021944e-02
