5.643691e-01	8.641155e-01	-2.366213e-01
5.624320e-01	8.760972e-01	-2.176092e-01
5.592664e-01	8.755111e-01	-2.176149e-01
5.557910e-01	8.749598e-01	-2.175622e-01
5.713338e-01	8.757956e-01	-2.243489e-01
5.745922e-01	8.751215e-01	-2.244253e-01
5.783854e-01	8.743768e-01	-2.243798e-01
5.539429e-01	8.640742e-01	-1.057120e-01
5.848252e-01	8.640788e-01	-1.391304e-01
5.587567e-01	8.454316e-01	-1.944617e-01
5.710968e-01	8.452212e-01	-2.038222e-01
5.308220e-01	7.672113e-01	-2.436249e-02
6.071758e-01	7.630631e-01	-1.002754e-01
5.199329e-01	6.494911e-01	1.717497e-02
6.153009e-01	6.425392e-01	-7.955867e-02
5.142019e-01	5.530663e-01	-7.296388e-02
6.191533e-01	5.370271e-01	-1.554120e-01
5.075825e-01	5.204965e-01	-9.952678e-02
6.228735e-01	5.067493e-01	-1.858245e-01
5.110308e-01	5.217864e-01	-1.322210e-01
6.175797e-01	5.069237e-01	-2.174337e-01
5.163603e-01	5.313958e-01	-8.867985e-02
6.134114e-01	5.159501e-01	-1.700320e-01
5.383062e-01	5.422940e-01	3.452410e-02
5.850320e-01	5.373190e-01	-3.442670e-02
5.350262e-01	3.946745e-01	1.009931e-01
5.884808e-01	3.814813e-01	-3.589743e-02
5.338603e-01	2.547615e-01	2.522349e-01
5.901538e-01	2.287474e-01	7.040241e-02
5.397491e-01	2.312823e-01	2.625483e-01
5.893230e-01	2.090074e-01	7.547655e-02
5.126996e-01	2.166587e-01	1.815717e-01
5.871028e-01	1.810037e-01	-3.794729e-02
5.648344e-01	8.729630e-01	-2.150044e-01
5.624378e-01	8.821248e-01	-1.950992e-01
5.593199e-01	8.811499e-01	-1.951057e-01
5.558934e-01	8.799331e-01	-1.950571e-01
5.714958e-01	8.822170e-01	-2.017051e-01
5.749413e-01	8.811107e-01	-2.017790e-01
5.785409e-01	8.797082e-01	-2.017403e-01
5.540187e-01	8.658913e-01	-8.801399e-02
5.849122e-01	8.655870e-01	-1.200737e-01
5.589439e-01	8.525562e-01	-1.755276e-01
5.718052e-01	8.517058e-01	-1.845457e-01
5.308621e-01	7.671712e-01	-1.740779e-02
6.069424e-01	7.628945e-01	-8.568355e-02
5.198795e-01	6.493978e-01	1.716948e-02
6.153064e-01	6.425503e-01	-6.877930e-02
5.141329e-01	5.530519e-01	-7.320239e-02
6.188241e-01	5.376301e-01	-1.435909e-01
5.075924e-01	5.206649e-01	-1.000212e-01
6.223921e-01	5.074165e-01	-1.750025e-01
5.110715e-01	5.222104e-01	-1.323863e-01
6.174272e-01	5.073996e-01	-2.047258e-01
5.163344e-01	5.319347e-01	-8.885945e-02
6.134001e-01	5.168688e-01	-1.576190e-01
5.380094e-01	5.425557e-01	3.440881e-02
5.847520e-01	5.385879e-01	-3.431135e-02
5.346205e-01	3.908371e-01	7.609288e-02
5.885084e-01	3.814176e-01	-3.069821e-02
5.329709e-01	2.553123e-01	2.569619e-01
5.896429e-01	2.307138e-01	1.177300e-01
5.385289e-01	2.332521e-01	2.703531e-01
5.886122e-01	2.115263e-01	1.265502e-01
5.117154e-01	2.169691e-01	1.867557e-01
5.868493e-01	1.836755e-01	1.248941e-02
5.649181e-01	8.765604e-01	-2.068021e-01
5.624325e-01	8.848951e-01	-1.864903e-01
5.593325e-01	8.838444e-01	-1.864993e-01
5.559288e-01	8.824465e-01	-1.864505e-01
5.715309e-01	8.850856e-01	-1.941564e-01
5.750781e-01	8.838851e-01	-1.942287e-01
5.786000e-01	8.823128e-01	-1.941830e-01
5.541086e-01	8.671119e-01	-7.928016e-02
5.850023e-01	8.667701e-01	-1.159806e-01
5.589782e-01	8.556569e-01	-1.673439e-01
5.719999e-01	8.547606e-01	-1.777413e-01
5.310986e-01	7.671457e-01	-9.119431e-03
6.068485e-01	7.627662e-01	-8.496661e-02
5.199012e-01	6.494486e-01	2.345524e-02
6.153163e-01	6.425403e-01	-7.011066e-02
5.133917e-01	5.537860e-01	-6.739604e-02
6.186799e-01	5.382686e-01	-1.444872e-01
5.069802e-01	5.219643e-01	-9.415673e-02
6.222280e-01	5.079777e-01	-1.759205e-01
5.104260e-01	5.237926e-01	-1.263836e-01
6.174078e-01	5.078114e-01	-2.055214e-01
5.153765e-01	5.338237e-01	-8.318807e-02
6.134163e-01	5.176313e-01	-1.584336e-01
5.377502e-01	5.435409e-01	3.516395e-02
5.845059e-01	5.398111e-01	-3.506321e-02
5.343475e-01	3.899960e-01	7.462593e-02
5.885144e-01	3.814018e-01	-3.099651e-02
5.324127e-01	2.556157e-01	2.571452e-01
5.895643e-01	2.318853e-01	1.146391e-01
5.378484e-01	2.346061e-01	2.705662e-01
5.885748e-01	2.134435e-01	1.231736e-01
5.112830e-01	2.173554e-01	1.873025e-01
5.863533e-01	1.844310e-01	9.186554e-03
5.649643e-01	8.775281e-01	-2.049759e-01
5.624213e-01	8.858286e-01	-1.848464e-01
5.593365e-01	8.847526e-01	-1.848550e-01
5.559440e-01	8.833064e-01	-1.848046e-01
5.715474e-01	8.861080e-01	-1.927364e-01
5.751585e-01	8.849273e-01	-1.928064e-01
5.786382e-01	8.833506e-01	-1.927547e-01
5.541741e-01	8.676719e-01	-7.804130e-02
5.850636e-01	8.674724e-01	-1.157878e-01
5.590061e-01	8.565945e-01	-1.655900e-01
5.721540e-01	8.557301e-01	-1.763034e-01
5.313951e-01	7.671422e-01	-7.413364e-03
6.068228e-01	7.627766e-01	-8.501466e-02
5.198900e-01	6.495050e-01	2.617354e-02
6.153207e-01	6.425601e-01	-7.060970e-02
5.117636e-01	5.544905e-01	-6.647696e-02
6.184852e-01	5.386901e-01	-1.454890e-01
5.058938e-01	5.224123e-01	-9.357627e-02
6.220988e-01	5.083131e-01	-1.770398e-01
5.092859e-01	5.244705e-01	-1.261308e-01
6.172510e-01	5.081850e-01	-2.068075e-01
5.139573e-01	5.350110e-01	-8.242827e-02
6.133546e-01	5.182340e-01	-1.594376e-01
5.373636e-01	5.446368e-01	3.534583e-02
5.843109e-01	5.409107e-01	-3.524269e-02
5.340544e-01	3.891806e-01	6.982201e-02
5.885087e-01	3.814126e-01	-3.073251e-02
5.319916e-01	2.554545e-01	2.537357e-01
5.895187e-01	2.329004e-01	1.178783e-01
5.373628e-01	2.346128e-01	2.679357e-01
5.885769e-01	2.149031e-01	1.267520e-01
5.112849e-01	2.172530e-01	1.825473e-01
5.860708e-01	1.851771e-01	1.284791e-02
5.650228e-01	8.776582e-01	-2.082743e-01
5.624143e-01	8.860762e-01	-1.884649e-01
5.593428e-01	8.850092e-01	-1.884743e-01
5.559593e-01	8.835828e-01	-1.884231e-01
5.715762e-01	8.864152e-01	-1.964330e-01
5.752560e-01	8.852730e-01	-1.965022e-01
5.786949e-01	8.837309e-01	-1.964526e-01
5.542075e-01	8.680289e-01	-8.123498e-02
5.851392e-01	8.678693e-01	-1.190753e-01
5.590356e-01	8.569726e-01	-1.685522e-01
5.722921e-01	8.561287e-01	-1.793405e-01
5.316073e-01	7.671912e-01	-8.483579e-03
6.068224e-01	7.628452e-01	-8.676781e-02
5.194119e-01	6.507142e-01	2.912527e-02
6.152283e-01	6.431441e-01	-7.132136e-02
5.090781e-01	5.592684e-01	-6.264299e-02
6.181967e-01	5.397540e-01	-1.462141e-01
5.034512e-01	5.267737e-01	-8.945696e-02
6.218047e-01	5.094283e-01	-1.776961e-01
5.061169e-01	5.282859e-01	-1.227277e-01
6.170341e-01	5.091920e-01	-2.076223e-01
5.107370e-01	5.401230e-01	-7.887527e-02
6.132665e-01	5.194629e-01	-1.602145e-01
5.364771e-01	5.467341e-01	3.533861e-02
5.836903e-01	5.422046e-01	-3.523555e-02
5.336973e-01	3.891321e-01	6.562437e-02
5.882214e-01	3.818135e-01	-3.049690e-02
5.317281e-01	2.552700e-01	2.421819e-01
5.892395e-01	2.339298e-01	1.173004e-01
5.369831e-01	2.345753e-01	2.549203e-01
5.885513e-01	2.163129e-01	1.260292e-01
5.117413e-01	2.167988e-01	1.661549e-01
5.855159e-01	1.857150e-01	1.119140e-02
5.650172e-01	8.776665e-01	-1.925388e-01
5.624077e-01	8.862558e-01	-1.726850e-01
5.593535e-01	8.852547e-01	-1.726906e-01
5.559934e-01	8.839057e-01	-1.726408e-01
5.715795e-01	8.864712e-01	-1.814891e-01
5.752858e-01	8.853080e-01	-1.815428e-01
5.787125e-01	8.837401e-01	-1.814730e-01
5.543214e-01	8.685271e-01	-6.699444e-02
5.852436e-01	8.679836e-01	-1.087059e-01
5.590312e-01	8.573228e-01	-1.533926e-01
5.722885e-01	8.562213e-01	-1.652292e-01
5.318371e-01	7.674209e-01	4.158981e-03
6.068182e-01	7.631329e-01	-8.185749e-02
5.192131e-01	6.521509e-01	4.221278e-02
6.144820e-01	6.448581e-01	-6.951729e-02
5.038628e-01	5.632521e-01	-4.936699e-02
6.170765e-01	5.424505e-01	-1.423189e-01
4.980358e-01	5.301867e-01	-7.516516e-02
6.212424e-01	5.119489e-01	-1.732697e-01
4.996932e-01	5.316269e-01	-1.100555e-01
6.167145e-01	5.110319e-01	-2.034058e-01
5.044851e-01	5.441707e-01	-6.636067e-02
6.128953e-01	5.215973e-01	-1.564322e-01
5.361094e-01	5.482211e-01	3.682880e-02
5.834380e-01	5.433425e-01	-3.672753e-02
5.329975e-01	3.891885e-01	6.561062e-02
5.879046e-01	3.820052e-01	-3.139603e-02
5.312319e-01	2.545633e-01	2.296439e-01
5.885261e-01	2.344141e-01	1.087270e-01
5.366976e-01	2.339800e-01	2.408994e-01
5.880886e-01	2.167239e-01	1.165391e-01
5.111926e-01	2.167608e-01	1.560492e-01
5.849000e-01	1.861661e-01	2.968126e-03
5.650148e-01	8.784388e-01	-2.018618e-01
5.623854e-01	8.866840e-01	-1.822857e-01
5.593518e-01	8.856757e-01	-1.822915e-01
5.559934e-01	8.843001e-01	-1.822405e-01
5.715791e-01	8.868456e-01	-1.901336e-01
5.752869e-01	8.856617e-01	-1.902017e-01
5.787126e-01	8.840551e-01	-1.901473e-01
5.543259e-01	8.689089e-01	-7.434838e-02
5.852453e-01	8.681750e-01	-1.132308e-01
5.590158e-01	8.581099e-01	-1.620692e-01
5.722846e-01	8.569880e-01	-1.727968e-01
5.318412e-01	7.674567e-01	1.707623e-03
6.067500e-01	7.636961e-01	-8.351009e-02
5.184513e-01	6.521260e-01	4.293161e-02
6.142141e-01	6.474906e-01	-7.597324e-02
4.987190e-01	5.660514e-01	-4.826469e-02
6.171032e-01	5.448871e-01	-1.512817e-01
4.920910e-01	5.328897e-01	-7.342374e-02
6.216272e-01	5.145720e-01	-1.823611e-01
4.918121e-01	5.337797e-01	-1.095675e-01
6.171927e-01	5.132209e-01	-2.130180e-01
4.963668e-01	5.455278e-01	-6.590337e-02
6.133474e-01	5.239234e-01	-1.658843e-01
5.359851e-01	5.497434e-01	3.822498e-02
5.833046e-01	5.444369e-01	-3.811543e-02
5.321822e-01	3.892619e-01	6.146353e-02
5.878348e-01	3.823155e-01	-3.384610e-02
5.308184e-01	2.542448e-01	2.216962e-01
5.881770e-01	2.343319e-01	1.052638e-01
5.365458e-01	2.336293e-01	2.322696e-01
5.878838e-01	2.165359e-01	1.128201e-01
5.096942e-01	2.172784e-01	1.457599e-01
5.845421e-01	1.862570e-01	-8.345429e-04
5.650302e-01	8.780600e-01	-1.992195e-01
5.623847e-01	8.864609e-01	-1.795553e-01
5.593733e-01	8.854737e-01	-1.795697e-01
5.560363e-01	8.841354e-01	-1.795296e-01
5.715826e-01	8.865794e-01	-1.871440e-01
5.752908e-01	8.854131e-01	-1.871944e-01
5.787092e-01	8.838497e-01	-1.871252e-01
5.543607e-01	8.688945e-01	-7.328762e-02
5.852355e-01	8.680717e-01	-1.098525e-01
5.590214e-01	8.578750e-01	-1.600285e-01
5.722808e-01	8.567283e-01	-1.702994e-01
5.318038e-01	7.675430e-01	-3.995866e-04
6.066983e-01	7.639680e-01	-7.754183e-02
5.150040e-01	6.531356e-01	4.070934e-02
6.142220e-01	6.496628e-01	-6.403586e-02
4.896463e-01	5.697737e-01	-4.833656e-02
6.176677e-01	5.517853e-01	-1.388421e-01
4.827810e-01	5.386508e-01	-7.289542e-02
6.233765e-01	5.223699e-01	-1.679749e-01
4.823250e-01	5.391861e-01	-1.090772e-01
6.191262e-01	5.204520e-01	-2.000851e-01
4.863494e-01	5.495514e-01	-6.575733e-02
6.150734e-01	5.307097e-01	-1.540502e-01
5.359233e-01	5.506061e-01	3.681157e-02
5.832831e-01	5.451827e-01	-3.670410e-02
5.317886e-01	3.892924e-01	4.942764e-02
5.877703e-01	3.828279e-01	-3.591374e-02
5.307230e-01	2.537984e-01	1.960438e-01
5.880360e-01	2.342466e-01	9.227718e-02
5.364515e-01	2.332162e-01	2.051166e-01
5.877985e-01	2.164898e-01	9.841051e-02
5.083028e-01	2.199613e-01	1.178070e-01
5.844382e-01	1.862181e-01	-1.602394e-02
5.650301e-01	8.778721e-01	-1.713300e-01
5.623840e-01	8.863192e-01	-1.517947e-01
5.593996e-01	8.853424e-01	-1.518155e-01
5.560941e-01	8.840239e-01	-1.517739e-01
5.715794e-01	8.864037e-01	-1.597374e-01
5.752863e-01	8.852391e-01	-1.597726e-01
5.786880e-01	8.836917e-01	-1.596783e-01
5.544040e-01	8.688720e-01	-5.080279e-02
5.852004e-01	8.679984e-01	-8.818498e-02
5.590210e-01	8.577662e-01	-1.343533e-01
5.722152e-01	8.565915e-01	-1.450027e-01
5.316583e-01	7.676787e-01	1.402238e-02
6.066431e-01	7.648606e-01	-6.167480e-02
5.110874e-01	6.581277e-01	5.588160e-02
6.143635e-01	6.552513e-01	-5.074766e-02
4.816032e-01	5.758265e-01	-2.946260e-02
6.179029e-01	5.620798e-01	-1.272423e-01
4.730323e-01	5.474682e-01	-5.380747e-02
6.243322e-01	5.321092e-01	-1.578730e-01
4.729959e-01	5.475509e-01	-9.012181e-02
6.198165e-01	5.306991e-01	-1.897438e-01
4.776742e-01	5.568715e-01	-4.690021e-02
6.155810e-01	5.408279e-01	-1.426500e-01
5.359961e-01	5.504426e-01	3.511892e-02
5.833153e-01	5.451615e-01	-3.501415e-02
5.316206e-01	3.889508e-01	3.444650e-02
5.877042e-01	3.826847e-01	-3.637943e-02
5.307279e-01	2.518300e-01	1.796315e-01
5.880405e-01	2.339674e-01	9.256016e-02
5.364379e-01	2.319229e-01	1.884053e-01
5.877954e-01	2.164419e-01	9.846318e-02
5.082759e-01	2.194707e-01	9.732442e-02
5.844554e-01	1.861835e-01	-1.554034e-02
5.650303e-01	8.776771e-01	-1.653639e-01
5.623832e-01	8.861961e-01	-1.461525e-01
5.594158e-01	8.852274e-01	-1.461791e-01
5.561297e-01	8.839254e-01	-1.461426e-01
5.715730e-01	8.862643e-01	-1.529134e-01
5.752764e-01	8.851133e-01	-1.529392e-01
5.786577e-01	8.836088e-01	-1.528528e-01
5.544207e-01	8.688513e-01	-4.632494e-02
5.851387e-01	8.677931e-01	-7.803515e-02
5.590214e-01	8.576218e-01	-1.289240e-01
5.721748e-01	8.564385e-01	-1.379446e-01
5.312409e-01	7.680152e-01	1.479110e-02
6.064968e-01	7.655640e-01	-4.859123e-02
5.058628e-01	6.670033e-01	5.462757e-02
6.143818e-01	6.595291e-01	-3.738751e-02
4.752533e-01	5.844063e-01	-3.334364e-02
6.188095e-01	5.713669e-01	-1.189364e-01
4.648926e-01	5.587872e-01	-5.871998e-02
6.257538e-01	5.406922e-01	-1.503741e-01
4.644834e-01	5.576409e-01	-9.493425e-02
6.215150e-01	5.401448e-01	-1.827813e-01
4.697859e-01	5.659615e-01	-5.073848e-02
6.169146e-01	5.506274e-01	-1.348537e-01
5.364388e-01	5.502996e-01	3.089430e-02
5.833905e-01	5.453025e-01	-3.079041e-02
5.316179e-01	3.882290e-01	2.188208e-02
5.873278e-01	3.826166e-01	-3.710816e-02
5.307353e-01	2.500473e-01	1.650894e-01
5.878880e-01	2.339111e-01	9.296524e-02
5.364528e-01	2.310836e-01	1.734310e-01
5.875125e-01	2.163246e-01	9.916006e-02
5.091434e-01	2.174335e-01	7.781018e-02
5.843665e-01	1.863721e-01	-1.533963e-02
5.651606e-01	8.776460e-01	-1.581071e-01
5.623969e-01	8.860049e-01	-1.387486e-01
5.594544e-01	8.849810e-01	-1.387803e-01
5.561959e-01	8.836309e-01	-1.387452e-01
5.715984e-01	8.861355e-01	-1.456924e-01
5.752996e-01	8.849431e-01	-1.457094e-01
5.786585e-01	8.833729e-01	-1.456211e-01
5.544263e-01	8.686717e-01	-3.836391e-02
5.851092e-01	8.673368e-01	-7.088972e-02
5.590829e-01	8.575968e-01	-1.215063e-01
5.722139e-01	8.563735e-01	-1.307956e-01
5.309207e-01	7.684513e-01	2.227040e-02
6.064414e-01	7.663313e-01	-4.093690e-02
5.012055e-01	6.759562e-01	6.263025e-02
6.145812e-01	6.654990e-01	-3.495041e-02
4.649852e-01	5.998709e-01	-3.029611e-02
6.198035e-01	5.807600e-01	-1.241785e-01
4.537384e-01	5.739538e-01	-5.641986e-02
6.269532e-01	5.507493e-01	-1.566506e-01
4.535328e-01	5.728205e-01	-9.371197e-02
6.225520e-01	5.519292e-01	-1.883855e-01
4.587337e-01	5.813500e-01	-4.827461e-02
6.179140e-01	5.625377e-01	-1.399308e-01
5.368438e-01	5.502038e-01	2.904699e-02
5.836896e-01	5.456428e-01	-2.893532e-02
5.316389e-01	3.870351e-01	1.315369e-02
5.871048e-01	3.823447e-01	-4.224650e-02
5.309314e-01	2.485917e-01	1.628719e-01
5.876213e-01	2.337624e-01	9.223945e-02
5.366324e-01	2.303058e-01	1.717635e-01
5.870318e-01	2.160287e-01	9.854137e-02
5.103129e-01	2.144593e-01	7.441916e-02
5.843463e-01	1.864353e-01	-1.860175e-02
5.660278e-01	8.772917e-01	-1.383549e-01
5.626484e-01	8.852037e-01	-1.195171e-01
5.596701e-01	8.840080e-01	-1.195580e-01
5.565089e-01	8.825818e-01	-1.195213e-01
5.719951e-01	8.857010e-01	-1.272695e-01
5.755783e-01	8.845367e-01	-1.272745e-01
5.787715e-01	8.829826e-01	-1.271784e-01
5.544702e-01	8.681747e-01	-2.111098e-02
5.850698e-01	8.669738e-01	-5.722567e-02
5.595366e-01	8.572797e-01	-1.023019e-01
5.727427e-01	8.562472e-01	-1.126543e-01
5.307566e-01	7.697236e-01	4.146688e-02
6.064424e-01	7.672873e-01	-2.993358e-02
4.977304e-01	6.872866e-01	8.903362e-02
6.150841e-01	6.718407e-01	-3.007268e-02
4.569739e-01	6.207668e-01	1.908418e-03
6.204255e-01	5.900465e-01	-1.242182e-01
4.426758e-01	5.963405e-01	-2.200243e-02
6.272632e-01	5.633905e-01	-1.575148e-01
4.421859e-01	5.962323e-01	-6.023221e-02
6.230906e-01	5.652006e-01	-1.879743e-01
4.481935e-01	6.029806e-01	-1.652605e-02
6.187506e-01	5.738727e-01	-1.397612e-01
5.368786e-01	5.502627e-01	2.916140e-02
5.838262e-01	5.463352e-01	-2.904540e-02
5.314701e-01	3.870847e-01	7.447728e-03
5.868315e-01	3.823469e-01	-4.986085e-02
5.309387e-01	2.485175e-01	1.552056e-01
5.870915e-01	2.336979e-01	8.363122e-02
5.366431e-01	2.302052e-01	1.637427e-01
5.859423e-01	2.158035e-01	8.939295e-02
5.103638e-01	2.139439e-01	6.589241e-02
5.843527e-01	1.865221e-01	-2.991045e-02
5.662491e-01	8.770478e-01	-1.475179e-01
5.626790e-01	8.844512e-01	-1.271133e-01
5.597038e-01	8.831221e-01	-1.271644e-01
5.565611e-01	8.816261e-01	-1.271285e-01
5.720600e-01	8.853078e-01	-1.367058e-01
5.756276e-01	8.841779e-01	-1.367191e-01
5.787784e-01	8.826252e-01	-1.366269e-01
5.544726e-01	8.674846e-01	-2.016287e-02
5.850451e-01	8.664176e-01	-6.503849e-02
5.596989e-01	8.569810e-01	-1.082452e-01
5.729380e-01	8.561132e-01	-1.210845e-01
5.306863e-01	7.702637e-01	5.125745e-02
6.064855e-01	7.677081e-01	-4.233082e-02
4.936172e-01	6.975946e-01	1.012295e-01
6.151310e-01	6.829742e-01	-8.845305e-02
4.510604e-01	6.385159e-01	1.580108e-02
6.203091e-01	6.154358e-01	-2.352427e-01
4.355454e-01	6.199332e-01	-6.696821e-03
6.267303e-01	5.887204e-01	-2.769778e-01
4.347347e-01	6.200252e-01	-4.531385e-02
6.229238e-01	5.928310e-01	-3.016810e-01
4.408274e-01	6.245853e-01	-2.992013e-03
6.186695e-01	6.018877e-01	-2.501395e-01
5.368840e-01	5.504728e-01	3.011226e-02
5.838852e-01	5.469433e-01	-2.999256e-02
5.313789e-01	3.876153e-01	1.289313e-02
5.865936e-01	3.830141e-01	-5.441587e-02
5.309316e-01	2.485766e-01	1.610506e-01
5.865306e-01	2.336583e-01	7.899810e-02
5.366201e-01	2.303584e-01	1.693601e-01
5.851967e-01	2.156859e-01	8.462219e-02
5.103717e-01	2.139562e-01	7.031448e-02
5.843476e-01	1.866675e-01	-3.716025e-02
5.660036e-01	8.761246e-01	-1.562318e-01
5.625735e-01	8.836146e-01	-1.346694e-01
5.596509e-01	8.824049e-01	-1.347242e-01
5.565182e-01	8.810437e-01	-1.346886e-01
5.719022e-01	8.843163e-01	-1.449188e-01
5.754989e-01	8.831379e-01	-1.449515e-01
5.786523e-01	8.815207e-01	-1.448686e-01
5.544568e-01	8.671839e-01	-2.138153e-02
5.849715e-01	8.652660e-01	-7.038151e-02
5.596037e-01	8.565276e-01	-1.150650e-01
5.726474e-01	8.553110e-01	-1.288392e-01
5.306349e-01	7.705008e-01	5.361428e-02
6.061639e-01	7.683613e-01	-4.948153e-02
4.908603e-01	7.098545e-01	9.348412e-02
6.144109e-01	6.920928e-01	-1.679466e-01
4.459685e-01	6.613460e-01	6.166114e-03
6.174703e-01	6.376466e-01	-3.687419e-01
4.303833e-01	6.468884e-01	-1.518531e-02
6.231582e-01	6.135458e-01	-4.189202e-01
4.290361e-01	6.483193e-01	-5.306012e-02
6.201063e-01	6.185683e-01	-4.358983e-01
4.354775e-01	6.509748e-01	-1.231436e-02
6.158032e-01	6.276664e-01	-3.821058e-01
5.369092e-01	5.504447e-01	3.470616e-02
5.836012e-01	5.469322e-01	-3.458570e-02
5.313362e-01	3.879433e-01	2.214134e-02
5.864260e-01	3.833675e-01	-5.360866e-02
5.309316e-01	2.488514e-01	1.686684e-01
5.862657e-01	2.333778e-01	6.971511e-02
5.366259e-01	2.303955e-01	1.765786e-01
5.847443e-01	2.145304e-01	7.471012e-02
5.102307e-01	2.141846e-01	8.228318e-02
5.844932e-01	1.867882e-01	-4.383140e-02
5.659953e-01	8.753600e-01	-1.233843e-01
5.625511e-01	8.830705e-01	-1.027717e-01
5.596479e-01	8.819371e-01	-1.028208e-01
5.565187e-01	8.806550e-01	-1.027668e-01
5.718915e-01	8.837513e-01	-1.140005e-01
5.754979e-01	8.826049e-01	-1.140304e-01
5.786471e-01	8.810014e-01	-1.139343e-01
5.544418e-01	8.670438e-01	3.977736e-03
5.849391e-01	8.648808e-01	-4.793689e-02
5.595980e-01	8.559022e-01	-8.409171e-02
5.726202e-01	8.546385e-01	-9.902070e-02
5.305708e-01	7.706497e-01	7.293399e-02
6.054031e-01	7.693195e-01	-5.108801e-02
4.890444e-01	7.193258e-01	9.744047e-02
6.115350e-01	7.007796e-01	-1.893890e-01
4.423455e-01	6.886037e-01	8.500886e-03
6.098033e-01	6.597277e-01	-4.051862e-01
4.238409e-01	6.758532e-01	-1.188586e-02
6.157343e-01	6.410749e-01	-4.588140e-01
4.238980e-01	6.777812e-01	-4.751690e-02
6.121569e-01	6.458563e-01	-4.702234e-01
4.312775e-01	6.803276e-01	-9.557461e-03
6.082049e-01	6.511896e-01	-4.169805e-01
5.373511e-01	5.484635e-01	3.661143e-02
5.839022e-01	5.460220e-01	-3.649612e-02
5.313386e-01	3.876057e-01	2.521585e-02
5.864282e-01	3.822803e-01	-5.153752e-02
5.298375e-01	2.485842e-01	1.710481e-01
5.860909e-01	2.325183e-01	7.110521e-02
5.354478e-01	2.295594e-01	1.786961e-01
5.841658e-01	2.130361e-01	7.613374e-02
5.101339e-01	2.138136e-01	8.481981e-02
5.845974e-01	1.867795e-01	-4.094410e-02
5.659282e-01	8.734542e-01	-1.224574e-01
5.624672e-01	8.817171e-01	-1.019091e-01
5.596181e-01	8.808616e-01	-1.019541e-01
5.565073e-01	8.798720e-01	-1.018981e-01
5.717905e-01	8.820259e-01	-1.121741e-01
5.754366e-01	8.809167e-01	-1.122030e-01
5.785989e-01	8.793917e-01	-1.121021e-01
5.544139e-01	8.670235e-01	4.810023e-03
5.848075e-01	8.640637e-01	-4.283676e-02
5.595580e-01	8.547704e-01	-8.319640e-02
5.725328e-01	8.532768e-01	-9.687889e-02
5.305679e-01	7.713941e-01	7.113545e-02
6.038674e-01	7.736515e-01	-5.247882e-02
4.863235e-01	7.289023e-01	8.651821e-02
6.057030e-01	7.115480e-01	-2.127661e-01
4.339622e-01	7.066790e-01	-1.687124e-03
6.005570e-01	6.935432e-01	-4.337414e-01
4.168487e-01	6.964896e-01	-2.490760e-02
6.040559e-01	6.767241e-01	-4.881454e-01
4.173819e-01	6.978012e-01	-6.074220e-02
5.984380e-01	6.794643e-01	-4.945921e-01
4.243059e-01	6.990595e-01	-1.980274e-02
5.952715e-01	6.846467e-01	-4.438519e-01
5.379506e-01	5.477121e-01	3.667920e-02
5.841757e-01	5.456784e-01	-3.656555e-02
5.316986e-01	3.870132e-01	3.273205e-02
5.864688e-01	3.803711e-01	-4.950641e-02
5.287841e-01	2.486129e-01	1.710785e-01
5.861044e-01	2.312923e-01	7.145740e-02
5.344316e-01	2.295668e-01	1.780232e-01
5.840222e-01	2.116220e-01	7.621739e-02
5.101987e-01	2.138226e-01	8.176918e-02
5.848547e-01	1.867530e-01	-4.110307e-02
5.655067e-01	8.698355e-01	-1.381180e-01
5.621899e-01	8.788944e-01	-1.184541e-01
5.594333e-01	8.783587e-01	-1.184925e-01
5.563623e-01	8.777679e-01	-1.184454e-01
5.714146e-01	8.788786e-01	-1.278089e-01
5.751297e-01	8.778933e-01	-1.278372e-01
5.784074e-01	8.765649e-01	-1.277475e-01
5.543498e-01	8.660214e-01	-9.115544e-03
5.848059e-01	8.625007e-01	-5.565047e-02
5.593624e-01	8.515874e-01	-9.961535e-02
5.722300e-01	8.506613e-01	-1.122261e-01
5.305428e-01	7.715100e-01	6.111569e-02
6.037930e-01	7.754112e-01	-7.617383e-02
4.863476e-01	7.386163e-01	8.639435e-02
6.024102e-01	7.443205e-01	-2.671274e-01
4.352937e-01	7.301162e-01	4.397518e-02
5.943643e-01	7.177489e-01	-5.018967e-01
4.184136e-01	7.245340e-01	3.326177e-02
5.942394e-01	6.997006e-01	-5.569864e-01
4.183019e-01	7.247048e-01	-9.581082e-04
5.887491e-01	7.037615e-01	-5.604186e-01
4.248383e-01	7.239290e-01	2.745292e-02
5.868256e-01	7.077205e-01	-5.115199e-01
5.387551e-01	5.453763e-01	3.850097e-02
5.848235e-01	5.438022e-01	-3.841469e-02
5.322374e-01	3.864481e-01	4.629213e-02
5.864335e-01	3.788869e-01	-4.303744e-02
5.281742e-01	2.483902e-01	1.725372e-01
5.860140e-01	2.312666e-01	7.487306e-02
5.340878e-01	2.289952e-01	1.800034e-01
5.835481e-01	2.116333e-01	7.992829e-02
5.101584e-01	2.132977e-01	8.704983e-02
5.849277e-01	1.868064e-01	-3.498924e-02
5.655122e-01	8.672028e-01	-1.442985e-01
5.621308e-01	8.768083e-01	-1.243332e-01
5.593884e-01	8.762786e-01	-1.243722e-01
5.563311e-01	8.757186e-01	-1.243356e-01
5.714196e-01	8.768594e-01	-1.330476e-01
5.751675e-01	8.759693e-01	-1.330788e-01
5.784768e-01	8.747245e-01	-1.329962e-01
5.542735e-01	8.642617e-01	-1.437248e-02
5.849698e-01	8.617415e-01	-6.075626e-02
5.593561e-01	8.488379e-01	-1.052746e-01
5.723079e-01	8.481186e-01	-1.179802e-01
5.305530e-01	7.717512e-01	5.634008e-02
6.036814e-01	7.770310e-01	-9.468578e-02
4.880252e-01	7.467919e-01	3.400895e-02
5.957613e-01	7.569624e-01	-3.138555e-01
4.399900e-01	7.473566e-01	-5.660965e-02
5.837236e-01	7.313198e-01	-5.490119e-01
4.221588e-01	7.461576e-01	-7.285485e-02
5.800270e-01	7.181762e-01	-6.056089e-01
4.228767e-01	7.453119e-01	-1.012573e-01
5.744965e-01	7.239931e-01	-6.033907e-01
4.297471e-01	7.422130e-01	-7.237925e-02
5.748233e-01	7.265091e-01	-5.562555e-01
5.389515e-01	5.415015e-01	4.049480e-02
5.851225e-01	5.406049e-01	-4.043296e-02
5.318985e-01	3.848678e-01	6.049707e-02
5.860885e-01	3.783014e-01	-3.246398e-02
5.274239e-01	2.479816e-01	1.844246e-01
5.860126e-01	2.313379e-01	8.163701e-02
5.337371e-01	2.278453e-01	1.907455e-01
5.836159e-01	2.117744e-01	8.697477e-02
5.098061e-01	2.132405e-01	9.367357e-02
5.848733e-01	1.869396e-01	-2.638440e-02
5.655081e-01	8.637527e-01	-1.381911e-01
5.621009e-01	8.738573e-01	-1.175779e-01
5.593695e-01	8.734425e-01	-1.176046e-01
5.563303e-01	8.730308e-01	-1.174759e-01
5.714204e-01	8.735988e-01	-1.286623e-01
5.751727e-01	8.726302e-01	-1.286931e-01
5.784836e-01	8.713500e-01	-1.285938e-01
5.542290e-01	8.621366e-01	-4.389434e-03
5.850290e-01	8.597014e-01	-5.749930e-02
5.593226e-01	8.462103e-01	-9.620550e-02
5.722858e-01	8.451847e-01	-1.113861e-01
5.307288e-01	7.717589e-01	6.497955e-02
6.029247e-01	7.774138e-01	-9.919133e-02
4.906135e-01	7.529707e-01	2.871903e-02
5.946854e-01	7.687436e-01	-3.398578e-01
4.412544e-01	7.651425e-01	-7.308933e-02
5.832277e-01	7.532197e-01	-5.679029e-01
4.285530e-01	7.633072e-01	-8.948398e-02
5.773087e-01	7.392765e-01	-6.217603e-01
4.290231e-01	7.636992e-01	-1.141983e-01
5.713904e-01	7.435136e-01	-6.177055e-01
4.355077e-01	7.604287e-01	-8.744362e-02
5.720986e-01	7.465232e-01	-5.737998e-01
5.390431e-01	5.410961e-01	4.545133e-02
5.852956e-01	5.398576e-01	-4.543150e-02
5.311822e-01	3.849229e-01	6.008667e-02
5.851414e-01	3.785988e-01	-3.397637e-02
5.272266e-01	2.475947e-01	1.826911e-01
5.860197e-01	2.320509e-01	6.964961e-02
5.336971e-01	2.269190e-01	1.887910e-01
5.839501e-01	2.129504e-01	7.507493e-02
5.094730e-01	2.132621e-01	9.419484e-02
5.841595e-01	1.871443e-01	-3.540831e-02
5.655060e-01	8.625492e-01	-1.374415e-01
5.621009e-01	8.723255e-01	-1.166019e-01
5.593742e-01	8.720870e-01	-1.166165e-01
5.563935e-01	8.718755e-01	-1.164690e-01
5.714329e-01	8.712610e-01	-1.269859e-01
5.751768e-01	8.699607e-01	-1.270279e-01
5.784829e-01	8.684576e-01	-1.269342e-01
5.542071e-01	8.608359e-01	-4.564750e-03
5.850284e-01	8.567078e-01	-5.331717e-02
5.592697e-01	8.458847e-01	-9.577582e-02
5.719623e-01	8.440675e-01	-1.097703e-01
5.307295e-01	7.705459e-01	6.616054e-02
6.015130e-01	7.770530e-01	-1.002172e-01
4.912675e-01	7.557333e-01	3.830948e-02
5.949086e-01	7.709154e-01	-3.312120e-01
4.422820e-01	7.759205e-01	-4.981976e-02
5.727280e-01	7.559478e-01	-5.364268e-01
4.304647e-01	7.785248e-01	-7.288239e-02
5.638039e-01	7.460765e-01	-5.870149e-01
4.309484e-01	7.801937e-01	-9.804104e-02
5.590062e-01	7.493664e-01	-5.801979e-01
4.370297e-01	7.759860e-01	-6.626868e-02
5.616988e-01	7.508997e-01	-5.403434e-01
5.392897e-01	5.392926e-01	4.932135e-02
5.853475e-01	5.381848e-01	-4.928433e-02
5.299346e-01	3.854744e-01	6.772177e-02
5.837721e-01	3.786542e-01	-3.440037e-02
5.272193e-01	2.476128e-01	1.841678e-01
5.861114e-01	2.325117e-01	6.780795e-02
5.337236e-01	2.269569e-01	1.898279e-01
5.850895e-01	2.133804e-01	7.294909e-02
5.089620e-01	2.137179e-01	1.021872e-01
5.834298e-01	1.872063e-01	-3.575450e-02
5.654489e-01	8.528478e-01	-1.316368e-01
5.621001e-01	8.634328e-01	-1.131147e-01
5.593804e-01	8.635577e-01	-1.131174e-01
5.565668e-01	8.637288e-01	-1.129778e-01
5.714042e-01	8.622131e-01	-1.233960e-01
5.751286e-01	8.612506e-01	-1.234187e-01
5.784140e-01	8.601326e-01	-1.233187e-01
5.542425e-01	8.541788e-01	-6.879628e-03
5.849013e-01	8.502389e-01	-5.472546e-02
5.592562e-01	8.358953e-01	-9.185229e-02
5.714980e-01	8.338545e-01	-1.054414e-01
5.314142e-01	7.659378e-01	5.652580e-02
6.003796e-01	7.727015e-01	-1.043856e-01
4.962459e-01	7.526972e-01	-8.019383e-02
5.943904e-01	7.647430e-01	-3.401129e-01
4.532035e-01	7.810482e-01	-2.727482e-01
5.700905e-01	7.569618e-01	-5.284911e-01
4.380816e-01	7.872081e-01	-3.084248e-01
5.586729e-01	7.517947e-01	-5.792917e-01
4.381798e-01	7.890067e-01	-3.257560e-01
5.549438e-01	7.561044e-01	-5.694236e-01
4.448621e-01	7.836778e-01	-2.875402e-01
5.589350e-01	7.557827e-01	-5.310495e-01
5.395350e-01	5.358790e-01	4.894413e-02
5.853110e-01	5.346848e-01	-4.889048e-02
5.281390e-01	3.858652e-01	5.947803e-02
5.824558e-01	3.786694e-01	-3.744021e-02
5.269564e-01	2.478606e-01	1.816341e-01
5.861151e-01	2.337196e-01	7.032812e-02
5.336991e-01	2.271889e-01	1.883379e-01
5.854536e-01	2.143101e-01	7.573161e-02
5.075611e-01	2.156818e-01	1.009338e-01
5.826805e-01	1.878205e-01	-3.505262e-02
5.654471e-01	8.434877e-01	-1.218653e-01
5.621058e-01	8.542159e-01	-1.036573e-01
5.593874e-01	8.540574e-01	-1.036536e-01
5.566727e-01	8.539501e-01	-1.035097e-01
5.714043e-01	8.533714e-01	-1.147043e-01
5.751220e-01	8.524091e-01	-1.147247e-01
5.784076e-01	8.513955e-01	-1.146272e-01
5.542494e-01	8.441767e-01	-2.565959e-04
5.849059e-01	8.410349e-01	-5.111384e-02
5.592588e-01	8.252776e-01	-8.277424e-02
5.714484e-01	8.238813e-01	-9.730355e-02
5.323872e-01	7.596235e-01	5.765738e-02
6.002151e-01	7.641577e-01	-9.990049e-02
4.998728e-01	7.523432e-01	-6.134088e-02
5.946027e-01	7.582604e-01	-3.297259e-01
4.611010e-01	7.825088e-01	-2.390319e-01
5.626065e-01	7.637749e-01	-5.096430e-01
4.444297e-01	7.914971e-01	-2.716577e-01
5.513824e-01	7.622181e-01	-5.594791e-01
4.447256e-01	7.933692e-01	-2.882497e-01
5.476533e-01	7.654690e-01	-5.473593e-01
4.517914e-01	7.874261e-01	-2.530430e-01
5.513676e-01	7.645794e-01	-5.107563e-01
5.395318e-01	5.295429e-01	4.783302e-02
5.851160e-01	5.286466e-01	-4.776588e-02
5.255500e-01	3.840981e-01	5.092206e-02
5.816582e-01	3.721671e-01	-4.235420e-02
5.263540e-01	2.478856e-01	1.802438e-01
5.858144e-01	2.320011e-01	6.713742e-02
5.333828e-01	2.272027e-01	1.877311e-01
5.854474e-01	2.133419e-01	7.262232e-02
5.068049e-01	2.163579e-01	1.008668e-01
5.827230e-01	1.878482e-01	-3.994744e-02
5.652238e-01	8.304742e-01	-1.261418e-01
5.620530e-01	8.425277e-01	-1.070785e-01
5.593840e-01	8.424835e-01	-1.070548e-01
5.567244e-01	8.423637e-01	-1.068627e-01
5.710633e-01	8.414872e-01	-1.197046e-01
5.747373e-01	8.406942e-01	-1.196721e-01
5.780119e-01	8.399445e-01	-1.195726e-01
5.544454e-01	8.331494e-01	-1.121096e-02
5.848197e-01	8.304546e-01	-6.303985e-02
5.592570e-01	8.126659e-01	-8.477393e-02
5.710826e-01	8.112223e-01	-9.755857e-02
5.340583e-01	7.548083e-01	3.795537e-02
6.002994e-01	7.544775e-01	-1.085635e-01
5.077653e-01	7.475229e-01	-1.178816e-01
5.932225e-01	7.521202e-01	-3.396880e-01
4.689053e-01	7.821152e-01	-3.312370e-01
5.598918e-01	7.618579e-01	-5.170109e-01
4.514708e-01	7.902740e-01	-3.731134e-01
5.486423e-01	7.635785e-01	-5.678908e-01
4.518916e-01	7.928324e-01	-3.857122e-01
5.462061e-01	7.680895e-01	-5.551070e-01
4.590709e-01	7.873808e-01	-3.448556e-01
5.492200e-01	7.658452e-01	-5.180977e-01
5.389067e-01	5.236698e-01	4.768909e-02
5.843597e-01	5.204338e-01	-4.761218e-02
5.224093e-01	3.812133e-01	3.822550e-02
5.790797e-01	3.650180e-01	-4.160152e-02
5.250999e-01	2.467788e-01	1.850031e-01
5.853098e-01	2.312209e-01	8.647380e-02
5.324187e-01	2.257509e-01	1.950156e-01
5.854824e-01	2.132110e-01	9.388429e-02
5.053813e-01	2.162275e-01	1.077916e-01
5.827467e-01	1.879170e-01	-1.734683e-02
5.649144e-01	8.222597e-01	-1.368155e-01
5.618984e-01	8.341018e-01	-1.203681e-01
5.593526e-01	8.341095e-01	-1.203509e-01
5.567376e-01	8.340509e-01	-1.201852e-01
5.706851e-01	8.328106e-01	-1.358149e-01
5.743409e-01	8.319660e-01	-1.358014e-01
5.776901e-01	8.311503e-01	-1.357016e-01
5.545766e-01	8.252740e-01	-2.140956e-02
5.847061e-01	8.216662e-01	-8.512139e-02
5.591670e-01	8.052510e-01	-9.630851e-02
5.706787e-01	8.036835e-01	-1.157139e-01
5.349832e-01	7.494143e-01	4.026907e-02
6.009279e-01	7.464328e-01	-1.301483e-01
5.087367e-01	7.448672e-01	-8.431633e-02
5.941399e-01	7.518756e-01	-3.594604e-01
4.712792e-01	7.807798e-01	-2.815784e-01
5.568449e-01	7.618428e-01	-5.295092e-01
4.544436e-01	7.900264e-01	-3.180136e-01
5.454745e-01	7.674135e-01	-5.803865e-01
4.550475e-01	7.931529e-01	-3.299850e-01
5.424057e-01	7.723802e-01	-5.657178e-01
4.618909e-01	7.873320e-01	-2.942148e-01
5.459117e-01	7.681519e-01	-5.292899e-01
5.384729e-01	5.170997e-01	4.924320e-02
5.839487e-01	5.129483e-01	-4.916595e-02
5.171216e-01	3.759816e-01	2.952827e-02
5.772762e-01	3.566614e-01	-4.558904e-02
5.246180e-01	2.433887e-01	1.854897e-01
5.848600e-01	2.274847e-01	9.002582e-02
5.324420e-01	2.232437e-01	1.962750e-01
5.860997e-01	2.111221e-01	9.839009e-02
5.043039e-01	2.150502e-01	1.101298e-01
5.826110e-01	1.869183e-01	-1.191718e-02
5.651886e-01	8.181969e-01	-1.559449e-01
5.621204e-01	8.286009e-01	-1.394129e-01
5.595526e-01	8.284686e-01	-1.394172e-01
5.570873e-01	8.282833e-01	-1.392934e-01
5.708536e-01	8.270531e-01	-1.518074e-01
5.744245e-01	8.258703e-01	-1.518190e-01
5.777594e-01	8.246740e-01	-1.517419e-01
5.550067e-01	8.183289e-01	-4.071003e-02
5.847045e-01	8.139420e-01	-9.470420e-02
5.592831e-01	8.006145e-01	-1.174429e-01
5.707547e-01	7.984483e-01	-1.333337e-01
5.348197e-01	7.412007e-01	1.333611e-02
6.009781e-01	7.355371e-01	-1.367332e-01
5.103723e-01	7.383014e-01	-1.484232e-01
5.943545e-01	7.422961e-01	-3.688237e-01
4.771819e-01	7.738767e-01	-3.691337e-01
5.540445e-01	7.590322e-01	-5.407926e-01
4.609222e-01	7.845300e-01	-4.122787e-01
5.425881e-01	7.663486e-01	-5.920738e-01
4.612119e-01	7.874882e-01	-4.188465e-01
5.398101e-01	7.699960e-01	-5.748860e-01
4.681079e-01	7.812675e-01	-3.800968e-01
5.435312e-01	7.658555e-01	-5.398852e-01
5.370768e-01	5.079017e-01	4.790748e-02
5.826916e-01	5.032993e-01	-4.783588e-02
5.137573e-01	3.632222e-01	1.375893e-02
5.746526e-01	3.450278e-01	-3.878715e-02
5.239848e-01	2.403115e-01	1.918347e-01
5.848758e-01	2.215398e-01	1.226108e-01
5.320018e-01	2.230191e-01	2.058046e-01
5.868287e-01	2.079508e-01	1.335882e-01
5.036778e-01	2.115430e-01	1.226007e-01
5.822576e-01	1.827959e-01	2.710743e-02
5.653814e-01	8.109965e-01	-1.611287e-01
5.622666e-01	8.207065e-01	-1.441745e-01
5.596842e-01	8.203623e-01	-1.441785e-01
5.572949e-01	8.199120e-01	-1.440582e-01
5.709480e-01	8.192412e-01	-1.568483e-01
5.744558e-01	8.179488e-01	-1.568644e-01
5.777718e-01	8.166496e-01	-1.567992e-01
5.553708e-01	8.093772e-01	-4.489236e-02
5.846607e-01	8.056523e-01	-1.013028e-01
5.593684e-01	7.930796e-01	-1.226633e-01
5.708249e-01	7.910053e-01	-1.389708e-01
5.348498e-01	7.342204e-01	1.136858e-02
6.010098e-01	7.269775e-01	-1.452502e-01
5.107583e-01	7.303802e-01	-1.445226e-01
5.943221e-01	7.295548e-01	-3.731405e-01
4.805341e-01	7.679748e-01	-3.651305e-01
5.499920e-01	7.550386e-01	-5.324087e-01
4.662052e-01	7.775620e-01	-4.082057e-01
5.387748e-01	7.604665e-01	-5.829967e-01
4.667919e-01	7.806054e-01	-4.131150e-01
5.362355e-01	7.637311e-01	-5.649745e-01
4.725904e-01	7.750598e-01	-3.753956e-01
5.394863e-01	7.604800e-01	-5.306380e-01
5.358395e-01	5.000400e-01	4.747394e-02
5.814475e-01	4.940809e-01	-4.740297e-02
5.103782e-01	3.550933e-01	5.285458e-03
5.718986e-01	3.369423e-01	-2.881959e-02
5.231557e-01	2.383553e-01	1.960772e-01
5.848237e-01	2.178312e-01	1.566621e-01
5.312915e-01	2.224587e-01	2.115541e-01
5.874192e-01	2.045313e-01	1.702500e-01
5.038432e-01	2.089495e-01	1.283843e-01
5.807458e-01	1.813096e-01	6.623854e-02
5.654660e-01	8.032223e-01	-1.803685e-01
5.622668e-01	8.125039e-01	-1.625986e-01
5.596909e-01	8.119504e-01	-1.625986e-01
5.573276e-01	8.112473e-01	-1.624858e-01
5.709515e-01	8.117270e-01	-1.766250e-01
5.744597e-01	8.107643e-01	-1.766446e-01
5.777737e-01	8.098389e-01	-1.765755e-01
5.554448e-01	8.002648e-01	-5.933049e-02
5.846352e-01	7.988717e-01	-1.221282e-01
5.595814e-01	7.855469e-01	-1.404169e-01
5.710177e-01	7.842597e-01	-1.585316e-01
5.357600e-01	7.268365e-01	2.926180e-03
6.011084e-01	7.177602e-01	-1.672351e-01
5.105938e-01	7.245778e-01	-1.450707e-01
5.935890e-01	7.193530e-01	-3.993950e-01
4.802205e-01	7.640653e-01	-3.672779e-01
5.497885e-01	7.503321e-01	-5.579478e-01
4.671318e-01	7.728782e-01	-4.103444e-01
5.390319e-01	7.565218e-01	-6.107887e-01
4.676835e-01	7.752695e-01	-4.152099e-01
5.357721e-01	7.589981e-01	-5.911823e-01
4.729504e-01	7.698259e-01	-3.776211e-01
5.393758e-01	7.548638e-01	-5.555998e-01
5.353425e-01	4.930481e-01	4.783959e-02
5.802654e-01	4.858958e-01	-4.777503e-02
5.080861e-01	3.556304e-01	1.500678e-02
5.700532e-01	3.330792e-01	-7.154187e-03
5.216023e-01	2.406310e-01	2.227542e-01
5.845578e-01	2.181261e-01	2.002803e-01
5.301672e-01	2.252037e-01	2.404750e-01
5.886917e-01	2.044305e-01	2.165021e-01
5.001949e-01	2.118190e-01	1.598418e-01
5.790250e-01	1.802096e-01	1.139056e-01
5.651048e-01	7.929699e-01	-1.707755e-01
5.621866e-01	8.031372e-01	-1.521006e-01
5.596852e-01	8.029982e-01	-1.521014e-01
5.573396e-01	8.026017e-01	-1.519881e-01
5.707475e-01	8.011070e-01	-1.665995e-01
5.742176e-01	7.996874e-01	-1.666230e-01
5.775460e-01	7.982911e-01	-1.665477e-01
5.558020e-01	7.924576e-01	-4.745695e-02
5.845157e-01	7.882668e-01	-1.136798e-01
5.593671e-01	7.764955e-01	-1.303257e-01
5.706078e-01	7.734962e-01	-1.492804e-01
5.368993e-01	7.167938e-01	2.199952e-02
6.010122e-01	7.105933e-01	-1.603529e-01
5.098884e-01	7.158809e-01	-8.623354e-02
5.930119e-01	7.122984e-01	-3.759991e-01
4.801396e-01	7.604944e-01	-2.974207e-01
5.476009e-01	7.475376e-01	-5.286855e-01
4.678338e-01	7.695673e-01	-3.298568e-01
5.365094e-01	7.531186e-01	-5.802510e-01
4.680323e-01	7.719069e-01	-3.178008e-01
5.333433e-01	7.554512e-01	-5.891379e-01
4.730233e-01	7.679450e-01	-2.968535e-01
5.366711e-01	7.513956e-01	-5.326670e-01
5.348389e-01	4.876793e-01	5.313207e-02
5.787144e-01	4.794924e-01	-5.304800e-02
5.053605e-01	3.537634e-01	8.469761e-03
5.670407e-01	3.293284e-01	-1.087140e-02
5.208392e-01	2.405331e-01	2.137014e-01
5.836890e-01	2.181128e-01	2.001927e-01
5.299565e-01	2.246445e-01	2.247055e-01
5.887415e-01	2.047828e-01	2.175011e-01
4.988487e-01	2.111807e-01	1.424346e-01
5.778369e-01	1.785181e-01	1.236246e-01
5.648523e-01	7.830041e-01	-1.870498e-01
5.621218e-01	7.942080e-01	-1.673935e-01
5.596815e-01	7.942788e-01	-1.673925e-01
5.573424e-01	7.941021e-01	-1.672831e-01
5.706180e-01	7.920566e-01	-1.822548e-01
5.740930e-01	7.907025e-01	-1.822720e-01
5.774586e-01	7.894207e-01	-1.822064e-01
5.559397e-01	7.848460e-01	-5.888366e-02
5.844402e-01	7.802174e-01	-1.250295e-01
5.592737e-01	7.673878e-01	-1.453382e-01
5.704646e-01	7.653568e-01	-1.644363e-01
5.370451e-01	7.100371e-01	9.165856e-03
6.010303e-01	7.033530e-01	-1.659930e-01
5.097722e-01	7.101924e-01	-1.247267e-01
5.922770e-01	7.030155e-01	-3.856769e-01
4.820192e-01	7.513323e-01	-3.446538e-01
5.481732e-01	7.443653e-01	-5.331884e-01
4.695871e-01	7.620738e-01	-3.857722e-01
5.371665e-01	7.497610e-01	-5.838685e-01
4.697060e-01	7.634510e-01	-3.881769e-01
5.344185e-01	7.523969e-01	-5.696406e-01
4.758089e-01	7.576554e-01	-3.535726e-01
5.374238e-01	7.497131e-01	-5.311378e-01
5.342251e-01	4.832707e-01	5.028088e-02
5.778242e-01	4.739693e-01	-5.019987e-02
5.036453e-01	3.499770e-01	-2.649395e-02
5.647554e-01	3.252050e-01	-3.393247e-03
5.198925e-01	2.406248e-01	1.836673e-01
5.833294e-01	2.187354e-01	2.358240e-01
5.293267e-01	2.246883e-01	2.014764e-01
5.887746e-01	2.072650e-01	2.556613e-01
4.994740e-01	2.098739e-01	1.189511e-01
5.778719e-01	1.781612e-01	1.618701e-01
5.646229e-01	7.760664e-01	-1.914555e-01
5.620761e-01	7.870198e-01	-1.722588e-01
5.596607e-01	7.870325e-01	-1.722563e-01
5.573137e-01	7.868028e-01	-1.721421e-01
5.705746e-01	7.844592e-01	-1.873164e-01
5.740690e-01	7.828339e-01	-1.873246e-01
5.774530e-01	7.813121e-01	-1.872604e-01
5.560247e-01	7.765879e-01	-6.523608e-02
5.844457e-01	7.716821e-01	-1.321543e-01
5.590198e-01	7.587101e-01	-1.502957e-01
5.703155e-01	7.567837e-01	-1.695834e-01
5.370370e-01	7.023671e-01	6.873812e-05
6.010552e-01	6.947117e-01	-1.763018e-01
5.096965e-01	7.033321e-01	-1.497124e-01
5.923427e-01	6.973278e-01	-4.030240e-01
4.848559e-01	7.400228e-01	-3.816693e-01
5.484761e-01	7.371830e-01	-5.440923e-01
4.711739e-01	7.526271e-01	-4.253020e-01
5.374238e-01	7.487975e-01	-5.936462e-01
4.718283e-01	7.532666e-01	-4.256163e-01
5.344507e-01	7.498488e-01	-5.737771e-01
4.789972e-01	7.463208e-01	-3.902347e-01
5.373799e-01	7.442290e-01	-5.404403e-01
5.339245e-01	4.758982e-01	4.863711e-02
5.773709e-01	4.663045e-01	-4.855451e-02
5.010385e-01	3.457002e-01	-5.867463e-02
5.624236e-01	3.172077e-01	-5.570111e-03
5.195858e-01	2.402454e-01	1.552637e-01
5.823872e-01	2.188490e-01	2.634756e-01
5.293649e-01	2.244482e-01	1.741866e-01
5.887465e-01	2.112405e-01	2.868164e-01
4.997650e-01	2.073850e-01	9.022012e-02
5.778893e-01	1.776547e-01	1.993072e-01
5.638283e-01	7.698160e-01	-1.887509e-01
5.617634e-01	7.806852e-01	-1.690861e-01
5.594569e-01	7.805461e-01	-1.690857e-01
5.571046e-01	7.802042e-01	-1.689771e-01
5.698351e-01	7.788922e-01	-1.844840e-01
5.733148e-01	7.776044e-01	-1.844983e-01
5.768328e-01	7.763118e-01	-1.844379e-01
5.560950e-01	7.695900e-01	-6.126267e-02
5.842667e-01	7.669023e-01	-1.299687e-01
5.586955e-01	7.528016e-01	-1.474129e-01
5.696266e-01	7.512346e-01	-1.672280e-01
5.370616e-01	6.962972e-01	4.632969e-03
6.011120e-01	6.888531e-01	-1.745509e-01
5.096658e-01	6.926489e-01	-1.392590e-01
5.908440e-01	6.914009e-01	-3.969372e-01
4.850956e-01	7.312714e-01	-3.694786e-01
5.472807e-01	7.291877e-01	-5.371395e-01
4.725366e-01	7.434914e-01	-4.124096e-01
5.366915e-01	7.407302e-01	-5.863527e-01
4.717260e-01	7.450500e-01	-4.130800e-01
5.340514e-01	7.424583e-01	-5.671141e-01
4.792328e-01	7.377567e-01	-3.781599e-01
5.367140e-01	7.367414e-01	-5.338504e-01
5.333568e-01	4.695869e-01	4.838909e-02
5.764861e-01	4.594621e-01	-4.831062e-02
4.983433e-01	3.401402e-01	-5.907649e-02
5.618915e-01	3.087822e-01	-6.925287e-03
5.194602e-01	2.394934e-01	1.688064e-01
5.822524e-01	2.172561e-01	2.510039e-01
5.294031e-01	2.244293e-01	1.805935e-01
5.888574e-01	2.109896e-01	2.746553e-01
5.000042e-01	2.036971e-01	1.079395e-01
5.780002e-01	1.738883e-01	1.894141e-01
5.633791e-01	7.623903e-01	-1.878297e-01
5.615345e-01	7.731808e-01	-1.681486e-01
5.592828e-01	7.729368e-01	-1.681452e-01
5.569212e-01	7.725338e-01	-1.680364e-01
5.693673e-01	7.719329e-01	-1.829818e-01
5.728723e-01	7.709541e-01	-1.829942e-01
5.765239e-01	7.699254e-01	-1.829349e-01
5.561364e-01	7.618251e-01	-6.144693e-02
5.841805e-01	7.608209e-01	-1.275868e-01
5.585150e-01	7.454206e-01	-1.470976e-01
5.692333e-01	7.442353e-01	-1.661612e-01
5.370123e-01	6.891925e-01	2.363053e-03
6.012427e-01	6.803578e-01	-1.712193e-01
5.094940e-01	6.874430e-01	-1.434421e-01
5.905203e-01	6.841332e-01	-3.965858e-01
4.836949e-01	7.249577e-01	-3.728425e-01
5.478261e-01	7.209321e-01	-5.461337e-01
4.703108e-01	7.363954e-01	-4.156758e-01
5.372478e-01	7.311634e-01	-5.965906e-01
4.702256e-01	7.369363e-01	-4.179154e-01
5.345072e-01	7.329220e-01	-5.762819e-01
4.769457e-01	7.308322e-01	-3.822360e-01
5.371675e-01	7.276337e-01	-5.429254e-01
5.326926e-01	4.647509e-01	4.564004e-02
5.757326e-01	4.534390e-01	-4.553931e-02
4.965357e-01	3.349293e-01	-7.853039e-02
5.626298e-01	3.017103e-01	-1.016127e-02
5.191668e-01	2.369527e-01	1.640468e-01
5.812822e-01	2.176970e-01	2.661107e-01
5.294437e-01	2.239491e-01	1.837065e-01
5.877854e-01	2.119615e-01	2.909984e-01
5.013098e-01	1.958922e-01	1.067737e-01
5.796509e-01	1.744164e-01	2.060509e-01
5.630139e-01	7.554761e-01	-1.834266e-01
5.611893e-01	7.663187e-01	-1.641337e-01
5.588768e-01	7.659611e-01	-1.641345e-01
5.564593e-01	7.654827e-01	-1.640231e-01
5.689273e-01	7.657858e-01	-1.783867e-01
5.724552e-01	7.651596e-01	-1.784020e-01
5.762202e-01	7.644053e-01	-1.783369e-01
5.561350e-01	7.550452e-01	-5.866490e-02
5.841740e-01	7.553942e-01	-1.218341e-01
5.584146e-01	7.385249e-01	-1.427608e-01
5.690905e-01	7.381754e-01	-1.613424e-01
5.369841e-01	6.828055e-01	5.961738e-03
6.013774e-01	6.745930e-01	-1.642891e-01
5.089338e-01	6.847433e-01	-1.284198e-01
5.902766e-01	6.773180e-01	-3.866138e-01
4.832484e-01	7.203104e-01	-3.417104e-01
5.482976e-01	7.122823e-01	-5.407071e-01
4.686038e-01	7.281816e-01	-3.816272e-01
5.377145e-01	7.215731e-01	-5.907889e-01
4.687034e-01	7.286049e-01	-3.869888e-01
5.349293e-01	7.240620e-01	-5.711618e-01
4.760695e-01	7.239202e-01	-3.518276e-01
5.375201e-01	7.191572e-01	-5.377533e-01
5.320944e-01	4.592646e-01	4.397259e-02
5.751299e-01	4.478904e-01	-4.386518e-02
4.950510e-01	3.295229e-01	-7.737862e-02
5.626999e-01	2.968599e-01	-2.009894e-02
5.187307e-01	2.370786e-01	1.744294e-01
5.806447e-01	2.185583e-01	2.691716e-01
5.295003e-01	2.254939e-01	2.019677e-01
5.862652e-01	2.153278e-01	2.960228e-01
5.023857e-01	1.959422e-01	1.338054e-01
5.801846e-01	1.744882e-01	2.183311e-01
5.628031e-01	7.503136e-01	-1.660430e-01
5.609680e-01	7.608741e-01	-1.453762e-01
5.585617e-01	7.607023e-01	-1.453642e-01
5.560904e-01	7.604503e-01	-1.452317e-01
5.687237e-01	7.600114e-01	-1.599423e-01
5.722460e-01	7.592484e-01	-1.599489e-01
5.760325e-01	7.583416e-01	-1.598699e-01
5.560259e-01	7.506429e-01	-3.837036e-02
5.839988e-01	7.495013e-01	-1.032707e-01
5.581399e-01	7.333705e-01	-1.254292e-01
5.687470e-01	7.331599e-01	-1.443700e-01
5.369733e-01	6.790015e-01	3.469801e-02
6.011351e-01	6.700599e-01	-1.483331e-01
5.088591e-01	6.781896e-01	-3.629614e-02
5.904317e-01	6.742900e-01	-3.690153e-01
4.815977e-01	7.137405e-01	-1.904684e-01
5.481918e-01	7.046717e-01	-5.366213e-01
4.667960e-01	7.207004e-01	-2.165396e-01
5.372519e-01	7.123495e-01	-5.866326e-01
4.656238e-01	7.210204e-01	-2.283693e-01
5.345896e-01	7.154109e-01	-5.706251e-01
4.725045e-01	7.162703e-01	-2.010764e-01
5.373353e-01	7.113142e-01	-5.349994e-01
5.318971e-01	4.556924e-01	4.400675e-02
5.747546e-01	4.442458e-01	-4.390195e-02
4.937350e-01	3.271368e-01	-8.521836e-02
5.616389e-01	2.937275e-01	-1.952252e-02
5.188516e-01	2.360941e-01	1.546809e-01
5.807296e-01	2.180403e-01	2.625835e-01
5.302916e-01	2.255876e-01	1.780540e-01
5.863478e-01	2.151968e-01	2.882090e-01
5.046154e-01	1.879642e-01	1.094919e-01
5.801849e-01	1.734761e-01	2.125288e-01
5.625967e-01	7.491971e-01	-1.671894e-01
5.606474e-01	7.596769e-01	-1.468950e-01
5.580950e-01	7.597654e-01	-1.468855e-01
5.555490e-01	7.598131e-01	-1.467587e-01
5.682757e-01	7.582934e-01	-1.611571e-01
5.717236e-01	7.574571e-01	-1.611630e-01
5.755069e-01	7.565637e-01	-1.610848e-01
5.554825e-01	7.497643e-01	-4.016903e-02
5.835181e-01	7.474233e-01	-1.036943e-01
5.578594e-01	7.320940e-01	-1.266568e-01
5.682729e-01	7.314404e-01	-1.451739e-01
5.361046e-01	6.772859e-01	3.166649e-02
6.008208e-01	6.674906e-01	-1.484632e-01
5.087961e-01	6.735290e-01	-6.193633e-02
5.905682e-01	6.728777e-01	-3.746734e-01
4.813865e-01	7.069460e-01	-2.666017e-01
5.486990e-01	7.000349e-01	-5.478150e-01
4.665252e-01	7.146108e-01	-3.012145e-01
5.376309e-01	7.070863e-01	-5.996060e-01
4.648308e-01	7.141125e-01	-3.136015e-01
5.347944e-01	7.100515e-01	-5.792261e-01
4.717939e-01	7.086325e-01	-2.790836e-01
5.375676e-01	7.057757e-01	-5.448099e-01
5.314035e-01	4.529343e-01	4.367272e-02
5.740156e-01	4.423842e-01	-4.356206e-02
4.936565e-01	3.240927e-01	-8.338676e-02
5.615197e-01	2.946005e-01	-1.601873e-02
5.189452e-01	2.349420e-01	1.627030e-01
5.804223e-01	2.181632e-01	2.718953e-01
5.304907e-01	2.261035e-01	1.836066e-01
5.863115e-01	2.150637e-01	2.978387e-01
5.053655e-01	1.870419e-01	1.128937e-01
5.801244e-01	1.730479e-01	2.190521e-01
5.622776e-01	7.487814e-01	-1.623415e-01
5.602446e-01	7.590230e-01	-1.422859e-01
5.575660e-01	7.590976e-01	-1.422742e-01
5.549978e-01	7.591482e-01	-1.421459e-01
5.677187e-01	7.575483e-01	-1.558464e-01
5.711417e-01	7.566476e-01	-1.558528e-01
5.749232e-01	7.556479e-01	-1.557773e-01
5.549852e-01	7.486722e-01	-3.662922e-02
5.831914e-01	7.459756e-01	-9.693215e-02
5.574020e-01	7.313429e-01	-1.222836e-01
5.677601e-01	7.307491e-01	-1.397837e-01
5.350379e-01	6.767665e-01	3.015474e-02
6.006931e-01	6.682252e-01	-1.422832e-01
5.086349e-01	6.698973e-01	-7.407776e-02
5.905386e-01	6.733843e-01	-3.698176e-01
4.807038e-01	7.028463e-01	-2.660027e-01
5.482805e-01	6.975626e-01	-5.433300e-01
4.645150e-01	7.114936e-01	-3.004061e-01
5.373099e-01	7.039676e-01	-5.952272e-01
4.634632e-01	7.112197e-01	-3.117905e-01
5.344058e-01	7.067232e-01	-5.749769e-01
4.707138e-01	7.053449e-01	-2.777798e-01
5.371250e-01	7.025702e-01	-5.404599e-01
5.306357e-01	4.520713e-01	4.354599e-02
5.731046e-01	4.424931e-01	-4.343215e-02
4.934338e-01	3.217910e-01	-7.906102e-02
5.612068e-01	2.959053e-01	-1.567981e-02
5.189697e-01	2.335335e-01	1.690398e-01
5.801964e-01	2.180618e-01	2.633061e-01
5.306309e-01	2.261603e-01	1.945760e-01
5.862883e-01	2.146362e-01	2.883301e-01
5.066665e-01	1.853354e-01	1.265333e-01
5.799560e-01	1.712742e-01	2.084915e-01
5.618699e-01	7.495957e-01	-1.612747e-01
5.597992e-01	7.593656e-01	-1.418217e-01
5.570254e-01	7.595020e-01	-1.418096e-01
5.544239e-01	7.595851e-01	-1.416852e-01
5.671651e-01	7.574694e-01	-1.537755e-01
5.705549e-01	7.563527e-01	-1.537819e-01
5.742720e-01	7.551134e-01	-1.537172e-01
5.541972e-01	7.487038e-01	-3.808668e-02
5.825661e-01	7.450367e-01	-9.171461e-02
5.566192e-01	7.323560e-01	-1.223385e-01
5.668730e-01	7.314278e-01	-1.377909e-01
5.333849e-01	6.767705e-01	2.088582e-02
6.002609e-01	6.688229e-01	-1.359135e-01
5.086200e-01	6.673836e-01	-1.184698e-01
5.905968e-01	6.742359e-01	-3.621532e-01
4.805709e-01	7.005418e-01	-3.381541e-01
5.478462e-01	6.970567e-01	-5.349888e-01
4.643992e-01	7.088753e-01	-3.795536e-01
5.369028e-01	7.024473e-01	-5.867838e-01
4.631566e-01	7.087418e-01	-3.889074e-01
5.339619e-01	7.050608e-01	-5.645210e-01
4.706226e-01	7.030628e-01	-3.500690e-01
5.368367e-01	7.011083e-01	-5.314807e-01
5.298731e-01	4.528369e-01	4.212999e-02
5.727507e-01	4.436457e-01	-4.201438e-02
4.934073e-01	3.212999e-01	-7.932927e-02
5.607003e-01	2.971658e-01	-1.623368e-02
5.191293e-01	2.329414e-01	1.701790e-01
5.802594e-01	2.173223e-01	2.507672e-01
5.309942e-01	2.261853e-01	1.947730e-01
5.863714e-01	2.123596e-01	2.740481e-01
5.072207e-01	1.843340e-01	1.256068e-01
5.787905e-01	1.695930e-01	1.910000e-01
5.614362e-01	7.512851e-01	-1.579740e-01
5.590982e-01	7.606459e-01	-1.383823e-01
5.562432e-01	7.607299e-01	-1.383681e-01
5.536286e-01	7.607160e-01	-1.382402e-01
5.666350e-01	7.588531e-01	-1.508673e-01
5.700784e-01	7.577081e-01	-1.508737e-01
5.737717e-01	7.564161e-01	-1.508083e-01
5.535409e-01	7.493420e-01	-3.485387e-02
5.821064e-01	7.458422e-01	-9.069671e-02
5.559317e-01	7.340791e-01	-1.189438e-01
5.662564e-01	7.333583e-01	-1.350369e-01
5.331707e-01	6.767676e-01	2.556475e-02
5.996544e-01	6.703429e-01	-1.365050e-01
5.085894e-01	6.677889e-01	-1.041431e-01
5.901181e-01	6.756036e-01	-3.558431e-01
4.801670e-01	7.006204e-01	-3.372662e-01
5.461876e-01	6.982517e-01	-5.155488e-01
4.637716e-01	7.092220e-01	-3.732250e-01
5.354094e-01	7.028604e-01	-5.659816e-01
4.624434e-01	7.093551e-01	-3.734937e-01
5.324144e-01	7.048517e-01	-5.443467e-01
4.701412e-01	7.033013e-01	-3.431715e-01
5.353876e-01	7.010052e-01	-5.116646e-01
5.294551e-01	4.545162e-01	4.317697e-02
5.722781e-01	4.442436e-01	-4.305463e-02
4.938402e-01	3.222982e-01	-7.173933e-02
5.600590e-01	2.981912e-01	-1.657717e-02
5.191907e-01	2.323325e-01	1.703222e-01
5.802854e-01	2.169723e-01	2.464414e-01
5.310863e-01	2.259341e-01	1.953228e-01
5.864476e-01	2.113774e-01	2.695160e-01
5.071052e-01	1.842760e-01	1.258492e-01
5.781968e-01	1.685531e-01	1.869751e-01
5.608410e-01	7.535142e-01	-1.456507e-01
5.583745e-01	7.626897e-01	-1.262101e-01
5.556134e-01	7.625429e-01	-1.261916e-01
5.530383e-01	7.623057e-01	-1.260480e-01
5.658525e-01	7.613281e-01	-1.399868e-01
5.692550e-01	7.602433e-01	-1.399971e-01
5.728675e-01	7.590093e-01	-1.399163e-01
5.531832e-01	7.505288e-01	-2.338932e-02
5.814209e-01	7.479314e-01	-8.522716e-02
5.552480e-01	7.354226e-01	-1.066685e-01
5.653967e-01	7.354746e-01	-1.246211e-01
5.331220e-01	6.786444e-01	4.659001e-02
5.991585e-01	6.730886e-01	-1.348176e-01
5.085772e-01	6.677266e-01	-2.754275e-02
5.897956e-01	6.771075e-01	-3.530661e-01
4.794907e-01	7.014717e-01	-1.859276e-01
5.462007e-01	6.989599e-01	-5.152932e-01
4.632892e-01	7.105880e-01	-2.119649e-01
5.345878e-01	7.022952e-01	-5.651067e-01
4.620034e-01	7.103479e-01	-2.253166e-01
5.315858e-01	7.040933e-01	-5.430963e-01
4.694501e-01	7.039753e-01	-1.969607e-01
5.349733e-01	7.008490e-01	-5.110064e-01
5.293328e-01	4.560336e-01	4.810367e-02
5.722048e-01	4.456612e-01	-4.798126e-02
4.940389e-01	3.230874e-01	-5.876380e-02
5.599378e-01	2.991911e-01	-2.404670e-02
5.192060e-01	2.324315e-01	1.988252e-01
5.803050e-01	2.170534e-01	2.357231e-01
5.312706e-01	2.268827e-01	2.232405e-01
5.864396e-01	2.114979e-01	2.600464e-01
5.080398e-01	1.851756e-01	1.603497e-01
5.779420e-01	1.682600e-01	1.840045e-01
5.608779e-01	7.561162e-01	-1.404446e-01
5.583599e-01	7.628648e-01	-1.203448e-01
5.555824e-01	7.629859e-01	-1.203322e-01
5.529980e-01	7.631965e-01	-1.201956e-01
5.658618e-01	7.615849e-01	-1.343013e-01
5.692579e-01	7.607639e-01	-1.343149e-01
5.728205e-01	7.600254e-01	-1.342317e-01
5.528972e-01	7.527471e-01	-1.609367e-02
5.811459e-01	7.500439e-01	-7.889185e-02
5.553048e-01	7.384192e-01	-1.011275e-01
5.654989e-01	7.377827e-01	-1.193403e-01
5.330377e-01	6.801508e-01	5.761330e-02
5.986644e-01	6.745821e-01	-1.293991e-01
5.084693e-01	6.705068e-01	5.477908e-03
5.891417e-01	6.776485e-01	-3.408329e-01
4.775217e-01	7.039056e-01	-1.313994e-01
5.459988e-01	7.002196e-01	-5.001811e-01
4.616147e-01	7.126958e-01	-1.533850e-01
5.343861e-01	7.033722e-01	-5.484504e-01
4.607019e-01	7.124387e-01	-1.685245e-01
5.316356e-01	7.054267e-01	-5.271263e-01
4.677643e-01	7.063156e-01	-1.425277e-01
5.349613e-01	7.022276e-01	-4.957918e-01
5.291365e-01	4.573486e-01	5.122860e-02
5.717973e-01	4.471139e-01	-5.110544e-02
4.943182e-01	3.239999e-01	-5.186263e-02
5.601631e-01	3.001474e-01	-2.375878e-02
5.191320e-01	2.328006e-01	1.964273e-01
5.803133e-01	2.171163e-01	2.266264e-01
5.312443e-01	2.274080e-01	2.196951e-01
5.863582e-01	2.116318e-01	2.498258e-01
5.052110e-01	1.897059e-01	1.575942e-01
5.777295e-01	1.685012e-01	1.764087e-01
5.598413e-01	7.570016e-01	-1.400296e-01
5.573710e-01	7.635721e-01	-1.190278e-01
5.548114e-01	7.635744e-01	-1.190187e-01
5.522276e-01	7.635741e-01	-1.188851e-01
5.650149e-01	7.629257e-01	-1.342501e-01
5.683947e-01	7.622743e-01	-1.342709e-01
5.719895e-01	7.617466e-01	-1.341886e-01
5.526868e-01	7.532651e-01	-1.085117e-02
5.807497e-01	7.527257e-01	-7.986629e-02
5.548306e-01	7.396094e-01	-9.915723e-02
5.648891e-01	7.394617e-01	-1.191657e-01
5.330722e-01	6.822166e-01	6.889618e-02
5.985860e-01	6.784700e-01	-1.299298e-01
5.083575e-01	6.717056e-01	4.180912e-02
5.880391e-01	6.782786e-01	-3.365282e-01
4.763775e-01	7.041625e-01	-6.990468e-02
5.448061e-01	7.010462e-01	-4.838769e-01
4.605404e-01	7.136525e-01	-8.555439e-02
5.333264e-01	7.046394e-01	-5.290765e-01
4.598339e-01	7.136220e-01	-1.015716e-01
5.306644e-01	7.068036e-01	-5.076174e-01
4.661842e-01	7.072077e-01	-8.061755e-02
5.334598e-01	7.033459e-01	-4.789073e-01
5.288848e-01	4.595725e-01	5.601139e-02
5.713251e-01	4.484072e-01	-5.589392e-02
4.945599e-01	3.262251e-01	-2.713740e-02
5.602330e-01	3.009449e-01	-2.355490e-02
5.191356e-01	2.335362e-01	2.045459e-01
5.804010e-01	2.159331e-01	2.025408e-01
5.312768e-01	2.274604e-01	2.263936e-01
5.868278e-01	2.099444e-01	2.228605e-01
5.027765e-01	1.935532e-01	1.671259e-01
5.775639e-01	1.686156e-01	1.452482e-01
5.596693e-01	7.725868e-01	-1.422182e-01
5.569892e-01	7.790106e-01	-1.216094e-01
5.543834e-01	7.782270e-01	-1.215950e-01
5.517188e-01	7.773964e-01	-1.214674e-01
5.649497e-01	7.791612e-01	-1.361737e-01
5.683385e-01	7.781253e-01	-1.361962e-01
5.719303e-01	7.769388e-01	-1.361233e-01
5.523411e-01	7.665464e-01	-1.492809e-02
5.802446e-01	7.667416e-01	-8.089673e-02
5.547178e-01	7.545798e-01	-1.019449e-01
5.649285e-01	7.546987e-01	-1.210293e-01
5.330902e-01	6.932278e-01	6.052281e-02
5.982206e-01	6.863415e-01	-1.297061e-01
5.072535e-01	6.779898e-01	-5.799149e-03
5.881144e-01	6.813327e-01	-3.334476e-01
4.756547e-01	7.103491e-01	-1.608826e-01
5.444588e-01	7.100624e-01	-4.796299e-01
4.596571e-01	7.190231e-01	-1.863689e-01
5.330216e-01	7.125218e-01	-5.256901e-01
4.582623e-01	7.191010e-01	-1.994799e-01
5.305532e-01	7.158377e-01	-5.051823e-01
4.648025e-01	7.133574e-01	-1.720276e-01
5.333713e-01	7.128205e-01	-4.753176e-01
5.288424e-01	4.661021e-01	5.544509e-02
5.712703e-01	4.550416e-01	-5.532743e-02
4.948276e-01	3.316486e-01	-2.301261e-02
5.604632e-01	3.074249e-01	-2.326040e-02
5.192487e-01	2.341686e-01	2.052502e-01
5.804154e-01	2.153071e-01	1.984869e-01
5.316225e-01	2.275298e-01	2.261486e-01
5.863292e-01	2.081023e-01	2.175939e-01
5.028215e-01	1.948434e-01	1.623555e-01
5.775105e-01	1.688256e-01	1.334882e-01
5.590435e-01	7.795647e-01	-1.451427e-01
5.565921e-01	7.876705e-01	-1.245956e-01
5.541002e-01	7.868195e-01	-1.245845e-01
5.514921e-01	7.859226e-01	-1.244547e-01
5.645322e-01	7.878953e-01	-1.381976e-01
5.677980e-01	7.869049e-01	-1.382163e-01
5.714412e-01	7.856719e-01	-1.381457e-01
5.523589e-01	7.757629e-01	-1.728141e-02
5.798659e-01	7.758392e-01	-8.702715e-02
5.544733e-01	7.612631e-01	-1.048200e-01
5.646248e-01	7.613013e-01	-1.224704e-01
5.331110e-01	7.051192e-01	5.966568e-02
5.981267e-01	6.940603e-01	-1.353940e-01
5.058168e-01	6.907639e-01	-4.431931e-02
5.886723e-01	6.876740e-01	-3.370485e-01
4.751451e-01	7.206056e-01	-2.353834e-01
5.447124e-01	7.176600e-01	-4.923845e-01
4.587489e-01	7.274337e-01	-2.682401e-01
5.333393e-01	7.210611e-01	-5.398830e-01
4.577451e-01	7.271992e-01	-2.788994e-01
5.308176e-01	7.245175e-01	-5.197437e-01
4.643061e-01	7.219491e-01	-2.466570e-01
5.335879e-01	7.210498e-01	-4.885266e-01
5.288007e-01	4.748743e-01	5.446523e-02
5.713705e-01	4.633952e-01	-5.435122e-02
4.966525e-01	3.397354e-01	-2.577071e-02
5.612989e-01	3.143271e-01	-2.198132e-02
5.193738e-01	2.359288e-01	2.001000e-01
5.804275e-01	2.153244e-01	1.923254e-01
5.316659e-01	2.278043e-01	2.226242e-01
5.861970e-01	2.077302e-01	2.100283e-01
5.028177e-01	1.999488e-01	1.619164e-01
5.774814e-01	1.704017e-01	1.204809e-01
5.591152e-01	7.900136e-01	-1.608554e-01
5.566556e-01	7.990377e-01	-1.424455e-01
5.541550e-01	7.985966e-01	-1.424372e-01
5.515493e-01	7.980249e-01	-1.423085e-01
5.645868e-01	7.979008e-01	-1.554165e-01
5.678308e-01	7.965556e-01	-1.554368e-01
5.714281e-01	7.949935e-01	-1.553695e-01
5.522600e-01	7.872628e-01	-4.215886e-02
5.794603e-01	7.845437e-01	-1.026959e-01
5.544724e-01	7.727593e-01	-1.228322e-01
5.646013e-01	7.719126e-01	-1.396402e-01
5.326227e-01	7.149169e-01	2.134987e-02
5.972044e-01	7.028353e-01	-1.481881e-01
5.048174e-01	6.997661e-01	-1.148272e-01
5.887244e-01	6.998140e-01	-3.566074e-01
4.751642e-01	7.297707e-01	-3.320769e-01
5.448674e-01	7.303483e-01	-5.007507e-01
4.588684e-01	7.365150e-01	-3.726882e-01
5.335786e-01	7.358443e-01	-5.499264e-01
4.579260e-01	7.373827e-01	-3.816915e-01
5.310022e-01	7.394091e-01	-5.329919e-01
4.644988e-01	7.310924e-01	-3.437290e-01
5.336710e-01	7.355950e-01	-4.988801e-01
5.285763e-01	4.844537e-01	5.416321e-02
5.714172e-01	4.738577e-01	-5.406907e-02
4.993194e-01	3.480227e-01	-3.809955e-03
5.622188e-01	3.247239e-01	-1.789201e-02
5.193347e-01	2.364216e-01	1.980489e-01
5.804207e-01	2.155634e-01	1.832354e-01
5.307254e-01	2.257259e-01	2.214283e-01
5.852587e-01	2.067815e-01	1.981946e-01
5.002252e-01	2.033487e-01	1.415878e-01
5.773863e-01	1.722979e-01	9.994589e-02
5.591336e-01	8.000332e-01	-1.614128e-01
5.566304e-01	8.102202e-01	-1.425495e-01
5.541080e-01	8.101273e-01	-1.425404e-01
5.514817e-01	8.098767e-01	-1.424147e-01
5.645729e-01	8.086945e-01	-1.568022e-01
5.677856e-01	8.074244e-01	-1.568259e-01
5.713831e-01	8.059660e-01	-1.567527e-01
5.520865e-01	8.000705e-01	-3.987497e-02
5.793676e-01	7.960818e-01	-1.053620e-01
5.543894e-01	7.841084e-01	-1.224524e-01
5.645306e-01	7.826890e-01	-1.409391e-01
5.326448e-01	7.226732e-01	2.669304e-02
5.964995e-01	7.114794e-01	-1.503830e-01
5.047500e-01	7.050465e-01	-8.552668e-02
5.879337e-01	7.104419e-01	-3.589478e-01
4.744247e-01	7.395672e-01	-2.811322e-01
5.449025e-01	7.443906e-01	-5.013930e-01
4.583880e-01	7.463507e-01	-3.162323e-01
5.345585e-01	7.517700e-01	-5.499746e-01
4.577312e-01	7.482155e-01	-3.273167e-01
5.330054e-01	7.565523e-01	-5.331625e-01
4.639906e-01	7.424262e-01	-2.928401e-01
5.355112e-01	7.517304e-01	-4.993018e-01
5.283782e-01	4.940970e-01	5.368556e-02
5.714146e-01	4.842157e-01	-5.359149e-02
5.024807e-01	3.541953e-01	2.455704e-02
5.640424e-01	3.324931e-01	-1.793588e-02
5.191114e-01	2.369655e-01	2.171655e-01
5.803663e-01	2.168458e-01	1.707584e-01
5.292619e-01	2.250554e-01	2.333906e-01
5.844122e-01	2.068205e-01	1.851555e-01
5.004668e-01	2.029894e-01	1.544226e-01
5.773689e-01	1.728798e-01	8.547632e-02
5.588652e-01	8.095446e-01	-1.562613e-01
5.563539e-01	8.198855e-01	-1.378873e-01
5.538164e-01	8.197021e-01	-1.378781e-01
5.511518e-01	8.193949e-01	-1.377504e-01
5.643093e-01	8.187868e-01	-1.533965e-01
5.673775e-01	8.177299e-01	-1.534227e-01
5.709756e-01	8.164719e-01	-1.533405e-01
5.516716e-01	8.095810e-01	-3.775571e-02
5.790896e-01	8.061178e-01	-1.029997e-01
5.540719e-01	7.935546e-01	-1.179569e-01
5.641250e-01	7.924660e-01	-1.381770e-01
5.326501e-01	7.297547e-01	2.901816e-02
5.964234e-01	7.213115e-01	-1.484394e-01
5.042135e-01	7.135825e-01	-7.573713e-02
5.877380e-01	7.193405e-01	-3.590583e-01
4.733366e-01	7.489381e-01	-2.635004e-01
5.465909e-01	7.531320e-01	-5.067198e-01
4.576438e-01	7.578948e-01	-2.968296e-01
5.369455e-01	7.619587e-01	-5.562953e-01
4.571787e-01	7.601423e-01	-3.081802e-01
5.360611e-01	7.670682e-01	-5.404426e-01
4.632602e-01	7.541249e-01	-2.750046e-01
5.384852e-01	7.621938e-01	-5.053997e-01
5.284017e-01	5.009558e-01	5.176919e-02
5.715039e-01	4.919175e-01	-5.168063e-02
5.046383e-01	3.608142e-01	1.898962e-02
5.663565e-01	3.396405e-01	-1.800754e-02
5.188090e-01	2.403200e-01	2.170791e-01
5.804386e-01	2.196239e-01	1.712585e-01
5.272658e-01	2.259077e-01	2.329085e-01
5.842754e-01	2.071702e-01	1.859283e-01
5.028580e-01	2.048631e-01	1.522865e-01
5.788991e-01	1.757159e-01	8.415275e-02
5.587202e-01	8.172039e-01	-1.380181e-01
5.562702e-01	8.282084e-01	-1.195810e-01
5.536982e-01	8.283255e-01	-1.195639e-01
5.509969e-01	8.283665e-01	-1.194200e-01
5.642563e-01	8.261808e-01	-1.343972e-01
5.673133e-01	8.247730e-01	-1.344290e-01
5.708992e-01	8.231353e-01	-1.343507e-01
5.514582e-01	8.178367e-01	-2.133504e-02
5.789753e-01	8.119016e-01	-8.779244e-02
5.535356e-01	8.008592e-01	-1.006677e-01
5.637193e-01	7.991576e-01	-1.200536e-01
5.326585e-01	7.355331e-01	4.160457e-02
5.962324e-01	7.285034e-01	-1.322743e-01
5.034803e-01	7.228474e-01	-4.536700e-02
5.904428e-01	7.262682e-01	-3.448543e-01
4.717126e-01	7.587128e-01	-2.056906e-01
5.519359e-01	7.593662e-01	-5.038057e-01
4.560857e-01	7.691793e-01	-2.335117e-01
5.411259e-01	7.702919e-01	-5.528136e-01
4.555232e-01	7.712317e-01	-2.467299e-01
5.402535e-01	7.764738e-01	-5.364197e-01
4.616288e-01	7.647828e-01	-2.171431e-01
5.433403e-01	7.710351e-01	-5.022410e-01
5.284243e-01	5.046468e-01	4.913188e-02
5.719095e-01	4.972363e-01	-4.904568e-02
5.080443e-01	3.683248e-01	2.454347e-02
5.682068e-01	3.457175e-01	-1.939644e-02
5.182083e-01	2.510341e-01	2.279790e-01
5.805696e-01	2.229989e-01	1.591244e-01
5.250142e-01	2.351581e-01	2.442043e-01
5.842729e-01	2.091585e-01	1.730643e-01
5.060340e-01	2.124562e-01	1.630543e-01
5.797566e-01	1.805413e-01	7.032938e-02
5.577615e-01	8.260289e-01	-1.352866e-01
5.557860e-01	8.383504e-01	-1.141074e-01
5.531773e-01	8.387883e-01	-1.141015e-01
5.505001e-01	8.391725e-01	-1.139442e-01
5.638974e-01	8.358330e-01	-1.293924e-01
5.668988e-01	8.344041e-01	-1.294580e-01
5.705282e-01	8.327426e-01	-1.293779e-01
5.511141e-01	8.298117e-01	-7.400946e-03
5.786911e-01	8.216336e-01	-7.826117e-02
5.520306e-01	8.102617e-01	-9.543388e-02
5.627452e-01	8.084905e-01	-1.159405e-01
5.328929e-01	7.433664e-01	7.747529e-02
5.953084e-01	7.396031e-01	-1.244467e-01
5.021231e-01	7.311736e-01	1.291938e-01
5.923797e-01	7.343290e-01	-3.442077e-01
4.686429e-01	7.672575e-01	1.304648e-01
5.575430e-01	7.682825e-01	-5.265738e-01
4.534218e-01	7.777088e-01	1.339994e-01
5.469163e-01	7.783538e-01	-5.746231e-01
4.528370e-01	7.815835e-01	1.115767e-01
5.458385e-01	7.875312e-01	-5.574073e-01
4.590808e-01	7.768812e-01	1.207678e-01
5.489277e-01	7.824519e-01	-5.251206e-01
5.289243e-01	5.121521e-01	5.721352e-02
5.728394e-01	5.060377e-01	-5.716609e-02
5.112260e-01	3.727379e-01	5.386362e-02
5.699193e-01	3.550776e-01	-3.521321e-02
5.180855e-01	2.518206e-01	2.237169e-01
5.806824e-01	2.260627e-01	1.133339e-01
5.249019e-01	2.343130e-01	2.380211e-01
5.842533e-01	2.102339e-01	1.246252e-01
5.011874e-01	2.195886e-01	1.669412e-01
5.798204e-01	1.836721e-01	2.874463e-02
5.563285e-01	8.312667e-01	-1.471666e-01
5.549165e-01	8.438711e-01	-1.273668e-01
5.523056e-01	8.440862e-01	-1.273614e-01
5.496444e-01	8.442238e-01	-1.272044e-01
5.630642e-01	8.415976e-01	-1.415693e-01
5.660576e-01	8.401321e-01	-1.416345e-01
5.697721e-01	8.384356e-01	-1.415436e-01
5.503220e-01	8.342012e-01	-1.826484e-02
5.783703e-01	8.273083e-01	-8.546163e-02
5.504323e-01	8.139271e-01	-1.062558e-01
5.611213e-01	8.123477e-01	-1.254717e-01
5.318743e-01	7.488335e-01	4.932573e-02
5.953645e-01	7.447568e-01	-1.302284e-01
4.981452e-01	7.423805e-01	-4.185392e-02
5.925319e-01	7.415730e-01	-3.790820e-01
4.642294e-01	7.767498e-01	-2.055113e-01
5.623311e-01	7.747754e-01	-5.829408e-01
4.485804e-01	7.864587e-01	-2.340654e-01
5.525564e-01	7.879553e-01	-6.364385e-01
4.478336e-01	7.895327e-01	-2.505094e-01
5.512505e-01	7.968414e-01	-6.226430e-01
4.545972e-01	7.837012e-01	-2.184591e-01
5.539737e-01	7.903677e-01	-5.838538e-01
5.289809e-01	5.154785e-01	5.628810e-02
5.734084e-01	5.096916e-01	-5.621355e-02
5.134754e-01	3.774191e-01	7.085524e-02
5.715741e-01	3.614896e-01	-4.030767e-02
5.181038e-01	2.537628e-01	2.553962e-01
5.806905e-01	2.271019e-01	9.641498e-02
5.250582e-01	2.339684e-01	2.698751e-01
5.842035e-01	2.103830e-01	1.059888e-01
4.998242e-01	2.220996e-01	1.975593e-01
5.797859e-01	1.848172e-01	2.778732e-04
5.554355e-01	8.365116e-01	-1.741198e-01
5.540246e-01	8.478612e-01	-1.552650e-01
5.514863e-01	8.475587e-01	-1.552795e-01
5.489516e-01	8.472341e-01	-1.551578e-01
5.623323e-01	8.469403e-01	-1.670906e-01
5.654662e-01	8.458984e-01	-1.671279e-01
5.692598e-01	8.447368e-01	-1.670421e-01
5.498273e-01	8.372915e-01	-4.664083e-02
5.778525e-01	8.337834e-01	-1.012708e-01
5.502179e-01	8.182863e-01	-1.331238e-01
5.608159e-01	8.165406e-01	-1.486794e-01
5.293408e-01	7.534742e-01	5.766991e-03
5.954207e-01	7.495263e-01	-1.430948e-01
4.949147e-01	7.482027e-01	-1.614863e-01
5.927415e-01	7.490650e-01	-4.064276e-01
4.588355e-01	7.832000e-01	-3.912258e-01
5.665883e-01	7.809905e-01	-6.207306e-01
4.435794e-01	7.932579e-01	-4.349706e-01
5.580041e-01	7.957207e-01	-6.779622e-01
4.431303e-01	7.959442e-01	-4.477459e-01
5.562014e-01	8.043150e-01	-6.661255e-01
4.495354e-01	7.895597e-01	-4.053108e-01
5.583660e-01	7.971312e-01	-6.237794e-01
5.289731e-01	5.208819e-01	5.186241e-02
5.736569e-01	5.156527e-01	-5.182377e-02
5.158575e-01	3.789391e-01	5.240208e-02
5.724506e-01	3.681401e-01	-3.917535e-02
5.184382e-01	2.523775e-01	2.363934e-01
5.805383e-01	2.284698e-01	1.087058e-01
5.253179e-01	2.327587e-01	2.575691e-01
5.831429e-01	2.105692e-01	1.180928e-01
5.013533e-01	2.191671e-01	1.603613e-01
5.798120e-01	1.856310e-01	3.081468e-03
5.548359e-01	8.301960e-01	-1.909204e-01
5.532115e-01	8.442109e-01	-1.724820e-01
5.507768e-01	8.443804e-01	-1.725085e-01
5.483204e-01	8.444422e-01	-1.724037e-01
5.614786e-01	8.427983e-01	-1.824121e-01
5.646857e-01	8.420380e-01	-1.824346e-01
5.684598e-01	8.411942e-01	-1.823372e-01
5.491456e-01	8.365809e-01	-6.262030e-02
5.765443e-01	8.328942e-01	-1.082953e-01
5.501708e-01	8.134612e-01	-1.493646e-01
5.605166e-01	8.120084e-01	-1.622306e-01
5.283843e-01	7.583973e-01	-1.773530e-02
5.954324e-01	7.557754e-01	-1.431346e-01
4.925571e-01	7.542137e-01	-2.172758e-01
5.944363e-01	7.530242e-01	-4.124002e-01
4.543401e-01	7.873601e-01	-4.687348e-01
5.728950e-01	7.861677e-01	-6.404246e-01
4.384393e-01	7.987226e-01	-5.181727e-01
5.662497e-01	8.023739e-01	-6.994572e-01
4.380376e-01	8.006414e-01	-5.291167e-01
5.630363e-01	8.093787e-01	-6.895058e-01
4.446332e-01	7.936634e-01	-4.829427e-01
5.640566e-01	8.005162e-01	-6.451920e-01
5.289854e-01	5.248220e-01	4.174078e-02
5.746623e-01	5.202244e-01	-4.172315e-02
5.184878e-01	3.763583e-01	3.879969e-02
5.730028e-01	3.697051e-01	-3.751983e-02
5.189108e-01	2.516299e-01	2.119479e-01
5.800542e-01	2.290435e-01	1.072707e-01
5.254709e-01	2.326121e-01	2.231646e-01
5.805673e-01	2.107860e-01	1.155896e-01
5.037271e-01	2.175547e-01	1.209290e-01
5.800118e-01	1.859627e-01	-4.803472e-03
5.548638e-01	8.363812e-01	-2.004426e-01
5.531453e-01	8.516533e-01	-1.816544e-01
5.505344e-01	8.515806e-01	-1.816867e-01
5.477958e-01	8.515363e-01	-1.816043e-01
5.615699e-01	8.514543e-01	-1.901953e-01
5.647710e-01	8.513333e-01	-1.902180e-01
5.685207e-01	8.511699e-01	-1.901066e-01
5.478687e-01	8.429477e-01	-7.192907e-02
5.766393e-01	8.423032e-01	-1.114378e-01
5.502498e-01	8.182656e-01	-1.593307e-01
5.612222e-01	8.188173e-01	-1.704073e-01
5.277538e-01	7.636796e-01	-3.601104e-02
5.959575e-01	7.596036e-01	-1.441230e-01
4.914691e-01	7.580790e-01	-2.519958e-01
5.967625e-01	7.564942e-01	-4.287435e-01
4.512796e-01	7.893043e-01	-5.137325e-01
5.807313e-01	7.877223e-01	-6.762406e-01
4.337540e-01	8.007172e-01	-5.661313e-01
5.733588e-01	8.057155e-01	-7.381580e-01
4.332299e-01	8.028697e-01	-5.772088e-01
5.701664e-01	8.128464e-01	-7.271382e-01
4.410268e-01	7.951715e-01	-5.282264e-01
5.706429e-01	8.026294e-01	-6.814450e-01
5.289794e-01	5.292792e-01	3.573387e-02
5.753362e-01	5.250924e-01	-3.570693e-02
5.211462e-01	3.788528e-01	4.089815e-02
5.739629e-01	3.740782e-01	-3.541350e-02
5.206859e-01	2.519229e-01	2.118414e-01
5.800633e-01	2.305714e-01	1.085272e-01
5.260357e-01	2.329998e-01	2.229371e-01
5.805472e-01	2.124673e-01	1.164458e-01
5.065130e-01	2.165992e-01	1.266118e-01
5.800446e-01	1.861278e-01	-2.722096e-03
5.552405e-01	8.435900e-01	-1.870236e-01
5.532126e-01	8.579256e-01	-1.682047e-01
5.504748e-01	8.577130e-01	-1.682304e-01
5.476054e-01	8.574301e-01	-1.681408e-01
5.616189e-01	8.576224e-01	-1.781997e-01
5.649887e-01	8.573097e-01	-1.782285e-01
5.687410e-01	8.570179e-01	-1.781340e-01
5.471176e-01	8.483718e-01	-5.962928e-02
5.765924e-01	8.481117e-01	-1.064204e-01
5.504023e-01	8.253810e-01	-1.461886e-01
5.625135e-01	8.252493e-01	-1.595838e-01
5.262878e-01	7.680739e-01	-9.797038e-03
5.959855e-01	7.646447e-01	-1.228757e-01
4.895439e-01	7.574440e-01	-1.647948e-01
6.014248e-01	7.529172e-01	-3.861720e-01
4.458233e-01	7.905075e-01	-3.876918e-01
5.906109e-01	7.850987e-01	-6.351634e-01
4.286653e-01	7.995089e-01	-4.308559e-01
5.803567e-01	8.045457e-01	-6.963367e-01
4.281656e-01	8.039384e-01	-4.492139e-01
5.779506e-01	8.135051e-01	-6.872209e-01
4.351639e-01	7.984633e-01	-4.032809e-01
5.793782e-01	8.044043e-01	-6.403825e-01
5.290660e-01	5.345896e-01	3.736383e-02
5.756363e-01	5.313588e-01	-3.731475e-02
5.236897e-01	3.859510e-01	4.497745e-02
5.750266e-01	3.796419e-01	-4.378218e-02
5.228857e-01	2.551539e-01	2.113536e-01
5.800689e-01	2.337689e-01	8.327065e-02
5.273193e-01	2.356101e-01	2.222094e-01
5.805479e-01	2.161918e-01	9.009235e-02
5.084229e-01	2.161596e-01	1.260363e-01
5.800156e-01	1.869009e-01	-3.369457e-02
5.556378e-01	8.565497e-01	-1.727641e-01
5.532549e-01	8.679001e-01	-1.521275e-01
5.503617e-01	8.672995e-01	-1.521645e-01
5.473641e-01	8.665308e-01	-1.520811e-01
5.617263e-01	8.679474e-01	-1.598633e-01
5.651899e-01	8.675553e-01	-1.599167e-01
5.689063e-01	8.670616e-01	-1.598459e-01
5.463870e-01	8.553124e-01	-3.824429e-02
5.763915e-01	8.556392e-01	-7.808664e-02
5.504981e-01	8.372707e-01	-1.304785e-01
5.634488e-01	8.378789e-01	-1.412311e-01
5.246857e-01	7.716643e-01	2.807802e-02
5.956128e-01	7.711110e-01	-9.052157e-02
4.829182e-01	7.574700e-01	-5.296759e-02
6.059594e-01	7.481689e-01	-3.120923e-01
4.378122e-01	7.905044e-01	-2.230549e-01
5.981150e-01	7.851338e-01	-5.676000e-01
4.205380e-01	7.966140e-01	-2.523370e-01
5.887712e-01	8.021668e-01	-6.252449e-01
4.199939e-01	8.007504e-01	-2.764742e-01
5.865121e-01	8.107541e-01	-6.200110e-01
4.263054e-01	7.967337e-01	-2.388638e-01
5.872414e-01	8.029354e-01	-5.732917e-01
5.295969e-01	5.402987e-01	3.786778e-02
5.760516e-01	5.374202e-01	-3.781551e-02
5.257341e-01	3.905634e-01	4.633713e-02
5.763495e-01	3.811877e-01	-4.475982e-02
5.250506e-01	2.559946e-01	1.922760e-01
5.801140e-01	2.342262e-01	6.802666e-02
5.286237e-01	2.371004e-01	2.009897e-01
5.805213e-01	2.168594e-01	7.398725e-02
5.099040e-01	2.162395e-01	1.063309e-01
5.800128e-01	1.865686e-01	-4.617217e-02
5.557515e-01	8.584318e-01	-1.647180e-01
5.532315e-01	8.697088e-01	-1.435015e-01
5.501085e-01	8.689520e-01	-1.435476e-01
5.470434e-01	8.680646e-01	-1.434914e-01
5.617936e-01	8.700998e-01	-1.522812e-01
5.652541e-01	8.696185e-01	-1.523390e-01
5.689629e-01	8.690013e-01	-1.522582e-01
5.458597e-01	8.557006e-01	-2.950903e-02
5.763874e-01	8.564337e-01	-7.333403e-02
5.505995e-01	8.390415e-01	-1.223720e-01
5.635126e-01	8.388774e-01	-1.344153e-01
5.241682e-01	7.709222e-01	4.170799e-02
5.956712e-01	7.698557e-01	-7.826904e-02
4.796244e-01	7.540510e-01	-2.388934e-03
6.117347e-01	7.326022e-01	-2.682890e-01
4.327855e-01	7.889013e-01	-1.400471e-01
6.072209e-01	7.827808e-01	-5.068190e-01
4.151172e-01	7.930193e-01	-1.624237e-01
6.030339e-01	8.011886e-01	-5.583171e-01
4.146696e-01	7.970750e-01	-1.877314e-01
6.002883e-01	8.066170e-01	-5.550826e-01
4.209448e-01	7.937129e-01	-1.553772e-01
5.998597e-01	7.978295e-01	-5.126300e-01
5.309416e-01	5.412170e-01	3.864948e-02
5.766367e-01	5.398492e-01	-3.857824e-02
5.286243e-01	3.926534e-01	6.356739e-02
5.770463e-01	3.845852e-01	-4.307397e-02
5.279557e-01	2.564868e-01	1.954825e-01
5.801393e-01	2.367855e-01	6.310342e-02
5.310488e-01	2.374829e-01	2.040616e-01
5.806571e-01	2.180719e-01	6.892388e-02
5.106055e-01	2.159400e-01	1.149469e-01
5.799890e-01	1.867946e-01	-4.463100e-02
5.557781e-01	8.633763e-01	-1.501993e-01
5.532008e-01	8.736389e-01	-1.291409e-01
5.499410e-01	8.726594e-01	-1.292005e-01
5.468618e-01	8.715397e-01	-1.291620e-01
5.618402e-01	8.742317e-01	-1.388968e-01
5.652868e-01	8.736134e-01	-1.389438e-01
5.690060e-01	8.728060e-01	-1.388576e-01
5.456834e-01	8.578503e-01	-1.683965e-02
5.762510e-01	8.584862e-01	-6.299715e-02
5.506373e-01	8.437189e-01	-1.085343e-01
5.634694e-01	8.433967e-01	-1.216527e-01
5.237216e-01	7.699344e-01	5.133383e-02
5.960578e-01	7.670711e-01	-6.386572e-02
4.775320e-01	7.515869e-01	2.666066e-03
6.140159e-01	7.178816e-01	-2.421044e-01
4.275431e-01	7.887190e-01	-1.484378e-01
6.154832e-01	7.703345e-01	-4.834178e-01
4.099186e-01	7.819660e-01	-1.735453e-01
6.138073e-01	7.895753e-01	-5.354618e-01
4.089963e-01	7.878193e-01	-2.001759e-01
6.113486e-01	7.984250e-01	-5.354437e-01
4.150637e-01	7.896727e-01	-1.645823e-01
6.098019e-01	7.908829e-01	-4.907514e-01
5.319933e-01	5.396101e-01	3.930618e-02
5.769960e-01	5.383416e-01	-3.924716e-02
5.303830e-01	3.902235e-01	6.174559e-02
5.778766e-01	3.825363e-01	-4.178837e-02
5.281523e-01	2.545396e-01	1.913886e-01
5.804314e-01	2.361939e-01	6.806693e-02
5.315027e-01	2.337008e-01	1.990065e-01
5.807306e-01	2.162937e-01	7.386648e-02
5.107653e-01	2.158180e-01	1.081719e-01
5.799136e-01	1.866469e-01	-4.098554e-02
5.558333e-01	8.652458e-01	-1.517354e-01
5.532247e-01	8.753377e-01	-1.311431e-01
5.499493e-01	8.742145e-01	-1.311974e-01
5.468227e-01	8.729852e-01	-1.311482e-01
5.618713e-01	8.761571e-01	-1.404730e-01
5.653228e-01	8.755389e-01	-1.405155e-01
5.691082e-01	8.744690e-01	-1.404296e-01
5.453488e-01	8.593278e-01	-2.088669e-02
5.762302e-01	8.598055e-01	-6.446989e-02
5.506924e-01	8.458593e-01	-1.109306e-01
5.634911e-01	8.456212e-01	-1.235084e-01
5.234383e-01	7.693711e-01	4.476828e-02
5.961747e-01	7.663401e-01	-6.320541e-02
4.771443e-01	7.467347e-01	5.125982e-03
6.181890e-01	7.182688e-01	-2.387781e-01
4.260712e-01	7.720497e-01	-1.333455e-01
6.225438e-01	7.453338e-01	-4.886771e-01
4.089722e-01	7.650265e-01	-1.578632e-01
6.236801e-01	7.558210e-01	-5.424498e-01
4.072227e-01	7.691295e-01	-1.861173e-01
6.218325e-01	7.663651e-01	-5.449933e-01
4.135402e-01	7.701721e-01	-1.497456e-01
6.189669e-01	7.633896e-01	-4.977515e-01
5.320961e-01	5.391911e-01	3.744324e-02
5.769704e-01	5.374703e-01	-3.739949e-02
5.296586e-01	3.887722e-01	5.541891e-02
5.786871e-01	3.803099e-01	-3.857788e-02
5.276394e-01	2.528514e-01	1.878933e-01
5.806964e-01	2.349216e-01	8.050516e-02
5.314515e-01	2.311551e-01	1.955447e-01
5.807435e-01	2.135515e-01	8.704789e-02
5.104765e-01	2.157110e-01	1.006111e-01
5.799164e-01	1.862082e-01	-2.832997e-02
5.560377e-01	8.682693e-01	-1.465961e-01
5.532558e-01	8.770826e-01	-1.270813e-01
5.499581e-01	8.756650e-01	-1.271393e-01
5.468560e-01	8.741298e-01	-1.271046e-01
5.620778e-01	8.782746e-01	-1.366364e-01
5.655807e-01	8.775535e-01	-1.366733e-01
5.693344e-01	8.763160e-01	-1.365854e-01
5.453945e-01	8.595976e-01	-2.187722e-02
5.762664e-01	8.603806e-01	-6.672332e-02
5.508116e-01	8.480193e-01	-1.078634e-01
5.638705e-01	8.483064e-01	-1.207215e-01
5.233141e-01	7.684602e-01	4.236116e-02
5.965053e-01	7.660778e-01	-6.260352e-02
4.758558e-01	7.365574e-01	2.074453e-02
6.177930e-01	7.037770e-01	-2.192395e-01
4.230137e-01	7.488703e-01	-1.108650e-01
6.263675e-01	7.223579e-01	-4.611317e-01
4.053026e-01	7.427484e-01	-1.340666e-01
6.311979e-01	7.295499e-01	-5.131785e-01
4.038605e-01	7.451027e-01	-1.642849e-01
6.300012e-01	7.402893e-01	-5.204722e-01
4.101675e-01	7.447873e-01	-1.277486e-01
6.262208e-01	7.381861e-01	-4.719507e-01
5.320762e-01	5.385027e-01	3.654238e-02
5.770051e-01	5.365933e-01	-3.650645e-02
5.293856e-01	3.876733e-01	6.121526e-02
5.792103e-01	3.783728e-01	-2.975529e-02
5.271942e-01	2.519310e-01	1.913465e-01
5.809384e-01	2.345707e-01	8.708276e-02
5.313176e-01	2.294180e-01	1.994170e-01
5.807528e-01	2.126581e-01	9.402489e-02
5.103680e-01	2.154919e-01	1.080908e-01
5.799783e-01	1.860866e-01	-1.917799e-02
5.560607e-01	8.694173e-01	-1.393509e-01
5.532709e-01	8.780326e-01	-1.192259e-01
5.499820e-01	8.765271e-01	-1.192868e-01
5.468742e-01	8.748947e-01	-1.192514e-01
5.621622e-01	8.793315e-01	-1.290868e-01
5.657074e-01	8.786052e-01	-1.291155e-01
5.694523e-01	8.773568e-01	-1.290208e-01
5.453814e-01	8.600143e-01	-1.402337e-02
5.763000e-01	8.612142e-01	-5.996789e-02
5.508324e-01	8.491181e-01	-1.007249e-01
5.640792e-01	8.492755e-01	-1.139401e-01
5.229179e-01	7.677158e-01	4.883607e-02
5.970731e-01	7.655800e-01	-5.549021e-02
4.757652e-01	7.263952e-01	3.294408e-02
6.190673e-01	7.003370e-01	-2.041506e-01
4.228671e-01	7.270186e-01	-9.940183e-02
6.324252e-01	7.042595e-01	-4.414437e-01
4.041253e-01	7.175583e-01	-1.233278e-01
6.395617e-01	7.058366e-01	-4.930562e-01
4.033941e-01	7.207329e-01	-1.543573e-01
6.374117e-01	7.151467e-01	-5.043672e-01
4.097623e-01	7.223119e-01	-1.167061e-01
6.331521e-01	7.140628e-01	-4.539311e-01
5.314597e-01	5.396937e-01	3.653544e-02
5.768099e-01	5.375342e-01	-3.649954e-02
5.282202e-01	3.869326e-01	5.780738e-02
5.789430e-01	3.775992e-01	-3.008009e-02
5.255774e-01	2.504884e-01	1.866301e-01
5.809674e-01	2.344041e-01	8.519869e-02
5.303488e-01	2.279790e-01	1.940392e-01
5.806161e-01	2.122124e-01	9.116528e-02
5.088109e-01	2.154464e-01	1.050336e-01
5.797636e-01	1.860088e-01	-1.994770e-02
5.560956e-01	8.693681e-01	-1.448344e-01
5.532773e-01	8.783230e-01	-1.248060e-01
5.499784e-01	8.768718e-01	-1.248576e-01
5.468451e-01	8.752930e-01	-1.248087e-01
5.621869e-01	8.794983e-01	-1.348699e-01
5.657170e-01	8.787663e-01	-1.349005e-01
5.694904e-01	8.775249e-01	-1.348088e-01
5.452865e-01	8.601614e-01	-1.829072e-02
5.763139e-01	8.617480e-01	-6.490945e-02
5.508710e-01	8.491786e-01	-1.054041e-01
5.640994e-01	8.490728e-01	-1.189802e-01
5.227421e-01	7.668222e-01	4.657959e-02
5.976230e-01	7.650617e-01	-5.293353e-02
4.756092e-01	7.141587e-01	6.976874e-02
6.191288e-01	6.957246e-01	-1.665327e-01
4.219571e-01	6.978441e-01	-3.511496e-02
6.371889e-01	6.851447e-01	-3.901574e-01
4.036359e-01	6.864211e-01	-5.668973e-02
6.460289e-01	6.781867e-01	-4.415766e-01
4.026619e-01	6.900193e-01	-9.319416e-02
6.439224e-01	6.852861e-01	-4.587141e-01
4.088406e-01	6.923680e-01	-5.400994e-02
6.392245e-01	6.870376e-01	-4.050034e-01
5.312812e-01	5.413166e-01	3.612347e-02
5.764737e-01	5.380082e-01	-3.607970e-02
5.275346e-01	3.865140e-01	5.663716e-02
5.786666e-01	3.774371e-01	-2.982982e-02
5.235726e-01	2.503974e-01	1.886299e-01
5.808180e-01	2.343201e-01	8.729305e-02
5.282882e-01	2.280590e-01	1.962518e-01
5.797356e-01	2.122009e-01	9.463008e-02
5.073804e-01	2.152922e-01	1.057414e-01
5.793616e-01	1.859576e-01	-1.682657e-02
5.561178e-01	8.686734e-01	-1.426146e-01
5.532895e-01	8.780295e-01	-1.214488e-01
5.499920e-01	8.767933e-01	-1.215138e-01
5.468381e-01	8.754503e-01	-1.214865e-01
5.622410e-01	8.788997e-01	-1.303252e-01
5.658282e-01	8.781120e-01	-1.303457e-01
5.696045e-01	8.768409e-01	-1.302484e-01
5.450929e-01	8.606892e-01	-1.349984e-02
5.763283e-01	8.612789e-01	-5.495726e-02
5.508994e-01	8.488521e-01	-1.034137e-01
5.641181e-01	8.483493e-01	-1.155157e-01
5.223790e-01	7.662467e-01	4.951528e-02
5.976822e-01	7.643759e-01	-3.763671e-02
4.764999e-01	7.012272e-01	7.274795e-02
6.186818e-01	6.873792e-01	-1.385739e-01
4.247715e-01	6.713746e-01	-3.065369e-02
6.413607e-01	6.623238e-01	-3.503124e-01
4.066795e-01	6.566628e-01	-5.333275e-02
6.520426e-01	6.454793e-01	-3.999038e-01
4.057937e-01	6.592184e-01	-9.053652e-02
6.508056e-01	6.524413e-01	-4.201184e-01
4.119603e-01	6.629794e-01	-4.993748e-02
6.456064e-01	6.571395e-01	-3.663018e-01
5.309427e-01	5.407742e-01	3.456546e-02
5.762897e-01	5.373453e-01	-3.450651e-02
5.272263e-01	3.848743e-01	4.259324e-02
5.784961e-01	3.770994e-01	-3.402421e-02
5.223158e-01	2.466087e-01	1.743738e-01
5.806388e-01	2.340719e-01	8.854926e-02
5.268774e-01	2.262451e-01	1.813943e-01
5.792561e-01	2.122407e-01	9.508930e-02
5.069208e-01	2.125858e-01	8.755448e-02
5.789476e-01	1.861779e-01	-1.781346e-02
5.561530e-01	8.680373e-01	-1.577508e-01
5.533034e-01	8.774984e-01	-1.342897e-01
5.499977e-01	8.763762e-01	-1.343657e-01
5.468467e-01	8.751602e-01	-1.343493e-01
5.623542e-01	8.782743e-01	-1.402085e-01
5.660322e-01	8.774946e-01	-1.402012e-01
5.697805e-01	8.762743e-01	-1.400671e-01
5.450439e-01	8.607776e-01	-1.830320e-02
5.763611e-01	8.611810e-01	-5.838722e-02
5.509219e-01	8.485168e-01	-1.169483e-01
5.641540e-01	8.479345e-01	-1.254835e-01
5.222918e-01	7.659103e-01	4.236583e-02
5.977411e-01	7.641060e-01	-3.099107e-02
4.779468e-01	6.896579e-01	5.887225e-02
6.204389e-01	6.760511e-01	-1.040143e-01
4.265825e-01	6.383906e-01	-4.747521e-02
6.443385e-01	6.319456e-01	-2.904649e-01
4.085146e-01	6.217081e-01	-7.362586e-02
6.544332e-01	6.075965e-01	-3.360383e-01
4.079061e-01	6.234350e-01	-1.120907e-01
6.545326e-01	6.125621e-01	-3.615921e-01
4.140515e-01	6.276684e-01	-6.723295e-02
6.492339e-01	6.216443e-01	-3.076228e-01
5.306222e-01	5.433589e-01	3.075486e-02
5.755503e-01	5.381876e-01	-3.065847e-02
5.271263e-01	3.841729e-01	2.453165e-02
5.778567e-01	3.773531e-01	-3.795593e-02
5.217924e-01	2.436959e-01	1.536476e-01
5.799881e-01	2.338778e-01	8.877094e-02
5.260655e-01	2.248873e-01	1.597716e-01
5.786997e-01	2.123321e-01	9.470949e-02
5.061842e-01	2.105523e-01	5.988976e-02
5.780820e-01	1.863703e-01	-2.019603e-02
5.571944e-01	8.687057e-01	-1.649377e-01
5.536985e-01	8.774608e-01	-1.419280e-01
5.504686e-01	8.762937e-01	-1.419896e-01
5.471228e-01	8.749863e-01	-1.419554e-01
5.632305e-01	8.784591e-01	-1.474539e-01
5.670798e-01	8.777201e-01	-1.474491e-01
5.705045e-01	8.765409e-01	-1.473379e-01
5.450851e-01	8.605772e-01	-2.829235e-02
5.766681e-01	8.614950e-01	-6.115682e-02
5.513478e-01	8.490371e-01	-1.249008e-01
5.649968e-01	8.487517e-01	-1.327910e-01
5.223829e-01	7.656537e-01	3.058647e-02
5.980808e-01	7.640445e-01	-2.905352e-02
4.853684e-01	6.793319e-01	5.768503e-02
6.199001e-01	6.673089e-01	-6.621332e-02
4.365785e-01	6.171438e-01	-4.500375e-02
6.439078e-01	6.065848e-01	-2.198616e-01
4.224323e-01	5.969616e-01	-7.255189e-02
6.544402e-01	5.816749e-01	-2.619246e-01
4.192900e-01	5.983937e-01	-1.115087e-01
6.545101e-01	5.852398e-01	-2.917340e-01
4.252953e-01	6.042594e-01	-6.485789e-02
6.490527e-01	5.934131e-01	-2.376585e-01
5.299265e-01	5.470611e-01	2.398934e-02
5.753667e-01	5.399005e-01	-2.384858e-02
5.268338e-01	3.841157e-01	1.066259e-02
5.778170e-01	3.778132e-01	-3.854430e-02
5.214926e-01	2.435210e-01	1.493759e-01
5.801969e-01	2.334572e-01	9.007532e-02
5.254776e-01	2.250836e-01	1.561799e-01
5.789038e-01	2.123511e-01	9.512250e-02
5.079300e-01	2.087668e-01	5.022476e-02
5.779921e-01	1.863467e-01	-2.015914e-02
5.585157e-01	8.695759e-01	-1.857496e-01
5.543052e-01	8.777759e-01	-1.651975e-01
5.511342e-01	8.765455e-01	-1.652355e-01
5.475977e-01	8.751377e-01	-1.651925e-01
5.642751e-01	8.788646e-01	-1.690166e-01
5.681084e-01	8.780701e-01	-1.690388e-01
5.712420e-01	8.768482e-01	-1.689662e-01
5.451045e-01	8.604704e-01	-5.977241e-02
5.769233e-01	8.615506e-01	-7.874528e-02
5.519009e-01	8.497603e-01	-1.480476e-01
5.657788e-01	8.495622e-01	-1.534987e-01
5.220681e-01	7.643144e-01	-1.704622e-03
5.984062e-01	7.633980e-01	-3.966222e-02
4.889500e-01	6.657454e-01	4.011858e-02
6.198471e-01	6.599922e-01	-5.566708e-02
4.495350e-01	5.907004e-01	-6.607996e-02
6.426364e-01	5.842905e-01	-1.796925e-01
4.381586e-01	5.658502e-01	-9.254500e-02
6.524529e-01	5.527413e-01	-2.171537e-01
4.360939e-01	5.667721e-01	-1.309226e-01
6.511799e-01	5.538564e-01	-2.488210e-01
4.410762e-01	5.741153e-01	-8.492563e-02
6.463302e-01	5.642834e-01	-1.973210e-01
5.300035e-01	5.458854e-01	2.100474e-02
5.761414e-01	5.391331e-01	-2.087592e-02
5.259711e-01	3.835995e-01	1.674095e-02
5.778349e-01	3.770649e-01	-2.963957e-02
5.207285e-01	2.432721e-01	1.618806e-01
5.805272e-01	2.321524e-01	1.108021e-01
5.245078e-01	2.252340e-01	1.696799e-01
5.793144e-01	2.122493e-01	1.168709e-01
5.081804e-01	2.078821e-01	6.852148e-02
5.785585e-01	1.862460e-01	-3.006037e-03
5.588249e-01	8.690569e-01	-2.143684e-01
5.545284e-01	8.772109e-01	-1.948694e-01
5.514333e-01	8.760007e-01	-1.949019e-01
5.478619e-01	8.746392e-01	-1.948636e-01
5.646230e-01	8.783028e-01	-1.993696e-01
5.684798e-01	8.775392e-01	-1.994106e-01
5.715519e-01	8.763676e-01	-1.993477e-01
5.452105e-01	8.600460e-01	-9.011050e-02
5.772208e-01	8.611872e-01	-1.120306e-01
5.520838e-01	8.492066e-01	-1.763367e-01
5.659695e-01	8.490239e-01	-1.825816e-01
5.220546e-01	7.622856e-01	-2.544616e-02
5.990487e-01	7.622380e-01	-6.378594e-02
4.951099e-01	6.539681e-01	2.008703e-02
6.193395e-01	6.525230e-01	-5.923023e-02
4.617523e-01	5.726964e-01	-7.612284e-02
6.389187e-01	5.625883e-01	-1.503044e-01
4.527560e-01	5.440198e-01	-1.014697e-01
6.479475e-01	5.317685e-01	-1.823508e-01
4.517891e-01	5.417700e-01	-1.392446e-01
6.463695e-01	5.302076e-01	-2.157586e-01
4.564363e-01	5.514588e-01	-9.439918e-02
6.415946e-01	5.404975e-01	-1.673501e-01
5.300051e-01	5.448738e-01	2.247415e-02
5.765160e-01	5.386299e-01	-2.235359e-02
5.258993e-01	3.835116e-01	2.804062e-02
5.778154e-01	3.769298e-01	-2.053957e-02
5.200220e-01	2.433468e-01	1.809409e-01
5.807356e-01	2.320468e-01	1.210686e-01
5.237190e-01	2.255365e-01	1.897602e-01
5.797716e-01	2.130522e-01	1.279823e-01
5.081692e-01	2.080843e-01	8.697382e-02
5.789194e-01	1.862326e-01	8.652587e-03
5.589986e-01	8.689368e-01	-2.409714e-01
5.547276e-01	8.769835e-01	-2.229020e-01
5.516911e-01	8.757527e-01	-2.229298e-01
5.481175e-01	8.743767e-01	-2.228936e-01
5.648859e-01	8.780782e-01	-2.274489e-01
5.687453e-01	8.772978e-01	-2.275002e-01
5.717942e-01	8.761248e-01	-2.274610e-01
5.454448e-01	8.597258e-01	-1.194947e-01
5.775542e-01	8.608788e-01	-1.416065e-01
5.521736e-01	8.488750e-01	-2.028022e-01
5.660576e-01	8.486848e-01	-2.090191e-01
5.220873e-01	7.606421e-01	-5.237345e-02
5.994776e-01	7.587600e-01	-8.642922e-02
5.014931e-01	6.473621e-01	-6.313395e-03
6.178790e-01	6.446878e-01	-6.251451e-02
4.741749e-01	5.659605e-01	-8.494841e-02
6.368681e-01	5.507806e-01	-1.396910e-01
4.675191e-01	5.339885e-01	-1.101014e-01
6.445137e-01	5.210484e-01	-1.670994e-01
4.673209e-01	5.309287e-01	-1.457702e-01
6.433979e-01	5.201821e-01	-2.007044e-01
4.710905e-01	5.408205e-01	-1.027304e-01
6.395196e-01	5.312091e-01	-1.559247e-01
5.296907e-01	5.442321e-01	1.972524e-02
5.765406e-01	5.384083e-01	-1.962294e-02
5.258324e-01	3.834920e-01	2.913577e-02
5.777747e-01	3.768193e-01	-1.295597e-02
5.196834e-01	2.435571e-01	1.888790e-01
5.809307e-01	2.319736e-01	1.351157e-01
5.234231e-01	2.260159e-01	1.982739e-01
5.798861e-01	2.137626e-01	1.432930e-01
5.082799e-01	2.080638e-01	9.315913e-02
5.789201e-01	1.862121e-01	2.426474e-02
5.591077e-01	8.694524e-01	-2.484672e-01
5.549793e-01	8.775426e-01	-2.288056e-01
5.520114e-01	8.762625e-01	-2.288313e-01
5.484775e-01	8.748039e-01	-2.287913e-01
5.650941e-01	8.785350e-01	-2.356482e-01
5.689195e-01	8.776633e-01	-2.357135e-01
5.719529e-01	8.764128e-01	-2.356878e-01
5.459056e-01	8.597869e-01	-1.184746e-01
5.778176e-01	8.608153e-01	-1.510939e-01
5.522345e-01	8.490526e-01	-2.075843e-01
5.660987e-01	8.487356e-01	-2.168068e-01
5.221375e-01	7.595052e-01	-4.225515e-02
5.998468e-01	7.559760e-01	-1.048209e-01
5.068477e-01	6.431058e-01	-1.126645e-03
6.163439e-01	6.385704e-01	-8.407669e-02
4.901362e-01	5.565640e-01	-8.767335e-02
6.320571e-01	5.454229e-01	-1.643449e-01
4.830329e-01	5.212702e-01	-1.131860e-01
6.384684e-01	5.129397e-01	-1.947736e-01
4.840183e-01	5.191520e-01	-1.481755e-01
6.350692e-01	5.117579e-01	-2.279254e-01
4.890180e-01	5.313489e-01	-1.050769e-01
6.308461e-01	5.239555e-01	-1.801874e-01
5.297338e-01	5.441675e-01	2.156784e-02
5.765857e-01	5.372548e-01	-2.146268e-02
5.257744e-01	3.834594e-01	5.428280e-02
5.778335e-01	3.767640e-01	-1.574330e-02
5.195045e-01	2.439869e-01	2.284637e-01
5.807376e-01	2.328054e-01	1.428919e-01
5.234488e-01	2.262933e-01	2.396171e-01
5.798591e-01	2.161187e-01	1.525733e-01
5.081780e-01	2.080910e-01	1.381368e-01
5.778106e-01	1.861956e-01	3.241577e-02
5.597363e-01	8.710201e-01	-2.400188e-01
5.556957e-01	8.790496e-01	-2.206831e-01
5.527506e-01	8.777996e-01	-2.207015e-01
5.493907e-01	8.763061e-01	-2.206461e-01
5.656880e-01	8.797460e-01	-2.276775e-01
5.693439e-01	8.787621e-01	-2.277466e-01
5.722952e-01	8.774299e-01	-2.277258e-01
5.466388e-01	8.608767e-01	-1.118214e-01
5.779916e-01	8.614391e-01	-1.448731e-01
5.526476e-01	8.506536e-01	-1.995804e-01
5.663712e-01	8.500477e-01	-2.089340e-01
5.222359e-01	7.593685e-01	-3.414772e-02
5.998321e-01	7.551336e-01	-1.032170e-01
5.102683e-01	6.444746e-01	-2.329059e-04
6.131535e-01	6.355118e-01	-8.326922e-02
5.007368e-01	5.499479e-01	-7.726901e-02
6.225100e-01	5.355328e-01	-1.618067e-01
4.944997e-01	5.156166e-01	-1.035505e-01
6.269138e-01	5.024913e-01	-1.934380e-01
4.972014e-01	5.149257e-01	-1.360771e-01
6.210575e-01	5.018514e-01	-2.254811e-01
5.024388e-01	5.275519e-01	-9.318405e-02
6.174036e-01	5.132191e-01	-1.768326e-01
5.297697e-01	5.439276e-01	2.363206e-02
5.765904e-01	5.371287e-01	-2.352906e-02
5.257112e-01	3.833855e-01	4.934787e-02
5.780024e-01	3.770605e-01	-1.753801e-02
5.194723e-01	2.441402e-01	2.185552e-01
5.806445e-01	2.343773e-01	1.461748e-01
5.235476e-01	2.263653e-01	2.294373e-01
5.798042e-01	2.183285e-01	1.563386e-01
5.078861e-01	2.081164e-01	1.290655e-01
5.775964e-01	1.862156e-01	3.755207e-02
5.601763e-01	8.720871e-01	-2.384458e-01
5.561149e-01	8.798053e-01	-2.187137e-01
5.531444e-01	8.785089e-01	-2.187337e-01
5.498316e-01	8.769447e-01	-2.186840e-01
5.661269e-01	8.804790e-01	-2.271875e-01
5.696810e-01	8.794656e-01	-2.272510e-01
5.726131e-01	8.781142e-01	-2.272803e-01
5.470400e-01	8.612042e-01	-1.058469e-01
5.781826e-01	8.618230e-01	-1.454437e-01
5.529521e-01	8.516324e-01	-1.959365e-01
5.666517e-01	8.511108e-01	-2.071122e-01
5.226693e-01	7.592378e-01	-2.257559e-02
5.998185e-01	7.546788e-01	-1.026888e-01
5.182172e-01	6.404177e-01	3.551904e-02
6.103259e-01	6.322922e-01	-7.300209e-02
5.142546e-01	5.391056e-01	-3.193905e-02
6.152199e-01	5.281374e-01	-1.315432e-01
5.093886e-01	5.072301e-01	-5.230273e-02
6.183118e-01	4.965352e-01	-1.575691e-01
5.113803e-01	5.047699e-01	-8.063968e-02
6.122644e-01	4.965155e-01	-1.868878e-01
5.161625e-01	5.169200e-01	-4.596324e-02
6.090943e-01	5.075645e-01	-1.444903e-01
5.297089e-01	5.419177e-01	3.174056e-02
5.765866e-01	5.370291e-01	-3.169686e-02
5.258604e-01	3.824819e-01	5.190565e-02
5.779948e-01	3.769383e-01	-2.389917e-02
5.195268e-01	2.438677e-01	2.225043e-01
5.806146e-01	2.342541e-01	1.371659e-01
5.236353e-01	2.253394e-01	2.331836e-01
5.798137e-01	2.181411e-01	1.465827e-01
5.064589e-01	2.078731e-01	1.336008e-01
5.773917e-01	1.861584e-01	2.694561e-02
5.604328e-01	8.719079e-01	-2.977900e-01
5.563357e-01	8.797734e-01	-2.802756e-01
5.533603e-01	8.785059e-01	-2.803323e-01
5.500778e-01	8.769813e-01	-2.803465e-01
5.664434e-01	8.803662e-01	-2.856070e-01
5.699786e-01	8.793309e-01	-2.856684e-01
5.729282e-01	8.779631e-01	-2.856883e-01
5.473238e-01	8.614663e-01	-1.647805e-01
5.785124e-01	8.617515e-01	-1.919425e-01
5.531564e-01	8.516183e-01	-2.537296e-01
5.669915e-01	8.510025e-01	-2.611145e-01
5.226858e-01	7.592827e-01	-6.613027e-02
5.998223e-01	7.539678e-01	-1.135748e-01
5.202215e-01	6.451003e-01	2.939842e-02
6.098205e-01	6.314312e-01	-6.865303e-03
5.248963e-01	5.529007e-01	2.977426e-02
6.087691e-01	5.269131e-01	2.940784e-02
5.250162e-01	5.255710e-01	2.519391e-02
6.091570e-01	4.969925e-01	2.404365e-02
5.248333e-01	5.245748e-01	-3.257620e-03
6.038642e-01	4.941269e-01	7.644196e-04
5.280698e-01	5.346590e-01	1.849370e-02
6.017399e-01	5.047739e-01	2.184627e-02
5.297166e-01	5.416984e-01	2.857352e-02
5.767812e-01	5.384793e-01	-2.865857e-02
5.259225e-01	3.817503e-01	5.269422e-02
5.779272e-01	3.765185e-01	-1.135761e-02
5.197217e-01	2.438779e-01	2.365347e-01
5.806206e-01	2.342151e-01	1.666207e-01
5.239942e-01	2.250215e-01	2.496540e-01
5.799317e-01	2.176653e-01	1.784849e-01
5.064145e-01	2.073541e-01	1.542268e-01
5.773646e-01	1.860438e-01	6.445537e-02
5.605905e-01	8.717119e-01	-2.711583e-01
5.564718e-01	8.796321e-01	-2.534288e-01
5.534913e-01	8.783668e-01	-2.534679e-01
5.502338e-01	8.768556e-01	-2.534565e-01
5.665997e-01	8.802142e-01	-2.595680e-01
5.701197e-01	8.791755e-01	-2.596248e-01
5.730889e-01	8.778071e-01	-2.596539e-01
5.475408e-01	8.614101e-01	-1.421082e-01
5.786656e-01	8.616718e-01	-1.722378e-01
5.533279e-01	8.515206e-01	-2.288593e-01
5.671970e-01	8.508638e-01	-2.372210e-01
5.228165e-01	7.592095e-01	-5.328553e-02
5.998324e-01	7.536670e-01	-1.072153e-01
5.200985e-01	6.434563e-01	2.697339e-02
6.090096e-01	6.306963e-01	-3.080833e-02
5.220340e-01	5.518572e-01	-9.657289e-03
6.096321e-01	5.280253e-01	-4.071987e-02
5.208718e-01	5.229838e-01	-2.279712e-02
6.104397e-01	4.972213e-01	-5.577328e-02
5.204968e-01	5.219307e-01	-5.099116e-02
6.053401e-01	4.948581e-01	-8.108163e-02
5.247930e-01	5.328967e-01	-2.215708e-02
6.024519e-01	5.057539e-01	-5.066475e-02
5.297359e-01	5.399550e-01	2.838824e-02
5.769289e-01	5.383030e-01	-2.847747e-02
5.261219e-01	3.803854e-01	5.106759e-02
5.779204e-01	3.758135e-01	-1.257730e-02
5.201060e-01	2.438993e-01	2.284500e-01
5.806338e-01	2.341376e-01	1.603781e-01
5.244171e-01	2.250475e-01	2.404227e-01
5.802783e-01	2.173031e-01	1.713732e-01
5.064219e-01	2.072680e-01	1.422382e-01
5.773756e-01	1.860332e-01	5.486748e-02
5.608376e-01	8.715473e-01	-2.671244e-01
5.566669e-01	8.795001e-01	-2.427152e-01
5.536736e-01	8.782442e-01	-2.428290e-01
5.504555e-01	8.767488e-01	-2.428523e-01
5.667987e-01	8.800772e-01	-2.489439e-01
5.703021e-01	8.790460e-01	-2.489502e-01
5.732989e-01	8.776862e-01	-2.489084e-01
5.477874e-01	8.613374e-01	-1.236377e-01
5.788931e-01	8.615979e-01	-1.552129e-01
5.535884e-01	8.514425e-01	-2.185013e-01
5.674860e-01	8.507324e-01	-2.271172e-01
5.233971e-01	7.590196e-01	-4.063664e-02
6.001342e-01	7.532015e-01	-1.014099e-01
5.177003e-01	6.435018e-01	2.642150e-02
6.091300e-01	6.308925e-01	-5.684322e-02
5.103986e-01	5.520393e-01	-1.650080e-02
6.111908e-01	5.289481e-01	-1.170177e-01
5.060343e-01	5.193907e-01	-4.770880e-02
6.122898e-01	4.971953e-01	-1.429504e-01
5.081013e-01	5.205680e-01	-7.389183e-02
6.072322e-01	4.957143e-01	-1.699983e-01
5.124459e-01	5.317762e-01	-2.477556e-02
6.045227e-01	5.069584e-01	-1.298285e-01
5.300177e-01	5.399151e-01	2.822829e-02
5.772423e-01	5.381808e-01	-2.828189e-02
5.268775e-01	3.804003e-01	5.031621e-02
5.782465e-01	3.757926e-01	-1.276357e-02
5.207295e-01	2.444615e-01	2.221683e-01
5.806959e-01	2.340678e-01	1.541412e-01
5.251127e-01	2.251992e-01	2.333364e-01
5.803901e-01	2.172443e-01	1.643168e-01
5.065851e-01	2.072854e-01	1.344196e-01
5.776654e-01	1.858571e-01	4.572101e-02
