5.817612e-01	7.177842e-01	-2.089541e-01
5.759922e-01	7.368824e-01	-1.938640e-01
5.722661e-01	7.368969e-01	-1.938583e-01
5.686491e-01	7.368235e-01	-1.937845e-01
5.888770e-01	7.357792e-01	-1.937029e-01
5.927817e-01	7.353788e-01	-1.937696e-01
5.969518e-01	7.348458e-01	-1.936737e-01
5.623276e-01	7.294089e-01	-1.037738e-01
6.004025e-01	7.286812e-01	-1.041028e-01
5.729626e-01	7.013971e-01	-1.755094e-01
5.885009e-01	7.005315e-01	-1.753061e-01
5.371082e-01	6.326262e-01	-5.643489e-02
6.253887e-01	6.237271e-01	-5.672657e-02
5.240079e-01	5.046167e-01	-4.400963e-02
6.399456e-01	4.932832e-01	-4.324874e-02
5.162647e-01	3.919268e-01	-1.217525e-01
6.394712e-01	3.749602e-01	-1.255696e-01
5.090294e-01	3.522233e-01	-1.501390e-01
6.427616e-01	3.343533e-01	-1.548342e-01
5.161614e-01	3.518200e-01	-1.809554e-01
6.353915e-01	3.352183e-01	-1.842915e-01
5.216708e-01	3.651671e-01	-1.360564e-01
6.306971e-01	3.500471e-01	-1.400432e-01
5.550454e-01	3.805219e-01	6.578985e-03
6.086772e-01	3.800986e-01	-6.452172e-03
5.484309e-01	2.157583e-01	2.505316e-02
6.121693e-01	2.118191e-01	4.381939e-03
5.507129e-01	6.326529e-02	1.346028e-01
6.159091e-01	4.752672e-02	1.010609e-01
5.600438e-01	3.991047e-02	1.405899e-01
6.112401e-01	2.716219e-02	1.045876e-01
5.273616e-01	2.373919e-02	6.159393e-02
6.264977e-01	7.699370e-03	7.827054e-03
5.819358e-01	7.192067e-01	-1.947551e-01
5.761062e-01	7.371363e-01	-1.792391e-01
5.722886e-01	7.371292e-01	-1.792471e-01
5.686518e-01	7.369984e-01	-1.792008e-01
5.888759e-01	7.363358e-01	-1.784575e-01
5.927960e-01	7.359977e-01	-1.785219e-01
5.969287e-01	7.355172e-01	-1.784375e-01
5.625893e-01	7.296166e-01	-9.130865e-02
6.005501e-01	7.290103e-01	-8.802576e-02
5.734926e-01	7.019329e-01	-1.624503e-01
5.888421e-01	7.011223e-01	-1.612628e-01
5.371146e-01	6.326104e-01	-4.850860e-02
6.253968e-01	6.242440e-01	-4.585713e-02
5.240000e-01	5.050646e-01	-3.740834e-02
6.399390e-01	4.935832e-01	-3.545636e-02
5.150635e-01	3.919163e-01	-1.086563e-01
6.399432e-01	3.741701e-01	-1.166190e-01
5.079310e-01	3.524268e-01	-1.357680e-01
6.438777e-01	3.340468e-01	-1.458212e-01
5.146970e-01	3.518384e-01	-1.670159e-01
6.364062e-01	3.346632e-01	-1.757240e-01
5.206521e-01	3.646372e-01	-1.228477e-01
6.317091e-01	3.493557e-01	-1.314726e-01
5.550879e-01	3.806071e-01	6.609972e-03
6.086673e-01	3.802566e-01	-6.482560e-03
5.476108e-01	2.154992e-01	1.719383e-02
6.133102e-01	2.117842e-01	-3.342836e-03
5.503702e-01	6.139686e-02	1.207430e-01
6.158859e-01	4.527377e-02	8.236122e-02
5.595497e-01	3.860565e-02	1.260004e-01
6.112493e-01	2.474244e-02	8.452688e-02
5.221285e-01	2.359641e-02	4.488353e-02
6.270343e-01	6.551159e-03	-1.527903e-02
5.819523e-01	7.192664e-01	-1.941916e-01
5.761333e-01	7.370630e-01	-1.787410e-01
5.722888e-01	7.370785e-01	-1.787501e-01
5.686483e-01	7.369101e-01	-1.787052e-01
5.888245e-01	7.363279e-01	-1.783064e-01
5.927874e-01	7.359957e-01	-1.783637e-01
5.968392e-01	7.355152e-01	-1.782841e-01
5.628487e-01	7.295879e-01	-9.010865e-02
6.006339e-01	7.289762e-01	-8.826642e-02
5.737126e-01	7.018865e-01	-1.614689e-01
5.889283e-01	7.010630e-01	-1.606611e-01
5.371141e-01	6.324419e-01	-4.769853e-02
6.254953e-01	6.242428e-01	-4.394351e-02
5.239546e-01	5.060514e-01	-3.759605e-02
6.404893e-01	4.931848e-01	-3.440189e-02
5.135425e-01	3.918758e-01	-1.100449e-01
6.409069e-01	3.739324e-01	-1.161848e-01
5.062980e-01	3.524277e-01	-1.374895e-01
6.460267e-01	3.338766e-01	-1.453078e-01
5.127789e-01	3.517656e-01	-1.687951e-01
6.379517e-01	3.344100e-01	-1.753515e-01
5.190452e-01	3.638161e-01	-1.243957e-01
6.329781e-01	3.491245e-01	-1.311352e-01
5.550925e-01	3.789621e-01	6.061639e-03
6.087121e-01	3.786996e-01	-5.927829e-03
5.459191e-01	2.151506e-01	9.649700e-03
6.142156e-01	2.111230e-01	-3.945443e-03
5.503498e-01	5.965937e-02	1.151302e-01
6.157407e-01	4.370155e-02	8.607282e-02
5.596696e-01	3.686306e-02	1.204147e-01
6.110641e-01	2.263028e-02	8.859869e-02
5.197295e-01	2.353788e-02	3.984370e-02
6.295779e-01	6.558603e-03	-9.866975e-03
5.819244e-01	7.178541e-01	-1.964357e-01
5.761321e-01	7.349255e-01	-1.811233e-01
5.722501e-01	7.351478e-01	-1.811253e-01
5.685964e-01	7.349936e-01	-1.810679e-01
5.886071e-01	7.343870e-01	-1.806048e-01
5.926651e-01	7.342334e-01	-1.806718e-01
5.965998e-01	7.338773e-01	-1.805844e-01
5.629535e-01	7.283382e-01	-9.214585e-02
6.006486e-01	7.274877e-01	-9.080414e-02
5.737371e-01	6.994039e-01	-1.636759e-01
5.889143e-01	6.990045e-01	-1.629564e-01
5.371101e-01	6.304957e-01	-4.810685e-02
6.258501e-01	6.232314e-01	-4.406128e-02
5.234230e-01	5.060545e-01	-4.070625e-02
6.413912e-01	4.921543e-01	-3.435468e-02
5.108465e-01	3.919300e-01	-1.179830e-01
6.421126e-01	3.731272e-01	-1.172322e-01
5.036327e-01	3.525088e-01	-1.461346e-01
6.483036e-01	3.328738e-01	-1.463379e-01
5.095829e-01	3.517793e-01	-1.788290e-01
6.399575e-01	3.333465e-01	-1.761123e-01
5.158773e-01	3.637282e-01	-1.331399e-01
6.349751e-01	3.482178e-01	-1.319761e-01
5.548534e-01	3.762388e-01	4.159987e-03
6.087164e-01	3.749380e-01	-4.021740e-03
5.440978e-01	2.133852e-01	4.323786e-03
6.153064e-01	2.100477e-01	-3.089801e-03
5.502506e-01	5.838443e-02	1.116198e-01
6.154398e-01	4.262619e-02	8.681025e-02
5.596620e-01	3.522341e-02	1.169612e-01
6.100259e-01	2.109072e-02	9.003010e-02
5.183517e-01	2.346691e-02	3.546485e-02
6.348813e-01	6.623839e-03	-8.292629e-03
5.820702e-01	7.125808e-01	-1.968805e-01
5.761992e-01	7.295932e-01	-1.812802e-01
5.722733e-01	7.296889e-01	-1.812665e-01
5.685948e-01	7.298142e-01	-1.811886e-01
5.886086e-01	7.291469e-01	-1.807289e-01
5.926911e-01	7.291963e-01	-1.808265e-01
5.965999e-01	7.290873e-01	-1.807335e-01
5.629598e-01	7.239949e-01	-9.297781e-02
6.007020e-01	7.236706e-01	-9.212382e-02
5.738810e-01	6.939434e-01	-1.645893e-01
5.889605e-01	6.941411e-01	-1.639972e-01
5.370504e-01	6.266342e-01	-4.866582e-02
6.260914e-01	6.196954e-01	-4.535251e-02
5.225164e-01	5.049314e-01	-4.810525e-02
6.423246e-01	4.889287e-01	-3.989565e-02
5.081145e-01	3.924013e-01	-1.382651e-01
6.432444e-01	3.731104e-01	-1.344496e-01
5.011609e-01	3.527768e-01	-1.686796e-01
6.496925e-01	3.327499e-01	-1.669428e-01
5.062057e-01	3.518482e-01	-2.008661e-01
6.413313e-01	3.330544e-01	-1.954074e-01
5.124406e-01	3.637578e-01	-1.537417e-01
6.364893e-01	3.479687e-01	-1.494256e-01
5.549721e-01	3.699275e-01	3.909322e-03
6.098248e-01	3.686793e-01	-3.773843e-03
5.415653e-01	2.091417e-01	8.144559e-03
6.178526e-01	2.052319e-01	4.205214e-03
5.502503e-01	5.820155e-02	1.167509e-01
6.154144e-01	4.312630e-02	1.138898e-01
5.598286e-01	3.533163e-02	1.230523e-01
6.097885e-01	2.144054e-02	1.179067e-01
5.172132e-01	2.327128e-02	4.063269e-02
6.369417e-01	7.584990e-03	2.293405e-02
5.817338e-01	7.067406e-01	-1.980770e-01
5.760374e-01	7.246521e-01	-1.826291e-01
5.720335e-01	7.247584e-01	-1.826184e-01
5.684201e-01	7.248054e-01	-1.825430e-01
5.882600e-01	7.242313e-01	-1.820027e-01
5.924184e-01	7.241994e-01	-1.820991e-01
5.963924e-01	7.240217e-01	-1.820029e-01
5.629183e-01	7.185878e-01	-9.337856e-02
6.007025e-01	7.179423e-01	-9.313252e-02
5.737928e-01	6.886523e-01	-1.653936e-01
5.887083e-01	6.886114e-01	-1.649532e-01
5.369051e-01	6.219571e-01	-4.808095e-02
6.261896e-01	6.124523e-01	-4.544476e-02
5.209656e-01	5.041345e-01	-5.039825e-02
6.435870e-01	4.823525e-01	-4.662070e-02
5.063639e-01	3.926797e-01	-1.489900e-01
6.438897e-01	3.713060e-01	-1.427014e-01
4.986669e-01	3.530346e-01	-1.807957e-01
6.509233e-01	3.306044e-01	-1.760505e-01
5.034420e-01	3.519303e-01	-2.117229e-01
6.424708e-01	3.309811e-01	-2.036811e-01
5.100256e-01	3.639047e-01	-1.642467e-01
6.372732e-01	3.461451e-01	-1.573598e-01
5.555850e-01	3.606557e-01	4.284047e-03
6.108385e-01	3.614056e-01	-4.144928e-03
5.377001e-01	2.025782e-01	8.839649e-03
6.197907e-01	1.998693e-01	7.201838e-03
5.501603e-01	5.799748e-02	1.243288e-01
6.153589e-01	4.321494e-02	1.282018e-01
5.598302e-01	3.538024e-02	1.317119e-01
6.095727e-01	2.160061e-02	1.334812e-01
5.162710e-01	2.228322e-02	5.033922e-02
6.360732e-01	7.851799e-03	3.976597e-02
5.817000e-01	6.986042e-01	-1.878426e-01
5.760208e-01	7.179440e-01	-1.721430e-01
5.719486e-01	7.183004e-01	-1.721617e-01
5.683014e-01	7.180581e-01	-1.721135e-01
5.882387e-01	7.169852e-01	-1.723541e-01
5.924221e-01	7.167286e-01	-1.723960e-01
5.963840e-01	7.163506e-01	-1.723053e-01
5.627712e-01	7.111232e-01	-8.206777e-02
6.007078e-01	7.094300e-01	-8.249722e-02
5.736917e-01	6.815777e-01	-1.543877e-01
5.886053e-01	6.805319e-01	-1.543157e-01
5.367277e-01	6.162693e-01	-3.747023e-02
6.261142e-01	6.043830e-01	-4.177729e-02
5.196171e-01	5.033816e-01	-5.069081e-02
6.439937e-01	4.768076e-01	-4.589893e-02
5.056108e-01	3.940008e-01	-1.640504e-01
6.445537e-01	3.704074e-01	-1.412403e-01
4.974670e-01	3.575234e-01	-1.979941e-01
6.517048e-01	3.297581e-01	-1.750556e-01
5.033688e-01	3.564532e-01	-2.267312e-01
6.428059e-01	3.303951e-01	-2.017359e-01
5.105212e-01	3.691340e-01	-1.788229e-01
6.375903e-01	3.452268e-01	-1.554950e-01
5.559106e-01	3.539177e-01	4.409739e-03
6.113759e-01	3.558990e-01	-4.267093e-03
5.347673e-01	1.974269e-01	-6.296941e-03
6.212362e-01	1.964842e-01	-2.711900e-03
5.498316e-01	5.760863e-02	1.228416e-01
6.147175e-01	4.328281e-02	1.194580e-01
5.597398e-01	3.535707e-02	1.307779e-01
6.086289e-01	2.225144e-02	1.235952e-01
5.168638e-01	1.918112e-02	5.047666e-02
6.354365e-01	8.019974e-03	2.947771e-02
5.815200e-01	6.909667e-01	-1.740834e-01
5.759763e-01	7.101746e-01	-1.584925e-01
5.718141e-01	7.106729e-01	-1.585226e-01
5.681444e-01	7.107328e-01	-1.584914e-01
5.881754e-01	7.084162e-01	-1.584686e-01
5.923871e-01	7.080522e-01	-1.584818e-01
5.963081e-01	7.078582e-01	-1.583765e-01
5.626775e-01	7.036836e-01	-6.810632e-02
6.006784e-01	7.011296e-01	-6.661442e-02
5.733718e-01	6.746032e-01	-1.403787e-01
5.883042e-01	6.727210e-01	-1.397231e-01
5.366226e-01	6.119760e-01	-2.717953e-02
6.258420e-01	5.983212e-01	-2.272699e-02
5.178050e-01	5.034348e-01	-5.043461e-02
6.444935e-01	4.757071e-01	-1.977124e-02
5.044718e-01	3.999738e-01	-1.717165e-01
6.449993e-01	3.710634e-01	-1.152174e-01
4.968301e-01	3.657465e-01	-2.077698e-01
6.518588e-01	3.305625e-01	-1.499014e-01
5.032178e-01	3.661411e-01	-2.372638e-01
6.428730e-01	3.317992e-01	-1.767071e-01
5.101847e-01	3.789997e-01	-1.869649e-01
6.376669e-01	3.461300e-01	-1.297471e-01
5.559083e-01	3.477204e-01	3.791831e-03
6.115960e-01	3.499711e-01	-3.644177e-03
5.331514e-01	1.932637e-01	-7.089586e-03
6.224557e-01	1.929074e-01	-3.923455e-04
5.496475e-01	5.674128e-02	1.243793e-01
6.132755e-01	4.036992e-02	1.220206e-01
5.597089e-01	3.464774e-02	1.333072e-01
6.070870e-01	2.047788e-02	1.269010e-01
5.141686e-01	1.925081e-02	5.286868e-02
6.364928e-01	8.382461e-03	3.326486e-02
5.809398e-01	6.813294e-01	-1.611767e-01
5.756052e-01	6.991779e-01	-1.453391e-01
5.713583e-01	6.998861e-01	-1.453796e-01
5.677670e-01	7.005156e-01	-1.453467e-01
5.877322e-01	6.976175e-01	-1.449191e-01
5.918875e-01	6.973864e-01	-1.449083e-01
5.957946e-01	6.970101e-01	-1.447687e-01
5.623932e-01	6.944685e-01	-5.467703e-02
6.000059e-01	6.903382e-01	-5.141417e-02
5.726520e-01	6.646776e-01	-1.274923e-01
5.877064e-01	6.621300e-01	-1.263164e-01
5.363411e-01	6.057787e-01	-1.786583e-02
6.243551e-01	5.922053e-01	-5.978633e-03
5.168732e-01	5.035428e-01	-4.285955e-02
6.450061e-01	4.757134e-01	-5.946371e-04
5.031551e-01	4.088357e-01	-1.685683e-01
6.455961e-01	3.742937e-01	-9.551410e-02
4.960693e-01	3.744417e-01	-2.058378e-01
6.521993e-01	3.337206e-01	-1.289565e-01
5.025988e-01	3.757892e-01	-2.343897e-01
6.429457e-01	3.352257e-01	-1.556519e-01
5.092756e-01	3.886588e-01	-1.834042e-01
6.377774e-01	3.494873e-01	-1.097688e-01
5.559162e-01	3.400544e-01	3.163546e-03
6.117752e-01	3.434075e-01	-3.008528e-03
5.302533e-01	1.886412e-01	-2.603600e-02
6.237398e-01	1.899326e-01	-1.101064e-02
5.495692e-01	5.632382e-02	1.226567e-01
6.121386e-01	4.033985e-02	1.195999e-01
5.598876e-01	3.391955e-02	1.326221e-01
6.051369e-01	2.061878e-02	1.257137e-01
5.132548e-01	1.891202e-02	5.278245e-02
6.367359e-01	9.383193e-03	3.573966e-02
5.808834e-01	6.688262e-01	-1.699248e-01
5.755572e-01	6.867764e-01	-1.543354e-01
5.712467e-01	6.878865e-01	-1.543817e-01
5.676083e-01	6.882930e-01	-1.543562e-01
5.876845e-01	6.847181e-01	-1.535879e-01
5.918819e-01	6.845465e-01	-1.535731e-01
5.957100e-01	6.843603e-01	-1.534252e-01
5.620911e-01	6.827689e-01	-6.154227e-02
5.996553e-01	6.781955e-01	-5.641086e-02
5.725604e-01	6.518968e-01	-1.351765e-01
5.876082e-01	6.477744e-01	-1.335513e-01
5.359355e-01	5.966171e-01	-2.130157e-02
6.227494e-01	5.841631e-01	-5.210326e-03
5.155226e-01	5.034742e-01	-5.090075e-02
6.454488e-01	4.766622e-01	-3.561921e-03
5.022412e-01	4.181985e-01	-2.007597e-01
6.467539e-01	3.770609e-01	-1.056499e-01
4.945096e-01	3.853680e-01	-2.420203e-01
6.536672e-01	3.396216e-01	-1.380056e-01
5.016407e-01	3.868943e-01	-2.684940e-01
6.435221e-01	3.416651e-01	-1.656782e-01
5.084180e-01	3.977579e-01	-2.151784e-01
6.386122e-01	3.551283e-01	-1.200778e-01
5.559209e-01	3.304815e-01	2.290055e-03
6.118075e-01	3.354112e-01	-2.109160e-03
5.273779e-01	1.867206e-01	-3.328714e-02
6.245261e-01	1.880407e-01	-2.012262e-02
5.494367e-01	5.635293e-02	1.228610e-01
6.121773e-01	4.048603e-02	1.192389e-01
5.600680e-01	3.394537e-02	1.337236e-01
6.050840e-01	2.138247e-02	1.267862e-01
5.125363e-01	1.893790e-02	5.563670e-02
6.366026e-01	9.235130e-03	4.011469e-02
5.802571e-01	6.585798e-01	-1.618587e-01
5.750488e-01	6.759173e-01	-1.463537e-01
5.704461e-01	6.769561e-01	-1.464146e-01
5.669128e-01	6.774488e-01	-1.464177e-01
5.871866e-01	6.739147e-01	-1.450547e-01
5.913827e-01	6.737942e-01	-1.450123e-01
5.951420e-01	6.740684e-01	-1.448172e-01
5.611801e-01	6.724489e-01	-5.260693e-02
5.987033e-01	6.688406e-01	-4.582898e-02
5.717518e-01	6.416348e-01	-1.266597e-01
5.870096e-01	6.378633e-01	-1.244939e-01
5.354571e-01	5.879979e-01	-1.779566e-02
6.217304e-01	5.781268e-01	4.008917e-03
5.150378e-01	5.020812e-01	-7.156898e-02
6.455343e-01	4.772799e-01	-8.190676e-03
5.024985e-01	4.297037e-01	-2.492013e-01
6.465810e-01	3.887558e-01	-1.640254e-01
4.942447e-01	4.032245e-01	-2.956305e-01
6.533249e-01	3.567382e-01	-2.047472e-01
5.016158e-01	4.034281e-01	-3.208531e-01
6.433415e-01	3.587709e-01	-2.262974e-01
5.085387e-01	4.114263e-01	-2.637366e-01
6.383377e-01	3.693792e-01	-1.778133e-01
5.560957e-01	3.277697e-01	1.990898e-03
6.118438e-01	3.328696e-01	-1.773768e-03
5.253306e-01	1.838857e-01	-6.345490e-02
6.247159e-01	1.821719e-01	-1.961730e-02
5.493659e-01	5.633964e-02	1.058411e-01
6.107876e-01	4.042804e-02	1.306159e-01
5.602717e-01	3.430312e-02	1.181371e-01
6.039965e-01	2.162037e-02	1.400175e-01
5.131526e-01	1.863963e-02	4.149538e-02
6.361848e-01	8.630041e-03	5.668339e-02
5.795900e-01	6.470320e-01	-1.570226e-01
5.745435e-01	6.638293e-01	-1.416254e-01
5.699390e-01	6.644799e-01	-1.416902e-01
5.663852e-01	6.653951e-01	-1.416939e-01
5.866265e-01	6.624352e-01	-1.398594e-01
5.906805e-01	6.622458e-01	-1.398105e-01
5.944420e-01	6.623448e-01	-1.396384e-01
5.607642e-01	6.615078e-01	-4.826771e-02
5.978289e-01	6.576709e-01	-3.893618e-02
5.710866e-01	6.303970e-01	-1.220000e-01
5.862226e-01	6.272395e-01	-1.191079e-01
5.347027e-01	5.778289e-01	-1.389071e-02
6.205953e-01	5.690845e-01	6.423767e-03
5.140137e-01	5.021064e-01	-9.313489e-02
6.455078e-01	4.776047e-01	-3.160290e-02
5.026333e-01	4.496616e-01	-2.974720e-01
6.459671e-01	4.053630e-01	-1.882621e-01
4.943655e-01	4.264533e-01	-3.457977e-01
6.528278e-01	3.748509e-01	-2.298708e-01
5.016692e-01	4.254074e-01	-3.656668e-01
6.414253e-01	3.780486e-01	-2.459261e-01
5.084995e-01	4.313832e-01	-3.103761e-01
6.361872e-01	3.872494e-01	-1.998434e-01
5.565945e-01	3.205295e-01	1.093957e-03
6.119365e-01	3.245803e-01	-8.482343e-04
5.245019e-01	1.762291e-01	-1.168949e-01
6.261258e-01	1.769001e-01	-4.632547e-02
5.490898e-01	5.655646e-02	7.802390e-02
6.104966e-01	4.090862e-02	1.262811e-01
5.602472e-01	3.655536e-02	9.338927e-02
6.036882e-01	2.414151e-02	1.342156e-01
5.138744e-01	1.868567e-02	1.602448e-02
6.359073e-01	1.021282e-02	4.978307e-02
5.778035e-01	6.396981e-01	-1.589813e-01
5.730743e-01	6.548451e-01	-1.446661e-01
5.683910e-01	6.551956e-01	-1.447177e-01
5.651229e-01	6.556290e-01	-1.447237e-01
5.851671e-01	6.539192e-01	-1.432486e-01
5.890943e-01	6.535898e-01	-1.432124e-01
5.928582e-01	6.535074e-01	-1.430586e-01
5.596329e-01	6.502497e-01	-5.368186e-02
5.963684e-01	6.470688e-01	-4.647053e-02
5.694240e-01	6.221834e-01	-1.245403e-01
5.847590e-01	6.193354e-01	-1.222185e-01
5.336110e-01	5.653048e-01	-1.497153e-02
6.200217e-01	5.613768e-01	1.319148e-03
5.136122e-01	5.021518e-01	-7.864403e-02
6.453046e-01	4.778406e-01	-1.363379e-02
5.026778e-01	4.593264e-01	-2.519398e-01
6.447253e-01	4.233195e-01	-1.278112e-01
4.942844e-01	4.397455e-01	-2.934112e-01
6.500722e-01	3.946336e-01	-1.615576e-01
5.016510e-01	4.417698e-01	-3.126876e-01
6.378469e-01	3.980483e-01	-1.751040e-01
5.083410e-01	4.464545e-01	-2.639489e-01
6.330541e-01	4.072320e-01	-1.370126e-01
5.566808e-01	3.132966e-01	7.958282e-04
6.119653e-01	3.172202e-01	-5.553266e-04
5.234210e-01	1.697995e-01	-1.110895e-01
6.297283e-01	1.698342e-01	-7.659125e-02
5.485190e-01	5.685241e-02	9.329506e-02
6.102058e-01	4.096830e-02	1.017696e-01
5.595726e-01	3.806067e-02	1.055682e-01
6.029578e-01	2.595282e-02	1.146958e-01
5.143579e-01	1.849705e-02	1.877836e-02
6.357266e-01	1.049173e-02	3.808114e-02
5.773817e-01	6.273857e-01	-1.563526e-01
5.724598e-01	6.435986e-01	-1.419038e-01
5.678204e-01	6.439270e-01	-1.419564e-01
5.645244e-01	6.444159e-01	-1.419636e-01
5.844212e-01	6.428238e-01	-1.410615e-01
5.882715e-01	6.427316e-01	-1.410308e-01
5.920057e-01	6.424075e-01	-1.408979e-01
5.587695e-01	6.389029e-01	-4.920926e-02
5.955977e-01	6.352535e-01	-4.439063e-02
5.688880e-01	6.105022e-01	-1.210829e-01
5.841932e-01	6.082312e-01	-1.194099e-01
5.334855e-01	5.597376e-01	-1.683964e-02
6.199033e-01	5.534222e-01	-4.337740e-03
5.137712e-01	5.064416e-01	-1.425802e-01
6.422513e-01	4.804819e-01	-9.048253e-02
5.045840e-01	4.854737e-01	-3.618641e-01
6.422930e-01	4.409555e-01	-2.614310e-01
4.961765e-01	4.705961e-01	-4.127274e-01
6.474620e-01	4.157340e-01	-3.064584e-01
5.064847e-01	4.717008e-01	-4.239151e-01
6.360274e-01	4.178118e-01	-3.174307e-01
5.130759e-01	4.749330e-01	-3.726534e-01
6.311892e-01	4.251238e-01	-2.723353e-01
5.566786e-01	3.076077e-01	6.389847e-04
6.119001e-01	3.097861e-01	-3.985177e-04
5.216092e-01	1.676687e-01	-1.225311e-01
6.317782e-01	1.652600e-01	-8.908280e-02
5.476497e-01	5.796132e-02	8.735739e-02
6.100295e-01	4.097015e-02	8.699240e-02
5.586039e-01	4.115195e-02	1.029815e-01
6.017984e-01	2.655045e-02	9.893655e-02
5.145521e-01	1.851647e-02	2.343058e-02
6.361100e-01	1.096087e-02	1.650212e-02
5.765349e-01	6.171062e-01	-1.594736e-01
5.715966e-01	6.342387e-01	-1.436836e-01
5.670643e-01	6.346551e-01	-1.437337e-01
5.638939e-01	6.351691e-01	-1.437340e-01
5.835150e-01	6.332982e-01	-1.440174e-01
5.874059e-01	6.331527e-01	-1.439932e-01
5.912451e-01	6.325022e-01	-1.438477e-01
5.581020e-01	6.294428e-01	-4.516018e-02
5.950809e-01	6.244563e-01	-4.747770e-02
5.681992e-01	6.008588e-01	-1.226108e-01
5.834156e-01	5.984693e-01	-1.226950e-01
5.331752e-01	5.517331e-01	-2.066704e-02
6.193987e-01	5.448712e-01	-3.418358e-02
5.135950e-01	5.092550e-01	-2.193921e-01
6.382748e-01	4.869184e-01	-2.155991e-01
5.053658e-01	4.949835e-01	-4.742171e-01
6.385139e-01	4.572447e-01	-4.409117e-01
4.964443e-01	4.869820e-01	-5.348882e-01
6.445746e-01	4.384825e-01	-4.977570e-01
5.090463e-01	4.882545e-01	-5.399737e-01
6.335841e-01	4.378888e-01	-5.003771e-01
5.156708e-01	4.882781e-01	-4.848540e-01
6.283439e-01	4.411712e-01	-4.510529e-01
5.565863e-01	3.019647e-01	1.922674e-03
6.115770e-01	3.021840e-01	-1.640586e-03
5.196466e-01	1.634861e-01	-1.593696e-01
6.340022e-01	1.565198e-01	-1.158614e-01
5.472285e-01	5.826580e-02	8.296061e-02
6.097330e-01	4.099917e-02	9.448056e-02
5.578829e-01	4.407664e-02	1.022084e-01
6.007254e-01	2.956875e-02	1.065232e-01
5.168895e-01	1.814932e-02	2.791372e-02
6.340817e-01	1.063760e-02	3.382189e-02
5.762132e-01	6.077230e-01	-1.598733e-01
5.711478e-01	6.249474e-01	-1.456044e-01
5.666524e-01	6.253882e-01	-1.456482e-01
5.635339e-01	6.259056e-01	-1.456481e-01
5.830485e-01	6.239524e-01	-1.457361e-01
5.869358e-01	6.237527e-01	-1.457192e-01
5.907239e-01	6.229087e-01	-1.455743e-01
5.575492e-01	6.202662e-01	-4.938105e-02
5.945350e-01	6.145433e-01	-4.826519e-02
5.680093e-01	5.915492e-01	-1.242029e-01
5.829940e-01	5.895969e-01	-1.240421e-01
5.329417e-01	5.455585e-01	-3.702479e-02
6.174280e-01	5.412534e-01	-5.485924e-02
5.137342e-01	5.091640e-01	-2.461348e-01
6.300390e-01	5.044481e-01	-2.487136e-01
5.100860e-01	5.038198e-01	-4.872925e-01
6.338073e-01	4.794925e-01	-4.682580e-01
4.993090e-01	5.034544e-01	-5.430796e-01
6.407982e-01	4.611662e-01	-5.204245e-01
5.125535e-01	5.024863e-01	-5.445406e-01
6.305171e-01	4.595771e-01	-5.235971e-01
5.198756e-01	4.992717e-01	-4.961639e-01
6.250607e-01	4.618336e-01	-4.789835e-01
5.559320e-01	2.934524e-01	3.546049e-03
6.106963e-01	2.948191e-01	-3.290674e-03
5.182875e-01	1.599922e-01	-1.564520e-01
6.353378e-01	1.529252e-01	-1.135877e-01
5.468546e-01	5.817463e-02	5.442797e-02
6.097862e-01	4.155420e-02	8.465426e-02
5.570904e-01	4.384802e-02	7.080188e-02
6.009467e-01	3.106233e-02	9.893101e-02
5.169246e-01	1.827177e-02	-6.114013e-04
6.342023e-01	1.056120e-02	2.855219e-02
5.760298e-01	5.997468e-01	-1.600218e-01
5.706509e-01	6.172142e-01	-1.462503e-01
5.661510e-01	6.175823e-01	-1.462910e-01
5.630260e-01	6.179636e-01	-1.462827e-01
5.825857e-01	6.162999e-01	-1.462818e-01
5.864643e-01	6.160244e-01	-1.462702e-01
5.902133e-01	6.151068e-01	-1.461302e-01
5.567135e-01	6.116793e-01	-5.184173e-02
5.939094e-01	6.064930e-01	-4.893365e-02
5.678934e-01	5.835301e-01	-1.249739e-01
5.827349e-01	5.821733e-01	-1.246166e-01
5.329151e-01	5.384178e-01	-4.811331e-02
6.156048e-01	5.381425e-01	-6.816733e-02
5.144740e-01	5.090238e-01	-2.816914e-01
6.284336e-01	5.113602e-01	-2.956213e-01
5.122425e-01	5.008138e-01	-5.327124e-01
6.311288e-01	4.908803e-01	-5.245303e-01
5.019658e-01	5.039905e-01	-5.898499e-01
6.376451e-01	4.785323e-01	-5.779413e-01
5.148678e-01	5.052953e-01	-5.884505e-01
6.260595e-01	4.769953e-01	-5.758514e-01
5.222495e-01	5.014248e-01	-5.411180e-01
6.205948e-01	4.761894e-01	-5.337197e-01
5.550565e-01	2.869129e-01	5.677817e-03
6.098255e-01	2.881701e-01	-5.487581e-03
5.165377e-01	1.584166e-01	-1.587182e-01
6.364704e-01	1.487965e-01	-1.056478e-01
5.464728e-01	5.694156e-02	5.174756e-02
6.096969e-01	4.172589e-02	9.294929e-02
5.570768e-01	4.226118e-02	6.834426e-02
6.006233e-01	3.143207e-02	1.138640e-01
5.169286e-01	1.793638e-02	-1.914132e-03
6.340590e-01	1.041656e-02	4.920588e-02
5.755497e-01	5.930106e-01	-1.610294e-01
5.697866e-01	6.102740e-01	-1.470151e-01
5.653542e-01	6.105077e-01	-1.470607e-01
5.621591e-01	6.107608e-01	-1.470553e-01
5.819528e-01	6.097407e-01	-1.469270e-01
5.859063e-01	6.096516e-01	-1.469179e-01
5.896478e-01	6.090251e-01	-1.467772e-01
5.558561e-01	6.043184e-01	-5.332659e-02
5.933371e-01	6.006117e-01	-5.090991e-02
5.675759e-01	5.766587e-01	-1.257868e-01
5.823495e-01	5.756995e-01	-1.251960e-01
5.328705e-01	5.333378e-01	-5.133658e-02
6.146918e-01	5.331356e-01	-6.299526e-02
5.145289e-01	5.070521e-01	-2.925995e-01
6.261554e-01	5.116760e-01	-2.955247e-01
5.144824e-01	5.018181e-01	-5.407055e-01
6.266557e-01	5.006653e-01	-5.372092e-01
5.080572e-01	5.072380e-01	-5.982997e-01
6.333874e-01	4.954989e-01	-5.923387e-01
5.185522e-01	5.139203e-01	-5.944443e-01
6.235386e-01	4.943328e-01	-5.900359e-01
5.239745e-01	5.100653e-01	-5.477532e-01
6.180643e-01	4.913898e-01	-5.470613e-01
5.543680e-01	2.818106e-01	6.240212e-03
6.095728e-01	2.833194e-01	-6.090843e-03
5.148915e-01	1.555725e-01	-1.581881e-01
6.376144e-01	1.437916e-01	-9.539563e-02
5.463177e-01	5.603736e-02	6.513266e-02
6.097335e-01	4.178693e-02	1.339569e-01
5.570765e-01	4.141085e-02	8.209582e-02
6.004851e-01	3.152241e-02	1.541014e-01
5.170794e-01	1.695536e-02	9.526017e-03
6.341761e-01	9.664152e-03	8.593697e-02
5.752448e-01	5.862412e-01	-1.615047e-01
5.693759e-01	6.034370e-01	-1.474696e-01
5.649819e-01	6.035581e-01	-1.475108e-01
5.618128e-01	6.037060e-01	-1.475048e-01
5.815070e-01	6.031726e-01	-1.470650e-01
5.855008e-01	6.032237e-01	-1.470502e-01
5.892578e-01	6.027368e-01	-1.469046e-01
5.556495e-01	5.977057e-01	-5.419936e-02
5.930265e-01	5.950162e-01	-5.110828e-02
5.674619e-01	5.696915e-01	-1.265001e-01
5.820462e-01	5.692453e-01	-1.257130e-01
5.331780e-01	5.279096e-01	-5.127420e-02
6.140140e-01	5.279207e-01	-6.762089e-02
5.151940e-01	5.039471e-01	-2.919250e-01
6.245483e-01	5.081831e-01	-3.077139e-01
5.145826e-01	5.094212e-01	-5.379260e-01
6.237108e-01	4.974231e-01	-5.481340e-01
5.085322e-01	5.146297e-01	-5.935414e-01
6.291047e-01	4.976851e-01	-6.029037e-01
5.192298e-01	5.190501e-01	-5.883058e-01
6.206288e-01	5.013795e-01	-5.970134e-01
5.241488e-01	5.150294e-01	-5.443304e-01
6.155704e-01	4.977015e-01	-5.562307e-01
5.542984e-01	2.765875e-01	7.035577e-03
6.092290e-01	2.785394e-01	-6.929972e-03
5.142131e-01	1.546116e-01	-1.669649e-01
6.374587e-01	1.409245e-01	-1.011806e-01
5.459194e-01	5.605173e-02	6.415445e-02
6.098047e-01	4.253490e-02	1.397756e-01
5.569822e-01	4.180787e-02	8.334091e-02
6.006895e-01	3.348298e-02	1.606843e-01
5.188742e-01	1.603658e-02	1.296150e-02
6.338238e-01	9.094716e-03	9.540530e-02
5.747294e-01	5.847507e-01	-1.612088e-01
5.689018e-01	5.999292e-01	-1.465740e-01
5.645548e-01	6.001006e-01	-1.466309e-01
5.614105e-01	6.001166e-01	-1.466397e-01
5.810531e-01	5.996259e-01	-1.468129e-01
5.849938e-01	5.994944e-01	-1.468080e-01
5.888048e-01	5.993181e-01	-1.466753e-01
5.553563e-01	5.939499e-01	-5.243289e-02
5.925105e-01	5.916222e-01	-5.218022e-02
5.671332e-01	5.667295e-01	-1.257289e-01
5.816514e-01	5.661480e-01	-1.256328e-01
5.333539e-01	5.241451e-01	-5.295175e-02
6.137469e-01	5.215338e-01	-6.720535e-02
5.200335e-01	5.002740e-01	-2.984403e-01
6.222662e-01	5.063830e-01	-3.092522e-01
5.166372e-01	5.093419e-01	-5.525813e-01
6.223119e-01	4.987223e-01	-5.565034e-01
5.098016e-01	5.165328e-01	-6.099939e-01
6.265588e-01	5.004379e-01	-6.124680e-01
5.198863e-01	5.217941e-01	-6.067557e-01
6.199921e-01	5.047505e-01	-6.081511e-01
5.248564e-01	5.171703e-01	-5.603560e-01
6.155303e-01	5.001166e-01	-5.658545e-01
5.539097e-01	2.747953e-01	7.444940e-03
6.088446e-01	2.769219e-01	-7.348492e-03
5.137268e-01	1.513985e-01	-1.566630e-01
6.369423e-01	1.376521e-01	-1.023107e-01
5.459346e-01	5.583956e-02	8.453451e-02
6.095507e-01	4.254156e-02	1.536891e-01
5.570650e-01	4.242826e-02	1.075840e-01
6.006136e-01	3.447133e-02	1.767517e-01
5.219732e-01	1.346346e-02	4.308700e-02
6.314920e-01	7.572509e-03	1.148589e-01
5.742537e-01	5.794175e-01	-1.581532e-01
5.684639e-01	5.947508e-01	-1.433548e-01
5.641350e-01	5.951263e-01	-1.434163e-01
5.609950e-01	5.952736e-01	-1.434287e-01
5.807057e-01	5.943633e-01	-1.438549e-01
5.847381e-01	5.942036e-01	-1.438622e-01
5.885893e-01	5.942762e-01	-1.437510e-01
5.550392e-01	5.893415e-01	-4.924866e-02
5.923904e-01	5.870942e-01	-5.035565e-02
5.667275e-01	5.609044e-01	-1.222981e-01
5.812829e-01	5.602017e-01	-1.224572e-01
5.332798e-01	5.217013e-01	-5.173907e-02
6.135873e-01	5.165163e-01	-6.352802e-02
5.204656e-01	4.874340e-01	-2.773334e-01
6.240579e-01	4.991342e-01	-2.952824e-01
5.171544e-01	5.112019e-01	-5.211768e-01
6.234015e-01	4.983324e-01	-5.326127e-01
5.112089e-01	5.202409e-01	-5.749497e-01
6.258096e-01	5.030829e-01	-5.864290e-01
5.207012e-01	5.265687e-01	-5.704027e-01
6.194992e-01	5.087929e-01	-5.800179e-01
5.254561e-01	5.216369e-01	-5.278729e-01
6.156286e-01	5.048073e-01	-5.404335e-01
5.536519e-01	2.727723e-01	7.841727e-03
6.087149e-01	2.749526e-01	-7.751461e-03
5.132689e-01	1.499141e-01	-1.737941e-01
6.366909e-01	1.326304e-01	-1.136018e-01
5.459528e-01	5.527236e-02	7.725598e-02
6.094116e-01	4.254841e-02	1.444735e-01
5.571975e-01	4.237120e-02	1.027252e-01
6.007102e-01	3.565022e-02	1.671156e-01
5.229080e-01	1.211902e-02	3.767137e-02
6.304896e-01	5.709452e-03	1.057123e-01
5.741042e-01	5.769117e-01	-1.551355e-01
5.683587e-01	5.926198e-01	-1.409289e-01
5.639445e-01	5.931498e-01	-1.409899e-01
5.608241e-01	5.934414e-01	-1.410182e-01
5.806333e-01	5.915566e-01	-1.409264e-01
5.846652e-01	5.912341e-01	-1.409332e-01
5.885366e-01	5.913942e-01	-1.408092e-01
5.547080e-01	5.874676e-01	-4.953950e-02
5.922338e-01	5.844823e-01	-4.909433e-02
5.665169e-01	5.587215e-01	-1.203094e-01
5.811468e-01	5.572424e-01	-1.198370e-01
5.330454e-01	5.198930e-01	-5.204633e-02
6.130524e-01	5.137707e-01	-6.170757e-02
5.223997e-01	4.875259e-01	-2.884043e-01
6.232392e-01	4.975021e-01	-2.966511e-01
5.192814e-01	5.071800e-01	-5.322095e-01
6.235710e-01	4.961218e-01	-5.404692e-01
5.132327e-01	5.166379e-01	-5.882288e-01
6.247068e-01	5.025307e-01	-5.957745e-01
5.212303e-01	5.234031e-01	-5.858498e-01
6.188325e-01	5.068613e-01	-5.914053e-01
5.256750e-01	5.172241e-01	-5.401237e-01
6.155193e-01	5.025428e-01	-5.499087e-01
5.532581e-01	2.706268e-01	7.722885e-03
6.084341e-01	2.734642e-01	-7.625340e-03
5.122885e-01	1.485900e-01	-1.571275e-01
6.365091e-01	1.322510e-01	-1.035607e-01
5.458549e-01	5.529118e-02	8.815102e-02
6.094261e-01	4.201925e-02	1.431599e-01
5.572070e-01	4.248966e-02	1.110093e-01
6.007787e-01	3.547944e-02	1.640028e-01
5.228046e-01	1.232217e-02	4.990676e-02
6.312112e-01	5.388408e-03	1.006435e-01
5.741236e-01	5.749502e-01	-1.526350e-01
5.684010e-01	5.907179e-01	-1.386402e-01
5.639346e-01	5.912124e-01	-1.386912e-01
5.608055e-01	5.913735e-01	-1.387068e-01
5.806016e-01	5.894262e-01	-1.379976e-01
5.846183e-01	5.891491e-01	-1.379958e-01
5.884658e-01	5.891678e-01	-1.378700e-01
5.544253e-01	5.850982e-01	-4.812651e-02
5.920556e-01	5.821757e-01	-4.468524e-02
5.664603e-01	5.569035e-01	-1.180378e-01
5.811169e-01	5.550684e-01	-1.166579e-01
5.329359e-01	5.188407e-01	-5.195238e-02
6.122539e-01	5.141008e-01	-6.017264e-02
5.223956e-01	4.891647e-01	-2.983821e-01
6.230067e-01	4.987510e-01	-3.064418e-01
5.195814e-01	5.064749e-01	-5.432231e-01
6.223975e-01	4.989758e-01	-5.521110e-01
5.136269e-01	5.148616e-01	-5.999637e-01
6.229984e-01	5.035129e-01	-6.074372e-01
5.223495e-01	5.203793e-01	-5.967769e-01
6.168607e-01	5.069660e-01	-6.025165e-01
5.265876e-01	5.139772e-01	-5.510229e-01
6.138915e-01	5.022944e-01	-5.613796e-01
5.529529e-01	2.689765e-01	7.401970e-03
6.081783e-01	2.718512e-01	-7.302726e-03
5.120197e-01	1.465691e-01	-1.536938e-01
6.364579e-01	1.314916e-01	-1.061064e-01
5.454714e-01	5.575367e-02	9.873136e-02
6.094598e-01	4.201741e-02	1.389103e-01
5.569378e-01	4.428546e-02	1.212285e-01
6.008283e-01	3.542273e-02	1.590672e-01
5.229946e-01	1.263225e-02	6.073222e-02
6.321251e-01	4.731881e-03	9.446522e-02
5.739957e-01	5.741631e-01	-1.540876e-01
5.682045e-01	5.902824e-01	-1.399753e-01
5.637469e-01	5.904473e-01	-1.400277e-01
5.605618e-01	5.904701e-01	-1.400401e-01
5.803747e-01	5.895923e-01	-1.395131e-01
5.844014e-01	5.894933e-01	-1.395114e-01
5.882782e-01	5.891957e-01	-1.393841e-01
5.538415e-01	5.840356e-01	-4.953553e-02
5.920083e-01	5.816943e-01	-4.582887e-02
5.663558e-01	5.556962e-01	-1.193315e-01
5.810211e-01	5.547262e-01	-1.182133e-01
5.328050e-01	5.173235e-01	-5.611915e-02
6.121041e-01	5.138179e-01	-6.511109e-02
5.227207e-01	4.901592e-01	-3.015891e-01
6.236584e-01	4.989655e-01	-3.125183e-01
5.196974e-01	5.047814e-01	-5.419829e-01
6.220566e-01	5.000592e-01	-5.509313e-01
5.143492e-01	5.131187e-01	-5.976922e-01
6.228489e-01	5.034071e-01	-6.048564e-01
5.237041e-01	5.180935e-01	-5.936097e-01
6.161536e-01	5.045316e-01	-6.001625e-01
5.277305e-01	5.113574e-01	-5.491933e-01
6.132514e-01	4.992778e-01	-5.600855e-01
5.527645e-01	2.668042e-01	7.231121e-03
6.079832e-01	2.704726e-01	-7.129496e-03
5.118621e-01	1.443666e-01	-1.515619e-01
6.363663e-01	1.304628e-01	-1.020432e-01
5.452531e-01	5.599786e-02	1.084266e-01
6.094523e-01	4.202541e-02	1.379447e-01
5.563653e-01	4.632527e-02	1.302643e-01
6.005239e-01	3.521305e-02	1.579339e-01
5.242833e-01	1.399191e-02	7.189864e-02
6.322701e-01	4.517130e-03	9.422932e-02
5.739387e-01	5.735106e-01	-1.538568e-01
5.681076e-01	5.897812e-01	-1.397817e-01
5.636448e-01	5.898744e-01	-1.398274e-01
5.604167e-01	5.898631e-01	-1.398327e-01
5.802420e-01	5.892591e-01	-1.392512e-01
5.843014e-01	5.891981e-01	-1.392481e-01
5.881748e-01	5.887721e-01	-1.391178e-01
5.534768e-01	5.834325e-01	-4.925630e-02
5.920155e-01	5.810170e-01	-4.598609e-02
5.663039e-01	5.547144e-01	-1.190891e-01
5.809771e-01	5.541340e-01	-1.179230e-01
5.323541e-01	5.164176e-01	-5.464515e-02
6.120457e-01	5.129287e-01	-6.422532e-02
5.225561e-01	4.900192e-01	-3.041703e-01
6.240379e-01	4.988815e-01	-3.129148e-01
5.198379e-01	5.033889e-01	-5.481176e-01
6.218029e-01	5.007420e-01	-5.481476e-01
5.147554e-01	5.108017e-01	-6.037813e-01
6.226115e-01	5.037475e-01	-6.009059e-01
5.241665e-01	5.159464e-01	-5.972248e-01
6.152366e-01	5.039172e-01	-5.955027e-01
5.287226e-01	5.090314e-01	-5.543501e-01
6.122661e-01	4.983521e-01	-5.567383e-01
5.524674e-01	2.659437e-01	6.929147e-03
6.078851e-01	2.690611e-01	-6.833767e-03
5.117586e-01	1.431494e-01	-1.489876e-01
6.369719e-01	1.295552e-01	-1.112294e-01
5.449103e-01	5.762316e-02	1.189646e-01
6.094620e-01	4.203357e-02	1.372342e-01
5.561300e-01	4.895369e-02	1.423286e-01
6.005184e-01	3.511129e-02	1.561469e-01
5.240353e-01	1.435621e-02	8.716863e-02
6.311412e-01	4.477954e-03	9.334695e-02
5.737487e-01	5.726143e-01	-1.523673e-01
5.678952e-01	5.891176e-01	-1.385154e-01
5.634585e-01	5.891986e-01	-1.385595e-01
5.602025e-01	5.892535e-01	-1.385642e-01
5.800099e-01	5.887906e-01	-1.381467e-01
5.841066e-01	5.888714e-01	-1.381414e-01
5.880029e-01	5.884760e-01	-1.380071e-01
5.532076e-01	5.829871e-01	-4.810741e-02
5.920079e-01	5.805979e-01	-4.596319e-02
5.661842e-01	5.540470e-01	-1.175562e-01
5.808526e-01	5.535404e-01	-1.166712e-01
5.321203e-01	5.151441e-01	-5.419148e-02
6.119240e-01	5.128542e-01	-6.317311e-02
5.229000e-01	4.872718e-01	-2.932375e-01
6.228487e-01	4.989108e-01	-3.075997e-01
5.204092e-01	4.994161e-01	-5.370708e-01
6.213263e-01	4.997810e-01	-5.422342e-01
5.150278e-01	5.086604e-01	-5.922201e-01
6.223785e-01	5.022228e-01	-5.950239e-01
5.239466e-01	5.136453e-01	-5.871208e-01
6.150578e-01	5.025564e-01	-5.902148e-01
5.288031e-01	5.074866e-01	-5.438160e-01
6.119785e-01	4.985687e-01	-5.509759e-01
5.524687e-01	2.660169e-01	7.011096e-03
6.079007e-01	2.691683e-01	-6.912039e-03
5.118834e-01	1.434547e-01	-1.459210e-01
6.369033e-01	1.286318e-01	-1.084232e-01
5.448982e-01	5.758909e-02	1.133050e-01
6.094879e-01	4.298985e-02	1.391641e-01
5.560692e-01	4.883613e-02	1.353277e-01
6.003753e-01	3.533415e-02	1.601716e-01
5.211045e-01	1.442011e-02	7.634453e-02
6.313618e-01	4.231887e-03	9.907843e-02
5.736660e-01	5.729460e-01	-1.500746e-01
5.678090e-01	5.896378e-01	-1.363206e-01
5.633721e-01	5.897624e-01	-1.363660e-01
5.600871e-01	5.899093e-01	-1.363699e-01
5.798901e-01	5.892640e-01	-1.357145e-01
5.840146e-01	5.893241e-01	-1.357072e-01
5.879064e-01	5.889615e-01	-1.355688e-01
5.530316e-01	5.835928e-01	-4.654938e-02
5.919865e-01	5.809604e-01	-4.364090e-02
5.661327e-01	5.545859e-01	-1.155546e-01
5.807552e-01	5.541123e-01	-1.143790e-01
5.319355e-01	5.141023e-01	-5.387059e-02
6.116029e-01	5.130713e-01	-6.257419e-02
5.230112e-01	4.843530e-01	-2.938092e-01
6.221873e-01	4.986754e-01	-3.044958e-01
5.205485e-01	4.966351e-01	-5.387349e-01
6.207677e-01	4.981075e-01	-5.412796e-01
5.151462e-01	5.073850e-01	-5.941355e-01
6.222467e-01	5.016817e-01	-5.943562e-01
5.242101e-01	5.122951e-01	-5.886924e-01
6.147697e-01	5.019375e-01	-5.895839e-01
5.293186e-01	5.066144e-01	-5.453493e-01
6.113701e-01	4.969182e-01	-5.501332e-01
5.524795e-01	2.652948e-01	6.978378e-03
6.079450e-01	2.690409e-01	-6.876793e-03
5.120609e-01	1.436034e-01	-1.464028e-01
6.372306e-01	1.287737e-01	-1.086434e-01
5.448159e-01	5.760410e-02	1.084826e-01
6.100081e-01	4.391822e-02	1.382162e-01
5.559797e-01	4.849714e-02	1.300091e-01
6.008040e-01	3.608705e-02	1.593080e-01
5.208215e-01	1.460009e-02	7.025750e-02
6.319394e-01	4.247432e-03	9.826033e-02
5.736735e-01	5.736610e-01	-1.509933e-01
5.678270e-01	5.903326e-01	-1.371351e-01
5.633894e-01	5.904464e-01	-1.371795e-01
5.600921e-01	5.906423e-01	-1.371794e-01
5.798699e-01	5.898284e-01	-1.364378e-01
5.839816e-01	5.897779e-01	-1.364315e-01
5.878438e-01	5.894963e-01	-1.362980e-01
5.530035e-01	5.840930e-01	-4.711091e-02
5.919822e-01	5.811900e-01	-4.332923e-02
5.661522e-01	5.553460e-01	-1.164171e-01
5.807450e-01	5.551641e-01	-1.151470e-01
5.318719e-01	5.139074e-01	-5.336856e-02
6.114479e-01	5.139179e-01	-6.244415e-02
5.229177e-01	4.822038e-01	-2.912182e-01
6.232841e-01	4.961236e-01	-2.992718e-01
5.203065e-01	4.960584e-01	-5.308260e-01
6.211582e-01	4.967534e-01	-5.325986e-01
5.148261e-01	5.067585e-01	-5.849944e-01
6.225389e-01	5.000118e-01	-5.850742e-01
5.240546e-01	5.117254e-01	-5.797312e-01
6.144455e-01	5.011016e-01	-5.790132e-01
5.293149e-01	5.058910e-01	-5.370004e-01
6.108807e-01	4.959235e-01	-5.404501e-01
5.525950e-01	2.655983e-01	6.955496e-03
6.080741e-01	2.699723e-01	-6.860754e-03
5.122103e-01	1.433496e-01	-1.566790e-01
6.375644e-01	1.291796e-01	-1.158327e-01
5.447781e-01	5.777866e-02	1.072992e-01
6.102552e-01	4.537035e-02	1.375134e-01
5.558569e-01	4.838619e-02	1.273849e-01
6.009446e-01	3.689658e-02	1.586120e-01
5.208184e-01	1.505641e-02	6.830291e-02
6.319846e-01	4.498245e-03	9.837393e-02
5.735590e-01	5.748580e-01	-1.515643e-01
5.677446e-01	5.915830e-01	-1.376549e-01
5.632843e-01	5.917549e-01	-1.376992e-01
5.599712e-01	5.919330e-01	-1.376985e-01
5.796824e-01	5.908700e-01	-1.369752e-01
5.837626e-01	5.907158e-01	-1.369697e-01
5.876437e-01	5.904881e-01	-1.368368e-01
5.529242e-01	5.851272e-01	-4.714566e-02
5.919362e-01	5.820477e-01	-4.396569e-02
5.660201e-01	5.565489e-01	-1.169313e-01
5.804828e-01	5.564997e-01	-1.157180e-01
5.317350e-01	5.140392e-01	-5.283638e-02
6.113753e-01	5.143820e-01	-6.201721e-02
5.226582e-01	4.816455e-01	-2.938994e-01
6.234669e-01	4.949608e-01	-3.008175e-01
5.201595e-01	4.959559e-01	-5.316762e-01
6.212661e-01	4.961438e-01	-5.360850e-01
5.147744e-01	5.066938e-01	-5.854248e-01
6.228988e-01	5.002388e-01	-5.888489e-01
5.238222e-01	5.116034e-01	-5.797271e-01
6.147407e-01	5.016001e-01	-5.829911e-01
5.291302e-01	5.055574e-01	-5.377003e-01
6.109194e-01	4.957683e-01	-5.443073e-01
5.526325e-01	2.661320e-01	6.718531e-03
6.081573e-01	2.707040e-01	-6.627449e-03
5.123196e-01	1.427364e-01	-1.537080e-01
6.376979e-01	1.299221e-01	-1.124311e-01
5.447658e-01	5.878997e-02	1.125185e-01
6.103901e-01	4.746092e-02	1.389684e-01
5.558236e-01	4.931864e-02	1.355099e-01
6.009389e-01	3.818221e-02	1.608154e-01
5.219806e-01	1.542269e-02	8.246173e-02
6.323065e-01	4.911692e-03	1.029947e-01
5.737857e-01	5.757452e-01	-1.538135e-01
5.677917e-01	5.925030e-01	-1.394571e-01
5.633796e-01	5.926508e-01	-1.395007e-01
5.599827e-01	5.927177e-01	-1.394856e-01
5.796890e-01	5.918091e-01	-1.382965e-01
5.837818e-01	5.916634e-01	-1.382992e-01
5.876520e-01	5.914281e-01	-1.381846e-01
5.529854e-01	5.856078e-01	-4.788612e-02
5.919838e-01	5.831041e-01	-4.428004e-02
5.662035e-01	5.574594e-01	-1.189262e-01
5.804943e-01	5.573820e-01	-1.169443e-01
5.317370e-01	5.145925e-01	-5.186036e-02
6.115645e-01	5.149851e-01	-5.975219e-02
5.201313e-01	4.807498e-01	-2.912301e-01
6.258236e-01	4.940301e-01	-2.965077e-01
5.179989e-01	4.959530e-01	-5.292484e-01
6.223561e-01	4.943178e-01	-5.297637e-01
5.132431e-01	5.074396e-01	-5.811623e-01
6.232949e-01	4.992406e-01	-5.820328e-01
5.229413e-01	5.125684e-01	-5.722513e-01
6.151550e-01	5.005956e-01	-5.793160e-01
5.277926e-01	5.061761e-01	-5.329081e-01
6.109788e-01	4.950925e-01	-5.392700e-01
5.527905e-01	2.668345e-01	6.536715e-03
6.084349e-01	2.711613e-01	-6.457025e-03
5.123621e-01	1.429556e-01	-1.584276e-01
6.378735e-01	1.301865e-01	-1.186459e-01
5.448276e-01	5.959464e-02	1.152218e-01
6.103470e-01	4.795190e-02	1.403582e-01
5.559248e-01	4.989154e-02	1.401561e-01
6.005219e-01	3.901863e-02	1.635918e-01
5.237755e-01	1.545661e-02	8.522648e-02
6.323227e-01	5.003155e-03	1.043411e-01
5.737117e-01	5.763348e-01	-1.538964e-01
5.677350e-01	5.926822e-01	-1.395669e-01
5.633329e-01	5.929390e-01	-1.396105e-01
5.599490e-01	5.931905e-01	-1.395964e-01
5.794793e-01	5.918897e-01	-1.384708e-01
5.835904e-01	5.917868e-01	-1.384727e-01
5.874299e-01	5.915565e-01	-1.383565e-01
5.530039e-01	5.862807e-01	-4.743716e-02
5.919570e-01	5.832798e-01	-4.284855e-02
5.661994e-01	5.580271e-01	-1.189339e-01
5.803148e-01	5.579702e-01	-1.169734e-01
5.317391e-01	5.147616e-01	-4.656702e-02
6.115944e-01	5.154253e-01	-5.789719e-02
5.191844e-01	4.811455e-01	-2.884668e-01
6.261659e-01	4.940585e-01	-2.946256e-01
5.161400e-01	4.959699e-01	-5.329387e-01
6.230559e-01	4.944514e-01	-5.348752e-01
5.097371e-01	5.080985e-01	-5.873598e-01
6.240021e-01	4.990274e-01	-5.895159e-01
5.211936e-01	5.129656e-01	-5.812303e-01
6.153708e-01	5.009975e-01	-5.836338e-01
5.266896e-01	5.063894e-01	-5.387944e-01
6.112326e-01	4.951831e-01	-5.430410e-01
5.528632e-01	2.672166e-01	6.498681e-03
6.085323e-01	2.718609e-01	-6.421777e-03
5.126816e-01	1.432565e-01	-1.690490e-01
6.378570e-01	1.297826e-01	-1.211429e-01
5.449635e-01	5.957891e-02	1.077064e-01
6.102289e-01	4.786373e-02	1.431109e-01
5.563431e-01	4.976219e-02	1.351063e-01
6.001961e-01	3.920793e-02	1.671891e-01
5.247927e-01	1.521939e-02	7.774573e-02
6.316699e-01	5.064562e-03	1.063316e-01
5.739852e-01	5.783682e-01	-1.539276e-01
5.678230e-01	5.951623e-01	-1.396474e-01
5.635441e-01	5.953798e-01	-1.396910e-01
5.600019e-01	5.952007e-01	-1.396776e-01
5.795129e-01	5.949384e-01	-1.384822e-01
5.836388e-01	5.946290e-01	-1.384835e-01
5.874366e-01	5.941610e-01	-1.383665e-01
5.531931e-01	5.879446e-01	-4.765797e-02
5.920164e-01	5.852863e-01	-4.162046e-02
5.664341e-01	5.602800e-01	-1.189548e-01
5.804076e-01	5.614527e-01	-1.167320e-01
5.317254e-01	5.161579e-01	-4.600808e-02
6.115744e-01	5.175352e-01	-5.661902e-02
5.184864e-01	4.822871e-01	-2.872005e-01
6.262161e-01	4.983521e-01	-2.932190e-01
5.153778e-01	4.973544e-01	-5.292767e-01
6.240067e-01	4.960353e-01	-5.332857e-01
5.096837e-01	5.104029e-01	-5.836180e-01
6.275145e-01	4.993927e-01	-5.874957e-01
5.211000e-01	5.150824e-01	-5.785576e-01
6.171183e-01	5.006434e-01	-5.822281e-01
5.263215e-01	5.079971e-01	-5.355287e-01
6.119742e-01	4.949935e-01	-5.416965e-01
5.529887e-01	2.690869e-01	6.484068e-03
6.087334e-01	2.738306e-01	-6.404842e-03
5.130720e-01	1.433718e-01	-1.687379e-01
6.378452e-01	1.300425e-01	-1.240361e-01
5.451105e-01	5.947292e-02	1.000375e-01
6.097978e-01	4.784130e-02	1.412095e-01
5.565629e-01	4.962337e-02	1.260377e-01
5.991863e-01	3.911315e-02	1.670521e-01
5.246464e-01	1.423282e-02	6.917940e-02
6.313035e-01	5.073964e-03	1.041085e-01
5.738160e-01	5.846886e-01	-1.510655e-01
5.677097e-01	6.010340e-01	-1.371747e-01
5.634595e-01	6.010357e-01	-1.372163e-01
5.599076e-01	6.010802e-01	-1.372084e-01
5.792659e-01	6.008798e-01	-1.365778e-01
5.834016e-01	6.006814e-01	-1.365822e-01
5.872561e-01	6.004375e-01	-1.364622e-01
5.532096e-01	5.947651e-01	-4.466081e-02
5.920196e-01	5.926135e-01	-4.138992e-02
5.664169e-01	5.664287e-01	-1.154046e-01
5.802281e-01	5.678758e-01	-1.142048e-01
5.317306e-01	5.216746e-01	-3.950874e-02
6.115797e-01	5.241680e-01	-5.631401e-02
5.183659e-01	4.832569e-01	-2.771044e-01
6.262878e-01	5.039335e-01	-2.926057e-01
5.153501e-01	4.994314e-01	-5.208994e-01
6.254877e-01	5.000955e-01	-5.305613e-01
5.095284e-01	5.133045e-01	-5.739316e-01
6.316477e-01	5.010618e-01	-5.842818e-01
5.208889e-01	5.185474e-01	-5.675997e-01
6.201321e-01	5.018359e-01	-5.797597e-01
5.261120e-01	5.110464e-01	-5.264508e-01
6.148068e-01	4.965499e-01	-5.391878e-01
5.534948e-01	2.737278e-01	6.745163e-03
6.089673e-01	2.775537e-01	-6.667202e-03
5.140008e-01	1.457014e-01	-1.662142e-01
6.379715e-01	1.301229e-01	-1.243301e-01
5.451908e-01	5.941500e-02	1.012571e-01
6.095796e-01	4.767128e-02	1.324839e-01
5.566169e-01	4.947121e-02	1.267405e-01
5.987536e-01	3.904049e-02	1.569634e-01
5.238374e-01	1.425068e-02	7.125858e-02
6.307424e-01	5.081710e-03	9.680916e-02
5.738074e-01	5.921842e-01	-1.513651e-01
5.677153e-01	6.083403e-01	-1.372240e-01
5.634742e-01	6.086954e-01	-1.372716e-01
5.599059e-01	6.088168e-01	-1.372660e-01
5.792577e-01	6.077205e-01	-1.373235e-01
5.833977e-01	6.075957e-01	-1.373367e-01
5.872197e-01	6.072893e-01	-1.372272e-01
5.532196e-01	6.032114e-01	-4.510428e-02
5.920225e-01	6.004019e-01	-4.598646e-02
5.664066e-01	5.743201e-01	-1.156444e-01
5.801682e-01	5.751907e-01	-1.145023e-01
5.317869e-01	5.304522e-01	-3.345857e-02
6.114685e-01	5.347099e-01	-5.891290e-02
5.182557e-01	4.905616e-01	-2.540244e-01
6.261939e-01	5.156662e-01	-2.923247e-01
5.148190e-01	5.028466e-01	-4.941047e-01
6.266308e-01	5.089104e-01	-5.297170e-01
5.091714e-01	5.158129e-01	-5.449514e-01
6.346703e-01	5.049037e-01	-5.835366e-01
5.200115e-01	5.224215e-01	-5.399166e-01
6.223525e-01	5.041561e-01	-5.782104e-01
5.252104e-01	5.152923e-01	-4.999921e-01
6.163121e-01	5.009838e-01	-5.378896e-01
5.537201e-01	2.805161e-01	7.632491e-03
6.090250e-01	2.827209e-01	-7.560492e-03
5.151718e-01	1.494585e-01	-1.351955e-01
6.377512e-01	1.331607e-01	-1.190736e-01
5.451935e-01	5.963008e-02	1.147833e-01
6.093522e-01	4.745724e-02	1.214879e-01
5.566183e-01	4.938038e-02	1.376134e-01
5.982206e-01	3.802242e-02	1.422914e-01
5.228130e-01	1.441762e-02	7.917842e-02
6.306543e-01	5.094468e-03	7.455856e-02
5.739112e-01	6.052335e-01	-1.566054e-01
5.678246e-01	6.203209e-01	-1.435753e-01
5.636444e-01	6.204890e-01	-1.436261e-01
5.599469e-01	6.204326e-01	-1.436286e-01
5.793029e-01	6.194114e-01	-1.434365e-01
5.834152e-01	6.187323e-01	-1.434511e-01
5.872228e-01	6.179505e-01	-1.433488e-01
5.533599e-01	6.134654e-01	-5.194668e-02
5.920571e-01	6.102669e-01	-5.110747e-02
5.664994e-01	5.878440e-01	-1.207553e-01
5.802165e-01	5.879507e-01	-1.197321e-01
5.317985e-01	5.398526e-01	-3.646613e-02
6.115797e-01	5.427891e-01	-5.888039e-02
5.185754e-01	5.022140e-01	-2.620010e-01
6.270260e-01	5.236615e-01	-2.820336e-01
5.145489e-01	5.091969e-01	-4.950460e-01
6.299543e-01	5.127662e-01	-5.283121e-01
5.088108e-01	5.198859e-01	-5.486134e-01
6.372703e-01	5.067345e-01	-5.832139e-01
5.193995e-01	5.260355e-01	-5.516974e-01
6.249799e-01	5.068833e-01	-5.778506e-01
5.245403e-01	5.197445e-01	-5.036516e-01
6.202824e-01	5.054743e-01	-5.372537e-01
5.538121e-01	2.901840e-01	7.561820e-03
6.090300e-01	2.911194e-01	-7.491154e-03
5.158272e-01	1.532881e-01	-1.156887e-01
6.376566e-01	1.384767e-01	-9.918854e-02
5.451305e-01	5.979983e-02	1.329437e-01
6.092856e-01	4.691273e-02	1.207407e-01
5.560931e-01	4.936225e-02	1.544436e-01
5.980589e-01	3.573763e-02	1.390457e-01
5.192941e-01	1.520420e-02	8.893991e-02
6.311971e-01	5.101124e-03	6.339934e-02
5.740739e-01	6.176270e-01	-1.655381e-01
5.678850e-01	6.326183e-01	-1.529272e-01
5.637531e-01	6.325420e-01	-1.529859e-01
5.599504e-01	6.320803e-01	-1.530087e-01
5.793614e-01	6.313637e-01	-1.522635e-01
5.834512e-01	6.307378e-01	-1.522731e-01
5.872248e-01	6.298336e-01	-1.521531e-01
5.533768e-01	6.239631e-01	-6.271215e-02
5.920614e-01	6.211229e-01	-5.886989e-02
5.665848e-01	6.004839e-01	-1.301586e-01
5.803369e-01	6.001841e-01	-1.285879e-01
5.315932e-01	5.498194e-01	-5.335682e-02
6.120533e-01	5.507083e-01	-6.084447e-02
5.186709e-01	5.207874e-01	-2.880650e-01
6.286426e-01	5.290060e-01	-2.824288e-01
5.144642e-01	5.185200e-01	-5.414470e-01
6.324185e-01	5.174041e-01	-5.365923e-01
5.083281e-01	5.249605e-01	-6.002347e-01
6.384928e-01	5.103143e-01	-5.939429e-01
5.188212e-01	5.293644e-01	-6.006376e-01
6.264026e-01	5.133260e-01	-5.945615e-01
5.240964e-01	5.242929e-01	-5.503631e-01
6.221030e-01	5.130965e-01	-5.482391e-01
5.538102e-01	2.998767e-01	6.466551e-03
6.090866e-01	3.001986e-01	-6.362061e-03
5.167837e-01	1.618255e-01	-1.091211e-01
6.373196e-01	1.486924e-01	-7.475709e-02
5.445810e-01	6.185432e-02	1.333087e-01
6.096252e-01	4.691124e-02	1.171124e-01
5.550469e-01	5.048504e-02	1.533711e-01
5.983863e-01	3.444316e-02	1.311413e-01
5.169982e-01	1.730805e-02	8.453869e-02
6.340498e-01	7.519969e-03	4.651798e-02
5.740947e-01	6.295749e-01	-1.719434e-01
5.678900e-01	6.452662e-01	-1.584995e-01
5.637736e-01	6.450310e-01	-1.585605e-01
5.599447e-01	6.442764e-01	-1.585795e-01
5.793682e-01	6.442404e-01	-1.582721e-01
5.834571e-01	6.436683e-01	-1.582786e-01
5.872158e-01	6.428419e-01	-1.581586e-01
5.534345e-01	6.356750e-01	-6.541894e-02
5.920693e-01	6.333117e-01	-6.357250e-02
5.666313e-01	6.125869e-01	-1.357386e-01
5.804040e-01	6.123709e-01	-1.348319e-01
5.315514e-01	5.608967e-01	-5.640624e-02
6.128931e-01	5.591605e-01	-6.435519e-02
5.192893e-01	5.334952e-01	-2.908998e-01
6.296411e-01	5.371401e-01	-2.840117e-01
5.144645e-01	5.290045e-01	-5.476963e-01
6.348530e-01	5.256762e-01	-5.377398e-01
5.075005e-01	5.318617e-01	-6.069973e-01
6.403440e-01	5.143507e-01	-5.949873e-01
5.184227e-01	5.346858e-01	-6.068802e-01
6.273795e-01	5.171789e-01	-5.967599e-01
5.238675e-01	5.307004e-01	-5.564448e-01
6.224943e-01	5.180653e-01	-5.495983e-01
5.538148e-01	3.078603e-01	6.463264e-03
6.091951e-01	3.077338e-01	-6.358621e-03
5.173864e-01	1.695768e-01	-1.019886e-01
6.358639e-01	1.557391e-01	-7.268234e-02
5.445677e-01	6.277035e-02	1.333950e-01
6.096593e-01	4.688489e-02	1.200735e-01
5.549183e-01	5.060293e-02	1.525108e-01
5.983987e-01	3.417318e-02	1.357727e-01
5.151491e-01	1.987156e-02	8.356457e-02
6.339809e-01	7.936275e-03	4.958135e-02
5.741281e-01	6.429060e-01	-1.748367e-01
5.678943e-01	6.591560e-01	-1.607892e-01
5.638007e-01	6.590232e-01	-1.608582e-01
5.599467e-01	6.581938e-01	-1.608779e-01
5.793738e-01	6.582406e-01	-1.607578e-01
5.834624e-01	6.573931e-01	-1.607569e-01
5.872073e-01	6.563234e-01	-1.606301e-01
5.534533e-01	6.486789e-01	-6.565218e-02
5.920738e-01	6.458558e-01	-6.457601e-02
5.666856e-01	6.261629e-01	-1.379624e-01
5.804819e-01	6.255283e-01	-1.373023e-01
5.314650e-01	5.708717e-01	-5.577497e-02
6.131827e-01	5.699164e-01	-6.500462e-02
5.188431e-01	5.382516e-01	-2.909998e-01
6.307560e-01	5.443630e-01	-2.877759e-01
5.132274e-01	5.318213e-01	-5.518308e-01
6.367828e-01	5.324110e-01	-5.459549e-01
5.063534e-01	5.324569e-01	-6.118932e-01
6.425092e-01	5.186406e-01	-6.045285e-01
5.180787e-01	5.360285e-01	-6.122786e-01
6.293770e-01	5.212796e-01	-6.071391e-01
5.235084e-01	5.325052e-01	-5.607923e-01
6.247049e-01	5.232417e-01	-5.582312e-01
5.538258e-01	3.185508e-01	6.566116e-03
6.093526e-01	3.190311e-01	-6.457012e-03
5.185260e-01	1.771579e-01	-1.027408e-01
6.345232e-01	1.628767e-01	-7.080267e-02
5.445709e-01	6.294389e-02	1.283533e-01
6.097350e-01	4.834131e-02	1.211832e-01
5.548598e-01	5.015475e-02	1.521667e-01
5.985309e-01	3.451383e-02	1.358060e-01
5.133168e-01	2.046463e-02	6.356559e-02
6.339144e-01	9.822344e-03	4.526905e-02
5.740250e-01	6.572324e-01	-1.732564e-01
5.677634e-01	6.731235e-01	-1.589193e-01
5.637244e-01	6.728711e-01	-1.589886e-01
5.598263e-01	6.719048e-01	-1.589965e-01
5.792034e-01	6.728684e-01	-1.587277e-01
5.833334e-01	6.721174e-01	-1.587274e-01
5.870594e-01	6.709543e-01	-1.586031e-01
5.534631e-01	6.610895e-01	-6.360523e-02
5.920429e-01	6.587005e-01	-6.196008e-02
5.666530e-01	6.394351e-01	-1.363109e-01
5.804840e-01	6.385846e-01	-1.354190e-01
5.313958e-01	5.809718e-01	-5.449355e-02
6.135172e-01	5.810562e-01	-6.009863e-02
5.165423e-01	5.396602e-01	-2.907894e-01
6.321069e-01	5.513951e-01	-2.800134e-01
5.113157e-01	5.357085e-01	-5.438333e-01
6.366132e-01	5.365666e-01	-5.419627e-01
5.056194e-01	5.320978e-01	-6.032135e-01
6.433233e-01	5.218951e-01	-5.985994e-01
5.176395e-01	5.372465e-01	-6.034689e-01
6.304281e-01	5.232985e-01	-6.003891e-01
5.230156e-01	5.349140e-01	-5.522552e-01
6.254493e-01	5.256919e-01	-5.529310e-01
5.538372e-01	3.291647e-01	6.390378e-03
6.096133e-01	3.316853e-01	-6.282141e-03
5.193864e-01	1.815356e-01	-9.047075e-02
6.330857e-01	1.705572e-01	-5.915534e-02
5.446347e-01	6.389355e-02	1.265351e-01
6.097466e-01	4.843225e-02	1.220916e-01
5.548729e-01	5.015632e-02	1.491467e-01
5.988113e-01	3.320133e-02	1.362369e-01
5.138509e-01	2.037287e-02	5.758068e-02
6.355239e-01	1.062213e-02	4.057312e-02
5.739427e-01	6.720262e-01	-1.715191e-01
5.676535e-01	6.871971e-01	-1.572154e-01
5.636618e-01	6.868402e-01	-1.572845e-01
5.597370e-01	6.858513e-01	-1.572912e-01
5.790640e-01	6.870323e-01	-1.569400e-01
5.832187e-01	6.862614e-01	-1.569403e-01
5.869247e-01	6.850063e-01	-1.568185e-01
5.534721e-01	6.743932e-01	-6.247095e-02
5.919052e-01	6.718656e-01	-6.056048e-02
5.665952e-01	6.534700e-01	-1.349551e-01
5.804875e-01	6.520476e-01	-1.339477e-01
5.311314e-01	5.907460e-01	-5.371560e-02
6.138778e-01	5.921282e-01	-5.597074e-02
5.151561e-01	5.482374e-01	-2.813422e-01
6.334394e-01	5.535464e-01	-2.694744e-01
5.100661e-01	5.413259e-01	-5.402406e-01
6.376221e-01	5.334265e-01	-5.329441e-01
5.041705e-01	5.313905e-01	-5.994284e-01
6.451005e-01	5.201830e-01	-5.950952e-01
5.167990e-01	5.358843e-01	-5.983219e-01
6.334777e-01	5.211778e-01	-5.971035e-01
5.220803e-01	5.346919e-01	-5.511572e-01
6.282690e-01	5.228108e-01	-5.463697e-01
5.539492e-01	3.373383e-01	6.261526e-03
6.100997e-01	3.415106e-01	-6.146180e-03
5.204956e-01	1.896400e-01	-8.926111e-02
6.313940e-01	1.783581e-01	-5.334874e-02
5.447091e-01	6.517397e-02	1.097802e-01
6.098819e-01	4.859274e-02	1.148721e-01
5.549163e-01	4.995155e-02	1.236523e-01
5.996610e-01	3.146402e-02	1.243674e-01
5.135543e-01	2.092276e-02	3.219332e-02
6.372885e-01	1.239858e-02	2.428596e-02
5.738834e-01	6.835275e-01	-1.736113e-01
5.675685e-01	6.992416e-01	-1.583193e-01
5.635957e-01	6.989933e-01	-1.584007e-01
5.596178e-01	6.980405e-01	-1.584030e-01
5.790085e-01	6.989731e-01	-1.579665e-01
5.831789e-01	6.981038e-01	-1.579600e-01
5.868540e-01	6.967340e-01	-1.578424e-01
5.534791e-01	6.864204e-01	-6.212299e-02
5.918533e-01	6.835009e-01	-5.982564e-02
5.664779e-01	6.646777e-01	-1.369338e-01
5.804903e-01	6.630555e-01	-1.358077e-01
5.309023e-01	5.996141e-01	-5.095866e-02
6.142560e-01	6.016879e-01	-4.839193e-02
5.119888e-01	5.502083e-01	-2.470545e-01
6.370364e-01	5.517487e-01	-2.388520e-01
5.103225e-01	5.392699e-01	-5.018748e-01
6.383842e-01	5.326492e-01	-4.872971e-01
5.038384e-01	5.274495e-01	-5.635451e-01
6.454483e-01	5.096822e-01	-5.484053e-01
5.168330e-01	5.282502e-01	-5.706510e-01
6.335326e-01	5.119735e-01	-5.514675e-01
5.221075e-01	5.331370e-01	-5.127964e-01
6.279876e-01	5.162511e-01	-4.982328e-01
5.543580e-01	3.465076e-01	6.147983e-03
6.105469e-01	3.509291e-01	-6.024196e-03
5.218008e-01	1.949140e-01	-9.837008e-02
6.289853e-01	1.859182e-01	-5.303396e-02
5.446862e-01	6.559128e-02	9.218873e-02
6.098717e-01	4.994416e-02	1.163978e-01
5.548717e-01	4.975599e-02	1.053351e-01
5.997230e-01	3.150197e-02	1.268286e-01
5.118574e-01	2.132201e-02	1.313869e-02
6.353215e-01	1.305234e-02	2.686446e-02
5.738842e-01	6.953672e-01	-1.727623e-01
5.675681e-01	7.111449e-01	-1.581143e-01
5.635965e-01	7.109460e-01	-1.581845e-01
5.595975e-01	7.102029e-01	-1.581940e-01
5.790102e-01	7.108790e-01	-1.569915e-01
5.831805e-01	7.100204e-01	-1.569759e-01
5.868451e-01	7.087444e-01	-1.568834e-01
5.535117e-01	6.986051e-01	-6.181081e-02
5.918418e-01	6.953615e-01	-5.560635e-02
5.664398e-01	6.764653e-01	-1.358420e-01
5.805131e-01	6.746642e-01	-1.353931e-01
5.304573e-01	6.070913e-01	-3.990440e-02
6.151687e-01	6.096094e-01	-2.589549e-02
5.093569e-01	5.477210e-01	-1.983174e-01
6.414022e-01	5.487549e-01	-1.663706e-01
5.102969e-01	5.363376e-01	-4.434662e-01
6.422604e-01	5.279021e-01	-3.925789e-01
5.038323e-01	5.159126e-01	-5.021335e-01
6.482048e-01	4.968622e-01	-4.493530e-01
5.168718e-01	5.216430e-01	-5.129462e-01
6.363192e-01	5.015682e-01	-4.553645e-01
5.221234e-01	5.299534e-01	-4.543436e-01
6.313798e-01	5.095845e-01	-4.032899e-01
5.546342e-01	3.544899e-01	4.985399e-03
6.106548e-01	3.599763e-01	-4.828884e-03
5.243275e-01	2.016119e-01	-8.306892e-02
6.264990e-01	1.922053e-01	-3.669422e-02
5.447492e-01	6.922301e-02	9.804334e-02
6.098817e-01	5.073599e-02	1.173491e-01
5.548911e-01	5.121822e-02	1.150399e-01
6.004845e-01	3.196900e-02	1.286858e-01
5.123310e-01	2.327408e-02	2.760524e-02
6.337200e-01	1.336051e-02	2.633406e-02
5.738778e-01	7.053654e-01	-1.718798e-01
5.675631e-01	7.213765e-01	-1.578821e-01
5.635811e-01	7.212088e-01	-1.579386e-01
5.595196e-01	7.205206e-01	-1.579598e-01
5.790390e-01	7.211815e-01	-1.549706e-01
5.832199e-01	7.203851e-01	-1.549483e-01
5.868522e-01	7.191660e-01	-1.548663e-01
5.535182e-01	7.095885e-01	-5.911843e-02
5.918418e-01	7.060025e-01	-4.427647e-02
5.663341e-01	6.866283e-01	-1.352792e-01
5.805243e-01	6.844190e-01	-1.330356e-01
5.299252e-01	6.161868e-01	-2.368320e-02
6.154364e-01	6.194990e-01	2.253499e-04
5.073060e-01	5.480157e-01	-1.535075e-01
6.433876e-01	5.502748e-01	-9.517567e-02
5.103637e-01	5.287781e-01	-3.896259e-01
6.446815e-01	5.151157e-01	-3.011717e-01
5.045944e-01	4.955286e-01	-4.453500e-01
6.495796e-01	4.819902e-01	-3.528232e-01
5.168917e-01	5.029763e-01	-4.591890e-01
6.368424e-01	4.856766e-01	-3.655399e-01
5.221596e-01	5.141985e-01	-4.006389e-01
6.328678e-01	4.952922e-01	-3.133453e-01
5.547973e-01	3.630280e-01	4.070874e-03
6.108438e-01	3.680301e-01	-3.898292e-03
5.277289e-01	2.058556e-01	-7.111360e-02
6.240321e-01	1.982808e-01	-2.180756e-02
5.447910e-01	7.128938e-02	1.137452e-01
6.098729e-01	5.202714e-02	1.325797e-01
5.548912e-01	5.156694e-02	1.270792e-01
6.011100e-01	3.324424e-02	1.405551e-01
5.126430e-01	2.433905e-02	3.560460e-02
6.330389e-01	1.419728e-02	3.398655e-02
5.739704e-01	7.141459e-01	-1.770114e-01
5.676800e-01	7.309110e-01	-1.618923e-01
5.636613e-01	7.307636e-01	-1.619637e-01
5.595480e-01	7.302774e-01	-1.619617e-01
5.792676e-01	7.305237e-01	-1.582206e-01
5.833902e-01	7.297006e-01	-1.582048e-01
5.869545e-01	7.285020e-01	-1.581249e-01
5.535985e-01	7.205403e-01	-6.226221e-02
5.918561e-01	7.162662e-01	-4.567966e-02
5.663305e-01	6.956520e-01	-1.399908e-01
5.806408e-01	6.936730e-01	-1.353103e-01
5.292228e-01	6.253233e-01	-2.539466e-02
6.155980e-01	6.282690e-01	3.017844e-03
5.061966e-01	5.482146e-01	-1.343497e-01
6.448259e-01	5.490432e-01	-7.372166e-02
5.098456e-01	5.094121e-01	-3.540901e-01
6.471280e-01	4.987235e-01	-2.748726e-01
5.046580e-01	4.778618e-01	-4.083646e-01
6.516915e-01	4.637638e-01	-3.263131e-01
5.168085e-01	4.864195e-01	-4.279045e-01
6.397773e-01	4.679628e-01	-3.429100e-01
5.218161e-01	4.969830e-01	-3.666910e-01
6.361751e-01	4.773847e-01	-2.883543e-01
5.547101e-01	3.715511e-01	2.405500e-03
6.107547e-01	3.766124e-01	-2.218908e-03
5.313582e-01	2.110000e-01	-5.162825e-02
6.220462e-01	2.071030e-01	-2.311002e-02
5.448081e-01	7.410669e-02	1.336754e-01
6.100878e-01	5.293735e-02	1.310714e-01
5.549201e-01	5.344383e-02	1.461898e-01
6.030535e-01	3.452754e-02	1.394839e-01
5.132660e-01	2.571367e-02	4.382049e-02
6.322317e-01	1.424721e-02	2.577407e-02
5.741458e-01	7.221159e-01	-1.744694e-01
5.678669e-01	7.391377e-01	-1.594287e-01
5.638248e-01	7.390113e-01	-1.594962e-01
5.596735e-01	7.385348e-01	-1.594878e-01
5.795113e-01	7.379747e-01	-1.556279e-01
5.835525e-01	7.370386e-01	-1.556195e-01
5.870873e-01	7.358661e-01	-1.555501e-01
5.537974e-01	7.287663e-01	-6.198157e-02
5.918797e-01	7.243431e-01	-4.672338e-02
5.663512e-01	7.037091e-01	-1.398128e-01
5.808255e-01	7.016703e-01	-1.344052e-01
5.291752e-01	6.332298e-01	-1.974124e-02
6.160110e-01	6.349997e-01	2.318894e-03
5.057276e-01	5.534816e-01	-6.369206e-02
6.472674e-01	5.480583e-01	-1.579212e-02
5.091087e-01	4.980529e-01	-2.211601e-01
6.471621e-01	4.781483e-01	-1.485384e-01
5.042871e-01	4.616467e-01	-2.637549e-01
6.529834e-01	4.463859e-01	-1.877291e-01
5.168055e-01	4.669970e-01	-2.868439e-01
6.414396e-01	4.496773e-01	-2.097431e-01
5.217918e-01	4.784981e-01	-2.332409e-01
6.372027e-01	4.601674e-01	-1.615451e-01
5.545658e-01	3.804536e-01	1.967300e-03
6.105955e-01	3.830028e-01	-1.807422e-03
5.348287e-01	2.169220e-01	-3.316705e-02
6.184471e-01	2.144361e-01	-1.630107e-02
5.448121e-01	7.396662e-02	1.264590e-01
6.105575e-01	5.424154e-02	1.139200e-01
5.547052e-01	5.340106e-02	1.313448e-01
6.055048e-01	3.526642e-02	1.190101e-01
5.139524e-01	2.635952e-02	3.064405e-02
6.304888e-01	1.688033e-02	1.060823e-02
5.745534e-01	7.290515e-01	-1.396001e-01
5.682433e-01	7.461531e-01	-1.259048e-01
5.641092e-01	7.458906e-01	-1.259332e-01
5.599408e-01	7.452090e-01	-1.259028e-01
5.800151e-01	7.450655e-01	-1.229552e-01
5.839094e-01	7.443153e-01	-1.229699e-01
5.875830e-01	7.433054e-01	-1.228850e-01
5.540904e-01	7.349955e-01	-4.497465e-02
5.921146e-01	7.322079e-01	-3.081461e-02
5.666270e-01	7.104454e-01	-1.099711e-01
5.813700e-01	7.089159e-01	-1.055566e-01
5.291806e-01	6.421103e-01	-6.093823e-03
6.167555e-01	6.393064e-01	2.086950e-02
5.043931e-01	5.530812e-01	-9.789375e-03
6.501768e-01	5.457822e-01	4.561815e-02
5.092358e-01	4.722569e-01	-1.156917e-01
6.474174e-01	4.611311e-01	-3.627517e-02
5.043345e-01	4.396536e-01	-1.494942e-01
6.528956e-01	4.272220e-01	-6.688167e-02
5.168265e-01	4.441853e-01	-1.750719e-01
6.419421e-01	4.297468e-01	-9.081820e-02
5.218109e-01	4.557163e-01	-1.275792e-01
6.379139e-01	4.421977e-01	-4.861063e-02
5.532764e-01	3.878638e-01	6.668292e-04
6.099432e-01	3.896578e-01	-5.228927e-04
5.376359e-01	2.191501e-01	-1.822643e-02
6.161634e-01	2.176297e-01	-1.337999e-02
5.448152e-01	7.354396e-02	1.231214e-01
6.109191e-01	5.535254e-02	1.039299e-01
5.545801e-01	5.192404e-02	1.257787e-01
6.062354e-01	3.537055e-02	1.080553e-01
5.139970e-01	2.624081e-02	2.755346e-02
6.297123e-01	1.703404e-02	4.014228e-04
5.747350e-01	7.336192e-01	-1.361489e-01
5.685598e-01	7.504744e-01	-1.222425e-01
5.643886e-01	7.503598e-01	-1.222771e-01
5.602471e-01	7.497303e-01	-1.222558e-01
5.804332e-01	7.490258e-01	-1.194682e-01
5.842555e-01	7.483237e-01	-1.194872e-01
5.880850e-01	7.472535e-01	-1.193916e-01
5.545377e-01	7.399407e-01	-4.194178e-02
5.925739e-01	7.364458e-01	-2.860200e-02
5.667574e-01	7.154171e-01	-1.064506e-01
5.816326e-01	7.134996e-01	-1.023840e-01
5.291919e-01	6.440130e-01	-6.655735e-03
6.174559e-01	6.417454e-01	2.392654e-02
5.036598e-01	5.512196e-01	-3.246753e-03
6.509647e-01	5.436574e-01	5.345143e-02
5.087332e-01	4.589119e-01	-9.118475e-02
6.479235e-01	4.451909e-01	-2.345127e-02
5.043404e-01	4.235936e-01	-1.225086e-01
6.540307e-01	4.097504e-01	-5.216421e-02
5.167925e-01	4.279785e-01	-1.485829e-01
6.425732e-01	4.097844e-01	-7.732394e-02
5.217971e-01	4.409640e-01	-1.026988e-01
6.383789e-01	4.234243e-01	-3.618963e-02
5.522444e-01	3.908036e-01	-4.820469e-04
6.092855e-01	3.916670e-01	6.226715e-04
5.396919e-01	2.220790e-01	-8.430077e-03
6.135068e-01	2.200638e-01	-6.421657e-03
5.448631e-01	7.325916e-02	1.185943e-01
6.109102e-01	5.528900e-02	1.032504e-01
5.545928e-01	5.015934e-02	1.213057e-01
6.061198e-01	3.490552e-02	1.071445e-01
5.145774e-01	2.654384e-02	2.366253e-02
6.290599e-01	1.729624e-02	3.471262e-04
5.750276e-01	7.361208e-01	-1.622516e-01
5.692046e-01	7.528900e-01	-1.477291e-01
5.649389e-01	7.529371e-01	-1.477489e-01
5.609074e-01	7.524667e-01	-1.477280e-01
5.811411e-01	7.513305e-01	-1.448351e-01
5.848891e-01	7.505736e-01	-1.448778e-01
5.889624e-01	7.495880e-01	-1.447887e-01
5.554371e-01	7.433132e-01	-6.565704e-02
5.934122e-01	7.392217e-01	-5.271833e-02
5.670296e-01	7.186848e-01	-1.323505e-01
5.820597e-01	7.162425e-01	-1.283455e-01
5.290953e-01	6.431280e-01	-2.510788e-02
6.189240e-01	6.421427e-01	9.106697e-03
5.038775e-01	5.448580e-01	-4.002015e-02
6.514181e-01	5.344757e-01	2.397170e-02
5.088068e-01	4.439715e-01	-1.445806e-01
6.479018e-01	4.285881e-01	-5.865788e-02
5.045477e-01	4.056103e-01	-1.790958e-01
6.540260e-01	3.920069e-01	-8.982659e-02
5.171412e-01	4.093396e-01	-2.055390e-01
6.429634e-01	3.928668e-01	-1.160720e-01
5.219769e-01	4.222881e-01	-1.566097e-01
6.388146e-01	4.055709e-01	-7.193966e-02
5.518438e-01	3.900854e-01	-9.171075e-04
6.091083e-01	3.904618e-01	1.053090e-03
5.421839e-01	2.233162e-01	9.810057e-03
6.131886e-01	2.183314e-01	1.218543e-02
5.451730e-01	7.303928e-02	1.326914e-01
6.108772e-01	5.590940e-02	1.261122e-01
5.545996e-01	4.984438e-02	1.378424e-01
6.060857e-01	3.501802e-02	1.294461e-01
5.165175e-01	2.755153e-02	4.013269e-02
6.285552e-01	1.779272e-02	2.139298e-02
5.753301e-01	7.396670e-01	-2.026242e-01
5.698205e-01	7.560450e-01	-1.867171e-01
5.654793e-01	7.560879e-01	-1.867537e-01
5.614806e-01	7.556179e-01	-1.867301e-01
5.817342e-01	7.541845e-01	-1.843339e-01
5.853990e-01	7.532975e-01	-1.843737e-01
5.895705e-01	7.522022e-01	-1.842716e-01
5.561112e-01	7.460576e-01	-9.554546e-02
5.939582e-01	7.415608e-01	-8.420152e-02
5.672603e-01	7.223014e-01	-1.691328e-01
5.824138e-01	7.194375e-01	-1.656318e-01
5.287861e-01	6.428217e-01	-4.988764e-02
6.193935e-01	6.424170e-01	-2.134066e-02
5.042942e-01	5.380527e-01	-5.503380e-02
6.510573e-01	5.274544e-01	-3.384653e-03
5.083429e-01	4.306355e-01	-1.579351e-01
6.474148e-01	4.159665e-01	-9.333023e-02
5.045609e-01	3.901177e-01	-1.931203e-01
6.534066e-01	3.779669e-01	-1.262573e-01
5.170401e-01	3.936036e-01	-2.211950e-01
6.425784e-01	3.785529e-01	-1.532985e-01
5.218233e-01	4.072403e-01	-1.707979e-01
6.382926e-01	3.919707e-01	-1.070555e-01
5.518138e-01	3.893243e-01	-7.924038e-04
6.089711e-01	3.896552e-01	9.318556e-04
5.437349e-01	2.230405e-01	1.931979e-02
6.136683e-01	2.188370e-01	2.219514e-02
5.452167e-01	7.168195e-02	1.444986e-01
6.108006e-01	5.754982e-02	1.505536e-01
5.545563e-01	4.818026e-02	1.507716e-01
6.059573e-01	3.588757e-02	1.559544e-01
5.169185e-01	2.750983e-02	5.079171e-02
6.275331e-01	1.769460e-02	4.861771e-02
5.759284e-01	7.427248e-01	-2.418852e-01
5.705069e-01	7.589908e-01	-2.259247e-01
5.660601e-01	7.586778e-01	-2.259700e-01
5.620482e-01	7.578812e-01	-2.259509e-01
5.824484e-01	7.578869e-01	-2.246940e-01
5.860701e-01	7.571556e-01	-2.247475e-01
5.904116e-01	7.561824e-01	-2.246583e-01
5.565146e-01	7.470925e-01	-1.304885e-01
5.946066e-01	7.445021e-01	-1.246368e-01
5.677657e-01	7.242841e-01	-2.063341e-01
5.831555e-01	7.221637e-01	-2.044562e-01
5.288042e-01	6.424261e-01	-7.722260e-02
6.198989e-01	6.413725e-01	-6.410164e-02
5.044457e-01	5.311878e-01	-6.264425e-02
6.507413e-01	5.192791e-01	-3.676068e-02
5.084022e-01	4.169681e-01	-1.416136e-01
6.471575e-01	4.061990e-01	-1.310381e-01
5.045791e-01	3.789380e-01	-1.727725e-01
6.532551e-01	3.658093e-01	-1.626077e-01
5.170125e-01	3.818210e-01	-2.012922e-01
6.422064e-01	3.667118e-01	-1.895243e-01
5.218301e-01	3.941302e-01	-1.542827e-01
6.381400e-01	3.801964e-01	-1.443830e-01
5.518418e-01	3.906957e-01	5.798792e-04
6.085140e-01	3.901697e-01	-4.461402e-04
5.442835e-01	2.240146e-01	2.512335e-02
6.120907e-01	2.222020e-01	2.004077e-02
5.452941e-01	7.103884e-02	1.456878e-01
6.105773e-01	5.844098e-02	1.459930e-01
5.544425e-01	4.726849e-02	1.521208e-01
6.058813e-01	3.638384e-02	1.517670e-01
5.168940e-01	2.874994e-02	5.651969e-02
6.266703e-01	1.867399e-02	4.729612e-02
5.764031e-01	7.440880e-01	-2.417810e-01
5.710995e-01	7.602533e-01	-2.255822e-01
5.665843e-01	7.598109e-01	-2.256236e-01
5.625931e-01	7.589352e-01	-2.256012e-01
5.830046e-01	7.594258e-01	-2.249736e-01
5.866017e-01	7.587337e-01	-2.250319e-01
5.910257e-01	7.577710e-01	-2.249577e-01
5.569289e-01	7.478163e-01	-1.290232e-01
5.952307e-01	7.456189e-01	-1.258207e-01
5.682102e-01	7.254386e-01	-2.056893e-01
5.836809e-01	7.236127e-01	-2.046075e-01
5.289184e-01	6.437705e-01	-7.326942e-02
6.207954e-01	6.412593e-01	-7.208450e-02
5.070562e-01	5.265256e-01	-5.645444e-02
6.502044e-01	5.162182e-01	-4.495492e-02
5.094968e-01	4.098087e-01	-1.377684e-01
6.468464e-01	4.024641e-01	-1.447294e-01
5.049860e-01	3.720776e-01	-1.688716e-01
6.521810e-01	3.614433e-01	-1.769754e-01
5.172185e-01	3.739889e-01	-1.975072e-01
6.419262e-01	3.621573e-01	-2.048198e-01
5.223643e-01	3.867431e-01	-1.507676e-01
6.372315e-01	3.749374e-01	-1.584821e-01
5.518600e-01	3.918757e-01	5.297156e-03
6.084372e-01	3.919719e-01	-5.190152e-03
5.439405e-01	2.249983e-01	3.143630e-02
6.110323e-01	2.247004e-01	1.283665e-02
5.454382e-01	7.099374e-02	1.481977e-01
6.103298e-01	5.890195e-02	1.389582e-01
5.544122e-01	4.727840e-02	1.544843e-01
6.059154e-01	3.670011e-02	1.415253e-01
5.169835e-01	2.987164e-02	6.310025e-02
6.220244e-01	1.951583e-02	3.720364e-02
5.767765e-01	7.445045e-01	-2.290405e-01
5.715810e-01	7.607617e-01	-2.124890e-01
5.670416e-01	7.602370e-01	-2.125253e-01
5.630524e-01	7.593025e-01	-2.124957e-01
5.834612e-01	7.601341e-01	-2.124253e-01
5.870862e-01	7.594434e-01	-2.124825e-01
5.915475e-01	7.584738e-01	-2.124028e-01
5.573710e-01	7.481651e-01	-1.165337e-01
5.958768e-01	7.461427e-01	-1.157325e-01
5.686138e-01	7.257082e-01	-1.932668e-01
5.840999e-01	7.240314e-01	-1.928726e-01
5.294580e-01	6.450946e-01	-6.312719e-02
6.214602e-01	6.410375e-01	-6.890626e-02
5.104710e-01	5.239735e-01	-4.467423e-02
6.495917e-01	5.134389e-01	-4.883844e-02
5.107321e-01	4.051466e-01	-1.272715e-01
6.467990e-01	3.998740e-01	-1.493614e-01
5.058298e-01	3.661224e-01	-1.581688e-01
6.512229e-01	3.587896e-01	-1.829548e-01
5.177336e-01	3.681672e-01	-1.873696e-01
6.416001e-01	3.587762e-01	-2.114128e-01
5.230202e-01	3.813401e-01	-1.407023e-01
6.366912e-01	3.716100e-01	-1.636264e-01
5.518844e-01	3.917855e-01	9.750707e-03
6.082347e-01	3.923230e-01	-9.655310e-03
5.437286e-01	2.253635e-01	3.518643e-02
6.100995e-01	2.258575e-01	8.074700e-03
5.456571e-01	7.154754e-02	1.539811e-01
6.100425e-01	6.169936e-02	1.289888e-01
5.544010e-01	4.782468e-02	1.605201e-01
6.058884e-01	3.902878e-02	1.320980e-01
5.175743e-01	3.080396e-02	7.340138e-02
6.194273e-01	2.080772e-02	2.999125e-02
5.770303e-01	7.459265e-01	-2.208498e-01
5.718633e-01	7.621618e-01	-2.041030e-01
5.673297e-01	7.616362e-01	-2.041354e-01
5.633217e-01	7.606840e-01	-2.040989e-01
5.837793e-01	7.613070e-01	-2.036937e-01
5.874377e-01	7.604896e-01	-2.037527e-01
5.919309e-01	7.593653e-01	-2.036648e-01
5.576689e-01	7.491774e-01	-1.091183e-01
5.963246e-01	7.469283e-01	-1.068322e-01
5.688083e-01	7.271756e-01	-1.856675e-01
5.844303e-01	7.252321e-01	-1.848547e-01
5.299063e-01	6.462960e-01	-5.849392e-02
6.214723e-01	6.407414e-01	-6.375290e-02
5.144764e-01	5.219727e-01	-4.245762e-02
6.472658e-01	5.126157e-01	-5.209041e-02
5.137835e-01	4.009830e-01	-1.255677e-01
6.451869e-01	3.965341e-01	-1.498679e-01
5.081871e-01	3.628072e-01	-1.566872e-01
6.477579e-01	3.560085e-01	-1.843594e-01
5.189872e-01	3.638623e-01	-1.860516e-01
6.389835e-01	3.566705e-01	-2.121429e-01
5.243794e-01	3.761893e-01	-1.392048e-01
6.343212e-01	3.696161e-01	-1.640007e-01
5.518383e-01	3.923577e-01	1.085866e-02
6.071035e-01	3.940487e-01	-1.076272e-02
5.439354e-01	2.269974e-01	3.597850e-02
6.091246e-01	2.273807e-01	7.362621e-03
5.456976e-01	7.251060e-02	1.518228e-01
6.098955e-01	6.345472e-02	1.202507e-01
5.542289e-01	4.913161e-02	1.583994e-01
6.065010e-01	4.054942e-02	1.238544e-01
5.175698e-01	3.147625e-02	7.298487e-02
6.177129e-01	2.138067e-02	2.322033e-02
