5.667690e-01	8.571957e-01	-2.378899e-01
5.641204e-01	8.648503e-01	-2.175053e-01
5.604631e-01	8.638884e-01	-2.175074e-01
5.571438e-01	8.628474e-01	-2.174327e-01
5.730125e-01	8.651243e-01	-2.283247e-01
5.764889e-01	8.643588e-01	-2.284250e-01
5.800269e-01	8.634741e-01	-2.283891e-01
5.547406e-01	8.473407e-01	-1.045144e-01
5.859962e-01	8.486785e-01	-1.561611e-01
5.598463e-01	8.384073e-01	-1.955370e-01
5.727960e-01	8.384013e-01	-2.102689e-01
5.320925e-01	7.417816e-01	-1.639618e-02
6.073370e-01	7.420901e-01	-1.378311e-01
5.213241e-01	6.215739e-01	2.785812e-02
6.135591e-01	6.205104e-01	-1.370613e-01
5.129048e-01	5.265186e-01	-5.956889e-02
6.140236e-01	5.148697e-01	-2.125182e-01
5.076122e-01	4.942203e-01	-8.631141e-02
6.136270e-01	4.801048e-01	-2.486302e-01
5.109134e-01	4.966757e-01	-1.181109e-01
6.056762e-01	4.818625e-01	-2.734511e-01
5.154430e-01	5.071382e-01	-7.567421e-02
6.032593e-01	4.929278e-01	-2.244949e-01
5.359437e-01	5.150536e-01	4.491165e-02
5.805061e-01	5.149564e-01	-4.478770e-02
5.300447e-01	3.793815e-01	1.331205e-01
5.816793e-01	3.665980e-01	-2.201185e-02
5.241785e-01	2.395015e-01	3.207425e-01
5.847427e-01	2.130232e-01	1.254324e-01
5.286424e-01	2.173355e-01	3.350205e-01
5.868478e-01	1.981845e-01	1.352678e-01
5.042122e-01	2.005205e-01	2.543524e-01
5.758806e-01	1.653871e-01	2.249296e-02
5.665349e-01	8.553914e-01	-2.241965e-01
5.638713e-01	8.637164e-01	-2.033798e-01
5.603221e-01	8.626409e-01	-2.033847e-01
5.570097e-01	8.614378e-01	-2.033182e-01
5.728803e-01	8.640932e-01	-2.134468e-01
5.763568e-01	8.632660e-01	-2.135243e-01
5.799521e-01	8.621418e-01	-2.134873e-01
5.547858e-01	8.457057e-01	-9.139735e-02
5.859911e-01	8.470973e-01	-1.394925e-01
5.598451e-01	8.356035e-01	-1.826566e-01
5.728043e-01	8.357620e-01	-1.963387e-01
5.324720e-01	7.415527e-01	-8.713103e-03
6.073410e-01	7.414179e-01	-1.138960e-01
5.213163e-01	6.218719e-01	3.082988e-02
6.135643e-01	6.205622e-01	-1.088930e-01
5.122008e-01	5.269232e-01	-5.956579e-02
6.141626e-01	5.155910e-01	-1.880867e-01
5.071222e-01	4.945013e-01	-8.624257e-02
6.142168e-01	4.810831e-01	-2.218227e-01
5.104786e-01	4.969439e-01	-1.183036e-01
6.062668e-01	4.830412e-01	-2.492701e-01
5.147699e-01	5.073558e-01	-7.570882e-02
6.037276e-01	4.943973e-01	-2.009425e-01
5.358021e-01	5.185317e-01	4.180742e-02
5.805867e-01	5.155615e-01	-4.168620e-02
5.300045e-01	3.789458e-01	9.768613e-02
5.816787e-01	3.655452e-01	-3.029985e-02
5.237898e-01	2.392873e-01	2.552288e-01
5.833732e-01	2.122802e-01	9.569894e-02
5.283580e-01	2.170766e-01	2.655274e-01
5.835292e-01	1.944238e-01	1.021298e-01
5.036879e-01	2.002075e-01	1.804734e-01
5.759355e-01	1.654018e-01	-1.218151e-02
5.663222e-01	8.538652e-01	-2.239199e-01
5.636446e-01	8.623776e-01	-2.033603e-01
5.601673e-01	8.611754e-01	-2.033661e-01
5.568831e-01	8.598858e-01	-2.033008e-01
5.727454e-01	8.629801e-01	-2.133522e-01
5.762170e-01	8.621533e-01	-2.134277e-01
5.798605e-01	8.609412e-01	-2.133852e-01
5.548220e-01	8.441808e-01	-9.193441e-02
5.859784e-01	8.458035e-01	-1.397278e-01
5.598339e-01	8.336362e-01	-1.825481e-01
5.728046e-01	8.340409e-01	-1.961368e-01
5.325745e-01	7.413334e-01	-9.815319e-03
6.073464e-01	7.402337e-01	-1.114782e-01
5.211127e-01	6.224821e-01	2.953285e-02
6.135603e-01	6.204568e-01	-1.049139e-01
5.108888e-01	5.287608e-01	-6.433647e-02
6.141710e-01	5.161782e-01	-1.837638e-01
5.057002e-01	4.957909e-01	-9.103595e-02
6.142852e-01	4.818841e-01	-2.172577e-01
5.092224e-01	4.981576e-01	-1.244595e-01
6.063811e-01	4.838466e-01	-2.448928e-01
5.132784e-01	5.086886e-01	-8.089952e-02
6.038043e-01	4.953367e-01	-1.967208e-01
5.355046e-01	5.202336e-01	3.866703e-02
5.805957e-01	5.158194e-01	-3.854902e-02
5.299972e-01	3.791198e-01	9.254873e-02
5.816523e-01	3.654875e-01	-2.935534e-02
5.232083e-01	2.392033e-01	2.543481e-01
5.825958e-01	2.121787e-01	1.008828e-01
5.280498e-01	2.170742e-01	2.650490e-01
5.818809e-01	1.938348e-01	1.078521e-01
5.036314e-01	1.995596e-01	1.772188e-01
5.761091e-01	1.653899e-01	-7.404449e-03
5.661190e-01	8.530416e-01	-2.148811e-01
5.635088e-01	8.617351e-01	-1.939658e-01
5.600799e-01	8.604843e-01	-1.939742e-01
5.568166e-01	8.591387e-01	-1.939105e-01
5.726185e-01	8.623860e-01	-2.052952e-01
5.760753e-01	8.615586e-01	-2.053665e-01
5.797661e-01	8.603060e-01	-2.053244e-01
5.548772e-01	8.434080e-01	-8.240908e-02
5.859708e-01	8.450468e-01	-1.358280e-01
5.598053e-01	8.327026e-01	-1.734088e-01
5.727861e-01	8.330996e-01	-1.886757e-01
5.326933e-01	7.410656e-01	-1.186236e-03
6.073543e-01	7.390978e-01	-1.112597e-01
5.210660e-01	6.228803e-01	3.768241e-02
6.137379e-01	6.198325e-01	-1.072630e-01
5.099014e-01	5.301002e-01	-5.854474e-02
6.142594e-01	5.161811e-01	-1.836516e-01
5.044174e-01	4.973464e-01	-8.521616e-02
6.145273e-01	4.819966e-01	-2.175419e-01
5.080637e-01	4.992825e-01	-1.189048e-01
6.065292e-01	4.840318e-01	-2.444483e-01
5.121685e-01	5.099941e-01	-7.537004e-02
6.039037e-01	4.955089e-01	-1.962588e-01
5.353898e-01	5.202167e-01	3.919023e-02
5.806074e-01	5.157988e-01	-3.907284e-02
5.296326e-01	3.775547e-01	8.762048e-02
5.816607e-01	3.633166e-01	-2.937259e-02
5.225968e-01	2.376603e-01	2.524744e-01
5.824060e-01	2.118376e-01	1.061349e-01
5.276359e-01	2.164465e-01	2.637050e-01
5.816613e-01	1.932151e-01	1.139878e-01
5.027941e-01	1.984118e-01	1.784966e-01
5.761120e-01	1.649951e-01	-3.104989e-04
5.660498e-01	8.522429e-01	-2.010038e-01
5.634514e-01	8.609914e-01	-1.799167e-01
5.600480e-01	8.596898e-01	-1.799267e-01
5.567902e-01	8.582903e-01	-1.798668e-01
5.725893e-01	8.616840e-01	-1.916401e-01
5.760518e-01	8.608459e-01	-1.917104e-01
5.797588e-01	8.595436e-01	-1.916612e-01
5.549518e-01	8.424303e-01	-7.006074e-02
5.859823e-01	8.440616e-01	-1.252875e-01
5.598041e-01	8.317750e-01	-1.603362e-01
5.727884e-01	8.321346e-01	-1.761205e-01
5.329838e-01	7.408124e-01	8.145816e-03
6.073747e-01	7.378051e-01	-1.041852e-01
5.207582e-01	6.241403e-01	4.569817e-02
6.139459e-01	6.193049e-01	-1.017794e-01
5.083664e-01	5.324407e-01	-5.177043e-02
6.143599e-01	5.161564e-01	-1.780239e-01
5.026821e-01	4.997072e-01	-7.868397e-02
6.148103e-01	4.820380e-01	-2.122421e-01
5.063950e-01	5.016835e-01	-1.124112e-01
6.066563e-01	4.840936e-01	-2.388956e-01
5.106857e-01	5.128255e-01	-6.859092e-02
6.039958e-01	4.955497e-01	-1.904940e-01
5.353350e-01	5.205501e-01	3.947013e-02
5.807078e-01	5.157494e-01	-3.935725e-02
5.289428e-01	3.756977e-01	8.382551e-02
5.816278e-01	3.614464e-01	-3.341466e-02
5.220900e-01	2.366018e-01	2.457637e-01
5.818936e-01	2.113356e-01	9.911195e-02
5.270123e-01	2.162543e-01	2.567977e-01
5.811375e-01	1.927112e-01	1.064611e-01
5.026835e-01	1.980391e-01	1.730455e-01
5.760998e-01	1.643327e-01	-7.132725e-03
5.659611e-01	8.510602e-01	-2.032437e-01
5.634211e-01	8.600761e-01	-1.819198e-01
5.600344e-01	8.587685e-01	-1.819340e-01
5.567787e-01	8.573771e-01	-1.818733e-01
5.725702e-01	8.607529e-01	-1.931624e-01
5.760393e-01	8.598924e-01	-1.932267e-01
5.797576e-01	8.585373e-01	-1.931667e-01
5.549756e-01	8.415840e-01	-7.091773e-02
5.859973e-01	8.428628e-01	-1.238463e-01
5.597880e-01	8.307091e-01	-1.622209e-01
5.727686e-01	8.307879e-01	-1.773234e-01
5.331100e-01	7.406639e-01	7.690227e-03
6.073756e-01	7.367741e-01	-1.004585e-01
5.198312e-01	6.258984e-01	4.612009e-02
6.141523e-01	6.193208e-01	-9.701063e-02
5.064018e-01	5.362562e-01	-5.060554e-02
6.144025e-01	5.167802e-01	-1.741393e-01
5.002007e-01	5.042900e-01	-7.760928e-02
6.149107e-01	4.831013e-01	-2.078785e-01
5.035831e-01	5.060573e-01	-1.112536e-01
6.067237e-01	4.851685e-01	-2.345485e-01
5.083516e-01	5.180448e-01	-6.742442e-02
6.040779e-01	4.965635e-01	-1.866706e-01
5.349334e-01	5.221986e-01	3.978134e-02
5.807059e-01	5.159543e-01	-3.966805e-02
5.284688e-01	3.740794e-01	7.512613e-02
5.813838e-01	3.604492e-01	-3.296145e-02
5.217268e-01	2.353750e-01	2.325633e-01
5.815290e-01	2.113377e-01	1.024301e-01
5.267221e-01	2.152750e-01	2.429586e-01
5.808312e-01	1.928098e-01	1.101530e-01
5.021424e-01	1.976653e-01	1.568648e-01
5.759802e-01	1.641541e-01	-3.018527e-03
5.658460e-01	8.500242e-01	-2.023736e-01
5.633737e-01	8.590478e-01	-1.806601e-01
5.599974e-01	8.577482e-01	-1.806784e-01
5.567539e-01	8.564044e-01	-1.806169e-01
5.725424e-01	8.597623e-01	-1.927323e-01
5.760140e-01	8.588998e-01	-1.927914e-01
5.797499e-01	8.575410e-01	-1.927205e-01
5.549997e-01	8.408043e-01	-6.844783e-02
5.860025e-01	8.418356e-01	-1.249208e-01
5.597349e-01	8.298345e-01	-1.608912e-01
5.727112e-01	8.298470e-01	-1.770373e-01
5.333238e-01	7.404166e-01	1.175957e-02
6.073738e-01	7.359671e-01	-1.032482e-01
5.184550e-01	6.265919e-01	5.145437e-02
6.146706e-01	6.192667e-01	-1.019712e-01
5.024917e-01	5.396127e-01	-4.783352e-02
6.144000e-01	5.173832e-01	-1.796143e-01
4.952393e-01	5.086424e-01	-7.521059e-02
6.149052e-01	4.841119e-01	-2.137459e-01
4.983541e-01	5.096403e-01	-1.092819e-01
6.066810e-01	4.861825e-01	-2.401667e-01
5.040158e-01	5.216281e-01	-6.503454e-02
6.040357e-01	4.974577e-01	-1.920135e-01
5.348204e-01	5.229332e-01	4.122456e-02
5.806290e-01	5.160924e-01	-4.109759e-02
5.282942e-01	3.729191e-01	7.367094e-02
5.809168e-01	3.604348e-01	-3.345997e-02
5.217348e-01	2.330857e-01	2.276624e-01
5.811738e-01	2.114966e-01	1.032582e-01
5.267302e-01	2.131051e-01	2.377566e-01
5.806358e-01	1.930263e-01	1.111447e-01
5.021623e-01	1.958528e-01	1.518309e-01
5.757101e-01	1.638715e-01	-1.453168e-03
5.656993e-01	8.485346e-01	-1.988663e-01
5.633416e-01	8.574698e-01	-1.774918e-01
5.599840e-01	8.563002e-01	-1.775123e-01
5.567501e-01	8.551416e-01	-1.774514e-01
5.725034e-01	8.581123e-01	-1.894437e-01
5.759658e-01	8.572368e-01	-1.894955e-01
5.797216e-01	8.559057e-01	-1.894155e-01
5.550696e-01	8.400768e-01	-6.694572e-02
5.860072e-01	8.404344e-01	-1.226379e-01
5.596310e-01	8.286399e-01	-1.579643e-01
5.725635e-01	8.285517e-01	-1.738956e-01
5.334152e-01	7.401741e-01	1.242469e-02
6.073686e-01	7.349893e-01	-1.014209e-01
5.172293e-01	6.282340e-01	5.221482e-02
6.149164e-01	6.187911e-01	-1.013121e-01
4.979573e-01	5.451422e-01	-4.796651e-02
6.143972e-01	5.173941e-01	-1.809099e-01
4.902417e-01	5.160570e-01	-7.544515e-02
6.153545e-01	4.841846e-01	-2.152369e-01
4.930107e-01	5.164197e-01	-1.096682e-01
6.068221e-01	4.862987e-01	-2.417497e-01
4.987158e-01	5.276986e-01	-6.528635e-02
6.040355e-01	4.974983e-01	-1.933814e-01
5.348278e-01	5.232389e-01	4.145089e-02
5.806955e-01	5.162380e-01	-4.132130e-02
5.281535e-01	3.716004e-01	6.560825e-02
5.808519e-01	3.597082e-01	-3.382355e-02
5.217431e-01	2.318026e-01	2.160120e-01
5.809163e-01	2.114947e-01	1.035573e-01
5.267736e-01	2.126910e-01	2.256923e-01
5.805992e-01	1.930433e-01	1.114514e-01
5.021462e-01	1.946870e-01	1.394545e-01
5.756315e-01	1.631624e-01	-4.857968e-04
5.655958e-01	8.477888e-01	-1.985615e-01
5.633267e-01	8.566910e-01	-1.767995e-01
5.599815e-01	8.555821e-01	-1.768226e-01
5.567487e-01	8.544919e-01	-1.767636e-01
5.724768e-01	8.571898e-01	-1.880688e-01
5.759333e-01	8.562526e-01	-1.881195e-01
5.797111e-01	8.548538e-01	-1.880393e-01
5.551736e-01	8.394389e-01	-6.561720e-02
5.860720e-01	8.391868e-01	-1.179848e-01
5.595927e-01	8.279681e-01	-1.576481e-01
5.724848e-01	8.276613e-01	-1.726776e-01
5.334159e-01	7.397308e-01	1.222644e-02
6.073541e-01	7.344948e-01	-9.504185e-02
5.149505e-01	6.284567e-01	5.184858e-02
6.152579e-01	6.188139e-01	-9.575292e-02
4.911295e-01	5.471821e-01	-4.790860e-02
6.151811e-01	5.184304e-01	-1.796721e-01
4.837512e-01	5.172737e-01	-7.537913e-02
6.182649e-01	4.848615e-01	-2.140839e-01
4.852107e-01	5.170848e-01	-1.099843e-01
6.091802e-01	4.869085e-01	-2.417600e-01
4.899248e-01	5.276355e-01	-6.545831e-02
6.057528e-01	4.983778e-01	-1.928499e-01
5.348064e-01	5.234103e-01	4.088277e-02
5.807325e-01	5.162354e-01	-4.074782e-02
5.279391e-01	3.699160e-01	4.987361e-02
5.807852e-01	3.581262e-01	-3.513544e-02
5.216790e-01	2.301468e-01	2.006898e-01
5.805618e-01	2.107432e-01	1.032986e-01
5.266889e-01	2.115645e-01	2.101420e-01
5.801730e-01	1.928396e-01	1.111297e-01
5.023129e-01	1.931704e-01	1.206298e-01
5.756033e-01	1.618602e-01	-1.925237e-03
5.655521e-01	8.463541e-01	-2.015866e-01
5.633012e-01	8.549691e-01	-1.801584e-01
5.599686e-01	8.539994e-01	-1.801797e-01
5.567442e-01	8.530728e-01	-1.801235e-01
5.724560e-01	8.554167e-01	-1.907310e-01
5.759091e-01	8.545529e-01	-1.907821e-01
5.797027e-01	8.532548e-01	-1.907052e-01
5.551969e-01	8.382133e-01	-6.950448e-02
5.861200e-01	8.378854e-01	-1.188491e-01
5.595893e-01	8.264849e-01	-1.609329e-01
5.724731e-01	8.261905e-01	-1.751962e-01
5.333261e-01	7.393395e-01	1.049609e-02
6.073354e-01	7.342075e-01	-9.191699e-02
5.114321e-01	6.298294e-01	5.070821e-02
6.155611e-01	6.187155e-01	-8.943287e-02
4.821684e-01	5.489829e-01	-5.135269e-02
6.171866e-01	5.207415e-01	-1.757179e-01
4.754085e-01	5.194651e-01	-7.872795e-02
6.224595e-01	4.890523e-01	-2.097949e-01
4.758151e-01	5.194905e-01	-1.151156e-01
6.131736e-01	4.911353e-01	-2.392560e-01
4.798130e-01	5.294536e-01	-6.955469e-02
6.092391e-01	5.022162e-01	-1.899353e-01
5.347889e-01	5.233861e-01	3.844442e-02
5.809275e-01	5.160140e-01	-3.830912e-02
5.278378e-01	3.693772e-01	4.819446e-02
5.807830e-01	3.576448e-01	-3.503168e-02
5.216900e-01	2.302817e-01	1.993946e-01
5.805134e-01	2.097237e-01	1.010957e-01
5.266923e-01	2.116531e-01	2.087830e-01
5.802789e-01	1.917002e-01	1.083150e-01
5.024124e-01	1.931293e-01	1.189096e-01
5.756140e-01	1.611409e-01	-6.263624e-03
5.656158e-01	8.447489e-01	-1.877226e-01
5.633279e-01	8.531713e-01	-1.668129e-01
5.600296e-01	8.523373e-01	-1.668422e-01
5.567909e-01	8.515404e-01	-1.667981e-01
5.725130e-01	8.534017e-01	-1.751906e-01
5.759951e-01	8.524979e-01	-1.752325e-01
5.797685e-01	8.512111e-01	-1.751449e-01
5.552080e-01	8.369422e-01	-6.105600e-02
5.861843e-01	8.358400e-01	-1.006067e-01
5.596440e-01	8.248020e-01	-1.494257e-01
5.725573e-01	8.242593e-01	-1.607618e-01
5.330571e-01	7.389929e-01	8.766725e-03
6.073285e-01	7.340756e-01	-7.257204e-02
5.065700e-01	6.356503e-01	4.864287e-02
6.161721e-01	6.215688e-01	-7.360367e-02
4.746224e-01	5.530162e-01	-5.448003e-02
6.210769e-01	5.296690e-01	-1.689404e-01
4.660817e-01	5.249739e-01	-8.263843e-02
6.278607e-01	4.992442e-01	-2.043578e-01
4.663936e-01	5.247886e-01	-1.194330e-01
6.194724e-01	5.005901e-01	-2.352024e-01
4.710821e-01	5.343813e-01	-7.264545e-02
6.148896e-01	5.109033e-01	-1.843753e-01
5.349818e-01	5.220311e-01	3.477908e-02
5.814530e-01	5.145627e-01	-3.465153e-02
5.275769e-01	3.674140e-01	3.811614e-02
5.807807e-01	3.566121e-01	-3.461225e-02
5.217001e-01	2.294364e-01	1.810527e-01
5.806445e-01	2.092156e-01	9.806071e-02
5.266975e-01	2.107453e-01	1.896247e-01
5.805992e-01	1.911509e-01	1.044846e-01
5.024623e-01	1.927221e-01	1.003116e-01
5.756415e-01	1.608609e-01	-8.783941e-03
5.659099e-01	8.423380e-01	-1.636430e-01
5.634614e-01	8.511597e-01	-1.425317e-01
5.603126e-01	8.505464e-01	-1.425599e-01
5.570249e-01	8.499706e-01	-1.425125e-01
5.726947e-01	8.510529e-01	-1.519592e-01
5.762694e-01	8.500888e-01	-1.519933e-01
5.799517e-01	8.488280e-01	-1.518806e-01
5.552415e-01	8.363448e-01	-3.740269e-02
5.863041e-01	8.341749e-01	-8.174782e-02
5.598499e-01	8.229545e-01	-1.256308e-01
5.728688e-01	8.219193e-01	-1.383268e-01
5.328538e-01	7.389446e-01	2.473279e-02
6.075116e-01	7.342690e-01	-6.487738e-02
5.017960e-01	6.459048e-01	4.816367e-02
6.183158e-01	6.293356e-01	-1.023651e-01
4.645141e-01	5.641154e-01	-5.703936e-02
6.238662e-01	5.458447e-01	-2.473771e-01
4.546229e-01	5.373002e-01	-8.548461e-02
6.315577e-01	5.140758e-01	-2.900646e-01
4.549527e-01	5.372977e-01	-1.216492e-01
6.226446e-01	5.161681e-01	-3.160682e-01
4.598927e-01	5.454627e-01	-7.510375e-02
6.175532e-01	5.273202e-01	-2.623654e-01
5.358471e-01	5.215273e-01	3.549830e-02
5.825574e-01	5.143741e-01	-3.537276e-02
5.274286e-01	3.670325e-01	3.936389e-02
5.805997e-01	3.561740e-01	-3.763581e-02
5.217065e-01	2.283576e-01	1.715685e-01
5.806594e-01	2.087412e-01	8.522563e-02
5.267390e-01	2.093360e-01	1.789992e-01
5.806398e-01	1.904272e-01	9.078871e-02
5.024347e-01	1.920570e-01	9.045739e-02
5.756856e-01	1.607009e-01	-2.074008e-02
5.669730e-01	8.416606e-01	-1.451559e-01
5.638500e-01	8.503645e-01	-1.239315e-01
5.608662e-01	8.497077e-01	-1.239692e-01
5.575322e-01	8.490705e-01	-1.239233e-01
5.732978e-01	8.503761e-01	-1.329014e-01
5.769942e-01	8.493819e-01	-1.329208e-01
5.804363e-01	8.480716e-01	-1.328034e-01
5.553384e-01	8.357671e-01	-1.903374e-02
5.864952e-01	8.334269e-01	-6.112050e-02
5.604411e-01	8.222048e-01	-1.073094e-01
5.739161e-01	8.211955e-01	-1.193788e-01
5.325427e-01	7.389442e-01	3.919170e-02
6.078714e-01	7.348930e-01	-4.544622e-02
4.958494e-01	6.566474e-01	6.271185e-02
6.194909e-01	6.351951e-01	-1.017149e-01
4.528457e-01	5.851513e-01	-3.556867e-02
6.263842e-01	5.583768e-01	-2.484865e-01
4.402210e-01	5.606913e-01	-6.285454e-02
6.340762e-01	5.277191e-01	-2.914122e-01
4.401528e-01	5.611487e-01	-9.824877e-02
6.259078e-01	5.307125e-01	-3.162798e-01
4.460324e-01	5.680535e-01	-5.332232e-02
6.204946e-01	5.410682e-01	-2.633047e-01
5.360962e-01	5.212175e-01	3.389183e-02
5.831999e-01	5.143322e-01	-3.377142e-02
5.268176e-01	3.651160e-01	2.448642e-02
5.805800e-01	3.543603e-01	-4.201568e-02
5.216699e-01	2.250651e-01	1.578624e-01
5.808350e-01	2.075634e-01	8.242710e-02
5.266432e-01	2.061042e-01	1.651662e-01
5.808311e-01	1.890536e-01	8.811079e-02
5.029052e-01	1.882017e-01	7.209573e-02
5.758644e-01	1.602560e-01	-2.435560e-02
5.678345e-01	8.404965e-01	-1.173864e-01
5.641853e-01	8.491849e-01	-9.748097e-02
5.612846e-01	8.484941e-01	-9.752150e-02
5.579528e-01	8.478079e-01	-9.746777e-02
5.737519e-01	8.493246e-01	-1.068814e-01
5.774921e-01	8.483192e-01	-1.068975e-01
5.807954e-01	8.469535e-01	-1.067866e-01
5.554440e-01	8.348256e-01	4.371365e-03
5.866681e-01	8.323162e-01	-3.993145e-02
5.609865e-01	8.209687e-01	-8.023908e-02
5.747883e-01	8.200943e-01	-9.294292e-02
5.323562e-01	7.389488e-01	5.980000e-02
6.079714e-01	7.364047e-01	-2.627864e-02
4.936922e-01	6.682844e-01	8.470841e-02
6.199952e-01	6.469413e-01	-1.000078e-01
4.528599e-01	6.145887e-01	-7.220068e-03
6.281821e-01	5.807950e-01	-2.584519e-01
4.387426e-01	5.971289e-01	-3.227674e-02
6.349243e-01	5.549340e-01	-3.028625e-01
4.371386e-01	5.981402e-01	-6.711753e-02
6.278647e-01	5.575587e-01	-3.237134e-01
4.436552e-01	6.027110e-01	-2.475668e-02
6.228631e-01	5.659629e-01	-2.722930e-01
5.362427e-01	5.205452e-01	3.099738e-02
5.832163e-01	5.141598e-01	-3.086993e-02
5.266492e-01	3.625368e-01	1.384603e-02
5.805870e-01	3.520568e-01	-4.492338e-02
5.217066e-01	2.220967e-01	1.595153e-01
5.808460e-01	2.061055e-01	8.475090e-02
5.266466e-01	2.033028e-01	1.680654e-01
5.807954e-01	1.871072e-01	9.075786e-02
5.036539e-01	1.854607e-01	7.351731e-02
5.762458e-01	1.599400e-01	-2.373736e-02
5.678943e-01	8.390000e-01	-1.338954e-01
5.642229e-01	8.480388e-01	-1.132265e-01
5.613614e-01	8.473637e-01	-1.132682e-01
5.580438e-01	8.466789e-01	-1.132207e-01
5.737765e-01	8.481803e-01	-1.231514e-01
5.775436e-01	8.472137e-01	-1.231828e-01
5.808526e-01	8.459013e-01	-1.230874e-01
5.554498e-01	8.337980e-01	-6.725747e-03
5.868109e-01	8.316080e-01	-5.355608e-02
5.611098e-01	8.195930e-01	-9.496918e-02
5.749564e-01	8.187605e-01	-1.084129e-01
5.322590e-01	7.389490e-01	5.766267e-02
6.080445e-01	7.373201e-01	-4.581645e-02
4.904540e-01	6.786127e-01	8.039066e-02
6.206685e-01	6.607023e-01	-1.553711e-01
4.420498e-01	6.300818e-01	-1.691573e-02
6.274234e-01	6.104484e-01	-3.485326e-01
4.262248e-01	6.155273e-01	-4.042682e-02
6.338806e-01	5.818176e-01	-3.973956e-01
4.245989e-01	6.163247e-01	-7.613902e-02
6.272346e-01	5.871368e-01	-4.119214e-01
4.305245e-01	6.190096e-01	-3.500222e-02
6.224650e-01	5.949818e-01	-3.607005e-01
5.363230e-01	5.205610e-01	3.135722e-02
5.831853e-01	5.144867e-01	-3.121842e-02
5.266608e-01	3.625789e-01	3.030066e-02
5.803665e-01	3.521292e-01	-4.545692e-02
5.217715e-01	2.211537e-01	1.692962e-01
5.807688e-01	2.056641e-01	7.711182e-02
5.266495e-01	2.025348e-01	1.770384e-01
5.808293e-01	1.864352e-01	8.239804e-02
5.037857e-01	1.849557e-01	8.369878e-02
5.763270e-01	1.597668e-01	-3.330841e-02
5.676528e-01	8.368171e-01	-1.407806e-01
5.641649e-01	8.463936e-01	-1.201338e-01
5.613545e-01	8.458700e-01	-1.201789e-01
5.580388e-01	8.453134e-01	-1.201315e-01
5.734856e-01	8.465135e-01	-1.306602e-01
5.771848e-01	8.457326e-01	-1.306920e-01
5.806212e-01	8.445828e-01	-1.305996e-01
5.554590e-01	8.329738e-01	-1.221922e-02
5.867709e-01	8.308676e-01	-6.169816e-02
5.611025e-01	8.182452e-01	-1.011847e-01
5.746995e-01	8.174527e-01	-1.154055e-01
5.322174e-01	7.388226e-01	5.680820e-02
6.075239e-01	7.396653e-01	-5.604845e-02
4.868590e-01	6.863577e-01	8.026715e-02
6.205778e-01	6.777515e-01	-1.901478e-01
4.357142e-01	6.532204e-01	-1.551375e-02
6.271174e-01	6.382180e-01	-4.012887e-01
4.179364e-01	6.380224e-01	-3.735166e-02
6.336192e-01	6.132567e-01	-4.537055e-01
4.168882e-01	6.384122e-01	-7.454441e-02
6.257666e-01	6.164568e-01	-4.650925e-01
4.238340e-01	6.425098e-01	-3.442320e-02
6.210479e-01	6.229095e-01	-4.130142e-01
5.365905e-01	5.199176e-01	3.214334e-02
5.831779e-01	5.143977e-01	-3.201632e-02
5.267338e-01	3.617870e-01	3.666621e-02
5.804058e-01	3.522981e-01	-4.398488e-02
5.215729e-01	2.198188e-01	1.730704e-01
5.803322e-01	2.057203e-01	8.016120e-02
5.261470e-01	2.011178e-01	1.799847e-01
5.796095e-01	1.865365e-01	8.535691e-02
5.037324e-01	1.835217e-01	8.349364e-02
5.764904e-01	1.596534e-01	-3.087095e-02
5.675603e-01	8.356451e-01	-1.481051e-01
5.641578e-01	8.457250e-01	-1.272620e-01
5.613604e-01	8.453492e-01	-1.273043e-01
5.580661e-01	8.449223e-01	-1.272466e-01
5.734428e-01	8.454470e-01	-1.376837e-01
5.771621e-01	8.445732e-01	-1.377221e-01
5.806083e-01	8.433014e-01	-1.376296e-01
5.554627e-01	8.327873e-01	-1.707902e-02
5.867184e-01	8.299211e-01	-6.643005e-02
5.610529e-01	8.177225e-01	-1.076815e-01
5.744593e-01	8.163627e-01	-1.218462e-01
5.321289e-01	7.388973e-01	5.709811e-02
6.065214e-01	7.424332e-01	-6.465649e-02
4.858839e-01	6.969310e-01	8.180865e-02
6.184977e-01	6.984020e-01	-2.328753e-01
4.328833e-01	6.745377e-01	2.994208e-03
6.226485e-01	6.651086e-01	-4.634351e-01
4.146926e-01	6.633158e-01	-1.393643e-02
6.275553e-01	6.433010e-01	-5.164918e-01
4.140497e-01	6.620786e-01	-4.914131e-02
6.198741e-01	6.455198e-01	-5.245970e-01
4.218715e-01	6.650519e-01	-1.465946e-02
6.151780e-01	6.509812e-01	-4.742274e-01
5.366637e-01	5.193558e-01	3.716861e-02
5.829802e-01	5.143855e-01	-3.709719e-02
5.266607e-01	3.595919e-01	4.208000e-02
5.804066e-01	3.523620e-01	-4.441678e-02
5.211958e-01	2.178544e-01	1.642038e-01
5.796227e-01	2.054922e-01	6.426885e-02
5.258037e-01	1.985361e-01	1.693614e-01
5.782014e-01	1.863042e-01	6.835393e-02
5.034665e-01	1.822440e-01	7.419346e-02
5.769067e-01	1.593616e-01	-4.580770e-02
5.675412e-01	8.341552e-01	-1.628614e-01
5.641442e-01	8.443487e-01	-1.395557e-01
5.613571e-01	8.441458e-01	-1.396230e-01
5.580521e-01	8.438814e-01	-1.395409e-01
5.734371e-01	8.435745e-01	-1.493836e-01
5.771550e-01	8.425102e-01	-1.494269e-01
5.806120e-01	8.410377e-01	-1.493150e-01
5.553317e-01	8.319467e-01	-2.208609e-02
5.867428e-01	8.278333e-01	-7.121148e-02
5.610203e-01	8.163615e-01	-1.183303e-01
5.743520e-01	8.148536e-01	-1.320164e-01
5.321149e-01	7.388031e-01	5.015441e-02
6.050987e-01	7.436182e-01	-8.497341e-02
4.864727e-01	7.056225e-01	7.710548e-02
6.129490e-01	7.239653e-01	-2.797183e-01
4.321710e-01	6.920108e-01	2.376651e-02
6.138142e-01	7.004394e-01	-5.253918e-01
4.149142e-01	6.846953e-01	1.293114e-02
6.181406e-01	6.775054e-01	-5.796417e-01
4.143787e-01	6.832269e-01	-2.058024e-02
6.096448e-01	6.779972e-01	-5.852834e-01
4.214382e-01	6.832112e-01	7.507364e-03
6.055984e-01	6.835385e-01	-5.362219e-01
5.371510e-01	5.172168e-01	4.154978e-02
5.830358e-01	5.140546e-01	-4.153393e-02
5.264712e-01	3.575510e-01	5.444082e-02
5.803983e-01	3.519091e-01	-4.183809e-02
5.207630e-01	2.172807e-01	1.668315e-01
5.794569e-01	2.055386e-01	6.626719e-02
5.255896e-01	1.973246e-01	1.715269e-01
5.778497e-01	1.864289e-01	7.035776e-02
5.032417e-01	1.818157e-01	7.640160e-02
5.769917e-01	1.593098e-01	-4.248269e-02
5.684481e-01	8.343537e-01	-1.619800e-01
5.644666e-01	8.441550e-01	-1.394181e-01
5.616525e-01	8.438634e-01	-1.394756e-01
5.585336e-01	8.435353e-01	-1.393840e-01
5.740229e-01	8.433446e-01	-1.489299e-01
5.776758e-01	8.421304e-01	-1.489747e-01
5.810216e-01	8.405443e-01	-1.488656e-01
5.553974e-01	8.316824e-01	-2.496738e-02
5.868214e-01	8.273020e-01	-7.195208e-02
5.613448e-01	8.164370e-01	-1.190435e-01
5.747442e-01	8.151294e-01	-1.324100e-01
5.323092e-01	7.384079e-01	4.678844e-02
6.045986e-01	7.436203e-01	-9.434438e-02
4.882270e-01	7.107555e-01	7.483616e-02
6.065727e-01	7.315763e-01	-3.062567e-01
4.354807e-01	7.099362e-01	4.734758e-02
6.027740e-01	7.140505e-01	-5.527499e-01
4.177133e-01	7.047054e-01	4.056337e-02
6.052648e-01	6.933246e-01	-6.081029e-01
4.166028e-01	7.043162e-01	9.098027e-03
5.980247e-01	6.949416e-01	-6.085294e-01
4.238549e-01	7.033925e-01	3.266827e-02
5.953425e-01	6.990611e-01	-5.616129e-01
5.376099e-01	5.133390e-01	4.204322e-02
5.835043e-01	5.112782e-01	-4.203419e-02
5.260432e-01	3.546582e-01	5.924291e-02
5.803833e-01	3.500906e-01	-3.338458e-02
5.206133e-01	2.171056e-01	1.767775e-01
5.795463e-01	2.054234e-01	8.046025e-02
5.255536e-01	1.970529e-01	1.815365e-01
5.779267e-01	1.862061e-01	8.595026e-02
5.032240e-01	1.815340e-01	8.619045e-02
5.770177e-01	1.590830e-01	-2.339648e-02
5.677847e-01	8.304385e-01	-1.621944e-01
5.641268e-01	8.409871e-01	-1.395204e-01
5.613210e-01	8.407654e-01	-1.395722e-01
5.581548e-01	8.405277e-01	-1.394544e-01
5.736374e-01	8.398963e-01	-1.489730e-01
5.772830e-01	8.385197e-01	-1.490155e-01
5.806143e-01	8.367935e-01	-1.489135e-01
5.552175e-01	8.288580e-01	-2.639602e-02
5.866987e-01	8.235818e-01	-7.344044e-02
5.608681e-01	8.121322e-01	-1.195071e-01
5.739176e-01	8.115951e-01	-1.329047e-01
5.323171e-01	7.360693e-01	4.511040e-02
6.044990e-01	7.428809e-01	-1.000615e-01
4.895750e-01	7.143849e-01	6.170336e-02
6.039639e-01	7.321159e-01	-3.165349e-01
4.378570e-01	7.219588e-01	2.194066e-02
5.977719e-01	7.207240e-01	-5.571438e-01
4.196200e-01	7.194982e-01	1.183146e-02
5.968969e-01	7.089632e-01	-6.120924e-01
4.185936e-01	7.188724e-01	-1.851016e-02
5.897726e-01	7.128512e-01	-6.095271e-01
4.261821e-01	7.161564e-01	6.887169e-03
5.886996e-01	7.142232e-01	-5.644523e-01
5.378340e-01	5.083617e-01	4.200803e-02
5.838134e-01	5.060996e-01	-4.199372e-02
5.256307e-01	3.544783e-01	6.906346e-02
5.802671e-01	3.501977e-01	-2.636558e-02
5.204629e-01	2.174294e-01	2.029621e-01
5.795696e-01	2.053847e-01	9.895768e-02
5.255493e-01	1.974510e-01	2.105660e-01
5.782813e-01	1.859724e-01	1.063287e-01
5.029994e-01	1.818282e-01	1.190316e-01
5.766318e-01	1.585390e-01	-1.861707e-03
5.667241e-01	8.180237e-01	-1.526944e-01
5.638260e-01	8.307660e-01	-1.324975e-01
5.611135e-01	8.310563e-01	-1.325204e-01
5.580409e-01	8.312227e-01	-1.323980e-01
5.732907e-01	8.285007e-01	-1.417096e-01
5.769761e-01	8.269276e-01	-1.417364e-01
5.802679e-01	8.252692e-01	-1.416193e-01
5.551873e-01	8.210251e-01	-2.044657e-02
5.865270e-01	8.145226e-01	-6.470172e-02
5.602227e-01	7.998971e-01	-1.103494e-01
5.726847e-01	7.973007e-01	-1.230087e-01
5.325812e-01	7.327753e-01	4.727682e-02
6.034765e-01	7.383865e-01	-9.345930e-02
4.900818e-01	7.158930e-01	6.528073e-03
6.048685e-01	7.295079e-01	-3.078521e-01
4.401312e-01	7.333591e-01	-1.030660e-01
5.957138e-01	7.218699e-01	-5.453769e-01
4.221017e-01	7.328802e-01	-1.231367e-01
5.904433e-01	7.164923e-01	-5.991839e-01
4.213565e-01	7.328767e-01	-1.489352e-01
5.849923e-01	7.241725e-01	-5.944545e-01
4.287252e-01	7.298266e-01	-1.180955e-01
5.850525e-01	7.232862e-01	-5.512584e-01
5.380062e-01	5.025844e-01	4.182113e-02
5.838929e-01	5.018368e-01	-4.179796e-02
5.246745e-01	3.529955e-01	6.504755e-02
5.793691e-01	3.502613e-01	-2.739145e-02
5.200725e-01	2.171501e-01	1.961745e-01
5.794572e-01	2.045578e-01	9.395744e-02
5.254196e-01	1.971187e-01	2.027862e-01
5.783055e-01	1.851036e-01	1.010012e-01
5.029947e-01	1.818784e-01	1.095443e-01
5.765176e-01	1.577684e-01	-4.968158e-03
5.664619e-01	8.097221e-01	-1.543724e-01
5.636561e-01	8.222767e-01	-1.377651e-01
5.610037e-01	8.224776e-01	-1.377595e-01
5.579918e-01	8.225351e-01	-1.376214e-01
5.731068e-01	8.199198e-01	-1.462571e-01
5.768501e-01	8.183721e-01	-1.462534e-01
5.800846e-01	8.170102e-01	-1.460901e-01
5.549816e-01	8.120808e-01	-3.152030e-02
5.863063e-01	8.059247e-01	-7.247500e-02
5.599975e-01	7.914724e-01	-1.131137e-01
5.722170e-01	7.880206e-01	-1.239045e-01
5.325593e-01	7.257258e-01	2.329391e-02
6.031171e-01	7.289714e-01	-1.086091e-01
4.943464e-01	7.124491e-01	-9.791429e-02
6.030747e-01	7.262463e-01	-3.533017e-01
4.441302e-01	7.374023e-01	-2.802447e-01
5.928524e-01	7.233868e-01	-5.882536e-01
4.225244e-01	7.420178e-01	-3.156994e-01
5.827296e-01	7.236617e-01	-6.465213e-01
4.217061e-01	7.413513e-01	-3.350312e-01
5.793106e-01	7.301429e-01	-6.399468e-01
4.319288e-01	7.355409e-01	-2.953337e-01
5.808498e-01	7.284558e-01	-5.944294e-01
5.379988e-01	4.953284e-01	4.141061e-02
5.838786e-01	4.943054e-01	-4.136515e-02
5.237252e-01	3.517144e-01	6.740003e-02
5.782480e-01	3.468741e-01	-1.827089e-02
5.197178e-01	2.173674e-01	1.984334e-01
5.792124e-01	2.002926e-01	9.639481e-02
5.252330e-01	1.973738e-01	2.054228e-01
5.783234e-01	1.813520e-01	1.022403e-01
5.029933e-01	1.819613e-01	1.134063e-01
5.764357e-01	1.560973e-01	-7.673384e-03
5.647058e-01	8.006126e-01	-1.542579e-01
5.627964e-01	8.135111e-01	-1.354131e-01
5.604275e-01	8.140652e-01	-1.354214e-01
5.575851e-01	8.145226e-01	-1.352874e-01
5.717332e-01	8.106466e-01	-1.450874e-01
5.754345e-01	8.092155e-01	-1.450983e-01
5.789407e-01	8.080281e-01	-1.449671e-01
5.548918e-01	8.052693e-01	-2.583409e-02
5.857144e-01	7.983118e-01	-7.167818e-02
5.587675e-01	7.837121e-01	-1.126922e-01
5.701827e-01	7.799996e-01	-1.253801e-01
5.326504e-01	7.154613e-01	3.965872e-02
6.020504e-01	7.168420e-01	-1.041441e-01
4.960990e-01	7.102846e-01	-2.228259e-02
6.006464e-01	7.192768e-01	-3.274924e-01
4.503060e-01	7.397119e-01	-1.455223e-01
5.834590e-01	7.314295e-01	-5.367140e-01
4.303213e-01	7.438068e-01	-1.674660e-01
5.713372e-01	7.397000e-01	-5.880798e-01
4.292096e-01	7.459695e-01	-1.891194e-01
5.686269e-01	7.462751e-01	-5.804616e-01
4.373678e-01	7.411571e-01	-1.592189e-01
5.713485e-01	7.426018e-01	-5.405673e-01
5.375198e-01	4.863138e-01	4.397500e-02
5.827501e-01	4.839913e-01	-4.393110e-02
5.210262e-01	3.465219e-01	6.524958e-02
5.768666e-01	3.344596e-01	-2.158572e-02
5.194591e-01	2.131098e-01	1.988958e-01
5.789812e-01	1.962572e-01	9.468652e-02
5.251706e-01	1.936456e-01	2.073413e-01
5.783715e-01	1.790020e-01	1.004141e-01
5.010811e-01	1.820982e-01	1.244521e-01
5.763849e-01	1.544501e-01	-6.711450e-03
5.640682e-01	7.917089e-01	-1.228119e-01
5.623522e-01	8.035104e-01	-1.035124e-01
5.601677e-01	8.039820e-01	-1.035198e-01
5.574852e-01	8.043460e-01	-1.033818e-01
5.709182e-01	8.007872e-01	-1.151715e-01
5.744923e-01	7.994617e-01	-1.151864e-01
5.780116e-01	7.982979e-01	-1.150664e-01
5.549366e-01	7.944689e-01	-1.239833e-03
5.850579e-01	7.883196e-01	-5.502609e-02
5.585253e-01	7.749149e-01	-8.431597e-02
5.695683e-01	7.718267e-01	-9.981584e-02
5.328337e-01	7.072067e-01	6.107115e-02
6.019174e-01	7.074756e-01	-1.023455e-01
4.967137e-01	7.092220e-01	-7.992635e-04
6.002380e-01	7.152889e-01	-3.108633e-01
4.555933e-01	7.430543e-01	-8.828016e-02
5.746322e-01	7.305641e-01	-5.025550e-01
4.364308e-01	7.493830e-01	-1.026939e-01
5.625747e-01	7.405934e-01	-5.525508e-01
4.357629e-01	7.515472e-01	-1.171132e-01
5.606469e-01	7.458221e-01	-5.616022e-01
4.433699e-01	7.462133e-01	-9.769814e-02
5.637481e-01	7.416038e-01	-5.077454e-01
5.369561e-01	4.812387e-01	4.379703e-02
5.820062e-01	4.773921e-01	-4.374487e-02
5.168849e-01	3.393599e-01	3.852023e-02
5.742947e-01	3.250964e-01	-3.247518e-02
5.186632e-01	2.084144e-01	1.803303e-01
5.781934e-01	1.925302e-01	9.361282e-02
5.250040e-01	1.902093e-01	1.896316e-01
5.782050e-01	1.765364e-01	1.001198e-01
5.011028e-01	1.793491e-01	1.044920e-01
5.763737e-01	1.530007e-01	-6.141676e-03
5.640916e-01	7.839619e-01	-1.208335e-01
5.623162e-01	7.944928e-01	-1.011826e-01
5.601574e-01	7.948145e-01	-1.011928e-01
5.575128e-01	7.950118e-01	-1.010638e-01
5.708065e-01	7.920808e-01	-1.135518e-01
5.743220e-01	7.907385e-01	-1.135756e-01
5.777597e-01	7.895353e-01	-1.134750e-01
5.554859e-01	7.844333e-01	3.522565e-05
5.847696e-01	7.787770e-01	-5.617585e-02
5.585452e-01	7.678685e-01	-8.264577e-02
5.695840e-01	7.650938e-01	-9.902705e-02
5.338094e-01	6.988230e-01	6.772429e-02
6.011301e-01	6.999356e-01	-9.911839e-02
5.021240e-01	7.084017e-01	5.341955e-02
5.966734e-01	7.136402e-01	-3.096690e-01
4.620579e-01	7.407296e-01	-1.393535e-03
5.666512e-01	7.303516e-01	-4.988108e-01
4.440097e-01	7.470278e-01	-1.078915e-02
5.561503e-01	7.401968e-01	-5.475503e-01
4.421798e-01	7.501977e-01	-3.017047e-02
5.550708e-01	7.462147e-01	-5.491635e-01
4.496115e-01	7.455794e-01	-1.250756e-02
5.581532e-01	7.415269e-01	-5.007958e-01
5.360597e-01	4.736469e-01	4.414682e-02
5.805078e-01	4.693467e-01	-4.409282e-02
5.130363e-01	3.337107e-01	2.249577e-02
5.715697e-01	3.182674e-01	-3.248961e-02
5.179110e-01	2.071895e-01	1.793544e-01
5.775391e-01	1.899259e-01	1.120890e-01
5.245904e-01	1.902636e-01	1.900230e-01
5.782286e-01	1.748473e-01	1.223686e-01
5.011264e-01	1.743816e-01	1.050172e-01
5.761058e-01	1.511598e-01	2.320924e-02
5.635924e-01	7.749770e-01	-1.275018e-01
5.619880e-01	7.848111e-01	-1.075654e-01
5.598648e-01	7.848753e-01	-1.075778e-01
5.573241e-01	7.848015e-01	-1.074543e-01
5.702518e-01	7.825554e-01	-1.205976e-01
5.736657e-01	7.810565e-01	-1.206216e-01
5.770619e-01	7.796434e-01	-1.205298e-01
5.556242e-01	7.737463e-01	-5.499344e-03
5.842189e-01	7.681336e-01	-5.852472e-02
5.580462e-01	7.585466e-01	-8.906223e-02
5.687870e-01	7.556305e-01	-1.062087e-01
5.339025e-01	6.903359e-01	6.522685e-02
6.004114e-01	6.884250e-01	-1.099812e-01
5.058930e-01	6.953629e-01	6.010916e-02
5.933228e-01	7.073482e-01	-3.235688e-01
4.671615e-01	7.355372e-01	-7.340703e-04
5.572227e-01	7.331896e-01	-5.061245e-01
4.483749e-01	7.430771e-01	-1.079154e-02
5.480675e-01	7.393562e-01	-5.558766e-01
4.475451e-01	7.461739e-01	-3.050185e-02
5.477890e-01	7.446739e-01	-5.433295e-01
4.552855e-01	7.413248e-01	-1.197583e-02
5.504630e-01	7.406763e-01	-5.053798e-01
5.344579e-01	4.635072e-01	4.605190e-02
5.793462e-01	4.585333e-01	-4.598427e-02
5.086968e-01	3.267438e-01	9.737494e-03
5.699208e-01	3.069386e-01	-3.116322e-02
5.169134e-01	2.058712e-01	1.825102e-01
5.774277e-01	1.872759e-01	1.436002e-01
5.243005e-01	1.900590e-01	1.986542e-01
5.797132e-01	1.725941e-01	1.573543e-01
5.002922e-01	1.702338e-01	1.210828e-01
5.746670e-01	1.489570e-01	6.293900e-02
5.636746e-01	7.663393e-01	-1.391894e-01
5.620174e-01	7.754264e-01	-1.200563e-01
5.599182e-01	7.753882e-01	-1.200395e-01
5.574900e-01	7.752226e-01	-1.198942e-01
5.702761e-01	7.729763e-01	-1.366872e-01
5.736730e-01	7.711762e-01	-1.367138e-01
5.770363e-01	7.693734e-01	-1.366555e-01
5.563114e-01	7.642519e-01	-2.152289e-02
5.840181e-01	7.578527e-01	-8.982287e-02
5.583212e-01	7.498423e-01	-1.017871e-01
5.689076e-01	7.462893e-01	-1.232073e-01
5.345212e-01	6.822619e-01	5.504684e-02
5.999529e-01	6.798605e-01	-1.369488e-01
5.081320e-01	6.840848e-01	5.540972e-02
5.939747e-01	7.007297e-01	-3.535438e-01
4.705168e-01	7.299853e-01	-2.651589e-02
5.546646e-01	7.312911e-01	-5.275707e-01
4.529044e-01	7.380477e-01	-4.308944e-02
5.434508e-01	7.372884e-01	-5.792888e-01
4.516888e-01	7.408586e-01	-6.737216e-02
5.430714e-01	7.426254e-01	-5.606601e-01
4.588211e-01	7.357250e-01	-4.151219e-02
5.461855e-01	7.387073e-01	-5.255699e-01
5.339681e-01	4.559619e-01	4.739701e-02
5.787455e-01	4.499555e-01	-4.731159e-02
5.048205e-01	3.244562e-01	6.987195e-03
5.683741e-01	3.019085e-01	-1.793704e-02
5.162024e-01	2.064630e-01	1.958994e-01
5.772906e-01	1.852883e-01	1.755348e-01
5.242059e-01	1.904977e-01	2.132418e-01
5.799152e-01	1.713723e-01	1.905970e-01
4.994308e-01	1.711611e-01	1.345201e-01
5.739705e-01	1.472242e-01	9.308098e-02
5.637176e-01	7.579050e-01	-1.399620e-01
5.620226e-01	7.666753e-01	-1.207780e-01
5.599298e-01	7.665364e-01	-1.207730e-01
5.576037e-01	7.662556e-01	-1.206369e-01
5.700904e-01	7.641736e-01	-1.380766e-01
5.734047e-01	7.621973e-01	-1.381058e-01
5.767315e-01	7.602205e-01	-1.380541e-01
5.567621e-01	7.555405e-01	-2.142309e-02
5.835788e-01	7.488466e-01	-9.358619e-02
5.583388e-01	7.413547e-01	-1.019699e-01
5.686949e-01	7.378299e-01	-1.249788e-01
5.349771e-01	6.737086e-01	5.573342e-02
5.997866e-01	6.730599e-01	-1.419208e-01
5.076153e-01	6.783174e-01	5.121493e-02
5.923103e-01	6.897522e-01	-3.451906e-01
4.719592e-01	7.273620e-01	-3.368179e-02
5.512445e-01	7.286118e-01	-5.255958e-01
4.547346e-01	7.314272e-01	-4.883257e-02
5.403383e-01	7.356399e-01	-5.676788e-01
4.534031e-01	7.339712e-01	-6.782957e-02
5.399690e-01	7.410944e-01	-5.347326e-01
4.602783e-01	7.294314e-01	-4.569671e-02
5.427768e-01	7.362497e-01	-5.064315e-01
5.338541e-01	4.503538e-01	5.071924e-02
5.778885e-01	4.441124e-01	-5.060183e-02
5.022202e-01	3.206904e-01	-1.469523e-03
5.674017e-01	2.971548e-01	-1.492174e-02
5.162591e-01	2.061769e-01	1.913389e-01
5.771059e-01	1.840755e-01	1.838575e-01
5.250446e-01	1.904125e-01	2.107888e-01
5.804259e-01	1.715882e-01	1.998425e-01
4.985057e-01	1.718239e-01	1.287805e-01
5.731326e-01	1.441705e-01	1.068795e-01
5.638019e-01	7.486210e-01	-1.483409e-01
5.621101e-01	7.575433e-01	-1.288678e-01
5.600806e-01	7.575604e-01	-1.288574e-01
5.579399e-01	7.574614e-01	-1.287359e-01
5.701131e-01	7.546701e-01	-1.460496e-01
5.734381e-01	7.526069e-01	-1.460800e-01
5.767681e-01	7.505280e-01	-1.460372e-01
5.574149e-01	7.483117e-01	-2.773868e-02
5.835799e-01	7.407705e-01	-1.006224e-01
5.584141e-01	7.327222e-01	-1.097276e-01
5.687311e-01	7.288061e-01	-1.320622e-01
5.359325e-01	6.673972e-01	4.872496e-02
5.994759e-01	6.674532e-01	-1.489462e-01
5.079814e-01	6.693010e-01	-1.073884e-02
5.893563e-01	6.833626e-01	-3.494393e-01
4.730913e-01	7.217741e-01	-1.571604e-01
5.482122e-01	7.242662e-01	-5.054803e-01
4.561908e-01	7.283325e-01	-1.828763e-01
5.377927e-01	7.296889e-01	-5.476385e-01
4.544632e-01	7.306784e-01	-1.950265e-01
5.367354e-01	7.352484e-01	-5.224375e-01
4.612769e-01	7.273062e-01	-1.681170e-01
5.392787e-01	7.309974e-01	-4.924161e-01
5.339563e-01	4.465847e-01	5.098795e-02
5.776128e-01	4.393707e-01	-5.087126e-02
5.001980e-01	3.161645e-01	-7.986183e-03
5.657914e-01	2.906794e-01	-2.040750e-02
5.164468e-01	2.053940e-01	1.869038e-01
5.769757e-01	1.794261e-01	1.675140e-01
5.259858e-01	1.899533e-01	2.080241e-01
5.813206e-01	1.680279e-01	1.826730e-01
4.986137e-01	1.721270e-01	1.254370e-01
5.715183e-01	1.408951e-01	8.647301e-02
5.640022e-01	7.416261e-01	-1.512612e-01
5.622188e-01	7.502385e-01	-1.308179e-01
5.602452e-01	7.501883e-01	-1.308076e-01
5.582433e-01	7.500659e-01	-1.306898e-01
5.701276e-01	7.477748e-01	-1.471609e-01
5.734485e-01	7.458935e-01	-1.471912e-01
5.767899e-01	7.439997e-01	-1.471373e-01
5.579958e-01	7.412162e-01	-2.719817e-02
5.835959e-01	7.342578e-01	-9.722005e-02
5.587656e-01	7.257965e-01	-1.117752e-01
5.687889e-01	7.223014e-01	-1.330013e-01
5.368605e-01	6.590165e-01	5.064029e-02
5.993300e-01	6.578435e-01	-1.411223e-01
5.079386e-01	6.622555e-01	1.925454e-02
5.884081e-01	6.763636e-01	-3.337770e-01
4.722475e-01	7.132823e-01	-1.189506e-01
5.476137e-01	7.238637e-01	-4.695288e-01
4.559631e-01	7.239906e-01	-1.369311e-01
5.372929e-01	7.257700e-01	-5.139331e-01
4.541852e-01	7.267888e-01	-1.288345e-01
5.359145e-01	7.311953e-01	-4.958159e-01
4.609160e-01	7.223663e-01	-1.179265e-01
5.383514e-01	7.277409e-01	-4.649795e-01
5.339679e-01	4.395418e-01	5.027489e-02
5.765091e-01	4.317271e-01	-5.016366e-02
4.983398e-01	3.110358e-01	-1.650998e-02
5.641505e-01	2.834316e-01	-1.465787e-02
5.164870e-01	2.037892e-01	1.803250e-01
5.770012e-01	1.770485e-01	2.030742e-01
5.265421e-01	1.889352e-01	2.001886e-01
5.826691e-01	1.658025e-01	2.214405e-01
4.989140e-01	1.693698e-01	1.238681e-01
5.716301e-01	1.396452e-01	1.348893e-01
5.649808e-01	7.342166e-01	-1.535136e-01
5.627810e-01	7.430002e-01	-1.324856e-01
5.607285e-01	7.429023e-01	-1.324781e-01
5.587825e-01	7.427358e-01	-1.323663e-01
5.707520e-01	7.407553e-01	-1.474102e-01
5.739990e-01	7.389864e-01	-1.474417e-01
5.772074e-01	7.371759e-01	-1.473791e-01
5.583526e-01	7.337992e-01	-2.752456e-02
5.837644e-01	7.274971e-01	-9.333318e-02
5.595101e-01	7.182037e-01	-1.138020e-01
5.695344e-01	7.154109e-01	-1.332321e-01
5.370978e-01	6.509026e-01	5.156978e-02
5.992865e-01	6.510906e-01	-1.353019e-01
5.074964e-01	6.557597e-01	4.931129e-02
5.875564e-01	6.698512e-01	-3.287693e-01
4.709767e-01	7.055541e-01	-2.723030e-02
5.463821e-01	7.165418e-01	-4.552504e-01
4.546663e-01	7.166747e-01	-3.885531e-02
5.362203e-01	7.220786e-01	-4.996795e-01
4.531259e-01	7.195529e-01	-5.232435e-02
5.347037e-01	7.277796e-01	-4.815638e-01
4.595502e-01	7.148170e-01	-3.589031e-02
5.371409e-01	7.231262e-01	-4.518453e-01
5.338363e-01	4.324581e-01	4.986460e-02
5.755931e-01	4.243126e-01	-4.975987e-02
4.962117e-01	3.063386e-01	-2.755760e-02
5.619184e-01	2.759555e-01	-2.663456e-02
5.165600e-01	2.042387e-01	1.902472e-01
5.770530e-01	1.770359e-01	2.101373e-01
5.270629e-01	1.896710e-01	2.122096e-01
5.835938e-01	1.665808e-01	2.318368e-01
5.016904e-01	1.666008e-01	1.455052e-01
5.717545e-01	1.382630e-01	1.544420e-01
5.655600e-01	7.281908e-01	-1.527057e-01
5.631402e-01	7.368320e-01	-1.320325e-01
5.610526e-01	7.367185e-01	-1.320296e-01
5.591390e-01	7.365377e-01	-1.319138e-01
5.711183e-01	7.347490e-01	-1.467849e-01
5.743256e-01	7.331121e-01	-1.468136e-01
5.774661e-01	7.314335e-01	-1.467462e-01
5.586643e-01	7.276556e-01	-2.689278e-02
5.838758e-01	7.221560e-01	-9.235290e-02
5.600525e-01	7.122626e-01	-1.130388e-01
5.700859e-01	7.098835e-01	-1.320319e-01
5.372425e-01	6.452271e-01	5.347008e-02
5.993236e-01	6.446117e-01	-1.321405e-01
5.072368e-01	6.490571e-01	6.445362e-02
5.864015e-01	6.642193e-01	-3.188837e-01
4.704099e-01	6.990169e-01	7.107670e-03
5.455664e-01	7.077631e-01	-4.497146e-01
4.541711e-01	7.088891e-01	-2.184303e-03
5.352541e-01	7.140507e-01	-4.937001e-01
4.528201e-01	7.118922e-01	-1.835066e-02
5.335904e-01	7.193425e-01	-4.760941e-01
4.590839e-01	7.071767e-01	-2.486868e-03
5.360274e-01	7.150449e-01	-4.467309e-01
5.335413e-01	4.275090e-01	4.956602e-02
5.749441e-01	4.181986e-01	-4.946039e-02
4.941846e-01	3.009818e-01	-2.937396e-02
5.603427e-01	2.702459e-01	-3.284272e-02
5.166165e-01	2.034871e-01	1.929793e-01
5.773475e-01	1.770798e-01	2.091778e-01
5.276530e-01	1.895841e-01	2.145083e-01
5.841956e-01	1.667830e-01	2.312898e-01
5.022282e-01	1.563430e-01	1.519043e-01
5.716915e-01	1.360365e-01	1.581256e-01
5.655562e-01	7.220650e-01	-1.523159e-01
5.631410e-01	7.309068e-01	-1.319100e-01
5.610632e-01	7.308058e-01	-1.319012e-01
5.591663e-01	7.306203e-01	-1.317908e-01
5.711182e-01	7.290583e-01	-1.464097e-01
5.743307e-01	7.275730e-01	-1.464472e-01
5.774745e-01	7.260188e-01	-1.463784e-01
5.589079e-01	7.223920e-01	-2.648162e-02
5.838844e-01	7.176411e-01	-9.210272e-02
5.600571e-01	7.064351e-01	-1.125687e-01
5.700889e-01	7.043326e-01	-1.313985e-01
5.375072e-01	6.405858e-01	5.457918e-02
5.991130e-01	6.406649e-01	-1.304478e-01
5.070864e-01	6.438863e-01	7.857659e-02
5.861464e-01	6.573716e-01	-3.140660e-01
4.700418e-01	6.932132e-01	3.858156e-02
5.454746e-01	7.000217e-01	-4.528159e-01
4.542379e-01	7.022406e-01	3.213757e-02
5.349725e-01	7.066197e-01	-4.972304e-01
4.528318e-01	7.053401e-01	1.468844e-02
5.331253e-01	7.113099e-01	-4.795559e-01
4.590983e-01	7.008623e-01	2.900196e-02
5.356416e-01	7.072544e-01	-4.500215e-01
5.332288e-01	4.234199e-01	4.943342e-02
5.743151e-01	4.139629e-01	-4.933265e-02
4.933012e-01	2.986104e-01	-2.533306e-02
5.596416e-01	2.652368e-01	-3.180002e-02
5.161233e-01	2.032088e-01	2.080659e-01
5.766641e-01	1.780194e-01	2.259509e-01
5.275954e-01	1.896614e-01	2.304174e-01
5.841184e-01	1.674814e-01	2.495192e-01
5.017016e-01	1.585766e-01	1.715688e-01
5.717132e-01	1.364800e-01	1.785008e-01
5.655649e-01	7.189626e-01	-1.426117e-01
5.632291e-01	7.275051e-01	-1.221193e-01
5.611720e-01	7.275457e-01	-1.221021e-01
5.593117e-01	7.274731e-01	-1.219895e-01
5.711892e-01	7.249784e-01	-1.360088e-01
5.744060e-01	7.232206e-01	-1.360481e-01
5.775463e-01	7.214468e-01	-1.359739e-01
5.590629e-01	7.190065e-01	-2.113381e-02
5.838882e-01	7.130521e-01	-8.463858e-02
5.600542e-01	7.035182e-01	-1.047380e-01
5.700518e-01	7.004516e-01	-1.230696e-01
5.374722e-01	6.386888e-01	5.841151e-02
5.987335e-01	6.383718e-01	-1.295553e-01
5.069829e-01	6.403227e-01	7.712718e-02
5.871242e-01	6.504439e-01	-3.137743e-01
4.700462e-01	6.871015e-01	2.980749e-02
5.453951e-01	6.918327e-01	-4.558458e-01
4.545566e-01	6.957404e-01	2.320082e-02
5.346886e-01	6.984425e-01	-4.998789e-01
4.529888e-01	6.987508e-01	5.751760e-03
5.327429e-01	7.032429e-01	-4.806884e-01
4.593398e-01	6.939121e-01	2.010569e-02
5.353016e-01	6.988616e-01	-4.524137e-01
5.327768e-01	4.202688e-01	4.943581e-02
5.738398e-01	4.104074e-01	-4.932992e-02
4.931401e-01	2.949345e-01	-3.227942e-02
5.587242e-01	2.622440e-01	-4.351013e-02
5.159098e-01	2.033863e-01	2.202469e-01
5.765394e-01	1.784447e-01	2.132138e-01
5.275523e-01	1.917232e-01	2.446254e-01
5.839919e-01	1.692155e-01	2.370086e-01
5.023841e-01	1.596743e-01	1.930969e-01
5.718655e-01	1.363091e-01	1.685545e-01
5.659646e-01	7.184929e-01	-1.361587e-01
5.634066e-01	7.259710e-01	-1.158218e-01
5.612845e-01	7.258343e-01	-1.158029e-01
5.593725e-01	7.255674e-01	-1.156876e-01
5.714113e-01	7.235870e-01	-1.293223e-01
5.746084e-01	7.217251e-01	-1.293515e-01
5.777220e-01	7.198018e-01	-1.292772e-01
5.590200e-01	7.159082e-01	-1.531121e-02
5.839686e-01	7.102336e-01	-7.653639e-02
5.602313e-01	7.027814e-01	-9.850646e-02
5.704108e-01	6.999921e-01	-1.162673e-01
5.373275e-01	6.362503e-01	6.033751e-02
5.987669e-01	6.349270e-01	-1.272771e-01
5.069493e-01	6.381407e-01	3.857476e-02
5.876194e-01	6.483237e-01	-3.138237e-01
4.708266e-01	6.821251e-01	-6.770653e-02
5.450042e-01	6.855681e-01	-4.557980e-01
4.558656e-01	6.910426e-01	-8.413875e-02
5.343350e-01	6.916353e-01	-5.001199e-01
4.542641e-01	6.927132e-01	-9.751057e-02
5.323541e-01	6.965123e-01	-4.803860e-01
4.606741e-01	6.873323e-01	-7.743541e-02
5.348293e-01	6.916910e-01	-4.519312e-01
5.320604e-01	4.175665e-01	4.972668e-02
5.736506e-01	4.073346e-01	-4.961291e-02
4.925877e-01	2.902766e-01	-3.861507e-02
5.582333e-01	2.589029e-01	-4.910766e-02
5.157399e-01	2.015897e-01	2.171383e-01
5.764946e-01	1.774120e-01	2.046129e-01
5.275353e-01	1.918330e-01	2.413883e-01
5.838770e-01	1.694528e-01	2.280417e-01
5.030656e-01	1.564714e-01	1.887429e-01
5.717977e-01	1.340455e-01	1.589907e-01
5.659126e-01	7.157394e-01	-1.381039e-01
5.633229e-01	7.235007e-01	-1.175847e-01
5.611866e-01	7.233276e-01	-1.175682e-01
5.591826e-01	7.229891e-01	-1.174525e-01
5.713766e-01	7.211851e-01	-1.310361e-01
5.746063e-01	7.193388e-01	-1.310668e-01
5.777293e-01	7.174367e-01	-1.309891e-01
5.586891e-01	7.131268e-01	-1.532927e-02
5.839752e-01	7.081143e-01	-7.609615e-02
5.601763e-01	6.996753e-01	-9.977309e-02
5.703999e-01	6.971586e-01	-1.174429e-01
5.372480e-01	6.354114e-01	6.069993e-02
5.987752e-01	6.345960e-01	-1.255405e-01
5.072602e-01	6.347108e-01	3.675881e-02
5.879506e-01	6.449518e-01	-3.139466e-01
4.715360e-01	6.785429e-01	-6.326634e-02
5.448822e-01	6.823069e-01	-4.576567e-01
4.568811e-01	6.877217e-01	-7.872652e-02
5.343428e-01	6.893940e-01	-5.020091e-01
4.554524e-01	6.893964e-01	-9.274554e-02
5.322202e-01	6.933075e-01	-4.825365e-01
4.618838e-01	6.840383e-01	-7.306540e-02
5.346118e-01	6.885719e-01	-4.539290e-01
5.314635e-01	4.176632e-01	4.963842e-02
5.730131e-01	4.081689e-01	-4.952382e-02
4.923573e-01	2.880436e-01	-2.929018e-02
5.583525e-01	2.607397e-01	-4.415505e-02
5.154754e-01	2.013856e-01	2.328826e-01
5.761390e-01	1.777741e-01	2.129047e-01
5.275229e-01	1.918325e-01	2.576993e-01
5.835351e-01	1.711051e-01	2.366443e-01
5.030860e-01	1.574558e-01	2.049852e-01
5.735483e-01	1.336889e-01	1.655043e-01
5.659095e-01	7.146969e-01	-1.371483e-01
5.632812e-01	7.226802e-01	-1.167251e-01
5.611464e-01	7.223421e-01	-1.167048e-01
5.590968e-01	7.218642e-01	-1.165854e-01
5.712844e-01	7.211561e-01	-1.301178e-01
5.745305e-01	7.197008e-01	-1.301483e-01
5.776932e-01	7.181195e-01	-1.300669e-01
5.585574e-01	7.120524e-01	-1.440587e-02
5.839700e-01	7.088934e-01	-7.497524e-02
5.602347e-01	6.985452e-01	-9.868984e-02
5.704614e-01	6.967946e-01	-1.162619e-01
5.372142e-01	6.355895e-01	6.118818e-02
5.987686e-01	6.345732e-01	-1.227519e-01
5.072179e-01	6.343365e-01	3.505930e-02
5.881876e-01	6.426980e-01	-3.132953e-01
4.717450e-01	6.775054e-01	-6.618756e-02
5.447170e-01	6.814695e-01	-4.565271e-01
4.571666e-01	6.860986e-01	-8.206953e-02
5.338814e-01	6.887270e-01	-5.007520e-01
4.559046e-01	6.873533e-01	-9.562866e-02
5.315871e-01	6.915533e-01	-4.813206e-01
4.623756e-01	6.819862e-01	-7.580795e-02
5.339150e-01	6.869301e-01	-4.527223e-01
5.310143e-01	4.176584e-01	4.939365e-02
5.727781e-01	4.082332e-01	-4.927428e-02
4.922884e-01	2.874012e-01	-2.821167e-02
5.587987e-01	2.613491e-01	-3.952642e-02
5.152792e-01	2.012114e-01	2.303263e-01
5.759357e-01	1.779807e-01	2.175511e-01
5.275012e-01	1.918155e-01	2.544651e-01
5.819706e-01	1.715509e-01	2.407403e-01
5.028966e-01	1.578776e-01	1.987559e-01
5.745590e-01	1.334629e-01	1.669496e-01
5.662352e-01	7.166826e-01	-1.322331e-01
5.633568e-01	7.248245e-01	-1.122038e-01
5.612039e-01	7.242372e-01	-1.121829e-01
5.591300e-01	7.234975e-01	-1.120610e-01
5.713328e-01	7.236380e-01	-1.259189e-01
5.745581e-01	7.222392e-01	-1.259512e-01
5.777053e-01	7.206887e-01	-1.258676e-01
5.586706e-01	7.135395e-01	-1.233761e-02
5.839738e-01	7.112043e-01	-7.426279e-02
5.608096e-01	7.004519e-01	-9.464049e-02
5.708523e-01	6.991522e-01	-1.127048e-01
5.375417e-01	6.374108e-01	6.443097e-02
5.989751e-01	6.339250e-01	-1.214068e-01
5.071697e-01	6.354676e-01	6.308390e-02
5.883188e-01	6.442991e-01	-3.103836e-01
4.715490e-01	6.783604e-01	-3.706086e-03
5.448440e-01	6.828220e-01	-4.528387e-01
4.567662e-01	6.864713e-01	-1.330383e-02
5.335597e-01	6.892375e-01	-4.967168e-01
4.555336e-01	6.875553e-01	-2.899261e-02
5.312005e-01	6.912793e-01	-4.771085e-01
4.619850e-01	6.825252e-01	-1.307850e-02
5.338942e-01	6.869644e-01	-4.489245e-01
5.308434e-01	4.189973e-01	4.932790e-02
5.728665e-01	4.091427e-01	-4.920717e-02
4.923704e-01	2.881095e-01	-2.855522e-02
5.585033e-01	2.613189e-01	-3.642184e-02
5.148181e-01	1.979222e-01	2.264653e-01
5.756201e-01	1.778224e-01	2.204369e-01
5.270520e-01	1.911367e-01	2.498938e-01
5.814646e-01	1.716139e-01	2.435193e-01
5.021158e-01	1.514525e-01	1.917242e-01
5.748972e-01	1.328836e-01	1.693304e-01
5.660795e-01	7.194818e-01	-1.305723e-01
5.632950e-01	7.272558e-01	-1.107516e-01
5.611534e-01	7.264961e-01	-1.107318e-01
5.590410e-01	7.255681e-01	-1.106105e-01
5.711457e-01	7.262647e-01	-1.246633e-01
5.743803e-01	7.248599e-01	-1.246904e-01
5.776135e-01	7.233016e-01	-1.246105e-01
5.586594e-01	7.153043e-01	-1.105449e-02
5.840745e-01	7.131025e-01	-7.388864e-02
5.608014e-01	7.029291e-01	-9.294786e-02
5.707887e-01	7.017854e-01	-1.112441e-01
5.375234e-01	6.394794e-01	6.410383e-02
5.994731e-01	6.356298e-01	-1.209873e-01
5.068797e-01	6.378796e-01	4.467199e-02
5.884299e-01	6.469689e-01	-3.106814e-01
4.714881e-01	6.793963e-01	-5.739556e-02
5.443174e-01	6.841390e-01	-4.511662e-01
4.567577e-01	6.881303e-01	-7.334893e-02
5.334951e-01	6.904060e-01	-4.952744e-01
4.554842e-01	6.888767e-01	-8.740845e-02
5.310057e-01	6.920978e-01	-4.757870e-01
4.620105e-01	6.833828e-01	-6.714947e-02
5.336193e-01	6.878551e-01	-4.472837e-01
5.305572e-01	4.204838e-01	4.930504e-02
5.728425e-01	4.106599e-01	-4.918656e-02
4.927631e-01	2.895010e-01	-3.108477e-02
5.586682e-01	2.628547e-01	-3.180962e-02
5.146363e-01	1.968055e-01	2.234180e-01
5.760194e-01	1.775465e-01	2.185497e-01
5.266051e-01	1.908803e-01	2.491167e-01
5.815240e-01	1.715673e-01	2.407741e-01
5.020966e-01	1.489167e-01	1.826055e-01
5.750579e-01	1.326983e-01	1.626009e-01
5.658778e-01	7.205785e-01	-1.317591e-01
5.632635e-01	7.286578e-01	-1.113739e-01
5.611072e-01	7.271646e-01	-1.113575e-01
5.589499e-01	7.260218e-01	-1.112375e-01
5.710464e-01	7.289075e-01	-1.253983e-01
5.742684e-01	7.278021e-01	-1.254287e-01
5.775454e-01	7.264429e-01	-1.253507e-01
5.586619e-01	7.172908e-01	-9.451940e-03
5.841036e-01	7.144439e-01	-7.328908e-02
5.607952e-01	7.031612e-01	-9.348415e-02
5.707034e-01	7.028278e-01	-1.119247e-01
5.375141e-01	6.400649e-01	6.720175e-02
5.996638e-01	6.375962e-01	-1.200489e-01
5.069054e-01	6.393810e-01	4.759784e-02
5.885123e-01	6.486214e-01	-3.074782e-01
4.714305e-01	6.801786e-01	-5.203890e-02
5.444437e-01	6.852367e-01	-4.412960e-01
4.565772e-01	6.888024e-01	-6.692636e-02
5.336105e-01	6.912970e-01	-4.840461e-01
4.553014e-01	6.905625e-01	-8.344019e-02
5.315837e-01	6.934698e-01	-4.648028e-01
4.618439e-01	6.856505e-01	-6.240305e-02
5.341956e-01	6.893044e-01	-4.372355e-01
5.300917e-01	4.212689e-01	4.948413e-02
5.727300e-01	4.119859e-01	-4.936188e-02
4.929605e-01	2.903501e-01	-2.062477e-02
5.587112e-01	2.641107e-01	-2.927894e-02
5.144842e-01	1.961037e-01	2.213198e-01
5.766369e-01	1.770112e-01	2.154134e-01
5.263215e-01	1.900800e-01	2.443761e-01
5.818516e-01	1.711140e-01	2.388307e-01
5.020124e-01	1.500007e-01	1.797616e-01
5.752262e-01	1.326348e-01	1.547892e-01
5.665538e-01	7.274303e-01	-1.312084e-01
5.638543e-01	7.367261e-01	-1.111535e-01
5.616001e-01	7.353290e-01	-1.111348e-01
5.593065e-01	7.337383e-01	-1.110112e-01
5.717076e-01	7.358381e-01	-1.246885e-01
5.748477e-01	7.341753e-01	-1.247153e-01
5.779735e-01	7.323322e-01	-1.246367e-01
5.587951e-01	7.227446e-01	-1.007365e-02
5.842535e-01	7.211598e-01	-7.159126e-02
5.612304e-01	7.075283e-01	-9.325635e-02
5.713741e-01	7.064074e-01	-1.109925e-01
5.375566e-01	6.486139e-01	6.660490e-02
6.001102e-01	6.395226e-01	-1.166146e-01
5.069580e-01	6.421400e-01	2.783331e-02
5.896263e-01	6.490448e-01	-3.028716e-01
4.713535e-01	6.844485e-01	-8.649491e-02
5.448478e-01	6.879251e-01	-4.362225e-01
4.563638e-01	6.921949e-01	-1.053679e-01
5.341803e-01	6.965564e-01	-4.792777e-01
4.551721e-01	6.947590e-01	-1.188539e-01
5.320908e-01	6.996425e-01	-4.600826e-01
4.617191e-01	6.902717e-01	-9.644474e-02
5.346044e-01	6.945475e-01	-4.322590e-01
5.298620e-01	4.253749e-01	4.831959e-02
5.727318e-01	4.152797e-01	-4.818955e-02
4.931777e-01	2.952667e-01	-2.132213e-02
5.596977e-01	2.670923e-01	-2.345738e-02
5.137565e-01	1.964968e-01	2.178176e-01
5.770931e-01	1.768353e-01	2.142110e-01
5.253282e-01	1.903450e-01	2.395673e-01
5.820279e-01	1.702375e-01	2.357780e-01
5.019941e-01	1.555133e-01	1.685180e-01
5.752053e-01	1.328063e-01	1.429792e-01
5.667579e-01	7.386799e-01	-1.376986e-01
5.643461e-01	7.484996e-01	-1.185441e-01
5.620853e-01	7.478616e-01	-1.185182e-01
5.596743e-01	7.468551e-01	-1.183871e-01
5.720841e-01	7.460213e-01	-1.323195e-01
5.751826e-01	7.440370e-01	-1.323431e-01
5.782966e-01	7.419418e-01	-1.322775e-01
5.590823e-01	7.352257e-01	-1.900581e-02
5.846829e-01	7.317060e-01	-8.054526e-02
5.615046e-01	7.205827e-01	-1.001604e-01
5.716740e-01	7.176742e-01	-1.178991e-01
5.374528e-01	6.590022e-01	5.176018e-02
6.002510e-01	6.475857e-01	-1.265057e-01
5.070181e-01	6.488701e-01	-1.457059e-02
5.914844e-01	6.527790e-01	-3.282134e-01
4.718471e-01	6.918656e-01	-1.572040e-01
5.473529e-01	6.945706e-01	-4.718582e-01
4.564103e-01	7.007828e-01	-1.820991e-01
5.370124e-01	7.070626e-01	-5.188653e-01
4.553964e-01	7.038640e-01	-1.941376e-01
5.361755e-01	7.114729e-01	-5.000905e-01
4.620156e-01	6.995953e-01	-1.676563e-01
5.389780e-01	7.051458e-01	-4.688106e-01
5.298463e-01	4.341145e-01	4.813026e-02
5.727693e-01	4.234546e-01	-4.799778e-02
4.945263e-01	3.040096e-01	-1.644776e-02
5.607637e-01	2.774738e-01	-1.196877e-02
5.133511e-01	1.969360e-01	2.067783e-01
5.772826e-01	1.767207e-01	2.112950e-01
5.243460e-01	1.903570e-01	2.251410e-01
5.820544e-01	1.687632e-01	2.356562e-01
5.018499e-01	1.588114e-01	1.454121e-01
5.750495e-01	1.330229e-01	1.326019e-01
5.675219e-01	7.463667e-01	-1.301733e-01
5.650508e-01	7.556850e-01	-1.122804e-01
5.628011e-01	7.550038e-01	-1.122485e-01
5.604928e-01	7.540464e-01	-1.121097e-01
5.727801e-01	7.535754e-01	-1.268406e-01
5.758907e-01	7.517242e-01	-1.268609e-01
5.789901e-01	7.498354e-01	-1.267878e-01
5.602228e-01	7.428597e-01	-1.826851e-02
5.851204e-01	7.401327e-01	-8.076560e-02
5.622947e-01	7.279688e-01	-9.442374e-02
5.724722e-01	7.254663e-01	-1.133674e-01
5.374327e-01	6.666853e-01	5.318759e-02
6.004311e-01	6.558751e-01	-1.260115e-01
5.070099e-01	6.581951e-01	6.905301e-03
5.940323e-01	6.639341e-01	-3.234890e-01
4.721944e-01	7.015967e-01	-1.091393e-01
5.511760e-01	7.061962e-01	-4.680048e-01
4.564596e-01	7.104875e-01	-1.283486e-01
5.410346e-01	7.166188e-01	-5.146362e-01
4.554282e-01	7.144298e-01	-1.418529e-01
5.402668e-01	7.200410e-01	-4.963492e-01
4.621282e-01	7.101962e-01	-1.192737e-01
5.433670e-01	7.146838e-01	-4.649307e-01
5.298798e-01	4.429458e-01	4.747331e-02
5.728391e-01	4.316130e-01	-4.733810e-02
4.968928e-01	3.127770e-01	-3.643599e-03
5.622240e-01	2.862006e-01	-1.093170e-02
5.131828e-01	1.969752e-01	2.016667e-01
5.773084e-01	1.767735e-01	1.996777e-01
5.235914e-01	1.890424e-01	2.181337e-01
5.819876e-01	1.685439e-01	2.170118e-01
5.010213e-01	1.604857e-01	1.389208e-01
5.750347e-01	1.334511e-01	1.197659e-01
5.675122e-01	7.566582e-01	-1.312150e-01
5.651341e-01	7.658091e-01	-1.127081e-01
5.628595e-01	7.653517e-01	-1.126823e-01
5.605221e-01	7.646860e-01	-1.125459e-01
5.728886e-01	7.639262e-01	-1.270396e-01
5.760213e-01	7.622542e-01	-1.270642e-01
5.791533e-01	7.605338e-01	-1.269876e-01
5.603431e-01	7.536038e-01	-1.806682e-02
5.853523e-01	7.500231e-01	-8.048216e-02
5.622656e-01	7.396811e-01	-9.491713e-02
5.724427e-01	7.377402e-01	-1.136754e-01
5.375432e-01	6.734710e-01	5.627511e-02
6.005207e-01	6.650113e-01	-1.257081e-01
5.070505e-01	6.665237e-01	6.920619e-02
5.954602e-01	6.717673e-01	-3.212888e-01
4.721647e-01	7.125700e-01	2.353982e-02
5.542304e-01	7.153362e-01	-4.687624e-01
4.563355e-01	7.213075e-01	1.774609e-02
5.442595e-01	7.241171e-01	-5.140139e-01
4.553346e-01	7.256450e-01	-1.363068e-03
5.442255e-01	7.289647e-01	-4.947947e-01
4.619304e-01	7.215915e-01	1.335642e-02
5.472270e-01	7.239987e-01	-4.655420e-01
5.303148e-01	4.484951e-01	4.902396e-02
5.731522e-01	4.389465e-01	-4.890313e-02
4.991045e-01	3.191842e-01	1.777334e-02
5.637349e-01	2.928969e-01	-1.495116e-02
5.132182e-01	1.992370e-01	2.033758e-01
5.773606e-01	1.778286e-01	1.744410e-01
5.234919e-01	1.889451e-01	2.215039e-01
5.818663e-01	1.686187e-01	1.895922e-01
4.994066e-01	1.661523e-01	1.478014e-01
5.751031e-01	1.344759e-01	9.895587e-02
5.674344e-01	7.633018e-01	-1.361203e-01
5.651254e-01	7.726246e-01	-1.166930e-01
5.628291e-01	7.722331e-01	-1.166840e-01
5.604645e-01	7.717367e-01	-1.165410e-01
5.728780e-01	7.715852e-01	-1.306190e-01
5.760103e-01	7.704580e-01	-1.306693e-01
5.791480e-01	7.693256e-01	-1.306016e-01
5.603219e-01	7.614006e-01	-2.018013e-02
5.853672e-01	7.589216e-01	-8.264823e-02
5.622090e-01	7.464034e-01	-9.985301e-02
5.724322e-01	7.459334e-01	-1.184152e-01
5.375565e-01	6.781582e-01	5.650017e-02
6.005937e-01	6.725064e-01	-1.257365e-01
5.059820e-01	6.751453e-01	1.153348e-01
5.981158e-01	6.778631e-01	-3.309246e-01
4.711482e-01	7.191194e-01	1.331608e-01
5.587453e-01	7.230706e-01	-5.054581e-01
4.546186e-01	7.280083e-01	1.374530e-01
5.489730e-01	7.322436e-01	-5.531181e-01
4.535905e-01	7.323589e-01	1.153952e-01
5.492549e-01	7.366471e-01	-5.335683e-01
4.602388e-01	7.278013e-01	1.236549e-01
5.521866e-01	7.319576e-01	-5.034816e-01
5.307706e-01	4.527926e-01	4.908489e-02
5.736725e-01	4.446504e-01	-4.897385e-02
5.017265e-01	3.274226e-01	1.775583e-02
5.660119e-01	2.980936e-01	-1.658195e-02
5.132436e-01	2.019861e-01	2.011639e-01
5.773698e-01	1.781875e-01	1.644167e-01
5.231099e-01	1.889629e-01	2.162368e-01
5.817816e-01	1.683040e-01	1.782940e-01
4.990119e-01	1.695854e-01	1.416216e-01
5.753385e-01	1.368605e-01	8.448242e-02
5.639398e-01	7.701051e-01	-1.570629e-01
5.631243e-01	7.808381e-01	-1.350208e-01
5.608019e-01	7.807449e-01	-1.350263e-01
5.585591e-01	7.805883e-01	-1.348839e-01
5.706817e-01	7.790670e-01	-1.496495e-01
5.740389e-01	7.777517e-01	-1.497197e-01
5.775012e-01	7.763590e-01	-1.496617e-01
5.594819e-01	7.694327e-01	-2.749214e-02
5.849568e-01	7.646550e-01	-9.506096e-02
5.583211e-01	7.530639e-01	-1.170619e-01
5.686948e-01	7.518598e-01	-1.369851e-01
5.372579e-01	6.829556e-01	5.542846e-02
6.006072e-01	6.800874e-01	-1.366258e-01
5.018137e-01	6.832002e-01	1.191346e-01
6.000034e-01	6.876311e-01	-3.634335e-01
4.672657e-01	7.257692e-01	1.323391e-01
5.674854e-01	7.253018e-01	-5.647373e-01
4.496238e-01	7.337383e-01	1.362172e-01
5.587153e-01	7.349842e-01	-6.156154e-01
4.490709e-01	7.392998e-01	1.127425e-01
5.575886e-01	7.419345e-01	-5.982027e-01
4.556509e-01	7.350094e-01	1.219748e-01
5.600492e-01	7.363269e-01	-5.644028e-01
5.314695e-01	4.579298e-01	5.312829e-02
5.748917e-01	4.501456e-01	-5.306550e-02
5.046183e-01	3.378712e-01	2.908035e-02
5.676101e-01	3.028269e-01	-2.344376e-02
5.132567e-01	2.091452e-01	2.083188e-01
5.774471e-01	1.785322e-01	1.398200e-01
5.228297e-01	1.906400e-01	2.205728e-01
5.817723e-01	1.680120e-01	1.522715e-01
4.970535e-01	1.791023e-01	1.486308e-01
5.754566e-01	1.378975e-01	5.591073e-02
5.636421e-01	7.689438e-01	-1.667719e-01
5.625872e-01	7.811593e-01	-1.453495e-01
5.599750e-01	7.812153e-01	-1.453568e-01
5.575507e-01	7.810900e-01	-1.452185e-01
5.705922e-01	7.790174e-01	-1.584892e-01
5.740343e-01	7.776596e-01	-1.585443e-01
5.775257e-01	7.763004e-01	-1.584645e-01
5.582154e-01	7.721630e-01	-3.233232e-02
5.850421e-01	7.669294e-01	-9.485478e-02
5.581285e-01	7.517465e-01	-1.242460e-01
5.688742e-01	7.499181e-01	-1.422786e-01
5.368865e-01	6.876126e-01	4.769687e-02
6.007673e-01	6.869540e-01	-1.340975e-01
5.017391e-01	6.839646e-01	5.401295e-02
6.003577e-01	6.975240e-01	-3.715394e-01
4.635229e-01	7.246962e-01	-1.256002e-02
5.793005e-01	7.252966e-01	-5.923381e-01
4.462952e-01	7.322420e-01	-2.259388e-02
5.698382e-01	7.374685e-01	-6.454664e-01
4.451529e-01	7.383559e-01	-4.591193e-02
5.681537e-01	7.450662e-01	-6.333490e-01
4.521745e-01	7.341236e-01	-2.546882e-02
5.706285e-01	7.385160e-01	-5.947637e-01
5.316657e-01	4.641012e-01	5.371519e-02
5.755030e-01	4.573545e-01	-5.367932e-02
5.079714e-01	3.392378e-01	6.133065e-02
5.685708e-01	3.092252e-01	-2.777030e-02
5.134701e-01	2.108591e-01	2.305965e-01
5.774778e-01	1.791189e-01	1.168655e-01
5.227357e-01	1.917954e-01	2.430148e-01
5.817553e-01	1.674086e-01	1.274561e-01
4.971063e-01	1.785984e-01	1.714698e-01
5.754987e-01	1.397498e-01	2.791068e-02
5.647307e-01	7.822262e-01	-1.661361e-01
5.630680e-01	7.941043e-01	-1.442982e-01
5.602477e-01	7.940320e-01	-1.443076e-01
5.575631e-01	7.938064e-01	-1.441714e-01
5.718493e-01	7.922876e-01	-1.562372e-01
5.756272e-01	7.909540e-01	-1.562854e-01
5.793261e-01	7.897250e-01	-1.561950e-01
5.575255e-01	7.835295e-01	-3.039393e-02
5.858679e-01	7.787742e-01	-9.242543e-02
5.587313e-01	7.633870e-01	-1.235363e-01
5.707226e-01	7.621145e-01	-1.398921e-01
5.366955e-01	6.955966e-01	4.621655e-02
6.018081e-01	6.961447e-01	-1.246899e-01
5.000042e-01	6.867754e-01	1.212172e-02
6.026527e-01	7.004312e-01	-3.621293e-01
4.576187e-01	7.226020e-01	-9.851705e-02
5.881319e-01	7.236720e-01	-5.980147e-01
4.399467e-01	7.305689e-01	-1.167203e-01
5.785810e-01	7.370676e-01	-6.541849e-01
4.378697e-01	7.359183e-01	-1.397707e-01
5.758024e-01	7.452878e-01	-6.446063e-01
4.451279e-01	7.311361e-01	-1.127049e-01
5.771097e-01	7.382545e-01	-6.020107e-01
5.318332e-01	4.727409e-01	5.353428e-02
5.764996e-01	4.656906e-01	-5.349861e-02
5.117018e-01	3.407922e-01	8.706211e-02
5.709140e-01	3.186958e-01	-3.534785e-02
5.136925e-01	2.117137e-01	2.388775e-01
5.775487e-01	1.801279e-01	7.885640e-02
5.224742e-01	1.917854e-01	2.492807e-01
5.817442e-01	1.668271e-01	8.585908e-02
4.972477e-01	1.776768e-01	1.738944e-01
5.755448e-01	1.425646e-01	-1.832913e-02
5.666171e-01	7.877245e-01	-1.729186e-01
5.638195e-01	8.016573e-01	-1.520266e-01
5.609043e-01	8.015253e-01	-1.520471e-01
5.579062e-01	8.012109e-01	-1.519291e-01
5.731778e-01	7.996531e-01	-1.626017e-01
5.770756e-01	7.982266e-01	-1.626366e-01
5.806758e-01	7.969993e-01	-1.625345e-01
5.574810e-01	7.918576e-01	-3.718589e-02
5.862556e-01	7.872509e-01	-9.068050e-02
5.601530e-01	7.684234e-01	-1.299781e-01
5.732021e-01	7.667813e-01	-1.444033e-01
5.362402e-01	7.055670e-01	3.487656e-02
6.029358e-01	7.060980e-01	-1.185564e-01
4.974855e-01	6.914794e-01	-3.667168e-02
6.055940e-01	7.003108e-01	-3.611670e-01
4.474874e-01	7.215834e-01	-1.863843e-01
5.973659e-01	7.233688e-01	-6.157753e-01
4.295272e-01	7.283913e-01	-2.124298e-01
5.851041e-01	7.356933e-01	-6.745125e-01
4.272580e-01	7.336020e-01	-2.349683e-01
5.833668e-01	7.454007e-01	-6.661423e-01
4.347377e-01	7.288238e-01	-2.013597e-01
5.857963e-01	7.399973e-01	-6.208023e-01
5.321844e-01	4.803741e-01	5.189098e-02
5.779285e-01	4.751720e-01	-5.189388e-02
5.137824e-01	3.418167e-01	7.191154e-02
5.725533e-01	3.279666e-01	-4.409381e-02
5.141987e-01	2.114464e-01	2.359510e-01
5.776602e-01	1.837822e-01	7.193606e-02
5.225051e-01	1.916924e-01	2.385357e-01
5.817068e-01	1.673763e-01	7.875516e-02
4.980926e-01	1.767065e-01	1.518994e-01
5.755113e-01	1.445916e-01	-3.088561e-02
5.668765e-01	7.995216e-01	-1.657323e-01
5.640433e-01	8.122305e-01	-1.449462e-01
5.610997e-01	8.120089e-01	-1.449637e-01
5.579586e-01	8.115115e-01	-1.448443e-01
5.735056e-01	8.096814e-01	-1.563938e-01
5.773857e-01	8.077868e-01	-1.564317e-01
5.809304e-01	8.059970e-01	-1.563394e-01
5.573251e-01	8.009453e-01	-3.455994e-02
5.864371e-01	7.949645e-01	-8.143011e-02
5.603121e-01	7.809317e-01	-1.240382e-01
5.733935e-01	7.780627e-01	-1.401325e-01
5.352431e-01	7.112274e-01	3.922151e-02
6.032922e-01	7.137579e-01	-1.053229e-01
4.957996e-01	6.946223e-01	-8.983176e-03
6.089789e-01	7.111903e-01	-3.470854e-01
4.442224e-01	7.199780e-01	-1.300576e-01
5.989946e-01	7.226559e-01	-5.854599e-01
4.254188e-01	7.254962e-01	-1.508232e-01
5.892564e-01	7.336625e-01	-6.418639e-01
4.234363e-01	7.284502e-01	-1.760160e-01
5.868469e-01	7.423236e-01	-6.347073e-01
4.309244e-01	7.248542e-01	-1.451307e-01
5.882624e-01	7.366952e-01	-5.907435e-01
5.332410e-01	4.855276e-01	4.777235e-02
5.796236e-01	4.824160e-01	-4.779278e-02
5.174830e-01	3.400001e-01	6.016620e-02
5.745394e-01	3.340499e-01	-4.126387e-02
5.143474e-01	2.112065e-01	2.051387e-01
5.776819e-01	1.853760e-01	8.192716e-02
5.217358e-01	1.916485e-01	2.109289e-01
5.801609e-01	1.680083e-01	8.899521e-02
4.995297e-01	1.738031e-01	1.140643e-01
5.755402e-01	1.445420e-01	-2.529209e-02
5.668089e-01	8.107057e-01	-1.852291e-01
5.640683e-01	8.225746e-01	-1.629267e-01
5.611282e-01	8.225906e-01	-1.629696e-01
5.580009e-01	8.223358e-01	-1.628774e-01
5.734870e-01	8.194223e-01	-1.734248e-01
5.773444e-01	8.171200e-01	-1.734808e-01
5.808902e-01	8.146698e-01	-1.733865e-01
5.569429e-01	8.108558e-01	-4.311820e-02
5.864335e-01	8.024348e-01	-9.234825e-02
5.602871e-01	7.936342e-01	-1.409640e-01
5.733541e-01	7.895280e-01	-1.557413e-01
5.346121e-01	7.181584e-01	3.432401e-02
6.032439e-01	7.196596e-01	-1.100078e-01
4.934107e-01	6.963795e-01	5.429991e-03
6.125833e-01	7.108712e-01	-3.503678e-01
4.376206e-01	7.153617e-01	-1.024596e-01
6.112573e-01	7.163072e-01	-6.417586e-01
4.199470e-01	7.162492e-01	-1.206485e-01
6.135578e-01	7.214479e-01	-7.044819e-01
4.183399e-01	7.186914e-01	-1.492869e-01
6.084571e-01	7.280253e-01	-7.034246e-01
4.255949e-01	7.151308e-01	-1.183201e-01
6.067190e-01	7.244988e-01	-6.516017e-01
5.349290e-01	4.954065e-01	5.200955e-02
5.812502e-01	4.923759e-01	-5.207213e-02
5.225394e-01	3.519594e-01	1.026833e-01
5.761681e-01	3.440267e-01	-5.747540e-02
5.163762e-01	2.151968e-01	2.435966e-01
5.779890e-01	1.875684e-01	4.042924e-02
5.219597e-01	1.956392e-01	2.512839e-01
5.801922e-01	1.694774e-01	4.472413e-02
5.003895e-01	1.754068e-01	1.620309e-01
5.747976e-01	1.450485e-01	-7.234748e-02
5.666665e-01	8.158479e-01	-1.813220e-01
5.640540e-01	8.271456e-01	-1.601963e-01
5.611389e-01	8.269242e-01	-1.602393e-01
5.580192e-01	8.264793e-01	-1.601589e-01
5.734733e-01	8.249903e-01	-1.703802e-01
5.773011e-01	8.230261e-01	-1.704333e-01
5.808409e-01	8.210350e-01	-1.703503e-01
5.569253e-01	8.151334e-01	-4.369897e-02
5.865926e-01	8.087672e-01	-9.223648e-02
5.602936e-01	7.980826e-01	-1.382793e-01
5.732963e-01	7.950204e-01	-1.524612e-01
5.337776e-01	7.223197e-01	3.449277e-02
6.034729e-01	7.248998e-01	-1.063919e-01
4.896498e-01	6.957843e-01	6.012372e-03
6.172586e-01	7.064661e-01	-3.274027e-01
4.336786e-01	7.012997e-01	-1.191764e-01
6.201197e-01	7.087554e-01	-6.042895e-01
4.139432e-01	6.981788e-01	-1.406159e-01
6.260285e-01	7.097492e-01	-6.641718e-01
4.138598e-01	6.990751e-01	-1.705439e-01
6.192018e-01	7.113286e-01	-6.650313e-01
4.199087e-01	6.968483e-01	-1.359824e-01
6.153480e-01	7.087546e-01	-6.139923e-01
5.365146e-01	4.989022e-01	5.227047e-02
5.830467e-01	4.965224e-01	-5.232172e-02
5.257894e-01	3.542764e-01	9.318787e-02
5.768587e-01	3.442340e-01	-5.153049e-02
5.189286e-01	2.184122e-01	2.357637e-01
5.779752e-01	1.911275e-01	5.510603e-02
5.228883e-01	1.996534e-01	2.450639e-01
5.795654e-01	1.732737e-01	6.013064e-02
5.025226e-01	1.760618e-01	1.610688e-01
5.742656e-01	1.457659e-01	-5.524538e-02
5.666600e-01	8.178550e-01	-1.800948e-01
5.640153e-01	8.287418e-01	-1.587071e-01
5.611190e-01	8.283923e-01	-1.587630e-01
5.580142e-01	8.278708e-01	-1.587014e-01
5.734585e-01	8.271603e-01	-1.690341e-01
5.772874e-01	8.254400e-01	-1.690857e-01
5.808110e-01	8.234367e-01	-1.690045e-01
5.568435e-01	8.154815e-01	-4.190608e-02
5.865687e-01	8.095189e-01	-9.144558e-02
5.603679e-01	7.998294e-01	-1.369189e-01
5.733692e-01	7.966614e-01	-1.511617e-01
5.330300e-01	7.235519e-01	3.662153e-02
6.035222e-01	7.258363e-01	-9.773375e-02
4.873824e-01	6.931889e-01	1.028533e-02
6.199092e-01	7.018607e-01	-2.942984e-01
4.295509e-01	6.855050e-01	-1.147710e-01
6.278875e-01	6.897036e-01	-5.953454e-01
4.112489e-01	6.796516e-01	-1.373756e-01
6.355598e-01	6.843240e-01	-6.492599e-01
4.099298e-01	6.795066e-01	-1.691404e-01
6.299146e-01	6.854541e-01	-6.391100e-01
4.174918e-01	6.786776e-01	-1.322428e-01
6.255823e-01	6.853597e-01	-5.934745e-01
5.377554e-01	5.018142e-01	5.237540e-02
5.832199e-01	4.992541e-01	-5.241681e-02
5.301600e-01	3.537143e-01	8.541427e-02
5.783714e-01	3.458816e-01	-5.199844e-02
5.222626e-01	2.173564e-01	2.120328e-01
5.782310e-01	1.928065e-01	4.512589e-02
5.256637e-01	1.989421e-01	2.176464e-01
5.795525e-01	1.744046e-01	4.883977e-02
5.039106e-01	1.766050e-01	1.280353e-01
5.740358e-01	1.466416e-01	-6.762732e-02
5.663907e-01	8.176161e-01	-1.813525e-01
5.637006e-01	8.288980e-01	-1.596156e-01
5.608851e-01	8.286890e-01	-1.596858e-01
5.577670e-01	8.283681e-01	-1.596604e-01
5.730687e-01	8.276091e-01	-1.685161e-01
5.769055e-01	8.261969e-01	-1.685608e-01
5.804086e-01	8.243945e-01	-1.684780e-01
5.564877e-01	8.168232e-01	-4.251970e-02
5.862210e-01	8.104169e-01	-8.727376e-02
5.602387e-01	7.997358e-01	-1.383454e-01
5.733374e-01	7.971582e-01	-1.506163e-01
5.312598e-01	7.226500e-01	3.740926e-02
6.035687e-01	7.256642e-01	-7.116502e-02
4.839753e-01	6.856691e-01	5.125414e-02
6.285563e-01	6.764063e-01	-2.068197e-01
4.287632e-01	6.648939e-01	-6.748284e-02
6.396370e-01	6.608165e-01	-4.523601e-01
4.103163e-01	6.539649e-01	-9.059514e-02
6.435172e-01	6.556684e-01	-5.048130e-01
4.092611e-01	6.559849e-01	-1.331580e-01
6.396557e-01	6.602443e-01	-5.172907e-01
4.161925e-01	6.579784e-01	-8.707096e-02
6.368220e-01	6.607627e-01	-4.649229e-01
5.388794e-01	5.047513e-01	4.852638e-02
5.837327e-01	5.028173e-01	-4.852529e-02
5.345163e-01	3.532063e-01	7.919610e-02
5.799029e-01	3.469485e-01	-5.061699e-02
5.253434e-01	2.170617e-01	1.996506e-01
5.785034e-01	1.925447e-01	4.837510e-02
5.284427e-01	1.986047e-01	2.055164e-01
5.795778e-01	1.742452e-01	5.220739e-02
5.061899e-01	1.763305e-01	1.163126e-01
5.737682e-01	1.464604e-01	-6.222411e-02
5.662147e-01	8.243376e-01	-1.787843e-01
5.634689e-01	8.346454e-01	-1.573987e-01
5.606886e-01	8.342462e-01	-1.574678e-01
5.575992e-01	8.337031e-01	-1.574431e-01
5.727805e-01	8.336878e-01	-1.660589e-01
5.765558e-01	8.323780e-01	-1.661013e-01
5.799106e-01	8.306844e-01	-1.660200e-01
5.562490e-01	8.208610e-01	-4.353163e-02
5.857006e-01	8.159316e-01	-8.158242e-02
5.601621e-01	8.058929e-01	-1.372308e-01
5.732493e-01	8.036511e-01	-1.486787e-01
5.303650e-01	7.218666e-01	3.200367e-02
6.038917e-01	7.252548e-01	-5.857363e-02
4.843501e-01	6.741998e-01	5.894852e-02
6.297275e-01	6.660712e-01	-1.500109e-01
4.294887e-01	6.466698e-01	-5.104033e-02
6.489578e-01	6.366872e-01	-3.559848e-01
4.103948e-01	6.337961e-01	-7.307040e-02
6.559674e-01	6.240665e-01	-4.043874e-01
4.091882e-01	6.368192e-01	-1.148511e-01
6.522501e-01	6.286672e-01	-4.246263e-01
4.160243e-01	6.394978e-01	-7.093485e-02
6.483415e-01	6.325052e-01	-3.717155e-01
5.396418e-01	5.043687e-01	4.273244e-02
5.840803e-01	5.036541e-01	-4.269277e-02
5.354607e-01	3.513114e-01	7.639398e-02
5.812775e-01	3.467713e-01	-4.825389e-02
5.249635e-01	2.122516e-01	1.898778e-01
5.793914e-01	1.941081e-01	6.675868e-02
5.286685e-01	1.936119e-01	1.961306e-01
5.803099e-01	1.761174e-01	7.243233e-02
5.060345e-01	1.757717e-01	1.011030e-01
5.736253e-01	1.471211e-01	-4.143791e-02
5.660350e-01	8.277522e-01	-1.771593e-01
5.631751e-01	8.373267e-01	-1.556415e-01
5.603653e-01	8.366900e-01	-1.556973e-01
5.572249e-01	8.358672e-01	-1.556438e-01
5.725125e-01	8.367862e-01	-1.643050e-01
5.762574e-01	8.355398e-01	-1.643334e-01
5.795367e-01	8.339243e-01	-1.642635e-01
5.558594e-01	8.220492e-01	-4.234662e-02
5.854988e-01	8.183790e-01	-7.617011e-02
5.600318e-01	8.082427e-01	-1.352099e-01
5.732378e-01	8.065794e-01	-1.468668e-01
5.298673e-01	7.221909e-01	3.294215e-02
6.042514e-01	7.254422e-01	-5.417982e-02
4.853737e-01	6.609347e-01	6.439983e-02
6.286451e-01	6.595762e-01	-1.459436e-01
4.303872e-01	6.237608e-01	-4.187139e-02
6.510490e-01	6.208103e-01	-3.534313e-01
4.120523e-01	6.092499e-01	-6.316830e-02
6.591169e-01	6.032554e-01	-4.023430e-01
4.105707e-01	6.116455e-01	-1.038962e-01
6.568946e-01	6.070729e-01	-4.222156e-01
4.170712e-01	6.150005e-01	-6.181316e-02
6.520594e-01	6.122096e-01	-3.687771e-01
5.400347e-01	5.050778e-01	3.718113e-02
5.847003e-01	5.050302e-01	-3.712296e-02
5.366572e-01	3.501604e-01	5.837435e-02
5.828761e-01	3.452514e-01	-4.711884e-02
5.245773e-01	2.115760e-01	1.876823e-01
5.809154e-01	1.941255e-01	7.002018e-02
5.283599e-01	1.930723e-01	1.950190e-01
5.810369e-01	1.764902e-01	7.514770e-02
5.059631e-01	1.757724e-01	1.003851e-01
5.743667e-01	1.470442e-01	-4.185934e-02
5.656955e-01	8.289580e-01	-1.845623e-01
5.629276e-01	8.389496e-01	-1.628640e-01
5.601249e-01	8.384387e-01	-1.629322e-01
5.569750e-01	8.377457e-01	-1.629165e-01
5.722799e-01	8.381169e-01	-1.699852e-01
5.760377e-01	8.367806e-01	-1.700052e-01
5.792940e-01	8.350511e-01	-1.699238e-01
5.557228e-01	8.239692e-01	-4.747178e-02
5.854319e-01	8.192636e-01	-7.632051e-02
5.597265e-01	8.099236e-01	-1.424221e-01
5.730423e-01	8.076029e-01	-1.521388e-01
5.298921e-01	7.235067e-01	2.818653e-02
6.046941e-01	7.255630e-01	-5.350249e-02
4.866197e-01	6.530293e-01	6.058778e-02
6.290578e-01	6.504242e-01	-1.167551e-01
4.325915e-01	6.016686e-01	-4.783297e-02
6.535152e-01	6.013960e-01	-2.987265e-01
4.127082e-01	5.855120e-01	-7.066293e-02
6.614946e-01	5.763417e-01	-3.444755e-01
4.128847e-01	5.871794e-01	-1.085631e-01
6.615298e-01	5.794108e-01	-3.714385e-01
4.196948e-01	5.914332e-01	-6.788750e-02
6.567008e-01	5.869653e-01	-3.163636e-01
5.404231e-01	5.098816e-01	3.652875e-02
5.850588e-01	5.086226e-01	-3.646185e-02
5.350655e-01	3.506623e-01	5.059213e-02
5.841431e-01	3.463541e-01	-4.837304e-02
5.241410e-01	2.113664e-01	1.803179e-01
5.821800e-01	1.944569e-01	6.814577e-02
5.281746e-01	1.924516e-01	1.871171e-01
5.820969e-01	1.764114e-01	7.253107e-02
5.045635e-01	1.770108e-01	8.903028e-02
5.748146e-01	1.473117e-01	-4.801022e-02
5.651532e-01	8.290534e-01	-1.844213e-01
5.625967e-01	8.393157e-01	-1.631810e-01
5.597963e-01	8.388712e-01	-1.632443e-01
5.566468e-01	8.381963e-01	-1.632226e-01
5.718582e-01	8.381513e-01	-1.710463e-01
5.755481e-01	8.366697e-01	-1.710616e-01
5.788233e-01	8.347867e-01	-1.709744e-01
5.555721e-01	8.241593e-01	-5.014454e-02
5.852940e-01	8.192422e-01	-8.465040e-02
5.593601e-01	8.105983e-01	-1.430043e-01
5.725808e-01	8.079318e-01	-1.537006e-01
5.299767e-01	7.235389e-01	2.673642e-02
6.048136e-01	7.251163e-01	-5.770655e-02
4.928590e-01	6.460348e-01	6.926386e-02
6.300315e-01	6.416181e-01	-7.743200e-02
4.456102e-01	5.897188e-01	-3.529248e-02
6.552759e-01	5.803957e-01	-2.059779e-01
4.293717e-01	5.700455e-01	-5.913948e-02
6.642073e-01	5.537058e-01	-2.443228e-01
4.261012e-01	5.707262e-01	-1.007076e-01
6.646110e-01	5.541133e-01	-2.756117e-01
4.329830e-01	5.763524e-01	-5.592181e-02
6.598364e-01	5.622683e-01	-2.234786e-01
5.403999e-01	5.124590e-01	3.759111e-02
5.848957e-01	5.107417e-01	-3.750442e-02
5.347160e-01	3.518395e-01	4.189886e-02
5.849441e-01	3.497039e-01	-4.772636e-02
5.246688e-01	2.116844e-01	1.699784e-01
5.828677e-01	1.959880e-01	7.108855e-02
5.289065e-01	1.924499e-01	1.766466e-01
5.828429e-01	1.770130e-01	7.665367e-02
5.030669e-01	1.797140e-01	8.114612e-02
5.753939e-01	1.479473e-01	-4.051790e-02
5.652846e-01	8.328393e-01	-2.128386e-01
5.626215e-01	8.418127e-01	-1.938085e-01
5.598043e-01	8.411108e-01	-1.938540e-01
5.566596e-01	8.400977e-01	-1.938243e-01
5.719791e-01	8.409379e-01	-2.010444e-01
5.756347e-01	8.393875e-01	-2.010636e-01
5.788610e-01	8.374324e-01	-2.010043e-01
5.554174e-01	8.248899e-01	-8.675304e-02
5.853127e-01	8.208283e-01	-1.208438e-01
5.593624e-01	8.139226e-01	-1.732429e-01
5.725691e-01	8.114806e-01	-1.830958e-01
5.298495e-01	7.229369e-01	-7.097957e-03
6.050799e-01	7.236408e-01	-7.690713e-02
4.963979e-01	6.367416e-01	4.617548e-02
6.307482e-01	6.331959e-01	-8.241175e-02
4.533493e-01	5.690204e-01	-3.684517e-02
6.562653e-01	5.629542e-01	-1.799545e-01
4.398298e-01	5.448472e-01	-6.661619e-02
6.649045e-01	5.316297e-01	-2.128443e-01
4.372755e-01	5.442922e-01	-1.149943e-01
6.645565e-01	5.316661e-01	-2.472224e-01
4.432431e-01	5.512720e-01	-6.296895e-02
6.599399e-01	5.417417e-01	-1.976508e-01
5.403548e-01	5.105495e-01	3.711731e-02
5.851141e-01	5.089175e-01	-3.702837e-02
5.334850e-01	3.512538e-01	4.416676e-02
5.851846e-01	3.486335e-01	-4.276614e-02
5.251299e-01	2.117027e-01	1.806182e-01
5.838248e-01	1.964747e-01	8.088309e-02
5.298175e-01	1.922433e-01	1.886919e-01
5.840006e-01	1.772806e-01	8.584752e-02
5.030611e-01	1.795608e-01	9.622958e-02
5.758072e-01	1.480215e-01	-3.720786e-02
5.654086e-01	8.341840e-01	-2.175315e-01
5.626507e-01	8.428406e-01	-1.989444e-01
5.598084e-01	8.420781e-01	-1.989788e-01
5.566712e-01	8.409679e-01	-1.989413e-01
5.721047e-01	8.419868e-01	-2.052676e-01
5.757352e-01	8.404146e-01	-2.052963e-01
5.789198e-01	8.384488e-01	-2.052343e-01
5.552872e-01	8.252952e-01	-9.447607e-02
5.853599e-01	8.216696e-01	-1.248752e-01
5.593654e-01	8.151073e-01	-1.790060e-01
5.725584e-01	8.125640e-01	-1.876971e-01
5.297899e-01	7.222699e-01	-1.979953e-02
6.054273e-01	7.227737e-01	-8.135047e-02
5.007128e-01	6.263986e-01	2.362042e-02
6.300595e-01	6.218164e-01	-7.371441e-02
4.624881e-01	5.483485e-01	-6.269519e-02
6.536753e-01	5.454935e-01	-1.591993e-01
4.522304e-01	5.237831e-01	-8.846281e-02
6.633707e-01	5.134701e-01	-1.895394e-01
4.507121e-01	5.223410e-01	-1.304380e-01
6.615236e-01	5.124419e-01	-2.243523e-01
4.551153e-01	5.293534e-01	-8.327653e-02
6.565837e-01	5.229299e-01	-1.764328e-01
5.402925e-01	5.085856e-01	3.605738e-02
5.851404e-01	5.067408e-01	-3.596979e-02
5.327402e-01	3.509119e-01	5.711691e-02
5.848167e-01	3.473483e-01	-3.902947e-02
5.253976e-01	2.116716e-01	1.933158e-01
5.844182e-01	1.961946e-01	8.247481e-02
5.307843e-01	1.914896e-01	2.012533e-01
5.848697e-01	1.770897e-01	8.717266e-02
5.031708e-01	1.785572e-01	1.093063e-01
5.759395e-01	1.479702e-01	-3.629369e-02
5.655365e-01	8.341621e-01	-2.569330e-01
5.626748e-01	8.425973e-01	-2.386516e-01
5.598131e-01	8.418049e-01	-2.386860e-01
5.566804e-01	8.406726e-01	-2.386566e-01
5.722262e-01	8.418118e-01	-2.461379e-01
5.758407e-01	8.402517e-01	-2.461729e-01
5.789918e-01	8.383268e-01	-2.461051e-01
5.552392e-01	8.249407e-01	-1.294396e-01
5.854504e-01	8.218060e-01	-1.655197e-01
5.593706e-01	8.149489e-01	-2.159668e-01
5.725635e-01	8.124815e-01	-2.262453e-01
5.298415e-01	7.219487e-01	-4.639427e-02
6.061836e-01	7.224685e-01	-1.161983e-01
5.064353e-01	6.165856e-01	2.211427e-03
6.290524e-01	6.105026e-01	-1.000151e-01
4.734250e-01	5.357829e-01	-8.274121e-02
6.513880e-01	5.252261e-01	-1.782469e-01
4.647521e-01	5.079256e-01	-1.058056e-01
6.605610e-01	4.946531e-01	-2.066920e-01
4.636135e-01	5.067586e-01	-1.450514e-01
6.590432e-01	4.939234e-01	-2.424404e-01
4.679942e-01	5.152995e-01	-1.010986e-01
6.543045e-01	5.038446e-01	-1.952084e-01
5.401949e-01	5.080773e-01	3.675113e-02
5.852286e-01	5.056115e-01	-3.667256e-02
5.322411e-01	3.507289e-01	6.979991e-02
5.844121e-01	3.465731e-01	-3.474542e-02
5.252942e-01	2.116559e-01	2.170776e-01
5.848752e-01	1.959859e-01	9.425300e-02
5.310868e-01	1.908472e-01	2.261390e-01
5.856181e-01	1.770077e-01	1.000559e-01
5.023192e-01	1.786439e-01	1.358153e-01
5.764799e-01	1.480025e-01	-1.958386e-02
5.655069e-01	8.333107e-01	-2.425731e-01
5.626574e-01	8.421279e-01	-2.239505e-01
5.597991e-01	8.414162e-01	-2.239850e-01
5.566512e-01	8.403789e-01	-2.239570e-01
5.722226e-01	8.412986e-01	-2.326529e-01
5.758408e-01	8.397844e-01	-2.326940e-01
5.789922e-01	8.379300e-01	-2.326421e-01
5.552085e-01	8.249663e-01	-1.155505e-01
5.854869e-01	8.219137e-01	-1.574682e-01
5.593205e-01	8.142425e-01	-2.019151e-01
5.725023e-01	8.117905e-01	-2.137993e-01
5.304313e-01	7.217665e-01	-3.451876e-02
6.067265e-01	7.224053e-01	-1.155647e-01
5.119967e-01	6.125417e-01	1.288198e-02
6.284617e-01	6.072580e-01	-9.650468e-02
4.838875e-01	5.318378e-01	-8.023164e-02
6.481829e-01	5.154416e-01	-1.646964e-01
4.766172e-01	5.010482e-01	-1.018899e-01
6.560021e-01	4.841840e-01	-1.919445e-01
4.760795e-01	4.989199e-01	-1.395314e-01
6.544846e-01	4.829554e-01	-2.257716e-01
4.799796e-01	5.082828e-01	-9.604243e-02
6.501815e-01	4.937817e-01	-1.805827e-01
5.401127e-01	5.072684e-01	3.782807e-02
5.852061e-01	5.047983e-01	-3.774672e-02
5.318627e-01	3.497732e-01	7.971024e-02
5.841333e-01	3.462926e-01	-3.275142e-02
5.256521e-01	2.113068e-01	2.215900e-01
5.850055e-01	1.958738e-01	9.627183e-02
5.318741e-01	1.900920e-01	2.302277e-01
5.860751e-01	1.769727e-01	1.023749e-01
5.021473e-01	1.786391e-01	1.408809e-01
5.765011e-01	1.480979e-01	-1.439821e-02
5.655071e-01	8.329915e-01	-2.289520e-01
5.626589e-01	8.419406e-01	-2.092620e-01
5.598031e-01	8.412176e-01	-2.092907e-01
5.566505e-01	8.401880e-01	-2.092498e-01
5.722233e-01	8.412149e-01	-2.186767e-01
5.758434e-01	8.397774e-01	-2.187225e-01
5.789931e-01	8.380185e-01	-2.186729e-01
5.552108e-01	8.248376e-01	-9.914038e-02
5.855199e-01	8.221315e-01	-1.444529e-01
5.593159e-01	8.137541e-01	-1.879259e-01
5.724956e-01	8.114780e-01	-2.007312e-01
5.306838e-01	7.214862e-01	-1.829196e-02
6.070322e-01	7.212226e-01	-1.109907e-01
5.171327e-01	6.059749e-01	1.577477e-02
6.271076e-01	6.037297e-01	-9.519787e-02
4.948476e-01	5.237565e-01	-7.119732e-02
6.434301e-01	5.067573e-01	-1.675637e-01
4.876991e-01	4.900535e-01	-9.699289e-02
6.508856e-01	4.750957e-01	-1.978834e-01
4.882100e-01	4.887716e-01	-1.337575e-01
6.488764e-01	4.738025e-01	-2.309251e-01
4.928209e-01	4.997107e-01	-8.762538e-02
6.442253e-01	4.843327e-01	-1.830223e-01
5.400575e-01	5.067651e-01	4.371250e-02
5.851857e-01	5.035188e-01	-4.361671e-02
5.316108e-01	3.481106e-01	9.380706e-02
5.839455e-01	3.459147e-01	-3.282916e-02
5.265025e-01	2.111745e-01	2.425756e-01
5.850824e-01	1.955838e-01	9.374448e-02
5.335626e-01	1.895757e-01	2.519513e-01
5.864943e-01	1.768615e-01	9.991594e-02
5.021151e-01	1.785704e-01	1.647080e-01
5.764858e-01	1.480863e-01	-1.648388e-02
5.655358e-01	8.337470e-01	-2.284801e-01
5.626734e-01	8.425713e-01	-2.087177e-01
5.598181e-01	8.418264e-01	-2.087363e-01
5.566598e-01	8.407808e-01	-2.086844e-01
5.722668e-01	8.419262e-01	-2.187742e-01
5.758907e-01	8.405352e-01	-2.188337e-01
5.790278e-01	8.388420e-01	-2.188101e-01
5.552183e-01	8.252553e-01	-9.813493e-02
5.855601e-01	8.228363e-01	-1.462040e-01
5.593172e-01	8.140891e-01	-1.872313e-01
5.724973e-01	8.120263e-01	-2.008176e-01
5.307922e-01	7.214062e-01	-1.589940e-02
6.071374e-01	7.201593e-01	-1.130176e-01
5.215929e-01	6.068140e-01	1.966727e-02
6.254076e-01	6.030112e-01	-9.621458e-02
5.087578e-01	5.203738e-01	-6.534748e-02
6.362342e-01	5.053324e-01	-1.643399e-01
5.029957e-01	4.868061e-01	-9.257548e-02
6.423844e-01	4.723601e-01	-1.948814e-01
5.035138e-01	4.861892e-01	-1.255643e-01
6.377514e-01	4.701888e-01	-2.270197e-01
5.082219e-01	4.982094e-01	-8.119751e-02
6.334022e-01	4.808545e-01	-1.791185e-01
5.400159e-01	5.064704e-01	4.440618e-02
5.851709e-01	5.015163e-01	-4.431333e-02
5.314353e-01	3.469702e-01	9.311900e-02
5.839100e-01	3.457032e-01	-3.251543e-02
5.271846e-01	2.111557e-01	2.521966e-01
5.850502e-01	1.954666e-01	1.119558e-01
5.344359e-01	1.895000e-01	2.624504e-01
5.864248e-01	1.768220e-01	1.200666e-01
5.022683e-01	1.784710e-01	1.703847e-01
5.764726e-01	1.485164e-01	1.289970e-03
5.656067e-01	8.343977e-01	-2.186095e-01
5.627199e-01	8.429055e-01	-2.000895e-01
5.598637e-01	8.421228e-01	-2.000855e-01
5.567088e-01	8.410491e-01	-2.000166e-01
5.723263e-01	8.423992e-01	-2.110855e-01
5.759295e-01	8.410783e-01	-2.111833e-01
5.790528e-01	8.394648e-01	-2.112534e-01
5.553197e-01	8.254053e-01	-9.728754e-02
5.856001e-01	8.233492e-01	-1.393365e-01
5.593463e-01	8.146955e-01	-1.792727e-01
5.725263e-01	8.129442e-01	-1.938637e-01
5.310917e-01	7.215932e-01	-1.495479e-02
6.071182e-01	7.192906e-01	-1.106905e-01
5.265394e-01	6.094021e-01	3.345547e-02
6.204112e-01	5.993205e-01	-8.408083e-02
5.172253e-01	5.230596e-01	-4.400939e-02
6.270351e-01	4.967977e-01	-1.495251e-01
5.124921e-01	4.915600e-01	-6.842130e-02
6.311575e-01	4.654789e-01	-1.791766e-01
5.146881e-01	4.931140e-01	-9.851561e-02
6.268557e-01	4.632051e-01	-2.103933e-01
5.192421e-01	5.047645e-01	-5.889255e-02
6.228981e-01	4.746771e-01	-1.638557e-01
5.399266e-01	5.063235e-01	4.356662e-02
5.852034e-01	5.013856e-01	-4.347203e-02
5.315725e-01	3.473035e-01	9.262472e-02
5.837511e-01	3.453580e-01	-3.109975e-02
5.275087e-01	2.117198e-01	2.407949e-01
5.849983e-01	1.958226e-01	1.115787e-01
5.346629e-01	1.897077e-01	2.502167e-01
5.863385e-01	1.770824e-01	1.193746e-01
5.023881e-01	1.786770e-01	1.618801e-01
5.768464e-01	1.492051e-01	3.127340e-03
5.657660e-01	8.348395e-01	-2.269463e-01
5.628393e-01	8.432379e-01	-2.078320e-01
5.599734e-01	8.424355e-01	-2.078480e-01
5.568365e-01	8.413523e-01	-2.077977e-01
5.724961e-01	8.428243e-01	-2.185496e-01
5.760605e-01	8.415560e-01	-2.186228e-01
5.791873e-01	8.399969e-01	-2.186892e-01
5.554990e-01	8.257210e-01	-9.613096e-02
5.858686e-01	8.240947e-01	-1.433256e-01
5.594173e-01	8.151313e-01	-1.840998e-01
5.726199e-01	8.136797e-01	-1.981742e-01
5.316269e-01	7.231954e-01	-9.524537e-03
6.072324e-01	7.190897e-01	-1.073428e-01
5.356820e-01	6.095383e-01	5.051495e-02
6.166356e-01	5.993643e-01	-5.553896e-02
5.324475e-01	5.186866e-01	-1.209192e-02
6.189603e-01	4.957397e-01	-8.053545e-02
5.323889e-01	4.899870e-01	-2.966049e-02
6.228005e-01	4.638497e-01	-1.003732e-01
5.316384e-01	4.906918e-01	-5.772270e-02
6.168478e-01	4.631915e-01	-1.277899e-01
5.341602e-01	5.014181e-01	-2.601757e-02
6.133178e-01	4.742487e-01	-9.164089e-02
5.398594e-01	5.057290e-01	4.245173e-02
5.853120e-01	5.011202e-01	-4.238403e-02
5.315920e-01	3.472910e-01	7.014302e-02
5.847098e-01	3.435247e-01	-3.198534e-02
5.273641e-01	2.116989e-01	2.225325e-01
5.849685e-01	1.957640e-01	1.112827e-01
5.343599e-01	1.896632e-01	2.307259e-01
5.851652e-01	1.770562e-01	1.186611e-01
5.025945e-01	1.786304e-01	1.324222e-01
5.784233e-01	1.494030e-01	-5.683369e-04
5.659084e-01	8.347399e-01	-2.250710e-01
5.629373e-01	8.431696e-01	-2.054807e-01
5.600665e-01	8.423622e-01	-2.055005e-01
5.569422e-01	8.412802e-01	-2.054545e-01
5.726356e-01	8.427790e-01	-2.163358e-01
5.761783e-01	8.415295e-01	-2.164048e-01
5.793101e-01	8.399870e-01	-2.164621e-01
5.556369e-01	8.256841e-01	-9.337336e-02
5.860920e-01	8.242756e-01	-1.415400e-01
5.594898e-01	8.149966e-01	-1.819827e-01
5.727550e-01	8.136173e-01	-1.961018e-01
5.321859e-01	7.241080e-01	2.360380e-04
6.074732e-01	7.189440e-01	-1.055074e-01
5.386632e-01	6.097757e-01	5.491712e-02
6.142464e-01	5.995496e-01	-6.122090e-02
5.350479e-01	5.199367e-01	-1.148338e-02
6.158538e-01	4.969755e-01	-8.906932e-02
5.356893e-01	4.912181e-01	-2.919354e-02
6.188675e-01	4.655969e-01	-1.099075e-01
5.342058e-01	4.916345e-01	-5.717217e-02
6.119885e-01	4.648248e-01	-1.368234e-01
5.383775e-01	5.020924e-01	-2.566430e-02
6.090108e-01	4.751623e-01	-1.001671e-01
5.398453e-01	5.046937e-01	4.205878e-02
5.852895e-01	5.002985e-01	-4.200144e-02
5.315224e-01	3.473346e-01	6.066387e-02
5.860164e-01	3.434349e-01	-3.509673e-02
5.267417e-01	2.114535e-01	2.113666e-01
5.850899e-01	1.953921e-01	1.078137e-01
5.338318e-01	1.890249e-01	2.193111e-01
5.847412e-01	1.769685e-01	1.149652e-01
5.025928e-01	1.785795e-01	1.216756e-01
5.793676e-01	1.493873e-01	-3.892968e-03
5.662497e-01	8.345451e-01	-2.200264e-01
5.631433e-01	8.430226e-01	-1.998952e-01
5.602640e-01	8.422044e-01	-1.998989e-01
5.571594e-01	8.411202e-01	-1.998402e-01
5.728854e-01	8.426765e-01	-2.114421e-01
5.764068e-01	8.414503e-01	-2.115265e-01
5.795404e-01	8.399321e-01	-2.116224e-01
5.558218e-01	8.255432e-01	-8.720964e-02
5.863916e-01	8.243713e-01	-1.394073e-01
5.597436e-01	8.147640e-01	-1.769541e-01
5.731145e-01	8.134836e-01	-1.917336e-01
5.328918e-01	7.242306e-01	7.375157e-03
6.082243e-01	7.190921e-01	-1.044966e-01
5.363791e-01	6.069385e-01	5.841562e-02
6.138426e-01	6.008608e-01	-7.809953e-02
5.298974e-01	5.146427e-01	-1.461262e-02
6.155651e-01	5.004531e-01	-1.341912e-01
5.271679e-01	4.841345e-01	-3.424532e-02
6.183435e-01	4.692955e-01	-1.610641e-01
5.269386e-01	4.839662e-01	-6.316452e-02
6.114473e-01	4.697419e-01	-1.890587e-01
5.305974e-01	4.940657e-01	-2.934599e-02
6.081132e-01	4.798953e-01	-1.466272e-01
5.397940e-01	5.048029e-01	4.204977e-02
5.853113e-01	5.009215e-01	-4.199195e-02
5.319021e-01	3.493398e-01	5.969409e-02
5.859271e-01	3.436730e-01	-3.902859e-02
5.265316e-01	2.114387e-01	2.024256e-01
5.854841e-01	1.959791e-01	9.926874e-02
5.334618e-01	1.889667e-01	2.099590e-01
5.855376e-01	1.774521e-01	1.061398e-01
5.026942e-01	1.784905e-01	1.154200e-01
5.792621e-01	1.496307e-01	-1.117500e-02
5.664405e-01	8.344713e-01	-2.130906e-01
5.632495e-01	8.429292e-01	-1.935387e-01
5.603755e-01	8.420907e-01	-1.935446e-01
5.572607e-01	8.409927e-01	-1.934814e-01
5.730021e-01	8.427007e-01	-2.032561e-01
5.765322e-01	8.415288e-01	-2.033240e-01
5.796727e-01	8.400702e-01	-2.033674e-01
5.559732e-01	8.254622e-01	-8.445979e-02
5.865674e-01	8.246564e-01	-1.296034e-01
5.599948e-01	8.146501e-01	-1.720486e-01
5.733926e-01	8.135089e-01	-1.847876e-01
5.335068e-01	7.245036e-01	5.938759e-03
6.089455e-01	7.195164e-01	-9.394230e-02
5.323230e-01	6.086507e-01	5.321316e-02
6.145128e-01	6.028286e-01	-7.182503e-02
5.217861e-01	5.192171e-01	-2.381798e-02
6.176347e-01	5.029405e-01	-1.378087e-01
5.169057e-01	4.881249e-01	-4.492302e-02
6.205524e-01	4.711302e-01	-1.658227e-01
5.181872e-01	4.890709e-01	-7.541309e-02
6.140338e-01	4.723797e-01	-1.957120e-01
5.224682e-01	4.999069e-01	-3.897561e-02
6.108574e-01	4.833593e-01	-1.512756e-01
5.397841e-01	5.080058e-01	3.768299e-02
5.855976e-01	5.041066e-01	-3.761903e-02
5.325352e-01	3.507670e-01	4.406980e-02
5.857807e-01	3.443463e-01	-3.707211e-02
5.263029e-01	2.113838e-01	1.778069e-01
5.856864e-01	1.967034e-01	9.922346e-02
5.327754e-01	1.889509e-01	1.847935e-01
5.860593e-01	1.783004e-01	1.060854e-01
5.041271e-01	1.771186e-01	8.721491e-02
5.792358e-01	1.501103e-01	-1.089388e-02
