5.514849e-01	8.701752e-01	-3.309688e-01
5.456929e-01	8.917695e-01	-3.141807e-01
5.409810e-01	8.914462e-01	-3.141974e-01
5.371407e-01	8.912098e-01	-3.141504e-01
5.589599e-01	8.912278e-01	-3.154388e-01
5.632991e-01	8.905938e-01	-3.154753e-01
5.677509e-01	8.899062e-01	-3.153400e-01
5.309804e-01	8.817945e-01	-1.985050e-01
5.736592e-01	8.802221e-01	-2.030461e-01
5.419810e-01	8.480140e-01	-2.859912e-01
5.588809e-01	8.467301e-01	-2.868828e-01
4.933683e-01	7.569233e-01	-1.191944e-01
6.022150e-01	7.406512e-01	-1.265231e-01
4.802360e-01	6.171452e-01	-7.627063e-02
6.089720e-01	6.018816e-01	-8.304726e-02
4.699031e-01	4.845541e-01	-1.394127e-01
6.075585e-01	4.780567e-01	-1.511791e-01
4.659773e-01	4.479060e-01	-1.663882e-01
6.084829e-01	4.452200e-01	-1.808920e-01
4.708446e-01	4.516185e-01	-2.017107e-01
6.057121e-01	4.478054e-01	-2.122790e-01
4.766082e-01	4.652451e-01	-1.558869e-01
6.033027e-01	4.595698e-01	-1.669908e-01
5.101132e-01	4.740979e-01	3.315554e-03
5.713975e-01	4.675468e-01	-3.340255e-03
4.938021e-01	2.859105e-01	6.000693e-02
5.810799e-01	2.845267e-01	6.686453e-02
4.849588e-01	1.276304e-01	2.289446e-01
5.884380e-01	1.302983e-01	2.547463e-01
4.943306e-01	9.876415e-02	2.394259e-01
5.766958e-01	1.019226e-01	2.660155e-01
4.528560e-01	6.237415e-02	1.317569e-01
6.182075e-01	6.453690e-02	1.543365e-01
5.508028e-01	8.702174e-01	-3.514519e-01
5.451070e-01	8.917555e-01	-3.367399e-01
5.405398e-01	8.914466e-01	-3.367596e-01
5.367822e-01	8.912113e-01	-3.367206e-01
5.582606e-01	8.911591e-01	-3.383080e-01
5.625060e-01	8.904921e-01	-3.383476e-01
5.669903e-01	8.896749e-01	-3.382569e-01
5.309779e-01	8.817942e-01	-2.218693e-01
5.732761e-01	8.792555e-01	-2.292172e-01
5.415648e-01	8.480889e-01	-3.060534e-01
5.585014e-01	8.467179e-01	-3.077871e-01
4.933239e-01	7.565008e-01	-1.366870e-01
6.020805e-01	7.434442e-01	-1.379835e-01
4.800871e-01	6.173896e-01	-7.948264e-02
6.086810e-01	6.055051e-01	-8.337463e-02
4.697574e-01	4.904629e-01	-1.384218e-01
6.085470e-01	4.813514e-01	-1.504087e-01
4.649976e-01	4.546635e-01	-1.635011e-01
6.101528e-01	4.461237e-01	-1.778447e-01
4.704732e-01	4.572402e-01	-1.994293e-01
6.065974e-01	4.480739e-01	-2.122526e-01
4.764548e-01	4.697520e-01	-1.546734e-01
6.035892e-01	4.602940e-01	-1.668864e-01
5.102903e-01	4.782634e-01	3.143649e-03
5.717534e-01	4.755104e-01	-3.169079e-03
4.939675e-01	2.876910e-01	5.409219e-02
5.808645e-01	2.859814e-01	5.037425e-02
4.844782e-01	1.274635e-01	2.203958e-01
5.891768e-01	1.279270e-01	2.298566e-01
4.933736e-01	9.880275e-02	2.292322e-01
5.783028e-01	1.004060e-01	2.390101e-01
4.529287e-01	6.374472e-02	1.060959e-01
6.183107e-01	6.457362e-02	1.123623e-01
5.507929e-01	8.701337e-01	-3.472149e-01
5.450717e-01	8.915280e-01	-3.325177e-01
5.404814e-01	8.912942e-01	-3.325376e-01
5.367360e-01	8.910853e-01	-3.324956e-01
5.582127e-01	8.908306e-01	-3.340083e-01
5.624397e-01	8.900949e-01	-3.340456e-01
5.669509e-01	8.891189e-01	-3.339554e-01
5.309780e-01	8.817851e-01	-2.190034e-01
5.731894e-01	8.783651e-01	-2.259987e-01
5.415387e-01	8.480768e-01	-3.022088e-01
5.584881e-01	8.465666e-01	-3.037991e-01
4.933000e-01	7.564988e-01	-1.339824e-01
6.018413e-01	7.445321e-01	-1.362364e-01
4.798713e-01	6.199014e-01	-7.633637e-02
6.081918e-01	6.075410e-01	-8.036159e-02
4.694827e-01	4.925742e-01	-1.289105e-01
6.091408e-01	4.825110e-01	-1.453103e-01
4.638556e-01	4.559995e-01	-1.517104e-01
6.115373e-01	4.469717e-01	-1.705281e-01
4.693226e-01	4.579627e-01	-1.877442e-01
6.071213e-01	4.487913e-01	-2.072906e-01
4.755515e-01	4.704860e-01	-1.449203e-01
6.041116e-01	4.613420e-01	-1.624746e-01
5.102902e-01	4.796745e-01	3.089289e-03
5.718718e-01	4.783663e-01	-3.114600e-03
4.939826e-01	2.884276e-01	4.383872e-02
5.806723e-01	2.867851e-01	3.948966e-02
4.835769e-01	1.268742e-01	2.030262e-01
5.894758e-01	1.270049e-01	2.098638e-01
4.922338e-01	9.878045e-02	2.109949e-01
5.796337e-01	1.003218e-01	2.180621e-01
4.526075e-01	6.443252e-02	8.947183e-02
6.183115e-01	6.464816e-02	9.258737e-02
5.511888e-01	8.703033e-01	-3.271150e-01
5.452697e-01	8.915656e-01	-3.135501e-01
5.405918e-01	8.913391e-01	-3.135520e-01
5.368049e-01	8.911526e-01	-3.134829e-01
5.583118e-01	8.908508e-01	-3.136551e-01
5.625272e-01	8.900989e-01	-3.137013e-01
5.670315e-01	8.891162e-01	-3.136167e-01
5.310021e-01	8.818883e-01	-2.087954e-01
5.731006e-01	8.782904e-01	-2.094782e-01
5.417211e-01	8.482312e-01	-2.855386e-01
5.586125e-01	8.465887e-01	-2.854722e-01
4.929734e-01	7.564685e-01	-1.336678e-01
6.015670e-01	7.460855e-01	-1.246639e-01
4.794664e-01	6.198715e-01	-7.789449e-02
6.078911e-01	6.091677e-01	-7.489697e-02
4.693703e-01	4.931250e-01	-1.294384e-01
6.110200e-01	4.825584e-01	-1.431586e-01
4.633823e-01	4.561773e-01	-1.523919e-01
6.147847e-01	4.469173e-01	-1.701344e-01
4.690947e-01	4.579905e-01	-1.878826e-01
6.091627e-01	4.487870e-01	-2.058557e-01
4.753255e-01	4.706981e-01	-1.452264e-01
6.060487e-01	4.613872e-01	-1.602184e-01
5.096448e-01	4.800249e-01	2.657052e-03
5.717482e-01	4.786164e-01	-2.665136e-03
4.938511e-01	2.885710e-01	4.663949e-02
5.801862e-01	2.876664e-01	4.474754e-02
4.830121e-01	1.266485e-01	2.089909e-01
5.895302e-01	1.267363e-01	2.189480e-01
4.915374e-01	9.879702e-02	2.180391e-01
5.804189e-01	1.003112e-01	2.278279e-01
4.525850e-01	6.582714e-02	1.020302e-01
6.182385e-01	6.471726e-02	1.066703e-01
5.511851e-01	8.703691e-01	-3.277365e-01
5.452301e-01	8.916174e-01	-3.133392e-01
5.405204e-01	8.914116e-01	-3.133455e-01
5.367565e-01	8.912230e-01	-3.132801e-01
5.583006e-01	8.909047e-01	-3.140251e-01
5.625204e-01	8.901402e-01	-3.140715e-01
5.670358e-01	8.891298e-01	-3.139741e-01
5.309524e-01	8.819736e-01	-2.069312e-01
5.730099e-01	8.782958e-01	-2.094618e-01
5.416974e-01	8.482787e-01	-2.853930e-01
5.586222e-01	8.465945e-01	-2.859534e-01
4.929273e-01	7.564340e-01	-1.316382e-01
6.013206e-01	7.461797e-01	-1.248396e-01
4.791964e-01	6.197309e-01	-8.321453e-02
6.074975e-01	6.084880e-01	-8.268101e-02
4.679678e-01	4.936806e-01	-1.440538e-01
6.128375e-01	4.777723e-01	-1.571407e-01
4.610652e-01	4.567855e-01	-1.703796e-01
6.156474e-01	4.396395e-01	-1.865910e-01
4.670272e-01	4.581925e-01	-2.072113e-01
6.099238e-01	4.405057e-01	-2.220367e-01
4.737578e-01	4.709609e-01	-1.607851e-01
6.072420e-01	4.541610e-01	-1.743175e-01
5.094035e-01	4.799923e-01	2.657612e-03
5.716827e-01	4.783450e-01	-2.664988e-03
4.937879e-01	2.885444e-01	5.169202e-02
5.799052e-01	2.885784e-01	4.625281e-02
4.825362e-01	1.265825e-01	2.157719e-01
5.895475e-01	1.267761e-01	2.255835e-01
4.911067e-01	9.883723e-02	2.247858e-01
5.807841e-01	1.003404e-01	2.344586e-01
4.524689e-01	6.689617e-02	1.110367e-01
6.182084e-01	6.485332e-02	1.122863e-01
5.510470e-01	8.703454e-01	-3.249743e-01
5.450495e-01	8.916002e-01	-3.094111e-01
5.403470e-01	8.914067e-01	-3.094240e-01
5.366267e-01	8.912166e-01	-3.093579e-01
5.581541e-01	8.908914e-01	-3.087674e-01
5.623486e-01	8.901286e-01	-3.088101e-01
5.669264e-01	8.891047e-01	-3.086906e-01
5.308062e-01	8.819630e-01	-2.019127e-01
5.727538e-01	8.782730e-01	-1.981881e-01
5.415788e-01	8.482435e-01	-2.831340e-01
5.585868e-01	8.464815e-01	-2.821755e-01
4.928262e-01	7.561361e-01	-1.326809e-01
6.010234e-01	7.463481e-01	-1.128597e-01
4.779823e-01	6.170684e-01	-1.050554e-01
6.077314e-01	6.084030e-01	-7.672229e-02
4.656586e-01	4.911076e-01	-1.849442e-01
6.163954e-01	4.783139e-01	-1.634305e-01
4.589044e-01	4.530221e-01	-2.177038e-01
6.216521e-01	4.400097e-01	-1.973410e-01
4.655826e-01	4.536285e-01	-2.563152e-01
6.138483e-01	4.410965e-01	-2.342242e-01
4.723373e-01	4.658395e-01	-2.027848e-01
6.104041e-01	4.545059e-01	-1.820571e-01
5.090424e-01	4.800123e-01	-2.232939e-04
5.714989e-01	4.781847e-01	2.788276e-04
4.932756e-01	2.884908e-01	4.160373e-02
5.799116e-01	2.889125e-01	4.813720e-02
4.821561e-01	1.261775e-01	2.085121e-01
5.895496e-01	1.267030e-01	2.246861e-01
4.908615e-01	9.858423e-02	2.174180e-01
5.806893e-01	9.989072e-02	2.329138e-01
4.521370e-01	6.680312e-02	1.039838e-01
6.183289e-01	6.474192e-02	1.130514e-01
5.508968e-01	8.703333e-01	-3.221585e-01
5.448350e-01	8.915578e-01	-3.059953e-01
5.401376e-01	8.913785e-01	-3.060065e-01
5.364605e-01	8.911771e-01	-3.059317e-01
5.580138e-01	8.908600e-01	-3.056132e-01
5.621969e-01	8.900962e-01	-3.056558e-01
5.668458e-01	8.890508e-01	-3.055302e-01
5.304871e-01	8.818586e-01	-1.976012e-01
5.725951e-01	8.781899e-01	-1.956142e-01
5.414626e-01	8.481369e-01	-2.804727e-01
5.585347e-01	8.463233e-01	-2.797185e-01
4.927622e-01	7.561208e-01	-1.316251e-01
6.009647e-01	7.463204e-01	-1.111829e-01
4.768210e-01	6.170586e-01	-1.024894e-01
6.085802e-01	6.082778e-01	-7.585144e-02
4.619306e-01	4.910361e-01	-1.816123e-01
6.195381e-01	4.781263e-01	-1.660133e-01
4.555263e-01	4.524195e-01	-2.134937e-01
6.250075e-01	4.397034e-01	-2.005799e-01
4.621636e-01	4.526328e-01	-2.521585e-01
6.175002e-01	4.410321e-01	-2.363437e-01
4.688214e-01	4.649485e-01	-1.996602e-01
6.136610e-01	4.546585e-01	-1.842767e-01
5.080810e-01	4.798809e-01	-1.587109e-03
5.712845e-01	4.779746e-01	1.668278e-03
4.927363e-01	2.884751e-01	4.371635e-02
5.799137e-01	2.888900e-01	4.844791e-02
4.818010e-01	1.259997e-01	2.109376e-01
5.894755e-01	1.265540e-01	2.259729e-01
4.903618e-01	9.858430e-02	2.201076e-01
5.806037e-01	9.912135e-02	2.356009e-01
4.520018e-01	6.675182e-02	1.070025e-01
6.183239e-01	6.460921e-02	1.170397e-01
5.504299e-01	8.702545e-01	-3.409899e-01
5.443805e-01	8.915428e-01	-3.236027e-01
5.397765e-01	8.913766e-01	-3.236232e-01
5.361386e-01	8.911747e-01	-3.235347e-01
5.577695e-01	8.908484e-01	-3.234061e-01
5.619723e-01	8.900893e-01	-3.234425e-01
5.667206e-01	8.890352e-01	-3.233008e-01
5.300530e-01	8.818588e-01	-2.085142e-01
5.724617e-01	8.781716e-01	-2.076541e-01
5.410683e-01	8.480261e-01	-2.969784e-01
5.583192e-01	8.461168e-01	-2.965505e-01
4.925881e-01	7.560391e-01	-1.366146e-01
6.008883e-01	7.463169e-01	-1.126836e-01
4.753775e-01	6.169645e-01	-1.048461e-01
6.111271e-01	6.082355e-01	-8.090132e-02
4.539851e-01	4.909914e-01	-1.901459e-01
6.233116e-01	4.781518e-01	-1.830162e-01
4.469603e-01	4.508003e-01	-2.225451e-01
6.304597e-01	4.399255e-01	-2.174215e-01
4.529005e-01	4.504003e-01	-2.625085e-01
6.234745e-01	4.412623e-01	-2.555294e-01
4.596201e-01	4.629534e-01	-2.089169e-01
6.185580e-01	4.547459e-01	-2.019151e-01
5.073250e-01	4.799225e-01	-1.519760e-03
5.707641e-01	4.779592e-01	1.602250e-03
4.915305e-01	2.885391e-01	3.584819e-02
5.800377e-01	2.888681e-01	4.500807e-02
4.816206e-01	1.257057e-01	2.010677e-01
5.891910e-01	1.264901e-01	2.192505e-01
4.901992e-01	9.848119e-02	2.094325e-01
5.800776e-01	9.860495e-02	2.272791e-01
4.516080e-01	6.671084e-02	9.426057e-02
6.182785e-01	6.458129e-02	1.067799e-01
5.503271e-01	8.701913e-01	-3.391816e-01
5.442811e-01	8.915291e-01	-3.223225e-01
5.396587e-01	8.913772e-01	-3.223403e-01
5.360466e-01	8.911819e-01	-3.222655e-01
5.577096e-01	8.907872e-01	-3.227730e-01
5.619125e-01	8.900137e-01	-3.228104e-01
5.666863e-01	8.889250e-01	-3.226721e-01
5.297831e-01	8.818643e-01	-2.079923e-01
5.722836e-01	8.779911e-01	-2.050817e-01
5.409096e-01	8.479608e-01	-2.952714e-01
5.582178e-01	8.458506e-01	-2.953702e-01
4.923505e-01	7.559234e-01	-1.351792e-01
6.003312e-01	7.462915e-01	-1.135359e-01
4.743081e-01	6.170896e-01	-1.051937e-01
6.138988e-01	6.081231e-01	-8.280555e-02
4.509752e-01	4.936356e-01	-1.884704e-01
6.291085e-01	4.781688e-01	-1.854149e-01
4.422413e-01	4.513445e-01	-2.192050e-01
6.395790e-01	4.400337e-01	-2.186759e-01
4.465646e-01	4.504425e-01	-2.589036e-01
6.326081e-01	4.412175e-01	-2.562036e-01
4.539623e-01	4.631764e-01	-2.072540e-01
6.257372e-01	4.542018e-01	-2.042909e-01
5.071838e-01	4.793510e-01	-1.401513e-03
5.706645e-01	4.778336e-01	1.483433e-03
4.895407e-01	2.884489e-01	2.660388e-02
5.806211e-01	2.872125e-01	4.000287e-02
4.814652e-01	1.253499e-01	1.959660e-01
5.890433e-01	1.262457e-01	2.163733e-01
4.901350e-01	9.833606e-02	2.048374e-01
5.799087e-01	9.822647e-02	2.244223e-01
4.513413e-01	6.697432e-02	9.211914e-02
6.182643e-01	6.457720e-02	1.054762e-01
5.501910e-01	8.689350e-01	-3.090113e-01
5.441638e-01	8.902539e-01	-2.904477e-01
5.395615e-01	8.901916e-01	-2.904621e-01
5.359293e-01	8.900326e-01	-2.903686e-01
5.575309e-01	8.894581e-01	-2.899297e-01
5.617173e-01	8.886844e-01	-2.899554e-01
5.664406e-01	8.875510e-01	-2.898167e-01
5.296420e-01	8.810200e-01	-1.743686e-01
5.719041e-01	8.765832e-01	-1.710164e-01
5.406842e-01	8.469862e-01	-2.651587e-01
5.580173e-01	8.447223e-01	-2.640676e-01
4.921047e-01	7.559742e-01	-1.057194e-01
5.995763e-01	7.462951e-01	-8.699251e-02
4.732364e-01	6.203340e-01	-8.402872e-02
6.148437e-01	6.083869e-01	-6.603201e-02
4.449397e-01	5.001949e-01	-1.795422e-01
6.322814e-01	4.803046e-01	-1.815348e-01
4.341885e-01	4.582942e-01	-2.099463e-01
6.438951e-01	4.431588e-01	-2.184757e-01
4.380822e-01	4.567830e-01	-2.501639e-01
6.368499e-01	4.425844e-01	-2.562330e-01
4.456421e-01	4.701118e-01	-1.978385e-01
6.294340e-01	4.547510e-01	-2.010659e-01
5.068964e-01	4.766736e-01	-1.349491e-03
5.702085e-01	4.764681e-01	1.416554e-03
4.871492e-01	2.853732e-01	1.838931e-02
5.816144e-01	2.850776e-01	3.300555e-02
4.812514e-01	1.248301e-01	2.005201e-01
5.889766e-01	1.258584e-01	2.203712e-01
4.900832e-01	9.814845e-02	2.081254e-01
5.798454e-01	9.792709e-02	2.289017e-01
4.508708e-01	6.695300e-02	9.398734e-02
6.182513e-01	6.449567e-02	1.099146e-01
5.499109e-01	8.682094e-01	-2.793083e-01
5.438849e-01	8.890855e-01	-2.592019e-01
5.393240e-01	8.890584e-01	-2.592298e-01
5.356795e-01	8.888568e-01	-2.591460e-01
5.573226e-01	8.881966e-01	-2.590920e-01
5.615165e-01	8.873520e-01	-2.591165e-01
5.662341e-01	8.861098e-01	-2.589732e-01
5.294603e-01	8.797868e-01	-1.424717e-01
5.715690e-01	8.749135e-01	-1.415559e-01
5.403405e-01	8.462936e-01	-2.359079e-01
5.577940e-01	8.438894e-01	-2.353731e-01
4.921052e-01	7.559477e-01	-8.016530e-02
5.990530e-01	7.462696e-01	-6.400309e-02
4.721012e-01	6.253480e-01	-5.988381e-02
6.163939e-01	6.105464e-01	-5.074497e-02
4.407460e-01	5.083203e-01	-1.601702e-01
6.386890e-01	4.887705e-01	-1.779453e-01
4.292680e-01	4.674378e-01	-1.945938e-01
6.529627e-01	4.547161e-01	-2.169633e-01
4.339583e-01	4.663111e-01	-2.386699e-01
6.482626e-01	4.514561e-01	-2.539678e-01
4.414625e-01	4.807716e-01	-1.809750e-01
6.396356e-01	4.612378e-01	-1.975797e-01
5.065779e-01	4.724392e-01	-1.259451e-03
5.699491e-01	4.727511e-01	1.330430e-03
4.855682e-01	2.811342e-01	1.057445e-02
5.832816e-01	2.825723e-01	2.661341e-02
4.810646e-01	1.242003e-01	2.050115e-01
5.888976e-01	1.256103e-01	2.214253e-01
4.899836e-01	9.785943e-02	2.173000e-01
5.797027e-01	9.790012e-02	2.291295e-01
4.506963e-01	6.696671e-02	1.062193e-01
6.182501e-01	6.442556e-02	1.121431e-01
5.498911e-01	8.641012e-01	-2.473408e-01
5.438640e-01	8.848975e-01	-2.273662e-01
5.392757e-01	8.847943e-01	-2.273954e-01
5.356111e-01	8.843787e-01	-2.273142e-01
5.572518e-01	8.835707e-01	-2.260784e-01
5.614256e-01	8.826354e-01	-2.260800e-01
5.661080e-01	8.813179e-01	-2.259166e-01
5.292298e-01	8.754764e-01	-1.128567e-01
5.711941e-01	8.709689e-01	-1.064416e-01
5.402793e-01	8.422608e-01	-2.051284e-01
5.576581e-01	8.401188e-01	-2.030381e-01
4.921551e-01	7.555879e-01	-6.039636e-02
5.985427e-01	7.461098e-01	-3.096511e-02
4.710954e-01	6.338419e-01	-6.568594e-02
6.178327e-01	6.157959e-01	-2.678958e-02
4.394363e-01	5.219573e-01	-1.919292e-01
6.468011e-01	4.998776e-01	-1.716331e-01
4.275956e-01	4.815136e-01	-2.314355e-01
6.625772e-01	4.653634e-01	-2.129665e-01
4.338099e-01	4.800794e-01	-2.726611e-01
6.564794e-01	4.612955e-01	-2.494841e-01
4.410921e-01	4.939730e-01	-2.125014e-01
6.481553e-01	4.703708e-01	-1.931656e-01
5.064803e-01	4.656211e-01	-1.995918e-03
5.698603e-01	4.665760e-01	2.124428e-03
4.832567e-01	2.750802e-01	-2.339256e-03
5.858425e-01	2.799837e-01	3.006593e-02
4.807986e-01	1.238064e-01	2.193507e-01
5.887260e-01	1.252523e-01	2.441213e-01
4.898639e-01	9.778859e-02	2.355908e-01
5.791801e-01	9.774665e-02	2.557490e-01
4.504322e-01	6.661503e-02	1.281921e-01
6.182189e-01	6.408737e-02	1.372733e-01
5.478464e-01	8.565353e-01	-2.507941e-01
5.421333e-01	8.763352e-01	-2.291468e-01
5.380244e-01	8.762085e-01	-2.291871e-01
5.341283e-01	8.759384e-01	-2.291193e-01
5.554308e-01	8.759248e-01	-2.285542e-01
5.598763e-01	8.754158e-01	-2.285420e-01
5.643142e-01	8.746061e-01	-2.283524e-01
5.282685e-01	8.672865e-01	-1.051646e-01
5.703899e-01	8.646989e-01	-1.020286e-01
5.388275e-01	8.342505e-01	-2.052809e-01
5.560117e-01	8.326182e-01	-2.040680e-01
4.922329e-01	7.530121e-01	-5.159654e-02
5.979236e-01	7.419703e-01	-2.444965e-02
4.705329e-01	6.375543e-01	-7.010332e-02
6.187187e-01	6.173964e-01	-4.285482e-02
4.397188e-01	5.375277e-01	-2.316612e-01
6.491847e-01	5.143475e-01	-2.286952e-01
4.267869e-01	4.986400e-01	-2.753138e-01
6.640803e-01	4.783516e-01	-2.808425e-01
4.339099e-01	4.963258e-01	-3.152680e-01
6.588663e-01	4.739449e-01	-3.138794e-01
4.410354e-01	5.092008e-01	-2.519360e-01
6.508417e-01	4.848525e-01	-2.499399e-01
5.057650e-01	4.570107e-01	-1.911224e-03
5.697155e-01	4.579859e-01	2.037273e-03
4.807557e-01	2.694299e-01	-2.723067e-03
5.884592e-01	2.750151e-01	3.199401e-02
4.805981e-01	1.233926e-01	2.360973e-01
5.887186e-01	1.253992e-01	2.798999e-01
4.897996e-01	9.776203e-02	2.535455e-01
5.790086e-01	9.901169e-02	2.947698e-01
4.497373e-01	6.581865e-02	1.436614e-01
6.181646e-01	6.408694e-02	1.786727e-01
5.459765e-01	8.481841e-01	-2.451860e-01
5.405496e-01	8.681835e-01	-2.241563e-01
5.368061e-01	8.680952e-01	-2.242052e-01
5.326194e-01	8.678215e-01	-2.241540e-01
5.539132e-01	8.677336e-01	-2.245261e-01
5.586713e-01	8.673063e-01	-2.244913e-01
5.631014e-01	8.666716e-01	-2.243117e-01
5.273601e-01	8.595601e-01	-1.031991e-01
5.697467e-01	8.570155e-01	-1.037011e-01
5.373465e-01	8.265544e-01	-2.004085e-01
5.544619e-01	8.247932e-01	-2.003130e-01
4.925997e-01	7.490267e-01	-4.621206e-02
5.975459e-01	7.356234e-01	-2.333637e-02
4.705709e-01	6.420044e-01	-6.047173e-02
6.226809e-01	6.167817e-01	-1.283868e-02
4.403572e-01	5.566162e-01	-2.177176e-01
6.544763e-01	5.171150e-01	-1.585214e-01
4.263560e-01	5.198081e-01	-2.597428e-01
6.700724e-01	4.810020e-01	-2.051097e-01
4.335684e-01	5.161268e-01	-2.993525e-01
6.666962e-01	4.768844e-01	-2.416390e-01
4.409071e-01	5.254838e-01	-2.379635e-01
6.586963e-01	4.880850e-01	-1.800126e-01
5.055290e-01	4.504776e-01	-1.464475e-03
5.697013e-01	4.505455e-01	1.618996e-03
4.766495e-01	2.636534e-01	-3.299951e-02
5.900713e-01	2.665922e-01	2.055170e-02
4.802982e-01	1.223255e-01	2.315800e-01
5.884562e-01	1.246938e-01	2.736950e-01
4.896883e-01	9.763854e-02	2.455285e-01
5.781883e-01	9.900743e-02	2.895207e-01
4.477170e-01	6.233017e-02	1.346810e-01
6.180017e-01	6.393234e-02	1.723621e-01
5.461302e-01	8.372180e-01	-2.469172e-01
5.406440e-01	8.581859e-01	-2.271011e-01
5.367931e-01	8.581194e-01	-2.271481e-01
5.326627e-01	8.579445e-01	-2.271006e-01
5.539654e-01	8.573229e-01	-2.270708e-01
5.586241e-01	8.568007e-01	-2.270347e-01
5.630677e-01	8.561184e-01	-2.268724e-01
5.272725e-01	8.503367e-01	-1.067567e-01
5.692497e-01	8.476421e-01	-1.052781e-01
5.373818e-01	8.163779e-01	-2.019205e-01
5.544256e-01	8.139738e-01	-2.012003e-01
4.927151e-01	7.438986e-01	-3.803933e-02
5.965011e-01	7.300551e-01	-2.145906e-02
4.694210e-01	6.472065e-01	-1.789924e-02
6.236616e-01	6.212925e-01	2.819726e-02
4.407578e-01	5.753330e-01	-1.444010e-01
6.517986e-01	5.385522e-01	-6.602128e-02
4.268497e-01	5.469267e-01	-1.780770e-01
6.669515e-01	5.090417e-01	-1.016227e-01
4.341832e-01	5.439423e-01	-2.203856e-01
6.630493e-01	5.064989e-01	-1.365921e-01
4.413579e-01	5.498837e-01	-1.645317e-01
6.556480e-01	5.152657e-01	-8.488628e-02
5.047850e-01	4.462278e-01	-6.153863e-04
5.692125e-01	4.448446e-01	8.115560e-04
4.745090e-01	2.597075e-01	-3.545849e-02
5.917910e-01	2.596364e-01	1.937371e-02
4.799822e-01	1.206641e-01	2.301480e-01
5.882356e-01	1.221793e-01	2.836914e-01
4.895950e-01	9.658468e-02	2.477949e-01
5.774981e-01	9.742242e-02	3.014063e-01
4.467948e-01	6.159825e-02	1.362593e-01
6.180052e-01	6.175693e-02	1.833896e-01
5.462005e-01	8.295272e-01	-2.251005e-01
5.407019e-01	8.507658e-01	-2.058609e-01
5.367370e-01	8.508784e-01	-2.059071e-01
5.326880e-01	8.508021e-01	-2.058467e-01
5.540150e-01	8.490679e-01	-2.045655e-01
5.585912e-01	8.481498e-01	-2.045433e-01
5.630633e-01	8.471362e-01	-2.043979e-01
5.268763e-01	8.426046e-01	-8.686476e-02
5.688506e-01	8.381668e-01	-7.995153e-02
5.373080e-01	8.089800e-01	-1.811063e-01
5.542274e-01	8.059810e-01	-1.786534e-01
4.926408e-01	7.365656e-01	-3.992091e-02
5.954207e-01	7.222285e-01	-5.993488e-03
4.693935e-01	6.524767e-01	-1.261305e-01
6.232433e-01	6.295080e-01	-3.113700e-02
4.417986e-01	5.930911e-01	-3.647049e-01
6.486081e-01	5.686957e-01	-2.420813e-01
4.288709e-01	5.697663e-01	-4.187373e-01
6.637183e-01	5.448180e-01	-2.947475e-01
4.354694e-01	5.680904e-01	-4.506862e-01
6.580135e-01	5.419867e-01	-3.180278e-01
4.428130e-01	5.714153e-01	-3.838038e-01
6.503477e-01	5.506861e-01	-2.597384e-01
5.032011e-01	4.425966e-01	-1.842693e-03
5.681897e-01	4.395793e-01	2.063429e-03
4.731746e-01	2.534533e-01	-5.683708e-02
5.942005e-01	2.527195e-01	-1.088510e-02
4.799080e-01	1.201648e-01	2.139942e-01
5.877357e-01	1.196120e-01	2.634776e-01
4.896010e-01	9.655726e-02	2.348298e-01
5.762890e-01	9.526476e-02	2.887518e-01
4.464653e-01	6.098094e-02	1.191795e-01
6.180109e-01	6.012280e-02	1.726090e-01
5.451739e-01	8.194612e-01	-2.397516e-01
5.400050e-01	8.403933e-01	-2.194079e-01
5.361204e-01	8.407080e-01	-2.194778e-01
5.319696e-01	8.407831e-01	-2.194330e-01
5.533510e-01	8.387150e-01	-2.192921e-01
5.579637e-01	8.380671e-01	-2.192787e-01
5.624024e-01	8.373147e-01	-2.191338e-01
5.261248e-01	8.333854e-01	-9.645445e-02
5.682554e-01	8.290470e-01	-9.489904e-02
5.364502e-01	7.995806e-01	-1.944307e-01
5.528764e-01	7.965577e-01	-1.935368e-01
4.926277e-01	7.295426e-01	-5.217348e-02
5.951227e-01	7.132500e-01	-2.558862e-02
4.691055e-01	6.560925e-01	-1.959910e-01
6.269639e-01	6.273888e-01	-1.428220e-01
4.442375e-01	6.064965e-01	-4.717505e-01
6.534270e-01	5.670007e-01	-4.050967e-01
4.322243e-01	5.886073e-01	-5.348716e-01
6.687285e-01	5.491830e-01	-4.690486e-01
4.395974e-01	5.880938e-01	-5.604793e-01
6.602460e-01	5.491546e-01	-4.888180e-01
4.474590e-01	5.926219e-01	-4.895816e-01
6.523744e-01	5.570289e-01	-4.233329e-01
5.025059e-01	4.370862e-01	-1.803362e-03
5.677519e-01	4.325232e-01	2.016684e-03
4.727948e-01	2.481277e-01	-6.769925e-02
5.955498e-01	2.487246e-01	-1.628752e-02
4.798818e-01	1.201647e-01	2.121809e-01
5.865336e-01	1.184950e-01	2.659033e-01
4.896385e-01	9.704017e-02	2.338186e-01
5.741166e-01	9.519053e-02	2.867574e-01
4.465067e-01	6.100373e-02	1.185034e-01
6.169893e-01	5.942285e-02	1.703626e-01
5.452211e-01	8.052195e-01	-2.440755e-01
5.400830e-01	8.264307e-01	-2.243678e-01
5.361575e-01	8.269920e-01	-2.244447e-01
5.320054e-01	8.273851e-01	-2.244062e-01
5.534405e-01	8.246422e-01	-2.232189e-01
5.579762e-01	8.245111e-01	-2.232027e-01
5.624160e-01	8.242266e-01	-2.230639e-01
5.259879e-01	8.221916e-01	-1.003586e-01
5.680763e-01	8.180660e-01	-9.293874e-02
5.365055e-01	7.861224e-01	-1.978634e-01
5.529904e-01	7.822275e-01	-1.954114e-01
4.927574e-01	7.210744e-01	-5.228954e-02
5.948080e-01	7.064546e-01	-2.410585e-02
4.682731e-01	6.563500e-01	-2.114343e-01
6.284087e-01	6.263749e-01	-1.327075e-01
4.513535e-01	6.246338e-01	-4.929537e-01
6.550357e-01	5.672547e-01	-3.777683e-01
4.446441e-01	6.171232e-01	-5.549523e-01
6.726434e-01	5.452446e-01	-4.371502e-01
4.532664e-01	6.208459e-01	-5.727694e-01
6.636516e-01	5.496824e-01	-4.559751e-01
4.593505e-01	6.218089e-01	-5.079631e-01
6.531929e-01	5.624339e-01	-3.949984e-01
5.024532e-01	4.271817e-01	-1.777556e-03
5.677737e-01	4.242058e-01	1.985270e-03
4.719385e-01	2.412984e-01	-9.234134e-02
5.973241e-01	2.415555e-01	-3.086874e-02
4.796301e-01	1.196421e-01	1.942521e-01
5.862727e-01	1.167305e-01	2.649837e-01
4.896048e-01	9.713848e-02	2.165285e-01
5.737756e-01	9.521690e-02	2.813036e-01
4.437822e-01	5.477067e-02	1.017784e-01
6.169772e-01	5.818792e-02	1.647140e-01
5.453351e-01	7.932526e-01	-2.430397e-01
5.401481e-01	8.137105e-01	-2.250088e-01
5.360640e-01	8.145220e-01	-2.250818e-01
5.320152e-01	8.150052e-01	-2.250373e-01
5.535002e-01	8.112606e-01	-2.238271e-01
5.580138e-01	8.107352e-01	-2.238178e-01
5.624657e-01	8.103529e-01	-2.237097e-01
5.256011e-01	8.100685e-01	-1.042667e-01
5.678235e-01	8.041780e-01	-9.710614e-02
5.365244e-01	7.735769e-01	-1.974113e-01
5.530489e-01	7.693681e-01	-1.947949e-01
4.934046e-01	7.157966e-01	-5.571874e-02
5.936130e-01	7.036968e-01	-2.470203e-02
4.694633e-01	6.599456e-01	-2.620692e-01
6.277665e-01	6.309935e-01	-1.975480e-01
4.609973e-01	6.412858e-01	-5.653439e-01
6.437663e-01	6.032874e-01	-4.711933e-01
4.515785e-01	6.388129e-01	-6.323136e-01
6.641597e-01	5.851411e-01	-5.359413e-01
4.602039e-01	6.386530e-01	-6.467758e-01
6.469058e-01	6.006171e-01	-5.473148e-01
4.679194e-01	6.365538e-01	-5.804881e-01
6.363454e-01	6.017925e-01	-4.865022e-01
5.023822e-01	4.175080e-01	-1.513501e-03
5.673229e-01	4.163318e-01	1.706634e-03
4.685236e-01	2.392957e-01	-1.082022e-01
5.990973e-01	2.355562e-01	-4.689425e-02
4.790721e-01	1.195278e-01	1.888686e-01
5.856496e-01	1.156597e-01	2.617282e-01
4.894949e-01	9.815717e-02	2.114870e-01
5.725355e-01	9.512918e-02	2.786995e-01
4.438449e-01	5.497497e-02	9.464537e-02
6.169552e-01	5.696689e-02	1.618270e-01
5.453010e-01	7.822551e-01	-2.475399e-01
5.398802e-01	8.025758e-01	-2.292181e-01
5.356716e-01	8.035327e-01	-2.292807e-01
5.316340e-01	8.041468e-01	-2.292317e-01
5.533992e-01	8.002088e-01	-2.285325e-01
5.578650e-01	7.997224e-01	-2.285228e-01
5.623049e-01	7.992026e-01	-2.283948e-01
5.252852e-01	7.999459e-01	-1.080938e-01
5.677074e-01	7.935098e-01	-9.835717e-02
5.364510e-01	7.634121e-01	-2.015340e-01
5.530181e-01	7.593828e-01	-2.005089e-01
4.940447e-01	7.099848e-01	-6.636356e-02
5.917217e-01	6.957254e-01	-8.139043e-02
4.721506e-01	6.614136e-01	-3.071744e-01
6.248530e-01	6.310866e-01	-3.257203e-01
4.683002e-01	6.445118e-01	-6.189153e-01
6.278394e-01	6.260599e-01	-6.470683e-01
4.594595e-01	6.458923e-01	-6.895528e-01
6.422796e-01	6.239306e-01	-7.216362e-01
4.697023e-01	6.444563e-01	-6.983117e-01
6.289141e-01	6.307127e-01	-7.226595e-01
4.776792e-01	6.390788e-01	-6.331620e-01
6.216627e-01	6.274880e-01	-6.598879e-01
5.018155e-01	4.079727e-01	2.526376e-03
5.662589e-01	4.061494e-01	-2.385628e-03
4.676580e-01	2.323460e-01	-9.981128e-02
6.007081e-01	2.272586e-01	-6.155834e-02
4.786149e-01	1.195032e-01	2.177684e-01
5.855223e-01	1.152044e-01	2.629327e-01
4.893438e-01	9.947764e-02	2.446271e-01
5.725156e-01	9.520508e-02	2.857115e-01
4.435366e-01	5.368691e-02	1.360189e-01
6.168770e-01	5.641222e-02	1.727961e-01
5.455807e-01	7.694279e-01	-2.328479e-01
5.399039e-01	7.902690e-01	-2.160714e-01
5.356777e-01	7.909293e-01	-2.161124e-01
5.316505e-01	7.914678e-01	-2.160527e-01
5.534276e-01	7.883565e-01	-2.160881e-01
5.578854e-01	7.878982e-01	-2.160873e-01
5.623117e-01	7.871702e-01	-2.159817e-01
5.251217e-01	7.863547e-01	-1.008543e-01
5.673456e-01	7.803735e-01	-9.797353e-02
5.366252e-01	7.509890e-01	-1.884376e-01
5.530427e-01	7.478005e-01	-1.876106e-01
4.943141e-01	6.996492e-01	-7.071112e-02
5.892215e-01	6.879525e-01	-8.533879e-02
4.770312e-01	6.645992e-01	-3.354781e-01
6.186786e-01	6.373807e-01	-3.481587e-01
4.749812e-01	6.508939e-01	-6.390204e-01
6.130589e-01	6.378156e-01	-6.563534e-01
4.669085e-01	6.534115e-01	-7.088153e-01
6.253251e-01	6.405905e-01	-7.280029e-01
4.786909e-01	6.495010e-01	-7.119837e-01
6.134442e-01	6.393958e-01	-7.235893e-01
4.851200e-01	6.444751e-01	-6.510818e-01
6.056460e-01	6.350750e-01	-6.670454e-01
5.009798e-01	3.994645e-01	4.565571e-03
5.652283e-01	3.978787e-01	-4.471217e-03
4.668089e-01	2.301910e-01	-8.803993e-02
6.005816e-01	2.241046e-01	-3.715761e-02
4.786159e-01	1.194491e-01	2.171526e-01
5.854570e-01	1.148666e-01	2.690260e-01
4.895357e-01	9.989094e-02	2.417801e-01
5.724310e-01	9.486833e-02	2.919333e-01
4.437534e-01	5.518671e-02	1.374529e-01
6.157061e-01	5.614293e-02	1.839242e-01
5.448139e-01	7.515126e-01	-2.323155e-01
5.388684e-01	7.734295e-01	-2.152807e-01
5.347911e-01	7.740917e-01	-2.153207e-01
5.307640e-01	7.749521e-01	-2.152743e-01
5.524719e-01	7.720291e-01	-2.158931e-01
5.567752e-01	7.717227e-01	-2.158965e-01
5.609539e-01	7.712308e-01	-2.157937e-01
5.243729e-01	7.702036e-01	-9.934025e-02
5.664762e-01	7.633813e-01	-9.996475e-02
5.360203e-01	7.343732e-01	-1.874714e-01
5.521747e-01	7.318890e-01	-1.872937e-01
4.942745e-01	6.829821e-01	-7.537995e-02
5.881608e-01	6.733705e-01	-8.961000e-02
4.799599e-01	6.610131e-01	-3.495835e-01
6.132264e-01	6.351464e-01	-3.650321e-01
4.803646e-01	6.374493e-01	-6.545409e-01
6.074404e-01	6.323115e-01	-6.810223e-01
4.720310e-01	6.475954e-01	-7.237569e-01
6.188659e-01	6.418603e-01	-7.531699e-01
4.837214e-01	6.474770e-01	-7.246501e-01
6.084121e-01	6.450033e-01	-7.468631e-01
4.897622e-01	6.382139e-01	-6.657411e-01
5.997276e-01	6.385912e-01	-6.913804e-01
5.001982e-01	3.923669e-01	4.828976e-03
5.641615e-01	3.897537e-01	-4.754853e-03
4.662510e-01	2.245131e-01	-8.881222e-02
6.015121e-01	2.165512e-01	-5.041283e-02
4.784736e-01	1.178906e-01	2.185154e-01
5.854307e-01	1.148253e-01	2.646382e-01
4.895599e-01	9.936267e-02	2.432404e-01
5.719312e-01	9.494156e-02	2.889069e-01
4.438645e-01	5.530965e-02	1.449327e-01
6.143298e-01	5.504786e-02	1.802368e-01
5.438629e-01	7.380582e-01	-2.243953e-01
5.376464e-01	7.592334e-01	-2.065680e-01
5.338421e-01	7.597936e-01	-2.066226e-01
5.297104e-01	7.605558e-01	-2.065988e-01
5.513131e-01	7.580163e-01	-2.075876e-01
5.556269e-01	7.576705e-01	-2.075853e-01
5.597030e-01	7.570590e-01	-2.074625e-01
5.237283e-01	7.551041e-01	-9.013332e-02
5.657004e-01	7.483519e-01	-9.372644e-02
5.351384e-01	7.203671e-01	-1.795922e-01
5.512460e-01	7.186010e-01	-1.800306e-01
4.943483e-01	6.666887e-01	-7.867025e-02
5.872242e-01	6.598237e-01	-9.169018e-02
4.820780e-01	6.478764e-01	-3.731796e-01
6.052483e-01	6.338148e-01	-3.855260e-01
4.817771e-01	6.307146e-01	-6.780828e-01
5.993105e-01	6.333131e-01	-7.013214e-01
4.739172e-01	6.445971e-01	-7.483814e-01
6.108149e-01	6.469786e-01	-7.725798e-01
4.836686e-01	6.485664e-01	-7.462884e-01
6.014093e-01	6.475827e-01	-7.672158e-01
4.894484e-01	6.391936e-01	-6.882543e-01
5.934170e-01	6.391412e-01	-7.127315e-01
4.996808e-01	3.833458e-01	5.245576e-03
5.639957e-01	3.794507e-01	-5.203446e-03
4.651935e-01	2.173081e-01	-1.164195e-01
6.015467e-01	2.071164e-01	-6.549619e-02
4.782273e-01	1.162074e-01	2.075020e-01
5.854362e-01	1.144133e-01	2.645195e-01
4.895627e-01	9.865440e-02	2.353444e-01
5.717264e-01	9.522175e-02	2.869124e-01
4.437159e-01	5.326189e-02	1.389495e-01
6.141238e-01	5.388105e-02	1.870870e-01
5.435876e-01	7.268155e-01	-2.107173e-01
5.375654e-01	7.480268e-01	-1.932573e-01
5.337107e-01	7.484659e-01	-1.933160e-01
5.296875e-01	7.490935e-01	-1.932746e-01
5.510335e-01	7.466934e-01	-1.955225e-01
5.552015e-01	7.462865e-01	-1.955050e-01
5.591834e-01	7.457211e-01	-1.953994e-01
5.237662e-01	7.438875e-01	-7.856183e-02
5.651969e-01	7.369955e-01	-8.743545e-02
5.349448e-01	7.095580e-01	-1.664489e-01
5.509511e-01	7.071500e-01	-1.683842e-01
4.946275e-01	6.607598e-01	-7.164954e-02
5.858742e-01	6.481710e-01	-9.264024e-02
4.874262e-01	6.463203e-01	-3.467836e-01
5.984694e-01	6.367969e-01	-3.901215e-01
4.848613e-01	6.332931e-01	-6.487219e-01
6.007410e-01	6.413190e-01	-7.048280e-01
4.785163e-01	6.462598e-01	-7.162350e-01
6.136616e-01	6.510119e-01	-7.752508e-01
4.872846e-01	6.479571e-01	-7.186116e-01
6.044038e-01	6.494558e-01	-7.729889e-01
4.918655e-01	6.406264e-01	-6.608135e-01
5.969346e-01	6.416451e-01	-7.173098e-01
4.995982e-01	3.766543e-01	1.008246e-02
5.639952e-01	3.717352e-01	-1.011195e-02
4.631547e-01	2.149796e-01	-9.723376e-02
6.011535e-01	2.029624e-01	-4.972236e-02
4.780634e-01	1.159003e-01	2.350436e-01
5.852039e-01	1.144938e-01	2.961140e-01
4.895872e-01	9.805556e-02	2.626140e-01
5.701401e-01	9.521722e-02	3.243939e-01
4.438092e-01	5.371695e-02	1.649161e-01
6.116439e-01	5.278655e-02	2.264468e-01
5.431275e-01	7.201852e-01	-2.130332e-01
5.372416e-01	7.398188e-01	-1.957521e-01
5.334133e-01	7.403287e-01	-1.958159e-01
5.294176e-01	7.407480e-01	-1.957914e-01
5.506706e-01	7.383804e-01	-1.961139e-01
5.548722e-01	7.379385e-01	-1.961006e-01
5.588906e-01	7.373613e-01	-1.959824e-01
5.236152e-01	7.346647e-01	-8.341962e-02
5.645464e-01	7.291380e-01	-8.461989e-02
5.344319e-01	7.009211e-01	-1.701433e-01
5.505821e-01	6.991450e-01	-1.697339e-01
4.961977e-01	6.503228e-01	-8.267637e-02
5.839456e-01	6.389130e-01	-8.795123e-02
4.899894e-01	6.378152e-01	-3.812397e-01
5.948171e-01	6.339630e-01	-3.785000e-01
4.876705e-01	6.383613e-01	-6.778383e-01
5.986248e-01	6.307742e-01	-6.995742e-01
4.824018e-01	6.551058e-01	-7.475474e-01
6.104915e-01	6.445234e-01	-7.705338e-01
4.904950e-01	6.545632e-01	-7.464741e-01
6.039722e-01	6.453156e-01	-7.692384e-01
4.945274e-01	6.458383e-01	-6.886352e-01
5.971538e-01	6.369132e-01	-7.131243e-01
4.991713e-01	3.681239e-01	9.517025e-03
5.631648e-01	3.642671e-01	-9.498724e-03
4.618120e-01	2.078368e-01	-9.120391e-02
6.018323e-01	1.940048e-01	-6.255370e-02
4.754982e-01	1.158218e-01	2.438544e-01
5.852045e-01	1.145058e-01	2.838988e-01
4.871336e-01	9.796441e-02	2.718425e-01
5.702683e-01	9.493919e-02	3.107658e-01
4.432175e-01	5.390678e-02	1.809475e-01
6.114470e-01	5.191924e-02	2.188555e-01
5.414583e-01	7.100128e-01	-1.813961e-01
5.359381e-01	7.287068e-01	-1.636878e-01
5.323716e-01	7.291063e-01	-1.637554e-01
5.281452e-01	7.294281e-01	-1.637377e-01
5.492641e-01	7.275041e-01	-1.642136e-01
5.536792e-01	7.271395e-01	-1.641955e-01
5.577015e-01	7.266892e-01	-1.640766e-01
5.230736e-01	7.235802e-01	-5.267539e-02
5.636045e-01	7.187920e-01	-5.436369e-02
5.332268e-01	6.902361e-01	-1.390192e-01
5.493736e-01	6.888956e-01	-1.388277e-01
4.965466e-01	6.417793e-01	-5.876808e-02
5.827215e-01	6.317833e-01	-6.628228e-02
4.901592e-01	6.340486e-01	-3.416653e-01
5.918132e-01	6.337321e-01	-3.481978e-01
4.892799e-01	6.408548e-01	-6.288615e-01
5.968874e-01	6.334155e-01	-6.558201e-01
4.857157e-01	6.557808e-01	-6.950426e-01
6.077820e-01	6.489639e-01	-7.225147e-01
4.930040e-01	6.553681e-01	-6.944190e-01
6.021272e-01	6.477248e-01	-7.230136e-01
4.969197e-01	6.469223e-01	-6.393068e-01
5.959195e-01	6.396306e-01	-6.691733e-01
4.991150e-01	3.635695e-01	8.927885e-03
5.625209e-01	3.587438e-01	-8.909377e-03
4.610300e-01	2.026539e-01	-9.159820e-02
6.015705e-01	1.855818e-01	-7.085274e-02
4.753697e-01	1.157258e-01	2.404257e-01
5.852924e-01	1.155393e-01	2.860214e-01
4.870563e-01	9.799351e-02	2.684961e-01
5.708227e-01	9.778389e-02	3.176150e-01
4.432842e-01	5.450808e-02	1.830729e-01
6.086580e-01	5.199173e-02	2.405638e-01
5.396691e-01	6.954448e-01	-1.920764e-01
5.345590e-01	7.151254e-01	-1.746211e-01
5.311140e-01	7.156288e-01	-1.746864e-01
5.267271e-01	7.160646e-01	-1.746757e-01
5.476441e-01	7.141014e-01	-1.748093e-01
5.521902e-01	7.137966e-01	-1.747903e-01
5.563354e-01	7.134594e-01	-1.746610e-01
5.223063e-01	7.108860e-01	-6.426923e-02
5.628418e-01	7.059162e-01	-6.465056e-02
5.319917e-01	6.761493e-01	-1.499150e-01
5.479852e-01	6.754653e-01	-1.493291e-01
4.967351e-01	6.317239e-01	-6.497209e-02
5.814270e-01	6.217343e-01	-6.740811e-02
4.900738e-01	6.250501e-01	-3.647402e-01
5.902954e-01	6.264871e-01	-3.531720e-01
4.903682e-01	6.400982e-01	-6.488314e-01
5.950575e-01	6.298344e-01	-6.543766e-01
4.859960e-01	6.559703e-01	-7.169663e-01
6.062873e-01	6.461887e-01	-7.207400e-01
4.934140e-01	6.559294e-01	-7.125925e-01
6.012077e-01	6.448722e-01	-7.206801e-01
4.979022e-01	6.468190e-01	-6.582912e-01
5.946903e-01	6.360726e-01	-6.677402e-01
4.990609e-01	3.574392e-01	8.188620e-03
5.621963e-01	3.517153e-01	-8.192136e-03
4.602661e-01	1.971026e-01	-8.901982e-02
6.013964e-01	1.809365e-01	-7.485881e-02
4.746461e-01	1.156731e-01	2.549719e-01
5.851806e-01	1.161986e-01	2.973591e-01
4.863799e-01	9.803931e-02	2.844150e-01
5.708708e-01	9.984177e-02	3.315933e-01
4.429038e-01	5.464434e-02	2.040107e-01
6.079814e-01	5.213990e-02	2.620399e-01
5.388361e-01	6.829093e-01	-1.949392e-01
5.336806e-01	7.030362e-01	-1.782257e-01
5.302337e-01	7.036368e-01	-1.782925e-01
5.257747e-01	7.040983e-01	-1.782772e-01
5.468394e-01	7.020499e-01	-1.771853e-01
5.514030e-01	7.019029e-01	-1.771683e-01
5.555847e-01	7.016389e-01	-1.770444e-01
5.212656e-01	6.991846e-01	-7.006438e-02
5.620088e-01	6.949450e-01	-6.519310e-02
5.311129e-01	6.640300e-01	-1.537373e-01
5.472216e-01	6.632985e-01	-1.514970e-01
4.967211e-01	6.216613e-01	-7.449001e-02
5.790063e-01	6.131377e-01	-6.765497e-02
4.896640e-01	6.121508e-01	-3.767111e-01
5.891129e-01	6.144749e-01	-3.489141e-01
4.924397e-01	6.380451e-01	-6.577850e-01
5.939853e-01	6.278306e-01	-6.496421e-01
4.886556e-01	6.530359e-01	-7.258345e-01
6.042897e-01	6.446776e-01	-7.158049e-01
4.953093e-01	6.537614e-01	-7.202903e-01
5.999989e-01	6.433299e-01	-7.151271e-01
4.996462e-01	6.451200e-01	-6.666796e-01
5.937430e-01	6.334433e-01	-6.628865e-01
4.988041e-01	3.507107e-01	6.560166e-03
5.610128e-01	3.464030e-01	-6.568658e-03
4.594868e-01	1.962142e-01	-9.497298e-02
6.013122e-01	1.786160e-01	-7.663407e-02
4.746235e-01	1.144054e-01	2.526087e-01
5.836554e-01	1.162030e-01	2.936303e-01
4.864109e-01	9.710050e-02	2.756861e-01
5.700760e-01	9.971784e-02	3.266896e-01
4.419148e-01	5.364179e-02	1.840703e-01
6.069719e-01	5.220767e-02	2.548916e-01
5.380623e-01	6.735490e-01	-1.994331e-01
5.329111e-01	6.932009e-01	-1.829623e-01
5.295294e-01	6.937716e-01	-1.830297e-01
5.250228e-01	6.942962e-01	-1.830212e-01
5.460939e-01	6.920766e-01	-1.812147e-01
5.506424e-01	6.920474e-01	-1.811989e-01
5.548527e-01	6.918561e-01	-1.810741e-01
5.202146e-01	6.899129e-01	-7.102939e-02
5.611166e-01	6.856108e-01	-6.810516e-02
5.302252e-01	6.539751e-01	-1.587670e-01
5.463387e-01	6.535528e-01	-1.557652e-01
4.961092e-01	6.116092e-01	-8.645644e-02
5.773765e-01	6.040738e-01	-6.820594e-02
4.894999e-01	5.981883e-01	-3.855728e-01
5.881998e-01	5.927849e-01	-3.416423e-01
4.918467e-01	6.301593e-01	-6.638168e-01
5.923442e-01	6.259913e-01	-6.428744e-01
4.886588e-01	6.491729e-01	-7.313029e-01
6.010242e-01	6.415061e-01	-7.098967e-01
4.938876e-01	6.503041e-01	-7.267622e-01
5.974674e-01	6.407798e-01	-7.079331e-01
4.982604e-01	6.420559e-01	-6.727582e-01
5.919538e-01	6.318302e-01	-6.558327e-01
4.989809e-01	3.451191e-01	5.050973e-03
5.608613e-01	3.420832e-01	-5.052810e-03
4.595096e-01	1.942903e-01	-1.096720e-01
6.010851e-01	1.773524e-01	-7.810928e-02
4.736678e-01	1.141555e-01	2.262999e-01
5.829964e-01	1.162092e-01	2.899215e-01
4.855594e-01	9.725450e-02	2.541937e-01
5.698744e-01	9.964275e-02	3.219313e-01
4.405440e-01	5.271238e-02	1.808511e-01
6.061859e-01	5.228686e-02	2.508953e-01
5.373842e-01	6.690599e-01	-1.988292e-01
5.319214e-01	6.875508e-01	-1.827356e-01
5.286845e-01	6.876685e-01	-1.827972e-01
5.242488e-01	6.877434e-01	-1.827867e-01
5.451283e-01	6.869370e-01	-1.803866e-01
5.496498e-01	6.868492e-01	-1.803689e-01
5.539013e-01	6.865826e-01	-1.802438e-01
5.192109e-01	6.817546e-01	-7.118206e-02
5.598902e-01	6.792806e-01	-6.973881e-02
5.296581e-01	6.484835e-01	-1.599841e-01
5.457903e-01	6.475677e-01	-1.563574e-01
4.955493e-01	6.012090e-01	-9.205942e-02
5.763563e-01	5.977654e-01	-7.168333e-02
4.893212e-01	5.925685e-01	-3.885598e-01
5.891243e-01	5.995858e-01	-3.486879e-01
4.920942e-01	6.281468e-01	-6.638569e-01
5.919380e-01	6.254131e-01	-6.442112e-01
4.882411e-01	6.473812e-01	-7.309117e-01
6.004843e-01	6.384388e-01	-7.092824e-01
4.931084e-01	6.480730e-01	-7.258669e-01
5.965596e-01	6.379589e-01	-7.075613e-01
4.974761e-01	6.408580e-01	-6.726054e-01
5.910481e-01	6.300710e-01	-6.571105e-01
4.991044e-01	3.388357e-01	5.014839e-03
5.608288e-01	3.372962e-01	-5.013027e-03
4.588266e-01	1.947557e-01	-1.159084e-01
5.997081e-01	1.756922e-01	-7.745824e-02
4.737677e-01	1.131539e-01	2.004167e-01
5.821450e-01	1.161974e-01	2.821353e-01
4.855569e-01	9.703290e-02	2.268120e-01
5.692979e-01	9.946758e-02	3.154702e-01
4.406707e-01	5.243224e-02	1.488562e-01
6.063598e-01	5.226385e-02	2.408024e-01
5.367980e-01	6.655729e-01	-2.002660e-01
5.312296e-01	6.839772e-01	-1.839733e-01
5.279378e-01	6.838924e-01	-1.840365e-01
5.237484e-01	6.838858e-01	-1.840280e-01
5.442820e-01	6.834891e-01	-1.815832e-01
5.487176e-01	6.832692e-01	-1.815733e-01
5.530981e-01	6.829057e-01	-1.814542e-01
5.182934e-01	6.763438e-01	-7.567044e-02
5.588709e-01	6.740161e-01	-7.126239e-02
5.290439e-01	6.449547e-01	-1.615149e-01
5.450801e-01	6.435874e-01	-1.580378e-01
4.947364e-01	5.955045e-01	-9.524294e-02
5.750451e-01	5.901718e-01	-7.468065e-02
4.890171e-01	5.854114e-01	-3.890887e-01
5.880653e-01	5.858139e-01	-3.482966e-01
4.922695e-01	6.224517e-01	-6.594566e-01
5.913387e-01	6.154200e-01	-6.435682e-01
4.884890e-01	6.445248e-01	-7.253085e-01
6.008372e-01	6.361845e-01	-7.087725e-01
4.936377e-01	6.469280e-01	-7.200079e-01
5.969273e-01	6.372572e-01	-7.060825e-01
4.980484e-01	6.372085e-01	-6.678807e-01
5.903019e-01	6.258239e-01	-6.561191e-01
4.991123e-01	3.346331e-01	4.995797e-03
5.603192e-01	3.340455e-01	-4.993207e-03
4.582481e-01	1.949234e-01	-1.234142e-01
5.989953e-01	1.774076e-01	-8.106783e-02
4.737096e-01	1.129856e-01	1.889530e-01
5.821885e-01	1.162927e-01	2.679527e-01
4.849047e-01	9.673437e-02	2.153664e-01
5.693903e-01	9.992294e-02	2.993875e-01
4.398732e-01	5.189027e-02	1.369511e-01
6.047218e-01	5.179969e-02	2.330052e-01
5.360887e-01	6.592491e-01	-1.959284e-01
5.304399e-01	6.779866e-01	-1.798255e-01
5.270828e-01	6.780171e-01	-1.798782e-01
5.230512e-01	6.781362e-01	-1.798621e-01
5.433653e-01	6.773468e-01	-1.775042e-01
5.477253e-01	6.771101e-01	-1.774947e-01
5.521986e-01	6.767197e-01	-1.773763e-01
5.172621e-01	6.711068e-01	-7.729553e-02
5.579469e-01	6.679243e-01	-7.004824e-02
5.282398e-01	6.384941e-01	-1.585464e-01
5.441928e-01	6.373352e-01	-1.548864e-01
4.937881e-01	5.899970e-01	-9.324659e-02
5.743811e-01	5.876054e-01	-7.521389e-02
4.888185e-01	5.822998e-01	-3.835124e-01
5.887655e-01	5.874397e-01	-3.472427e-01
4.923220e-01	6.141328e-01	-6.520299e-01
5.915121e-01	6.073723e-01	-6.373117e-01
4.882794e-01	6.349881e-01	-7.172645e-01
6.011197e-01	6.280900e-01	-7.017123e-01
4.935177e-01	6.381018e-01	-7.123178e-01
5.966121e-01	6.288024e-01	-7.003083e-01
4.981686e-01	6.278517e-01	-6.604561e-01
5.895699e-01	6.169528e-01	-6.498803e-01
4.991334e-01	3.296706e-01	4.924095e-03
5.599397e-01	3.300221e-01	-4.914162e-03
4.580065e-01	1.922548e-01	-1.200484e-01
5.982044e-01	1.763706e-01	-8.229861e-02
4.737652e-01	1.144952e-01	2.002138e-01
5.812770e-01	1.172272e-01	2.693261e-01
4.848945e-01	1.003854e-01	2.269005e-01
5.689147e-01	1.019546e-01	3.006150e-01
4.405642e-01	5.290050e-02	1.513451e-01
6.039990e-01	5.183478e-02	2.369677e-01
5.356069e-01	6.552747e-01	-1.925193e-01
5.298429e-01	6.744742e-01	-1.761293e-01
5.263538e-01	6.746747e-01	-1.761745e-01
5.224687e-01	6.748032e-01	-1.761491e-01
5.428500e-01	6.737015e-01	-1.745083e-01
5.472530e-01	6.734909e-01	-1.744964e-01
5.517866e-01	6.730331e-01	-1.743697e-01
5.165089e-01	6.672434e-01	-7.642383e-02
5.574642e-01	6.638585e-01	-6.982981e-02
5.277478e-01	6.346378e-01	-1.553552e-01
5.438012e-01	6.333035e-01	-1.525976e-01
4.935130e-01	5.878701e-01	-9.117349e-02
5.744854e-01	5.819916e-01	-7.817517e-02
4.885188e-01	5.794532e-01	-3.759300e-01
5.888426e-01	5.919670e-01	-3.527191e-01
4.921652e-01	6.055012e-01	-6.451030e-01
5.907483e-01	6.044122e-01	-6.353304e-01
4.877714e-01	6.246408e-01	-7.110769e-01
5.994133e-01	6.168666e-01	-6.946576e-01
4.936435e-01	6.279796e-01	-7.067378e-01
5.938995e-01	6.178260e-01	-6.890000e-01
4.987028e-01	6.176538e-01	-6.548617e-01
5.878153e-01	6.090739e-01	-6.478469e-01
4.985883e-01	3.289778e-01	4.915518e-03
5.590115e-01	3.282955e-01	-4.900720e-03
4.572908e-01	1.935685e-01	-1.270923e-01
5.977813e-01	1.770821e-01	-9.289622e-02
4.738064e-01	1.149890e-01	1.845733e-01
5.810428e-01	1.172296e-01	2.500266e-01
4.849353e-01	1.006951e-01	2.106457e-01
5.688335e-01	1.019201e-01	2.805049e-01
4.406194e-01	5.294229e-02	1.364530e-01
6.039689e-01	5.187030e-02	2.169934e-01
5.351110e-01	6.506711e-01	-1.905378e-01
5.292333e-01	6.698675e-01	-1.747376e-01
5.257210e-01	6.701261e-01	-1.747844e-01
5.219325e-01	6.703061e-01	-1.747648e-01
5.421782e-01	6.693533e-01	-1.735328e-01
5.465608e-01	6.693453e-01	-1.735148e-01
5.511472e-01	6.691867e-01	-1.733790e-01
5.159413e-01	6.636325e-01	-7.579504e-02
5.568333e-01	6.607702e-01	-6.999258e-02
5.274152e-01	6.305239e-01	-1.529347e-01
5.432146e-01	6.295207e-01	-1.507161e-01
4.934499e-01	5.890351e-01	-8.973794e-02
5.742723e-01	5.824482e-01	-7.789148e-02
4.884205e-01	5.778149e-01	-3.713415e-01
5.889872e-01	5.900086e-01	-3.489441e-01
4.916949e-01	5.979653e-01	-6.423945e-01
5.904117e-01	5.945786e-01	-6.326776e-01
4.877129e-01	6.157113e-01	-7.078525e-01
5.994087e-01	6.089612e-01	-6.937501e-01
4.931549e-01	6.199907e-01	-7.044179e-01
5.942570e-01	6.084878e-01	-6.889929e-01
4.981559e-01	6.100293e-01	-6.516988e-01
5.876839e-01	5.999504e-01	-6.453155e-01
4.984652e-01	3.270896e-01	4.909098e-03
5.583385e-01	3.269634e-01	-4.890242e-03
4.571416e-01	1.935825e-01	-1.272342e-01
5.973886e-01	1.769560e-01	-8.647221e-02
4.736359e-01	1.151308e-01	1.821976e-01
5.805135e-01	1.172307e-01	2.567798e-01
4.847771e-01	1.007843e-01	2.083976e-01
5.686962e-01	1.025915e-01	2.871475e-01
4.405836e-01	5.296552e-02	1.346979e-01
6.033548e-01	5.186415e-02	2.186418e-01
5.348366e-01	6.476724e-01	-1.895934e-01
5.288955e-01	6.668925e-01	-1.741256e-01
5.253115e-01	6.670751e-01	-1.741743e-01
5.216022e-01	6.672348e-01	-1.741589e-01
5.417981e-01	6.665480e-01	-1.727748e-01
5.461296e-01	6.665880e-01	-1.727598e-01
5.507160e-01	6.664715e-01	-1.726237e-01
5.154805e-01	6.608378e-01	-7.598580e-02
5.563086e-01	6.583888e-01	-6.985850e-02
5.271621e-01	6.273634e-01	-1.521585e-01
5.428587e-01	6.268297e-01	-1.497986e-01
4.933612e-01	5.854048e-01	-8.874556e-02
5.742407e-01	5.792427e-01	-7.769910e-02
4.883367e-01	5.758059e-01	-3.709334e-01
5.889492e-01	5.818983e-01	-3.463842e-01
4.913624e-01	5.923586e-01	-6.407924e-01
5.906348e-01	5.879570e-01	-6.314671e-01
4.873975e-01	6.108645e-01	-7.068751e-01
5.995999e-01	6.036469e-01	-6.903080e-01
4.928969e-01	6.149650e-01	-7.010452e-01
5.940596e-01	6.030874e-01	-6.860182e-01
4.977942e-01	6.039362e-01	-6.507205e-01
5.870717e-01	5.942236e-01	-6.431744e-01
4.984787e-01	3.230761e-01	4.634713e-03
5.580879e-01	3.230241e-01	-4.608536e-03
4.571858e-01	1.916836e-01	-1.218837e-01
5.973919e-01	1.750375e-01	-8.958353e-02
4.735415e-01	1.165120e-01	1.893840e-01
5.790201e-01	1.172733e-01	2.537916e-01
4.847329e-01	1.038550e-01	2.140172e-01
5.672562e-01	1.037339e-01	2.849578e-01
4.406136e-01	5.397082e-02	1.567964e-01
6.013017e-01	5.176647e-02	2.212822e-01
5.338586e-01	6.456608e-01	-1.794261e-01
5.278858e-01	6.646525e-01	-1.637591e-01
5.244311e-01	6.647332e-01	-1.638130e-01
5.205327e-01	6.646470e-01	-1.638008e-01
5.407001e-01	6.644690e-01	-1.621953e-01
5.450661e-01	6.644849e-01	-1.621798e-01
5.496247e-01	6.643104e-01	-1.620481e-01
5.145999e-01	6.576688e-01	-6.640135e-02
5.556580e-01	6.559916e-01	-5.962607e-02
5.264736e-01	6.248632e-01	-1.422457e-01
5.420436e-01	6.247101e-01	-1.396996e-01
4.927903e-01	5.839084e-01	-8.241587e-02
5.737644e-01	5.772420e-01	-6.728861e-02
4.883057e-01	5.790000e-01	-3.625316e-01
5.891466e-01	5.828616e-01	-3.311828e-01
4.911810e-01	5.909126e-01	-6.192815e-01
5.907928e-01	5.862471e-01	-6.056537e-01
4.868397e-01	6.076831e-01	-6.811527e-01
6.001269e-01	6.005513e-01	-6.628638e-01
4.925853e-01	6.103698e-01	-6.736029e-01
5.942745e-01	5.993617e-01	-6.604400e-01
4.976124e-01	5.993099e-01	-6.263209e-01
5.869375e-01	5.910256e-01	-6.169947e-01
4.981237e-01	3.220600e-01	4.325091e-03
5.575148e-01	3.226362e-01	-4.298821e-03
4.565368e-01	1.900502e-01	-1.220986e-01
5.974389e-01	1.723162e-01	-1.075752e-01
4.735318e-01	1.200601e-01	2.056268e-01
5.778140e-01	1.188175e-01	2.539764e-01
4.847385e-01	1.084118e-01	2.360084e-01
5.657173e-01	1.093959e-01	2.872407e-01
4.409456e-01	5.849807e-02	1.837508e-01
6.002393e-01	5.343752e-02	2.368124e-01
5.333691e-01	6.437074e-01	-1.818293e-01
5.273543e-01	6.629788e-01	-1.662882e-01
5.238968e-01	6.630812e-01	-1.663458e-01
5.199174e-01	6.629632e-01	-1.663367e-01
5.401064e-01	6.626422e-01	-1.644618e-01
5.444434e-01	6.626142e-01	-1.644480e-01
5.489109e-01	6.624407e-01	-1.643243e-01
5.139394e-01	6.560250e-01	-6.882577e-02
5.548320e-01	6.542782e-01	-6.108410e-02
5.260421e-01	6.226040e-01	-1.447172e-01
5.414430e-01	6.226165e-01	-1.418015e-01
4.922645e-01	5.815310e-01	-8.334291e-02
5.733517e-01	5.758022e-01	-6.736346e-02
4.882450e-01	5.744715e-01	-3.633875e-01
5.884172e-01	5.737169e-01	-3.299825e-01
4.909499e-01	5.867972e-01	-6.224810e-01
5.910955e-01	5.835919e-01	-6.090870e-01
4.862378e-01	6.051471e-01	-6.847299e-01
6.002861e-01	5.984866e-01	-6.679534e-01
4.924826e-01	6.084771e-01	-6.785923e-01
5.946425e-01	5.985010e-01	-6.656507e-01
4.975294e-01	5.976017e-01	-6.299807e-01
5.871894e-01	5.901906e-01	-6.206802e-01
4.981157e-01	3.215586e-01	4.016243e-03
5.573382e-01	3.215031e-01	-3.995188e-03
4.562526e-01	1.892047e-01	-1.215288e-01
5.974418e-01	1.700689e-01	-1.099535e-01
4.734069e-01	1.233264e-01	2.192109e-01
5.772280e-01	1.215990e-01	2.563639e-01
4.843349e-01	1.137171e-01	2.510902e-01
5.653531e-01	1.145425e-01	2.952364e-01
4.413405e-01	6.290984e-02	1.999311e-01
5.997117e-01	5.439858e-02	2.562504e-01
5.328584e-01	6.443448e-01	-1.843618e-01
5.268167e-01	6.634011e-01	-1.685807e-01
5.234242e-01	6.634455e-01	-1.686410e-01
5.194808e-01	6.632433e-01	-1.686320e-01
5.394844e-01	6.634489e-01	-1.668927e-01
5.438346e-01	6.635228e-01	-1.668788e-01
5.482786e-01	6.633412e-01	-1.667575e-01
5.134878e-01	6.564953e-01	-7.013340e-02
5.542969e-01	6.551334e-01	-6.235711e-02
5.256208e-01	6.238962e-01	-1.468218e-01
5.408385e-01	6.241198e-01	-1.439641e-01
4.915294e-01	5.829382e-01	-8.361383e-02
5.729907e-01	5.755984e-01	-6.808649e-02
4.871128e-01	5.737282e-01	-3.667413e-01
5.863457e-01	5.664070e-01	-3.318010e-01
4.901883e-01	5.826149e-01	-6.291646e-01
5.899521e-01	5.800811e-01	-6.134429e-01
4.849156e-01	6.017691e-01	-6.910411e-01
5.993913e-01	5.972872e-01	-6.732212e-01
4.917472e-01	6.061825e-01	-6.842111e-01
5.938515e-01	5.971679e-01	-6.673875e-01
4.970525e-01	5.952562e-01	-6.361510e-01
5.864409e-01	5.878627e-01	-6.240559e-01
4.979156e-01	3.213809e-01	3.393402e-03
5.570192e-01	3.214519e-01	-3.375158e-03
4.563543e-01	1.896252e-01	-1.429011e-01
5.972105e-01	1.701766e-01	-1.121113e-01
4.730874e-01	1.231746e-01	1.892762e-01
5.774298e-01	1.215939e-01	2.558120e-01
4.835550e-01	1.130558e-01	2.195076e-01
5.655316e-01	1.137611e-01	2.924170e-01
4.413538e-01	6.380473e-02	1.630132e-01
6.000630e-01	5.449466e-02	2.479714e-01
5.326119e-01	6.439738e-01	-1.857235e-01
5.265799e-01	6.632107e-01	-1.698492e-01
5.231649e-01	6.633936e-01	-1.699112e-01
5.192750e-01	6.632775e-01	-1.699018e-01
5.392663e-01	6.629802e-01	-1.680422e-01
5.435913e-01	6.629422e-01	-1.680290e-01
5.480642e-01	6.626741e-01	-1.679125e-01
5.131366e-01	6.565542e-01	-7.096118e-02
5.539178e-01	6.544977e-01	-6.225771e-02
5.253455e-01	6.238700e-01	-1.480750e-01
5.405149e-01	6.235595e-01	-1.450636e-01
4.905989e-01	5.828047e-01	-8.400633e-02
5.724727e-01	5.742203e-01	-6.823128e-02
4.859882e-01	5.716383e-01	-3.669895e-01
5.852344e-01	5.565668e-01	-3.321373e-01
4.891865e-01	5.803465e-01	-6.293976e-01
5.900384e-01	5.762522e-01	-6.156754e-01
4.839772e-01	5.998676e-01	-6.915461e-01
5.994440e-01	5.952499e-01	-6.766275e-01
4.914336e-01	6.052217e-01	-6.850868e-01
5.940288e-01	5.960112e-01	-6.680168e-01
4.968231e-01	5.937970e-01	-6.362131e-01
5.866420e-01	5.862337e-01	-6.252606e-01
4.978196e-01	3.205263e-01	3.061510e-03
5.567761e-01	3.203704e-01	-3.044271e-03
4.563784e-01	1.908886e-01	-1.577654e-01
5.972252e-01	1.703497e-01	-1.219763e-01
4.730721e-01	1.242585e-01	1.726511e-01
5.772240e-01	1.215639e-01	2.458866e-01
4.834574e-01	1.131182e-01	2.025181e-01
5.651306e-01	1.134771e-01	2.810617e-01
4.413665e-01	6.517461e-02	1.429878e-01
5.996990e-01	5.437381e-02	2.344168e-01
5.323575e-01	6.453346e-01	-1.759498e-01
5.263937e-01	6.650352e-01	-1.602698e-01
5.228803e-01	6.652526e-01	-1.603307e-01
5.190363e-01	6.652440e-01	-1.603200e-01
5.391418e-01	6.644709e-01	-1.583633e-01
5.434436e-01	6.643043e-01	-1.583445e-01
5.479389e-01	6.639673e-01	-1.582258e-01
5.128797e-01	6.580020e-01	-6.358451e-02
5.536802e-01	6.553172e-01	-5.468155e-02
5.250141e-01	6.253623e-01	-1.390876e-01
5.401397e-01	6.246042e-01	-1.359859e-01
4.898448e-01	5.828726e-01	-7.855323e-02
5.722137e-01	5.759172e-01	-6.327781e-02
4.858764e-01	5.734247e-01	-3.574331e-01
5.856668e-01	5.625387e-01	-3.267500e-01
4.886214e-01	5.837534e-01	-6.148190e-01
5.901845e-01	5.790027e-01	-6.084210e-01
4.830968e-01	6.014535e-01	-6.759486e-01
5.994924e-01	5.964236e-01	-6.678339e-01
4.912915e-01	6.056111e-01	-6.701528e-01
5.939835e-01	5.967050e-01	-6.642150e-01
4.967569e-01	5.949866e-01	-6.220993e-01
5.863381e-01	5.872349e-01	-6.195256e-01
4.977494e-01	3.210238e-01	3.046587e-03
5.568080e-01	3.204911e-01	-3.027578e-03
4.560796e-01	1.911061e-01	-1.458442e-01
5.971298e-01	1.709432e-01	-1.241488e-01
4.728352e-01	1.242776e-01	1.830695e-01
5.773560e-01	1.209189e-01	2.387193e-01
4.831320e-01	1.129936e-01	2.121342e-01
5.653490e-01	1.130140e-01	2.732262e-01
4.413048e-01	6.492496e-02	1.471695e-01
5.994575e-01	5.391550e-02	2.248350e-01
5.320405e-01	6.455101e-01	-1.736415e-01
5.261355e-01	6.657686e-01	-1.580125e-01
5.225749e-01	6.660750e-01	-1.580700e-01
5.187895e-01	6.661597e-01	-1.580561e-01
5.389529e-01	6.650164e-01	-1.563334e-01
5.432564e-01	6.648114e-01	-1.563164e-01
5.478219e-01	6.644773e-01	-1.562004e-01
5.126852e-01	6.588076e-01	-6.075530e-02
5.535737e-01	6.556760e-01	-5.297153e-02
5.247061e-01	6.258517e-01	-1.364466e-01
5.396708e-01	6.249552e-01	-1.336506e-01
4.895369e-01	5.836419e-01	-7.432378e-02
5.720686e-01	5.775468e-01	-6.226216e-02
4.856449e-01	5.741721e-01	-3.508920e-01
5.859691e-01	5.660377e-01	-3.257226e-01
4.881131e-01	5.855365e-01	-6.099082e-01
5.903157e-01	5.807075e-01	-6.052195e-01
4.813887e-01	6.023864e-01	-6.705922e-01
5.997815e-01	5.973637e-01	-6.636413e-01
4.905651e-01	6.054500e-01	-6.650801e-01
5.938441e-01	5.973993e-01	-6.608106e-01
4.963594e-01	5.949399e-01	-6.174034e-01
5.862914e-01	5.880430e-01	-6.164069e-01
4.974408e-01	3.215871e-01	3.077455e-03
5.564696e-01	3.207929e-01	-3.057217e-03
4.559334e-01	1.912700e-01	-1.406570e-01
5.968079e-01	1.710611e-01	-1.261870e-01
4.725297e-01	1.245888e-01	1.850160e-01
5.774359e-01	1.209046e-01	2.428293e-01
4.828297e-01	1.133706e-01	2.167715e-01
5.654353e-01	1.129747e-01	2.776268e-01
4.407849e-01	6.476454e-02	1.642513e-01
5.988092e-01	5.317482e-02	2.297723e-01
5.313639e-01	6.469547e-01	-1.636587e-01
5.254353e-01	6.671619e-01	-1.480391e-01
5.218769e-01	6.674495e-01	-1.480921e-01
5.179034e-01	6.675246e-01	-1.480808e-01
5.384437e-01	6.664540e-01	-1.467943e-01
5.428315e-01	6.662654e-01	-1.467701e-01
5.474147e-01	6.659353e-01	-1.466427e-01
5.121372e-01	6.602848e-01	-5.075336e-02
5.533482e-01	6.572267e-01	-4.534566e-02
5.239541e-01	6.272484e-01	-1.263750e-01
5.389654e-01	6.263459e-01	-1.242392e-01
4.889160e-01	5.847967e-01	-6.665985e-02
5.717826e-01	5.782567e-01	-5.645448e-02
4.855057e-01	5.794864e-01	-3.450265e-01
5.861863e-01	5.805049e-01	-3.231215e-01
4.875273e-01	5.866519e-01	-6.075181e-01
5.903988e-01	5.809074e-01	-6.019124e-01
4.804026e-01	6.023097e-01	-6.688155e-01
5.999333e-01	5.981456e-01	-6.596549e-01
4.901762e-01	6.047276e-01	-6.632434e-01
5.939027e-01	5.976164e-01	-6.584064e-01
4.961265e-01	5.948542e-01	-6.152188e-01
5.863465e-01	5.885950e-01	-6.136503e-01
4.964241e-01	3.223138e-01	3.102925e-03
5.564170e-01	3.215319e-01	-3.080213e-03
4.555443e-01	1.918292e-01	-1.390480e-01
5.965073e-01	1.712199e-01	-1.277535e-01
4.721540e-01	1.250570e-01	1.912591e-01
5.775020e-01	1.214175e-01	2.427472e-01
4.824299e-01	1.138443e-01	2.229389e-01
5.655044e-01	1.143649e-01	2.782542e-01
4.402437e-01	6.457946e-02	1.708923e-01
5.986089e-01	5.279790e-02	2.319325e-01
5.312406e-01	6.475635e-01	-1.655533e-01
5.253047e-01	6.679656e-01	-1.498602e-01
5.216861e-01	6.682186e-01	-1.499064e-01
5.177594e-01	6.682249e-01	-1.498829e-01
5.383729e-01	6.671241e-01	-1.489779e-01
5.428319e-01	6.668453e-01	-1.489576e-01
5.473925e-01	6.663692e-01	-1.488269e-01
5.118898e-01	6.606668e-01	-5.234629e-02
5.531884e-01	6.574445e-01	-4.859797e-02
5.236523e-01	6.274435e-01	-1.282496e-01
5.388078e-01	6.271577e-01	-1.266886e-01
4.888521e-01	5.855216e-01	-6.660267e-02
5.718268e-01	5.804979e-01	-5.856527e-02
4.851177e-01	5.801389e-01	-3.431270e-01
5.874850e-01	5.875025e-01	-3.278705e-01
4.872664e-01	5.871456e-01	-6.042197e-01
5.904443e-01	5.828294e-01	-6.030793e-01
4.801628e-01	6.030644e-01	-6.651193e-01
6.000561e-01	5.986552e-01	-6.635281e-01
4.898218e-01	6.055390e-01	-6.588477e-01
5.937800e-01	5.977548e-01	-6.619024e-01
4.957661e-01	5.956894e-01	-6.116851e-01
5.864804e-01	5.891019e-01	-6.151595e-01
4.958954e-01	3.225319e-01	3.700907e-03
5.561875e-01	3.216091e-01	-3.666499e-03
4.554268e-01	1.926306e-01	-1.230795e-01
5.959668e-01	1.712631e-01	-1.275852e-01
4.716918e-01	1.250310e-01	2.083446e-01
5.775577e-01	1.213946e-01	2.355262e-01
4.820692e-01	1.135946e-01	2.384927e-01
5.655578e-01	1.140432e-01	2.704353e-01
4.395573e-01	6.442202e-02	1.854679e-01
5.987428e-01	5.242680e-02	2.255425e-01
5.309142e-01	6.523901e-01	-1.689281e-01
5.249351e-01	6.719267e-01	-1.529383e-01
5.213777e-01	6.722940e-01	-1.529867e-01
5.174434e-01	6.722981e-01	-1.529689e-01
5.380529e-01	6.709607e-01	-1.521666e-01
5.425631e-01	6.706589e-01	-1.521482e-01
5.471716e-01	6.702977e-01	-1.520219e-01
5.116965e-01	6.648377e-01	-5.365409e-02
5.530409e-01	6.623393e-01	-5.065132e-02
5.232464e-01	6.321948e-01	-1.311230e-01
5.384628e-01	6.325598e-01	-1.296458e-01
4.887559e-01	5.894476e-01	-6.522832e-02
5.718505e-01	5.836474e-01	-5.882305e-02
4.843903e-01	5.802785e-01	-3.406847e-01
5.875178e-01	5.874121e-01	-3.305180e-01
4.842190e-01	5.876375e-01	-6.079679e-01
5.904914e-01	5.834885e-01	-6.135017e-01
4.773010e-01	6.035588e-01	-6.697552e-01
6.003246e-01	5.987028e-01	-6.752655e-01
4.861735e-01	6.062824e-01	-6.642909e-01
5.939442e-01	5.977945e-01	-6.740975e-01
4.915672e-01	5.971025e-01	-6.160502e-01
5.872235e-01	5.892240e-01	-6.258913e-01
4.954617e-01	3.283368e-01	4.351276e-03
5.560428e-01	3.260607e-01	-4.296546e-03
4.546602e-01	1.936618e-01	-1.205059e-01
5.955084e-01	1.716552e-01	-1.231408e-01
4.715602e-01	1.249414e-01	2.109479e-01
5.775848e-01	1.209511e-01	2.360135e-01
4.820105e-01	1.134106e-01	2.405315e-01
5.655963e-01	1.132399e-01	2.721283e-01
4.394681e-01	6.433460e-02	1.835965e-01
5.988425e-01	5.222558e-02	2.265710e-01
5.309830e-01	6.664709e-01	-1.705522e-01
5.248777e-01	6.848383e-01	-1.544347e-01
5.212710e-01	6.846738e-01	-1.544892e-01
5.173012e-01	6.843693e-01	-1.544746e-01
5.380349e-01	6.847061e-01	-1.538567e-01
5.425537e-01	6.845248e-01	-1.538374e-01
5.471445e-01	6.839577e-01	-1.537113e-01
5.116108e-01	6.754267e-01	-5.470829e-02
5.529285e-01	6.748829e-01	-5.098321e-02
5.233033e-01	6.465262e-01	-1.326243e-01
5.384929e-01	6.462651e-01	-1.312863e-01
4.883214e-01	5.985011e-01	-6.659684e-02
5.718673e-01	5.898407e-01	-5.970747e-02
4.841421e-01	5.841709e-01	-3.435125e-01
5.871490e-01	5.856569e-01	-3.307461e-01
4.803763e-01	5.875662e-01	-6.260535e-01
5.915142e-01	5.830604e-01	-6.223121e-01
4.724764e-01	6.013623e-01	-6.909984e-01
6.035924e-01	5.981027e-01	-6.851057e-01
4.815641e-01	6.063693e-01	-6.887767e-01
5.971776e-01	5.979401e-01	-6.856446e-01
4.875669e-01	5.972357e-01	-6.357993e-01
5.892297e-01	5.894477e-01	-6.354974e-01
4.950417e-01	3.367618e-01	4.638822e-03
5.559871e-01	3.327518e-01	-4.580236e-03
4.544223e-01	1.952377e-01	-1.216892e-01
5.948609e-01	1.738456e-01	-1.157154e-01
4.715773e-01	1.249925e-01	2.102633e-01
5.775226e-01	1.195346e-01	2.376340e-01
4.820453e-01	1.133204e-01	2.397420e-01
5.655938e-01	1.105185e-01	2.743233e-01
4.395017e-01	6.429057e-02	1.802496e-01
5.991949e-01	5.144337e-02	2.256467e-01
5.306190e-01	6.770019e-01	-1.716169e-01
5.244935e-01	6.956227e-01	-1.555415e-01
5.209805e-01	6.956022e-01	-1.555962e-01
5.168826e-01	6.951921e-01	-1.555813e-01
5.378207e-01	6.949900e-01	-1.564109e-01
5.423672e-01	6.944271e-01	-1.564017e-01
5.469890e-01	6.933792e-01	-1.563034e-01
5.113084e-01	6.866182e-01	-5.403669e-02
5.527071e-01	6.833932e-01	-6.639631e-02
5.227806e-01	6.565648e-01	-1.332842e-01
5.384449e-01	6.556990e-01	-1.334268e-01
4.871075e-01	6.062259e-01	-5.156740e-02
5.719284e-01	5.975811e-01	-8.437038e-02
4.840124e-01	5.857219e-01	-3.096820e-01
5.875130e-01	5.856607e-01	-3.697417e-01
4.775738e-01	5.779704e-01	-5.934059e-01
5.941550e-01	5.820004e-01	-6.654662e-01
4.702459e-01	5.930694e-01	-6.530280e-01
6.075445e-01	5.949889e-01	-7.295597e-01
4.780099e-01	5.989264e-01	-6.539997e-01
6.009587e-01	5.957024e-01	-7.277285e-01
4.841641e-01	5.898728e-01	-6.041371e-01
5.929114e-01	5.885167e-01	-6.772533e-01
4.947227e-01	3.479948e-01	9.982605e-03
5.559816e-01	3.417805e-01	-9.967645e-03
4.543629e-01	2.025131e-01	-1.190624e-01
5.931305e-01	1.792154e-01	-1.141842e-01
4.720913e-01	1.249283e-01	2.092503e-01
5.774004e-01	1.182584e-01	2.323488e-01
4.823465e-01	1.119163e-01	2.384978e-01
5.654966e-01	1.069623e-01	2.649001e-01
4.396399e-01	6.420717e-02	1.762342e-01
5.992553e-01	5.057412e-02	1.980084e-01
5.306696e-01	6.917528e-01	-1.842883e-01
5.245477e-01	7.115384e-01	-1.689177e-01
5.210217e-01	7.113648e-01	-1.689519e-01
5.169405e-01	7.111582e-01	-1.689207e-01
5.378327e-01	7.102847e-01	-1.728834e-01
5.423844e-01	7.094179e-01	-1.728671e-01
5.470324e-01	7.078716e-01	-1.727537e-01
5.113310e-01	7.020457e-01	-6.650396e-02
5.527343e-01	6.964796e-01	-8.543150e-02
5.228170e-01	6.725535e-01	-1.446760e-01
5.384786e-01	6.702617e-01	-1.492339e-01
4.871373e-01	6.189693e-01	-5.740250e-02
5.720779e-01	6.110892e-01	-1.028774e-01
4.840212e-01	5.956177e-01	-3.229484e-01
5.859394e-01	5.945606e-01	-3.911373e-01
4.755890e-01	5.796495e-01	-6.082656e-01
5.952472e-01	5.822338e-01	-6.914243e-01
4.663973e-01	5.910804e-01	-6.700619e-01
6.113479e-01	5.944339e-01	-7.586603e-01
4.759000e-01	5.941419e-01	-6.750671e-01
6.029063e-01	5.938928e-01	-7.582892e-01
4.828264e-01	5.876530e-01	-6.216010e-01
5.934913e-01	5.877998e-01	-7.043413e-01
4.945936e-01	3.575814e-01	1.231305e-02
5.558240e-01	3.517130e-01	-1.227690e-02
4.542848e-01	2.094022e-01	-1.161861e-01
5.908889e-01	1.880752e-01	-8.647027e-02
4.720770e-01	1.239292e-01	1.860599e-01
5.773206e-01	1.171989e-01	2.245935e-01
4.823577e-01	1.095446e-01	2.104967e-01
5.655481e-01	1.038925e-01	2.514175e-01
4.391332e-01	6.170212e-02	1.354504e-01
5.999773e-01	5.073555e-02	1.747247e-01
5.304087e-01	7.073937e-01	-1.926108e-01
5.244232e-01	7.265106e-01	-1.760544e-01
5.209144e-01	7.264491e-01	-1.760935e-01
5.168982e-01	7.262358e-01	-1.760650e-01
5.377513e-01	7.255085e-01	-1.792144e-01
5.423081e-01	7.248796e-01	-1.791916e-01
5.469871e-01	7.238303e-01	-1.790582e-01
5.113606e-01	7.179704e-01	-7.015995e-02
5.527568e-01	7.129360e-01	-8.393480e-02
5.227005e-01	6.881597e-01	-1.518483e-01
5.384919e-01	6.858801e-01	-1.553796e-01
4.868863e-01	6.319093e-01	-5.940313e-02
5.732281e-01	6.249619e-01	-9.617608e-02
4.795921e-01	6.072574e-01	-3.241022e-01
5.898052e-01	5.968131e-01	-3.755109e-01
4.708667e-01	5.830914e-01	-6.307298e-01
5.981108e-01	5.823798e-01	-6.682085e-01
4.613196e-01	5.919239e-01	-6.975302e-01
6.131065e-01	5.895963e-01	-7.350003e-01
4.729610e-01	5.950127e-01	-7.001681e-01
6.026616e-01	5.895373e-01	-7.344900e-01
4.800065e-01	5.889620e-01	-6.429678e-01
5.933003e-01	5.863957e-01	-6.809140e-01
4.943663e-01	3.670999e-01	1.147946e-02
5.557207e-01	3.628328e-01	-1.143649e-02
4.541970e-01	2.130099e-01	-1.213287e-01
5.896069e-01	1.953545e-01	-8.408493e-02
4.722153e-01	1.224656e-01	1.733822e-01
5.773330e-01	1.147920e-01	2.185266e-01
4.825156e-01	1.057288e-01	1.976771e-01
5.659645e-01	9.947589e-02	2.433857e-01
4.389734e-01	5.985408e-02	1.200738e-01
6.012145e-01	5.058118e-02	1.629229e-01
5.303563e-01	7.252157e-01	-1.898324e-01
5.244330e-01	7.428725e-01	-1.732966e-01
5.209059e-01	7.429720e-01	-1.733375e-01
5.169321e-01	7.427169e-01	-1.733123e-01
5.377735e-01	7.420156e-01	-1.754517e-01
5.423072e-01	7.414709e-01	-1.754310e-01
5.469943e-01	7.405116e-01	-1.753022e-01
5.113770e-01	7.346098e-01	-6.571745e-02
5.527775e-01	7.305876e-01	-7.868211e-02
5.226040e-01	7.051511e-01	-1.496267e-01
5.385107e-01	7.028347e-01	-1.521888e-01
4.866419e-01	6.454617e-01	-5.810962e-02
5.746434e-01	6.361227e-01	-7.697855e-02
4.781704e-01	6.212736e-01	-3.034820e-01
5.947489e-01	5.995570e-01	-3.106379e-01
4.671497e-01	5.978060e-01	-5.974249e-01
6.070138e-01	5.803663e-01	-5.962865e-01
4.560102e-01	5.929981e-01	-6.646258e-01
6.213694e-01	5.745831e-01	-6.632876e-01
4.688496e-01	5.946876e-01	-6.731302e-01
6.112260e-01	5.734501e-01	-6.696072e-01
4.766429e-01	5.894352e-01	-6.107906e-01
6.030821e-01	5.744584e-01	-6.114886e-01
4.940108e-01	3.789325e-01	1.115910e-02
5.556415e-01	3.733636e-01	-1.106504e-02
4.541639e-01	2.207945e-01	-1.489246e-01
5.886341e-01	2.007387e-01	-9.032122e-02
4.722584e-01	1.216443e-01	1.397031e-01
5.770828e-01	1.146624e-01	2.055107e-01
4.824404e-01	1.042304e-01	1.630582e-01
5.659154e-01	9.780032e-02	2.287400e-01
4.389691e-01	5.936334e-02	7.346422e-02
6.016681e-01	5.047740e-02	1.408917e-01
5.302280e-01	7.422222e-01	-1.971286e-01
5.244046e-01	7.596111e-01	-1.789326e-01
5.208573e-01	7.598945e-01	-1.789922e-01
5.169343e-01	7.597367e-01	-1.789655e-01
5.377774e-01	7.585222e-01	-1.804357e-01
5.422917e-01	7.579765e-01	-1.804243e-01
5.469605e-01	7.570514e-01	-1.802997e-01
5.114237e-01	7.531461e-01	-6.804998e-02
5.527902e-01	7.485813e-01	-7.675002e-02
5.224193e-01	7.216486e-01	-1.559593e-01
5.384706e-01	7.188906e-01	-1.574660e-01
4.853407e-01	6.575282e-01	-4.563979e-02
5.767914e-01	6.486592e-01	-4.360193e-02
4.711727e-01	6.223596e-01	-2.147506e-01
6.029943e-01	5.987246e-01	-1.907870e-01
4.603816e-01	5.992233e-01	-4.856980e-01
6.200890e-01	5.604947e-01	-4.388570e-01
4.515628e-01	5.865600e-01	-5.482205e-01
6.354273e-01	5.344387e-01	-4.989937e-01
4.641902e-01	5.869991e-01	-5.620992e-01
6.252453e-01	5.428770e-01	-5.128645e-01
4.716218e-01	5.883979e-01	-4.992221e-01
6.182225e-01	5.475476e-01	-4.545597e-01
4.934968e-01	3.906713e-01	9.203148e-03
5.554600e-01	3.847036e-01	-8.990867e-03
4.539940e-01	2.294562e-01	-1.730000e-01
5.884174e-01	2.108900e-01	-9.258984e-02
4.723283e-01	1.213241e-01	1.059405e-01
5.770895e-01	1.145414e-01	1.654841e-01
4.825817e-01	1.037854e-01	1.283186e-01
5.661226e-01	9.497820e-02	1.840904e-01
4.389738e-01	5.923407e-02	3.742906e-02
6.032207e-01	5.025701e-02	8.727893e-02
5.302446e-01	7.559943e-01	-2.155094e-01
5.244156e-01	7.740210e-01	-1.963648e-01
5.208676e-01	7.744796e-01	-1.964387e-01
5.169465e-01	7.745047e-01	-1.963983e-01
5.377833e-01	7.730319e-01	-1.960535e-01
5.423034e-01	7.726653e-01	-1.960382e-01
5.469619e-01	7.719705e-01	-1.959003e-01
5.114583e-01	7.680374e-01	-8.043559e-02
5.527481e-01	7.636168e-01	-7.940413e-02
5.223778e-01	7.356237e-01	-1.726333e-01
5.384919e-01	7.331142e-01	-1.716056e-01
4.831041e-01	6.667725e-01	-4.659304e-02
5.776829e-01	6.604555e-01	-3.017798e-02
4.657444e-01	6.187757e-01	-1.999706e-01
6.074448e-01	5.936409e-01	-1.571512e-01
4.547185e-01	5.848696e-01	-4.795790e-01
6.304358e-01	5.365420e-01	-4.112145e-01
4.461327e-01	5.639639e-01	-5.430600e-01
6.451838e-01	5.091652e-01	-4.721268e-01
4.580261e-01	5.682854e-01	-5.620770e-01
6.353635e-01	5.153620e-01	-4.895990e-01
4.655987e-01	5.730187e-01	-4.948981e-01
6.270629e-01	5.231990e-01	-4.279722e-01
4.935257e-01	4.045145e-01	5.924826e-03
5.555493e-01	4.009801e-01	-5.673851e-03
4.543580e-01	2.348769e-01	-1.586191e-01
5.879909e-01	2.221126e-01	-7.280127e-02
4.723180e-01	1.202918e-01	1.115826e-01
5.772354e-01	1.149633e-01	1.770485e-01
4.825612e-01	1.005157e-01	1.322906e-01
5.666095e-01	9.463376e-02	1.941250e-01
4.384538e-01	5.607301e-02	3.188777e-02
6.051995e-01	5.084097e-02	8.831839e-02
5.302570e-01	7.718531e-01	-2.311089e-01
5.244276e-01	7.898897e-01	-2.109796e-01
5.208492e-01	7.901937e-01	-2.110550e-01
5.169566e-01	7.900603e-01	-2.110116e-01
5.377935e-01	7.893962e-01	-2.109068e-01
5.423132e-01	7.891474e-01	-2.108955e-01
5.469676e-01	7.886826e-01	-2.107500e-01
5.114866e-01	7.834690e-01	-9.316384e-02
5.527318e-01	7.804995e-01	-9.164898e-02
5.223826e-01	7.508424e-01	-1.877601e-01
5.385255e-01	7.485695e-01	-1.870036e-01
4.814933e-01	6.782944e-01	-4.813407e-02
5.790747e-01	6.705708e-01	-3.785104e-02
4.601270e-01	6.159215e-01	-1.919194e-01
6.095805e-01	5.903406e-01	-1.583113e-01
4.479697e-01	5.630927e-01	-4.583268e-01
6.354662e-01	5.228057e-01	-4.092416e-01
4.397214e-01	5.314388e-01	-5.207254e-01
6.513960e-01	4.916189e-01	-4.707756e-01
4.500977e-01	5.348769e-01	-5.448805e-01
6.430649e-01	4.963307e-01	-4.918433e-01
4.578793e-01	5.435771e-01	-4.752760e-01
6.354541e-01	5.035331e-01	-4.274937e-01
4.936084e-01	4.176602e-01	3.839307e-03
5.555891e-01	4.142006e-01	-3.587898e-03
4.547954e-01	2.441580e-01	-1.399787e-01
5.871914e-01	2.328437e-01	-5.448731e-02
4.721746e-01	1.201561e-01	1.279588e-01
5.774873e-01	1.159863e-01	1.929891e-01
4.822784e-01	9.816772e-02	1.481463e-01
5.667197e-01	9.471429e-02	2.129650e-01
4.379683e-01	5.620841e-02	4.438664e-02
6.061996e-01	5.214513e-02	1.076281e-01
5.302001e-01	7.897843e-01	-2.290295e-01
5.243767e-01	8.084336e-01	-2.095229e-01
5.207916e-01	8.083727e-01	-2.095851e-01
5.169047e-01	8.080699e-01	-2.095379e-01
5.377736e-01	8.082848e-01	-2.089736e-01
5.422605e-01	8.080418e-01	-2.089691e-01
5.468808e-01	8.076581e-01	-2.088316e-01
5.115091e-01	8.008967e-01	-9.602733e-02
5.527098e-01	7.988989e-01	-9.292580e-02
5.223576e-01	7.672343e-01	-1.872749e-01
5.385417e-01	7.656859e-01	-1.861445e-01
4.794950e-01	6.857406e-01	-5.091526e-02
5.804784e-01	6.839285e-01	-3.537815e-02
4.573971e-01	6.132602e-01	-1.570153e-01
6.111351e-01	5.904295e-01	-1.221884e-01
4.455684e-01	5.457927e-01	-3.970210e-01
6.347598e-01	5.172827e-01	-3.469483e-01
4.354945e-01	5.096585e-01	-4.530666e-01
6.502565e-01	4.865231e-01	-4.024551e-01
4.442271e-01	5.128177e-01	-4.796839e-01
6.419346e-01	4.840321e-01	-4.248493e-01
4.529559e-01	5.233236e-01	-4.138575e-01
6.338878e-01	4.933637e-01	-3.645407e-01
4.941072e-01	4.283787e-01	2.927191e-03
5.565559e-01	4.254661e-01	-2.686267e-03
4.557470e-01	2.512267e-01	-1.240171e-01
5.864742e-01	2.399204e-01	-5.248918e-02
4.721546e-01	1.200970e-01	1.268905e-01
5.774980e-01	1.178008e-01	1.839325e-01
4.821627e-01	9.727512e-02	1.454258e-01
5.669119e-01	9.507026e-02	1.994280e-01
4.373173e-01	5.808587e-02	4.428051e-02
6.064124e-01	5.332903e-02	9.375964e-02
5.302094e-01	8.114418e-01	-2.379354e-01
5.244116e-01	8.301362e-01	-2.165512e-01
5.207962e-01	8.295724e-01	-2.166114e-01
5.169249e-01	8.291449e-01	-2.165383e-01
5.377972e-01	8.295512e-01	-2.166648e-01
5.422789e-01	8.290221e-01	-2.166657e-01
5.469142e-01	8.283244e-01	-2.165304e-01
5.115214e-01	8.197259e-01	-9.747029e-02
5.527261e-01	8.170421e-01	-9.695929e-02
5.223621e-01	7.888214e-01	-1.944233e-01
5.386967e-01	7.860584e-01	-1.940848e-01
4.783497e-01	7.022863e-01	-5.072402e-02
5.814639e-01	6.998041e-01	-3.834348e-02
4.541554e-01	6.122068e-01	-1.339165e-01
6.123533e-01	5.917475e-01	-1.159104e-01
4.398711e-01	5.363515e-01	-3.599460e-01
6.368340e-01	5.061640e-01	-3.322836e-01
4.343186e-01	4.984928e-01	-4.141114e-01
6.518063e-01	4.795935e-01	-3.870558e-01
4.428686e-01	5.022135e-01	-4.428509e-01
6.434422e-01	4.735415e-01	-4.123650e-01
4.492048e-01	5.145019e-01	-3.774188e-01
6.358069e-01	4.812532e-01	-3.502171e-01
4.944808e-01	4.379902e-01	3.022849e-03
5.568699e-01	4.357084e-01	-2.794636e-03
4.570761e-01	2.594364e-01	-9.597876e-02
5.851148e-01	2.488295e-01	-4.701483e-02
4.721527e-01	1.202209e-01	1.432452e-01
5.772556e-01	1.183210e-01	1.916085e-01
4.820682e-01	9.744082e-02	1.526252e-01
5.667649e-01	9.539350e-02	2.114369e-01
4.367060e-01	5.840151e-02	6.442513e-02
6.062866e-01	5.500356e-02	1.061368e-01
5.302169e-01	8.277408e-01	-2.646598e-01
5.244685e-01	8.461602e-01	-2.429382e-01
5.208172e-01	8.455636e-01	-2.429929e-01
5.170119e-01	8.449960e-01	-2.429208e-01
5.378052e-01	8.455312e-01	-2.437358e-01
5.422846e-01	8.448519e-01	-2.437437e-01
5.469159e-01	8.440660e-01	-2.435963e-01
5.118908e-01	8.350601e-01	-1.220830e-01
5.527366e-01	8.326127e-01	-1.252077e-01
5.223851e-01	8.052378e-01	-2.204615e-01
5.387397e-01	8.023776e-01	-2.212162e-01
4.783521e-01	7.150754e-01	-6.670564e-02
5.821191e-01	7.123078e-01	-4.925359e-02
4.534673e-01	6.145987e-01	-1.152229e-01
6.126636e-01	5.923837e-01	-9.458721e-02
4.359619e-01	5.239769e-01	-2.961280e-01
6.355293e-01	4.983788e-01	-2.696102e-01
4.292982e-01	4.850129e-01	-3.424900e-01
6.493858e-01	4.650135e-01	-3.176992e-01
4.390383e-01	4.872963e-01	-3.763811e-01
6.454064e-01	4.607088e-01	-3.495679e-01
4.457166e-01	4.994953e-01	-3.143309e-01
6.378076e-01	4.694055e-01	-2.888250e-01
4.950362e-01	4.498461e-01	2.693221e-03
5.573937e-01	4.468542e-01	-2.495817e-03
4.598773e-01	2.692180e-01	-5.549644e-02
5.840492e-01	2.610232e-01	-3.171401e-02
4.721497e-01	1.207181e-01	1.702391e-01
5.772437e-01	1.187197e-01	1.934980e-01
4.818524e-01	9.770688e-02	1.823479e-01
5.667655e-01	9.562838e-02	2.088960e-01
4.367312e-01	6.273994e-02	6.766311e-02
6.061870e-01	5.722823e-02	9.404270e-02
5.302840e-01	8.424472e-01	-2.730300e-01
5.246429e-01	8.612133e-01	-2.513329e-01
5.208896e-01	8.606471e-01	-2.513685e-01
5.171649e-01	8.600132e-01	-2.512832e-01
5.378654e-01	8.604107e-01	-2.515227e-01
5.423215e-01	8.596973e-01	-2.515398e-01
5.469533e-01	8.588058e-01	-2.513781e-01
5.121170e-01	8.492650e-01	-1.304910e-01
5.528157e-01	8.469328e-01	-1.313195e-01
5.224839e-01	8.195388e-01	-2.288494e-01
5.388955e-01	8.170260e-01	-2.289095e-01
4.783021e-01	7.253419e-01	-7.383145e-02
5.827081e-01	7.229949e-01	-5.586447e-02
4.527632e-01	6.142168e-01	-9.950002e-02
6.115710e-01	5.963784e-01	-9.849347e-02
4.347377e-01	5.058405e-01	-2.499552e-01
6.326565e-01	5.010850e-01	-2.832491e-01
4.308346e-01	4.616505e-01	-2.929224e-01
6.467631e-01	4.666818e-01	-3.344676e-01
4.398206e-01	4.674987e-01	-3.297204e-01
6.407800e-01	4.629928e-01	-3.653667e-01
4.449956e-01	4.819489e-01	-2.686552e-01
6.327313e-01	4.730489e-01	-3.024366e-01
4.951036e-01	4.570686e-01	2.291107e-03
5.577592e-01	4.545073e-01	-2.110540e-03
4.641089e-01	2.755260e-01	-2.869374e-02
5.823140e-01	2.679714e-01	-1.066464e-02
4.718390e-01	1.209038e-01	2.011712e-01
5.770609e-01	1.197887e-01	2.173247e-01
4.810088e-01	9.793162e-02	2.158385e-01
5.667662e-01	9.683256e-02	2.294511e-01
4.364174e-01	6.284134e-02	1.048070e-01
6.061362e-01	5.948967e-02	1.095938e-01
5.305380e-01	8.531998e-01	-2.866034e-01
5.249986e-01	8.720478e-01	-2.662098e-01
5.210190e-01	8.716336e-01	-2.662424e-01
5.173824e-01	8.710335e-01	-2.661594e-01
5.381535e-01	8.710149e-01	-2.666586e-01
5.425432e-01	8.703192e-01	-2.666963e-01
5.472201e-01	8.693832e-01	-2.665641e-01
5.124203e-01	8.607750e-01	-1.502952e-01
5.530744e-01	8.579531e-01	-1.522066e-01
5.227396e-01	8.300307e-01	-2.437942e-01
5.391890e-01	8.273230e-01	-2.441171e-01
4.784989e-01	7.357621e-01	-8.888583e-02
5.831517e-01	7.293797e-01	-7.121684e-02
4.534420e-01	6.149432e-01	-7.761611e-02
6.109536e-01	5.971670e-01	-6.299090e-02
4.347216e-01	5.016131e-01	-1.826336e-01
6.308987e-01	4.909023e-01	-1.874056e-01
4.300297e-01	4.592077e-01	-2.183283e-01
6.446957e-01	4.559875e-01	-2.275889e-01
4.376493e-01	4.605033e-01	-2.559683e-01
6.381071e-01	4.526971e-01	-2.625159e-01
4.430788e-01	4.751143e-01	-2.009224e-01
6.300989e-01	4.632391e-01	-2.061477e-01
4.951076e-01	4.622261e-01	1.077703e-03
5.577506e-01	4.607614e-01	-9.052884e-04
4.689596e-01	2.821907e-01	5.322882e-03
5.798649e-01	2.756079e-01	1.342593e-02
4.717443e-01	1.217709e-01	2.098360e-01
5.767757e-01	1.200851e-01	2.162022e-01
4.809105e-01	9.838508e-02	2.226019e-01
5.667442e-01	9.636047e-02	2.289863e-01
4.376381e-01	6.449993e-02	1.143324e-01
6.065868e-01	6.154453e-02	1.071168e-01
5.305365e-01	8.610420e-01	-2.992465e-01
5.250070e-01	8.798419e-01	-2.801293e-01
5.210238e-01	8.795058e-01	-2.801522e-01
5.173876e-01	8.790552e-01	-2.800647e-01
5.381576e-01	8.792000e-01	-2.798161e-01
5.425470e-01	8.786105e-01	-2.798591e-01
5.472226e-01	8.779193e-01	-2.797313e-01
5.124973e-01	8.689414e-01	-1.653715e-01
5.531010e-01	8.665181e-01	-1.640739e-01
5.227436e-01	8.371147e-01	-2.563597e-01
5.391966e-01	8.348209e-01	-2.557091e-01
4.780752e-01	7.430090e-01	-1.015439e-01
5.838195e-01	7.366893e-01	-7.826798e-02
4.531957e-01	6.147332e-01	-8.556350e-02
6.106690e-01	5.989119e-01	-5.627876e-02
4.358657e-01	4.960136e-01	-1.861759e-01
6.297113e-01	4.833417e-01	-1.715584e-01
4.317975e-01	4.555216e-01	-2.211292e-01
6.440290e-01	4.506613e-01	-2.085222e-01
4.391232e-01	4.589356e-01	-2.581900e-01
6.367692e-01	4.474352e-01	-2.438585e-01
4.444514e-01	4.729758e-01	-2.039274e-01
6.287584e-01	4.574325e-01	-1.897379e-01
4.951254e-01	4.646410e-01	3.095170e-04
5.578862e-01	4.644759e-01	-1.417909e-04
4.739643e-01	2.864065e-01	2.512566e-02
5.773147e-01	2.784024e-01	3.198426e-02
4.719749e-01	1.224274e-01	2.178349e-01
5.768133e-01	1.202463e-01	2.243826e-01
4.809900e-01	9.852262e-02	2.294252e-01
5.671564e-01	9.547462e-02	2.339664e-01
4.378265e-01	6.576985e-02	1.205408e-01
6.076090e-01	6.166273e-02	1.124588e-01
5.305398e-01	8.671125e-01	-2.886627e-01
5.250112e-01	8.857908e-01	-2.695161e-01
5.210193e-01	8.856899e-01	-2.695331e-01
5.173910e-01	8.854748e-01	-2.694451e-01
5.381642e-01	8.853768e-01	-2.691101e-01
5.425500e-01	8.848619e-01	-2.691437e-01
5.472295e-01	8.841400e-01	-2.690019e-01
5.125319e-01	8.753273e-01	-1.563212e-01
5.531491e-01	8.727480e-01	-1.544390e-01
5.227420e-01	8.427576e-01	-2.465782e-01
5.392044e-01	8.410283e-01	-2.457450e-01
4.779597e-01	7.481091e-01	-9.716401e-02
5.840639e-01	7.399102e-01	-7.442297e-02
4.538242e-01	6.164931e-01	-7.749899e-02
6.102558e-01	6.010174e-01	-5.020430e-02
4.375847e-01	4.965990e-01	-1.739350e-01
6.282517e-01	4.805439e-01	-1.652349e-01
4.333895e-01	4.582891e-01	-2.090677e-01
6.397281e-01	4.482081e-01	-2.035682e-01
4.412785e-01	4.606895e-01	-2.471525e-01
6.316763e-01	4.461051e-01	-2.385303e-01
4.468772e-01	4.738538e-01	-1.919033e-01
6.243309e-01	4.562675e-01	-1.834152e-01
4.953922e-01	4.690146e-01	-3.199429e-05
5.583380e-01	4.684806e-01	1.931015e-04
4.761876e-01	2.863712e-01	1.818940e-02
5.750304e-01	2.792910e-01	2.768243e-02
4.719419e-01	1.224823e-01	2.042129e-01
5.768171e-01	1.206336e-01	2.215416e-01
4.808331e-01	9.843545e-02	2.167258e-01
5.671631e-01	9.501774e-02	2.247985e-01
4.378847e-01	6.556553e-02	1.152725e-01
6.076049e-01	6.143126e-02	1.000684e-01
5.305153e-01	8.723511e-01	-3.055852e-01
5.250087e-01	8.908435e-01	-2.863373e-01
5.209881e-01	8.911062e-01	-2.863510e-01
5.173842e-01	8.911063e-01	-2.862622e-01
5.381701e-01	8.899127e-01	-2.865491e-01
5.425534e-01	8.893365e-01	-2.865875e-01
5.472321e-01	8.884991e-01	-2.864486e-01
5.125489e-01	8.810449e-01	-1.712177e-01
5.531813e-01	8.776792e-01	-1.720164e-01
5.226806e-01	8.483634e-01	-2.626005e-01
5.391965e-01	8.462414e-01	-2.624781e-01
4.778236e-01	7.495434e-01	-1.093635e-01
5.843533e-01	7.428444e-01	-8.625293e-02
4.544657e-01	6.164876e-01	-9.092569e-02
6.100001e-01	6.018360e-01	-5.914535e-02
4.390867e-01	4.945163e-01	-1.896600e-01
6.251135e-01	4.773652e-01	-1.667819e-01
4.343119e-01	4.572278e-01	-2.247308e-01
6.347216e-01	4.442350e-01	-2.027170e-01
4.426020e-01	4.595663e-01	-2.628557e-01
6.282248e-01	4.426880e-01	-2.396738e-01
4.483048e-01	4.722206e-01	-2.077780e-01
6.216162e-01	4.530838e-01	-1.855350e-01
4.953855e-01	4.732001e-01	-4.637403e-04
5.583272e-01	4.724886e-01	6.112513e-04
4.773839e-01	2.885786e-01	2.684004e-02
5.726206e-01	2.816304e-01	3.513154e-02
4.718687e-01	1.227709e-01	2.045531e-01
5.769752e-01	1.209020e-01	2.192301e-01
4.800397e-01	9.850790e-02	2.149222e-01
5.674306e-01	9.478817e-02	2.247095e-01
4.390520e-01	6.553276e-02	1.123124e-01
6.084392e-01	6.124317e-02	1.007151e-01
5.310420e-01	8.740705e-01	-2.890238e-01
5.253183e-01	8.922121e-01	-2.699778e-01
5.210773e-01	8.921384e-01	-2.699951e-01
5.174787e-01	8.919963e-01	-2.699134e-01
5.385878e-01	8.920015e-01	-2.703217e-01
5.430203e-01	8.914791e-01	-2.703576e-01
5.477879e-01	8.908884e-01	-2.702121e-01
5.125752e-01	8.811872e-01	-1.581896e-01
5.535834e-01	8.788729e-01	-1.599787e-01
5.229809e-01	8.497315e-01	-2.473917e-01
5.397263e-01	8.483102e-01	-2.474964e-01
4.778653e-01	7.514110e-01	-1.031637e-01
5.851344e-01	7.413785e-01	-8.153646e-02
4.546536e-01	6.188275e-01	-8.652903e-02
6.089208e-01	6.020386e-01	-5.322115e-02
4.397658e-01	4.976226e-01	-1.801329e-01
6.185355e-01	4.767904e-01	-1.561665e-01
4.344659e-01	4.596000e-01	-2.151919e-01
6.258613e-01	4.424500e-01	-1.933120e-01
4.427524e-01	4.612231e-01	-2.533929e-01
6.206978e-01	4.423676e-01	-2.279830e-01
4.485314e-01	4.739532e-01	-1.982102e-01
6.155345e-01	4.537016e-01	-1.741881e-01
4.950274e-01	4.735288e-01	-1.270238e-03
5.581127e-01	4.711429e-01	1.410048e-03
4.801262e-01	2.893936e-01	4.001736e-02
5.711657e-01	2.818934e-01	4.549467e-02
4.718280e-01	1.226923e-01	2.078119e-01
5.773455e-01	1.213787e-01	2.200732e-01
4.795495e-01	9.793745e-02	2.169352e-01
5.682439e-01	9.469316e-02	2.258083e-01
4.393194e-01	6.546603e-02	1.090596e-01
6.087213e-01	6.126847e-02	1.050669e-01
5.311421e-01	8.751887e-01	-2.796912e-01
5.254105e-01	8.932273e-01	-2.610923e-01
5.211173e-01	8.930078e-01	-2.610679e-01
5.175348e-01	8.927427e-01	-2.609645e-01
5.386651e-01	8.930194e-01	-2.614809e-01
5.430725e-01	8.925006e-01	-2.615350e-01
5.478464e-01	8.917341e-01	-2.613604e-01
5.126449e-01	8.814870e-01	-1.540820e-01
5.536630e-01	8.782811e-01	-1.541326e-01
5.229973e-01	8.513296e-01	-2.427264e-01
5.398144e-01	8.497335e-01	-2.432377e-01
4.778846e-01	7.513482e-01	-1.005056e-01
5.854027e-01	7.421594e-01	-7.189412e-02
4.557137e-01	6.201212e-01	-7.064395e-02
6.061880e-01	6.033149e-01	-3.756430e-02
4.406176e-01	4.987017e-01	-1.581119e-01
6.135374e-01	4.803924e-01	-1.383093e-01
4.355564e-01	4.609773e-01	-1.920770e-01
6.211377e-01	4.445014e-01	-1.747622e-01
4.438706e-01	4.625928e-01	-2.307110e-01
6.139654e-01	4.451239e-01	-2.088106e-01
4.498459e-01	4.751087e-01	-1.761793e-01
6.085109e-01	4.572536e-01	-1.560457e-01
4.945992e-01	4.752786e-01	-1.494654e-03
5.576030e-01	4.716673e-01	1.639882e-03
4.810709e-01	2.901975e-01	3.165307e-02
5.703610e-01	2.837727e-01	3.705423e-02
4.718106e-01	1.226494e-01	2.020698e-01
5.775868e-01	1.215768e-01	2.032288e-01
4.794205e-01	9.768714e-02	2.051272e-01
5.685261e-01	9.425906e-02	2.082831e-01
4.398080e-01	6.578960e-02	9.350897e-02
6.093567e-01	6.149563e-02	8.814175e-02
5.311628e-01	8.711871e-01	-2.769957e-01
5.254239e-01	8.910155e-01	-2.585371e-01
5.211401e-01	8.906594e-01	-2.585350e-01
5.175837e-01	8.902323e-01	-2.584458e-01
5.386663e-01	8.906590e-01	-2.588654e-01
5.430706e-01	8.900608e-01	-2.589039e-01
5.478450e-01	8.890933e-01	-2.587438e-01
5.129118e-01	8.796465e-01	-1.502282e-01
5.537554e-01	8.759723e-01	-1.513804e-01
5.230086e-01	8.483465e-01	-2.378068e-01
5.398899e-01	8.467239e-01	-2.380440e-01
4.780539e-01	7.507982e-01	-9.704044e-02
5.855733e-01	7.422777e-01	-7.190349e-02
4.573074e-01	6.208010e-01	-7.361079e-02
6.040791e-01	6.036652e-01	-4.042638e-02
4.430255e-01	4.986984e-01	-1.600501e-01
6.107094e-01	4.812622e-01	-1.381305e-01
4.377944e-01	4.613264e-01	-1.932127e-01
6.185848e-01	4.460311e-01	-1.737451e-01
4.456674e-01	4.629259e-01	-2.318240e-01
6.116587e-01	4.469513e-01	-2.083810e-01
4.518705e-01	4.754454e-01	-1.779187e-01
6.064707e-01	4.589173e-01	-1.559781e-01
4.947756e-01	4.755005e-01	-1.806903e-03
5.576006e-01	4.725288e-01	1.942009e-03
4.822972e-01	2.912965e-01	3.164835e-02
5.692337e-01	2.858578e-01	3.875544e-02
4.717197e-01	1.227654e-01	1.977762e-01
5.778137e-01	1.218459e-01	2.031111e-01
4.790849e-01	9.772020e-02	1.999486e-01
5.689296e-01	9.410817e-02	2.093708e-01
4.404277e-01	6.573759e-02	8.537234e-02
6.092812e-01	6.189420e-02	8.921636e-02
5.311450e-01	8.708994e-01	-2.763416e-01
5.253985e-01	8.906533e-01	-2.584848e-01
5.211386e-01	8.900863e-01	-2.584887e-01
5.175882e-01	8.894749e-01	-2.584080e-01
5.385951e-01	8.906116e-01	-2.593051e-01
5.429972e-01	8.900096e-01	-2.593378e-01
5.477527e-01	8.890796e-01	-2.591932e-01
5.131015e-01	8.782087e-01	-1.505056e-01
5.538007e-01	8.751262e-01	-1.547876e-01
5.230104e-01	8.476089e-01	-2.362706e-01
5.398935e-01	8.463344e-01	-2.369497e-01
4.780700e-01	7.497122e-01	-9.497242e-02
5.855078e-01	7.421990e-01	-7.531226e-02
4.593163e-01	6.210439e-01	-6.088883e-02
6.010517e-01	6.050888e-01	-3.918296e-02
4.465235e-01	4.989694e-01	-1.335379e-01
6.080877e-01	4.828251e-01	-1.255009e-01
4.413319e-01	4.614659e-01	-1.626113e-01
6.157868e-01	4.466968e-01	-1.578219e-01
4.477421e-01	4.627512e-01	-2.010383e-01
6.087633e-01	4.474977e-01	-1.930259e-01
4.538208e-01	4.754976e-01	-1.510482e-01
6.036757e-01	4.602674e-01	-1.432495e-01
4.948955e-01	4.755130e-01	-1.735501e-03
5.576017e-01	4.724452e-01	1.874565e-03
4.825269e-01	2.916030e-01	3.651649e-02
5.689336e-01	2.869356e-01	3.788538e-02
4.716309e-01	1.228889e-01	1.970537e-01
5.778959e-01	1.219306e-01	2.038552e-01
4.789545e-01	9.775664e-02	2.010010e-01
5.689901e-01	9.399243e-02	2.109735e-01
4.407366e-01	6.599378e-02	8.728118e-02
6.092345e-01	6.191008e-02	9.008086e-02
5.318246e-01	8.711743e-01	-2.752178e-01
5.258273e-01	8.902420e-01	-2.572867e-01
5.214679e-01	8.894861e-01	-2.572940e-01
5.179154e-01	8.885655e-01	-2.572153e-01
5.388945e-01	8.906892e-01	-2.579610e-01
5.433113e-01	8.903002e-01	-2.579926e-01
5.480912e-01	8.894805e-01	-2.578488e-01
5.135748e-01	8.766757e-01	-1.491806e-01
5.542536e-01	8.751112e-01	-1.525221e-01
5.235971e-01	8.475474e-01	-2.348299e-01
5.405892e-01	8.467907e-01	-2.353493e-01
4.787314e-01	7.489771e-01	-9.426092e-02
5.855643e-01	7.423487e-01	-7.555275e-02
4.617304e-01	6.208465e-01	-6.153344e-02
5.981783e-01	6.062411e-01	-4.065285e-02
4.500478e-01	4.985664e-01	-1.382090e-01
6.049720e-01	4.833270e-01	-1.287948e-01
4.445806e-01	4.612069e-01	-1.689216e-01
6.127414e-01	4.476562e-01	-1.621304e-01
4.509555e-01	4.627316e-01	-2.068063e-01
6.052898e-01	4.482871e-01	-1.969169e-01
4.569877e-01	4.753090e-01	-1.555846e-01
6.004756e-01	4.607617e-01	-1.464262e-01
4.951702e-01	4.754433e-01	-1.410191e-03
5.576407e-01	4.729217e-01	1.535779e-03
4.823416e-01	2.912236e-01	3.809775e-02
5.693245e-01	2.871042e-01	3.738855e-02
4.715925e-01	1.231721e-01	1.973031e-01
5.783132e-01	1.219308e-01	2.042054e-01
4.788556e-01	9.785635e-02	2.024855e-01
5.693496e-01	9.388060e-02	2.116021e-01
4.407405e-01	6.596924e-02	8.853107e-02
6.092915e-01	6.185582e-02	9.066353e-02
5.318553e-01	8.707412e-01	-3.066388e-01
5.258723e-01	8.897400e-01	-2.896497e-01
5.215281e-01	8.888562e-01	-2.896611e-01
5.179727e-01	8.878250e-01	-2.896044e-01
5.388983e-01	8.904631e-01	-2.920617e-01
5.433131e-01	8.900489e-01	-2.921080e-01
5.480905e-01	8.891765e-01	-2.919927e-01
5.140083e-01	8.758422e-01	-1.778448e-01
5.543938e-01	8.746203e-01	-1.893470e-01
5.236712e-01	8.470963e-01	-2.637974e-01
5.406357e-01	8.466836e-01	-2.667053e-01
4.792441e-01	7.483221e-01	-1.059401e-01
5.858537e-01	7.420419e-01	-1.106853e-01
4.639617e-01	6.197535e-01	-6.579597e-02
5.963202e-01	6.061651e-01	-6.137757e-02
4.521181e-01	4.956506e-01	-1.347263e-01
6.034617e-01	4.799750e-01	-1.509923e-01
4.464253e-01	4.587237e-01	-1.625706e-01
6.067209e-01	4.442702e-01	-1.822694e-01
4.520897e-01	4.599829e-01	-1.998371e-01
6.021770e-01	4.447923e-01	-2.173110e-01
4.581858e-01	4.723713e-01	-1.518345e-01
5.988918e-01	4.578614e-01	-1.682525e-01
4.956737e-01	4.748211e-01	2.036746e-03
5.579576e-01	4.728678e-01	-1.958083e-03
4.821122e-01	2.902997e-01	4.955815e-02
5.692685e-01	2.867663e-01	4.264830e-02
4.715897e-01	1.227404e-01	2.113391e-01
5.783378e-01	1.214492e-01	2.211978e-01
4.789493e-01	9.726153e-02	2.187659e-01
5.693437e-01	9.344364e-02	2.297788e-01
4.406788e-01	6.581584e-02	9.984424e-02
6.092499e-01	6.077626e-02	1.037518e-01
5.317506e-01	8.701196e-01	-3.362531e-01
5.258335e-01	8.893752e-01	-3.213854e-01
5.215148e-01	8.884844e-01	-3.213966e-01
5.179493e-01	8.874737e-01	-3.213678e-01
5.388485e-01	8.900465e-01	-3.255294e-01
5.432640e-01	8.895139e-01	-3.255583e-01
5.480229e-01	8.885205e-01	-3.254678e-01
5.140740e-01	8.754935e-01	-2.065773e-01
5.544742e-01	8.738795e-01	-2.261838e-01
5.236103e-01	8.464874e-01	-2.908489e-01
5.405730e-01	8.458707e-01	-2.960633e-01
4.792677e-01	7.474946e-01	-1.144254e-01
5.863649e-01	7.407106e-01	-1.321882e-01
4.655680e-01	6.188376e-01	-3.859337e-02
5.942048e-01	6.060094e-01	-6.331129e-02
4.545164e-01	4.944044e-01	-8.144192e-02
5.996727e-01	4.796456e-01	-1.237498e-01
4.492845e-01	4.567608e-01	-1.019624e-01
6.003155e-01	4.448009e-01	-1.483210e-01
4.538127e-01	4.578817e-01	-1.394713e-01
5.964078e-01	4.457129e-01	-1.852327e-01
4.597321e-01	4.710788e-01	-9.775152e-02
5.948298e-01	4.586447e-01	-1.405443e-01
4.957193e-01	4.743427e-01	5.259830e-03
5.580518e-01	4.731775e-01	-5.275007e-03
4.818538e-01	2.896495e-01	6.243650e-02
5.687035e-01	2.863104e-01	5.230496e-02
4.715891e-01	1.226429e-01	2.428326e-01
5.783482e-01	1.208298e-01	2.527938e-01
4.789994e-01	9.719469e-02	2.527457e-01
5.693472e-01	9.288660e-02	2.638170e-01
4.408211e-01	6.579193e-02	1.275817e-01
6.092169e-01	6.071511e-02	1.322719e-01
