5.488430e-01	7.727734e-01	-3.210390e-01
5.416186e-01	7.907031e-01	-3.053453e-01
5.375193e-01	7.907405e-01	-3.053379e-01
5.331712e-01	7.908384e-01	-3.052725e-01
5.541408e-01	7.901585e-01	-3.022563e-01
5.588094e-01	7.900547e-01	-3.023103e-01
5.625039e-01	7.896904e-01	-3.022045e-01
5.276354e-01	7.830145e-01	-2.007773e-01
5.663712e-01	7.831706e-01	-1.856404e-01
5.406134e-01	7.515054e-01	-2.814277e-01
5.555900e-01	7.518222e-01	-2.765865e-01
4.980767e-01	6.633939e-01	-1.445065e-01
5.937181e-01	6.643685e-01	-1.088405e-01
4.919221e-01	5.242432e-01	-1.301909e-01
5.987093e-01	5.323031e-01	-7.274786e-02
4.927147e-01	4.075587e-01	-2.144906e-01
5.999423e-01	4.117070e-01	-1.578638e-01
4.886601e-01	3.716879e-01	-2.506155e-01
6.034303e-01	3.725425e-01	-1.915367e-01
4.962541e-01	3.720439e-01	-2.846322e-01
5.964649e-01	3.753368e-01	-2.233704e-01
5.015600e-01	3.873289e-01	-2.310183e-01
5.921225e-01	3.900490e-01	-1.741559e-01
5.177067e-01	4.058587e-01	-1.262243e-02
5.663341e-01	4.036413e-01	1.270869e-02
5.123332e-01	2.402870e-01	3.339052e-02
5.717645e-01	2.426287e-01	7.686230e-02
5.118296e-01	9.267929e-02	2.370774e-01
5.707952e-01	9.622228e-02	2.950908e-01
5.194217e-01	7.184577e-02	2.507782e-01
5.614073e-01	7.765061e-02	3.099693e-01
4.904281e-01	3.337395e-02	1.439537e-01
5.981483e-01	3.401810e-02	2.076202e-01
5.487073e-01	7.727269e-01	-3.234433e-01
5.416222e-01	7.907205e-01	-3.073610e-01
5.374843e-01	7.907827e-01	-3.073596e-01
5.331901e-01	7.908867e-01	-3.072901e-01
5.541352e-01	7.901534e-01	-3.050880e-01
5.587426e-01	7.900316e-01	-3.051503e-01
5.625027e-01	7.896404e-01	-3.050721e-01
5.276396e-01	7.830722e-01	-2.007562e-01
5.663708e-01	7.827877e-01	-1.892065e-01
5.404524e-01	7.516267e-01	-2.823719e-01
5.554717e-01	7.517369e-01	-2.789198e-01
4.976828e-01	6.633881e-01	-1.431201e-01
5.939995e-01	6.651208e-01	-1.060431e-01
4.934750e-01	5.273738e-01	-1.277160e-01
5.987889e-01	5.333690e-01	-6.385461e-02
4.959814e-01	4.100283e-01	-2.065610e-01
6.003698e-01	4.115483e-01	-1.491021e-01
4.916086e-01	3.721319e-01	-2.413729e-01
6.034216e-01	3.723199e-01	-1.792643e-01
4.985233e-01	3.726760e-01	-2.704138e-01
5.961229e-01	3.750222e-01	-2.126734e-01
5.036157e-01	3.873190e-01	-2.207978e-01
5.919656e-01	3.886647e-01	-1.651294e-01
5.178246e-01	4.068262e-01	-1.228204e-02
5.677029e-01	4.068763e-01	1.236169e-02
5.123180e-01	2.409526e-01	3.544674e-02
5.724277e-01	2.431992e-01	7.658578e-02
5.115506e-01	9.333586e-02	2.318105e-01
5.707882e-01	9.624391e-02	2.796221e-01
5.191722e-01	7.283578e-02	2.440581e-01
5.614145e-01	7.781892e-02	2.924366e-01
4.903421e-01	3.368709e-02	1.372065e-01
5.977682e-01	3.416314e-02	1.839770e-01
5.480434e-01	7.725427e-01	-3.342674e-01
5.414513e-01	7.907046e-01	-3.175331e-01
5.371765e-01	7.907791e-01	-3.175281e-01
5.331367e-01	7.908847e-01	-3.174374e-01
5.539630e-01	7.900883e-01	-3.165618e-01
5.584239e-01	7.899188e-01	-3.166279e-01
5.623916e-01	7.894815e-01	-3.165500e-01
5.275511e-01	7.830653e-01	-2.054886e-01
5.663415e-01	7.821270e-01	-2.012886e-01
5.397474e-01	7.516218e-01	-2.912062e-01
5.549957e-01	7.514111e-01	-2.897816e-01
4.973756e-01	6.632836e-01	-1.423637e-01
5.941384e-01	6.659761e-01	-1.138849e-01
4.949648e-01	5.286445e-01	-1.253003e-01
5.990732e-01	5.336319e-01	-7.067432e-02
4.965711e-01	4.100433e-01	-2.075872e-01
6.005242e-01	4.114424e-01	-1.560442e-01
4.919752e-01	3.715157e-01	-2.427089e-01
6.035630e-01	3.716621e-01	-1.852099e-01
4.989728e-01	3.719690e-01	-2.725760e-01
5.960904e-01	3.739652e-01	-2.192108e-01
5.041217e-01	3.856591e-01	-2.222959e-01
5.918633e-01	3.867552e-01	-1.714756e-01
5.181794e-01	4.083672e-01	-9.961263e-03
5.695103e-01	4.107313e-01	1.003031e-02
5.124990e-01	2.412290e-01	3.561658e-02
5.731671e-01	2.437612e-01	6.849853e-02
5.115424e-01	9.478486e-02	2.246257e-01
5.708895e-01	9.628371e-02	2.622755e-01
5.191692e-01	7.501270e-02	2.359245e-01
5.616964e-01	7.787616e-02	2.743526e-01
4.905577e-01	3.430224e-02	1.289742e-01
5.975960e-01	3.421542e-02	1.646226e-01
5.476307e-01	7.718201e-01	-3.435766e-01
5.412916e-01	7.903873e-01	-3.272802e-01
5.369339e-01	7.904925e-01	-3.272706e-01
5.330750e-01	7.905738e-01	-3.271737e-01
5.537944e-01	7.897549e-01	-3.267264e-01
5.581294e-01	7.895689e-01	-3.268027e-01
5.622512e-01	7.891191e-01	-3.267365e-01
5.274447e-01	7.828731e-01	-2.154537e-01
5.662728e-01	7.815790e-01	-2.138164e-01
5.393032e-01	7.513456e-01	-3.004963e-01
5.546709e-01	7.507570e-01	-2.997330e-01
4.970008e-01	6.626557e-01	-1.465483e-01
5.945275e-01	6.663363e-01	-1.266286e-01
4.959815e-01	5.280399e-01	-1.256035e-01
5.993744e-01	5.336156e-01	-8.627842e-02
4.967564e-01	4.066548e-01	-2.049468e-01
6.008298e-01	4.106795e-01	-1.699487e-01
4.921874e-01	3.670840e-01	-2.387753e-01
6.039723e-01	3.705253e-01	-1.998072e-01
4.992989e-01	3.671194e-01	-2.677188e-01
5.962068e-01	3.725467e-01	-2.328021e-01
5.043188e-01	3.804223e-01	-2.192463e-01
5.918822e-01	3.849716e-01	-1.851331e-01
5.185224e-01	4.097550e-01	-9.957572e-03
5.709997e-01	4.127820e-01	1.002127e-02
5.127059e-01	2.412853e-01	3.678484e-02
5.742373e-01	2.445812e-01	6.959310e-02
5.111737e-01	9.490674e-02	2.218912e-01
5.709950e-01	9.625911e-02	2.651013e-01
5.186663e-01	7.508907e-02	2.326688e-01
5.619490e-01	7.772119e-02	2.771887e-01
4.909205e-01	3.455029e-02	1.246307e-01
5.975267e-01	3.439798e-02	1.674789e-01
5.471726e-01	7.710391e-01	-3.653643e-01
5.410499e-01	7.898861e-01	-3.489550e-01
5.366439e-01	7.899808e-01	-3.489520e-01
5.329531e-01	7.900168e-01	-3.488681e-01
5.535882e-01	7.893217e-01	-3.489089e-01
5.578391e-01	7.891243e-01	-3.489888e-01
5.620892e-01	7.886664e-01	-3.489296e-01
5.272855e-01	7.824134e-01	-2.340070e-01
5.662352e-01	7.809547e-01	-2.345270e-01
5.388883e-01	7.507274e-01	-3.207933e-01
5.543554e-01	7.499620e-01	-3.206674e-01
4.965669e-01	6.619353e-01	-1.586925e-01
5.950584e-01	6.663331e-01	-1.435050e-01
4.965812e-01	5.270855e-01	-1.301490e-01
5.995979e-01	5.319569e-01	-1.013865e-01
4.968390e-01	4.030853e-01	-2.052848e-01
6.012349e-01	4.072224e-01	-1.847444e-01
4.924253e-01	3.637429e-01	-2.400639e-01
6.042917e-01	3.676566e-01	-2.154578e-01
4.996695e-01	3.631352e-01	-2.700231e-01
5.964668e-01	3.691889e-01	-2.487706e-01
5.045887e-01	3.765462e-01	-2.204294e-01
5.920809e-01	3.818230e-01	-2.001743e-01
5.185670e-01	4.099716e-01	-9.811007e-03
5.720591e-01	4.129046e-01	9.864424e-03
5.127035e-01	2.409172e-01	4.395020e-02
5.756339e-01	2.444676e-01	7.771836e-02
5.105636e-01	9.513506e-02	2.403786e-01
5.710436e-01	9.624185e-02	2.846983e-01
5.181348e-01	7.551139e-02	2.525026e-01
5.621170e-01	7.762921e-02	2.981074e-01
4.908502e-01	3.471903e-02	1.430053e-01
5.973185e-01	3.454787e-02	1.819007e-01
5.463402e-01	7.680694e-01	-3.751551e-01
5.405649e-01	7.873655e-01	-3.597286e-01
5.361456e-01	7.873619e-01	-3.597206e-01
5.326855e-01	7.874205e-01	-3.596422e-01
5.532039e-01	7.869152e-01	-3.599344e-01
5.573328e-01	7.867779e-01	-3.600123e-01
5.617782e-01	7.863655e-01	-3.599424e-01
5.268711e-01	7.803450e-01	-2.449750e-01
5.661186e-01	7.786778e-01	-2.468757e-01
5.380336e-01	7.476858e-01	-3.302025e-01
5.536932e-01	7.468951e-01	-3.304327e-01
4.962773e-01	6.608076e-01	-1.651562e-01
5.950719e-01	6.663095e-01	-1.556067e-01
4.969173e-01	5.226230e-01	-1.316059e-01
5.999475e-01	5.289835e-01	-1.122539e-01
4.968174e-01	3.983891e-01	-2.058130e-01
6.019865e-01	4.026016e-01	-1.941269e-01
4.923473e-01	3.589017e-01	-2.398680e-01
6.052285e-01	3.630224e-01	-2.255913e-01
4.997055e-01	3.587294e-01	-2.698737e-01
5.980794e-01	3.632436e-01	-2.598394e-01
5.046183e-01	3.722457e-01	-2.208213e-01
5.934287e-01	3.768586e-01	-2.101086e-01
5.185874e-01	4.091073e-01	-7.676274e-03
5.725073e-01	4.124451e-01	7.707207e-03
5.126678e-01	2.404732e-01	5.836196e-02
5.759844e-01	2.443166e-01	8.508973e-02
5.103270e-01	9.528910e-02	2.615439e-01
5.710596e-01	9.619726e-02	2.997803e-01
5.180641e-01	7.568736e-02	2.748778e-01
5.622962e-01	7.743288e-02	3.141388e-01
4.905702e-01	3.484218e-02	1.681701e-01
5.968747e-01	3.481429e-02	2.006778e-01
5.449687e-01	7.598488e-01	-3.851881e-01
5.393534e-01	7.798386e-01	-3.715196e-01
5.352715e-01	7.803299e-01	-3.715163e-01
5.318619e-01	7.805198e-01	-3.714491e-01
5.520386e-01	7.792563e-01	-3.714660e-01
5.560414e-01	7.793530e-01	-3.715412e-01
5.604038e-01	7.793481e-01	-3.714749e-01
5.260005e-01	7.745641e-01	-2.615385e-01
5.654409e-01	7.735628e-01	-2.620229e-01
5.371043e-01	7.404868e-01	-3.414392e-01
5.525549e-01	7.399802e-01	-3.412845e-01
4.956620e-01	6.576100e-01	-1.815541e-01
5.949811e-01	6.645440e-01	-1.690100e-01
4.972285e-01	5.182955e-01	-1.450628e-01
5.997282e-01	5.245680e-01	-1.211454e-01
4.976850e-01	3.918249e-01	-2.080895e-01
6.019731e-01	3.970160e-01	-1.954118e-01
4.930597e-01	3.540687e-01	-2.403026e-01
6.052903e-01	3.577178e-01	-2.254490e-01
5.020400e-01	3.539636e-01	-2.707496e-01
5.992004e-01	3.563888e-01	-2.597032e-01
5.069774e-01	3.673414e-01	-2.217755e-01
5.944112e-01	3.707597e-01	-2.113230e-01
5.185671e-01	4.080906e-01	-7.306336e-03
5.724384e-01	4.111679e-01	7.317148e-03
5.121222e-01	2.381128e-01	5.931405e-02
5.764926e-01	2.439721e-01	8.785187e-02
5.098746e-01	9.514885e-02	2.550097e-01
5.710436e-01	9.610488e-02	2.988759e-01
5.178658e-01	7.554100e-02	2.676945e-01
5.623442e-01	7.714871e-02	3.128698e-01
4.903583e-01	3.484293e-02	1.608949e-01
5.966719e-01	3.491347e-02	2.026602e-01
5.442794e-01	7.431150e-01	-4.138858e-01
5.388150e-01	7.655847e-01	-4.018221e-01
5.348072e-01	7.663277e-01	-4.018144e-01
5.314280e-01	7.669516e-01	-4.017629e-01
5.515458e-01	7.649670e-01	-4.022831e-01
5.554219e-01	7.654991e-01	-4.023634e-01
5.598665e-01	7.659446e-01	-4.023485e-01
5.253164e-01	7.630625e-01	-2.853029e-01
5.650114e-01	7.625491e-01	-2.880317e-01
5.366057e-01	7.261192e-01	-3.661855e-01
5.518751e-01	7.255895e-01	-3.666633e-01
4.952049e-01	6.509297e-01	-1.857138e-01
5.947423e-01	6.587697e-01	-1.826593e-01
4.972826e-01	5.157524e-01	-1.337344e-01
5.996243e-01	5.216275e-01	-1.202520e-01
4.984205e-01	3.901111e-01	-1.893771e-01
6.022624e-01	3.933531e-01	-1.909810e-01
4.955303e-01	3.537196e-01	-2.169446e-01
6.058893e-01	3.559825e-01	-2.195346e-01
5.025390e-01	3.537646e-01	-2.463278e-01
6.011866e-01	3.534172e-01	-2.542587e-01
5.069450e-01	3.674230e-01	-2.031535e-01
5.964167e-01	3.671336e-01	-2.069528e-01
5.185112e-01	4.043161e-01	-4.989791e-03
5.723490e-01	4.069041e-01	4.951134e-03
5.121269e-01	2.373668e-01	7.326694e-02
5.764005e-01	2.429554e-01	9.335338e-02
5.098914e-01	9.510934e-02	2.797448e-01
5.710189e-01	9.604906e-02	3.206080e-01
5.180408e-01	7.552762e-02	2.934116e-01
5.623899e-01	7.715400e-02	3.359793e-01
4.902348e-01	3.494706e-02	1.795950e-01
5.961745e-01	3.540360e-02	2.183225e-01
5.442857e-01	7.257717e-01	-4.023762e-01
5.388249e-01	7.470083e-01	-3.903335e-01
5.347291e-01	7.478216e-01	-3.903269e-01
5.313611e-01	7.486700e-01	-3.902939e-01
5.515464e-01	7.465492e-01	-3.908975e-01
5.554227e-01	7.474306e-01	-3.909741e-01
5.598439e-01	7.481788e-01	-3.909743e-01
5.251263e-01	7.467264e-01	-2.729304e-01
5.648059e-01	7.462839e-01	-2.763599e-01
5.365918e-01	7.070627e-01	-3.543026e-01
5.518655e-01	7.062117e-01	-3.548386e-01
4.946418e-01	6.415073e-01	-1.788052e-01
5.944229e-01	6.476201e-01	-1.667541e-01
4.973280e-01	5.118484e-01	-8.845872e-02
5.996455e-01	5.157012e-01	-8.898310e-02
5.004057e-01	3.893166e-01	-1.188381e-01
6.034878e-01	3.899553e-01	-1.336792e-01
4.999097e-01	3.547052e-01	-1.379967e-01
6.070262e-01	3.536941e-01	-1.541044e-01
5.041281e-01	3.545446e-01	-1.682406e-01
6.027989e-01	3.507468e-01	-1.891503e-01
5.074325e-01	3.682382e-01	-1.324196e-01
5.980626e-01	3.642642e-01	-1.489194e-01
5.183004e-01	3.914230e-01	-3.044512e-03
5.720127e-01	3.943594e-01	2.969831e-03
5.122766e-01	2.336143e-01	7.467170e-02
5.769742e-01	2.380584e-01	9.078594e-02
5.102900e-01	9.525292e-02	2.981355e-01
5.708042e-01	9.568827e-02	3.224350e-01
5.187631e-01	7.563426e-02	3.141513e-01
5.621792e-01	7.714519e-02	3.383518e-01
4.894558e-01	3.504654e-02	2.075825e-01
5.954529e-01	3.570331e-02	2.230885e-01
5.442711e-01	7.152059e-01	-3.889301e-01
5.388069e-01	7.356174e-01	-3.763021e-01
5.346048e-01	7.362416e-01	-3.763043e-01
5.312643e-01	7.368351e-01	-3.762862e-01
5.515052e-01	7.352937e-01	-3.766368e-01
5.553522e-01	7.360489e-01	-3.767103e-01
5.597668e-01	7.367420e-01	-3.767141e-01
5.249882e-01	7.337660e-01	-2.609679e-01
5.645171e-01	7.334512e-01	-2.634413e-01
5.365692e-01	6.955264e-01	-3.423079e-01
5.518046e-01	6.952261e-01	-3.423890e-01
4.944113e-01	6.317942e-01	-1.643387e-01
5.939619e-01	6.303819e-01	-1.639083e-01
4.976417e-01	5.090637e-01	-7.052358e-02
5.998415e-01	5.068696e-01	-4.804870e-02
5.022122e-01	3.890949e-01	-8.481409e-02
6.038660e-01	3.860731e-01	-6.745936e-02
5.026717e-01	3.560164e-01	-9.816381e-02
6.069784e-01	3.513656e-01	-8.152638e-02
5.052646e-01	3.552761e-01	-1.279020e-01
6.025572e-01	3.491711e-01	-1.128896e-01
5.079354e-01	3.690204e-01	-9.763701e-02
5.980366e-01	3.625045e-01	-8.058826e-02
5.182853e-01	3.799797e-01	-1.795654e-03
5.719098e-01	3.827821e-01	1.682781e-03
5.123477e-01	2.267900e-01	7.525416e-02
5.777630e-01	2.337529e-01	8.934829e-02
5.109555e-01	9.527101e-02	3.040980e-01
5.704015e-01	9.487318e-02	3.231158e-01
5.194967e-01	7.562575e-02	3.211013e-01
5.619391e-01	7.690451e-02	3.395212e-01
4.894621e-01	3.524022e-02	2.188520e-01
5.950462e-01	3.587054e-02	2.282485e-01
5.442766e-01	6.898401e-01	-3.761155e-01
5.388005e-01	7.135622e-01	-3.741333e-01
5.345782e-01	7.143418e-01	-3.741472e-01
5.312635e-01	7.151718e-01	-3.740599e-01
5.514739e-01	7.134630e-01	-3.727227e-01
5.553184e-01	7.142650e-01	-3.728394e-01
5.597071e-01	7.147763e-01	-3.727399e-01
5.250164e-01	7.137804e-01	-2.575147e-01
5.644671e-01	7.122263e-01	-2.605050e-01
5.365979e-01	6.730351e-01	-3.333063e-01
5.517522e-01	6.718236e-01	-3.347147e-01
4.944533e-01	6.172349e-01	-1.430694e-01
5.931999e-01	6.172386e-01	-1.414996e-01
4.977809e-01	5.098447e-01	4.062250e-02
5.997664e-01	5.090458e-01	4.178510e-02
5.041248e-01	4.097950e-01	1.795758e-01
6.039970e-01	4.062020e-01	1.273253e-01
5.062269e-01	3.878500e-01	2.006379e-01
6.082951e-01	3.720967e-01	1.358934e-01
5.073723e-01	3.891092e-01	1.666518e-01
6.034595e-01	3.718701e-01	1.074037e-01
5.094373e-01	3.952362e-01	1.701632e-01
5.987183e-01	3.832999e-01	1.188401e-01
5.182087e-01	3.739760e-01	1.414258e-03
5.716773e-01	3.750523e-01	-1.667840e-03
5.125387e-01	2.215208e-01	7.408205e-02
5.800477e-01	2.272020e-01	7.138704e-02
5.120994e-01	9.526943e-02	3.020265e-01
5.700139e-01	9.412108e-02	3.122974e-01
5.201903e-01	7.578269e-02	3.192392e-01
5.612950e-01	7.689629e-02	3.296857e-01
4.895653e-01	3.525518e-02	2.209126e-01
5.950599e-01	3.587821e-02	2.246619e-01
5.443082e-01	6.732572e-01	-3.726196e-01
5.387598e-01	6.948340e-01	-3.691889e-01
5.345293e-01	6.956519e-01	-3.691897e-01
5.312521e-01	6.965061e-01	-3.690867e-01
5.513947e-01	6.955218e-01	-3.678255e-01
5.552493e-01	6.964042e-01	-3.679240e-01
5.596432e-01	6.970975e-01	-3.678432e-01
5.250226e-01	6.952244e-01	-2.600297e-01
5.644395e-01	6.949195e-01	-2.651594e-01
5.366209e-01	6.563896e-01	-3.318666e-01
5.517524e-01	6.563975e-01	-3.340972e-01
4.949972e-01	6.049190e-01	-1.463848e-01
5.926917e-01	6.033826e-01	-1.395496e-01
5.024444e-01	5.104363e-01	1.709062e-02
5.996016e-01	5.003858e-01	4.293347e-02
5.146598e-01	4.107162e-01	1.444580e-01
6.032951e-01	4.067271e-01	1.433554e-01
5.167738e-01	3.905549e-01	1.625170e-01
6.064523e-01	3.758330e-01	1.548950e-01
5.160517e-01	3.918948e-01	1.318754e-01
6.027607e-01	3.767068e-01	1.301380e-01
5.169824e-01	3.967153e-01	1.359035e-01
5.984062e-01	3.865637e-01	1.368666e-01
5.181858e-01	3.624718e-01	1.959081e-03
5.714856e-01	3.644300e-01	-2.240639e-03
5.125483e-01	2.153007e-01	7.458542e-02
5.816433e-01	2.199383e-01	6.601923e-02
5.121258e-01	9.437558e-02	3.022396e-01
5.698919e-01	9.270525e-02	3.027906e-01
5.201734e-01	7.512917e-02	3.196469e-01
5.609741e-01	7.646541e-02	3.200012e-01
4.896015e-01	3.525520e-02	2.226675e-01
5.950249e-01	3.588140e-02	2.200676e-01
5.447619e-01	6.603295e-01	-3.594448e-01
5.390314e-01	6.800801e-01	-3.553474e-01
5.347748e-01	6.806672e-01	-3.553621e-01
5.314310e-01	6.815017e-01	-3.553695e-01
5.514572e-01	6.811413e-01	-3.558174e-01
5.553165e-01	6.821115e-01	-3.558727e-01
5.596479e-01	6.829449e-01	-3.558753e-01
5.252910e-01	6.809513e-01	-2.583452e-01
5.642632e-01	6.818911e-01	-2.601524e-01
5.369499e-01	6.439726e-01	-3.184331e-01
5.518031e-01	6.448086e-01	-3.203219e-01
4.955676e-01	5.955552e-01	-1.439536e-01
5.921158e-01	5.919211e-01	-1.307140e-01
5.042859e-01	5.071248e-01	-9.498504e-04
6.000863e-01	4.911184e-01	4.658928e-02
5.168214e-01	4.080110e-01	1.000098e-01
6.027103e-01	4.064415e-01	1.441604e-01
5.192931e-01	3.857560e-01	1.125555e-01
6.046870e-01	3.766142e-01	1.553749e-01
5.156654e-01	3.863763e-01	8.344203e-02
6.020503e-01	3.778148e-01	1.326647e-01
5.194361e-01	3.949847e-01	9.115452e-02
5.977041e-01	3.881263e-01	1.384010e-01
5.179253e-01	3.508755e-01	1.331066e-03
5.709540e-01	3.534385e-01	-1.595834e-03
5.125966e-01	2.066524e-01	5.929636e-02
5.834370e-01	2.100988e-01	4.390712e-02
5.121190e-01	9.114364e-02	2.984449e-01
5.698683e-01	9.179786e-02	2.906901e-01
5.200136e-01	7.309551e-02	3.174205e-01
5.608964e-01	7.629340e-02	3.091097e-01
4.896049e-01	3.445292e-02	2.228802e-01
5.949692e-01	3.547797e-02	2.104938e-01
5.447561e-01	6.444801e-01	-3.589337e-01
5.389986e-01	6.637882e-01	-3.521876e-01
5.347551e-01	6.645464e-01	-3.521947e-01
5.314259e-01	6.655179e-01	-3.522135e-01
5.513264e-01	6.647714e-01	-3.539708e-01
5.551596e-01	6.657958e-01	-3.540148e-01
5.594340e-01	6.668954e-01	-3.540366e-01
5.252786e-01	6.664308e-01	-2.460360e-01
5.636111e-01	6.673124e-01	-2.580457e-01
5.369580e-01	6.288633e-01	-3.148762e-01
5.517017e-01	6.293666e-01	-3.178619e-01
4.965699e-01	5.821347e-01	-1.266050e-01
5.901252e-01	5.852761e-01	-1.222447e-01
5.045370e-01	4.954539e-01	1.349492e-02
6.001418e-01	4.932840e-01	7.713947e-02
5.151359e-01	3.909015e-01	9.475049e-02
6.007999e-01	4.249080e-01	2.051366e-01
5.189811e-01	3.714540e-01	1.074061e-01
6.014706e-01	3.901459e-01	2.234115e-01
5.133849e-01	3.641736e-01	7.311537e-02
6.006430e-01	3.911454e-01	2.013141e-01
5.184354e-01	3.779292e-01	8.301306e-02
5.962256e-01	4.092440e-01	2.009724e-01
5.174047e-01	3.421943e-01	1.870978e-03
5.698066e-01	3.447631e-01	-2.185911e-03
5.126203e-01	2.003773e-01	5.940026e-02
5.836639e-01	2.012878e-01	4.738351e-02
5.121393e-01	9.004039e-02	2.983391e-01
5.698783e-01	8.977032e-02	2.913334e-01
5.200087e-01	7.289851e-02	3.172156e-01
5.609043e-01	7.542387e-02	3.091043e-01
4.892047e-01	3.399626e-02	2.251765e-01
5.948578e-01	3.444751e-02	2.082911e-01
5.446203e-01	6.305133e-01	-3.506151e-01
5.389270e-01	6.497727e-01	-3.416094e-01
5.347284e-01	6.506875e-01	-3.416072e-01
5.314189e-01	6.517794e-01	-3.416077e-01
5.510463e-01	6.503556e-01	-3.428223e-01
5.547917e-01	6.512817e-01	-3.428622e-01
5.589588e-01	6.522645e-01	-3.428898e-01
5.252845e-01	6.532251e-01	-2.315342e-01
5.630084e-01	6.534282e-01	-2.413010e-01
5.368829e-01	6.152455e-01	-3.056189e-01
5.513105e-01	6.155349e-01	-3.074714e-01
4.976313e-01	5.692745e-01	-1.202423e-01
5.890514e-01	5.761446e-01	-1.068470e-01
5.091467e-01	4.699538e-01	9.943200e-03
6.001841e-01	4.921820e-01	8.542114e-02
5.129341e-01	3.740468e-01	8.237654e-02
5.986698e-01	4.107092e-01	2.002500e-01
5.148448e-01	3.477046e-01	9.163846e-02
5.996591e-01	3.794350e-01	2.156984e-01
5.132627e-01	3.433402e-01	5.737292e-02
5.994164e-01	3.774773e-01	1.921165e-01
5.172860e-01	3.590761e-01	7.040066e-02
5.962037e-01	3.830462e-01	1.949006e-01
5.173098e-01	3.298174e-01	1.505646e-03
5.694397e-01	3.320985e-01	-1.800237e-03
5.126224e-01	1.919902e-01	5.486371e-02
5.838389e-01	1.931064e-01	4.194040e-02
5.126361e-01	8.926613e-02	3.084514e-01
5.698614e-01	8.838244e-02	2.969701e-01
5.201714e-01	7.287531e-02	3.292489e-01
5.608617e-01	7.467253e-02	3.169189e-01
4.886867e-01	3.327455e-02	2.380960e-01
5.949072e-01	3.344499e-02	2.150862e-01
5.445854e-01	6.156686e-01	-3.030609e-01
5.388892e-01	6.346456e-01	-2.944103e-01
5.347177e-01	6.356026e-01	-2.944058e-01
5.314116e-01	6.366877e-01	-2.943525e-01
5.509307e-01	6.349363e-01	-2.965250e-01
5.546743e-01	6.357672e-01	-2.965583e-01
5.587701e-01	6.366766e-01	-2.965576e-01
5.252455e-01	6.387939e-01	-1.894270e-01
5.625311e-01	6.387384e-01	-2.029832e-01
5.368671e-01	6.012612e-01	-2.600396e-01
5.511147e-01	6.013115e-01	-2.628489e-01
4.992414e-01	5.652252e-01	-7.582609e-02
5.879871e-01	5.672435e-01	-7.926649e-02
5.116564e-01	4.796191e-01	1.172620e-01
5.997475e-01	4.928970e-01	1.289282e-01
5.179107e-01	4.088597e-01	2.905886e-01
5.955905e-01	4.073439e-01	2.888699e-01
5.199817e-01	3.921298e-01	3.179992e-01
5.977255e-01	3.777242e-01	3.130092e-01
5.149192e-01	3.889338e-01	2.847730e-01
5.978500e-01	3.687383e-01	2.916617e-01
5.179875e-01	3.969195e-01	2.817543e-01
5.932232e-01	3.793002e-01	2.860391e-01
5.164828e-01	3.165364e-01	3.834205e-03
5.683073e-01	3.182799e-01	-4.127727e-03
5.123399e-01	1.810267e-01	3.964061e-02
5.841398e-01	1.790649e-01	3.640196e-02
5.126393e-01	8.918871e-02	3.166489e-01
5.699168e-01	8.718262e-02	3.192359e-01
5.201721e-01	7.329431e-02	3.398855e-01
5.608822e-01	7.451630e-02	3.418820e-01
4.883184e-01	3.240587e-02	2.555269e-01
5.950028e-01	3.114409e-02	2.451968e-01
5.444648e-01	6.024426e-01	-2.616401e-01
5.386983e-01	6.216021e-01	-2.485231e-01
5.346012e-01	6.227646e-01	-2.485098e-01
5.312600e-01	6.240132e-01	-2.484294e-01
5.507833e-01	6.214392e-01	-2.523885e-01
5.546013e-01	6.223158e-01	-2.524229e-01
5.586768e-01	6.233990e-01	-2.524123e-01
5.251702e-01	6.267704e-01	-1.341694e-01
5.624233e-01	6.263131e-01	-1.561524e-01
5.367593e-01	5.882908e-01	-2.165283e-01
5.509318e-01	5.881818e-01	-2.216617e-01
5.017984e-01	5.567773e-01	-3.638357e-02
5.867360e-01	5.571157e-01	-4.772176e-02
5.137032e-01	4.848809e-01	7.674363e-02
5.950326e-01	4.936393e-01	1.642992e-01
5.204296e-01	4.482383e-01	1.517823e-01
5.905836e-01	4.051464e-01	3.479016e-01
5.211033e-01	4.367863e-01	1.622436e-01
5.961049e-01	3.731745e-01	3.724793e-01
5.174361e-01	4.357123e-01	1.325637e-01
5.944883e-01	3.670379e-01	3.535390e-01
5.204391e-01	4.405224e-01	1.409826e-01
5.916139e-01	3.737009e-01	3.468533e-01
5.152735e-01	3.032999e-01	3.308473e-03
5.673839e-01	3.043544e-01	-3.581803e-03
5.125765e-01	1.625780e-01	1.903573e-02
5.851995e-01	1.693558e-01	-6.061117e-03
5.126480e-01	8.778991e-02	3.205758e-01
5.699146e-01	8.733241e-02	3.069460e-01
5.201818e-01	7.308233e-02	3.471429e-01
5.600461e-01	7.498644e-02	3.379632e-01
4.882666e-01	3.117046e-02	2.709801e-01
5.947057e-01	2.985396e-02	2.357539e-01
5.444187e-01	5.933497e-01	-1.258010e-01
5.384333e-01	6.132750e-01	-1.118851e-01
5.343946e-01	6.149071e-01	-1.118799e-01
5.309845e-01	6.165423e-01	-1.118415e-01
5.505863e-01	6.129572e-01	-1.198055e-01
5.544633e-01	6.142442e-01	-1.198187e-01
5.585243e-01	6.156352e-01	-1.197104e-01
5.250269e-01	6.205792e-01	-1.050893e-02
5.624305e-01	6.201899e-01	-4.629968e-02
5.367606e-01	5.805267e-01	-8.467916e-02
5.508633e-01	5.806465e-01	-9.446518e-02
5.034410e-01	5.608364e-01	3.189605e-02
5.864142e-01	5.540096e-01	-1.904758e-02
5.093210e-01	5.431269e-01	-6.142172e-02
5.932800e-01	5.170851e-01	2.132588e-02
5.115743e-01	5.319209e-01	-2.030981e-01
5.856460e-01	4.863669e-01	8.036958e-02
5.130491e-01	5.228614e-01	-2.360295e-01
5.879143e-01	4.814029e-01	7.133271e-02
5.167071e-01	5.280486e-01	-2.397771e-01
5.829666e-01	4.859653e-01	6.468891e-02
5.194932e-01	5.204647e-01	-2.112302e-01
5.819082e-01	4.823788e-01	7.778634e-02
5.150709e-01	3.016054e-01	4.934297e-03
5.674218e-01	2.988877e-01	-4.933770e-03
5.124233e-01	1.585943e-01	6.598621e-03
5.858918e-01	1.606049e-01	-1.805943e-02
5.127116e-01	8.653002e-02	3.169215e-01
5.698578e-01	8.552394e-02	2.959996e-01
5.205884e-01	7.251447e-02	3.353696e-01
5.591738e-01	7.480552e-02	3.320963e-01
4.883593e-01	2.863838e-02	2.542725e-01
5.943736e-01	2.883516e-02	2.377241e-01
5.446781e-01	5.866001e-01	-9.265040e-02
5.384462e-01	6.056882e-01	-7.883121e-02
5.344013e-01	6.070647e-01	-7.881202e-02
5.309864e-01	6.084737e-01	-7.875028e-02
5.506490e-01	6.054650e-01	-8.047058e-02
5.545989e-01	6.066718e-01	-8.048255e-02
5.586319e-01	6.080625e-01	-8.030295e-02
5.249194e-01	6.113840e-01	1.687739e-02
5.624403e-01	6.119115e-01	8.879578e-03
5.369869e-01	5.736267e-01	-5.446948e-02
5.509585e-01	5.733839e-01	-5.608352e-02
5.042239e-01	5.584993e-01	2.319327e-02
5.855369e-01	5.539328e-01	5.524647e-03
5.012123e-01	5.531539e-01	-1.855102e-01
5.936344e-01	5.327230e-01	-1.731775e-01
5.097135e-01	5.423290e-01	-3.620586e-01
5.843166e-01	5.130920e-01	-3.297547e-01
5.124098e-01	5.403268e-01	-4.084041e-01
5.861465e-01	5.141640e-01	-3.701585e-01
5.184337e-01	5.363845e-01	-3.923700e-01
5.788731e-01	5.140271e-01	-3.680086e-01
5.207415e-01	5.315642e-01	-3.635093e-01
5.768404e-01	5.096168e-01	-3.363110e-01
5.147585e-01	2.995254e-01	2.997237e-03
5.674334e-01	2.987070e-01	-2.850527e-03
5.124139e-01	1.534192e-01	-2.036599e-03
5.864766e-01	1.596240e-01	-1.828381e-03
5.126124e-01	8.646134e-02	2.990828e-01
5.698576e-01	8.521622e-02	2.894693e-01
5.205830e-01	7.236993e-02	3.263431e-01
5.590227e-01	7.476629e-02	3.205144e-01
4.884290e-01	2.848086e-02	2.484777e-01
5.937096e-01	2.875468e-02	2.399573e-01
5.446308e-01	5.795714e-01	-1.062605e-01
5.382036e-01	5.989392e-01	-9.432345e-02
5.341634e-01	6.005502e-01	-9.431415e-02
5.306200e-01	6.022592e-01	-9.427484e-02
5.506080e-01	5.981025e-01	-9.386338e-02
5.545993e-01	5.989883e-01	-9.388331e-02
5.586356e-01	6.000857e-01	-9.371631e-02
5.241964e-01	6.059096e-01	-4.982461e-03
5.624472e-01	6.037185e-01	-3.086715e-03
5.367797e-01	5.665108e-01	-7.023042e-02
5.509131e-01	5.650904e-01	-6.906451e-02
5.041288e-01	5.574709e-01	-3.695752e-03
5.838112e-01	5.507242e-01	-3.631066e-03
5.008517e-01	5.567222e-01	-2.304875e-01
5.938929e-01	5.322351e-01	-1.997217e-01
5.102350e-01	5.435544e-01	-4.195653e-01
5.859220e-01	5.167969e-01	-3.854691e-01
5.129600e-01	5.460845e-01	-4.680710e-01
5.885127e-01	5.183911e-01	-4.289571e-01
5.222558e-01	5.386362e-01	-4.523679e-01
5.812976e-01	5.188661e-01	-4.279564e-01
5.242445e-01	5.343244e-01	-4.211605e-01
5.788496e-01	5.138049e-01	-3.934597e-01
5.147778e-01	2.947445e-01	-9.340140e-04
5.675909e-01	2.956820e-01	1.078362e-03
5.124411e-01	1.535814e-01	-9.119287e-04
5.874436e-01	1.594999e-01	-1.127008e-02
5.126252e-01	8.657978e-02	2.958948e-01
5.697972e-01	8.521608e-02	2.477137e-01
5.207852e-01	7.268889e-02	3.261193e-01
5.586220e-01	7.485825e-02	2.718163e-01
4.884608e-01	2.855123e-02	2.595191e-01
5.936841e-01	2.873619e-02	2.100466e-01
5.449976e-01	5.790111e-01	-1.036782e-01
5.385157e-01	5.977212e-01	-9.158704e-02
5.343902e-01	5.992051e-01	-9.158447e-02
5.308427e-01	6.008173e-01	-9.154408e-02
5.509833e-01	5.972266e-01	-9.109147e-02
5.550642e-01	5.982554e-01	-9.109931e-02
5.590147e-01	5.993737e-01	-9.093285e-02
5.242723e-01	6.049229e-01	-1.323632e-03
5.626122e-01	6.032792e-01	1.219439e-03
5.370422e-01	5.665112e-01	-6.740130e-02
5.511411e-01	5.655848e-01	-6.600311e-02
5.050610e-01	5.572516e-01	-9.382900e-04
5.831904e-01	5.505696e-01	3.017524e-03
5.009571e-01	5.534057e-01	-2.275842e-01
5.924956e-01	5.298955e-01	-1.855672e-01
5.112477e-01	5.430070e-01	-4.201130e-01
5.868335e-01	5.147863e-01	-3.693926e-01
5.145027e-01	5.443709e-01	-4.694632e-01
5.898089e-01	5.165284e-01	-4.129404e-01
5.243560e-01	5.384063e-01	-4.554459e-01
5.828738e-01	5.185598e-01	-4.140582e-01
5.258888e-01	5.344294e-01	-4.224380e-01
5.801691e-01	5.137286e-01	-3.781736e-01
5.148084e-01	2.948893e-01	-2.224378e-03
5.676080e-01	2.954101e-01	2.361837e-03
5.124277e-01	1.469584e-01	-1.655277e-02
5.881054e-01	1.546748e-01	-1.040254e-02
5.126150e-01	8.544567e-02	2.740242e-01
5.697965e-01	8.492603e-02	2.594280e-01
5.207759e-01	7.232124e-02	3.013376e-01
5.586120e-01	7.485589e-02	2.838721e-01
4.884721e-01	2.821733e-02	2.526323e-01
5.934367e-01	2.803983e-02	2.157772e-01
5.449914e-01	5.794898e-01	-1.035320e-01
5.384709e-01	5.984498e-01	-9.028264e-02
5.343548e-01	5.996870e-01	-9.027936e-02
5.308346e-01	6.010158e-01	-9.022299e-02
5.509676e-01	5.984749e-01	-9.032676e-02
5.550637e-01	5.996339e-01	-9.034508e-02
5.590166e-01	6.008130e-01	-9.018763e-02
5.242805e-01	6.037928e-01	2.162033e-03
5.626472e-01	6.040919e-01	2.435018e-03
5.370482e-01	5.663938e-01	-6.674687e-02
5.511519e-01	5.658963e-01	-6.598791e-02
5.055741e-01	5.561566e-01	-2.339142e-03
5.832062e-01	5.499232e-01	-2.400024e-03
5.011728e-01	5.515246e-01	-2.464379e-01
5.918540e-01	5.293618e-01	-2.139502e-01
5.116532e-01	5.421130e-01	-4.522381e-01
5.849046e-01	5.144563e-01	-4.080619e-01
5.152931e-01	5.430775e-01	-5.035103e-01
5.883995e-01	5.166690e-01	-4.529658e-01
5.245332e-01	5.392290e-01	-4.860335e-01
5.823113e-01	5.175583e-01	-4.514533e-01
5.259691e-01	5.348385e-01	-4.535176e-01
5.776367e-01	5.125824e-01	-4.159442e-01
5.148340e-01	2.942913e-01	-3.740424e-03
5.677640e-01	2.945337e-01	3.841604e-03
5.126230e-01	1.436526e-01	-2.483471e-02
5.884713e-01	1.543818e-01	-1.866082e-02
5.126705e-01	8.532251e-02	2.684802e-01
5.697153e-01	8.500271e-02	2.588896e-01
5.208124e-01	7.233039e-02	2.953966e-01
5.584311e-01	7.499062e-02	2.843623e-01
4.886641e-01	2.814315e-02	2.472831e-01
5.933647e-01	2.790842e-02	2.193925e-01
5.449964e-01	5.788792e-01	-1.000085e-01
5.384640e-01	5.987036e-01	-8.637131e-02
5.343520e-01	5.997994e-01	-8.636724e-02
5.308355e-01	6.009921e-01	-8.630195e-02
5.509570e-01	5.989489e-01	-8.634455e-02
5.550616e-01	6.001442e-01	-8.636557e-02
5.590163e-01	6.013664e-01	-8.620674e-02
5.242968e-01	6.030123e-01	7.459656e-03
5.626445e-01	6.042864e-01	7.956064e-03
5.370750e-01	5.647687e-01	-6.275403e-02
5.511671e-01	5.648720e-01	-6.189260e-02
5.058691e-01	5.557956e-01	3.394763e-04
5.833215e-01	5.500057e-01	7.004171e-04
5.007371e-01	5.525156e-01	-2.493317e-01
5.921101e-01	5.302162e-01	-2.214072e-01
5.121549e-01	5.427923e-01	-4.533830e-01
5.842150e-01	5.171417e-01	-4.197524e-01
5.155561e-01	5.425556e-01	-5.044617e-01
5.871698e-01	5.202156e-01	-4.642622e-01
5.247532e-01	5.386385e-01	-4.854840e-01
5.796089e-01	5.199611e-01	-4.614927e-01
5.261497e-01	5.347357e-01	-4.538763e-01
5.761980e-01	5.137047e-01	-4.270938e-01
5.147895e-01	2.940830e-01	-5.243868e-03
5.678988e-01	2.939218e-01	5.316681e-03
5.127708e-01	1.407458e-01	-2.992098e-02
5.885726e-01	1.536413e-01	-2.292963e-02
5.126823e-01	8.541796e-02	2.692258e-01
5.696600e-01	8.506370e-02	2.567732e-01
5.208220e-01	7.245825e-02	2.964645e-01
5.582873e-01	7.505931e-02	2.826294e-01
4.886663e-01	2.809097e-02	2.448216e-01
5.932884e-01	2.768522e-02	2.197911e-01
5.448799e-01	5.820634e-01	-1.214004e-01
5.382836e-01	6.019747e-01	-1.080017e-01
5.342289e-01	6.029101e-01	-1.080054e-01
5.307384e-01	6.041326e-01	-1.079442e-01
5.507255e-01	6.023124e-01	-1.073149e-01
5.548547e-01	6.035091e-01	-1.073432e-01
5.588562e-01	6.050791e-01	-1.072117e-01
5.243042e-01	6.061310e-01	-1.431262e-02
5.626670e-01	6.084031e-01	-1.053414e-02
5.370765e-01	5.673041e-01	-8.420763e-02
5.511706e-01	5.676827e-01	-8.247417e-02
5.060591e-01	5.567697e-01	-1.510367e-02
5.833419e-01	5.524220e-01	-1.435284e-02
5.008122e-01	5.541161e-01	-2.855024e-01
5.922872e-01	5.328701e-01	-2.628841e-01
5.127332e-01	5.481129e-01	-5.012769e-01
5.823045e-01	5.234266e-01	-4.894133e-01
5.159574e-01	5.494694e-01	-5.531021e-01
5.862333e-01	5.253688e-01	-5.369175e-01
5.248737e-01	5.451425e-01	-5.344867e-01
5.775876e-01	5.244323e-01	-5.318907e-01
5.262674e-01	5.382957e-01	-5.020046e-01
5.740655e-01	5.195839e-01	-4.967274e-01
5.146282e-01	2.960170e-01	-6.406173e-03
5.679219e-01	2.960737e-01	6.430511e-03
5.128605e-01	1.387830e-01	-4.383811e-02
5.884448e-01	1.535510e-01	-3.731016e-02
5.129237e-01	8.546610e-02	2.547362e-01
5.692271e-01	8.602098e-02	2.361535e-01
5.210986e-01	7.349283e-02	2.817812e-01
5.576539e-01	7.640710e-02	2.613422e-01
4.889652e-01	2.791930e-02	2.271171e-01
5.932924e-01	2.780109e-02	2.043704e-01
5.448782e-01	5.878894e-01	-1.247331e-01
5.383464e-01	6.070721e-01	-1.110099e-01
5.342825e-01	6.081834e-01	-1.110066e-01
5.308366e-01	6.094924e-01	-1.109485e-01
5.507058e-01	6.073225e-01	-1.113814e-01
5.548198e-01	6.086227e-01	-1.114189e-01
5.588279e-01	6.101176e-01	-1.112995e-01
5.245630e-01	6.114265e-01	-1.658133e-02
5.629457e-01	6.128799e-01	-1.769502e-02
5.372371e-01	5.729600e-01	-8.729701e-02
5.511729e-01	5.734008e-01	-8.701725e-02
5.063977e-01	5.581415e-01	-1.870296e-02
5.834553e-01	5.541747e-01	-1.989900e-02
5.008830e-01	5.567194e-01	-2.750328e-01
5.924267e-01	5.340946e-01	-2.684154e-01
5.126707e-01	5.493062e-01	-4.960049e-01
5.813591e-01	5.242216e-01	-4.831023e-01
5.157329e-01	5.519772e-01	-5.469199e-01
5.862402e-01	5.260797e-01	-5.297102e-01
5.241036e-01	5.467291e-01	-5.301975e-01
5.776116e-01	5.245209e-01	-5.258007e-01
5.257230e-01	5.385846e-01	-4.977109e-01
5.738772e-01	5.200546e-01	-4.905148e-01
5.144380e-01	2.982146e-01	-6.166062e-03
5.679370e-01	2.984375e-01	6.177498e-03
5.126842e-01	1.409977e-01	-3.414801e-02
5.885434e-01	1.564557e-01	-4.526417e-02
5.134422e-01	8.553646e-02	2.525106e-01
5.692052e-01	8.623766e-02	2.102536e-01
5.214161e-01	7.367322e-02	2.780375e-01
5.576458e-01	7.669681e-02	2.333831e-01
4.892488e-01	2.793126e-02	2.202107e-01
5.933905e-01	2.782777e-02	1.724774e-01
5.461551e-01	5.892947e-01	-1.397872e-01
5.395444e-01	6.096356e-01	-1.268693e-01
5.354851e-01	6.107759e-01	-1.268644e-01
5.318214e-01	6.121536e-01	-1.268062e-01
5.514603e-01	6.098023e-01	-1.269673e-01
5.555631e-01	6.110436e-01	-1.270055e-01
5.595475e-01	6.124862e-01	-1.268908e-01
5.254798e-01	6.142834e-01	-3.197555e-02
5.639426e-01	6.155255e-01	-3.222520e-02
5.389144e-01	5.755888e-01	-1.019495e-01
5.523008e-01	5.744681e-01	-1.013784e-01
5.073966e-01	5.602238e-01	-2.935428e-02
5.839542e-01	5.544461e-01	-3.921671e-02
5.023867e-01	5.618802e-01	-2.922116e-01
5.933260e-01	5.435500e-01	-3.006181e-01
5.129945e-01	5.572085e-01	-5.086049e-01
5.821877e-01	5.344434e-01	-5.307251e-01
5.155759e-01	5.562699e-01	-5.575227e-01
5.867496e-01	5.362646e-01	-5.787857e-01
5.237604e-01	5.506763e-01	-5.414823e-01
5.781684e-01	5.353545e-01	-5.717726e-01
5.257128e-01	5.454448e-01	-5.101763e-01
5.744520e-01	5.310721e-01	-5.372019e-01
5.144665e-01	2.998950e-01	-5.968440e-03
5.683765e-01	3.000732e-01	5.967313e-03
5.126692e-01	1.438354e-01	-3.718626e-02
5.889641e-01	1.597861e-01	-4.758804e-02
5.142305e-01	8.614327e-02	2.539310e-01
5.692075e-01	8.810636e-02	2.094591e-01
5.223333e-01	7.467227e-02	2.800765e-01
5.576376e-01	7.797910e-02	2.330876e-01
4.895574e-01	2.798831e-02	2.226605e-01
5.935995e-01	2.854982e-02	1.723934e-01
5.463647e-01	5.985405e-01	-1.299920e-01
5.397499e-01	6.190028e-01	-1.182439e-01
5.356303e-01	6.200758e-01	-1.182279e-01
5.320069e-01	6.212562e-01	-1.181787e-01
5.516344e-01	6.196045e-01	-1.180722e-01
5.557552e-01	6.206734e-01	-1.181023e-01
5.597572e-01	6.214908e-01	-1.179678e-01
5.255736e-01	6.225542e-01	-2.707222e-02
5.639573e-01	6.220038e-01	-2.537438e-02
5.391735e-01	5.843197e-01	-9.317175e-02
5.523914e-01	5.846283e-01	-9.209482e-02
5.072107e-01	5.682105e-01	-2.633606e-02
5.840134e-01	5.610676e-01	-3.557179e-02
5.030144e-01	5.667517e-01	-2.665203e-01
5.916772e-01	5.505793e-01	-2.478316e-01
5.129588e-01	5.620353e-01	-4.792147e-01
5.808293e-01	5.340866e-01	-4.407206e-01
5.102753e-01	5.584788e-01	-5.298273e-01
5.858397e-01	5.361165e-01	-4.862515e-01
5.209699e-01	5.548012e-01	-5.188802e-01
5.787498e-01	5.362095e-01	-4.846102e-01
5.255538e-01	5.503743e-01	-4.832035e-01
5.750480e-01	5.314257e-01	-4.485734e-01
5.143570e-01	3.067685e-01	-6.208519e-03
5.683908e-01	3.063150e-01	6.235322e-03
5.119663e-01	1.453018e-01	-3.207193e-02
5.891579e-01	1.639048e-01	-4.132925e-02
5.144703e-01	8.935432e-02	2.507412e-01
5.692810e-01	9.020439e-02	2.271971e-01
5.227005e-01	7.811715e-02	2.757803e-01
5.576943e-01	7.955919e-02	2.510399e-01
4.898589e-01	2.880754e-02	2.175739e-01
5.940994e-01	2.926260e-02	1.820334e-01
5.459656e-01	6.213996e-01	-1.358289e-01
5.395292e-01	6.402159e-01	-1.248081e-01
5.354519e-01	6.407404e-01	-1.247801e-01
5.318820e-01	6.411867e-01	-1.247123e-01
5.514109e-01	6.402941e-01	-1.225421e-01
5.554299e-01	6.406821e-01	-1.226004e-01
5.594725e-01	6.407437e-01	-1.224001e-01
5.255688e-01	6.385167e-01	-3.320910e-02
5.637431e-01	6.376452e-01	-2.726653e-02
5.387890e-01	6.043463e-01	-9.906518e-02
5.520386e-01	6.045162e-01	-9.525824e-02
5.070632e-01	5.752171e-01	-2.295852e-02
5.840344e-01	5.680363e-01	-2.177859e-02
5.091408e-01	5.645736e-01	-2.082403e-01
5.885026e-01	5.466006e-01	-8.171175e-02
5.287827e-01	5.618342e-01	-4.436427e-01
5.813826e-01	5.270549e-01	-1.450546e-01
5.278615e-01	5.627000e-01	-5.116585e-01
5.860656e-01	5.244681e-01	-1.719790e-01
5.366132e-01	5.631703e-01	-4.645185e-01
5.834832e-01	5.333798e-01	-1.800239e-01
5.376966e-01	5.585882e-01	-4.796670e-01
5.765804e-01	5.289065e-01	-1.522999e-01
5.142108e-01	3.168830e-01	-5.797948e-03
5.676954e-01	3.168861e-01	5.920758e-03
5.106033e-01	1.640047e-01	-3.168656e-02
5.890373e-01	1.821237e-01	-1.713597e-02
5.146688e-01	9.378484e-02	2.471136e-01
5.694453e-01	9.264819e-02	2.349994e-01
5.229541e-01	8.224134e-02	2.695931e-01
5.582337e-01	8.151367e-02	2.569170e-01
4.901237e-01	3.161021e-02	1.981672e-01
5.944206e-01	3.137919e-02	1.789121e-01
5.452443e-01	6.409562e-01	-2.070690e-01
5.391539e-01	6.604002e-01	-1.909402e-01
5.352361e-01	6.611661e-01	-1.909222e-01
5.317357e-01	6.617854e-01	-1.908539e-01
5.509654e-01	6.598121e-01	-1.977172e-01
5.548326e-01	6.599220e-01	-1.977287e-01
5.587195e-01	6.597189e-01	-1.976657e-01
5.256352e-01	6.584965e-01	-7.397307e-02
5.630602e-01	6.557189e-01	-1.066441e-01
5.381461e-01	6.249241e-01	-1.612097e-01
5.513766e-01	6.239558e-01	-1.696225e-01
5.050251e-01	5.832520e-01	1.926077e-02
5.840296e-01	5.784318e-01	-4.122096e-02
5.050330e-01	5.269535e-01	1.357027e-01
5.879943e-01	5.491900e-01	8.976574e-02
5.137950e-01	4.683529e-01	2.068036e-01
5.836203e-01	5.294809e-01	2.156467e-01
5.120165e-01	4.493953e-01	2.158928e-01
5.920936e-01	5.329940e-01	2.233202e-01
5.114881e-01	4.493468e-01	1.850965e-01
5.904478e-01	5.361576e-01	2.021525e-01
5.144551e-01	4.574807e-01	1.940505e-01
5.831975e-01	5.327075e-01	2.106058e-01
5.137511e-01	3.300719e-01	7.243308e-03
5.671203e-01	3.312138e-01	-7.320908e-03
5.094248e-01	1.743439e-01	-8.825176e-03
5.889002e-01	1.925590e-01	-2.023905e-02
5.146487e-01	9.634189e-02	2.657567e-01
5.697331e-01	9.449299e-02	2.381323e-01
5.229345e-01	8.433107e-02	2.866575e-01
5.587119e-01	8.305772e-02	2.607647e-01
4.902215e-01	3.396423e-02	2.069705e-01
5.950652e-01	3.283671e-02	1.702062e-01
5.452284e-01	6.563815e-01	-2.826918e-01
5.391408e-01	6.758085e-01	-2.717084e-01
5.352293e-01	6.763989e-01	-2.716979e-01
5.317277e-01	6.769360e-01	-2.716555e-01
5.509232e-01	6.758378e-01	-2.729982e-01
5.547488e-01	6.763331e-01	-2.730261e-01
5.586119e-01	6.765879e-01	-2.730221e-01
5.258372e-01	6.733249e-01	-1.649414e-01
5.627651e-01	6.731368e-01	-1.747021e-01
5.380927e-01	6.406857e-01	-2.400857e-01
5.513565e-01	6.404961e-01	-2.419389e-01
5.037958e-01	5.909644e-01	-6.300278e-02
5.842784e-01	5.936349e-01	-6.063202e-02
5.143554e-01	4.952251e-01	5.623617e-02
5.910423e-01	5.392948e-01	1.149192e-01
5.193849e-01	4.183474e-01	1.365850e-01
5.912672e-01	4.358119e-01	2.322052e-01
5.213264e-01	3.991348e-01	1.457686e-01
5.961006e-01	4.144883e-01	2.464560e-01
5.177570e-01	3.969488e-01	1.156630e-01
5.960513e-01	4.147576e-01	2.234391e-01
5.182141e-01	4.014004e-01	1.262353e-01
5.894622e-01	4.182897e-01	2.269177e-01
5.137715e-01	3.482329e-01	5.286023e-03
5.658923e-01	3.499934e-01	-5.367332e-03
5.086682e-01	1.994802e-01	1.694921e-02
5.887771e-01	2.078473e-01	-1.377307e-03
5.144817e-01	9.703892e-02	2.684601e-01
5.703241e-01	9.657561e-02	2.388192e-01
5.227983e-01	8.385896e-02	2.876364e-01
5.598190e-01	8.383522e-02	2.624791e-01
4.897506e-01	3.714460e-02	2.071343e-01
5.955231e-01	3.572153e-02	1.661621e-01
5.452658e-01	6.684105e-01	-3.063172e-01
5.391368e-01	6.893188e-01	-2.986408e-01
5.352224e-01	6.896508e-01	-2.986375e-01
5.317302e-01	6.898798e-01	-2.986234e-01
5.509235e-01	6.895863e-01	-2.989160e-01
5.547455e-01	6.902037e-01	-2.989388e-01
5.585905e-01	6.907427e-01	-2.989404e-01
5.260392e-01	6.854780e-01	-2.011817e-01
5.625467e-01	6.875962e-01	-2.063283e-01
5.381316e-01	6.520836e-01	-2.663271e-01
5.513793e-01	6.524903e-01	-2.669119e-01
5.028585e-01	6.019503e-01	-1.006002e-01
5.852144e-01	6.043633e-01	-8.232607e-02
5.132387e-01	4.977030e-01	3.819107e-02
5.989278e-01	5.328287e-01	9.752537e-02
5.239068e-01	4.097042e-01	1.461912e-01
5.948524e-01	4.225383e-01	2.087356e-01
5.256959e-01	3.867367e-01	1.603041e-01
5.978537e-01	4.015791e-01	2.239799e-01
5.225232e-01	3.850311e-01	1.308851e-01
5.975085e-01	3.998747e-01	2.003289e-01
5.224481e-01	3.914125e-01	1.375769e-01
5.941808e-01	4.039651e-01	2.032581e-01
5.140842e-01	3.609178e-01	4.205773e-03
5.657553e-01	3.636790e-01	-4.304179e-03
5.082133e-01	2.092148e-01	2.027561e-02
5.887378e-01	2.151499e-01	2.770587e-02
5.140467e-01	9.825338e-02	2.521590e-01
5.712349e-01	9.822788e-02	2.588767e-01
5.226821e-01	8.374438e-02	2.687410e-01
5.609275e-01	8.519281e-02	2.754814e-01
4.897423e-01	3.999363e-02	1.771464e-01
5.961959e-01	3.915087e-02	1.749349e-01
5.452864e-01	6.839392e-01	-3.132148e-01
5.391313e-01	7.051132e-01	-3.039612e-01
5.352157e-01	7.055035e-01	-3.039899e-01
5.317250e-01	7.058442e-01	-3.039670e-01
5.509253e-01	7.055415e-01	-3.046309e-01
5.547413e-01	7.063902e-01	-3.046515e-01
5.585774e-01	7.073066e-01	-3.046610e-01
5.260379e-01	7.024693e-01	-1.990279e-01
5.622839e-01	7.052267e-01	-2.052712e-01
5.381593e-01	6.669776e-01	-2.704581e-01
5.514382e-01	6.678246e-01	-2.713864e-01
5.007533e-01	6.171153e-01	-8.653189e-02
5.856876e-01	6.175570e-01	-8.691644e-02
5.043408e-01	5.043161e-01	8.493173e-02
6.006334e-01	5.382467e-01	9.910352e-02
5.200002e-01	4.398822e-01	2.218816e-01
6.013743e-01	4.341312e-01	2.185924e-01
5.177220e-01	4.252012e-01	2.452544e-01
6.032271e-01	4.350182e-01	2.380213e-01
5.176814e-01	4.207099e-01	2.147485e-01
6.018649e-01	4.244970e-01	2.142192e-01
5.176685e-01	4.315879e-01	2.136084e-01
6.000137e-01	4.452605e-01	2.137185e-01
5.141003e-01	3.749398e-01	3.825686e-03
5.657803e-01	3.759635e-01	-4.008998e-03
5.072988e-01	2.179850e-01	1.810495e-02
5.887378e-01	2.253302e-01	-9.802425e-03
5.135127e-01	1.012439e-01	2.496560e-01
5.712408e-01	1.003502e-01	2.231432e-01
5.222427e-01	8.510989e-02	2.682548e-01
5.608764e-01	8.634109e-02	2.398494e-01
4.896856e-01	4.049895e-02	1.757657e-01
5.961798e-01	4.191790e-02	1.355385e-01
5.453115e-01	7.030185e-01	-3.369386e-01
5.391258e-01	7.240631e-01	-3.282883e-01
5.352076e-01	7.241539e-01	-3.283078e-01
5.317030e-01	7.241846e-01	-3.282951e-01
5.509644e-01	7.251236e-01	-3.292545e-01
5.547757e-01	7.261943e-01	-3.292970e-01
5.586354e-01	7.274808e-01	-3.293259e-01
5.260023e-01	7.202905e-01	-2.258220e-01
5.623034e-01	7.243438e-01	-2.327559e-01
5.381979e-01	6.844617e-01	-2.947401e-01
5.516305e-01	6.863114e-01	-2.959141e-01
4.996299e-01	6.322849e-01	-1.182086e-01
5.879060e-01	6.256021e-01	-1.121283e-01
5.034191e-01	5.099799e-01	2.881126e-02
6.014426e-01	5.372835e-01	5.579606e-02
5.174519e-01	4.461643e-01	1.352153e-01
6.035741e-01	4.420394e-01	1.497885e-01
5.177602e-01	4.168200e-01	1.516828e-01
6.072906e-01	4.258189e-01	1.626168e-01
5.179372e-01	4.194306e-01	1.218918e-01
6.050373e-01	4.274968e-01	1.388311e-01
5.183810e-01	4.325803e-01	1.264424e-01
6.009643e-01	4.331048e-01	1.437628e-01
5.140843e-01	3.826485e-01	3.437740e-03
5.655608e-01	3.834770e-01	-3.590681e-03
5.067663e-01	2.271418e-01	2.755191e-02
5.885801e-01	2.288745e-01	1.156123e-02
5.134308e-01	1.016726e-01	2.465717e-01
5.712459e-01	1.003982e-01	2.304206e-01
5.222203e-01	8.481694e-02	2.625296e-01
5.608618e-01	8.621974e-02	2.462812e-01
4.897109e-01	4.053141e-02	1.660163e-01
5.976490e-01	4.215147e-02	1.423856e-01
5.451825e-01	7.253495e-01	-3.563932e-01
5.390281e-01	7.452519e-01	-3.429663e-01
5.350851e-01	7.453439e-01	-3.429855e-01
5.315161e-01	7.453431e-01	-3.429605e-01
5.509347e-01	7.459179e-01	-3.431352e-01
5.547313e-01	7.467844e-01	-3.431935e-01
5.586108e-01	7.477096e-01	-3.432494e-01
5.258817e-01	7.398720e-01	-2.272654e-01
5.623050e-01	7.426807e-01	-2.297342e-01
5.381482e-01	7.050157e-01	-3.100771e-01
5.516203e-01	7.069196e-01	-3.101027e-01
4.983177e-01	6.433014e-01	-1.290857e-01
5.887367e-01	6.384996e-01	-1.144214e-01
5.030377e-01	5.105361e-01	6.458794e-03
6.023449e-01	5.338120e-01	1.844906e-02
5.127457e-01	4.254434e-01	2.369420e-02
6.044982e-01	4.211010e-01	4.297315e-02
5.131711e-01	3.992522e-01	1.579865e-02
6.092133e-01	3.904749e-01	3.257908e-02
5.140501e-01	4.003807e-01	-5.455102e-02
6.064039e-01	3.888465e-01	-1.741106e-02
5.153676e-01	4.091968e-01	-1.035072e-02
6.022528e-01	4.002299e-01	2.047309e-02
5.142646e-01	3.917263e-01	-1.741364e-04
5.656673e-01	3.930354e-01	4.492270e-06
5.066843e-01	2.319536e-01	2.142812e-02
5.878904e-01	2.318841e-01	6.616661e-03
5.133566e-01	1.029782e-01	2.498081e-01
5.711727e-01	1.000429e-01	2.339424e-01
5.222153e-01	8.473609e-02	2.674671e-01
5.608162e-01	8.524373e-02	2.505564e-01
4.895716e-01	4.091921e-02	1.641140e-01
5.992926e-01	4.192012e-02	1.410054e-01
5.448424e-01	7.404916e-01	-3.576940e-01
5.389244e-01	7.604418e-01	-3.448730e-01
5.349830e-01	7.608321e-01	-3.448871e-01
5.314053e-01	7.610942e-01	-3.448493e-01
5.508283e-01	7.603939e-01	-3.444875e-01
5.545574e-01	7.610123e-01	-3.445392e-01
5.584381e-01	7.617254e-01	-3.445921e-01
5.256560e-01	7.558566e-01	-2.294232e-01
5.621757e-01	7.568988e-01	-2.287612e-01
5.378505e-01	7.210486e-01	-3.110950e-01
5.514042e-01	7.216654e-01	-3.103008e-01
4.974080e-01	6.528432e-01	-1.288206e-01
5.888200e-01	6.556119e-01	-1.147176e-01
5.016385e-01	5.271758e-01	2.445690e-03
6.025652e-01	5.346439e-01	4.038507e-03
5.059992e-01	4.226174e-01	-3.511107e-02
6.066164e-01	4.190533e-01	-3.287155e-02
5.057206e-01	3.942783e-01	-4.985508e-02
6.109476e-01	3.847003e-01	-4.596648e-02
5.069976e-01	3.954566e-01	-9.669100e-02
6.073720e-01	3.836086e-01	-8.136465e-02
5.115107e-01	4.083029e-01	-5.978420e-02
6.025101e-01	3.957714e-01	-4.800446e-02
5.152169e-01	4.004744e-01	-1.699451e-03
5.666946e-01	4.032331e-01	1.549610e-03
5.069917e-01	2.394529e-01	2.288887e-02
5.854873e-01	2.386699e-01	1.528566e-02
5.133573e-01	1.033720e-01	2.371076e-01
5.710064e-01	9.992098e-02	2.352960e-01
5.222236e-01	8.459755e-02	2.508575e-01
5.607891e-01	8.455200e-02	2.502847e-01
4.898404e-01	4.261043e-02	1.412500e-01
6.001843e-01	4.224557e-02	1.368131e-01
5.446687e-01	7.521344e-01	-3.848369e-01
5.388958e-01	7.730594e-01	-3.707414e-01
5.349236e-01	7.735029e-01	-3.707405e-01
5.313253e-01	7.738659e-01	-3.706768e-01
5.508101e-01	7.729231e-01	-3.704077e-01
5.545317e-01	7.733837e-01	-3.704646e-01
5.584219e-01	7.739840e-01	-3.705134e-01
5.254127e-01	7.688432e-01	-2.475436e-01
5.621604e-01	7.689155e-01	-2.468594e-01
5.376542e-01	7.333860e-01	-3.353966e-01
5.512735e-01	7.336203e-01	-3.346768e-01
4.966553e-01	6.614860e-01	-1.389562e-01
5.897979e-01	6.676316e-01	-1.330425e-01
5.004250e-01	5.329214e-01	-4.758095e-02
6.037377e-01	5.374060e-01	-4.948295e-02
5.038446e-01	4.229819e-01	-1.021841e-01
6.075669e-01	4.244573e-01	-1.108962e-01
5.021818e-01	3.926881e-01	-1.215017e-01
6.118050e-01	3.882172e-01	-1.302460e-01
5.045294e-01	3.940193e-01	-1.550150e-01
6.063424e-01	3.876147e-01	-1.646959e-01
5.095895e-01	4.072682e-01	-1.181475e-01
6.017581e-01	4.001290e-01	-1.253265e-01
5.167069e-01	4.147922e-01	-2.818522e-03
5.686075e-01	4.179626e-01	2.690429e-03
5.076670e-01	2.459946e-01	2.138006e-02
5.852332e-01	2.455593e-01	1.318854e-02
5.133570e-01	1.040244e-01	2.188330e-01
5.708852e-01	1.017283e-01	2.252353e-01
5.222167e-01	8.462980e-02	2.310240e-01
5.605683e-01	8.480307e-02	2.383914e-01
4.896749e-01	4.251713e-02	1.110731e-01
5.999748e-01	4.323673e-02	1.168098e-01
5.451276e-01	7.584227e-01	-3.778520e-01
5.392030e-01	7.811932e-01	-3.639860e-01
5.350741e-01	7.817391e-01	-3.639831e-01
5.314649e-01	7.821985e-01	-3.639086e-01
5.512355e-01	7.809293e-01	-3.625498e-01
5.551463e-01	7.813593e-01	-3.626104e-01
5.590690e-01	7.816306e-01	-3.626274e-01
5.254117e-01	7.779483e-01	-2.454419e-01
5.624712e-01	7.769256e-01	-2.390486e-01
5.377500e-01	7.403904e-01	-3.302011e-01
5.517121e-01	7.402095e-01	-3.279675e-01
4.961283e-01	6.692296e-01	-1.493424e-01
5.901408e-01	6.727893e-01	-1.311698e-01
4.970341e-01	5.363528e-01	-9.836306e-02
6.033805e-01	5.394035e-01	-7.197054e-02
4.991375e-01	4.173692e-01	-1.724788e-01
6.074742e-01	4.243478e-01	-1.594274e-01
4.959843e-01	3.825810e-01	-2.010633e-01
6.131037e-01	3.838585e-01	-1.854019e-01
5.005139e-01	3.815994e-01	-2.302992e-01
6.064428e-01	3.826976e-01	-2.215052e-01
5.064883e-01	3.961152e-01	-1.869005e-01
6.013521e-01	3.962448e-01	-1.755078e-01
5.167139e-01	4.197644e-01	-6.023062e-03
5.687247e-01	4.217685e-01	6.001337e-03
5.082082e-01	2.471254e-01	1.909036e-02
5.834967e-01	2.498146e-01	2.861177e-02
5.126973e-01	1.040864e-01	2.205298e-01
5.709566e-01	1.037095e-01	2.293434e-01
5.219985e-01	8.454956e-02	2.328076e-01
5.605534e-01	8.506180e-02	2.425146e-01
4.896622e-01	4.241117e-02	1.179280e-01
5.998257e-01	4.498731e-02	1.306990e-01
5.451685e-01	7.655197e-01	-3.894610e-01
5.392408e-01	7.885807e-01	-3.745650e-01
5.350758e-01	7.891575e-01	-3.745607e-01
5.314769e-01	7.896892e-01	-3.744865e-01
5.512993e-01	7.883674e-01	-3.731938e-01
5.552610e-01	7.887412e-01	-3.732588e-01
5.592538e-01	7.887583e-01	-3.732274e-01
5.253996e-01	7.855324e-01	-2.550699e-01
5.626815e-01	7.832054e-01	-2.488593e-01
5.377489e-01	7.477987e-01	-3.419530e-01
5.517691e-01	7.470695e-01	-3.399114e-01
4.945809e-01	6.748657e-01	-1.650443e-01
5.907142e-01	6.755807e-01	-1.456973e-01
4.951548e-01	5.362805e-01	-1.345173e-01
6.029710e-01	5.393183e-01	-1.005609e-01
4.942545e-01	4.153410e-01	-2.256581e-01
6.071756e-01	4.138140e-01	-1.980750e-01
4.905332e-01	3.750060e-01	-2.610494e-01
6.131886e-01	3.737730e-01	-2.295588e-01
4.973056e-01	3.747525e-01	-2.913437e-01
6.054891e-01	3.726691e-01	-2.660085e-01
5.029820e-01	3.881811e-01	-2.408784e-01
6.004917e-01	3.844478e-01	-2.147726e-01
5.166861e-01	4.217968e-01	-6.594741e-03
5.693054e-01	4.238277e-01	6.619785e-03
5.087618e-01	2.513208e-01	2.798114e-02
5.807656e-01	2.528570e-01	5.473050e-02
5.123607e-01	1.039675e-01	2.264499e-01
5.709755e-01	1.053241e-01	2.708553e-01
5.218396e-01	8.419936e-02	2.380946e-01
5.605406e-01	8.559230e-02	2.845197e-01
4.894050e-01	4.226439e-02	1.378459e-01
5.997728e-01	4.496224e-02	1.637668e-01
5.451226e-01	7.726862e-01	-4.053478e-01
5.392075e-01	7.939364e-01	-3.900506e-01
5.350215e-01	7.943770e-01	-3.900402e-01
5.314363e-01	7.948250e-01	-3.899566e-01
5.512866e-01	7.939332e-01	-3.894178e-01
5.552570e-01	7.942683e-01	-3.894898e-01
5.592560e-01	7.942683e-01	-3.894423e-01
5.254058e-01	7.897186e-01	-2.700635e-01
5.628400e-01	7.872707e-01	-2.671906e-01
5.376956e-01	7.547532e-01	-3.579044e-01
5.517680e-01	7.538332e-01	-3.568757e-01
4.933828e-01	6.765412e-01	-1.787280e-01
5.919994e-01	6.762167e-01	-1.662352e-01
4.950197e-01	5.360363e-01	-1.487243e-01
6.027344e-01	5.377825e-01	-1.242393e-01
4.940044e-01	4.106604e-01	-2.433560e-01
6.066810e-01	4.037712e-01	-2.234491e-01
4.903807e-01	3.695445e-01	-2.808817e-01
6.127576e-01	3.668510e-01	-2.576048e-01
4.975228e-01	3.701452e-01	-3.109471e-01
6.048831e-01	3.649466e-01	-2.943166e-01
5.030630e-01	3.840775e-01	-2.585370e-01
6.000754e-01	3.783372e-01	-2.401643e-01
5.170873e-01	4.237769e-01	-6.417888e-03
5.707743e-01	4.269248e-01	6.443304e-03
5.102645e-01	2.522851e-01	4.024059e-02
5.783852e-01	2.565835e-01	7.286976e-02
5.123336e-01	1.039787e-01	2.451051e-01
5.713046e-01	1.064685e-01	2.989709e-01
5.217409e-01	8.413307e-02	2.556983e-01
5.616644e-01	8.623908e-02	3.138661e-01
4.894647e-01	4.216563e-02	1.449621e-01
5.996331e-01	4.495843e-02	1.926888e-01
5.452143e-01	7.755421e-01	-3.794861e-01
5.393965e-01	7.950082e-01	-3.634350e-01
5.351332e-01	7.956203e-01	-3.634339e-01
5.315483e-01	7.962703e-01	-3.633556e-01
5.513644e-01	7.945203e-01	-3.625669e-01
5.553976e-01	7.945986e-01	-3.626334e-01
5.594475e-01	7.944807e-01	-3.625866e-01
5.258139e-01	7.905191e-01	-2.459313e-01
5.632104e-01	7.873013e-01	-2.423918e-01
5.377239e-01	7.577770e-01	-3.336110e-01
5.518239e-01	7.562469e-01	-3.322133e-01
4.936439e-01	6.750408e-01	-1.625070e-01
5.927387e-01	6.761233e-01	-1.466260e-01
4.953319e-01	5.355173e-01	-1.349589e-01
6.026088e-01	5.377668e-01	-1.048086e-01
4.949433e-01	4.078956e-01	-2.218980e-01
6.063558e-01	4.081768e-01	-2.002563e-01
4.914114e-01	3.672461e-01	-2.578240e-01
6.120342e-01	3.708966e-01	-2.326705e-01
4.989404e-01	3.681043e-01	-2.874443e-01
6.045862e-01	3.701902e-01	-2.684392e-01
5.041225e-01	3.826974e-01	-2.367991e-01
5.993882e-01	3.835381e-01	-2.167083e-01
5.171248e-01	4.251806e-01	-6.858493e-03
5.714936e-01	4.281338e-01	6.908905e-03
5.115367e-01	2.517331e-01	3.365292e-02
5.768639e-01	2.568390e-01	6.220730e-02
5.123363e-01	1.040249e-01	2.358573e-01
5.718070e-01	1.064849e-01	2.773143e-01
5.216653e-01	8.398799e-02	2.469757e-01
5.624429e-01	8.618904e-02	2.936714e-01
4.902790e-01	4.207641e-02	1.320785e-01
5.995340e-01	4.505315e-02	1.865512e-01
5.459558e-01	7.750193e-01	-3.730096e-01
5.398282e-01	7.940041e-01	-3.564034e-01
5.355326e-01	7.942162e-01	-3.564014e-01
5.318025e-01	7.946924e-01	-3.563214e-01
5.518540e-01	7.935207e-01	-3.558456e-01
5.562521e-01	7.935110e-01	-3.559091e-01
5.602198e-01	7.934437e-01	-3.558437e-01
5.261353e-01	7.879072e-01	-2.399515e-01
5.645502e-01	7.863677e-01	-2.377796e-01
5.381767e-01	7.558377e-01	-3.280112e-01
5.526431e-01	7.548111e-01	-3.271275e-01
4.938215e-01	6.703109e-01	-1.592309e-01
5.947564e-01	6.729081e-01	-1.466461e-01
4.956880e-01	5.324671e-01	-1.321217e-01
6.025129e-01	5.374001e-01	-1.075961e-01
4.949048e-01	4.015070e-01	-2.208277e-01
6.061765e-01	4.087636e-01	-2.034264e-01
4.912269e-01	3.621208e-01	-2.574482e-01
6.115661e-01	3.714391e-01	-2.367506e-01
4.992233e-01	3.634193e-01	-2.875934e-01
6.039108e-01	3.714299e-01	-2.724268e-01
5.043193e-01	3.786154e-01	-2.359809e-01
5.987025e-01	3.849245e-01	-2.198950e-01
5.178889e-01	4.249507e-01	-6.685347e-03
5.724360e-01	4.260656e-01	6.714472e-03
5.127645e-01	2.504638e-01	3.465438e-02
5.769156e-01	2.553877e-01	6.020810e-02
5.123314e-01	1.040356e-01	2.357999e-01
5.721890e-01	1.062468e-01	2.700701e-01
5.215921e-01	8.394040e-02	2.475852e-01
5.631365e-01	8.611222e-02	2.856238e-01
4.904623e-01	4.192480e-02	1.338558e-01
5.992154e-01	4.494869e-02	1.854863e-01
5.464989e-01	7.720765e-01	-3.682928e-01
5.402305e-01	7.911869e-01	-3.512977e-01
5.359547e-01	7.913961e-01	-3.512971e-01
5.321075e-01	7.917022e-01	-3.512164e-01
5.523869e-01	7.907596e-01	-3.506313e-01
5.570058e-01	7.907685e-01	-3.506949e-01
5.609571e-01	7.906939e-01	-3.506329e-01
5.266143e-01	7.852269e-01	-2.345797e-01
5.657060e-01	7.844126e-01	-2.321885e-01
5.385875e-01	7.527683e-01	-3.232776e-01
5.532817e-01	7.518186e-01	-3.221875e-01
4.945917e-01	6.684070e-01	-1.560105e-01
5.953891e-01	6.711125e-01	-1.401102e-01
4.959472e-01	5.323216e-01	-1.332554e-01
6.021306e-01	5.364910e-01	-9.940270e-02
4.955429e-01	4.024852e-01	-2.273118e-01
6.059581e-01	4.048409e-01	-1.971136e-01
4.919221e-01	3.641657e-01	-2.652637e-01
6.107377e-01	3.681145e-01	-2.308635e-01
4.995819e-01	3.649969e-01	-2.949792e-01
6.003236e-01	3.684873e-01	-2.662042e-01
5.045012e-01	3.802010e-01	-2.424973e-01
5.955138e-01	3.824977e-01	-2.134708e-01
5.183113e-01	4.236253e-01	-7.467844e-03
5.724624e-01	4.240704e-01	7.527545e-03
5.131765e-01	2.490990e-01	2.706100e-02
5.774208e-01	2.552546e-01	5.126365e-02
5.123290e-01	1.039862e-01	2.233737e-01
5.723136e-01	1.061425e-01	2.594776e-01
5.215364e-01	8.391406e-02	2.353108e-01
5.631751e-01	8.609398e-02	2.724431e-01
4.904533e-01	4.113179e-02	1.212926e-01
5.990441e-01	4.461103e-02	1.619929e-01
5.471813e-01	7.744225e-01	-3.596622e-01
5.406663e-01	7.929198e-01	-3.399722e-01
5.364040e-01	7.929682e-01	-3.399797e-01
5.324105e-01	7.932742e-01	-3.398931e-01
5.529433e-01	7.924238e-01	-3.384766e-01
5.577496e-01	7.924311e-01	-3.385500e-01
5.615741e-01	7.922945e-01	-3.384782e-01
5.270314e-01	7.859305e-01	-2.243675e-01
5.664067e-01	7.853197e-01	-2.181459e-01
5.390292e-01	7.547843e-01	-3.171401e-01
5.540372e-01	7.539598e-01	-3.144402e-01
4.956618e-01	6.684167e-01	-1.504958e-01
5.957805e-01	6.695442e-01	-1.296119e-01
4.960602e-01	5.333940e-01	-1.306442e-01
6.013878e-01	5.357473e-01	-9.149137e-02
4.953640e-01	4.063987e-01	-2.258583e-01
6.047103e-01	4.034529e-01	-1.836379e-01
4.916073e-01	3.684900e-01	-2.640436e-01
6.090631e-01	3.678987e-01	-2.168099e-01
4.992494e-01	3.689555e-01	-2.933269e-01
5.973905e-01	3.690834e-01	-2.517320e-01
5.041677e-01	3.838915e-01	-2.408469e-01
5.929486e-01	3.826070e-01	-1.998546e-01
5.186524e-01	4.223382e-01	-9.037218e-03
5.724328e-01	4.223708e-01	9.121834e-03
5.137473e-01	2.488611e-01	2.315460e-02
5.777820e-01	2.564808e-01	4.745587e-02
5.123293e-01	1.037835e-01	2.194148e-01
5.723931e-01	1.060106e-01	2.529156e-01
5.215133e-01	8.381265e-02	2.314348e-01
5.631853e-01	8.608011e-02	2.654303e-01
4.904431e-01	4.017798e-02	1.172517e-01
5.990218e-01	4.447573e-02	1.526243e-01
5.479956e-01	7.765672e-01	-3.581261e-01
5.411760e-01	7.950000e-01	-3.395778e-01
5.369654e-01	7.950289e-01	-3.395841e-01
5.327584e-01	7.951258e-01	-3.395012e-01
5.536566e-01	7.946261e-01	-3.382465e-01
5.585659e-01	7.946410e-01	-3.383176e-01
5.622384e-01	7.944423e-01	-3.382505e-01
5.274336e-01	7.869467e-01	-2.242167e-01
5.671300e-01	7.865365e-01	-2.177130e-01
5.395693e-01	7.567942e-01	-3.146062e-01
5.550119e-01	7.560240e-01	-3.125569e-01
4.964793e-01	6.678669e-01	-1.497604e-01
5.963916e-01	6.696034e-01	-1.277060e-01
4.961986e-01	5.333965e-01	-1.292196e-01
6.013459e-01	5.354843e-01	-8.756433e-02
4.954270e-01	4.086711e-01	-2.234526e-01
6.036033e-01	4.052926e-01	-1.824399e-01
4.918931e-01	3.709684e-01	-2.613885e-01
6.079873e-01	3.700962e-01	-2.157113e-01
4.991905e-01	3.715325e-01	-2.911721e-01
5.964169e-01	3.716534e-01	-2.511488e-01
5.039126e-01	3.862257e-01	-2.385831e-01
5.918902e-01	3.848480e-01	-1.989481e-01
5.189081e-01	4.222900e-01	-1.016077e-02
5.724079e-01	4.214593e-01	1.025569e-02
5.144580e-01	2.487763e-01	2.160094e-02
5.788701e-01	2.574965e-01	4.556539e-02
5.123422e-01	1.036432e-01	2.193196e-01
5.725215e-01	1.059347e-01	2.519156e-01
5.215095e-01	8.369805e-02	2.313548e-01
5.631503e-01	8.603971e-02	2.646451e-01
4.904394e-01	4.003096e-02	1.160365e-01
5.989864e-01	4.411247e-02	1.513056e-01
