5.550337e-01	8.215823e-01	-3.676181e-01
5.483769e-01	8.410318e-01	-3.477224e-01
5.444245e-01	8.410012e-01	-3.477619e-01
5.401366e-01	8.410365e-01	-3.477165e-01
5.609643e-01	8.405565e-01	-3.499204e-01
5.656223e-01	8.405632e-01	-3.499999e-01
5.693700e-01	8.401970e-01	-3.499423e-01
5.366769e-01	8.331126e-01	-2.242310e-01
5.754259e-01	8.333977e-01	-2.329099e-01
5.467721e-01	8.002192e-01	-3.207159e-01
5.623520e-01	8.001591e-01	-3.231705e-01
5.041299e-01	7.090163e-01	-1.363060e-01
6.051936e-01	7.052786e-01	-1.543387e-01
4.944035e-01	5.665200e-01	-1.064542e-01
6.120440e-01	5.566151e-01	-1.295468e-01
4.897597e-01	4.391330e-01	-2.102267e-01
6.128207e-01	4.249254e-01	-2.340122e-01
4.846644e-01	4.005719e-01	-2.477513e-01
6.142256e-01	3.824441e-01	-2.731778e-01
4.907098e-01	3.978942e-01	-2.814361e-01
6.078544e-01	3.824815e-01	-3.076299e-01
4.960476e-01	4.125020e-01	-2.270834e-01
6.048023e-01	3.996827e-01	-2.506239e-01
5.221116e-01	4.395923e-01	1.851391e-03
5.800309e-01	4.396884e-01	-1.760289e-03
5.060451e-01	2.627085e-01	1.565444e-02
5.885237e-01	2.591768e-01	4.382123e-02
4.970760e-01	1.123143e-01	2.450928e-01
5.922339e-01	1.114232e-01	2.762815e-01
5.035250e-01	9.237149e-02	2.599275e-01
5.869272e-01	9.362530e-02	2.915207e-01
4.831529e-01	4.129976e-02	1.346916e-01
6.085598e-01	4.259008e-02	1.609240e-01
5.549948e-01	8.274532e-01	-3.494366e-01
5.484921e-01	8.459629e-01	-3.287457e-01
5.444242e-01	8.458768e-01	-3.287700e-01
5.402321e-01	8.458295e-01	-3.287039e-01
5.609879e-01	8.451923e-01	-3.289698e-01
5.656167e-01	8.446136e-01	-3.290334e-01
5.694326e-01	8.439626e-01	-3.289570e-01
5.366477e-01	8.374671e-01	-2.048694e-01
5.754310e-01	8.355528e-01	-2.048836e-01
5.467824e-01	8.047615e-01	-3.029569e-01
5.623450e-01	8.037153e-01	-3.028294e-01
5.038224e-01	7.112346e-01	-1.277967e-01
6.051787e-01	7.074016e-01	-1.249825e-01
4.938897e-01	5.666055e-01	-1.072298e-01
6.123673e-01	5.622058e-01	-9.507851e-02
4.889012e-01	4.380187e-01	-2.195308e-01
6.141968e-01	4.273921e-01	-2.021969e-01
4.841219e-01	3.983260e-01	-2.600370e-01
6.170964e-01	3.845737e-01	-2.405688e-01
4.907443e-01	3.965849e-01	-2.925749e-01
6.093673e-01	3.842753e-01	-2.763134e-01
4.960508e-01	4.103988e-01	-2.362597e-01
6.054054e-01	4.003957e-01	-2.195588e-01
5.217434e-01	4.395240e-01	1.643240e-03
5.796142e-01	4.395531e-01	-1.542825e-03
5.057017e-01	2.633649e-01	1.769366e-02
5.898255e-01	2.606686e-01	5.131493e-02
4.970937e-01	1.127092e-01	2.533074e-01
5.922250e-01	1.119238e-01	2.975066e-01
5.034898e-01	9.292131e-02	2.689064e-01
5.867864e-01	9.387498e-02	3.143274e-01
4.831842e-01	4.310090e-02	1.444498e-01
6.082864e-01	4.433063e-02	1.880395e-01
5.549935e-01	8.326906e-01	-3.471464e-01
5.486623e-01	8.506976e-01	-3.269741e-01
5.444533e-01	8.505729e-01	-3.269949e-01
5.403521e-01	8.503052e-01	-3.269230e-01
5.610319e-01	8.496263e-01	-3.267275e-01
5.656168e-01	8.487902e-01	-3.267898e-01
5.695015e-01	8.478032e-01	-3.267058e-01
5.365789e-01	8.414326e-01	-2.055165e-01
5.754288e-01	8.380772e-01	-2.034630e-01
5.468012e-01	8.091541e-01	-3.016322e-01
5.623388e-01	8.075559e-01	-3.008541e-01
5.030461e-01	7.124681e-01	-1.289299e-01
6.050763e-01	7.094275e-01	-1.257475e-01
4.921464e-01	5.666599e-01	-1.166858e-01
6.123689e-01	5.628509e-01	-9.795468e-02
4.866882e-01	4.380148e-01	-2.339547e-01
6.143105e-01	4.269198e-01	-2.039661e-01
4.819931e-01	3.979312e-01	-2.754948e-01
6.178725e-01	3.844722e-01	-2.427905e-01
4.897467e-01	3.964018e-01	-3.077537e-01
6.098393e-01	3.839722e-01	-2.784154e-01
4.951948e-01	4.100443e-01	-2.505555e-01
6.054716e-01	3.995855e-01	-2.213222e-01
5.211159e-01	4.395944e-01	1.303934e-03
5.795233e-01	4.394457e-01	-1.199191e-03
5.054450e-01	2.636712e-01	1.774729e-02
5.898511e-01	2.617317e-01	5.446529e-02
4.970073e-01	1.131435e-01	2.525839e-01
5.921921e-01	1.123482e-01	3.021840e-01
5.030421e-01	9.366038e-02	2.680248e-01
5.865768e-01	9.448071e-02	3.191132e-01
4.831846e-01	4.434531e-02	1.431778e-01
6.079521e-01	4.582382e-02	1.937884e-01
5.549840e-01	8.361620e-01	-3.485599e-01
5.487286e-01	8.539849e-01	-3.273122e-01
5.444535e-01	8.538359e-01	-3.273360e-01
5.403955e-01	8.534384e-01	-3.272654e-01
5.610536e-01	8.527476e-01	-3.288111e-01
5.656145e-01	8.518479e-01	-3.288794e-01
5.695506e-01	8.506779e-01	-3.288243e-01
5.364496e-01	8.442292e-01	-2.071823e-01
5.754303e-01	8.401694e-01	-2.098949e-01
5.468019e-01	8.122804e-01	-3.030221e-01
5.623376e-01	8.105023e-01	-3.018304e-01
5.023756e-01	7.131169e-01	-1.333724e-01
6.050701e-01	7.110826e-01	-1.317624e-01
4.907261e-01	5.658689e-01	-1.158995e-01
6.129187e-01	5.646526e-01	-1.052112e-01
4.850367e-01	4.351869e-01	-2.299726e-01
6.177894e-01	4.310928e-01	-2.105437e-01
4.804684e-01	3.945831e-01	-2.698478e-01
6.216537e-01	3.879907e-01	-2.493342e-01
4.886602e-01	3.923600e-01	-3.022918e-01
6.150799e-01	3.873603e-01	-2.838953e-01
4.941655e-01	4.061113e-01	-2.465889e-01
6.100776e-01	4.010209e-01	-2.271824e-01
5.204649e-01	4.395906e-01	1.702241e-03
5.795399e-01	4.390070e-01	-1.598124e-03
5.049741e-01	2.638739e-01	2.251237e-02
5.901186e-01	2.626367e-01	5.534458e-02
4.969919e-01	1.137473e-01	2.677768e-01
5.921355e-01	1.136771e-01	3.099703e-01
5.027932e-01	9.481681e-02	2.843267e-01
5.861962e-01	9.596408e-02	3.275588e-01
4.831734e-01	4.566425e-02	1.605516e-01
6.077001e-01	4.684472e-02	2.012348e-01
5.550196e-01	8.371041e-01	-3.719270e-01
5.488655e-01	8.548592e-01	-3.511488e-01
5.444835e-01	8.546906e-01	-3.511840e-01
5.404719e-01	8.542898e-01	-3.511366e-01
5.611304e-01	8.537301e-01	-3.517759e-01
5.656608e-01	8.528424e-01	-3.518387e-01
5.696770e-01	8.517429e-01	-3.517552e-01
5.364155e-01	8.452978e-01	-2.254547e-01
5.754560e-01	8.413473e-01	-2.263276e-01
5.468615e-01	8.133463e-01	-3.243461e-01
5.623598e-01	8.116632e-01	-3.240378e-01
5.020462e-01	7.147617e-01	-1.442972e-01
6.050639e-01	7.131693e-01	-1.427010e-01
4.874531e-01	5.666482e-01	-1.210996e-01
6.136906e-01	5.663569e-01	-1.102934e-01
4.777736e-01	4.364066e-01	-2.323580e-01
6.201881e-01	4.338599e-01	-2.164149e-01
4.736994e-01	3.946594e-01	-2.719160e-01
6.254520e-01	3.889938e-01	-2.539942e-01
4.809768e-01	3.925084e-01	-3.062046e-01
6.191089e-01	3.878671e-01	-2.930662e-01
4.868829e-01	4.063217e-01	-2.495701e-01
6.135338e-01	4.018962e-01	-2.353566e-01
5.204714e-01	4.399958e-01	2.271652e-03
5.796739e-01	4.394540e-01	-2.171970e-03
5.041990e-01	2.641200e-01	2.202592e-02
5.904487e-01	2.634038e-01	5.211075e-02
4.970814e-01	1.141313e-01	2.698587e-01
5.918606e-01	1.149361e-01	3.057013e-01
5.028034e-01	9.552788e-02	2.868642e-01
5.855339e-01	9.770454e-02	3.232312e-01
4.830610e-01	4.801053e-02	1.624061e-01
6.074820e-01	4.818125e-02	1.953057e-01
5.549388e-01	8.367703e-01	-3.716976e-01
5.488666e-01	8.546514e-01	-3.516570e-01
5.444404e-01	8.545139e-01	-3.516904e-01
5.404736e-01	8.542458e-01	-3.516399e-01
5.611311e-01	8.536498e-01	-3.524680e-01
5.656213e-01	8.528206e-01	-3.525254e-01
5.696786e-01	8.518689e-01	-3.524452e-01
5.363459e-01	8.456630e-01	-2.267721e-01
5.754229e-01	8.417966e-01	-2.286969e-01
5.468441e-01	8.132636e-01	-3.242087e-01
5.623266e-01	8.117539e-01	-3.244461e-01
5.017982e-01	7.170044e-01	-1.431201e-01
6.049799e-01	7.150207e-01	-1.442282e-01
4.857527e-01	5.712095e-01	-1.172796e-01
6.161860e-01	5.678896e-01	-1.113527e-01
4.705538e-01	4.454771e-01	-2.204653e-01
6.250845e-01	4.369118e-01	-2.170010e-01
4.661862e-01	4.026628e-01	-2.551220e-01
6.300159e-01	3.916896e-01	-2.530631e-01
4.698119e-01	3.988743e-01	-2.929563e-01
6.244317e-01	3.913795e-01	-2.923598e-01
4.756356e-01	4.128099e-01	-2.391005e-01
6.187485e-01	4.047177e-01	-2.358507e-01
5.204971e-01	4.425955e-01	2.763711e-03
5.797151e-01	4.414838e-01	-2.672935e-03
5.038260e-01	2.674686e-01	1.967451e-02
5.904350e-01	2.669922e-01	4.548346e-02
4.971525e-01	1.154743e-01	2.585655e-01
5.906997e-01	1.168620e-01	2.948597e-01
5.028241e-01	9.705624e-02	2.740836e-01
5.843133e-01	9.972296e-02	3.115634e-01
4.829733e-01	5.135597e-02	1.500948e-01
6.072320e-01	5.059087e-02	1.855358e-01
5.548319e-01	8.361578e-01	-3.790409e-01
5.488564e-01	8.541406e-01	-3.603395e-01
5.443798e-01	8.540239e-01	-3.603668e-01
5.404695e-01	8.538312e-01	-3.603006e-01
5.611290e-01	8.531796e-01	-3.613386e-01
5.655847e-01	8.524077e-01	-3.613892e-01
5.696732e-01	8.515171e-01	-3.613137e-01
5.362690e-01	8.455345e-01	-2.361834e-01
5.753175e-01	8.417675e-01	-2.386142e-01
5.468041e-01	8.127939e-01	-3.312815e-01
5.622419e-01	8.113859e-01	-3.317419e-01
5.015826e-01	7.196766e-01	-1.480651e-01
6.046580e-01	7.155582e-01	-1.485335e-01
4.844263e-01	5.795400e-01	-1.258277e-01
6.170018e-01	5.679929e-01	-1.125417e-01
4.652322e-01	4.618509e-01	-2.405800e-01
6.289927e-01	4.377045e-01	-2.118370e-01
4.594907e-01	4.181390e-01	-2.755710e-01
6.344257e-01	3.935655e-01	-2.446497e-01
4.619177e-01	4.144635e-01	-3.126406e-01
6.285712e-01	3.929101e-01	-2.858099e-01
4.675221e-01	4.283532e-01	-2.590242e-01
6.230475e-01	4.055922e-01	-2.311485e-01
5.202334e-01	4.476535e-01	2.495789e-03
5.788297e-01	4.462350e-01	-2.415544e-03
5.030730e-01	2.701664e-01	1.100022e-02
5.903330e-01	2.705460e-01	3.777154e-02
4.971499e-01	1.167617e-01	2.311897e-01
5.892497e-01	1.177570e-01	2.673258e-01
5.027600e-01	9.829707e-02	2.446184e-01
5.826976e-01	1.003269e-01	2.816261e-01
4.829072e-01	5.284048e-02	1.175410e-01
6.070759e-01	5.195914e-02	1.545026e-01
5.547294e-01	8.357994e-01	-3.923198e-01
5.488180e-01	8.538470e-01	-3.743364e-01
5.442790e-01	8.537492e-01	-3.743656e-01
5.404381e-01	8.535985e-01	-3.742981e-01
5.611231e-01	8.529487e-01	-3.751552e-01
5.655509e-01	8.521916e-01	-3.752028e-01
5.696675e-01	8.513519e-01	-3.751239e-01
5.360268e-01	8.453045e-01	-2.501814e-01
5.751729e-01	8.416446e-01	-2.518321e-01
5.466906e-01	8.126062e-01	-3.442443e-01
5.621523e-01	8.112641e-01	-3.445250e-01
5.013441e-01	7.216257e-01	-1.603068e-01
6.041111e-01	7.169667e-01	-1.571028e-01
4.813059e-01	5.857792e-01	-1.372024e-01
6.197407e-01	5.707973e-01	-1.164927e-01
4.570846e-01	4.695705e-01	-2.505369e-01
6.361562e-01	4.476267e-01	-2.134118e-01
4.497049e-01	4.280243e-01	-2.847992e-01
6.416814e-01	4.047229e-01	-2.458876e-01
4.517639e-01	4.247738e-01	-3.223483e-01
6.385924e-01	4.041332e-01	-2.874588e-01
4.572483e-01	4.392985e-01	-2.691368e-01
6.326682e-01	4.171536e-01	-2.324564e-01
5.190195e-01	4.507987e-01	1.966158e-03
5.769993e-01	4.491042e-01	-1.905479e-03
5.020894e-01	2.716681e-01	1.167810e-02
5.901473e-01	2.729524e-01	3.806965e-02
4.970744e-01	1.194431e-01	2.371869e-01
5.884624e-01	1.211369e-01	2.720348e-01
5.027179e-01	1.012215e-01	2.514529e-01
5.818985e-01	1.038549e-01	2.869793e-01
4.827800e-01	5.521286e-02	1.249460e-01
6.069466e-01	5.481696e-02	1.598932e-01
5.546293e-01	8.355416e-01	-3.900681e-01
5.487486e-01	8.536762e-01	-3.717892e-01
5.441837e-01	8.535810e-01	-3.718197e-01
5.403992e-01	8.534558e-01	-3.717505e-01
5.610927e-01	8.528064e-01	-3.726188e-01
5.654645e-01	8.520403e-01	-3.726623e-01
5.696141e-01	8.512539e-01	-3.725731e-01
5.358055e-01	8.451550e-01	-2.467216e-01
5.749793e-01	8.412556e-01	-2.487366e-01
5.465302e-01	8.124554e-01	-3.418054e-01
5.619718e-01	8.112042e-01	-3.422210e-01
5.010612e-01	7.220624e-01	-1.559343e-01
6.037623e-01	7.176240e-01	-1.556515e-01
4.773583e-01	5.915296e-01	-1.315562e-01
6.233733e-01	5.743648e-01	-1.165936e-01
4.492421e-01	4.751947e-01	-2.472670e-01
6.410514e-01	4.532143e-01	-2.137734e-01
4.399097e-01	4.369800e-01	-2.824566e-01
6.475937e-01	4.124138e-01	-2.480447e-01
4.425851e-01	4.346725e-01	-3.205450e-01
6.440321e-01	4.117790e-01	-2.884225e-01
4.487362e-01	4.484418e-01	-2.660996e-01
6.378713e-01	4.237301e-01	-2.336025e-01
5.189976e-01	4.505433e-01	1.940057e-03
5.767082e-01	4.492842e-01	-1.881324e-03
5.018945e-01	2.721269e-01	2.241952e-02
5.897454e-01	2.738158e-01	4.588170e-02
4.970431e-01	1.217321e-01	2.529336e-01
5.883739e-01	1.235510e-01	2.903324e-01
5.026828e-01	1.042636e-01	2.676622e-01
5.819451e-01	1.068546e-01	3.062052e-01
4.827271e-01	5.709716e-02	1.396236e-01
6.068199e-01	5.778639e-02	1.785059e-01
5.546306e-01	8.319591e-01	-3.822877e-01
5.487490e-01	8.520870e-01	-3.643833e-01
5.441827e-01	8.519481e-01	-3.644163e-01
5.404037e-01	8.515599e-01	-3.643090e-01
5.610920e-01	8.514559e-01	-3.642193e-01
5.654601e-01	8.508535e-01	-3.642188e-01
5.696163e-01	8.498356e-01	-3.640766e-01
5.358044e-01	8.430919e-01	-2.378382e-01
5.749789e-01	8.391824e-01	-2.362578e-01
5.465338e-01	8.097540e-01	-3.336862e-01
5.619693e-01	8.084750e-01	-3.330451e-01
5.014588e-01	7.218854e-01	-1.474350e-01
6.037630e-01	7.184519e-01	-1.404876e-01
4.753758e-01	6.013276e-01	-1.305024e-01
6.297320e-01	5.851811e-01	-1.113594e-01
4.462691e-01	4.902325e-01	-2.651940e-01
6.502250e-01	4.665768e-01	-2.153525e-01
4.355020e-01	4.509839e-01	-3.035124e-01
6.589066e-01	4.263069e-01	-2.513322e-01
4.387937e-01	4.488084e-01	-3.422690e-01
6.544434e-01	4.267128e-01	-2.923589e-01
4.448752e-01	4.631760e-01	-2.846701e-01
6.478230e-01	4.393494e-01	-2.358057e-01
5.204319e-01	4.528838e-01	1.738808e-03
5.772438e-01	4.507229e-01	-1.669776e-03
5.019186e-01	2.721227e-01	1.185306e-02
5.907791e-01	2.739123e-01	3.723263e-02
4.974374e-01	1.233866e-01	2.307391e-01
5.885051e-01	1.240339e-01	2.665408e-01
5.031102e-01	1.068747e-01	2.441613e-01
5.819812e-01	1.075214e-01	2.803523e-01
4.831203e-01	5.708598e-02	1.154472e-01
6.071506e-01	5.812746e-02	1.515960e-01
5.546380e-01	8.255742e-01	-3.615242e-01
5.487501e-01	8.462166e-01	-3.429624e-01
5.441812e-01	8.463140e-01	-3.430009e-01
5.404059e-01	8.464704e-01	-3.429111e-01
5.610968e-01	8.459411e-01	-3.435518e-01
5.654880e-01	8.454363e-01	-3.435452e-01
5.696738e-01	8.447800e-01	-3.434048e-01
5.358547e-01	8.393739e-01	-2.160131e-01
5.751161e-01	8.357194e-01	-2.171482e-01
5.465374e-01	8.044167e-01	-3.128191e-01
5.619959e-01	8.032747e-01	-3.130125e-01
5.027012e-01	7.221682e-01	-1.276092e-01
6.038612e-01	7.190592e-01	-1.224744e-01
4.752109e-01	6.115605e-01	-1.184380e-01
6.316734e-01	5.907270e-01	-9.721918e-02
4.451401e-01	5.067096e-01	-2.574834e-01
6.532691e-01	4.809107e-01	-2.131053e-01
4.340800e-01	4.687262e-01	-2.961581e-01
6.626327e-01	4.413326e-01	-2.509106e-01
4.368201e-01	4.670538e-01	-3.351381e-01
6.588769e-01	4.412885e-01	-2.914595e-01
4.427207e-01	4.799500e-01	-2.771185e-01
6.523802e-01	4.546756e-01	-2.334904e-01
5.208557e-01	4.551896e-01	1.287453e-03
5.776424e-01	4.524486e-01	-1.207619e-03
5.019601e-01	2.726726e-01	-7.579925e-03
5.925010e-01	2.738571e-01	2.570975e-02
4.979443e-01	1.239550e-01	2.107959e-01
5.890304e-01	1.242976e-01	2.485015e-01
5.034858e-01	1.074853e-01	2.241358e-01
5.821923e-01	1.078844e-01	2.613760e-01
4.835297e-01	5.717629e-02	9.605123e-02
6.076055e-01	5.821202e-02	1.333807e-01
5.546092e-01	8.193018e-01	-3.101788e-01
5.486567e-01	8.392980e-01	-2.875329e-01
5.440877e-01	8.394807e-01	-2.875910e-01
5.403593e-01	8.395824e-01	-2.875275e-01
5.610124e-01	8.388128e-01	-2.899455e-01
5.653602e-01	8.385024e-01	-2.899535e-01
5.696000e-01	8.379129e-01	-2.898180e-01
5.357959e-01	8.328592e-01	-1.505463e-01
5.751114e-01	8.302466e-01	-1.611389e-01
5.465319e-01	7.977657e-01	-2.588816e-01
5.619844e-01	7.974750e-01	-2.617274e-01
5.030414e-01	7.206913e-01	-5.995099e-02
6.038626e-01	7.191976e-01	-7.431152e-02
4.742433e-01	6.186583e-01	-1.608266e-02
6.318415e-01	6.051747e-01	-8.737868e-02
4.434268e-01	5.305094e-01	-1.261883e-01
6.534951e-01	5.165328e-01	-2.620658e-01
4.315874e-01	4.979109e-01	-1.605143e-01
6.624535e-01	4.777678e-01	-3.118154e-01
4.338034e-01	4.971160e-01	-2.037522e-01
6.577098e-01	4.788756e-01	-3.465008e-01
4.400837e-01	5.081595e-01	-1.471455e-01
6.514348e-01	4.954438e-01	-2.825103e-01
5.207107e-01	4.547288e-01	1.662693e-03
5.776614e-01	4.522039e-01	-1.545813e-03
5.019916e-01	2.727933e-01	-4.501772e-03
5.938906e-01	2.736048e-01	1.030970e-02
4.980631e-01	1.237980e-01	2.108753e-01
5.895032e-01	1.246511e-01	2.233730e-01
5.035564e-01	1.070463e-01	2.235793e-01
5.824917e-01	1.082748e-01	2.348081e-01
4.836469e-01	5.804196e-02	9.743763e-02
6.076052e-01	5.906773e-02	1.050605e-01
5.532671e-01	8.149287e-01	-2.799642e-01
5.472981e-01	8.346622e-01	-2.625794e-01
5.431247e-01	8.345879e-01	-2.626344e-01
5.395033e-01	8.346087e-01	-2.625901e-01
5.597413e-01	8.347728e-01	-2.647473e-01
5.638567e-01	8.345800e-01	-2.647325e-01
5.681216e-01	8.342550e-01	-2.645819e-01
5.350186e-01	8.273572e-01	-1.444249e-01
5.740627e-01	8.264881e-01	-1.542194e-01
5.456663e-01	7.930529e-01	-2.351484e-01
5.611444e-01	7.936794e-01	-2.375484e-01
5.030854e-01	7.196196e-01	-4.546716e-02
6.034768e-01	7.189775e-01	-5.653935e-02
4.726318e-01	6.278464e-01	9.807183e-02
6.314583e-01	6.170112e-01	5.283156e-02
4.417512e-01	5.536112e-01	1.351272e-01
6.534228e-01	5.441288e-01	3.658224e-02
4.288265e-01	5.243657e-01	1.334710e-01
6.637813e-01	5.088575e-01	1.987232e-02
4.308324e-01	5.235010e-01	8.604548e-02
6.587050e-01	5.100060e-01	-1.669491e-02
4.368971e-01	5.314677e-01	1.170876e-01
6.522137e-01	5.244242e-01	2.038327e-02
5.204521e-01	4.542502e-01	3.083080e-03
5.773277e-01	4.516664e-01	-2.964032e-03
5.020345e-01	2.727045e-01	-9.485379e-04
5.937713e-01	2.739921e-01	1.101852e-02
4.980648e-01	1.236295e-01	2.142811e-01
5.895700e-01	1.248889e-01	2.293864e-01
5.035431e-01	1.068190e-01	2.275232e-01
5.827069e-01	1.084415e-01	2.421152e-01
4.836427e-01	5.934380e-02	1.043689e-01
6.073169e-01	6.093369e-02	1.151149e-01
5.502611e-01	8.025534e-01	-2.626267e-01
5.447407e-01	8.230967e-01	-2.431071e-01
5.412634e-01	8.229700e-01	-2.431736e-01
5.373748e-01	8.228083e-01	-2.431197e-01
5.565290e-01	8.236939e-01	-2.444671e-01
5.612342e-01	8.237759e-01	-2.444653e-01
5.652274e-01	8.237074e-01	-2.443371e-01
5.329309e-01	8.161458e-01	-1.147851e-01
5.721900e-01	8.168309e-01	-1.202434e-01
5.436729e-01	7.818565e-01	-2.142050e-01
5.584985e-01	7.837020e-01	-2.153814e-01
5.025977e-01	7.148188e-01	-3.161431e-02
6.026512e-01	7.161822e-01	-2.918955e-02
4.698707e-01	6.304288e-01	-1.355006e-02
6.340990e-01	6.232809e-01	-1.865219e-02
4.451019e-01	5.889876e-01	-1.780396e-01
6.534081e-01	5.598154e-01	1.389034e-02
4.329924e-01	5.665269e-01	-2.184899e-01
6.640588e-01	5.280765e-01	-1.221880e-01
4.348724e-01	5.693540e-01	-2.500829e-01
6.582182e-01	5.297186e-01	-9.660470e-02
4.417168e-01	5.761160e-01	-1.957504e-01
6.512064e-01	5.426270e-01	-2.416225e-02
5.174891e-01	4.489883e-01	2.473084e-03
5.745500e-01	4.455220e-01	-2.281821e-03
5.019894e-01	2.716791e-01	-5.651843e-03
5.932082e-01	2.739063e-01	1.251912e-02
4.979044e-01	1.235743e-01	2.019902e-01
5.896180e-01	1.247400e-01	2.272000e-01
5.030264e-01	1.062231e-01	2.146303e-01
5.829467e-01	1.082439e-01	2.390927e-01
4.835282e-01	6.017095e-02	8.763248e-02
6.070520e-01	6.154918e-02	1.103042e-01
5.486912e-01	7.961441e-01	-2.939877e-01
5.432169e-01	8.166220e-01	-2.738063e-01
5.399423e-01	8.161275e-01	-2.738695e-01
5.356721e-01	8.155727e-01	-2.738070e-01
5.548701e-01	8.178498e-01	-2.750482e-01
5.598351e-01	8.178970e-01	-2.750986e-01
5.637369e-01	8.177935e-01	-2.749745e-01
5.311397e-01	8.076519e-01	-1.445778e-01
5.709696e-01	8.101464e-01	-1.503093e-01
5.424130e-01	7.752213e-01	-2.454571e-01
5.570925e-01	7.778215e-01	-2.468750e-01
5.011023e-01	7.068588e-01	-6.679253e-02
6.021329e-01	7.098708e-01	-6.994684e-02
4.509004e-01	6.281243e-01	-1.989890e-01
6.394485e-01	6.157581e-01	-1.944449e-01
4.455817e-01	6.166219e-01	-4.618547e-01
6.511799e-01	5.854328e-01	-4.554003e-01
4.479569e-01	6.198083e-01	-5.216034e-01
6.608173e-01	5.605752e-01	-5.206300e-01
4.562839e-01	6.325372e-01	-5.280162e-01
6.547647e-01	5.694774e-01	-5.268806e-01
4.608478e-01	6.323918e-01	-4.717497e-01
6.510760e-01	5.887033e-01	-4.676805e-01
5.164560e-01	4.332156e-01	2.461744e-03
5.742096e-01	4.317599e-01	-2.260587e-03
5.019571e-01	2.671891e-01	-2.962404e-03
5.933040e-01	2.666568e-01	1.691571e-02
4.977359e-01	1.236483e-01	2.500674e-01
5.896373e-01	1.244069e-01	2.777101e-01
5.028971e-01	1.061841e-01	2.687134e-01
5.830309e-01	1.081485e-01	2.954710e-01
4.836765e-01	6.040788e-02	1.506475e-01
6.064554e-01	6.142296e-02	1.720125e-01
5.475861e-01	7.885971e-01	-3.005329e-01
5.420545e-01	8.094730e-01	-2.785978e-01
5.388923e-01	8.089043e-01	-2.787208e-01
5.343197e-01	8.083274e-01	-2.786806e-01
5.537637e-01	8.106934e-01	-2.823474e-01
5.588655e-01	8.107684e-01	-2.825750e-01
5.627617e-01	8.106375e-01	-2.823805e-01
5.295380e-01	8.008143e-01	-1.573965e-01
5.699184e-01	8.034605e-01	-1.556976e-01
5.412950e-01	7.673306e-01	-2.485956e-01
5.558600e-01	7.690313e-01	-2.515985e-01
4.996319e-01	6.996771e-01	-7.937229e-02
6.016722e-01	7.025031e-01	-9.094594e-02
4.386910e-01	6.202039e-01	-2.374331e-01
6.472747e-01	6.122580e-01	-2.414865e-01
4.489655e-01	6.326889e-01	-4.889804e-01
6.479550e-01	6.129148e-01	-4.949594e-01
4.594722e-01	6.383037e-01	-5.444939e-01
6.459736e-01	6.103597e-01	-5.535995e-01
4.688940e-01	6.508554e-01	-5.396460e-01
6.360807e-01	6.318520e-01	-5.477818e-01
4.716658e-01	6.489158e-01	-4.935021e-01
6.335205e-01	6.327139e-01	-5.003988e-01
5.151452e-01	4.206459e-01	2.265728e-03
5.739845e-01	4.198882e-01	-2.069092e-03
5.019100e-01	2.624724e-01	1.088392e-02
5.953600e-01	2.590010e-01	1.176984e-02
4.973391e-01	1.235658e-01	2.985907e-01
5.896540e-01	1.231263e-01	2.849199e-01
5.026543e-01	1.060915e-01	3.204845e-01
5.830649e-01	1.075196e-01	3.042166e-01
4.836357e-01	6.076313e-02	2.066466e-01
6.061859e-01	6.121047e-02	1.814559e-01
5.472165e-01	7.794626e-01	-2.979333e-01
5.413350e-01	8.002080e-01	-2.781708e-01
5.380856e-01	7.998700e-01	-2.782274e-01
5.333056e-01	7.995266e-01	-2.781394e-01
5.533541e-01	8.009009e-01	-2.807810e-01
5.584363e-01	8.011898e-01	-2.808725e-01
5.623983e-01	8.015226e-01	-2.807094e-01
5.279916e-01	7.931526e-01	-1.527722e-01
5.691203e-01	7.958479e-01	-1.614012e-01
5.406851e-01	7.583732e-01	-2.490574e-01
5.555419e-01	7.594669e-01	-2.521519e-01
4.992248e-01	6.975860e-01	-7.914872e-02
6.012732e-01	6.960601e-01	-9.147230e-02
4.355370e-01	6.260507e-01	-2.281478e-01
6.519833e-01	6.117304e-01	-2.419257e-01
4.573437e-01	6.508468e-01	-4.710847e-01
6.408655e-01	6.285950e-01	-4.866220e-01
4.646645e-01	6.484235e-01	-5.245277e-01
6.342641e-01	6.309472e-01	-5.447885e-01
4.753304e-01	6.538324e-01	-5.165869e-01
6.243805e-01	6.493965e-01	-5.313927e-01
4.781694e-01	6.531634e-01	-4.742494e-01
6.231912e-01	6.474327e-01	-4.883556e-01
5.143699e-01	4.107060e-01	1.167820e-03
5.739103e-01	4.098059e-01	-9.900370e-04
5.012962e-01	2.583374e-01	8.746182e-03
5.962189e-01	2.449356e-01	2.864767e-02
4.963951e-01	1.235706e-01	3.010629e-01
5.895427e-01	1.230313e-01	3.333138e-01
5.017785e-01	1.081674e-01	3.245527e-01
5.830442e-01	1.084550e-01	3.564806e-01
4.836363e-01	6.060092e-02	2.163802e-01
6.059861e-01	6.105439e-02	2.449556e-01
5.470756e-01	7.741086e-01	-2.783714e-01
5.410051e-01	7.938090e-01	-2.573510e-01
5.376614e-01	7.932344e-01	-2.573988e-01
5.327867e-01	7.924859e-01	-2.573053e-01
5.532777e-01	7.943764e-01	-2.591721e-01
5.582234e-01	7.943230e-01	-2.592421e-01
5.621749e-01	7.944543e-01	-2.590771e-01
5.271456e-01	7.840717e-01	-1.310427e-01
5.686022e-01	7.863325e-01	-1.389250e-01
5.402186e-01	7.519066e-01	-2.310159e-01
5.554175e-01	7.527753e-01	-2.332065e-01
4.988604e-01	6.900661e-01	-7.158456e-02
6.001831e-01	6.857271e-01	-7.942559e-02
4.290656e-01	6.328245e-01	-2.391937e-01
6.507965e-01	6.104649e-01	-2.394032e-01
4.641712e-01	6.554855e-01	-4.884524e-01
6.366364e-01	6.368812e-01	-4.959605e-01
4.698630e-01	6.496865e-01	-5.469089e-01
6.333384e-01	6.338133e-01	-5.588810e-01
4.828579e-01	6.535417e-01	-5.377274e-01
6.228700e-01	6.462461e-01	-5.473775e-01
4.855858e-01	6.532525e-01	-4.915609e-01
6.203484e-01	6.458750e-01	-4.994543e-01
5.141011e-01	3.998836e-01	5.736916e-04
5.739647e-01	3.991539e-01	-3.941558e-04
5.009812e-01	2.523534e-01	8.074644e-03
5.964912e-01	2.397814e-01	5.013967e-02
4.964019e-01	1.228281e-01	3.068940e-01
5.895315e-01	1.215527e-01	3.645601e-01
5.016770e-01	1.079952e-01	3.309672e-01
5.830486e-01	1.084327e-01	3.885793e-01
4.836532e-01	6.047748e-02	2.220812e-01
6.063229e-01	6.066568e-02	2.764955e-01
5.471938e-01	7.650725e-01	-2.577607e-01
5.409096e-01	7.838016e-01	-2.389110e-01
5.374599e-01	7.828547e-01	-2.389541e-01
5.326207e-01	7.817307e-01	-2.388763e-01
5.533568e-01	7.846743e-01	-2.393402e-01
5.581257e-01	7.845786e-01	-2.393839e-01
5.620709e-01	7.847331e-01	-2.392165e-01
5.269257e-01	7.726775e-01	-1.181440e-01
5.682641e-01	7.753314e-01	-1.197055e-01
5.402188e-01	7.415307e-01	-2.120279e-01
5.555238e-01	7.429038e-01	-2.122442e-01
4.990091e-01	6.819177e-01	-6.902348e-02
5.969371e-01	6.813965e-01	-6.981605e-02
4.367476e-01	6.477515e-01	-2.496558e-01
6.500350e-01	6.267148e-01	-2.460225e-01
4.668333e-01	6.572737e-01	-4.933037e-01
6.320875e-01	6.474092e-01	-5.217495e-01
4.740642e-01	6.497703e-01	-5.535181e-01
6.342214e-01	6.377142e-01	-5.888160e-01
4.860008e-01	6.560781e-01	-5.490748e-01
6.247529e-01	6.429990e-01	-5.836467e-01
4.875454e-01	6.563022e-01	-4.986588e-01
6.198064e-01	6.457568e-01	-5.296342e-01
5.142886e-01	3.912450e-01	5.788109e-04
5.741593e-01	3.898298e-01	-4.005400e-04
5.006996e-01	2.461413e-01	1.320181e-02
5.973271e-01	2.352213e-01	6.243888e-02
4.964579e-01	1.229298e-01	3.162589e-01
5.896385e-01	1.200822e-01	3.683537e-01
5.017449e-01	1.085343e-01	3.403018e-01
5.831051e-01	1.071895e-01	3.917315e-01
4.838079e-01	6.039224e-02	2.343898e-01
6.078881e-01	5.952721e-02	2.820120e-01
5.473195e-01	7.521521e-01	-2.427853e-01
5.408956e-01	7.700012e-01	-2.256550e-01
5.373091e-01	7.692078e-01	-2.256819e-01
5.325633e-01	7.682953e-01	-2.256197e-01
5.535179e-01	7.714713e-01	-2.256404e-01
5.581864e-01	7.716749e-01	-2.256741e-01
5.621190e-01	7.719467e-01	-2.255242e-01
5.269176e-01	7.611127e-01	-1.119052e-01
5.682760e-01	7.630117e-01	-1.118654e-01
5.402772e-01	7.283772e-01	-1.990531e-01
5.556353e-01	7.302128e-01	-1.987787e-01
4.997212e-01	6.761083e-01	-7.299515e-02
5.954102e-01	6.723266e-01	-7.681129e-02
4.408626e-01	6.599305e-01	-2.936105e-01
6.410023e-01	6.323205e-01	-2.836730e-01
4.729766e-01	6.602305e-01	-5.483693e-01
6.283672e-01	6.447722e-01	-5.535421e-01
4.786959e-01	6.511828e-01	-6.083862e-01
6.329283e-01	6.436772e-01	-6.175436e-01
4.909362e-01	6.539094e-01	-5.979335e-01
6.243162e-01	6.460018e-01	-6.125709e-01
4.920596e-01	6.550341e-01	-5.526796e-01
6.183871e-01	6.437291e-01	-5.620221e-01
5.143327e-01	3.795801e-01	8.898735e-04
5.744937e-01	3.795686e-01	-7.361091e-04
5.007107e-01	2.275988e-01	-9.299655e-03
5.994517e-01	2.206736e-01	-7.319388e-03
4.964346e-01	1.237081e-01	3.219365e-01
5.888616e-01	1.239454e-01	3.342719e-01
5.017346e-01	1.109309e-01	3.504611e-01
5.820023e-01	1.133419e-01	3.574792e-01
4.842200e-01	6.033236e-02	2.656183e-01
6.079116e-01	5.996415e-02	2.641510e-01
5.468038e-01	7.381489e-01	-2.474403e-01
5.401331e-01	7.566482e-01	-2.317514e-01
5.364659e-01	7.561271e-01	-2.317736e-01
5.316855e-01	7.555199e-01	-2.317315e-01
5.529913e-01	7.583393e-01	-2.321034e-01
5.576166e-01	7.588134e-01	-2.321259e-01
5.614282e-01	7.592522e-01	-2.319881e-01
5.265670e-01	7.503937e-01	-1.186132e-01
5.678557e-01	7.519634e-01	-1.196210e-01
5.399328e-01	7.160165e-01	-2.031660e-01
5.552860e-01	7.180148e-01	-2.030139e-01
5.003768e-01	6.751423e-01	-9.386617e-02
5.930868e-01	6.668457e-01	-9.414493e-02
4.717571e-01	6.698605e-01	-3.628736e-01
6.285533e-01	6.399223e-01	-3.508230e-01
4.769130e-01	6.602446e-01	-6.329357e-01
6.247393e-01	6.422029e-01	-6.464328e-01
4.780990e-01	6.476264e-01	-6.981135e-01
6.310415e-01	6.417544e-01	-7.150745e-01
4.913824e-01	6.475122e-01	-6.894603e-01
6.209595e-01	6.419359e-01	-7.118961e-01
4.935625e-01	6.474826e-01	-6.396790e-01
6.155017e-01	6.389768e-01	-6.581964e-01
5.144216e-01	3.781188e-01	1.129391e-03
5.744663e-01	3.779569e-01	-1.014896e-03
5.012542e-01	2.333303e-01	1.764244e-03
5.999273e-01	2.230809e-01	-1.756527e-03
4.958523e-01	1.242871e-01	3.211535e-01
5.888463e-01	1.287978e-01	3.387832e-01
5.005406e-01	1.115070e-01	3.463905e-01
5.819832e-01	1.203965e-01	3.641102e-01
4.844219e-01	6.265162e-02	2.473614e-01
6.076553e-01	6.312630e-02	2.644157e-01
5.462052e-01	7.267722e-01	-2.175656e-01
5.394965e-01	7.464737e-01	-2.040351e-01
5.358676e-01	7.460594e-01	-2.040560e-01
5.311928e-01	7.455316e-01	-2.040386e-01
5.521493e-01	7.481602e-01	-2.035263e-01
5.567347e-01	7.486201e-01	-2.035492e-01
5.604857e-01	7.489510e-01	-2.034175e-01
5.264570e-01	7.404895e-01	-9.825781e-02
5.673128e-01	7.420440e-01	-9.573261e-02
5.395362e-01	7.069117e-01	-1.754645e-01
5.546206e-01	7.086555e-01	-1.743684e-01
5.005295e-01	6.698869e-01	-8.084781e-02
5.908942e-01	6.609793e-01	-6.596698e-02
4.723803e-01	6.706286e-01	-3.012725e-01
6.194775e-01	6.488684e-01	-2.994628e-01
4.792547e-01	6.571921e-01	-5.310302e-01
6.224812e-01	6.455226e-01	-4.528077e-01
4.808308e-01	6.400797e-01	-5.830682e-01
6.303656e-01	6.444370e-01	-4.951313e-01
4.938112e-01	6.397631e-01	-5.783072e-01
6.204611e-01	6.426079e-01	-4.897349e-01
4.958886e-01	6.413078e-01	-5.365511e-01
6.152014e-01	6.400588e-01	-4.602696e-01
5.144633e-01	3.736044e-01	1.250150e-03
5.745040e-01	3.745189e-01	-1.145191e-03
5.015789e-01	2.361786e-01	9.292737e-03
6.004359e-01	2.238070e-01	1.480486e-02
4.946098e-01	1.283967e-01	3.179184e-01
5.899593e-01	1.302587e-01	3.471198e-01
4.996629e-01	1.155175e-01	3.436788e-01
5.830609e-01	1.228642e-01	3.747174e-01
4.844343e-01	6.854052e-02	2.473016e-01
6.076318e-01	6.769171e-02	2.804212e-01
5.445951e-01	7.087286e-01	-1.441194e-01
5.382606e-01	7.289476e-01	-1.314458e-01
5.345977e-01	7.286818e-01	-1.314326e-01
5.301351e-01	7.284725e-01	-1.313720e-01
5.505444e-01	7.316167e-01	-1.303186e-01
5.552850e-01	7.327134e-01	-1.303058e-01
5.592730e-01	7.333091e-01	-1.301711e-01
5.263544e-01	7.267739e-01	-3.657515e-02
5.670694e-01	7.284152e-01	-3.326581e-02
5.384415e-01	6.919399e-01	-1.071774e-01
5.534416e-01	6.941148e-01	-1.057717e-01
5.006459e-01	6.606554e-01	-7.397216e-04
5.904687e-01	6.522948e-01	4.907141e-02
4.697207e-01	6.674338e-01	-6.178360e-02
6.218032e-01	6.566511e-01	2.204735e-01
4.804947e-01	6.514077e-01	-1.402828e-01
6.242024e-01	6.467521e-01	3.909831e-01
4.862646e-01	6.345297e-01	-1.622616e-01
6.297919e-01	6.396456e-01	4.015132e-01
4.964933e-01	6.329966e-01	-1.687073e-01
6.212853e-01	6.382362e-01	3.894584e-01
4.965153e-01	6.353170e-01	-1.467161e-01
6.163099e-01	6.373938e-01	3.875535e-01
5.150471e-01	3.643913e-01	-7.049979e-03
5.745980e-01	3.656585e-01	7.201401e-03
5.018975e-01	2.309081e-01	-2.794818e-02
6.037875e-01	2.155286e-01	-3.544917e-02
4.944026e-01	1.339209e-01	3.151605e-01
5.901539e-01	1.344412e-01	3.392105e-01
4.994386e-01	1.202261e-01	3.323484e-01
5.830070e-01	1.302632e-01	3.611987e-01
4.843926e-01	7.267646e-02	2.337302e-01
6.072222e-01	7.000104e-02	2.648869e-01
5.443061e-01	6.987704e-01	-1.978889e-01
5.379878e-01	7.178099e-01	-1.820703e-01
5.344014e-01	7.174536e-01	-1.821025e-01
5.300967e-01	7.170968e-01	-1.820709e-01
5.501347e-01	7.207801e-01	-1.816301e-01
5.547749e-01	7.220132e-01	-1.816553e-01
5.587068e-01	7.228169e-01	-1.815202e-01
5.264372e-01	7.151620e-01	-7.303978e-02
5.668585e-01	7.175865e-01	-7.262927e-02
5.382575e-01	6.819115e-01	-1.552643e-01
5.531706e-01	6.844485e-01	-1.547740e-01
5.010081e-01	6.480840e-01	-2.891374e-02
5.901584e-01	6.433206e-01	3.843383e-02
4.680232e-01	6.623881e-01	-2.731073e-01
6.224565e-01	6.580918e-01	-2.560991e-01
4.804237e-01	6.512007e-01	-4.863671e-01
6.241143e-01	6.513033e-01	-5.030235e-01
4.870964e-01	6.362645e-01	-5.355397e-01
6.290185e-01	6.438732e-01	-5.542337e-01
4.976730e-01	6.326624e-01	-5.165761e-01
6.198083e-01	6.392727e-01	-5.501791e-01
4.981197e-01	6.338720e-01	-4.860711e-01
6.155656e-01	6.367943e-01	-5.118839e-01
5.158401e-01	3.531400e-01	-5.567831e-03
5.750197e-01	3.544820e-01	5.544742e-03
5.020226e-01	2.208092e-01	-5.822355e-02
6.045052e-01	2.062840e-01	-6.294650e-02
4.946176e-01	1.412167e-01	2.844888e-01
5.905303e-01	1.362762e-01	3.076934e-01
4.999410e-01	1.295978e-01	3.151079e-01
5.830125e-01	1.335792e-01	3.440493e-01
4.845282e-01	7.513224e-02	2.340641e-01
6.060488e-01	7.490157e-02	2.702911e-01
5.440758e-01	6.945556e-01	-1.235124e-01
5.377496e-01	7.152352e-01	-1.050826e-01
5.341918e-01	7.148448e-01	-1.051059e-01
5.298787e-01	7.142937e-01	-1.050400e-01
5.501052e-01	7.169784e-01	-1.048355e-01
5.547494e-01	7.174789e-01	-1.048383e-01
5.586869e-01	7.176303e-01	-1.046989e-01
5.262938e-01	7.095312e-01	3.106963e-03
5.668014e-01	7.116026e-01	2.973172e-03
5.377710e-01	6.763726e-01	-8.266734e-02
5.528807e-01	6.779911e-01	-8.240556e-02
5.012609e-01	6.373720e-01	3.839824e-02
5.893101e-01	6.372084e-01	5.868907e-02
4.587218e-01	6.570047e-01	-4.530115e-02
6.230257e-01	6.633184e-01	1.063325e-01
4.833689e-01	6.470814e-01	-1.229403e-01
6.205255e-01	6.516960e-01	1.664801e-01
4.918108e-01	6.332608e-01	-1.525035e-01
6.228358e-01	6.415487e-01	1.559235e-01
5.016364e-01	6.292199e-01	-1.438749e-01
6.149513e-01	6.381849e-01	1.525713e-01
5.009772e-01	6.306196e-01	-1.240877e-01
6.123587e-01	6.380468e-01	1.633630e-01
5.165038e-01	3.450893e-01	-6.050923e-03
5.750832e-01	3.496381e-01	6.156883e-03
5.007231e-01	1.905541e-01	-6.212666e-02
6.043532e-01	1.892937e-01	-5.317837e-02
4.945843e-01	1.439938e-01	3.458910e-01
5.905530e-01	1.386602e-01	3.492883e-01
4.999274e-01	1.378696e-01	3.866205e-01
5.825928e-01	1.372942e-01	3.900974e-01
4.846744e-01	7.943552e-02	3.269005e-01
6.056492e-01	7.763688e-02	3.281800e-01
5.437860e-01	6.939455e-01	-1.261255e-01
5.371900e-01	7.134863e-01	-1.078691e-01
5.334411e-01	7.128783e-01	-1.078927e-01
5.289437e-01	7.119613e-01	-1.078513e-01
5.499507e-01	7.153318e-01	-1.079483e-01
5.546471e-01	7.158697e-01	-1.079824e-01
5.586218e-01	7.162417e-01	-1.078290e-01
5.254756e-01	7.055698e-01	1.424812e-04
5.666776e-01	7.090761e-01	-2.586951e-03
5.373175e-01	6.730232e-01	-8.464125e-02
5.527637e-01	6.754301e-01	-8.503010e-02
5.012075e-01	6.312358e-01	6.170294e-03
5.892816e-01	6.313521e-01	7.156690e-03
4.654864e-01	6.521295e-01	-1.848842e-01
6.183957e-01	6.596802e-01	-1.970763e-01
4.842332e-01	6.452439e-01	-3.483067e-01
6.201609e-01	6.525234e-01	-4.165086e-01
4.914301e-01	6.360949e-01	-3.838202e-01
6.247347e-01	6.473212e-01	-4.609354e-01
4.994655e-01	6.308567e-01	-3.187712e-01
6.166473e-01	6.423714e-01	-4.548340e-01
4.993982e-01	6.307425e-01	-3.396710e-01
6.133734e-01	6.406080e-01	-4.238932e-01
5.161835e-01	3.396021e-01	-5.217392e-03
5.749558e-01	3.444906e-01	5.249446e-03
4.985405e-01	1.812348e-01	-4.928562e-02
6.033854e-01	1.766946e-01	-6.155965e-02
4.941189e-01	1.453612e-01	3.297095e-01
5.901421e-01	1.402497e-01	3.241228e-01
4.993597e-01	1.383767e-01	3.655185e-01
5.818189e-01	1.385390e-01	3.789541e-01
4.845501e-01	8.163734e-02	3.169658e-01
6.045402e-01	7.937769e-02	3.077203e-01
5.438845e-01	6.928443e-01	-6.947212e-02
5.372632e-01	7.106385e-01	-5.098147e-02
5.334657e-01	7.100194e-01	-5.100361e-02
5.289198e-01	7.091193e-01	-5.094508e-02
5.500010e-01	7.124200e-01	-5.033402e-02
5.547343e-01	7.129296e-01	-5.034564e-02
5.587069e-01	7.132317e-01	-5.017166e-02
5.247867e-01	7.023125e-01	4.641003e-02
5.665931e-01	7.058174e-01	4.577973e-02
5.372267e-01	6.710572e-01	-3.332119e-02
5.528299e-01	6.730536e-01	-3.312090e-02
5.010731e-01	6.249417e-01	4.515459e-02
5.885597e-01	6.247883e-01	7.450296e-02
4.692539e-01	6.500161e-01	-9.300359e-02
6.175595e-01	6.589531e-01	1.113678e-01
4.901120e-01	6.435197e-01	-1.840454e-01
6.166953e-01	6.480818e-01	1.865915e-01
4.980626e-01	6.351286e-01	-2.088648e-01
6.236322e-01	6.432055e-01	1.871703e-01
5.034060e-01	6.298359e-01	-1.992314e-01
6.163540e-01	6.391662e-01	1.850866e-01
5.029213e-01	6.295647e-01	-1.855497e-01
6.129295e-01	6.369385e-01	1.846563e-01
5.157832e-01	3.336734e-01	-8.117666e-03
5.749435e-01	3.404404e-01	8.132087e-03
4.979052e-01	1.742004e-01	-4.708215e-02
6.026582e-01	1.690573e-01	-5.366095e-02
4.935267e-01	1.444884e-01	3.291679e-01
5.892271e-01	1.399627e-01	3.165514e-01
4.984885e-01	1.369718e-01	3.653978e-01
5.809890e-01	1.372168e-01	3.673092e-01
4.844848e-01	8.635359e-02	3.212690e-01
6.037122e-01	7.842171e-02	3.032032e-01
5.440345e-01	6.912704e-01	-6.929816e-02
5.373340e-01	7.097041e-01	-4.951623e-02
5.335486e-01	7.087643e-01	-4.954567e-02
5.290172e-01	7.077326e-01	-4.950640e-02
5.500177e-01	7.116288e-01	-4.762875e-02
5.548118e-01	7.120334e-01	-4.765594e-02
5.587855e-01	7.123140e-01	-4.749729e-02
5.245880e-01	7.007831e-01	5.646338e-02
5.665505e-01	7.039209e-01	6.202133e-02
5.372745e-01	6.685654e-01	-3.004727e-02
5.528771e-01	6.706260e-01	-2.802634e-02
5.005447e-01	6.227773e-01	5.889237e-02
5.887079e-01	6.230734e-01	8.377925e-02
4.685551e-01	6.371647e-01	-1.150019e-01
6.190113e-01	6.566002e-01	-8.213638e-04
4.878485e-01	6.421564e-01	-2.406090e-01
6.166513e-01	6.490465e-01	-9.174439e-02
4.950376e-01	6.342714e-01	-2.728755e-01
6.236507e-01	6.443812e-01	-1.167530e-01
5.026562e-01	6.292490e-01	-2.556457e-01
6.154094e-01	6.391360e-01	-1.124739e-01
5.021778e-01	6.291956e-01	-2.389339e-01
6.119124e-01	6.372817e-01	-9.571116e-02
5.156036e-01	3.311513e-01	-7.346445e-03
5.750333e-01	3.378420e-01	7.388416e-03
4.968431e-01	1.638069e-01	-5.910646e-02
6.024850e-01	1.565079e-01	-6.538157e-02
4.938051e-01	1.484118e-01	3.478669e-01
5.892192e-01	1.451727e-01	3.448843e-01
4.988724e-01	1.430769e-01	3.902556e-01
5.810179e-01	1.420017e-01	3.909208e-01
4.854943e-01	9.096660e-02	3.618650e-01
6.031064e-01	8.256055e-02	3.641191e-01
5.441707e-01	6.889904e-01	-8.030973e-02
5.374532e-01	7.087470e-01	-6.156316e-02
5.335954e-01	7.081051e-01	-6.160956e-02
5.290979e-01	7.073971e-01	-6.157898e-02
5.502635e-01	7.101619e-01	-5.833709e-02
5.548811e-01	7.107068e-01	-5.835415e-02
5.589264e-01	7.111541e-01	-5.820209e-02
5.246040e-01	7.010366e-01	4.546591e-02
5.665878e-01	7.030208e-01	5.728132e-02
5.372990e-01	6.665649e-01	-4.060484e-02
5.529147e-01	6.680537e-01	-3.670891e-02
5.001879e-01	6.221525e-01	5.016669e-02
5.889306e-01	6.240993e-01	8.970767e-02
4.676301e-01	6.227167e-01	-1.283101e-01
6.196642e-01	6.551101e-01	-7.635575e-03
4.862559e-01	6.336763e-01	-2.590830e-01
6.173015e-01	6.489159e-01	-1.296114e-01
4.928544e-01	6.302862e-01	-2.929616e-01
6.232345e-01	6.424891e-01	-1.564789e-01
5.010685e-01	6.278864e-01	-2.759284e-01
6.136777e-01	6.380556e-01	-1.492708e-01
5.007964e-01	6.220456e-01	-2.570150e-01
6.090776e-01	6.364149e-01	-1.328652e-01
5.162045e-01	3.302197e-01	-7.045656e-03
5.760282e-01	3.364661e-01	7.103994e-03
4.950640e-01	1.409875e-01	-6.986340e-02
6.022747e-01	1.353978e-01	-6.365128e-02
4.945170e-01	1.544206e-01	3.595272e-01
5.889491e-01	1.513667e-01	3.595281e-01
4.996541e-01	1.555256e-01	4.058396e-01
5.808082e-01	1.505099e-01	4.062876e-01
4.867912e-01	9.836995e-02	3.958366e-01
6.021204e-01	9.125296e-02	3.985716e-01
5.452428e-01	6.889316e-01	-1.669133e-02
5.385346e-01	7.088138e-01	4.702539e-03
5.341402e-01	7.083324e-01	4.652481e-03
5.299140e-01	7.076306e-01	4.696564e-03
5.514479e-01	7.098485e-01	7.463241e-03
5.558852e-01	7.102919e-01	7.458913e-03
5.601555e-01	7.104993e-01	7.648414e-03
5.247207e-01	7.011589e-01	1.094893e-01
5.672472e-01	7.019228e-01	1.184897e-01
5.377706e-01	6.667304e-01	2.091224e-02
5.532688e-01	6.677379e-01	2.412751e-02
4.999991e-01	6.194206e-01	8.874716e-02
5.890976e-01	6.217875e-01	1.237237e-01
4.685446e-01	6.233265e-01	-1.230297e-01
6.178404e-01	6.571786e-01	2.978335e-03
4.865454e-01	6.324342e-01	-2.615042e-01
6.157245e-01	6.480757e-01	-1.116444e-01
4.934236e-01	6.299878e-01	-2.974036e-01
6.224292e-01	6.409646e-01	-1.368440e-01
5.024000e-01	6.273142e-01	-2.794510e-01
6.133157e-01	6.370037e-01	-1.306388e-01
5.020431e-01	6.215820e-01	-2.602972e-01
6.091113e-01	6.355668e-01	-1.155270e-01
5.162106e-01	3.266550e-01	-6.756519e-03
5.763500e-01	3.330140e-01	6.820838e-03
4.943908e-01	1.296676e-01	-7.125174e-02
6.022460e-01	1.236353e-01	-6.577155e-02
4.960380e-01	1.606150e-01	3.498360e-01
5.889914e-01	1.575040e-01	3.553458e-01
5.019343e-01	1.692852e-01	3.944135e-01
5.808263e-01	1.624714e-01	4.013487e-01
4.900673e-01	1.081595e-01	3.930083e-01
5.995454e-01	1.082066e-01	4.075852e-01
5.457290e-01	6.876742e-01	-8.018337e-03
5.392429e-01	7.073952e-01	1.268607e-02
5.346270e-01	7.072484e-01	1.263816e-02
5.305953e-01	7.068565e-01	1.267777e-02
5.520574e-01	7.082757e-01	1.469435e-02
5.564281e-01	7.088858e-01	1.469999e-02
5.608224e-01	7.093294e-01	1.491659e-02
5.251690e-01	7.017150e-01	1.166396e-01
5.677705e-01	7.022555e-01	1.225884e-01
5.381666e-01	6.662480e-01	3.003508e-02
5.534468e-01	6.668887e-01	3.241144e-02
5.001165e-01	6.217300e-01	9.200262e-02
5.892156e-01	6.244989e-01	1.160657e-01
4.745263e-01	6.244577e-01	-1.328313e-01
6.151093e-01	6.564313e-01	-2.097555e-02
4.871957e-01	6.331221e-01	-2.794617e-01
6.138812e-01	6.468171e-01	-2.071369e-01
4.928582e-01	6.307885e-01	-3.174276e-01
6.219929e-01	6.415977e-01	-2.408750e-01
5.021874e-01	6.272088e-01	-3.011220e-01
6.132215e-01	6.365305e-01	-2.345738e-01
5.022539e-01	6.223266e-01	-2.792784e-01
6.081010e-01	6.347294e-01	-2.129305e-01
5.162362e-01	3.268601e-01	-6.316117e-03
5.766625e-01	3.328317e-01	6.391762e-03
4.944808e-01	1.396326e-01	-6.831484e-02
6.024214e-01	1.294807e-01	-6.580471e-02
4.967515e-01	1.641252e-01	3.484431e-01
5.890314e-01	1.587398e-01	3.558767e-01
5.028601e-01	1.744998e-01	3.923042e-01
5.810044e-01	1.653398e-01	4.018953e-01
4.907494e-01	1.098416e-01	3.870408e-01
5.998210e-01	1.057738e-01	4.048201e-01
5.458425e-01	6.877480e-01	-1.481085e-02
5.394408e-01	7.076747e-01	4.662046e-03
5.347696e-01	7.075564e-01	4.622312e-03
5.308172e-01	7.073292e-01	4.660507e-03
5.521481e-01	7.088652e-01	5.715273e-03
5.564759e-01	7.096610e-01	5.721102e-03
5.609030e-01	7.104264e-01	5.928536e-03
5.253766e-01	7.031869e-01	1.078570e-01
5.678630e-01	7.044901e-01	1.100818e-01
5.383796e-01	6.670973e-01	2.369640e-02
5.534548e-01	6.683409e-01	2.490672e-02
5.002864e-01	6.243519e-01	9.556793e-02
5.892421e-01	6.270002e-01	1.099690e-01
4.754196e-01	6.256815e-01	-1.054960e-01
6.162115e-01	6.563284e-01	-2.472595e-02
4.869263e-01	6.330384e-01	-2.423370e-01
6.142178e-01	6.466916e-01	-1.643756e-01
4.923970e-01	6.307207e-01	-2.780698e-01
6.218567e-01	6.432133e-01	-1.940812e-01
5.016910e-01	6.272556e-01	-2.620222e-01
6.129358e-01	6.385850e-01	-1.878701e-01
5.017503e-01	6.229866e-01	-2.421375e-01
6.075341e-01	6.355034e-01	-1.688812e-01
5.162523e-01	3.279980e-01	-5.571138e-03
5.767637e-01	3.340080e-01	5.674411e-03
4.944819e-01	1.406974e-01	-6.407911e-02
6.025683e-01	1.329668e-01	-5.914228e-02
4.970393e-01	1.703732e-01	3.495380e-01
5.889185e-01	1.635170e-01	3.628218e-01
5.029987e-01	1.776113e-01	3.933005e-01
5.808171e-01	1.682577e-01	4.089981e-01
4.906898e-01	1.126214e-01	3.863157e-01
5.996245e-01	1.056089e-01	4.091782e-01
5.460970e-01	6.906050e-01	-3.187769e-02
5.397354e-01	7.104839e-01	-1.323326e-02
5.350317e-01	7.102778e-01	-1.327721e-02
5.310868e-01	7.099600e-01	-1.323743e-02
5.523033e-01	7.117370e-01	-1.061771e-02
5.565645e-01	7.124501e-01	-1.061139e-02
5.610159e-01	7.130846e-01	-1.042731e-02
5.254956e-01	7.054090e-01	8.674885e-02
5.678641e-01	7.068329e-01	9.602746e-02
5.386120e-01	6.698772e-01	4.980469e-03
5.535227e-01	6.712059e-01	8.214280e-03
5.001297e-01	6.263230e-01	8.176938e-02
5.893121e-01	6.284813e-01	1.161333e-01
4.727925e-01	6.270531e-01	-8.570747e-02
6.155015e-01	6.567873e-01	7.673471e-02
4.865007e-01	6.352109e-01	-1.963028e-01
6.142370e-01	6.479546e-01	3.532359e-02
4.919861e-01	6.325235e-01	-2.280074e-01
6.220510e-01	6.458659e-01	1.820879e-02
5.014986e-01	6.291923e-01	-2.159244e-01
6.132621e-01	6.419509e-01	1.879315e-02
5.014898e-01	6.255764e-01	-1.964983e-01
6.080644e-01	6.389892e-01	3.154816e-02
5.161958e-01	3.297541e-01	-7.231161e-03
5.767851e-01	3.359668e-01	7.341166e-03
4.942937e-01	1.413215e-01	-6.688567e-02
6.025179e-01	1.386724e-01	-5.964988e-02
4.970265e-01	1.696533e-01	3.543182e-01
5.889344e-01	1.612304e-01	3.660533e-01
5.029503e-01	1.742608e-01	3.988892e-01
5.811470e-01	1.655193e-01	4.118625e-01
4.904644e-01	1.112772e-01	3.864845e-01
5.997767e-01	1.042434e-01	4.048152e-01
5.467549e-01	6.915096e-01	-6.199044e-02
5.401550e-01	7.115147e-01	-5.281850e-02
5.354759e-01	7.115233e-01	-5.287614e-02
5.314600e-01	7.112101e-01	-5.286055e-02
5.526363e-01	7.124092e-01	-4.427280e-02
5.568482e-01	7.129256e-01	-4.422626e-02
5.612488e-01	7.133114e-01	-4.416749e-02
5.257658e-01	7.060185e-01	3.041170e-02
5.678363e-01	7.072184e-01	5.852934e-02
5.391024e-01	6.702051e-01	-3.361914e-02
5.537437e-01	6.714860e-01	-2.250197e-02
4.995944e-01	6.279575e-01	4.201778e-02
5.888752e-01	6.304398e-01	9.389918e-02
4.726560e-01	6.278937e-01	-1.002479e-01
6.132497e-01	6.566100e-01	1.495483e-01
4.851720e-01	6.387303e-01	-2.169361e-01
6.140816e-01	6.532768e-01	1.930584e-01
4.917100e-01	6.359552e-01	-2.475269e-01
6.219246e-01	6.521078e-01	1.885884e-01
5.010028e-01	6.359664e-01	-2.423795e-01
6.132930e-01	6.485175e-01	1.842786e-01
5.013115e-01	6.304051e-01	-2.197912e-01
6.082932e-01	6.451560e-01	1.901832e-01
5.155208e-01	3.314472e-01	-1.269105e-02
5.764096e-01	3.373208e-01	1.276019e-02
4.939837e-01	1.437754e-01	-7.512110e-02
6.025669e-01	1.435469e-01	-6.116619e-02
4.970160e-01	1.719546e-01	3.525650e-01
5.884429e-01	1.625265e-01	3.644637e-01
5.029349e-01	1.751778e-01	3.968998e-01
5.800734e-01	1.655868e-01	4.091119e-01
4.908247e-01	1.118250e-01	3.779152e-01
5.998960e-01	1.033628e-01	3.959216e-01
5.468079e-01	6.945441e-01	-7.528374e-02
5.401570e-01	7.155647e-01	-6.312221e-02
5.354828e-01	7.155049e-01	-6.317452e-02
5.314642e-01	7.149808e-01	-6.318515e-02
5.526477e-01	7.160544e-01	-5.489175e-02
5.568523e-01	7.163166e-01	-5.488771e-02
5.612593e-01	7.163157e-01	-5.477561e-02
5.257853e-01	7.086397e-01	2.934281e-02
5.677897e-01	7.096334e-01	5.649533e-02
5.391372e-01	6.735476e-01	-4.214481e-02
5.537716e-01	6.755157e-01	-3.020996e-02
4.994714e-01	6.309726e-01	2.703158e-02
5.887511e-01	6.344070e-01	7.410598e-02
4.720646e-01	6.322069e-01	-1.906648e-01
6.129454e-01	6.597189e-01	-8.138617e-02
4.842465e-01	6.452969e-01	-3.663403e-01
6.141239e-01	6.591404e-01	-2.735603e-01
4.913420e-01	6.412821e-01	-4.096890e-01
6.220972e-01	6.565630e-01	-3.140944e-01
5.007382e-01	6.402673e-01	-3.918709e-01
6.133464e-01	6.526014e-01	-3.099756e-01
5.010717e-01	6.353503e-01	-3.654232e-01
6.079398e-01	6.491943e-01	-2.810050e-01
5.151697e-01	3.320667e-01	-1.170162e-02
5.761443e-01	3.374200e-01	1.177457e-02
4.940135e-01	1.497416e-01	-7.023323e-02
6.023874e-01	1.461760e-01	-5.655552e-02
4.968531e-01	1.710403e-01	3.557060e-01
5.884484e-01	1.628229e-01	3.696017e-01
5.024401e-01	1.723358e-01	3.985993e-01
5.801631e-01	1.647012e-01	4.143946e-01
4.907757e-01	1.108773e-01	3.729909e-01
5.999569e-01	1.034915e-01	3.985903e-01
5.467733e-01	6.994452e-01	-5.717392e-02
5.401044e-01	7.200944e-01	-4.244266e-02
5.354323e-01	7.199574e-01	-4.248069e-02
5.314486e-01	7.194159e-01	-4.244124e-02
5.526190e-01	7.204411e-01	-3.793500e-02
5.567929e-01	7.205495e-01	-3.791723e-02
5.612160e-01	7.204859e-01	-3.774533e-02
5.257984e-01	7.127777e-01	4.767548e-02
5.676671e-01	7.137964e-01	6.586097e-02
5.391356e-01	6.786502e-01	-2.321287e-02
5.537782e-01	6.808363e-01	-1.700774e-02
4.995570e-01	6.373389e-01	3.315379e-02
5.886523e-01	6.393793e-01	9.230754e-02
4.724766e-01	6.444776e-01	-1.822513e-01
6.103943e-01	6.617174e-01	7.354821e-02
4.838789e-01	6.479357e-01	-3.556740e-01
6.140899e-01	6.602023e-01	5.657374e-02
4.895911e-01	6.416356e-01	-3.857431e-01
6.222236e-01	6.574870e-01	4.478331e-02
4.996703e-01	6.401467e-01	-3.612810e-01
6.135436e-01	6.546370e-01	4.201900e-02
4.999164e-01	6.369112e-01	-3.389266e-01
6.084082e-01	6.512437e-01	5.213179e-02
5.151242e-01	3.366849e-01	-1.357057e-02
5.759989e-01	3.410156e-01	1.363322e-02
4.940303e-01	1.636131e-01	-6.711596e-02
6.023745e-01	1.577141e-01	-5.009484e-02
4.959575e-01	1.698993e-01	3.350226e-01
5.883052e-01	1.619356e-01	3.667565e-01
5.011458e-01	1.703675e-01	3.742743e-01
5.800505e-01	1.634880e-01	4.082755e-01
4.897890e-01	1.096888e-01	3.362613e-01
6.005012e-01	1.025437e-01	3.851373e-01
5.463325e-01	7.028401e-01	-6.468822e-02
5.398051e-01	7.234063e-01	-4.801897e-02
5.351446e-01	7.233319e-01	-4.805285e-02
5.312740e-01	7.229574e-01	-4.802029e-02
5.523998e-01	7.236758e-01	-4.471270e-02
5.564876e-01	7.237341e-01	-4.471327e-02
5.609298e-01	7.236666e-01	-4.453506e-02
5.257546e-01	7.165977e-01	4.060699e-02
5.673448e-01	7.171284e-01	6.242602e-02
5.387923e-01	6.828397e-01	-2.751676e-02
5.534716e-01	6.847386e-01	-2.333264e-02
4.995225e-01	6.429406e-01	3.234641e-02
5.880839e-01	6.427342e-01	9.196123e-02
4.722074e-01	6.480797e-01	-1.411187e-01
6.097882e-01	6.639815e-01	1.652214e-01
4.827968e-01	6.502117e-01	-2.836782e-01
6.134754e-01	6.620797e-01	2.396059e-01
4.879438e-01	6.423273e-01	-3.120221e-01
6.222965e-01	6.583370e-01	2.414696e-01
4.983899e-01	6.406354e-01	-3.149211e-01
6.136537e-01	6.559927e-01	2.352663e-01
4.984601e-01	6.383179e-01	-2.874561e-01
6.085590e-01	6.526880e-01	2.368937e-01
5.150410e-01	3.398125e-01	-1.490159e-02
5.757043e-01	3.437619e-01	1.492839e-02
4.940256e-01	1.673536e-01	-7.044172e-02
6.015477e-01	1.600574e-01	-4.682458e-02
4.950077e-01	1.702084e-01	3.317122e-01
5.882526e-01	1.613909e-01	3.633390e-01
4.999743e-01	1.703785e-01	3.714643e-01
5.800365e-01	1.627174e-01	4.048065e-01
4.890371e-01	1.096027e-01	3.344674e-01
6.010829e-01	1.023152e-01	3.818888e-01
5.448008e-01	7.051958e-01	-6.166662e-02
5.385430e-01	7.259423e-01	-4.374981e-02
5.341246e-01	7.258483e-01	-4.378812e-02
5.304223e-01	7.255414e-01	-4.374021e-02
5.513099e-01	7.262719e-01	-4.263679e-02
5.554436e-01	7.263201e-01	-4.263333e-02
5.598489e-01	7.262594e-01	-4.245024e-02
5.252227e-01	7.190511e-01	5.401515e-02
5.667372e-01	7.197375e-01	5.985086e-02
5.376192e-01	6.854901e-01	-2.411525e-02
5.524825e-01	6.872928e-01	-2.275437e-02
4.993428e-01	6.462497e-01	5.706443e-02
5.879888e-01	6.437123e-01	8.901784e-02
4.712598e-01	6.546605e-01	-8.221761e-02
6.104658e-01	6.645933e-01	1.210913e-01
4.815525e-01	6.516814e-01	-2.012493e-01
6.136311e-01	6.612394e-01	1.611805e-01
4.864615e-01	6.436872e-01	-2.305548e-01
6.220075e-01	6.577415e-01	1.561748e-01
4.971820e-01	6.417187e-01	-2.278140e-01
6.137291e-01	6.557244e-01	1.521906e-01
4.971847e-01	6.400781e-01	-2.055872e-01
6.086771e-01	6.522596e-01	1.582246e-01
5.139588e-01	3.407712e-01	-1.417865e-02
5.750896e-01	3.452337e-01	1.421832e-02
4.937580e-01	1.672932e-01	-6.876554e-02
6.013021e-01	1.640520e-01	-6.021458e-02
4.945976e-01	1.705031e-01	3.320505e-01
5.882556e-01	1.610871e-01	3.422317e-01
4.995986e-01	1.703778e-01	3.717237e-01
5.801162e-01	1.621712e-01	3.829672e-01
4.885551e-01	1.095113e-01	3.371788e-01
6.016875e-01	1.024694e-01	3.529838e-01
5.439788e-01	7.123669e-01	-1.287626e-01
5.377111e-01	7.314911e-01	-1.137739e-01
5.334160e-01	7.313867e-01	-1.138266e-01
5.297828e-01	7.310291e-01	-1.138273e-01
5.506681e-01	7.324221e-01	-1.105398e-01
5.547708e-01	7.325389e-01	-1.105717e-01
5.592278e-01	7.324637e-01	-1.104484e-01
5.246696e-01	7.245063e-01	-1.601844e-02
5.661793e-01	7.253571e-01	-2.478655e-03
5.368122e-01	6.915075e-01	-9.100011e-02
5.520009e-01	6.934512e-01	-8.682939e-02
4.987160e-01	6.486114e-01	-2.129466e-04
5.876800e-01	6.464859e-01	4.083737e-02
4.662435e-01	6.536991e-01	-1.458815e-01
6.099088e-01	6.643490e-01	2.287287e-02
4.802991e-01	6.527218e-01	-2.827834e-01
6.137025e-01	6.605946e-01	-4.302105e-02
4.858400e-01	6.449581e-01	-3.149148e-01
6.220535e-01	6.597735e-01	-6.270351e-02
4.964589e-01	6.441602e-01	-3.094167e-01
6.142080e-01	6.579972e-01	-6.549557e-02
4.961560e-01	6.416308e-01	-2.850704e-01
6.097263e-01	6.534334e-01	-4.864475e-02
5.131652e-01	3.442085e-01	-1.366353e-02
5.746462e-01	3.499669e-01	1.370948e-02
4.937700e-01	1.809969e-01	-6.720528e-02
6.006031e-01	1.793856e-01	-5.880708e-02
4.942493e-01	1.712302e-01	3.366790e-01
5.882611e-01	1.608111e-01	3.388218e-01
4.993707e-01	1.705244e-01	3.763624e-01
5.803345e-01	1.618061e-01	3.791563e-01
4.874807e-01	1.093335e-01	3.392139e-01
6.019534e-01	1.021886e-01	3.425947e-01
5.440336e-01	7.177437e-01	-1.746896e-01
5.376828e-01	7.358164e-01	-1.623780e-01
5.333084e-01	7.355064e-01	-1.624275e-01
5.297030e-01	7.350698e-01	-1.624324e-01
5.506575e-01	7.370892e-01	-1.571616e-01
5.547057e-01	7.372667e-01	-1.572067e-01
5.591866e-01	7.372932e-01	-1.570939e-01
5.245020e-01	7.284365e-01	-6.723678e-02
5.656945e-01	7.301758e-01	-4.427879e-02
5.367705e-01	6.966706e-01	-1.371406e-01
5.520133e-01	6.986279e-01	-1.303229e-01
4.980648e-01	6.509162e-01	-4.440985e-02
5.869805e-01	6.502956e-01	6.552476e-03
4.567612e-01	6.535640e-01	-2.055302e-01
6.095597e-01	6.639146e-01	-5.597105e-02
4.783202e-01	6.524686e-01	-3.692145e-01
6.135267e-01	6.605858e-01	-1.813905e-01
4.845783e-01	6.447142e-01	-4.058403e-01
6.217092e-01	6.602983e-01	-2.096364e-01
4.955460e-01	6.435084e-01	-3.958710e-01
6.142491e-01	6.584905e-01	-2.098065e-01
4.951678e-01	6.414263e-01	-3.692270e-01
6.095173e-01	6.537982e-01	-1.874840e-01
5.130231e-01	3.488787e-01	-1.338236e-02
5.743536e-01	3.566330e-01	1.343205e-02
4.938120e-01	1.876654e-01	-6.164161e-02
5.998186e-01	2.013682e-01	-6.009532e-02
4.939955e-01	1.715072e-01	3.362703e-01
5.882588e-01	1.603481e-01	2.983616e-01
4.992166e-01	1.702687e-01	3.755393e-01
5.804974e-01	1.583858e-01	3.345133e-01
4.867000e-01	1.091664e-01	3.334450e-01
6.022603e-01	1.014270e-01	2.898204e-01
5.440712e-01	7.282415e-01	-2.280746e-01
5.376614e-01	7.458349e-01	-2.140262e-01
5.332161e-01	7.451205e-01	-2.140786e-01
5.296012e-01	7.443225e-01	-2.140699e-01
5.506407e-01	7.472972e-01	-2.112297e-01
5.546801e-01	7.473639e-01	-2.112803e-01
5.591608e-01	7.470515e-01	-2.111850e-01
5.242314e-01	7.370946e-01	-1.091145e-01
5.653709e-01	7.387159e-01	-9.757249e-02
5.367682e-01	7.060639e-01	-1.867005e-01
5.520369e-01	7.081845e-01	-1.830752e-01
4.976203e-01	6.551610e-01	-8.432569e-02
5.865383e-01	6.559120e-01	-7.028003e-02
4.526758e-01	6.529760e-01	-3.042627e-01
6.093821e-01	6.636845e-01	-2.790864e-01
4.759025e-01	6.521009e-01	-5.288390e-01
6.138254e-01	6.604121e-01	-5.505474e-01
4.826798e-01	6.461154e-01	-5.806841e-01
6.218790e-01	6.598830e-01	-6.073785e-01
4.935455e-01	6.454645e-01	-5.678275e-01
6.143142e-01	6.582242e-01	-6.043121e-01
4.931893e-01	6.432440e-01	-5.308355e-01
6.095235e-01	6.534832e-01	-5.601039e-01
5.126721e-01	3.551975e-01	-8.958560e-03
5.743122e-01	3.623105e-01	8.982981e-03
4.943598e-01	1.975565e-01	-3.529825e-02
5.986344e-01	2.158173e-01	-9.134556e-02
4.937502e-01	1.712885e-01	3.555248e-01
5.883304e-01	1.602875e-01	2.409745e-01
4.986769e-01	1.646612e-01	3.921469e-01
5.807132e-01	1.572348e-01	2.728040e-01
4.856576e-01	1.090019e-01	3.338391e-01
6.023887e-01	1.012113e-01	2.095095e-01
5.436309e-01	7.347164e-01	-2.100782e-01
5.371691e-01	7.529597e-01	-1.966650e-01
5.327752e-01	7.523798e-01	-1.967058e-01
5.291665e-01	7.518426e-01	-1.966914e-01
5.503426e-01	7.547609e-01	-1.937303e-01
5.544187e-01	7.550298e-01	-1.937694e-01
5.589166e-01	7.548758e-01	-1.936428e-01
5.238940e-01	7.463661e-01	-9.355833e-02
5.650746e-01	7.469404e-01	-8.170517e-02
5.361424e-01	7.135091e-01	-1.693038e-01
5.517761e-01	7.153375e-01	-1.654926e-01
4.976259e-01	6.660125e-01	-8.275951e-02
5.863386e-01	6.661724e-01	-5.672543e-02
4.550613e-01	6.600102e-01	-3.286373e-01
6.095585e-01	6.714286e-01	-2.664816e-01
4.739973e-01	6.566618e-01	-5.700403e-01
6.149297e-01	6.613646e-01	-5.191721e-01
4.787861e-01	6.497074e-01	-6.229545e-01
6.218963e-01	6.593573e-01	-5.704274e-01
4.892624e-01	6.496781e-01	-6.109689e-01
6.142243e-01	6.577120e-01	-5.680099e-01
4.898852e-01	6.480982e-01	-5.726247e-01
6.093363e-01	6.536660e-01	-5.288256e-01
5.126603e-01	3.681575e-01	-8.619653e-03
5.741659e-01	3.732845e-01	8.636555e-03
4.957529e-01	2.180394e-01	-2.769859e-02
5.987242e-01	2.284855e-01	-7.994080e-02
4.929053e-01	1.709894e-01	3.414987e-01
5.881103e-01	1.604113e-01	2.416968e-01
4.977553e-01	1.622673e-01	3.732255e-01
5.805942e-01	1.571720e-01	2.718947e-01
4.833565e-01	1.084430e-01	3.095003e-01
6.023682e-01	9.909111e-02	2.076667e-01
5.433831e-01	7.436216e-01	-2.554391e-01
5.367666e-01	7.622243e-01	-2.396238e-01
5.324203e-01	7.617778e-01	-2.396524e-01
5.287225e-01	7.613624e-01	-2.396202e-01
5.499929e-01	7.643468e-01	-2.374419e-01
5.540820e-01	7.650146e-01	-2.374691e-01
5.585660e-01	7.652683e-01	-2.373370e-01
5.230714e-01	7.575722e-01	-1.272319e-01
5.645451e-01	7.588667e-01	-1.174724e-01
5.357023e-01	7.238184e-01	-2.119057e-01
5.515080e-01	7.258261e-01	-2.086143e-01
4.966719e-01	6.794704e-01	-1.104205e-01
5.863668e-01	6.779202e-01	-9.910842e-02
4.506868e-01	6.720466e-01	-3.748391e-01
6.168200e-01	6.742126e-01	-3.519821e-01
4.693886e-01	6.662272e-01	-6.349345e-01
6.188098e-01	6.663190e-01	-6.475295e-01
4.718444e-01	6.560419e-01	-6.985590e-01
6.222636e-01	6.599922e-01	-7.146632e-01
4.834155e-01	6.575183e-01	-6.872724e-01
6.142522e-01	6.599284e-01	-7.105724e-01
4.846318e-01	6.574946e-01	-6.393260e-01
6.098170e-01	6.583391e-01	-6.581973e-01
5.122988e-01	3.780505e-01	-6.927845e-03
5.738543e-01	3.839548e-01	6.931876e-03
4.957389e-01	2.276179e-01	-7.678226e-03
5.986147e-01	2.332131e-01	-4.346569e-02
4.914435e-01	1.687939e-01	3.741767e-01
5.880594e-01	1.603367e-01	2.693475e-01
4.961422e-01	1.567343e-01	4.076526e-01
5.805917e-01	1.555274e-01	3.122610e-01
4.815173e-01	1.077795e-01	3.230724e-01
6.023670e-01	9.692313e-02	2.462652e-01
5.402011e-01	7.562105e-01	-2.695027e-01
5.342081e-01	7.735367e-01	-2.501174e-01
5.304778e-01	7.730540e-01	-2.501485e-01
5.263553e-01	7.726527e-01	-2.500876e-01
5.464327e-01	7.763680e-01	-2.506402e-01
5.509697e-01	7.774414e-01	-2.506736e-01
5.551435e-01	7.781053e-01	-2.505700e-01
5.221061e-01	7.692668e-01	-1.265095e-01
5.622485e-01	7.722248e-01	-1.277011e-01
5.337058e-01	7.378359e-01	-2.224919e-01
5.484049e-01	7.407318e-01	-2.225204e-01
4.956683e-01	6.876341e-01	-8.291260e-02
5.868370e-01	6.884250e-01	-8.088426e-02
4.377773e-01	6.710733e-01	-2.806273e-01
6.329890e-01	6.620116e-01	-2.657793e-01
4.640785e-01	6.689924e-01	-5.083714e-01
6.213570e-01	6.691623e-01	-5.227638e-01
4.672770e-01	6.576897e-01	-5.666975e-01
6.197748e-01	6.646656e-01	-5.864071e-01
4.784040e-01	6.596941e-01	-5.613664e-01
6.118777e-01	6.692785e-01	-5.764657e-01
4.804602e-01	6.598949e-01	-5.132753e-01
6.096252e-01	6.682026e-01	-5.274972e-01
5.121615e-01	3.921706e-01	-4.548402e-03
5.731286e-01	3.952443e-01	4.568011e-03
4.956972e-01	2.391825e-01	-3.352697e-03
5.968184e-01	2.434086e-01	2.188067e-02
4.904642e-01	1.653474e-01	3.692017e-01
5.878478e-01	1.573268e-01	3.605737e-01
4.952058e-01	1.508751e-01	4.025782e-01
5.804644e-01	1.474729e-01	3.904034e-01
4.798717e-01	1.062095e-01	3.090174e-01
6.026924e-01	9.472711e-02	2.578617e-01
5.389089e-01	7.731615e-01	-2.782421e-01
5.330717e-01	7.913148e-01	-2.588955e-01
5.295262e-01	7.907588e-01	-2.589214e-01
5.252268e-01	7.901132e-01	-2.588423e-01
5.450960e-01	7.937959e-01	-2.606205e-01
5.496227e-01	7.946603e-01	-2.606722e-01
5.535579e-01	7.950112e-01	-2.605898e-01
5.212458e-01	7.850305e-01	-1.349402e-01
5.605934e-01	7.882972e-01	-1.415631e-01
5.326582e-01	7.537159e-01	-2.309010e-01
5.469022e-01	7.567568e-01	-2.325438e-01
4.945787e-01	6.979481e-01	-7.932671e-02
5.875639e-01	6.988045e-01	-8.922134e-02
4.297087e-01	6.717833e-01	-2.604501e-01
6.439335e-01	6.500008e-01	-2.633700e-01
4.613350e-01	6.703500e-01	-4.809612e-01
6.238825e-01	6.730493e-01	-5.090314e-01
4.667998e-01	6.616521e-01	-5.362661e-01
6.195801e-01	6.714336e-01	-5.707868e-01
4.775476e-01	6.655368e-01	-5.289840e-01
6.114927e-01	6.775270e-01	-5.557219e-01
4.788362e-01	6.648709e-01	-4.849785e-01
6.096704e-01	6.762953e-01	-5.109466e-01
5.120083e-01	4.020230e-01	-3.157066e-03
5.726749e-01	4.045477e-01	3.193092e-03
4.954530e-01	2.495137e-01	5.703925e-03
5.962584e-01	2.534581e-01	4.006419e-02
4.896327e-01	1.640626e-01	3.649065e-01
5.874599e-01	1.563227e-01	3.726360e-01
4.944059e-01	1.483383e-01	3.983685e-01
5.802891e-01	1.444670e-01	4.005815e-01
4.793288e-01	1.023831e-01	2.982463e-01
6.030088e-01	9.336178e-02	2.646858e-01
5.380756e-01	7.891331e-01	-2.843305e-01
5.325028e-01	8.086250e-01	-2.651802e-01
5.290238e-01	8.083146e-01	-2.652351e-01
5.246645e-01	8.078840e-01	-2.651977e-01
5.447061e-01	8.100232e-01	-2.660449e-01
5.493240e-01	8.104013e-01	-2.661040e-01
5.532191e-01	8.105882e-01	-2.660379e-01
5.207174e-01	8.014273e-01	-1.393306e-01
5.601404e-01	8.035911e-01	-1.428671e-01
5.317389e-01	7.679598e-01	-2.362695e-01
5.460169e-01	7.700197e-01	-2.369697e-01
4.934707e-01	7.059444e-01	-8.068129e-02
5.882359e-01	7.053288e-01	-7.316858e-02
4.333254e-01	6.703670e-01	-2.294890e-01
6.451367e-01	6.508691e-01	-2.087817e-01
4.530966e-01	6.684304e-01	-4.642569e-01
6.412024e-01	6.574501e-01	-4.419886e-01
4.608346e-01	6.611857e-01	-5.129646e-01
6.348535e-01	6.561905e-01	-4.998656e-01
4.703234e-01	6.662833e-01	-5.072362e-01
6.245068e-01	6.669395e-01	-4.948323e-01
4.706124e-01	6.646968e-01	-4.656587e-01
6.246683e-01	6.682256e-01	-4.486913e-01
5.119344e-01	4.104887e-01	-3.434408e-03
5.724729e-01	4.129329e-01	3.485446e-03
4.953178e-01	2.631889e-01	2.653575e-02
5.960851e-01	2.624580e-01	5.807723e-02
4.895411e-01	1.636839e-01	3.620700e-01
5.871438e-01	1.559356e-01	3.729140e-01
4.945320e-01	1.479403e-01	3.957148e-01
5.801268e-01	1.434565e-01	3.980514e-01
4.785384e-01	9.968369e-02	2.838418e-01
6.039792e-01	9.184064e-02	2.764284e-01
5.372430e-01	8.004164e-01	-3.055070e-01
5.317458e-01	8.210283e-01	-2.862051e-01
5.282530e-01	8.208414e-01	-2.862795e-01
5.237910e-01	8.205462e-01	-2.862478e-01
5.440092e-01	8.225551e-01	-2.830917e-01
5.487503e-01	8.229820e-01	-2.831359e-01
5.526418e-01	8.233765e-01	-2.830336e-01
5.201317e-01	8.151636e-01	-1.576968e-01
5.594432e-01	8.173321e-01	-1.437636e-01
5.311304e-01	7.792789e-01	-2.565276e-01
5.454631e-01	7.817529e-01	-2.521168e-01
4.913503e-01	7.154021e-01	-9.990961e-02
5.884272e-01	7.159806e-01	-5.711152e-02
4.306180e-01	6.536880e-01	-2.546774e-01
6.407799e-01	6.515285e-01	-1.137011e-01
4.503869e-01	6.677316e-01	-5.089744e-01
6.549792e-01	6.188743e-01	-3.053256e-01
4.575569e-01	6.687827e-01	-5.677420e-01
6.657255e-01	5.896667e-01	-3.554093e-01
4.674276e-01	6.777352e-01	-5.652483e-01
6.594356e-01	5.924598e-01	-3.680982e-01
4.682918e-01	6.725914e-01	-5.150247e-01
6.503199e-01	6.102347e-01	-3.186846e-01
5.119334e-01	4.202408e-01	-7.285743e-03
5.722999e-01	4.241526e-01	7.463366e-03
4.947028e-01	2.765606e-01	3.575646e-02
5.969545e-01	2.744848e-01	8.086883e-02
4.894577e-01	1.637091e-01	3.734462e-01
5.868690e-01	1.563991e-01	4.074733e-01
4.946392e-01	1.486451e-01	4.031706e-01
5.797930e-01	1.440971e-01	4.327300e-01
4.782464e-01	9.900808e-02	2.936281e-01
6.043009e-01	9.188712e-02	3.139970e-01
5.372732e-01	8.135911e-01	-2.794079e-01
5.315698e-01	8.340780e-01	-2.604255e-01
5.280483e-01	8.338203e-01	-2.604888e-01
5.235866e-01	8.334960e-01	-2.604432e-01
5.440398e-01	8.357691e-01	-2.595651e-01
5.487646e-01	8.364411e-01	-2.595845e-01
5.526356e-01	8.369723e-01	-2.594957e-01
5.197616e-01	8.285742e-01	-1.332267e-01
5.593241e-01	8.312033e-01	-1.282081e-01
5.309859e-01	7.920622e-01	-2.307995e-01
5.456285e-01	7.947646e-01	-2.290799e-01
4.905802e-01	7.250132e-01	-9.779738e-02
5.884554e-01	7.262085e-01	-5.101766e-02
4.312728e-01	6.535157e-01	-1.572269e-01
6.387719e-01	6.521053e-01	-1.285885e-01
4.327326e-01	6.394446e-01	-3.983324e-01
6.503900e-01	6.257864e-01	-3.668717e-01
4.271545e-01	6.299373e-01	-4.532892e-01
6.576349e-01	6.052112e-01	-4.277477e-01
4.345663e-01	6.428653e-01	-4.761600e-01
6.489850e-01	6.142578e-01	-4.399400e-01
4.373376e-01	6.417279e-01	-4.140658e-01
6.436355e-01	6.224325e-01	-3.814983e-01
5.115479e-01	4.318211e-01	-7.086926e-03
5.712355e-01	4.346037e-01	7.271129e-03
4.942958e-01	2.863663e-01	4.979072e-02
5.936397e-01	2.816795e-01	9.457481e-02
4.895211e-01	1.641845e-01	3.463074e-01
5.854527e-01	1.570241e-01	3.903261e-01
4.946619e-01	1.491658e-01	3.679241e-01
5.784574e-01	1.445413e-01	4.137563e-01
4.774835e-01	9.902643e-02	2.523514e-01
6.042061e-01	9.203622e-02	3.090655e-01
5.371462e-01	8.267883e-01	-2.747482e-01
5.313159e-01	8.465732e-01	-2.563946e-01
5.277933e-01	8.461928e-01	-2.564607e-01
5.232776e-01	8.457288e-01	-2.564237e-01
5.438526e-01	8.484224e-01	-2.543385e-01
5.486352e-01	8.491522e-01	-2.543259e-01
5.524403e-01	8.497523e-01	-2.541769e-01
5.194694e-01	8.409412e-01	-1.296087e-01
5.588561e-01	8.436916e-01	-1.197141e-01
5.308352e-01	8.052701e-01	-2.264453e-01
5.456298e-01	8.078425e-01	-2.230441e-01
4.899813e-01	7.400356e-01	-8.667036e-02
5.882646e-01	7.375215e-01	-2.502745e-02
4.476513e-01	6.634409e-01	-9.142067e-02
6.336082e-01	6.534544e-01	-2.397268e-02
4.330125e-01	6.286749e-01	-2.612522e-01
6.498301e-01	6.184874e-01	-1.903692e-01
4.228674e-01	6.106318e-01	-3.022598e-01
6.601850e-01	5.928630e-01	-2.351574e-01
4.237364e-01	6.144531e-01	-3.367797e-01
6.554291e-01	5.981576e-01	-2.582853e-01
4.303306e-01	6.216627e-01	-2.793946e-01
6.481752e-01	6.080784e-01	-2.067155e-01
5.107745e-01	4.489444e-01	-7.111896e-03
5.697801e-01	4.495761e-01	7.301847e-03
4.932997e-01	2.942565e-01	4.274433e-02
5.922359e-01	2.894078e-01	8.587764e-02
4.893196e-01	1.650383e-01	3.088281e-01
5.844511e-01	1.575681e-01	3.652241e-01
4.947250e-01	1.495470e-01	3.281609e-01
5.773342e-01	1.448067e-01	3.772103e-01
4.765501e-01	9.956907e-02	2.107244e-01
6.041036e-01	9.385069e-02	2.546210e-01
5.368698e-01	8.393083e-01	-2.727025e-01
5.311180e-01	8.586254e-01	-2.549388e-01
5.276209e-01	8.582298e-01	-2.549888e-01
5.231110e-01	8.577738e-01	-2.549389e-01
5.436174e-01	8.603436e-01	-2.549797e-01
5.484689e-01	8.609526e-01	-2.549697e-01
5.522376e-01	8.614438e-01	-2.548092e-01
5.194182e-01	8.527919e-01	-1.331245e-01
5.585521e-01	8.550275e-01	-1.335374e-01
5.306482e-01	8.178473e-01	-2.264677e-01
5.455076e-01	8.200069e-01	-2.258502e-01
4.901726e-01	7.519591e-01	-4.858565e-02
5.879170e-01	7.481585e-01	-2.745287e-02
4.575315e-01	6.688415e-01	8.971249e-02
6.277668e-01	6.556159e-01	5.472697e-02
4.325170e-01	6.202829e-01	1.114421e-01
6.485531e-01	6.093193e-01	1.121323e-02
4.190788e-01	5.945131e-01	1.064806e-01
6.603337e-01	5.756966e-01	-1.268711e-02
4.180957e-01	5.937721e-01	5.809109e-02
6.565560e-01	5.832426e-01	-4.656658e-02
4.250803e-01	6.020755e-01	9.272119e-02
6.495284e-01	5.935605e-01	-5.796776e-03
5.105601e-01	4.664053e-01	-2.823886e-03
5.691992e-01	4.662404e-01	3.006873e-03
4.932082e-01	3.030804e-01	4.028567e-02
5.918292e-01	2.994588e-01	5.870150e-02
4.893208e-01	1.661760e-01	2.919936e-01
5.841011e-01	1.593586e-01	3.028928e-01
4.947555e-01	1.496486e-01	3.102576e-01
5.769652e-01	1.449271e-01	3.180466e-01
4.757768e-01	1.009134e-01	1.964764e-01
6.041096e-01	9.644470e-02	1.946908e-01
5.368345e-01	8.534213e-01	-2.767832e-01
5.310825e-01	8.723620e-01	-2.573052e-01
5.275829e-01	8.719696e-01	-2.573521e-01
5.230620e-01	8.714744e-01	-2.572927e-01
5.436210e-01	8.738016e-01	-2.577583e-01
5.484926e-01	8.741748e-01	-2.577560e-01
5.522617e-01	8.743525e-01	-2.576199e-01
5.193294e-01	8.653418e-01	-1.327834e-01
5.585791e-01	8.665175e-01	-1.343220e-01
5.305542e-01	8.306410e-01	-2.298453e-01
5.455879e-01	8.324382e-01	-2.297917e-01
4.902942e-01	7.563341e-01	-4.272149e-02
5.878702e-01	7.552839e-01	-3.510798e-02
4.596733e-01	6.678560e-01	5.467748e-02
6.263193e-01	6.556045e-01	1.261919e-02
4.315910e-01	6.002249e-01	1.836049e-02
6.490036e-01	5.861685e-01	-8.920421e-02
4.184598e-01	5.656412e-01	7.384768e-04
6.603115e-01	5.518948e-01	-1.249656e-01
4.175140e-01	5.648433e-01	-4.532602e-02
6.563669e-01	5.533561e-01	-1.576189e-01
4.236779e-01	5.762444e-01	-1.538113e-03
6.497014e-01	5.649707e-01	-1.075388e-01
5.105501e-01	4.757082e-01	-2.592803e-04
5.684285e-01	4.761913e-01	4.426238e-04
4.928843e-01	3.069936e-01	3.759133e-02
5.893081e-01	3.017823e-01	5.373014e-02
4.892171e-01	1.664211e-01	2.719009e-01
5.841215e-01	1.599213e-01	2.974132e-01
4.947668e-01	1.490082e-01	2.876498e-01
5.769548e-01	1.440553e-01	3.127525e-01
4.747555e-01	1.009251e-01	1.654010e-01
6.041041e-01	9.690095e-02	1.863930e-01
5.369276e-01	8.634184e-01	-3.153178e-01
5.311381e-01	8.828997e-01	-2.930090e-01
5.276183e-01	8.827127e-01	-2.930561e-01
5.231044e-01	8.823290e-01	-2.929862e-01
5.436861e-01	8.835353e-01	-2.948689e-01
5.485228e-01	8.835973e-01	-2.948770e-01
5.522968e-01	8.833563e-01	-2.947518e-01
5.193350e-01	8.754007e-01	-1.581982e-01
5.586360e-01	8.749191e-01	-1.658963e-01
5.305558e-01	8.398228e-01	-2.646268e-01
5.456206e-01	8.410063e-01	-2.665872e-01
4.900315e-01	7.560009e-01	-6.670567e-02
5.886624e-01	7.607304e-01	-7.222955e-02
4.591591e-01	6.611561e-01	-2.502671e-02
6.263315e-01	6.501590e-01	-4.199595e-02
4.302248e-01	5.727319e-01	-1.427626e-01
6.499892e-01	5.599108e-01	-1.863947e-01
4.179074e-01	5.403345e-01	-1.782694e-01
6.599723e-01	5.247660e-01	-2.287532e-01
4.190983e-01	5.395251e-01	-2.195299e-01
6.554168e-01	5.265615e-01	-2.197348e-01
4.250945e-01	5.497484e-01	-1.636523e-01
6.492350e-01	5.390542e-01	-2.007346e-01
5.105557e-01	4.780120e-01	-2.635038e-04
5.680202e-01	4.778291e-01	4.398826e-04
4.928919e-01	3.016841e-01	3.368751e-02
5.872895e-01	3.023806e-01	6.537206e-02
4.893402e-01	1.667720e-01	2.945118e-01
5.839581e-01	1.599048e-01	3.311380e-01
4.952263e-01	1.491762e-01	3.137561e-01
5.767667e-01	1.429947e-01	3.410682e-01
4.749157e-01	9.995735e-02	1.879201e-01
6.040183e-01	9.545758e-02	2.242640e-01
5.370324e-01	8.690483e-01	-3.388287e-01
5.312179e-01	8.890302e-01	-3.177744e-01
5.276613e-01	8.889786e-01	-3.178298e-01
5.232168e-01	8.887178e-01	-3.177920e-01
5.441768e-01	8.894185e-01	-3.212462e-01
5.488521e-01	8.894491e-01	-3.212617e-01
5.528533e-01	8.890561e-01	-3.211415e-01
5.193559e-01	8.816558e-01	-1.840295e-01
5.589117e-01	8.803445e-01	-1.991790e-01
5.305946e-01	8.458511e-01	-2.876685e-01
5.459291e-01	8.466353e-01	-2.917439e-01
4.898980e-01	7.608624e-01	-8.711434e-02
5.895315e-01	7.631380e-01	-1.028104e-01
4.617368e-01	6.563982e-01	-2.251039e-02
6.254920e-01	6.379606e-01	-5.607193e-02
4.320510e-01	5.569637e-01	-1.077267e-01
6.483619e-01	5.318729e-01	-1.732266e-01
4.213932e-01	5.240697e-01	-1.365846e-01
6.573771e-01	4.919314e-01	-2.103178e-01
4.222214e-01	5.217398e-01	-1.787716e-01
6.529143e-01	4.942601e-01	-2.438280e-01
4.280712e-01	5.335860e-01	-1.277243e-01
6.470013e-01	5.105591e-01	-1.927414e-01
5.104056e-01	4.788568e-01	2.445772e-03
5.674903e-01	4.800634e-01	-2.320103e-03
4.927601e-01	3.001054e-01	3.939886e-02
5.856351e-01	3.031110e-01	6.490183e-02
4.894795e-01	1.668382e-01	3.044420e-01
5.837638e-01	1.598925e-01	3.399648e-01
4.960312e-01	1.492061e-01	3.253905e-01
5.766577e-01	1.428045e-01	3.525552e-01
4.747995e-01	9.922872e-02	2.059641e-01
6.036704e-01	9.499660e-02	2.346515e-01
5.376412e-01	8.755003e-01	-3.517801e-01
5.317371e-01	8.945951e-01	-3.314905e-01
5.279122e-01	8.946400e-01	-3.315421e-01
5.237216e-01	8.944556e-01	-3.315025e-01
5.452120e-01	8.946220e-01	-3.346392e-01
5.495970e-01	8.943161e-01	-3.346770e-01
5.539392e-01	8.937353e-01	-3.345664e-01
5.194132e-01	8.861387e-01	-2.027229e-01
5.594795e-01	8.830795e-01	-2.163556e-01
5.306774e-01	8.519945e-01	-3.024831e-01
5.466000e-01	8.519356e-01	-3.061610e-01
4.897181e-01	7.638074e-01	-1.147083e-01
5.902484e-01	7.616299e-01	-1.249285e-01
4.629559e-01	6.485078e-01	-5.690463e-02
6.221548e-01	6.251170e-01	-8.180822e-02
4.337217e-01	5.339171e-01	-1.616426e-01
6.476783e-01	5.109574e-01	-1.913686e-01
4.238330e-01	4.978273e-01	-1.937796e-01
6.565015e-01	4.728751e-01	-2.284423e-01
4.244173e-01	4.939418e-01	-2.315892e-01
6.521769e-01	4.748420e-01	-2.622187e-01
4.303048e-01	5.067720e-01	-1.803528e-01
6.460970e-01	4.899586e-01	-2.102380e-01
5.085719e-01	4.809013e-01	2.593642e-03
5.660663e-01	4.815201e-01	-2.494456e-03
4.925038e-01	3.028350e-01	5.554621e-02
5.837578e-01	3.059448e-01	7.804405e-02
4.899088e-01	1.667687e-01	3.059337e-01
5.835762e-01	1.597922e-01	3.442828e-01
4.964465e-01	1.493305e-01	3.245044e-01
5.766711e-01	1.419375e-01	3.580020e-01
4.748894e-01	9.856237e-02	2.042198e-01
6.034924e-01	9.481295e-02	2.390001e-01
5.385374e-01	8.773215e-01	-4.003657e-01
5.325616e-01	8.970753e-01	-3.812442e-01
5.283326e-01	8.971489e-01	-3.812901e-01
5.243892e-01	8.971209e-01	-3.812521e-01
5.463269e-01	8.965477e-01	-3.837622e-01
5.505570e-01	8.961297e-01	-3.838133e-01
5.550897e-01	8.954034e-01	-3.837285e-01
5.196078e-01	8.881334e-01	-2.506728e-01
5.600845e-01	8.834295e-01	-2.611448e-01
5.309622e-01	8.543454e-01	-3.496136e-01
5.473391e-01	8.534154e-01	-3.523989e-01
4.897717e-01	7.631428e-01	-1.555490e-01
5.909997e-01	7.601608e-01	-1.635078e-01
4.678547e-01	6.338377e-01	-9.947281e-02
6.183715e-01	6.195897e-01	-1.194481e-01
4.346820e-01	5.105593e-01	-1.843787e-01
6.476047e-01	5.049037e-01	-2.032095e-01
4.263066e-01	4.743290e-01	-2.197192e-01
6.554643e-01	4.734944e-01	-2.367990e-01
4.272893e-01	4.706146e-01	-2.375794e-01
6.507422e-01	4.766529e-01	-2.848516e-01
4.330827e-01	4.840661e-01	-1.966667e-01
6.448416e-01	4.862387e-01	-2.284743e-01
5.085729e-01	4.809323e-01	2.258725e-03
5.659463e-01	4.821995e-01	-2.180110e-03
4.926938e-01	3.051066e-01	6.998219e-02
5.832248e-01	3.064713e-01	9.396148e-02
4.899860e-01	1.666476e-01	3.187667e-01
5.832890e-01	1.594869e-01	3.707064e-01
4.964591e-01	1.493989e-01	3.335711e-01
5.765638e-01	1.413667e-01	3.891469e-01
4.750494e-01	9.812485e-02	2.129105e-01
6.034061e-01	9.467270e-02	2.603198e-01
5.406272e-01	8.785962e-01	-4.117299e-01
5.344948e-01	8.983004e-01	-3.936319e-01
5.296758e-01	8.982491e-01	-3.936830e-01
5.258588e-01	8.981245e-01	-3.936667e-01
5.481698e-01	8.976882e-01	-3.952899e-01
5.525798e-01	8.972869e-01	-3.953415e-01
5.570930e-01	8.963579e-01	-3.952799e-01
5.206717e-01	8.886598e-01	-2.654455e-01
5.617888e-01	8.833374e-01	-2.719412e-01
5.323068e-01	8.556822e-01	-3.615586e-01
5.488659e-01	8.543338e-01	-3.631917e-01
4.898051e-01	7.619988e-01	-1.724750e-01
5.918213e-01	7.578192e-01	-1.704189e-01
4.716220e-01	6.241036e-01	-1.200969e-01
6.161739e-01	6.149787e-01	-1.192153e-01
4.394501e-01	4.968573e-01	-1.892863e-01
6.416767e-01	5.013779e-01	-2.063666e-01
4.296972e-01	4.586990e-01	-2.249824e-01
6.463179e-01	4.640428e-01	-2.396172e-01
4.280042e-01	4.529314e-01	-2.586324e-01
6.436856e-01	4.649026e-01	-2.841565e-01
4.346541e-01	4.642835e-01	-2.096605e-01
6.384557e-01	4.788810e-01	-2.288249e-01
5.086116e-01	4.809178e-01	6.663812e-04
5.660712e-01	4.827625e-01	-6.498938e-04
4.928204e-01	3.056173e-01	6.899950e-02
5.822939e-01	3.084421e-01	1.041461e-01
4.900579e-01	1.665503e-01	3.249438e-01
5.832416e-01	1.593974e-01	3.856314e-01
4.964592e-01	1.494684e-01	3.404265e-01
5.765737e-01	1.412431e-01	4.056479e-01
4.762880e-01	9.792833e-02	2.152734e-01
6.035117e-01	9.458090e-02	2.758839e-01
5.426522e-01	8.787116e-01	-3.878183e-01
5.362290e-01	8.987188e-01	-3.692542e-01
5.313452e-01	8.987949e-01	-3.692911e-01
5.273209e-01	8.985710e-01	-3.692459e-01
5.496045e-01	8.978828e-01	-3.699157e-01
5.542245e-01	8.974356e-01	-3.699775e-01
5.585207e-01	8.963754e-01	-3.699194e-01
5.220097e-01	8.891814e-01	-2.452382e-01
5.629804e-01	8.834134e-01	-2.467612e-01
5.338399e-01	8.563491e-01	-3.398920e-01
5.501260e-01	8.545380e-01	-3.400981e-01
4.897510e-01	7.598520e-01	-1.574645e-01
5.922859e-01	7.564108e-01	-1.536549e-01
4.740849e-01	6.169154e-01	-1.162261e-01
6.131983e-01	6.079286e-01	-1.091320e-01
4.507918e-01	4.918337e-01	-1.958013e-01
6.279495e-01	4.825644e-01	-1.967463e-01
4.449197e-01	4.520334e-01	-2.300971e-01
6.311906e-01	4.399295e-01	-2.286834e-01
4.449531e-01	4.499515e-01	-2.634102e-01
6.259354e-01	4.378092e-01	-2.696551e-01
4.512731e-01	4.632778e-01	-2.143349e-01
6.207150e-01	4.522422e-01	-2.166362e-01
5.095290e-01	4.814893e-01	-1.281960e-03
5.663659e-01	4.824000e-01	1.290503e-03
4.931385e-01	3.066657e-01	6.199360e-02
5.823223e-01	3.084325e-01	9.229471e-02
4.901190e-01	1.662304e-01	2.942436e-01
5.833036e-01	1.581000e-01	3.674844e-01
4.963863e-01	1.491874e-01	3.097593e-01
5.769101e-01	1.393877e-01	3.825799e-01
4.769024e-01	9.767705e-02	1.821686e-01
6.041484e-01	9.449033e-02	2.490926e-01
5.438639e-01	8.781056e-01	-3.692854e-01
5.373174e-01	8.982224e-01	-3.504893e-01
5.324972e-01	8.983783e-01	-3.505189e-01
5.282698e-01	8.980114e-01	-3.504567e-01
5.504058e-01	8.972638e-01	-3.505373e-01
5.551646e-01	8.966952e-01	-3.505926e-01
5.593179e-01	8.954667e-01	-3.505156e-01
5.227145e-01	8.879704e-01	-2.283792e-01
5.635633e-01	8.824702e-01	-2.267652e-01
5.347908e-01	8.561842e-01	-3.224791e-01
5.509043e-01	8.538441e-01	-3.217677e-01
4.897678e-01	7.582181e-01	-1.459260e-01
5.923752e-01	7.555034e-01	-1.382952e-01
4.742301e-01	6.138358e-01	-1.196798e-01
6.084968e-01	6.041456e-01	-1.077589e-01
4.566005e-01	4.927201e-01	-2.202274e-01
6.204707e-01	4.712809e-01	-1.904368e-01
4.519349e-01	4.495184e-01	-2.564351e-01
6.259471e-01	4.301958e-01	-2.239492e-01
4.541067e-01	4.476820e-01	-2.916223e-01
6.190923e-01	4.274132e-01	-2.636211e-01
4.600064e-01	4.616539e-01	-2.381780e-01
6.133797e-01	4.401705e-01	-2.095286e-01
5.102131e-01	4.813647e-01	-1.751792e-03
5.664026e-01	4.823167e-01	1.767622e-03
4.933837e-01	3.065210e-01	4.080068e-02
5.823554e-01	3.098270e-01	8.950648e-02
4.903246e-01	1.640964e-01	2.642128e-01
5.833105e-01	1.572337e-01	3.205370e-01
4.963945e-01	1.472031e-01	2.790222e-01
5.770593e-01	1.379862e-01	3.360099e-01
4.773231e-01	9.676477e-02	1.529895e-01
6.046835e-01	9.429422e-02	2.088728e-01
5.447035e-01	8.774356e-01	-3.801285e-01
5.380422e-01	8.975005e-01	-3.614829e-01
5.333093e-01	8.976756e-01	-3.615037e-01
5.289017e-01	8.972086e-01	-3.614367e-01
5.509580e-01	8.965763e-01	-3.608802e-01
5.557920e-01	8.959052e-01	-3.609570e-01
5.597937e-01	8.945888e-01	-3.608910e-01
5.232732e-01	8.869286e-01	-2.400778e-01
5.638652e-01	8.818368e-01	-2.357340e-01
5.354929e-01	8.556787e-01	-3.336990e-01
5.514897e-01	8.532544e-01	-3.322297e-01
4.897866e-01	7.568982e-01	-1.560162e-01
5.923282e-01	7.545276e-01	-1.473128e-01
4.757043e-01	6.095816e-01	-1.243096e-01
6.033009e-01	5.986056e-01	-1.065959e-01
4.663337e-01	4.787661e-01	-2.187801e-01
6.132299e-01	4.618427e-01	-1.960707e-01
4.626276e-01	4.363742e-01	-2.547823e-01
6.183942e-01	4.210648e-01	-2.313003e-01
4.673215e-01	4.346013e-01	-2.885057e-01
6.114646e-01	4.181024e-01	-2.660979e-01
4.728978e-01	4.485933e-01	-2.360058e-01
6.063494e-01	4.326373e-01	-2.144710e-01
5.101917e-01	4.808688e-01	-2.118947e-03
5.662268e-01	4.818454e-01	2.144763e-03
4.934144e-01	3.049422e-01	3.957106e-02
5.823910e-01	3.085034e-01	8.361154e-02
4.905038e-01	1.621151e-01	2.783783e-01
5.834845e-01	1.556038e-01	3.277289e-01
4.963981e-01	1.452696e-01	2.949167e-01
5.774010e-01	1.361575e-01	3.448105e-01
4.775503e-01	9.596179e-02	1.707177e-01
6.050732e-01	9.343562e-02	2.179019e-01
5.451950e-01	8.781236e-01	-3.989069e-01
5.384817e-01	8.976432e-01	-3.815659e-01
5.338393e-01	8.976755e-01	-3.815900e-01
5.293184e-01	8.969936e-01	-3.815367e-01
5.512959e-01	8.967952e-01	-3.814283e-01
5.561710e-01	8.959830e-01	-3.815133e-01
5.601090e-01	8.945523e-01	-3.814731e-01
5.237663e-01	8.856412e-01	-2.598682e-01
5.644447e-01	8.810909e-01	-2.582137e-01
5.360328e-01	8.562012e-01	-3.517293e-01
5.520290e-01	8.538322e-01	-3.510227e-01
4.901004e-01	7.563052e-01	-1.658580e-01
5.923766e-01	7.538176e-01	-1.645982e-01
4.793323e-01	6.072797e-01	-1.185095e-01
6.010240e-01	5.994989e-01	-1.088491e-01
4.767302e-01	4.722274e-01	-1.840923e-01
6.096616e-01	4.587032e-01	-1.910942e-01
4.738640e-01	4.288138e-01	-2.141152e-01
6.124226e-01	4.182975e-01	-2.230790e-01
4.809453e-01	4.278107e-01	-2.450190e-01
6.060379e-01	4.153395e-01	-2.598302e-01
4.856695e-01	4.426147e-01	-1.989263e-01
6.016499e-01	4.302627e-01	-2.087111e-01
5.105655e-01	4.797989e-01	-2.056387e-03
5.667892e-01	4.815372e-01	2.073223e-03
4.945386e-01	3.039187e-01	5.377869e-02
5.821579e-01	3.070931e-01	8.520869e-02
4.909344e-01	1.597469e-01	3.035273e-01
5.842479e-01	1.524498e-01	3.389790e-01
4.965087e-01	1.424868e-01	3.203563e-01
5.787683e-01	1.329231e-01	3.559869e-01
4.784275e-01	9.505326e-02	1.851586e-01
6.053933e-01	9.173812e-02	2.260837e-01
5.455950e-01	8.763675e-01	-3.814450e-01
5.388558e-01	8.957668e-01	-3.629535e-01
5.343661e-01	8.957327e-01	-3.629838e-01
5.297076e-01	8.950282e-01	-3.629271e-01
5.514514e-01	8.949144e-01	-3.627626e-01
5.563530e-01	8.939890e-01	-3.628307e-01
5.602313e-01	8.925843e-01	-3.627604e-01
5.243076e-01	8.836833e-01	-2.402454e-01
5.647030e-01	8.796505e-01	-2.389597e-01
5.365027e-01	8.547166e-01	-3.344525e-01
5.523096e-01	8.522940e-01	-3.334323e-01
4.904172e-01	7.555808e-01	-1.565527e-01
5.923618e-01	7.533603e-01	-1.485088e-01
4.812249e-01	6.063960e-01	-1.366553e-01
5.961000e-01	5.981535e-01	-1.062555e-01
4.777269e-01	4.805051e-01	-2.420574e-01
6.010708e-01	4.598136e-01	-1.942356e-01
4.733664e-01	4.332740e-01	-2.826626e-01
6.043359e-01	4.195828e-01	-2.282760e-01
4.819091e-01	4.327762e-01	-3.138676e-01
5.981165e-01	4.173013e-01	-2.627354e-01
4.872215e-01	4.476768e-01	-2.579264e-01
5.931624e-01	4.318191e-01	-2.120535e-01
5.104433e-01	4.800625e-01	-2.762700e-03
5.667487e-01	4.808274e-01	2.800465e-03
4.948596e-01	3.032859e-01	3.400781e-02
5.816766e-01	3.062079e-01	8.405864e-02
4.911987e-01	1.579451e-01	2.653373e-01
5.844085e-01	1.510824e-01	3.266684e-01
4.965648e-01	1.407289e-01	2.806342e-01
5.790376e-01	1.318072e-01	3.434443e-01
4.791022e-01	9.161156e-02	1.523992e-01
6.053967e-01	8.961847e-02	2.158321e-01
5.456830e-01	8.752809e-01	-4.102613e-01
5.389017e-01	8.944867e-01	-3.939398e-01
5.343785e-01	8.943797e-01	-3.939549e-01
5.297390e-01	8.936659e-01	-3.938982e-01
5.514593e-01	8.937228e-01	-3.928402e-01
5.563521e-01	8.927845e-01	-3.929264e-01
5.602276e-01	8.914377e-01	-3.928782e-01
5.243120e-01	8.824163e-01	-2.769541e-01
5.647120e-01	8.788531e-01	-2.711556e-01
5.366309e-01	8.535559e-01	-3.648574e-01
5.523993e-01	8.512208e-01	-3.629610e-01
4.904222e-01	7.537882e-01	-1.879297e-01
5.923079e-01	7.530686e-01	-1.797192e-01
4.812898e-01	5.961090e-01	-1.445181e-01
5.942882e-01	5.936196e-01	-1.304077e-01
4.792014e-01	4.565912e-01	-2.391769e-01
5.955075e-01	4.481345e-01	-2.059353e-01
4.744248e-01	4.172239e-01	-2.673642e-01
6.004141e-01	4.092193e-01	-2.369557e-01
4.829644e-01	4.137280e-01	-2.944441e-01
5.938793e-01	4.054921e-01	-2.724617e-01
4.885846e-01	4.282594e-01	-2.493970e-01
5.883682e-01	4.206901e-01	-2.226005e-01
5.107206e-01	4.793062e-01	-2.950638e-03
5.667128e-01	4.799151e-01	2.979181e-03
4.956957e-01	3.028055e-01	3.886912e-02
5.816245e-01	3.059829e-01	8.253083e-02
4.917125e-01	1.563979e-01	2.756428e-01
5.845328e-01	1.502447e-01	3.299082e-01
4.966957e-01	1.385752e-01	2.931042e-01
5.792729e-01	1.312445e-01	3.473282e-01
4.795585e-01	8.974952e-02	1.670513e-01
6.053959e-01	8.811089e-02	2.209405e-01
