5.406653e-01	8.555629e-01	-3.481379e-01
5.339862e-01	8.749026e-01	-3.288892e-01
5.294052e-01	8.746904e-01	-3.288906e-01
5.252931e-01	8.742391e-01	-3.288077e-01
5.463958e-01	8.752224e-01	-3.283787e-01
5.507389e-01	8.748719e-01	-3.284433e-01
5.545130e-01	8.743098e-01	-3.283636e-01
5.200129e-01	8.653587e-01	-2.088142e-01
5.605906e-01	8.647810e-01	-2.041370e-01
5.328057e-01	8.335720e-01	-3.026772e-01
5.485037e-01	8.345820e-01	-3.009957e-01
4.882085e-01	7.429667e-01	-1.346595e-01
5.916176e-01	7.392985e-01	-1.297430e-01
4.789559e-01	5.950652e-01	-1.191628e-01
5.942489e-01	5.869589e-01	-9.428568e-02
4.762596e-01	4.712254e-01	-2.291525e-01
5.985662e-01	4.498076e-01	-1.916760e-01
4.715570e-01	4.235142e-01	-2.692865e-01
6.034784e-01	4.082194e-01	-2.320115e-01
4.791308e-01	4.237211e-01	-3.038365e-01
5.966778e-01	4.077602e-01	-2.660973e-01
4.851910e-01	4.406670e-01	-2.465821e-01
5.915583e-01	4.220014e-01	-2.087511e-01
5.073107e-01	4.570530e-01	-3.536629e-03
5.618803e-01	4.595594e-01	3.595833e-03
4.914473e-01	2.882718e-01	4.239140e-02
5.804306e-01	2.911881e-01	7.172877e-02
4.910913e-01	1.438256e-01	2.839143e-01
5.813150e-01	1.400034e-01	3.237810e-01
4.994184e-01	1.228315e-01	3.007859e-01
5.761395e-01	1.198628e-01	3.416181e-01
4.781009e-01	7.143429e-02	1.772798e-01
6.029271e-01	7.017031e-02	2.195893e-01
5.410206e-01	8.570222e-01	-3.519760e-01
5.344348e-01	8.768578e-01	-3.328578e-01
5.298072e-01	8.767014e-01	-3.328650e-01
5.256692e-01	8.760076e-01	-3.327795e-01
5.468549e-01	8.766893e-01	-3.314853e-01
5.512481e-01	8.763110e-01	-3.315533e-01
5.553102e-01	8.753674e-01	-3.314756e-01
5.202561e-01	8.660120e-01	-2.130984e-01
5.606862e-01	8.648382e-01	-2.056247e-01
5.329705e-01	8.349070e-01	-3.066388e-01
5.485716e-01	8.347725e-01	-3.041953e-01
4.882472e-01	7.429782e-01	-1.452948e-01
5.914830e-01	7.390818e-01	-1.232496e-01
4.787465e-01	5.950264e-01	-1.361103e-01
5.944397e-01	5.869680e-01	-8.432426e-02
4.759487e-01	4.673840e-01	-2.437580e-01
5.995347e-01	4.494406e-01	-1.857161e-01
4.714694e-01	4.205781e-01	-2.851062e-01
6.041337e-01	4.078832e-01	-2.233855e-01
4.792018e-01	4.210462e-01	-3.157470e-01
5.975552e-01	4.077066e-01	-2.601272e-01
4.851899e-01	4.360265e-01	-2.593997e-01
5.927851e-01	4.219403e-01	-2.036542e-01
5.070749e-01	4.581876e-01	-7.092167e-03
5.621775e-01	4.596507e-01	7.169613e-03
4.916572e-01	2.882736e-01	2.797317e-02
5.804449e-01	2.893815e-01	7.514928e-02
4.904547e-01	1.432450e-01	2.828978e-01
5.812023e-01	1.395644e-01	3.296622e-01
4.960872e-01	1.233318e-01	3.003305e-01
5.753214e-01	1.200829e-01	3.475104e-01
4.781089e-01	7.211091e-02	1.771656e-01
6.028892e-01	7.120761e-02	2.240026e-01
5.413866e-01	8.579293e-01	-3.572094e-01
5.348843e-01	8.780501e-01	-3.384327e-01
5.302918e-01	8.780270e-01	-3.384375e-01
5.260630e-01	8.773226e-01	-3.383451e-01
5.472718e-01	8.775697e-01	-3.366068e-01
5.517138e-01	8.771809e-01	-3.366801e-01
5.558916e-01	8.760497e-01	-3.366026e-01
5.206290e-01	8.668932e-01	-2.193006e-01
5.608009e-01	8.649477e-01	-2.101118e-01
5.331532e-01	8.360078e-01	-3.120441e-01
5.486496e-01	8.350772e-01	-3.091858e-01
4.882525e-01	7.430715e-01	-1.521327e-01
5.914694e-01	7.390447e-01	-1.238185e-01
4.784917e-01	5.949311e-01	-1.433363e-01
5.962695e-01	5.877025e-01	-8.563998e-02
4.753257e-01	4.640046e-01	-2.506596e-01
6.015947e-01	4.494006e-01	-1.861452e-01
4.711294e-01	4.187237e-01	-2.923288e-01
6.056519e-01	4.075693e-01	-2.245080e-01
4.791919e-01	4.193593e-01	-3.226615e-01
5.985937e-01	4.076917e-01	-2.606708e-01
4.850853e-01	4.334743e-01	-2.661569e-01
5.940864e-01	4.219370e-01	-2.038427e-01
5.069485e-01	4.594315e-01	-8.410717e-03
5.625792e-01	4.597557e-01	8.498064e-03
4.920482e-01	2.885492e-01	2.659230e-02
5.805199e-01	2.886483e-01	8.017703e-02
4.903221e-01	1.435660e-01	2.861534e-01
5.811721e-01	1.395573e-01	3.396548e-01
4.952336e-01	1.256773e-01	3.047356e-01
5.750018e-01	1.206842e-01	3.580372e-01
4.785583e-01	7.300642e-02	1.839374e-01
6.028888e-01	7.303763e-02	2.345894e-01
5.418305e-01	8.587107e-01	-3.565317e-01
5.353706e-01	8.789520e-01	-3.375285e-01
5.308775e-01	8.790546e-01	-3.375352e-01
5.264975e-01	8.784124e-01	-3.374445e-01
5.477475e-01	8.782720e-01	-3.358310e-01
5.522740e-01	8.778471e-01	-3.359030e-01
5.564398e-01	8.766224e-01	-3.358244e-01
5.210697e-01	8.678728e-01	-2.179881e-01
5.609645e-01	8.650834e-01	-2.091214e-01
5.333993e-01	8.370435e-01	-3.111328e-01
5.487936e-01	8.355075e-01	-3.083838e-01
4.882815e-01	7.431951e-01	-1.490358e-01
5.913519e-01	7.390966e-01	-1.209416e-01
4.783248e-01	5.953245e-01	-1.445973e-01
5.970347e-01	5.894452e-01	-8.436261e-02
4.740597e-01	4.642582e-01	-2.664111e-01
6.032065e-01	4.500841e-01	-1.865915e-01
4.699894e-01	4.199799e-01	-3.100282e-01
6.073028e-01	4.078777e-01	-2.251190e-01
4.785135e-01	4.213161e-01	-3.404372e-01
5.995865e-01	4.082025e-01	-2.610103e-01
4.839501e-01	4.341518e-01	-2.823148e-01
5.950990e-01	4.223490e-01	-2.041604e-01
5.069677e-01	4.620006e-01	-8.299245e-03
5.631798e-01	4.611033e-01	8.392983e-03
4.924499e-01	2.902369e-01	2.198465e-02
5.814810e-01	2.886476e-01	7.963032e-02
4.903277e-01	1.445616e-01	2.844408e-01
5.811875e-01	1.398006e-01	3.368818e-01
4.951106e-01	1.280944e-01	3.034567e-01
5.748897e-01	1.219688e-01	3.551223e-01
4.791406e-01	7.511584e-02	1.829761e-01
6.028803e-01	7.438009e-02	2.320477e-01
5.424599e-01	8.592355e-01	-3.657824e-01
5.358635e-01	8.796329e-01	-3.469347e-01
5.314424e-01	8.798019e-01	-3.469422e-01
5.268983e-01	8.792016e-01	-3.468498e-01
5.484186e-01	8.788549e-01	-3.450086e-01
5.531247e-01	8.783419e-01	-3.450838e-01
5.571475e-01	8.771131e-01	-3.449974e-01
5.215557e-01	8.684868e-01	-2.254375e-01
5.616310e-01	8.652153e-01	-2.159572e-01
5.337746e-01	8.374423e-01	-3.195125e-01
5.493549e-01	8.356855e-01	-3.166119e-01
4.886365e-01	7.431960e-01	-1.510009e-01
5.914200e-01	7.394017e-01	-1.263162e-01
4.776947e-01	5.951840e-01	-1.408530e-01
6.010004e-01	5.909316e-01	-9.000021e-02
4.733627e-01	4.594883e-01	-2.529252e-01
6.058903e-01	4.502693e-01	-1.967430e-01
4.694203e-01	4.169919e-01	-2.947845e-01
6.097683e-01	4.078831e-01	-2.350914e-01
4.780861e-01	4.169519e-01	-3.240590e-01
6.014791e-01	4.080826e-01	-2.713234e-01
4.831320e-01	4.297276e-01	-2.678141e-01
5.971091e-01	4.222631e-01	-2.144014e-01
5.083290e-01	4.619946e-01	-8.104395e-03
5.651319e-01	4.610984e-01	8.205324e-03
4.931472e-01	2.905212e-01	2.762237e-02
5.822340e-01	2.886039e-01	8.613659e-02
4.905025e-01	1.466072e-01	3.003547e-01
5.813864e-01	1.405262e-01	3.571365e-01
4.952262e-01	1.314767e-01	3.200242e-01
5.750087e-01	1.235873e-01	3.768939e-01
4.793841e-01	7.742049e-02	2.012391e-01
6.028714e-01	7.570955e-02	2.539023e-01
5.432230e-01	8.593478e-01	-3.768551e-01
5.364921e-01	8.798940e-01	-3.582728e-01
5.322127e-01	8.800818e-01	-3.582785e-01
5.274723e-01	8.795261e-01	-3.581897e-01
5.492216e-01	8.790742e-01	-3.568727e-01
5.540869e-01	8.784730e-01	-3.569482e-01
5.578638e-01	8.772635e-01	-3.568653e-01
5.223065e-01	8.686638e-01	-2.358366e-01
5.625445e-01	8.652186e-01	-2.285243e-01
5.342621e-01	8.375118e-01	-3.300069e-01
5.500907e-01	8.356916e-01	-3.277369e-01
4.892778e-01	7.423112e-01	-1.553322e-01
5.917982e-01	7.393990e-01	-1.402746e-01
4.767192e-01	5.926278e-01	-1.396037e-01
6.028720e-01	5.913222e-01	-1.036784e-01
4.706624e-01	4.560249e-01	-2.402429e-01
6.075568e-01	4.501018e-01	-2.079439e-01
4.654880e-01	4.139253e-01	-2.793417e-01
6.125799e-01	4.074690e-01	-2.456952e-01
4.726578e-01	4.130725e-01	-3.110538e-01
6.049461e-01	4.067983e-01	-2.829950e-01
4.782507e-01	4.264767e-01	-2.562185e-01
6.000828e-01	4.210809e-01	-2.261753e-01
5.095382e-01	4.619148e-01	-7.123495e-03
5.663121e-01	4.607615e-01	7.217904e-03
4.939989e-01	2.911158e-01	3.146282e-02
5.832133e-01	2.885094e-01	8.836403e-02
4.907123e-01	1.469074e-01	3.080769e-01
5.821375e-01	1.420352e-01	3.680050e-01
4.953322e-01	1.321505e-01	3.277211e-01
5.757629e-01	1.256472e-01	3.884342e-01
4.798586e-01	7.815472e-02	2.045850e-01
6.028739e-01	7.662908e-02	2.623899e-01
5.435135e-01	8.592953e-01	-3.774702e-01
5.367350e-01	8.798583e-01	-3.582923e-01
5.325159e-01	8.800356e-01	-3.583037e-01
5.277189e-01	8.794795e-01	-3.582202e-01
5.494545e-01	8.790602e-01	-3.576226e-01
5.543810e-01	8.784596e-01	-3.576896e-01
5.581105e-01	8.772587e-01	-3.576070e-01
5.227144e-01	8.686531e-01	-2.348517e-01
5.629687e-01	8.651514e-01	-2.304163e-01
5.345439e-01	8.374275e-01	-3.304021e-01
5.504079e-01	8.354798e-01	-3.289725e-01
4.895531e-01	7.420632e-01	-1.547891e-01
5.923673e-01	7.392136e-01	-1.441649e-01
4.743167e-01	5.923237e-01	-1.382296e-01
6.040659e-01	5.915782e-01	-1.102006e-01
4.639837e-01	4.601276e-01	-2.478220e-01
6.092533e-01	4.518193e-01	-2.154448e-01
4.590197e-01	4.162665e-01	-2.880250e-01
6.155706e-01	4.090329e-01	-2.540510e-01
4.639685e-01	4.166445e-01	-3.214349e-01
6.082550e-01	4.086046e-01	-2.917129e-01
4.697793e-01	4.288497e-01	-2.649746e-01
6.027154e-01	4.226506e-01	-2.340829e-01
5.100897e-01	4.618523e-01	-6.233882e-03
5.668440e-01	4.605404e-01	6.328807e-03
4.942705e-01	2.922284e-01	3.109324e-02
5.836355e-01	2.889324e-01	8.658037e-02
4.908168e-01	1.478247e-01	3.028572e-01
5.824438e-01	1.429990e-01	3.604531e-01
4.953867e-01	1.330015e-01	3.217893e-01
5.762019e-01	1.265935e-01	3.801878e-01
4.801525e-01	7.902738e-02	2.004190e-01
6.028754e-01	7.766378e-02	2.541502e-01
5.436526e-01	8.592833e-01	-3.834981e-01
5.368843e-01	8.798326e-01	-3.641902e-01
5.326987e-01	8.800040e-01	-3.642105e-01
5.278959e-01	8.794493e-01	-3.641375e-01
5.495582e-01	8.790520e-01	-3.644986e-01
5.544866e-01	8.784505e-01	-3.645520e-01
5.582200e-01	8.772539e-01	-3.644707e-01
5.230690e-01	8.686439e-01	-2.378606e-01
5.632349e-01	8.651459e-01	-2.374016e-01
5.347687e-01	8.374113e-01	-3.350986e-01
5.505883e-01	8.354539e-01	-3.348233e-01
4.902871e-01	7.420822e-01	-1.536585e-01
5.930726e-01	7.392195e-01	-1.502599e-01
4.721858e-01	5.937482e-01	-1.373468e-01
6.056286e-01	5.919541e-01	-1.181898e-01
4.561571e-01	4.745846e-01	-2.610858e-01
6.132982e-01	4.566912e-01	-2.240406e-01
4.498503e-01	4.305711e-01	-3.011245e-01
6.197417e-01	4.133989e-01	-2.620873e-01
4.531671e-01	4.307208e-01	-3.376780e-01
6.138326e-01	4.139746e-01	-3.022244e-01
4.592325e-01	4.450372e-01	-2.800003e-01
6.083187e-01	4.276825e-01	-2.438156e-01
5.119650e-01	4.623020e-01	-3.772226e-03
5.686899e-01	4.606554e-01	3.854179e-03
4.942559e-01	2.930769e-01	2.590586e-02
5.850819e-01	2.896529e-01	7.108051e-02
4.908844e-01	1.483987e-01	2.942027e-01
5.827044e-01	1.435272e-01	3.496328e-01
4.955989e-01	1.335960e-01	3.122973e-01
5.764642e-01	1.271911e-01	3.691600e-01
4.801914e-01	7.957252e-02	1.819551e-01
6.028841e-01	7.828890e-02	2.370063e-01
5.438529e-01	8.592558e-01	-3.832029e-01
5.370224e-01	8.798088e-01	-3.642003e-01
5.328638e-01	8.799744e-01	-3.642286e-01
5.280467e-01	8.794222e-01	-3.641598e-01
5.497079e-01	8.790434e-01	-3.636733e-01
5.546767e-01	8.784416e-01	-3.637222e-01
5.583931e-01	8.772503e-01	-3.636429e-01
5.233302e-01	8.686383e-01	-2.393086e-01
5.634838e-01	8.651416e-01	-2.352359e-01
5.349830e-01	8.373417e-01	-3.354287e-01
5.508030e-01	8.353919e-01	-3.340878e-01
4.903928e-01	7.420313e-01	-1.548479e-01
5.932652e-01	7.395060e-01	-1.464814e-01
4.700771e-01	5.948626e-01	-1.373579e-01
6.088028e-01	5.943084e-01	-1.128317e-01
4.484069e-01	4.809522e-01	-2.571883e-01
6.219595e-01	4.664709e-01	-2.173387e-01
4.414588e-01	4.371376e-01	-2.965600e-01
6.278389e-01	4.209490e-01	-2.607143e-01
4.441122e-01	4.347381e-01	-3.320359e-01
6.225988e-01	4.219239e-01	-2.943881e-01
4.495630e-01	4.487144e-01	-2.757000e-01
6.172947e-01	4.370250e-01	-2.358962e-01
5.134066e-01	4.636558e-01	-3.791228e-03
5.697883e-01	4.614034e-01	3.872381e-03
4.942656e-01	2.937200e-01	1.901902e-02
5.878690e-01	2.900482e-01	5.750821e-02
4.909555e-01	1.484599e-01	2.768227e-01
5.828357e-01	1.437691e-01	3.171837e-01
4.956622e-01	1.335936e-01	2.939151e-01
5.765542e-01	1.273013e-01	3.344627e-01
4.802137e-01	7.966974e-02	1.646761e-01
6.030034e-01	7.898939e-02	2.048546e-01
5.438458e-01	8.567248e-01	-3.692009e-01
5.370354e-01	8.770093e-01	-3.503466e-01
5.328754e-01	8.770824e-01	-3.503895e-01
5.280989e-01	8.768730e-01	-3.503168e-01
5.496953e-01	8.765307e-01	-3.506921e-01
5.546547e-01	8.760189e-01	-3.507194e-01
5.583735e-01	8.751536e-01	-3.506534e-01
5.234878e-01	8.675680e-01	-2.241728e-01
5.634841e-01	8.643494e-01	-2.235386e-01
5.350541e-01	8.350858e-01	-3.206272e-01
5.507978e-01	8.335637e-01	-3.202166e-01
4.909566e-01	7.425268e-01	-1.385809e-01
5.934144e-01	7.400585e-01	-1.300132e-01
4.684059e-01	6.078828e-01	-1.265369e-01
6.114611e-01	6.016607e-01	-9.141425e-02
4.429528e-01	5.014623e-01	-2.548527e-01
6.286353e-01	4.794670e-01	-1.920006e-01
4.340532e-01	4.627865e-01	-2.956105e-01
6.355641e-01	4.350654e-01	-2.255556e-01
4.362080e-01	4.600955e-01	-3.309107e-01
6.308234e-01	4.357373e-01	-2.650555e-01
4.427409e-01	4.737279e-01	-2.728768e-01
6.250028e-01	4.510551e-01	-2.115565e-01
5.141273e-01	4.651209e-01	-3.977519e-03
5.700864e-01	4.628314e-01	4.051358e-03
4.943567e-01	2.939976e-01	1.746961e-02
5.891925e-01	2.909098e-01	4.886969e-02
4.909751e-01	1.484537e-01	2.538809e-01
5.828322e-01	1.441963e-01	2.912791e-01
4.957301e-01	1.335727e-01	2.690085e-01
5.765015e-01	1.275933e-01	3.070875e-01
4.802107e-01	7.975136e-02	1.423128e-01
6.032077e-01	7.958560e-02	1.821947e-01
5.438553e-01	8.511919e-01	-3.153564e-01
5.370407e-01	8.711767e-01	-2.947100e-01
5.328764e-01	8.711300e-01	-2.947478e-01
5.281600e-01	8.711902e-01	-2.946637e-01
5.496888e-01	8.707464e-01	-2.952549e-01
5.545943e-01	8.704013e-01	-2.952780e-01
5.583652e-01	8.700095e-01	-2.951695e-01
5.235624e-01	8.636580e-01	-1.703847e-01
5.634641e-01	8.613581e-01	-1.715606e-01
5.351419e-01	8.297189e-01	-2.687331e-01
5.507947e-01	8.291078e-01	-2.688273e-01
4.914667e-01	7.425079e-01	-9.521276e-02
5.933975e-01	7.404191e-01	-9.156175e-02
4.651904e-01	6.181522e-01	-9.563331e-02
6.139847e-01	6.111702e-01	-7.100256e-02
4.364972e-01	5.114132e-01	-2.384319e-01
6.326084e-01	4.967222e-01	-1.859412e-01
4.251823e-01	4.736988e-01	-2.783067e-01
6.407014e-01	4.540721e-01	-2.240347e-01
4.271229e-01	4.708196e-01	-3.153343e-01
6.353526e-01	4.549441e-01	-2.613155e-01
4.341173e-01	4.847515e-01	-2.579684e-01
6.287118e-01	4.700570e-01	-2.052572e-01
5.140743e-01	4.658605e-01	-3.129950e-03
5.698696e-01	4.641664e-01	3.223025e-03
4.943460e-01	2.939617e-01	1.957299e-02
5.895943e-01	2.918299e-01	4.570983e-02
4.910049e-01	1.485414e-01	2.448225e-01
5.828301e-01	1.443356e-01	2.713183e-01
4.957787e-01	1.336512e-01	2.591578e-01
5.763984e-01	1.276243e-01	2.849256e-01
4.799558e-01	8.040801e-02	1.389844e-01
6.033045e-01	8.029646e-02	1.622957e-01
5.435721e-01	8.469943e-01	-2.907347e-01
5.367891e-01	8.667534e-01	-2.683342e-01
5.324740e-01	8.667457e-01	-2.683864e-01
5.280445e-01	8.666111e-01	-2.683255e-01
5.493743e-01	8.663228e-01	-2.706811e-01
5.540847e-01	8.661523e-01	-2.706824e-01
5.581092e-01	8.656955e-01	-2.705427e-01
5.235195e-01	8.587812e-01	-1.382648e-01
5.633829e-01	8.577690e-01	-1.480531e-01
5.351042e-01	8.247811e-01	-2.423560e-01
5.506205e-01	8.247681e-01	-2.449348e-01
4.926086e-01	7.422022e-01	-6.540877e-02
5.933923e-01	7.406136e-01	-6.924977e-02
4.635343e-01	6.355304e-01	-6.070645e-02
6.150176e-01	6.165819e-01	-7.356735e-02
4.327044e-01	5.394340e-01	-2.067275e-01
6.366833e-01	5.176971e-01	-2.233931e-01
4.197941e-01	5.036548e-01	-2.468330e-01
6.463298e-01	4.775981e-01	-2.711102e-01
4.213663e-01	5.017699e-01	-2.859333e-01
6.424563e-01	4.793034e-01	-3.053715e-01
4.278746e-01	5.136482e-01	-2.272474e-01
6.361483e-01	4.938565e-01	-2.435631e-01
5.139315e-01	4.657909e-01	-1.275204e-03
5.697278e-01	4.641221e-01	1.386843e-03
4.942619e-01	2.921598e-01	1.357363e-02
5.898644e-01	2.897873e-01	3.912992e-02
4.909908e-01	1.485183e-01	2.544016e-01
5.828301e-01	1.442969e-01	2.813811e-01
4.958202e-01	1.336727e-01	2.706564e-01
5.763820e-01	1.276365e-01	2.966126e-01
4.798492e-01	8.101709e-02	1.503593e-01
6.032873e-01	8.101800e-02	1.734756e-01
5.421020e-01	8.317010e-01	-2.700385e-01
5.359622e-01	8.526338e-01	-2.478001e-01
5.315911e-01	8.530374e-01	-2.478678e-01
5.276554e-01	8.533804e-01	-2.478193e-01
5.483004e-01	8.519151e-01	-2.492674e-01
5.525129e-01	8.519072e-01	-2.492553e-01
5.569131e-01	8.517183e-01	-2.491193e-01
5.231565e-01	8.479990e-01	-1.134202e-01
5.625695e-01	8.464946e-01	-1.195396e-01
5.345449e-01	8.122077e-01	-2.198605e-01
5.494114e-01	8.126538e-01	-2.212304e-01
4.933091e-01	7.417957e-01	-3.226285e-02
5.926023e-01	7.406501e-01	-3.291921e-02
4.638264e-01	6.461189e-01	2.569757e-03
6.163313e-01	6.284879e-01	-4.263039e-02
4.320073e-01	5.683208e-01	-1.094268e-01
6.392672e-01	5.491587e-01	-2.172961e-01
4.180078e-01	5.384191e-01	-1.420650e-01
6.501507e-01	5.108645e-01	-2.634212e-01
4.184621e-01	5.376476e-01	-1.853256e-01
6.459280e-01	5.150030e-01	-2.974035e-01
4.253418e-01	5.472367e-01	-1.305406e-01
6.396326e-01	5.287811e-01	-2.372960e-01
5.136723e-01	4.656452e-01	-1.024691e-03
5.691906e-01	4.636875e-01	1.161219e-03
4.942200e-01	2.921507e-01	3.423799e-04
5.896749e-01	2.893876e-01	2.700849e-02
4.908065e-01	1.472063e-01	2.043183e-01
5.828528e-01	1.432994e-01	2.353650e-01
4.956747e-01	1.317947e-01	2.162108e-01
5.764028e-01	1.271320e-01	2.462394e-01
4.793990e-01	8.151174e-02	9.073088e-02
6.032832e-01	8.095854e-02	1.188085e-01
5.414327e-01	8.230888e-01	-2.645918e-01
5.354906e-01	8.444265e-01	-2.459039e-01
5.310237e-01	8.443424e-01	-2.459760e-01
5.273474e-01	8.440475e-01	-2.459411e-01
5.477754e-01	8.445556e-01	-2.455531e-01
5.517579e-01	8.447271e-01	-2.455474e-01
5.563715e-01	8.444883e-01	-2.454180e-01
5.224130e-01	8.372831e-01	-1.196624e-01
5.620936e-01	8.379260e-01	-1.173247e-01
5.342260e-01	8.032450e-01	-2.168366e-01
5.489111e-01	8.046067e-01	-2.157678e-01
4.929632e-01	7.325451e-01	-4.389187e-02
5.923510e-01	7.363484e-01	-2.307599e-02
4.616999e-01	6.460362e-01	-5.331508e-02
6.185628e-01	6.352942e-01	1.040534e-02
4.351355e-01	5.950908e-01	-2.131772e-01
6.414922e-01	5.720921e-01	-1.086221e-01
4.226894e-01	5.768108e-01	-2.532841e-01
6.516923e-01	5.414878e-01	-1.475367e-01
4.238593e-01	5.796782e-01	-2.919942e-01
6.479746e-01	5.445500e-01	-1.731073e-01
4.313274e-01	5.898346e-01	-2.337136e-01
6.406046e-01	5.601963e-01	-1.246031e-01
5.121261e-01	4.570608e-01	-2.039417e-03
5.687896e-01	4.529643e-01	2.264722e-03
4.942098e-01	2.890124e-01	4.447875e-03
5.905307e-01	2.852270e-01	3.250713e-02
4.904786e-01	1.453643e-01	2.230258e-01
5.830468e-01	1.412679e-01	2.695846e-01
4.951323e-01	1.300280e-01	2.287597e-01
5.764989e-01	1.258569e-01	2.841180e-01
4.793966e-01	8.163876e-02	1.086292e-01
6.033014e-01	8.081380e-02	1.581915e-01
5.410373e-01	8.056572e-01	-2.815100e-01
5.351845e-01	8.268740e-01	-2.618065e-01
5.305849e-01	8.270774e-01	-2.618800e-01
5.270568e-01	8.270197e-01	-2.618479e-01
5.475620e-01	8.270857e-01	-2.615262e-01
5.515457e-01	8.278510e-01	-2.615482e-01
5.561560e-01	8.283888e-01	-2.614242e-01
5.219151e-01	8.231305e-01	-1.283990e-01
5.619708e-01	8.242111e-01	-1.276024e-01
5.339177e-01	7.850339e-01	-2.309156e-01
5.486807e-01	7.859339e-01	-2.303220e-01
4.927823e-01	7.247451e-01	-5.998730e-02
5.923479e-01	7.263173e-01	-4.166510e-02
4.519346e-01	6.387103e-01	-1.928549e-01
6.224628e-01	6.329030e-01	-1.345786e-01
4.363850e-01	6.272839e-01	-4.772901e-01
6.430184e-01	5.791737e-01	-3.999855e-01
4.346383e-01	6.295136e-01	-5.401350e-01
6.519581e-01	5.548316e-01	-4.615131e-01
4.453445e-01	6.448142e-01	-5.526854e-01
6.475849e-01	5.621746e-01	-4.760733e-01
4.491316e-01	6.432127e-01	-4.900407e-01
6.406113e-01	5.709974e-01	-4.157109e-01
5.109230e-01	4.416608e-01	-2.056999e-03
5.687591e-01	4.379446e-01	2.284843e-03
4.942974e-01	2.787548e-01	7.068809e-03
5.937817e-01	2.731411e-01	1.906874e-02
4.904819e-01	1.413998e-01	2.895599e-01
5.833994e-01	1.396082e-01	2.714543e-01
4.951158e-01	1.263474e-01	3.112905e-01
5.765508e-01	1.255059e-01	2.962291e-01
4.793577e-01	8.124305e-02	1.931038e-01
6.032439e-01	7.954298e-02	1.706043e-01
5.409474e-01	7.943089e-01	-2.790796e-01
5.351407e-01	8.147438e-01	-2.593774e-01
5.304572e-01	8.147804e-01	-2.594334e-01
5.269684e-01	8.146432e-01	-2.593805e-01
5.475298e-01	8.157250e-01	-2.606311e-01
5.515282e-01	8.168555e-01	-2.606698e-01
5.561172e-01	8.174466e-01	-2.605427e-01
5.219029e-01	8.111923e-01	-1.289360e-01
5.619566e-01	8.133355e-01	-1.350783e-01
5.338975e-01	7.726212e-01	-2.294481e-01
5.486364e-01	7.739199e-01	-2.310408e-01
4.930217e-01	7.132617e-01	-5.864207e-02
5.924520e-01	7.174576e-01	-5.933238e-02
4.463409e-01	6.351858e-01	-2.002443e-01
6.318434e-01	6.291513e-01	-2.048816e-01
4.427378e-01	6.426792e-01	-4.624632e-01
6.397446e-01	6.210628e-01	-4.696912e-01
4.448113e-01	6.480605e-01	-5.215622e-01
6.450872e-01	6.061655e-01	-5.325587e-01
4.560477e-01	6.591229e-01	-5.255374e-01
6.367930e-01	6.228845e-01	-5.324003e-01
4.598611e-01	6.550785e-01	-4.716369e-01
6.347350e-01	6.257119e-01	-4.785677e-01
5.109724e-01	4.282669e-01	-1.344890e-03
5.693288e-01	4.251674e-01	1.572318e-03
4.943005e-01	2.726710e-01	8.473115e-03
5.958913e-01	2.647507e-01	2.878850e-02
4.904801e-01	1.361854e-01	2.852380e-01
5.837723e-01	1.365638e-01	3.095878e-01
4.950231e-01	1.215600e-01	3.061900e-01
5.765728e-01	1.236648e-01	3.322840e-01
4.792622e-01	7.994675e-02	1.919057e-01
6.034173e-01	7.781342e-02	2.155414e-01
5.407556e-01	7.885224e-01	-2.777683e-01
5.350281e-01	8.085686e-01	-2.576222e-01
5.302854e-01	8.085141e-01	-2.576465e-01
5.268552e-01	8.081766e-01	-2.575565e-01
5.474136e-01	8.092314e-01	-2.599935e-01
5.514222e-01	8.101399e-01	-2.600416e-01
5.559896e-01	8.106637e-01	-2.599365e-01
5.218226e-01	8.031543e-01	-1.280879e-01
5.619407e-01	8.053306e-01	-1.385817e-01
5.338211e-01	7.662572e-01	-2.283660e-01
5.485231e-01	7.672495e-01	-2.313171e-01
4.934877e-01	7.052649e-01	-5.202975e-02
5.927280e-01	7.065128e-01	-6.596110e-02
4.405530e-01	6.358830e-01	-1.890076e-01
6.433462e-01	6.259101e-01	-2.152842e-01
4.453498e-01	6.464643e-01	-4.431847e-01
6.330704e-01	6.440572e-01	-4.610046e-01
4.506596e-01	6.502111e-01	-4.973291e-01
6.255711e-01	6.408893e-01	-5.194986e-01
4.604897e-01	6.602670e-01	-4.953645e-01
6.164314e-01	6.580188e-01	-5.083946e-01
4.626529e-01	6.581420e-01	-4.497216e-01
6.165955e-01	6.574690e-01	-4.633778e-01
5.107833e-01	4.172412e-01	-1.083356e-03
5.694028e-01	4.128208e-01	1.295714e-03
4.934110e-01	2.647999e-01	8.987387e-03
5.966777e-01	2.534931e-01	4.121888e-02
4.904820e-01	1.330171e-01	2.999720e-01
5.841990e-01	1.311011e-01	3.551395e-01
4.950702e-01	1.195695e-01	3.232583e-01
5.767823e-01	1.200449e-01	3.796602e-01
4.789026e-01	7.880041e-02	2.151493e-01
6.040720e-01	7.361075e-02	2.679723e-01
5.389988e-01	7.698728e-01	-2.637107e-01
5.331584e-01	7.906408e-01	-2.455131e-01
5.288630e-01	7.909463e-01	-2.455339e-01
5.254452e-01	7.911379e-01	-2.454619e-01
5.459444e-01	7.912794e-01	-2.483609e-01
5.499530e-01	7.920322e-01	-2.484061e-01
5.542706e-01	7.924920e-01	-2.483075e-01
5.205839e-01	7.881488e-01	-1.188495e-01
5.608121e-01	7.883263e-01	-1.314738e-01
5.323730e-01	7.491140e-01	-2.144851e-01
5.472075e-01	7.503192e-01	-2.179358e-01
4.934443e-01	6.962422e-01	-4.652414e-02
5.922529e-01	6.968117e-01	-6.658033e-02
4.395221e-01	6.426108e-01	-1.919609e-01
6.402774e-01	6.290635e-01	-2.181836e-01
4.517185e-01	6.539535e-01	-4.291658e-01
6.270486e-01	6.514422e-01	-4.533068e-01
4.588776e-01	6.525804e-01	-4.806084e-01
6.179783e-01	6.487912e-01	-5.098594e-01
4.686032e-01	6.577438e-01	-4.778384e-01
6.111319e-01	6.601308e-01	-4.983631e-01
4.698467e-01	6.571730e-01	-4.349649e-01
6.097848e-01	6.609288e-01	-4.560049e-01
5.106071e-01	4.039102e-01	-1.036089e-03
5.693546e-01	4.015261e-01	1.229047e-03
4.931111e-01	2.572182e-01	2.573426e-02
5.960338e-01	2.474134e-01	7.688325e-02
4.904842e-01	1.298971e-01	3.109266e-01
5.846226e-01	1.289508e-01	3.780199e-01
4.950777e-01	1.160721e-01	3.338273e-01
5.768822e-01	1.172757e-01	4.016112e-01
4.779896e-01	7.612286e-02	2.268996e-01
6.046644e-01	7.165974e-02	2.908547e-01
5.378908e-01	7.562107e-01	-2.604074e-01
5.319206e-01	7.780711e-01	-2.434210e-01
5.278773e-01	7.780305e-01	-2.434341e-01
5.244298e-01	7.781107e-01	-2.433594e-01
5.449139e-01	7.787142e-01	-2.463834e-01
5.489403e-01	7.791196e-01	-2.464302e-01
5.530466e-01	7.794005e-01	-2.463156e-01
5.196799e-01	7.733281e-01	-1.197413e-01
5.597672e-01	7.735941e-01	-1.330395e-01
5.313367e-01	7.360398e-01	-2.118130e-01
5.461950e-01	7.373859e-01	-2.154003e-01
4.936326e-01	6.872193e-01	-5.544499e-02
5.904630e-01	6.886874e-01	-1.016796e-01
4.437757e-01	6.535673e-01	-2.856572e-01
6.376371e-01	6.452536e-01	-3.415527e-01
4.567416e-01	6.520044e-01	-5.551850e-01
6.241569e-01	6.491899e-01	-6.313283e-01
4.609540e-01	6.480322e-01	-6.164590e-01
6.215418e-01	6.436026e-01	-6.998107e-01
4.711324e-01	6.513438e-01	-6.120070e-01
6.138815e-01	6.475973e-01	-6.939576e-01
4.726299e-01	6.506985e-01	-5.626547e-01
6.107690e-01	6.480408e-01	-6.402927e-01
5.105748e-01	3.887431e-01	4.079801e-03
5.694974e-01	3.888078e-01	-3.964046e-03
4.931224e-01	2.403218e-01	2.484590e-02
5.985515e-01	2.365381e-01	4.901101e-02
4.904671e-01	1.265050e-01	3.332741e-01
5.852755e-01	1.288486e-01	3.573114e-01
4.949717e-01	1.134470e-01	3.591218e-01
5.768976e-01	1.171742e-01	3.817610e-01
4.779606e-01	7.233965e-02	2.578308e-01
6.049514e-01	7.012957e-02	2.696554e-01
5.375868e-01	7.330497e-01	-2.325151e-01
5.313631e-01	7.545881e-01	-2.179719e-01
5.273722e-01	7.548254e-01	-2.179876e-01
5.239079e-01	7.551866e-01	-2.179467e-01
5.443766e-01	7.568368e-01	-2.190700e-01
5.483963e-01	7.580956e-01	-2.190980e-01
5.524405e-01	7.588885e-01	-2.189686e-01
5.195603e-01	7.546289e-01	-1.025012e-01
5.595714e-01	7.542413e-01	-1.082228e-01
5.311556e-01	7.160835e-01	-1.862206e-01
5.458881e-01	7.179123e-01	-1.874457e-01
4.936451e-01	6.780156e-01	-6.129379e-02
5.878916e-01	6.761600e-01	-9.875075e-02
4.457459e-01	6.519871e-01	-2.859845e-01
6.243638e-01	6.505736e-01	-3.104786e-01
4.627981e-01	6.486009e-01	-5.168824e-01
6.207261e-01	6.513175e-01	-5.837426e-01
4.651375e-01	6.434127e-01	-5.695736e-01
6.232983e-01	6.454810e-01	-6.435700e-01
4.773822e-01	6.459203e-01	-5.620868e-01
6.152960e-01	6.450519e-01	-6.411311e-01
4.792098e-01	6.433789e-01	-5.215015e-01
6.106696e-01	6.441748e-01	-5.936844e-01
5.106041e-01	3.730829e-01	3.793484e-03
5.700234e-01	3.762805e-01	-3.697564e-03
4.933799e-01	2.205693e-01	-3.825205e-03
6.012114e-01	2.258499e-01	-1.951274e-02
4.904416e-01	1.265766e-01	3.241360e-01
5.855733e-01	1.294364e-01	3.028397e-01
4.949849e-01	1.136411e-01	3.524875e-01
5.768723e-01	1.172316e-01	3.327650e-01
4.781174e-01	7.261526e-02	2.692382e-01
6.049471e-01	6.931075e-02	2.561441e-01
5.376846e-01	7.175602e-01	-2.005027e-01
5.314311e-01	7.375944e-01	-1.884524e-01
5.273640e-01	7.373310e-01	-1.884575e-01
5.238867e-01	7.372517e-01	-1.884167e-01
5.444420e-01	7.403991e-01	-1.889739e-01
5.484706e-01	7.415810e-01	-1.889944e-01
5.525476e-01	7.424192e-01	-1.888709e-01
5.195540e-01	7.371182e-01	-8.285687e-02
5.596052e-01	7.383126e-01	-8.547448e-02
5.312062e-01	7.004152e-01	-1.574352e-01
5.459173e-01	7.024021e-01	-1.578559e-01
4.941198e-01	6.675329e-01	-4.337124e-02
5.857571e-01	6.644061e-01	-6.671225e-02
4.577653e-01	6.496781e-01	-2.279275e-01
6.163021e-01	6.465268e-01	-2.409939e-01
4.659770e-01	6.406146e-01	-4.373631e-01
6.177680e-01	6.436912e-01	-4.682796e-01
4.644626e-01	6.356583e-01	-4.595041e-01
6.236330e-01	6.431351e-01	-5.308205e-01
4.770474e-01	6.354915e-01	-4.505630e-01
6.153331e-01	6.410740e-01	-5.742136e-01
4.792293e-01	6.334648e-01	-4.333980e-01
6.102411e-01	6.381474e-01	-4.809695e-01
5.105994e-01	3.601307e-01	4.773223e-03
5.700874e-01	3.630199e-01	-4.698605e-03
4.936854e-01	2.161924e-01	-9.605285e-03
6.010534e-01	2.132071e-01	-5.278560e-03
4.903926e-01	1.274799e-01	3.124447e-01
5.858960e-01	1.273448e-01	3.086649e-01
4.950452e-01	1.142249e-01	3.454264e-01
5.768548e-01	1.156145e-01	3.354000e-01
4.781229e-01	7.280727e-02	2.475240e-01
6.049417e-01	6.835234e-02	2.637745e-01
5.377785e-01	7.033795e-01	-1.680065e-01
5.314583e-01	7.229488e-01	-1.559786e-01
5.273257e-01	7.224749e-01	-1.559936e-01
5.238075e-01	7.222002e-01	-1.559662e-01
5.444958e-01	7.259744e-01	-1.552025e-01
5.485377e-01	7.270143e-01	-1.552086e-01
5.526143e-01	7.276767e-01	-1.550914e-01
5.195771e-01	7.213380e-01	-5.480555e-02
5.597540e-01	7.220334e-01	-5.193865e-02
5.312179e-01	6.862227e-01	-1.270764e-01
5.459367e-01	6.881475e-01	-1.259736e-01
4.941090e-01	6.495234e-01	-1.715907e-02
5.849056e-01	6.455050e-01	-1.907410e-02
4.631206e-01	6.405046e-01	-1.538521e-01
6.085678e-01	6.444324e-01	-1.361773e-01
4.636447e-01	6.334232e-01	-3.148286e-01
6.183726e-01	6.365171e-01	-3.167313e-01
4.623536e-01	6.268038e-01	-3.404301e-01
6.242388e-01	6.363946e-01	-3.519675e-01
4.728927e-01	6.272743e-01	-3.473491e-01
6.161638e-01	6.344787e-01	-3.556239e-01
4.757222e-01	6.253200e-01	-3.213366e-01
6.110176e-01	6.312553e-01	-3.246764e-01
5.102805e-01	3.481814e-01	4.677721e-03
5.700974e-01	3.532756e-01	-4.571015e-03
4.936676e-01	1.972150e-01	-5.861275e-02
6.013067e-01	1.937937e-01	-6.440474e-02
4.903632e-01	1.280582e-01	2.959323e-01
5.862482e-01	1.278250e-01	2.966099e-01
4.948103e-01	1.204634e-01	3.426275e-01
5.774695e-01	1.194650e-01	3.321033e-01
4.787877e-01	7.287067e-02	2.561854e-01
6.035398e-01	6.800270e-02	2.708591e-01
5.381867e-01	6.870615e-01	-1.330303e-01
5.315888e-01	7.071698e-01	-1.212725e-01
5.273449e-01	7.070785e-01	-1.212741e-01
5.238286e-01	7.069679e-01	-1.212150e-01
5.447257e-01	7.087307e-01	-1.184096e-01
5.487540e-01	7.093590e-01	-1.184260e-01
5.528660e-01	7.096381e-01	-1.182991e-01
5.195631e-01	7.063029e-01	-2.679811e-02
5.597737e-01	7.054816e-01	-1.506294e-02
5.312459e-01	6.698918e-01	-9.490366e-02
5.460344e-01	6.711736e-01	-9.122677e-02
4.936735e-01	6.335341e-01	-1.312631e-03
5.835768e-01	6.368899e-01	1.307258e-02
4.618377e-01	6.162970e-01	-1.554382e-01
6.099988e-01	6.439200e-01	-1.179724e-01
4.636849e-01	6.167505e-01	-3.233277e-01
6.186179e-01	6.311582e-01	-2.992758e-01
4.663293e-01	6.264617e-01	-3.553076e-01
6.246246e-01	6.301653e-01	-3.344348e-01
4.794444e-01	6.226241e-01	-3.519996e-01
6.157226e-01	6.279024e-01	-3.329163e-01
4.803032e-01	6.159493e-01	-3.267460e-01
6.103837e-01	6.243918e-01	-3.056919e-01
5.104119e-01	3.414372e-01	-1.178767e-03
5.706400e-01	3.466989e-01	1.210734e-03
4.936444e-01	1.895563e-01	-8.049083e-02
6.008289e-01	1.790717e-01	-9.285579e-02
4.902459e-01	1.328976e-01	2.767462e-01
5.867283e-01	1.281646e-01	2.619028e-01
4.943976e-01	1.292225e-01	3.175976e-01
5.787447e-01	1.217372e-01	2.982170e-01
4.794402e-01	7.291133e-02	2.532169e-01
6.035420e-01	6.803434e-02	2.618474e-01
5.383385e-01	6.775001e-01	-1.809781e-01
5.317551e-01	6.977901e-01	-1.673128e-01
5.274200e-01	6.980610e-01	-1.673307e-01
5.238572e-01	6.983109e-01	-1.672709e-01
5.448658e-01	6.982572e-01	-1.656572e-01
5.488829e-01	6.985902e-01	-1.656836e-01
5.529521e-01	6.987447e-01	-1.655786e-01
5.197210e-01	6.970533e-01	-6.357581e-02
5.598966e-01	6.942046e-01	-5.737148e-02
5.312674e-01	6.603948e-01	-1.398628e-01
5.460797e-01	6.611550e-01	-1.376588e-01
4.935898e-01	6.245174e-01	-2.804771e-02
5.833152e-01	6.277303e-01	-3.590248e-02
4.618555e-01	6.050055e-01	-2.778477e-01
6.105964e-01	6.390629e-01	-3.041756e-01
4.663033e-01	6.070929e-01	-5.168452e-01
6.170241e-01	6.275423e-01	-5.838848e-01
4.690143e-01	6.171805e-01	-5.663741e-01
6.234301e-01	6.253237e-01	-6.400961e-01
4.817745e-01	6.125187e-01	-5.555727e-01
6.129256e-01	6.229078e-01	-6.336600e-01
4.840129e-01	6.060389e-01	-5.202387e-01
6.081328e-01	6.200100e-01	-5.920535e-01
5.106233e-01	3.349082e-01	-1.150292e-03
5.709099e-01	3.401867e-01	1.185019e-03
4.936005e-01	1.823839e-01	-8.176846e-02
5.996760e-01	1.715061e-01	-1.182425e-01
4.902888e-01	1.337451e-01	2.796610e-01
5.882851e-01	1.283181e-01	2.331033e-01
4.945605e-01	1.308077e-01	3.200949e-01
5.812988e-01	1.251391e-01	2.685340e-01
4.800999e-01	7.298657e-02	2.720967e-01
6.034635e-01	6.815308e-02	2.253748e-01
5.386047e-01	6.653141e-01	-1.425105e-01
5.320742e-01	6.860471e-01	-1.305373e-01
5.276806e-01	6.863214e-01	-1.305577e-01
5.240468e-01	6.866845e-01	-1.305186e-01
5.451294e-01	6.872854e-01	-1.283049e-01
5.491958e-01	6.880635e-01	-1.283118e-01
5.532845e-01	6.886216e-01	-1.281925e-01
5.201249e-01	6.874548e-01	-3.424175e-02
5.603266e-01	6.848687e-01	-2.518026e-02
5.313340e-01	6.491866e-01	-1.035253e-01
5.461531e-01	6.501982e-01	-1.006764e-01
4.934461e-01	6.169763e-01	-1.047907e-03
5.835143e-01	6.190794e-01	1.079925e-02
4.633916e-01	5.997403e-01	-1.448736e-01
6.076912e-01	6.205847e-01	-7.624455e-02
4.700165e-01	5.991594e-01	-3.030155e-01
6.151532e-01	6.131234e-01	-2.077672e-01
4.732195e-01	6.024326e-01	-3.355611e-01
6.224694e-01	6.216540e-01	-2.359736e-01
4.854984e-01	6.020434e-01	-3.294976e-01
6.124226e-01	6.220503e-01	-2.370572e-01
4.864243e-01	5.967246e-01	-3.054743e-01
6.077582e-01	6.115022e-01	-2.134624e-01
5.107284e-01	3.286526e-01	-3.492599e-03
5.713365e-01	3.349308e-01	3.525777e-03
4.934089e-01	1.693230e-01	-8.352405e-02
5.995641e-01	1.737021e-01	-1.062479e-01
4.904197e-01	1.349059e-01	2.979542e-01
5.886928e-01	1.283806e-01	2.571078e-01
4.946463e-01	1.321389e-01	3.389678e-01
5.819326e-01	1.259016e-01	2.924671e-01
4.803438e-01	7.522274e-02	2.994026e-01
6.027232e-01	6.824607e-02	2.469122e-01
5.386463e-01	6.569306e-01	-1.503863e-01
5.323281e-01	6.772422e-01	-1.387854e-01
5.280545e-01	6.776466e-01	-1.388074e-01
5.244375e-01	6.781586e-01	-1.387887e-01
5.452006e-01	6.783332e-01	-1.385771e-01
5.493234e-01	6.792049e-01	-1.385920e-01
5.534599e-01	6.798879e-01	-1.384708e-01
5.216571e-01	6.794598e-01	-4.131723e-02
5.613406e-01	6.763620e-01	-4.131922e-02
5.314178e-01	6.414534e-01	-1.105614e-01
5.461692e-01	6.420296e-01	-1.104389e-01
4.944027e-01	6.114336e-01	-6.696092e-04
5.836192e-01	6.086020e-01	7.169441e-03
4.633294e-01	5.957093e-01	-1.158322e-01
6.056413e-01	6.057393e-01	-2.780173e-02
4.721619e-01	5.999317e-01	-2.541659e-01
6.144429e-01	5.993464e-01	-1.072567e-01
4.783970e-01	6.023887e-01	-2.807786e-01
6.222366e-01	6.124427e-01	-1.252609e-01
4.875936e-01	6.000088e-01	-2.745187e-01
6.129256e-01	6.121181e-01	-1.293923e-01
4.877015e-01	5.960509e-01	-2.557318e-01
6.079453e-01	6.011880e-01	-1.124283e-01
5.107991e-01	3.246214e-01	-3.832240e-03
5.713571e-01	3.290167e-01	3.857206e-03
4.930234e-01	1.605718e-01	-7.590167e-02
5.992246e-01	1.682976e-01	-1.034439e-01
4.907862e-01	1.358546e-01	2.980450e-01
5.892316e-01	1.286130e-01	2.475934e-01
4.949388e-01	1.327791e-01	3.364618e-01
5.822864e-01	1.258156e-01	2.834144e-01
4.806250e-01	7.678305e-02	2.998617e-01
6.029261e-01	6.926705e-02	2.453642e-01
5.387386e-01	6.539782e-01	-1.371114e-01
5.329551e-01	6.730773e-01	-1.221527e-01
5.289083e-01	6.735284e-01	-1.221878e-01
5.252419e-01	6.741928e-01	-1.221757e-01
5.453150e-01	6.738665e-01	-1.225774e-01
5.494236e-01	6.745185e-01	-1.226156e-01
5.535403e-01	6.750077e-01	-1.224895e-01
5.230602e-01	6.743131e-01	-2.259614e-02
5.620845e-01	6.704881e-01	-2.567514e-02
5.318026e-01	6.386419e-01	-9.758268e-02
5.462465e-01	6.388054e-01	-9.812918e-02
4.958023e-01	6.064669e-01	-1.088093e-02
5.847365e-01	6.011937e-01	-9.359290e-03
4.672433e-01	6.010535e-01	-2.175582e-01
6.068673e-01	5.977596e-01	-2.443348e-01
4.795688e-01	5.995598e-01	-4.117783e-01
6.144859e-01	5.942868e-01	-4.930938e-01
4.831760e-01	5.994403e-01	-4.522377e-01
6.224049e-01	6.047137e-01	-5.414730e-01
4.926648e-01	5.944781e-01	-4.349299e-01
6.133693e-01	6.058664e-01	-5.353593e-01
4.928810e-01	5.898327e-01	-4.117749e-01
6.084563e-01	5.950978e-01	-5.006467e-01
5.108367e-01	3.198775e-01	-3.061937e-03
5.713518e-01	3.239328e-01	3.013272e-03
4.930426e-01	1.681122e-01	-6.537816e-02
5.981762e-01	1.668400e-01	-9.978046e-02
4.914046e-01	1.375712e-01	2.973507e-01
5.891637e-01	1.294855e-01	2.451122e-01
4.957878e-01	1.338957e-01	3.333476e-01
5.821471e-01	1.260595e-01	2.812201e-01
4.809543e-01	7.936189e-02	3.007552e-01
6.029081e-01	7.034733e-02	2.479599e-01
5.396552e-01	6.495712e-01	-7.306463e-02
5.340419e-01	6.693475e-01	-5.801770e-02
5.300568e-01	6.696621e-01	-5.805229e-02
5.260543e-01	6.702162e-01	-5.805672e-02
5.463320e-01	6.703633e-01	-5.730405e-02
5.507027e-01	6.710227e-01	-5.730962e-02
5.547310e-01	6.713607e-01	-5.712169e-02
5.234556e-01	6.701124e-01	3.611926e-02
5.633075e-01	6.661257e-01	3.796989e-02
5.325022e-01	6.339059e-01	-3.604645e-02
5.472166e-01	6.340349e-01	-3.518986e-02
4.968001e-01	6.019213e-01	2.913178e-02
5.852415e-01	5.950353e-01	3.599366e-02
4.729747e-01	6.030744e-01	-1.864316e-01
6.073769e-01	5.944415e-01	-1.415440e-01
4.803610e-01	5.999913e-01	-3.588729e-01
6.143901e-01	5.912187e-01	-3.253320e-01
4.839965e-01	5.988334e-01	-3.973636e-01
6.225523e-01	6.012659e-01	-3.618689e-01
4.929563e-01	5.941333e-01	-3.802693e-01
6.148139e-01	6.025296e-01	-3.606993e-01
4.929024e-01	5.906964e-01	-3.586616e-01
6.099674e-01	5.922540e-01	-3.336180e-01
5.109531e-01	3.145306e-01	-3.036805e-03
5.715399e-01	3.183963e-01	2.996331e-03
4.924096e-01	1.525033e-01	-6.156562e-02
5.971393e-01	1.496312e-01	-8.429493e-02
4.921851e-01	1.399856e-01	2.972585e-01
5.890192e-01	1.319376e-01	2.806910e-01
4.969021e-01	1.360349e-01	3.333672e-01
5.820873e-01	1.295973e-01	3.211143e-01
4.822380e-01	8.105345e-02	3.095025e-01
6.023395e-01	7.237279e-02	3.071654e-01
5.406097e-01	6.506644e-01	-1.246381e-01
5.348380e-01	6.720774e-01	-1.093970e-01
5.307723e-01	6.726453e-01	-1.094393e-01
5.265452e-01	6.731523e-01	-1.094461e-01
5.473152e-01	6.721736e-01	-1.084288e-01
5.518564e-01	6.726715e-01	-1.084518e-01
5.558534e-01	6.731037e-01	-1.083036e-01
5.235896e-01	6.720239e-01	-9.590231e-03
5.644280e-01	6.681782e-01	-6.552368e-03
5.332047e-01	6.342762e-01	-8.543680e-02
5.482581e-01	6.339580e-01	-8.430969e-02
4.971187e-01	6.009253e-01	-4.611409e-03
5.864189e-01	5.927345e-01	2.427532e-02
4.725291e-01	6.031411e-01	-2.654019e-01
6.075615e-01	5.952475e-01	-2.410531e-01
4.797429e-01	6.001359e-01	-4.854647e-01
6.140732e-01	5.910811e-01	-4.964261e-01
4.845139e-01	5.988432e-01	-5.326581e-01
6.226456e-01	5.990003e-01	-5.448028e-01
4.935214e-01	5.945023e-01	-5.151507e-01
6.152591e-01	5.996770e-01	-5.416506e-01
4.933750e-01	5.914503e-01	-4.859115e-01
6.105021e-01	5.914884e-01	-5.059784e-01
5.109565e-01	3.125394e-01	-1.314127e-03
5.715452e-01	3.155530e-01	1.236973e-03
4.921350e-01	1.461624e-01	-6.173157e-02
5.961920e-01	1.410614e-01	-8.172759e-02
4.929048e-01	1.419706e-01	3.033818e-01
5.903424e-01	1.319551e-01	2.805979e-01
4.981748e-01	1.394522e-01	3.410879e-01
5.852302e-01	1.293374e-01	3.200183e-01
4.827941e-01	8.260555e-02	3.227623e-01
6.023456e-01	7.322011e-02	3.027611e-01
5.406452e-01	6.497304e-01	-1.417186e-01
5.349046e-01	6.710261e-01	-1.272321e-01
5.307830e-01	6.715041e-01	-1.272966e-01
5.265746e-01	6.721881e-01	-1.273707e-01
5.474206e-01	6.708978e-01	-1.249321e-01
5.519894e-01	6.714656e-01	-1.250229e-01
5.560578e-01	6.721939e-01	-1.249196e-01
5.235490e-01	6.705137e-01	-3.464868e-02
5.647219e-01	6.674575e-01	-2.837290e-02
5.332538e-01	6.321801e-01	-1.055460e-01
5.483195e-01	6.318758e-01	-1.033733e-01
4.971656e-01	6.002653e-01	-3.754475e-02
5.875338e-01	5.933630e-01	-2.644836e-02
4.692832e-01	6.038118e-01	-2.718087e-01
6.097261e-01	5.976406e-01	-2.597794e-01
4.808943e-01	6.006442e-01	-4.759124e-01
6.142088e-01	5.918878e-01	-5.079157e-01
4.862006e-01	5.998265e-01	-5.194780e-01
6.227033e-01	5.982534e-01	-5.545478e-01
4.952158e-01	5.947980e-01	-5.004364e-01
6.155734e-01	5.980171e-01	-5.491258e-01
4.947349e-01	5.915588e-01	-4.749971e-01
6.112951e-01	5.910372e-01	-5.156597e-01
5.109326e-01	3.115613e-01	-1.110668e-03
5.715448e-01	3.146283e-01	1.011168e-03
4.920379e-01	1.421786e-01	-6.055471e-02
5.960109e-01	1.493515e-01	-7.889806e-02
4.932635e-01	1.420611e-01	3.074609e-01
5.918715e-01	1.298208e-01	2.541779e-01
4.985122e-01	1.393696e-01	3.449908e-01
5.891095e-01	1.260374e-01	2.899786e-01
4.830623e-01	8.402029e-02	3.296327e-01
6.024175e-01	7.329500e-02	2.921318e-01
5.407122e-01	6.541356e-01	-2.139676e-01
5.349841e-01	6.740041e-01	-1.972024e-01
5.308110e-01	6.742358e-01	-1.972331e-01
5.266106e-01	6.744374e-01	-1.972196e-01
5.474623e-01	6.743680e-01	-1.954359e-01
5.520419e-01	6.749771e-01	-1.954984e-01
5.561413e-01	6.754667e-01	-1.953994e-01
5.235261e-01	6.711027e-01	-9.460764e-02
5.647291e-01	6.690908e-01	-8.876894e-02
5.333238e-01	6.348658e-01	-1.748851e-01
5.483443e-01	6.351236e-01	-1.728280e-01
4.971119e-01	5.951115e-01	-9.166539e-02
5.879790e-01	5.926782e-01	-8.824586e-02
4.661492e-01	5.968833e-01	-3.413087e-01
6.109236e-01	5.967813e-01	-3.358109e-01
4.803676e-01	6.025456e-01	-5.515934e-01
6.146144e-01	5.925652e-01	-5.941565e-01
4.864574e-01	6.044965e-01	-6.023806e-01
6.228108e-01	5.983122e-01	-6.504349e-01
4.952937e-01	5.987288e-01	-5.831013e-01
6.158882e-01	5.980066e-01	-6.439526e-01
4.946765e-01	5.925292e-01	-5.511854e-01
6.118428e-01	5.912680e-01	-6.025094e-01
5.109166e-01	3.100801e-01	4.599402e-04
5.716269e-01	3.138938e-01	-5.236947e-04
4.939076e-01	1.522533e-01	-7.986416e-02
5.949111e-01	1.748591e-01	-1.871487e-01
4.943867e-01	1.430995e-01	3.073314e-01
5.917663e-01	1.290603e-01	1.237542e-01
4.997391e-01	1.397246e-01	3.450986e-01
5.883095e-01	1.197271e-01	1.538041e-01
4.837781e-01	8.672073e-02	3.115909e-01
6.025366e-01	7.345479e-02	8.383720e-02
5.408849e-01	6.551997e-01	-2.098705e-01
5.351036e-01	6.745797e-01	-1.956435e-01
5.309007e-01	6.747774e-01	-1.956683e-01
5.266968e-01	6.746944e-01	-1.956630e-01
5.475501e-01	6.752608e-01	-1.945624e-01
5.521694e-01	6.759769e-01	-1.946062e-01
5.563047e-01	6.763870e-01	-1.944993e-01
5.235014e-01	6.710658e-01	-9.712131e-02
5.647585e-01	6.700338e-01	-9.376504e-02
5.335352e-01	6.353384e-01	-1.712863e-01
5.485415e-01	6.358165e-01	-1.699606e-01
4.974553e-01	5.950590e-01	-9.251945e-02
5.880844e-01	5.942189e-01	-9.295498e-02
4.690246e-01	5.986533e-01	-3.459428e-01
6.110505e-01	5.976038e-01	-3.356726e-01
4.805115e-01	6.039288e-01	-5.765755e-01
6.147609e-01	5.932370e-01	-5.935713e-01
4.852933e-01	6.066363e-01	-6.304846e-01
6.228310e-01	5.983775e-01	-6.503001e-01
4.940160e-01	6.003063e-01	-6.159040e-01
6.162428e-01	5.980802e-01	-6.461254e-01
4.938311e-01	5.925846e-01	-5.793356e-01
6.120597e-01	5.916196e-01	-6.037116e-01
5.111805e-01	3.106731e-01	6.690662e-04
5.717165e-01	3.138622e-01	-7.292015e-04
4.968482e-01	1.634865e-01	-4.861711e-02
5.951064e-01	1.661033e-01	-4.081419e-02
4.948710e-01	1.430672e-01	2.991173e-01
5.920073e-01	1.269050e-01	2.774051e-01
5.002159e-01	1.383852e-01	3.317888e-01
5.878857e-01	1.167865e-01	3.074330e-01
4.838012e-01	8.654014e-02	2.960553e-01
6.028180e-01	7.475591e-02	2.585168e-01
5.413982e-01	6.568347e-01	-2.196026e-01
5.353313e-01	6.764469e-01	-2.055511e-01
5.311723e-01	6.765671e-01	-2.055647e-01
5.269499e-01	6.763631e-01	-2.055467e-01
5.477897e-01	6.770788e-01	-2.045814e-01
5.524805e-01	6.777212e-01	-2.046357e-01
5.566266e-01	6.781752e-01	-2.045310e-01
5.234790e-01	6.722528e-01	-1.086593e-01
5.648224e-01	6.718054e-01	-1.062506e-01
5.339293e-01	6.370016e-01	-1.816283e-01
5.491945e-01	6.380498e-01	-1.805634e-01
4.976896e-01	5.968084e-01	-1.020408e-01
5.883237e-01	5.969439e-01	-1.063129e-01
4.677932e-01	5.989318e-01	-3.544109e-01
6.121762e-01	5.985811e-01	-3.573882e-01
4.801318e-01	6.085730e-01	-5.743320e-01
6.148753e-01	5.940018e-01	-6.142944e-01
4.846460e-01	6.098540e-01	-6.271222e-01
6.229171e-01	5.988926e-01	-6.715921e-01
4.933379e-01	6.031542e-01	-6.093448e-01
6.162836e-01	5.982140e-01	-6.652387e-01
4.932986e-01	5.965758e-01	-5.755564e-01
6.120772e-01	5.920374e-01	-6.233794e-01
5.112671e-01	3.122361e-01	7.024162e-04
5.720212e-01	3.153110e-01	-7.503103e-04
4.984933e-01	1.730251e-01	-7.748295e-02
5.950294e-01	1.821242e-01	-1.161432e-01
4.953865e-01	1.424754e-01	2.532989e-01
5.919384e-01	1.258665e-01	1.678625e-01
5.008067e-01	1.348359e-01	2.839200e-01
5.875570e-01	1.132612e-01	1.934090e-01
4.838108e-01	8.665223e-02	2.328834e-01
6.032772e-01	7.514918e-02	1.233034e-01
5.414461e-01	6.570759e-01	-2.260910e-01
5.353470e-01	6.767258e-01	-2.113367e-01
5.311983e-01	6.768638e-01	-2.113578e-01
5.270107e-01	6.767057e-01	-2.113419e-01
5.477942e-01	6.773564e-01	-2.106898e-01
5.524863e-01	6.780479e-01	-2.107439e-01
5.566698e-01	6.786379e-01	-2.106324e-01
5.234593e-01	6.731308e-01	-1.120759e-01
5.648025e-01	6.727605e-01	-1.111217e-01
5.340160e-01	6.373622e-01	-1.871272e-01
5.492768e-01	6.387951e-01	-1.865343e-01
4.978279e-01	5.998161e-01	-1.037279e-01
5.885687e-01	5.994182e-01	-1.087134e-01
4.632583e-01	5.993021e-01	-3.488771e-01
6.138674e-01	6.024382e-01	-3.564525e-01
4.798253e-01	6.142394e-01	-5.537498e-01
6.149868e-01	5.995932e-01	-6.037699e-01
4.849075e-01	6.138590e-01	-6.039339e-01
6.229967e-01	6.015947e-01	-6.590028e-01
4.940143e-01	6.075788e-01	-5.841449e-01
6.163088e-01	5.996278e-01	-6.509315e-01
4.936786e-01	6.019034e-01	-5.534135e-01
6.116512e-01	5.943597e-01	-6.115936e-01
5.113998e-01	3.132548e-01	1.605652e-03
5.726227e-01	3.163152e-01	-1.628700e-03
4.989882e-01	1.768193e-01	-1.140488e-01
5.952010e-01	1.868335e-01	-1.482237e-01
4.954372e-01	1.422842e-01	2.260547e-01
5.915353e-01	1.260240e-01	1.501285e-01
5.007466e-01	1.343763e-01	2.580815e-01
5.870447e-01	1.137996e-01	1.776182e-01
4.838172e-01	8.720254e-02	2.054257e-01
6.039835e-01	7.514287e-02	1.070564e-01
5.415653e-01	6.580664e-01	-2.305642e-01
5.354429e-01	6.771958e-01	-2.158245e-01
5.313634e-01	6.770700e-01	-2.158415e-01
5.271779e-01	6.769737e-01	-2.158181e-01
5.477970e-01	6.780397e-01	-2.150638e-01
5.524827e-01	6.785167e-01	-2.151190e-01
5.566707e-01	6.788128e-01	-2.150055e-01
5.235006e-01	6.749508e-01	-1.177540e-01
5.646628e-01	6.738227e-01	-1.162869e-01
5.342385e-01	6.396917e-01	-1.922956e-01
5.493091e-01	6.414699e-01	-1.915051e-01
4.978674e-01	6.007687e-01	-1.089534e-01
5.885687e-01	6.008302e-01	-1.120633e-01
4.598327e-01	5.999604e-01	-3.489765e-01
6.175342e-01	6.048626e-01	-3.602766e-01
4.797724e-01	6.150333e-01	-5.528360e-01
6.159489e-01	6.030087e-01	-6.146093e-01
4.843873e-01	6.145812e-01	-6.044946e-01
6.231232e-01	6.040182e-01	-6.728609e-01
4.935477e-01	6.098223e-01	-5.863067e-01
6.165023e-01	6.018585e-01	-6.645256e-01
4.933985e-01	6.047037e-01	-5.531607e-01
6.117195e-01	5.977334e-01	-6.226753e-01
5.115513e-01	3.169120e-01	1.563208e-03
5.728413e-01	3.193966e-01	-1.576511e-03
5.003631e-01	1.943073e-01	-1.011782e-01
5.953377e-01	2.010495e-01	-1.598021e-01
4.955582e-01	1.422196e-01	2.318081e-01
5.914432e-01	1.260845e-01	1.143896e-01
5.008866e-01	1.335415e-01	2.620925e-01
5.865041e-01	1.141356e-01	1.379215e-01
4.839188e-01	8.678728e-02	1.981927e-01
6.048230e-01	7.418899e-02	5.128301e-02
5.418490e-01	6.647908e-01	-2.267660e-01
5.355582e-01	6.847370e-01	-2.127886e-01
5.314988e-01	6.845299e-01	-2.128040e-01
5.272969e-01	6.840673e-01	-2.127752e-01
5.478439e-01	6.852287e-01	-2.113613e-01
5.524976e-01	6.853393e-01	-2.114036e-01
5.566980e-01	6.851302e-01	-2.112905e-01
5.234895e-01	6.798723e-01	-1.155398e-01
5.643406e-01	6.791256e-01	-1.108403e-01
5.345154e-01	6.464214e-01	-1.885338e-01
5.493838e-01	6.480581e-01	-1.868521e-01
4.977202e-01	6.064744e-01	-1.040680e-01
5.884238e-01	6.084011e-01	-1.062694e-01
4.589919e-01	5.998818e-01	-3.403136e-01
6.189051e-01	6.076819e-01	-3.509247e-01
4.749977e-01	6.148147e-01	-5.503255e-01
6.176871e-01	6.084422e-01	-6.093217e-01
4.794730e-01	6.138831e-01	-6.015287e-01
6.250072e-01	6.077353e-01	-6.674333e-01
4.910064e-01	6.096025e-01	-5.864775e-01
6.174628e-01	6.060906e-01	-6.600206e-01
4.915883e-01	6.046638e-01	-5.517806e-01
6.120299e-01	6.032152e-01	-6.176259e-01
5.121190e-01	3.222524e-01	1.536010e-03
5.731418e-01	3.270962e-01	-1.545601e-03
5.009720e-01	1.961063e-01	-9.647557e-02
5.966307e-01	2.019262e-01	-1.715490e-01
4.956465e-01	1.450717e-01	2.491487e-01
5.910695e-01	1.283975e-01	1.241644e-01
5.009465e-01	1.356656e-01	2.811553e-01
5.854851e-01	1.187985e-01	1.511348e-01
4.839091e-01	8.600410e-02	2.243482e-01
6.050695e-01	7.263488e-02	7.299783e-02
5.418445e-01	6.737465e-01	-2.271643e-01
5.355500e-01	6.936269e-01	-2.133424e-01
5.314522e-01	6.934928e-01	-2.133492e-01
5.272721e-01	6.933411e-01	-2.133223e-01
5.478419e-01	6.936750e-01	-2.122552e-01
5.524783e-01	6.935099e-01	-2.122904e-01
5.566947e-01	6.931534e-01	-2.121657e-01
5.233920e-01	6.874816e-01	-1.141633e-01
5.642793e-01	6.855909e-01	-1.110641e-01
5.345104e-01	6.542698e-01	-1.880866e-01
5.493540e-01	6.554189e-01	-1.869234e-01
4.971272e-01	6.126697e-01	-9.445085e-02
5.883491e-01	6.152303e-01	-9.805731e-02
4.583059e-01	5.962889e-01	-3.172140e-01
6.212084e-01	6.094983e-01	-3.252698e-01
4.692722e-01	6.116056e-01	-5.348630e-01
6.215588e-01	6.138182e-01	-5.762438e-01
4.737545e-01	6.137564e-01	-5.813552e-01
6.266965e-01	6.105081e-01	-6.332182e-01
4.860076e-01	6.101331e-01	-5.649543e-01
6.182783e-01	6.102967e-01	-6.269654e-01
4.883164e-01	6.052418e-01	-5.334247e-01
6.136001e-01	6.086904e-01	-5.844839e-01
5.124220e-01	3.316304e-01	1.142349e-03
5.734693e-01	3.365311e-01	-1.100888e-03
5.008691e-01	1.993345e-01	-9.285735e-02
5.981830e-01	2.049913e-01	-1.679376e-01
4.956302e-01	1.449109e-01	2.516844e-01
5.905684e-01	1.297487e-01	1.118096e-01
5.009152e-01	1.356300e-01	2.820861e-01
5.840854e-01	1.197033e-01	1.362344e-01
4.838001e-01	8.182191e-02	2.150967e-01
6.055894e-01	7.115821e-02	5.057608e-02
5.424621e-01	6.931308e-01	-2.207427e-01
5.357628e-01	7.117775e-01	-2.064817e-01
5.315515e-01	7.114323e-01	-2.064932e-01
5.273330e-01	7.109137e-01	-2.064648e-01
5.483078e-01	7.116378e-01	-2.056261e-01
5.529184e-01	7.111245e-01	-2.056649e-01
5.570108e-01	7.103383e-01	-2.055506e-01
5.233830e-01	7.038780e-01	-1.096064e-01
5.642730e-01	7.014144e-01	-1.042270e-01
5.347140e-01	6.713772e-01	-1.813506e-01
5.499895e-01	6.716728e-01	-1.802282e-01
4.964704e-01	6.216540e-01	-6.681187e-02
5.881600e-01	6.255371e-01	-9.398340e-02
4.580570e-01	5.967703e-01	-2.612044e-01
6.210998e-01	6.164551e-01	-3.013014e-01
4.659726e-01	6.106489e-01	-4.885191e-01
6.232120e-01	6.186177e-01	-5.727620e-01
4.707355e-01	6.134751e-01	-5.354770e-01
6.289754e-01	6.127787e-01	-6.267642e-01
4.833530e-01	6.125859e-01	-5.266417e-01
6.196553e-01	6.126776e-01	-6.238881e-01
4.846698e-01	6.076159e-01	-4.915474e-01
6.148693e-01	6.115099e-01	-5.768156e-01
5.124179e-01	3.379434e-01	1.289619e-03
5.736560e-01	3.433171e-01	-1.241673e-03
5.006450e-01	1.984505e-01	-6.015171e-02
5.997543e-01	2.034982e-01	-1.523018e-01
4.956063e-01	1.447812e-01	3.245178e-01
5.901064e-01	1.313639e-01	1.419304e-01
5.008430e-01	1.366662e-01	3.604966e-01
5.830465e-01	1.242840e-01	1.639424e-01
4.837974e-01	8.111952e-02	3.077687e-01
6.058702e-01	6.965978e-02	9.042349e-02
5.426367e-01	7.037232e-01	-2.258482e-01
5.358172e-01	7.221439e-01	-2.115003e-01
5.315723e-01	7.216695e-01	-2.115090e-01
5.273513e-01	7.211750e-01	-2.114608e-01
5.483540e-01	7.230668e-01	-2.117566e-01
5.529293e-01	7.230858e-01	-2.117920e-01
5.570130e-01	7.229216e-01	-2.116882e-01
5.233992e-01	7.159711e-01	-1.075413e-01
5.641277e-01	7.151366e-01	-1.085755e-01
5.348076e-01	6.822713e-01	-1.843451e-01
5.501355e-01	6.838701e-01	-1.846516e-01
4.965671e-01	6.366187e-01	-6.724547e-02
5.881594e-01	6.376826e-01	-9.199095e-02
4.583455e-01	6.008632e-01	-2.597153e-01
6.241150e-01	6.193231e-01	-3.012996e-01
4.637035e-01	6.105689e-01	-4.928662e-01
6.280443e-01	6.185807e-01	-5.654728e-01
4.629186e-01	6.130664e-01	-5.401690e-01
6.343647e-01	6.126161e-01	-6.228963e-01
4.749017e-01	6.138949e-01	-5.366343e-01
6.224711e-01	6.125520e-01	-6.191329e-01
4.794928e-01	6.101413e-01	-4.946930e-01
6.171836e-01	6.114990e-01	-5.728338e-01
5.128704e-01	3.505109e-01	1.736403e-03
5.737963e-01	3.553650e-01	-1.669725e-03
5.005926e-01	2.033638e-01	-4.735290e-02
6.006470e-01	2.113595e-01	-1.459207e-01
4.955952e-01	1.420734e-01	3.125639e-01
5.901080e-01	1.321979e-01	1.535096e-01
5.006961e-01	1.326303e-01	3.450644e-01
5.831810e-01	1.249778e-01	1.790682e-01
4.835762e-01	7.864649e-02	2.826045e-01
6.060541e-01	6.856135e-02	9.445835e-02
5.420610e-01	7.141661e-01	-2.418196e-01
5.355124e-01	7.333083e-01	-2.265976e-01
5.311700e-01	7.330547e-01	-2.265910e-01
5.271751e-01	7.331309e-01	-2.265367e-01
5.479719e-01	7.349961e-01	-2.284465e-01
5.523382e-01	7.355548e-01	-2.284609e-01
5.565949e-01	7.359312e-01	-2.283199e-01
5.233644e-01	7.292515e-01	-1.175643e-01
5.637555e-01	7.288546e-01	-1.261467e-01
5.345871e-01	6.944445e-01	-1.990066e-01
5.497146e-01	6.959038e-01	-2.012302e-01
4.965666e-01	6.490198e-01	-8.369853e-02
5.886788e-01	6.491607e-01	-1.078397e-01
4.656474e-01	6.181461e-01	-2.966038e-01
6.281844e-01	6.187075e-01	-3.374603e-01
4.645666e-01	6.168918e-01	-5.658258e-01
6.307069e-01	6.204871e-01	-6.121827e-01
4.582490e-01	6.132177e-01	-6.269461e-01
6.364784e-01	6.121302e-01	-6.787978e-01
4.722523e-01	6.145486e-01	-6.257001e-01
6.231185e-01	6.143610e-01	-6.725241e-01
4.787909e-01	6.124188e-01	-5.740612e-01
6.176975e-01	6.152623e-01	-6.204253e-01
5.132151e-01	3.599894e-01	1.316576e-03
5.741259e-01	3.643036e-01	-1.225574e-03
5.005006e-01	2.144411e-01	-1.199075e-02
6.004747e-01	2.210497e-01	-5.453061e-02
4.954252e-01	1.399092e-01	3.162128e-01
5.903041e-01	1.321040e-01	2.175334e-01
5.003774e-01	1.282677e-01	3.446329e-01
5.836636e-01	1.235364e-01	2.393143e-01
4.833558e-01	7.616858e-02	2.742534e-01
6.065179e-01	6.811809e-02	1.390148e-01
5.411793e-01	7.286420e-01	-2.522634e-01
5.347661e-01	7.483811e-01	-2.348631e-01
5.303050e-01	7.480530e-01	-2.348808e-01
5.266472e-01	7.480618e-01	-2.348047e-01
5.473824e-01	7.512707e-01	-2.363912e-01
5.515078e-01	7.524112e-01	-2.364266e-01
5.558635e-01	7.531381e-01	-2.363245e-01
5.228051e-01	7.445192e-01	-1.186050e-01
5.628540e-01	7.469088e-01	-1.264247e-01
5.341113e-01	7.093326e-01	-2.074542e-01
5.491666e-01	7.114705e-01	-2.094547e-01
4.956385e-01	6.564667e-01	-7.699669e-02
5.895474e-01	6.627121e-01	-9.725846e-02
4.550056e-01	5.962273e-01	-2.301363e-01
6.343890e-01	6.134354e-01	-2.725034e-01
4.612043e-01	6.124054e-01	-4.647649e-01
6.338538e-01	6.195878e-01	-5.386032e-01
4.549703e-01	6.082591e-01	-5.186066e-01
6.389816e-01	6.078424e-01	-6.015543e-01
4.690418e-01	6.129841e-01	-5.183429e-01
6.247274e-01	6.142756e-01	-5.965039e-01
4.757726e-01	6.123215e-01	-4.708073e-01
6.191263e-01	6.145446e-01	-5.449184e-01
5.135685e-01	3.720854e-01	4.157891e-04
5.742541e-01	3.751516e-01	-3.204281e-04
5.004619e-01	2.212241e-01	-3.162773e-02
6.015447e-01	2.299344e-01	-8.935374e-02
4.953465e-01	1.365405e-01	3.192126e-01
5.903754e-01	1.315688e-01	1.786634e-01
5.001579e-01	1.241638e-01	3.501091e-01
5.836746e-01	1.214506e-01	2.002904e-01
4.832638e-01	7.216614e-02	2.721198e-01
6.080523e-01	6.483198e-02	8.650493e-02
5.398254e-01	7.409199e-01	-2.505306e-01
5.338342e-01	7.609121e-01	-2.333524e-01
5.294816e-01	7.608697e-01	-2.333704e-01
5.260638e-01	7.611128e-01	-2.333019e-01
5.464442e-01	7.636916e-01	-2.355715e-01
5.504201e-01	7.649024e-01	-2.356041e-01
5.547696e-01	7.657104e-01	-2.355142e-01
5.224462e-01	7.581558e-01	-1.163399e-01
5.621105e-01	7.595348e-01	-1.267132e-01
5.332775e-01	7.219915e-01	-2.052932e-01
5.482568e-01	7.238837e-01	-2.080735e-01
4.953322e-01	6.663828e-01	-6.805055e-02
5.910035e-01	6.707832e-01	-8.446067e-02
4.555914e-01	5.967892e-01	-2.015801e-01
6.359476e-01	6.116557e-01	-2.407372e-01
4.598377e-01	6.077031e-01	-4.437149e-01
6.384046e-01	6.101602e-01	-5.016770e-01
4.552839e-01	6.017026e-01	-4.997713e-01
6.422664e-01	5.914935e-01	-5.649430e-01
4.663014e-01	6.072508e-01	-5.054141e-01
6.296096e-01	6.058644e-01	-5.635992e-01
4.714383e-01	6.074567e-01	-4.528021e-01
6.247159e-01	6.098557e-01	-5.097145e-01
5.136250e-01	3.823904e-01	-5.396607e-04
5.742987e-01	3.829931e-01	6.638768e-04
5.003390e-01	2.379880e-01	-1.991826e-03
6.022072e-01	2.383427e-01	-3.962158e-02
4.953367e-01	1.366920e-01	3.324310e-01
5.903958e-01	1.315582e-01	2.472214e-01
5.002184e-01	1.243428e-01	3.612119e-01
5.836475e-01	1.213928e-01	2.703559e-01
4.832498e-01	7.087023e-02	2.708801e-01
6.087361e-01	6.394847e-02	1.607857e-01
5.395805e-01	7.549394e-01	-2.609837e-01
5.336312e-01	7.751953e-01	-2.431790e-01
5.293347e-01	7.750245e-01	-2.432202e-01
5.259411e-01	7.750270e-01	-2.431616e-01
5.459450e-01	7.773439e-01	-2.445729e-01
5.497508e-01	7.781735e-01	-2.446038e-01
5.538644e-01	7.786828e-01	-2.445442e-01
5.224525e-01	7.706528e-01	-1.212173e-01
5.610377e-01	7.721456e-01	-1.285061e-01
5.332738e-01	7.363026e-01	-2.140476e-01
5.478777e-01	7.379540e-01	-2.157716e-01
4.951907e-01	6.719964e-01	-6.634597e-02
5.929497e-01	6.760441e-01	-6.484801e-02
4.563982e-01	5.934519e-01	-1.809864e-01
6.355807e-01	6.118436e-01	-1.781042e-01
4.595230e-01	5.934792e-01	-4.231182e-01
6.441985e-01	5.827410e-01	-4.255610e-01
4.573538e-01	5.856239e-01	-4.799696e-01
6.472947e-01	5.533885e-01	-4.860906e-01
4.657254e-01	5.983768e-01	-4.906112e-01
6.381437e-01	5.691123e-01	-4.911080e-01
4.708218e-01	5.996495e-01	-4.341856e-01
6.331142e-01	5.854177e-01	-4.359679e-01
5.150402e-01	3.878399e-01	-1.428625e-03
5.750424e-01	3.899007e-01	1.575668e-03
5.003200e-01	2.489211e-01	1.587823e-02
6.027701e-01	2.425688e-01	3.454702e-02
4.957147e-01	1.367013e-01	3.314386e-01
5.905250e-01	1.310683e-01	3.406237e-01
5.008211e-01	1.243449e-01	3.586029e-01
5.838643e-01	1.206920e-01	3.652288e-01
4.833725e-01	7.071330e-02	2.643375e-01
6.090869e-01	6.408226e-02	2.557478e-01
5.396088e-01	7.730634e-01	-2.777864e-01
5.336511e-01	7.933644e-01	-2.599620e-01
5.293497e-01	7.930880e-01	-2.600039e-01
5.259450e-01	7.929324e-01	-2.599645e-01
5.459670e-01	7.950641e-01	-2.628781e-01
5.497866e-01	7.958136e-01	-2.628832e-01
5.539148e-01	7.965704e-01	-2.627614e-01
5.224695e-01	7.882782e-01	-1.344709e-01
5.609065e-01	7.909373e-01	-1.484625e-01
5.332927e-01	7.525329e-01	-2.291726e-01
5.478898e-01	7.542568e-01	-2.329251e-01
4.963633e-01	6.841545e-01	-4.379169e-02
5.943486e-01	6.896278e-01	-6.101869e-02
4.637592e-01	6.022716e-01	8.495279e-02
6.342238e-01	6.129082e-01	-2.456506e-02
4.526406e-01	5.594317e-01	1.006514e-01
6.482061e-01	5.587279e-01	-1.264247e-01
4.457912e-01	5.319013e-01	9.260756e-02
6.559906e-01	5.193018e-01	-1.630195e-01
4.495326e-01	5.361037e-01	5.020835e-02
6.496174e-01	5.228856e-01	-1.857288e-01
4.557303e-01	5.432608e-01	8.424489e-02
6.432234e-01	5.374899e-01	-1.403107e-01
5.155749e-01	4.048604e-01	6.675943e-04
5.752693e-01	4.044013e-01	-4.985496e-04
5.002425e-01	2.595069e-01	4.373299e-02
6.028308e-01	2.527955e-01	7.782969e-02
4.959849e-01	1.365127e-01	3.290153e-01
5.904265e-01	1.307085e-01	3.747106e-01
5.011635e-01	1.234410e-01	3.534479e-01
5.838303e-01	1.202328e-01	3.973277e-01
4.833892e-01	7.110637e-02	2.505848e-01
6.090258e-01	6.421959e-02	2.823603e-01
5.396739e-01	7.949777e-01	-2.754081e-01
5.337119e-01	8.133674e-01	-2.590237e-01
5.293714e-01	8.126317e-01	-2.590577e-01
5.259613e-01	8.119833e-01	-2.590102e-01
5.460066e-01	8.154669e-01	-2.604805e-01
5.497957e-01	8.162868e-01	-2.604786e-01
5.539411e-01	8.170159e-01	-2.603365e-01
5.224775e-01	8.051698e-01	-1.430397e-01
5.609285e-01	8.095101e-01	-1.501156e-01
5.334371e-01	7.724342e-01	-2.306880e-01
5.480109e-01	7.739135e-01	-2.324156e-01
4.964580e-01	6.917056e-01	-4.846305e-02
5.946596e-01	7.014829e-01	-5.471132e-02
4.654592e-01	6.056693e-01	8.919717e-02
6.343759e-01	6.122684e-01	5.442731e-02
4.494375e-01	5.445033e-01	1.109688e-01
6.515126e-01	5.344866e-01	2.729461e-02
4.414555e-01	5.111820e-01	1.035091e-01
6.617132e-01	4.905806e-01	1.821632e-03
4.451511e-01	5.128235e-01	5.897170e-02
6.563792e-01	4.894666e-01	-2.783257e-02
4.513628e-01	5.233817e-01	9.415576e-02
6.501783e-01	5.011950e-01	1.289370e-02
5.155277e-01	4.125152e-01	8.444011e-04
5.752622e-01	4.118163e-01	-6.718045e-04
5.001291e-01	2.631193e-01	4.242264e-02
6.027340e-01	2.515744e-01	8.486411e-02
4.961638e-01	1.365300e-01	3.414748e-01
5.906324e-01	1.307034e-01	4.012794e-01
5.013548e-01	1.229108e-01	3.659859e-01
5.839010e-01	1.202199e-01	4.258600e-01
4.833939e-01	7.122811e-02	2.508686e-01
6.090026e-01	6.435759e-02	3.090044e-01
5.409603e-01	8.067928e-01	-2.681979e-01
5.345217e-01	8.255497e-01	-2.501362e-01
5.301198e-01	8.249446e-01	-2.501787e-01
5.264477e-01	8.244057e-01	-2.501211e-01
5.467975e-01	8.272420e-01	-2.505291e-01
5.508060e-01	8.280218e-01	-2.505340e-01
5.549598e-01	8.286725e-01	-2.503994e-01
5.227135e-01	8.178495e-01	-1.338202e-01
5.612347e-01	8.213469e-01	-1.444215e-01
5.343661e-01	7.841293e-01	-2.230497e-01
5.491359e-01	7.853798e-01	-2.232227e-01
4.967543e-01	7.031544e-01	-5.164925e-02
5.952591e-01	7.118545e-01	-3.837884e-02
4.671528e-01	6.095486e-01	-2.103090e-02
6.346293e-01	6.104959e-01	-1.176598e-02
4.478103e-01	5.383824e-01	-1.414588e-01
6.546322e-01	5.146584e-01	-1.544326e-01
4.393195e-01	5.014518e-01	-1.778799e-01
6.658331e-01	4.751633e-01	-2.007538e-01
4.445755e-01	5.025410e-01	-2.130452e-01
6.578000e-01	4.743834e-01	-2.288790e-01
4.507278e-01	5.136039e-01	-1.589745e-01
6.517233e-01	4.866487e-01	-1.717424e-01
5.155016e-01	4.216601e-01	-8.897880e-04
5.751514e-01	4.215041e-01	1.087309e-03
4.999325e-01	2.653088e-01	3.424439e-02
6.026475e-01	2.573830e-01	9.711452e-02
4.962365e-01	1.363543e-01	3.237903e-01
5.913785e-01	1.326254e-01	3.958384e-01
5.014009e-01	1.209432e-01	3.410182e-01
5.842974e-01	1.207862e-01	4.181530e-01
4.834128e-01	7.128201e-02	2.209885e-01
6.097385e-01	6.505246e-02	3.034761e-01
5.414470e-01	8.149220e-01	-2.858351e-01
5.350274e-01	8.344041e-01	-2.657289e-01
5.305958e-01	8.340458e-01	-2.657820e-01
5.268210e-01	8.338788e-01	-2.657247e-01
5.473701e-01	8.356080e-01	-2.666010e-01
5.515016e-01	8.361381e-01	-2.666102e-01
5.557267e-01	8.367498e-01	-2.664667e-01
5.232375e-01	8.278257e-01	-1.434257e-01
5.618745e-01	8.298575e-01	-1.486370e-01
5.347815e-01	7.929446e-01	-2.396836e-01
5.496755e-01	7.934496e-01	-2.404895e-01
4.969864e-01	7.111493e-01	-7.416143e-02
5.963646e-01	7.158336e-01	-4.018695e-02
4.687572e-01	6.091542e-01	-7.997806e-02
6.353670e-01	6.047526e-01	-6.393729e-02
4.469624e-01	5.231420e-01	-2.276733e-01
6.565917e-01	4.978586e-01	-2.194699e-01
4.385728e-01	4.839538e-01	-2.667083e-01
6.663039e-01	4.612270e-01	-2.685216e-01
4.435298e-01	4.846063e-01	-2.479126e-01
6.576102e-01	4.573346e-01	-2.959936e-01
4.499439e-01	4.979755e-01	-2.403942e-01
6.520191e-01	4.715933e-01	-2.369197e-01
5.159873e-01	4.266220e-01	-1.253785e-03
5.752671e-01	4.273263e-01	1.448974e-03
4.998851e-01	2.636285e-01	3.599868e-02
6.026404e-01	2.606633e-01	8.352263e-02
4.972209e-01	1.359496e-01	3.218676e-01
5.918411e-01	1.325967e-01	3.685162e-01
5.027088e-01	1.196890e-01	3.403149e-01
5.845724e-01	1.187809e-01	3.893306e-01
4.835017e-01	7.122006e-02	2.273705e-01
6.104568e-01	6.514156e-02	2.746478e-01
5.418062e-01	8.194833e-01	-3.095986e-01
5.354686e-01	8.403003e-01	-2.894542e-01
5.310541e-01	8.401304e-01	-2.894917e-01
5.272123e-01	8.398255e-01	-2.894230e-01
5.478458e-01	8.411264e-01	-2.912436e-01
5.520512e-01	8.415340e-01	-2.912557e-01
5.563437e-01	8.419102e-01	-2.911282e-01
5.238789e-01	8.337838e-01	-1.645592e-01
5.626539e-01	8.355531e-01	-1.722132e-01
5.351728e-01	7.990345e-01	-2.622356e-01
5.499809e-01	7.991620e-01	-2.642114e-01
4.976620e-01	7.204314e-01	-9.393772e-02
5.974934e-01	7.220338e-01	-7.646018e-02
4.712918e-01	6.093845e-01	-8.964495e-02
6.352479e-01	5.989491e-01	-6.884967e-02
4.483825e-01	5.134474e-01	-2.348098e-01
6.561316e-01	4.870647e-01	-1.979235e-01
4.397197e-01	4.731170e-01	-2.762940e-01
6.652945e-01	4.455886e-01	-2.428174e-01
4.438863e-01	4.724569e-01	-2.940026e-01
6.573707e-01	4.404093e-01	-2.758358e-01
4.506815e-01	4.869570e-01	-2.528751e-01
6.521643e-01	4.569506e-01	-2.165314e-01
5.159513e-01	4.363703e-01	-1.580363e-03
5.751215e-01	4.350487e-01	1.761423e-03
4.998869e-01	2.658103e-01	3.505358e-02
6.012438e-01	2.647244e-01	7.712398e-02
4.979478e-01	1.356627e-01	3.158832e-01
5.919594e-01	1.326500e-01	3.572375e-01
5.032554e-01	1.191168e-01	3.338229e-01
5.848077e-01	1.178535e-01	3.772460e-01
4.837922e-01	7.031933e-02	2.186859e-01
6.105441e-01	6.521222e-02	2.595755e-01
5.420836e-01	8.259844e-01	-3.390917e-01
5.359279e-01	8.475249e-01	-3.192369e-01
5.315207e-01	8.473551e-01	-3.192614e-01
5.276760e-01	8.469136e-01	-3.191882e-01
5.483593e-01	8.483251e-01	-3.218362e-01
5.526212e-01	8.486278e-01	-3.218568e-01
5.569974e-01	8.485362e-01	-3.217478e-01
5.245646e-01	8.403642e-01	-1.924836e-01
5.633250e-01	8.406882e-01	-2.034307e-01
5.354387e-01	8.059582e-01	-2.904256e-01
5.502860e-01	8.055840e-01	-2.933946e-01
4.982260e-01	7.297881e-01	-1.117679e-01
5.980335e-01	7.261485e-01	-1.092446e-01
4.723448e-01	6.098064e-01	-7.658477e-02
6.349304e-01	5.935537e-01	-8.334981e-02
4.493053e-01	5.029013e-01	-1.841027e-01
6.546372e-01	4.790290e-01	-2.025605e-01
4.409812e-01	4.619079e-01	-2.194810e-01
6.624184e-01	4.319758e-01	-2.427665e-01
4.450434e-01	4.584394e-01	-2.571532e-01
6.545284e-01	4.300070e-01	-2.784112e-01
4.515401e-01	4.738046e-01	-2.031546e-01
6.494026e-01	4.462635e-01	-2.211950e-01
5.160238e-01	4.425055e-01	-1.542098e-03
5.749303e-01	4.413437e-01	1.716638e-03
4.997644e-01	2.700095e-01	3.160483e-02
5.974042e-01	2.701333e-01	7.412992e-02
4.983237e-01	1.356829e-01	2.944463e-01
5.919315e-01	1.325999e-01	3.497885e-01
5.036352e-01	1.189265e-01	3.118913e-01
5.848299e-01	1.153738e-01	3.693104e-01
4.839931e-01	6.868844e-02	1.927364e-01
6.108285e-01	6.435703e-02	2.501886e-01
5.441701e-01	8.354189e-01	-3.568349e-01
5.375859e-01	8.558865e-01	-3.376244e-01
5.333537e-01	8.557639e-01	-3.376464e-01
5.290380e-01	8.551722e-01	-3.375708e-01
5.501746e-01	8.561389e-01	-3.390539e-01
5.547899e-01	8.559191e-01	-3.390856e-01
5.588706e-01	8.553047e-01	-3.389729e-01
5.255363e-01	8.460308e-01	-2.117202e-01
5.648706e-01	8.445331e-01	-2.174945e-01
5.366958e-01	8.142397e-01	-3.083911e-01
5.519937e-01	8.136276e-01	-3.098703e-01
4.982274e-01	7.334273e-01	-1.277102e-01
5.981362e-01	7.293036e-01	-1.240440e-01
4.739124e-01	6.076887e-01	-8.718246e-02
6.343565e-01	5.915610e-01	-9.095622e-02
4.499968e-01	4.933977e-01	-1.940098e-01
6.531638e-01	4.713190e-01	-2.020001e-01
4.420737e-01	4.523588e-01	-2.283533e-01
6.609464e-01	4.262380e-01	-2.391369e-01
4.464685e-01	4.487957e-01	-2.657911e-01
6.530303e-01	4.263814e-01	-2.758855e-01
4.529765e-01	4.649040e-01	-2.124264e-01
6.479892e-01	4.433203e-01	-2.207195e-01
5.161711e-01	4.464174e-01	-9.823164e-04
5.748913e-01	4.458586e-01	1.123560e-03
4.996349e-01	2.711590e-01	4.018440e-02
5.940958e-01	2.718959e-01	7.536536e-02
4.994159e-01	1.351369e-01	2.988382e-01
5.917036e-01	1.314776e-01	3.503335e-01
5.049695e-01	1.178232e-01	3.184997e-01
5.848283e-01	1.120626e-01	3.700023e-01
4.842733e-01	6.730629e-02	2.017840e-01
6.108838e-01	6.243332e-02	2.486855e-01
5.460843e-01	8.378322e-01	-3.654281e-01
5.391846e-01	8.585898e-01	-3.472942e-01
5.351152e-01	8.584167e-01	-3.473072e-01
5.305204e-01	8.578530e-01	-3.472252e-01
5.517831e-01	8.589074e-01	-3.478890e-01
5.565652e-01	8.585383e-01	-3.479185e-01
5.602906e-01	8.579117e-01	-3.478051e-01
5.266291e-01	8.486398e-01	-2.228486e-01
5.662185e-01	8.474687e-01	-2.248324e-01
5.381379e-01	8.169096e-01	-3.171849e-01
5.536745e-01	8.165108e-01	-3.175696e-01
4.984577e-01	7.362083e-01	-1.370568e-01
5.980364e-01	7.312927e-01	-1.296278e-01
4.758011e-01	6.067429e-01	-9.283549e-02
6.326821e-01	5.918586e-01	-9.267570e-02
4.509774e-01	4.911365e-01	-2.004952e-01
6.523677e-01	4.698609e-01	-1.976490e-01
4.425882e-01	4.490888e-01	-2.344527e-01
6.583634e-01	4.261764e-01	-2.327240e-01
4.477295e-01	4.456402e-01	-2.719889e-01
6.525823e-01	4.270165e-01	-2.704603e-01
4.539864e-01	4.622493e-01	-2.188341e-01
6.474661e-01	4.437709e-01	-2.164640e-01
5.161614e-01	4.533552e-01	-9.755382e-04
5.739857e-01	4.513799e-01	1.113254e-03
4.996086e-01	2.730617e-01	3.404477e-02
5.921532e-01	2.742867e-01	7.117341e-02
4.996435e-01	1.351900e-01	2.840396e-01
5.914777e-01	1.309404e-01	3.415219e-01
5.051459e-01	1.180071e-01	3.014699e-01
5.848256e-01	1.111938e-01	3.618470e-01
4.849643e-01	6.645659e-02	1.803822e-01
6.110147e-01	6.148453e-02	2.423904e-01
5.471694e-01	8.430755e-01	-3.790430e-01
5.402548e-01	8.630259e-01	-3.608543e-01
5.362786e-01	8.627775e-01	-3.608764e-01
5.316042e-01	8.621051e-01	-3.608082e-01
5.528524e-01	8.633162e-01	-3.613999e-01
5.577289e-01	8.628356e-01	-3.614403e-01
5.613068e-01	8.621812e-01	-3.613434e-01
5.275879e-01	8.517456e-01	-2.359162e-01
5.673361e-01	8.503548e-01	-2.376795e-01
5.390481e-01	8.215076e-01	-3.306471e-01
5.547732e-01	8.207727e-01	-3.309785e-01
4.987851e-01	7.367365e-01	-1.495052e-01
5.981027e-01	7.313054e-01	-1.417972e-01
4.768218e-01	6.028919e-01	-1.050573e-01
6.286215e-01	5.900307e-01	-9.837832e-02
4.530181e-01	4.827482e-01	-2.101037e-01
6.485805e-01	4.647121e-01	-2.038790e-01
4.434200e-01	4.401981e-01	-2.443656e-01
6.515151e-01	4.235621e-01	-2.381047e-01
4.482964e-01	4.372244e-01	-2.810450e-01
6.457810e-01	4.237644e-01	-2.766766e-01
4.540824e-01	4.542098e-01	-2.281583e-01
6.413245e-01	4.381823e-01	-2.228901e-01
5.164838e-01	4.548437e-01	-1.011571e-03
5.738404e-01	4.542991e-01	1.140042e-03
4.996270e-01	2.733601e-01	3.357964e-02
5.913254e-01	2.763536e-01	6.779739e-02
4.995876e-01	1.344866e-01	2.812272e-01
5.913223e-01	1.293972e-01	3.370390e-01
5.050848e-01	1.175789e-01	2.981944e-01
5.848259e-01	1.097514e-01	3.526423e-01
4.855596e-01	6.583007e-02	1.735785e-01
6.111834e-01	6.128045e-02	2.225531e-01
5.482046e-01	8.457412e-01	-3.619058e-01
5.412437e-01	8.656462e-01	-3.427026e-01
5.372449e-01	8.653855e-01	-3.427307e-01
5.325239e-01	8.647798e-01	-3.426738e-01
5.538285e-01	8.658456e-01	-3.432522e-01
5.586536e-01	8.652829e-01	-3.432915e-01
5.621402e-01	8.646923e-01	-3.431982e-01
5.282116e-01	8.539881e-01	-2.182243e-01
5.681572e-01	8.526932e-01	-2.198014e-01
5.400075e-01	8.241494e-01	-3.142233e-01
5.558874e-01	8.233877e-01	-3.144825e-01
4.991060e-01	7.354311e-01	-1.367458e-01
5.982815e-01	7.307297e-01	-1.308604e-01
4.772674e-01	5.979391e-01	-1.026365e-01
6.230855e-01	5.882877e-01	-9.539126e-02
4.552253e-01	4.793668e-01	-2.047386e-01
6.412508e-01	4.657995e-01	-2.001992e-01
4.453134e-01	4.367326e-01	-2.396761e-01
6.440494e-01	4.250428e-01	-2.364938e-01
4.494981e-01	4.336199e-01	-2.776442e-01
6.393074e-01	4.255927e-01	-2.753062e-01
4.562299e-01	4.505016e-01	-2.234531e-01
6.345528e-01	4.398690e-01	-2.197333e-01
5.171101e-01	4.534722e-01	-9.022970e-04
5.738810e-01	4.533727e-01	1.020173e-03
4.996005e-01	2.733472e-01	3.266783e-02
5.918099e-01	2.756951e-01	6.221031e-02
4.995707e-01	1.342643e-01	2.835947e-01
5.911204e-01	1.292252e-01	3.349122e-01
5.050321e-01	1.176989e-01	3.016248e-01
5.846386e-01	1.100375e-01	3.523017e-01
4.859545e-01	6.481869e-02	1.765918e-01
6.111795e-01	6.134431e-02	2.217308e-01
5.488449e-01	8.470343e-01	-3.588087e-01
5.418485e-01	8.672798e-01	-3.394975e-01
5.378319e-01	8.671469e-01	-3.395247e-01
5.330806e-01	8.666874e-01	-3.394703e-01
5.545171e-01	8.672640e-01	-3.390871e-01
5.593369e-01	8.666601e-01	-3.391260e-01
5.628067e-01	8.661339e-01	-3.390282e-01
5.286211e-01	8.557127e-01	-2.148988e-01
5.687444e-01	8.539156e-01	-2.124603e-01
5.405771e-01	8.253334e-01	-3.112857e-01
5.565637e-01	8.242148e-01	-3.102842e-01
4.991101e-01	7.332802e-01	-1.360410e-01
5.984285e-01	7.306623e-01	-1.233308e-01
4.781469e-01	5.932428e-01	-1.075475e-01
6.182498e-01	5.885991e-01	-8.474256e-02
4.585807e-01	4.740544e-01	-2.142274e-01
6.337149e-01	4.660594e-01	-1.943456e-01
4.493632e-01	4.313658e-01	-2.546956e-01
6.382260e-01	4.232716e-01	-2.326566e-01
4.536602e-01	4.284951e-01	-2.974667e-01
6.330262e-01	4.238481e-01	-2.724532e-01
4.607604e-01	4.439792e-01	-2.360937e-01
6.279888e-01	4.385423e-01	-2.145565e-01
5.173097e-01	4.528965e-01	-1.544995e-03
5.741758e-01	4.525793e-01	1.657936e-03
4.996501e-01	2.756249e-01	2.547165e-02
5.920797e-01	2.760348e-01	6.496227e-02
4.995386e-01	1.340093e-01	2.805772e-01
5.910236e-01	1.293274e-01	3.378059e-01
5.050179e-01	1.177519e-01	2.986071e-01
5.844672e-01	1.106902e-01	3.560420e-01
4.863726e-01	6.391095e-02	1.702501e-01
6.112059e-01	6.138226e-02	2.234349e-01
5.488215e-01	8.492072e-01	-3.662989e-01
5.418128e-01	8.689391e-01	-3.467446e-01
5.377704e-01	8.688555e-01	-3.467797e-01
5.330278e-01	8.683006e-01	-3.467361e-01
5.545318e-01	8.687938e-01	-3.464015e-01
5.593624e-01	8.682507e-01	-3.464499e-01
5.628827e-01	8.675965e-01	-3.463457e-01
5.285792e-01	8.570225e-01	-2.213664e-01
5.687038e-01	8.547494e-01	-2.189394e-01
5.405272e-01	8.270669e-01	-3.185757e-01
5.565308e-01	8.258175e-01	-3.176643e-01
4.989328e-01	7.335435e-01	-1.406538e-01
5.982147e-01	7.311031e-01	-1.288743e-01
4.785927e-01	5.914373e-01	-1.085830e-01
6.120136e-01	5.891243e-01	-8.784873e-02
4.617335e-01	4.715543e-01	-2.161909e-01
6.242909e-01	4.652322e-01	-1.951461e-01
4.533899e-01	4.277988e-01	-2.554092e-01
6.295396e-01	4.234292e-01	-2.334019e-01
4.588462e-01	4.255673e-01	-2.970329e-01
6.250106e-01	4.236700e-01	-2.731925e-01
4.661726e-01	4.411251e-01	-2.363507e-01
6.200659e-01	4.383804e-01	-2.151800e-01
5.171922e-01	4.536689e-01	-1.278145e-03
5.740523e-01	4.544908e-01	1.383306e-03
4.996006e-01	2.775134e-01	2.883019e-02
5.908820e-01	2.771356e-01	6.610882e-02
4.986686e-01	1.339685e-01	2.830151e-01
5.907124e-01	1.297789e-01	3.362646e-01
5.037917e-01	1.177941e-01	3.006913e-01
5.842304e-01	1.117049e-01	3.549746e-01
4.862097e-01	6.392340e-02	1.710168e-01
6.108669e-01	6.146095e-02	2.230418e-01
5.487064e-01	8.494887e-01	-3.781982e-01
5.416963e-01	8.691272e-01	-3.583105e-01
5.376288e-01	8.690603e-01	-3.583509e-01
5.329224e-01	8.684123e-01	-3.583100e-01
5.544058e-01	8.690000e-01	-3.581375e-01
5.592152e-01	8.685765e-01	-3.581924e-01
5.627884e-01	8.678109e-01	-3.580940e-01
5.285639e-01	8.573352e-01	-2.308106e-01
5.686425e-01	8.553005e-01	-2.288116e-01
5.404354e-01	8.274126e-01	-3.296389e-01
5.563725e-01	8.264419e-01	-3.288701e-01
4.988341e-01	7.345523e-01	-1.468346e-01
5.971970e-01	7.317149e-01	-1.381042e-01
4.788518e-01	5.901464e-01	-1.145473e-01
6.076146e-01	5.879070e-01	-9.047942e-02
4.634193e-01	4.695067e-01	-2.181223e-01
6.188198e-01	4.556279e-01	-2.035734e-01
4.553843e-01	4.264739e-01	-2.579578e-01
6.221244e-01	4.146785e-01	-2.416434e-01
4.606081e-01	4.243077e-01	-2.993743e-01
6.181020e-01	4.131778e-01	-2.807229e-01
4.677729e-01	4.393633e-01	-2.387720e-01
6.130167e-01	4.279047e-01	-2.232228e-01
5.171760e-01	4.560844e-01	-1.270706e-03
5.738372e-01	4.570902e-01	1.376590e-03
4.996176e-01	2.797837e-01	3.033940e-02
5.897820e-01	2.788476e-01	6.762682e-02
4.977902e-01	1.334421e-01	2.777279e-01
5.900782e-01	1.299123e-01	3.336508e-01
5.021642e-01	1.170063e-01	2.938071e-01
5.838076e-01	1.118085e-01	3.507813e-01
4.858269e-01	6.402361e-02	1.600180e-01
6.101319e-01	6.166315e-02	2.163042e-01
5.485925e-01	8.496380e-01	-3.865837e-01
5.416028e-01	8.692135e-01	-3.673779e-01
5.375325e-01	8.691558e-01	-3.674221e-01
5.328569e-01	8.684723e-01	-3.673838e-01
5.543029e-01	8.691033e-01	-3.669129e-01
5.590937e-01	8.687732e-01	-3.669693e-01
5.627030e-01	8.679703e-01	-3.668681e-01
5.283661e-01	8.577766e-01	-2.420146e-01
5.685587e-01	8.558123e-01	-2.384425e-01
5.403858e-01	8.276851e-01	-3.386851e-01
5.562953e-01	8.268191e-01	-3.374932e-01
4.986592e-01	7.350652e-01	-1.585548e-01
5.963511e-01	7.321925e-01	-1.456950e-01
4.793359e-01	5.892325e-01	-1.276035e-01
6.042341e-01	5.850006e-01	-9.607141e-02
4.659683e-01	4.658254e-01	-2.285914e-01
6.150829e-01	4.498136e-01	-2.048830e-01
4.589540e-01	4.224828e-01	-2.675723e-01
6.183776e-01	4.096471e-01	-2.416170e-01
4.639544e-01	4.202009e-01	-3.054869e-01
6.147524e-01	4.068533e-01	-2.821186e-01
4.707399e-01	4.347253e-01	-2.472757e-01
6.094425e-01	4.188317e-01	-2.247705e-01
5.172002e-01	4.579363e-01	-1.868361e-03
5.737486e-01	4.583106e-01	1.954579e-03
4.996896e-01	2.809797e-01	2.983038e-02
5.892719e-01	2.794170e-01	6.811171e-02
4.967605e-01	1.333789e-01	2.700233e-01
5.895935e-01	1.299649e-01	3.283503e-01
5.008363e-01	1.169674e-01	2.856276e-01
5.833963e-01	1.118527e-01	3.449873e-01
4.852757e-01	6.410462e-02	1.519374e-01
6.097099e-01	6.181056e-02	2.117215e-01
5.485299e-01	8.502786e-01	-4.019738e-01
5.415652e-01	8.698584e-01	-3.829159e-01
5.374879e-01	8.697701e-01	-3.829622e-01
5.328327e-01	8.690713e-01	-3.829308e-01
5.542415e-01	8.696944e-01	-3.823078e-01
5.590180e-01	8.693804e-01	-3.823675e-01
5.626346e-01	8.685220e-01	-3.822784e-01
5.280479e-01	8.584446e-01	-2.564987e-01
5.683281e-01	8.561724e-01	-2.522054e-01
5.402716e-01	8.284302e-01	-3.535040e-01
5.561662e-01	8.274741e-01	-3.521117e-01
4.982346e-01	7.357818e-01	-1.690516e-01
5.954673e-01	7.324725e-01	-1.562613e-01
4.799241e-01	5.885839e-01	-1.354922e-01
6.021900e-01	5.829420e-01	-1.071693e-01
4.678635e-01	4.649887e-01	-2.331988e-01
6.120425e-01	4.490964e-01	-2.082742e-01
4.613549e-01	4.218484e-01	-2.711999e-01
6.151437e-01	4.094627e-01	-2.450299e-01
4.661620e-01	4.193420e-01	-3.071882e-01
6.108856e-01	4.068962e-01	-2.846197e-01
4.728126e-01	4.333575e-01	-2.508355e-01
6.068286e-01	4.178981e-01	-2.277824e-01
5.173871e-01	4.607297e-01	-3.039613e-03
5.737009e-01	4.613470e-01	3.105622e-03
4.998349e-01	2.823085e-01	2.940176e-02
5.882896e-01	2.805370e-01	7.303941e-02
4.961628e-01	1.334268e-01	2.683643e-01
5.890881e-01	1.299395e-01	3.284225e-01
4.999456e-01	1.170610e-01	2.838207e-01
5.830671e-01	1.118946e-01	3.453006e-01
4.850852e-01	6.424206e-02	1.497365e-01
6.093463e-01	6.202655e-02	2.133330e-01
5.483230e-01	8.511055e-01	-3.889138e-01
5.413928e-01	8.705482e-01	-3.697084e-01
5.371460e-01	8.704172e-01	-3.697571e-01
5.326326e-01	8.697253e-01	-3.697262e-01
5.541242e-01	8.702744e-01	-3.695513e-01
5.588824e-01	8.699785e-01	-3.696123e-01
5.625833e-01	8.690565e-01	-3.695229e-01
5.275308e-01	8.590438e-01	-2.442597e-01
5.679451e-01	8.564656e-01	-2.419608e-01
5.398812e-01	8.291586e-01	-3.408641e-01
5.557984e-01	8.279197e-01	-3.400431e-01
4.978883e-01	7.369536e-01	-1.590186e-01
5.945903e-01	7.327044e-01	-1.484432e-01
4.804101e-01	5.889076e-01	-1.297940e-01
5.999217e-01	5.804890e-01	-1.039331e-01
4.712245e-01	4.672545e-01	-2.226682e-01
6.046575e-01	4.478884e-01	-1.989130e-01
4.658447e-01	4.230266e-01	-2.602533e-01
6.063770e-01	4.098387e-01	-2.342169e-01
4.713673e-01	4.212655e-01	-2.933735e-01
6.023489e-01	4.062432e-01	-2.740878e-01
4.777574e-01	4.358360e-01	-2.388988e-01
5.990017e-01	4.181802e-01	-2.180050e-01
5.171248e-01	4.608299e-01	-3.964725e-03
5.732291e-01	4.612156e-01	4.015995e-03
4.998454e-01	2.811334e-01	2.911722e-02
5.871609e-01	2.807086e-01	7.400868e-02
4.954804e-01	1.332134e-01	2.674449e-01
5.886714e-01	1.301774e-01	3.293141e-01
4.992165e-01	1.168838e-01	2.831196e-01
5.825148e-01	1.119410e-01	3.461513e-01
4.848924e-01	6.430399e-02	1.499774e-01
6.086910e-01	6.241792e-02	2.151609e-01
5.482246e-01	8.515300e-01	-3.917281e-01
5.413223e-01	8.708229e-01	-3.725064e-01
5.370088e-01	8.706838e-01	-3.725386e-01
5.325369e-01	8.699309e-01	-3.724871e-01
5.540116e-01	8.705244e-01	-3.723584e-01
5.587353e-01	8.702238e-01	-3.724318e-01
5.625142e-01	8.692508e-01	-3.723474e-01
5.272263e-01	8.590545e-01	-2.472192e-01
5.676278e-01	8.565545e-01	-2.451074e-01
5.397059e-01	8.295580e-01	-3.438261e-01
5.555410e-01	8.282073e-01	-3.430370e-01
4.974682e-01	7.361522e-01	-1.592748e-01
5.942903e-01	7.326115e-01	-1.561783e-01
4.815407e-01	5.866054e-01	-1.278701e-01
5.988964e-01	5.778197e-01	-1.140172e-01
4.741169e-01	4.588588e-01	-2.227531e-01
6.032141e-01	4.373737e-01	-2.059904e-01
4.690648e-01	4.142442e-01	-2.604117e-01
6.065235e-01	3.981994e-01	-2.413078e-01
4.756786e-01	4.130051e-01	-2.937302e-01
6.011940e-01	3.943353e-01	-2.829316e-01
4.816019e-01	4.280065e-01	-2.392649e-01
5.967184e-01	4.083319e-01	-2.247166e-01
5.162616e-01	4.600010e-01	-3.574444e-03
5.725163e-01	4.605013e-01	3.623005e-03
4.999939e-01	2.804790e-01	2.895683e-02
5.867759e-01	2.805605e-01	7.165441e-02
4.953249e-01	1.330169e-01	2.700518e-01
5.886018e-01	1.302237e-01	3.268633e-01
4.990900e-01	1.164775e-01	2.862016e-01
5.824286e-01	1.120146e-01	3.438925e-01
4.845838e-01	6.434336e-02	1.558209e-01
6.082751e-01	6.263079e-02	2.128839e-01
