5.634963e-01	7.461119e-01	-2.459461e-01
5.569602e-01	7.617674e-01	-2.304718e-01
5.527090e-01	7.619040e-01	-2.304671e-01
5.480148e-01	7.618359e-01	-2.304015e-01
5.685445e-01	7.613685e-01	-2.297299e-01
5.726137e-01	7.614644e-01	-2.297978e-01
5.765392e-01	7.616686e-01	-2.297072e-01
5.417170e-01	7.545062e-01	-1.318021e-01
5.783704e-01	7.547059e-01	-1.290434e-01
5.552748e-01	7.258931e-01	-2.088080e-01
5.692902e-01	7.242671e-01	-2.077103e-01
5.134769e-01	6.537842e-01	-7.548006e-02
6.047720e-01	6.477946e-01	-7.625880e-02
5.061638e-01	5.145718e-01	-5.011250e-02
6.132923e-01	5.182456e-01	-5.326099e-02
5.002043e-01	4.050953e-01	-1.200400e-01
6.133451e-01	4.009938e-01	-1.320857e-01
4.961928e-01	3.667459e-01	-1.485356e-01
6.182069e-01	3.634149e-01	-1.621071e-01
5.030208e-01	3.702774e-01	-1.790825e-01
6.126560e-01	3.633240e-01	-1.910579e-01
5.072882e-01	3.813421e-01	-1.341328e-01
6.080818e-01	3.744166e-01	-1.466719e-01
5.339941e-01	3.965366e-01	6.001186e-03
5.857487e-01	3.962884e-01	-5.931910e-03
5.263050e-01	2.334568e-01	6.547625e-02
5.929024e-01	2.320573e-01	1.626641e-02
5.276663e-01	9.091598e-02	2.189855e-01
5.947570e-01	6.929290e-02	1.312380e-01
5.336578e-01	6.662971e-02	2.302547e-01
5.919637e-01	5.344957e-02	1.372962e-01
5.061497e-01	4.003283e-02	1.475555e-01
6.044933e-01	2.729982e-02	3.388979e-02
5.631377e-01	7.463148e-01	-2.393837e-01
5.568079e-01	7.618499e-01	-2.242057e-01
5.526629e-01	7.619500e-01	-2.242043e-01
5.480099e-01	7.618671e-01	-2.241516e-01
5.682163e-01	7.614734e-01	-2.234899e-01
5.723154e-01	7.615374e-01	-2.235584e-01
5.760814e-01	7.616959e-01	-2.234522e-01
5.419524e-01	7.545652e-01	-1.295052e-01
5.784085e-01	7.548668e-01	-1.272763e-01
5.551347e-01	7.263286e-01	-2.039905e-01
5.691341e-01	7.251686e-01	-2.030716e-01
5.139130e-01	6.540336e-01	-7.609068e-02
6.047520e-01	6.490277e-01	-7.551544e-02
5.061167e-01	5.173968e-01	-5.951826e-02
6.133223e-01	5.178638e-01	-5.477369e-02
4.997469e-01	4.046803e-01	-1.339628e-01
6.144958e-01	4.009546e-01	-1.345678e-01
4.947055e-01	3.665085e-01	-1.640773e-01
6.190125e-01	3.632639e-01	-1.655567e-01
5.027588e-01	3.693729e-01	-1.956196e-01
6.127986e-01	3.632422e-01	-1.958579e-01
5.071918e-01	3.801430e-01	-1.483465e-01
6.081144e-01	3.743786e-01	-1.496860e-01
5.339979e-01	3.983829e-01	6.026410e-03
5.858146e-01	3.991291e-01	-5.952881e-03
5.264293e-01	2.349665e-01	4.880439e-02
5.928698e-01	2.331355e-01	2.232975e-02
5.276641e-01	8.841597e-02	1.779207e-01
5.951294e-01	7.079272e-02	1.440040e-01
5.350660e-01	6.364539e-02	1.862159e-01
5.919605e-01	5.341241e-02	1.500306e-01
5.050238e-01	3.973742e-02	1.051318e-01
6.091167e-01	2.921270e-02	5.175117e-02
5.626520e-01	7.470351e-01	-2.339858e-01
5.566187e-01	7.622743e-01	-2.181685e-01
5.525901e-01	7.623026e-01	-2.181737e-01
5.479957e-01	7.621420e-01	-2.181300e-01
5.678545e-01	7.619473e-01	-2.180536e-01
5.719880e-01	7.619160e-01	-2.181199e-01
5.756668e-01	7.619247e-01	-2.180113e-01
5.422074e-01	7.546995e-01	-1.226219e-01
5.784818e-01	7.549832e-01	-1.230109e-01
5.548745e-01	7.273523e-01	-1.982935e-01
5.688309e-01	7.263601e-01	-1.980865e-01
5.143963e-01	6.546969e-01	-7.086880e-02
6.047317e-01	6.493164e-01	-7.433170e-02
5.059018e-01	5.204796e-01	-5.810424e-02
6.133325e-01	5.175725e-01	-5.674767e-02
4.984933e-01	4.056492e-01	-1.333369e-01
6.154581e-01	4.006309e-01	-1.383313e-01
4.918447e-01	3.676382e-01	-1.633075e-01
6.198962e-01	3.621798e-01	-1.701177e-01
5.004227e-01	3.695076e-01	-1.951596e-01
6.132970e-01	3.622333e-01	-2.011574e-01
5.058707e-01	3.802806e-01	-1.479875e-01
6.084481e-01	3.738471e-01	-1.538820e-01
5.341548e-01	3.991933e-01	7.843579e-03
5.859110e-01	4.001402e-01	-7.753968e-03
5.264064e-01	2.354076e-01	4.526319e-02
5.927426e-01	2.341657e-01	2.216609e-02
5.276302e-01	8.735771e-02	1.698155e-01
5.951315e-01	7.346070e-02	1.458803e-01
5.356776e-01	6.237416e-02	1.774920e-01
5.919016e-01	5.357791e-02	1.519797e-01
5.015341e-01	3.977193e-02	9.547638e-02
6.094826e-01	3.076513e-02	5.383683e-02
5.624683e-01	7.470953e-01	-2.247614e-01
5.565523e-01	7.623361e-01	-2.092807e-01
5.525733e-01	7.623560e-01	-2.092831e-01
5.479954e-01	7.621854e-01	-2.092343e-01
5.677606e-01	7.620087e-01	-2.088717e-01
5.719222e-01	7.619536e-01	-2.089290e-01
5.755483e-01	7.619318e-01	-2.088212e-01
5.423928e-01	7.547464e-01	-1.155689e-01
5.786489e-01	7.549906e-01	-1.146316e-01
5.547645e-01	7.275136e-01	-1.898229e-01
5.687565e-01	7.265348e-01	-1.892070e-01
5.147400e-01	6.548676e-01	-6.837213e-02
6.047401e-01	6.493165e-01	-6.557620e-02
5.055746e-01	5.210487e-01	-5.722355e-02
6.138492e-01	5.145882e-01	-5.237978e-02
4.969918e-01	4.056983e-01	-1.314177e-01
6.166856e-01	3.986588e-01	-1.351494e-01
4.896562e-01	3.676495e-01	-1.609909e-01
6.211498e-01	3.600659e-01	-1.670141e-01
4.977711e-01	3.690807e-01	-1.927136e-01
6.144229e-01	3.597625e-01	-1.992274e-01
5.038300e-01	3.796712e-01	-1.460201e-01
6.094209e-01	3.722350e-01	-1.512681e-01
5.344192e-01	3.991759e-01	7.307040e-03
5.862148e-01	4.000538e-01	-7.203970e-03
5.259341e-01	2.353933e-01	3.663482e-02
5.927568e-01	2.344351e-01	2.222423e-02
5.274613e-01	8.635062e-02	1.579616e-01
5.951307e-01	7.334288e-02	1.439691e-01
5.358209e-01	6.118546e-02	1.651868e-01
5.917585e-01	5.078940e-02	1.498424e-01
4.984670e-01	3.977571e-02	8.251844e-02
6.120747e-01	3.070353e-02	5.092912e-02
5.621070e-01	7.470779e-01	-2.205843e-01
5.563571e-01	7.623215e-01	-2.049876e-01
5.523954e-01	7.623405e-01	-2.049899e-01
5.479047e-01	7.621657e-01	-2.049390e-01
5.675671e-01	7.619940e-01	-2.050377e-01
5.717579e-01	7.619264e-01	-2.050927e-01
5.753628e-01	7.618663e-01	-2.049789e-01
5.424422e-01	7.547360e-01	-1.114596e-01
5.787597e-01	7.549248e-01	-1.123708e-01
5.545291e-01	7.275087e-01	-1.857579e-01
5.685967e-01	7.265257e-01	-1.857125e-01
5.150238e-01	6.549934e-01	-6.575543e-02
6.049004e-01	6.493020e-01	-6.349544e-02
5.045382e-01	5.212827e-01	-5.678032e-02
6.151520e-01	5.136435e-01	-5.182427e-02
4.950173e-01	4.063757e-01	-1.306501e-01
6.190021e-01	3.972112e-01	-1.350482e-01
4.870343e-01	3.687510e-01	-1.600561e-01
6.236888e-01	3.584064e-01	-1.669254e-01
4.947428e-01	3.693286e-01	-1.921085e-01
6.165419e-01	3.578267e-01	-1.984781e-01
5.013481e-01	3.797681e-01	-1.454197e-01
6.114713e-01	3.710022e-01	-1.511185e-01
5.344242e-01	3.990770e-01	7.211115e-03
5.868981e-01	3.997256e-01	-7.101764e-03
5.250469e-01	2.353809e-01	3.710742e-02
5.926999e-01	2.343374e-01	2.467992e-02
5.274376e-01	8.564144e-02	1.606807e-01
5.950044e-01	7.325793e-02	1.501687e-01
5.360449e-01	6.054654e-02	1.681009e-01
5.913667e-01	4.969792e-02	1.562136e-01
4.973911e-01	3.974446e-02	8.534124e-02
6.127192e-01	3.070274e-02	5.824802e-02
5.622293e-01	7.460461e-01	-2.159965e-01
5.564066e-01	7.616746e-01	-2.006675e-01
5.524539e-01	7.616973e-01	-2.006713e-01
5.479876e-01	7.615425e-01	-2.006230e-01
5.677456e-01	7.613016e-01	-2.004190e-01
5.719563e-01	7.612346e-01	-2.004694e-01
5.754979e-01	7.610615e-01	-2.003624e-01
5.426260e-01	7.544190e-01	-1.077692e-01
5.792956e-01	7.545586e-01	-1.072286e-01
5.545491e-01	7.266623e-01	-1.813221e-01
5.687796e-01	7.261171e-01	-1.808272e-01
5.152215e-01	6.549667e-01	-6.313894e-02
6.051436e-01	6.492829e-01	-5.668236e-02
5.036389e-01	5.222018e-01	-5.661082e-02
6.163963e-01	5.137319e-01	-4.422192e-02
4.929952e-01	4.095012e-01	-1.315708e-01
6.209795e-01	3.959217e-01	-1.281678e-01
4.847713e-01	3.717635e-01	-1.609360e-01
6.261946e-01	3.573162e-01	-1.590078e-01
4.922389e-01	3.712489e-01	-1.935691e-01
6.190569e-01	3.563896e-01	-1.910747e-01
4.991837e-01	3.821403e-01	-1.466635e-01
6.142159e-01	3.699274e-01	-1.443887e-01
5.344251e-01	3.986773e-01	6.085086e-03
5.876850e-01	3.989514e-01	-5.965767e-03
5.232874e-01	2.347063e-01	3.034548e-02
5.928737e-01	2.341302e-01	2.431392e-02
5.274442e-01	8.458225e-02	1.528258e-01
5.949056e-01	7.277321e-02	1.484967e-01
5.364725e-01	5.946757e-02	1.599758e-01
5.904564e-01	4.726856e-02	1.550991e-01
4.964889e-01	3.944828e-02	7.672863e-02
6.134681e-01	3.067604e-02	5.468818e-02
5.621901e-01	7.438495e-01	-2.047289e-01
5.563394e-01	7.599891e-01	-1.893963e-01
5.524029e-01	7.599725e-01	-1.894038e-01
5.479434e-01	7.599202e-01	-1.893623e-01
5.677441e-01	7.594410e-01	-1.891315e-01
5.719649e-01	7.593600e-01	-1.891752e-01
5.755008e-01	7.590892e-01	-1.890750e-01
5.426313e-01	7.530342e-01	-9.706239e-02
5.795992e-01	7.530836e-01	-9.631155e-02
5.544240e-01	7.245843e-01	-1.702674e-01
5.687660e-01	7.245132e-01	-1.697199e-01
5.158128e-01	6.546186e-01	-5.540933e-02
6.055030e-01	6.491156e-01	-4.523259e-02
5.028006e-01	5.238970e-01	-4.966313e-02
6.181225e-01	5.142378e-01	-3.248056e-02
4.912886e-01	4.137196e-01	-1.284558e-01
6.230984e-01	3.959559e-01	-1.164943e-01
4.829333e-01	3.752623e-01	-1.574399e-01
6.291912e-01	3.571557e-01	-1.463945e-01
4.908591e-01	3.743729e-01	-1.909728e-01
6.216270e-01	3.562714e-01	-1.782716e-01
4.980784e-01	3.860747e-01	-1.439884e-01
6.170007e-01	3.699631e-01	-1.326701e-01
5.344285e-01	3.971119e-01	4.747246e-03
5.892242e-01	3.964073e-01	-4.622677e-03
5.215040e-01	2.338641e-01	2.454345e-02
5.932430e-01	2.320357e-01	2.418308e-02
5.275022e-01	8.383062e-02	1.466838e-01
5.944815e-01	7.189216e-02	1.470001e-01
5.371279e-01	5.881615e-02	1.537290e-01
5.888473e-01	4.583756e-02	1.538250e-01
4.964364e-01	3.944724e-02	6.929827e-02
6.141341e-01	3.069110e-02	5.258065e-02
5.616343e-01	7.370618e-01	-1.980998e-01
5.560094e-01	7.552213e-01	-1.831682e-01
5.520198e-01	7.554036e-01	-1.831727e-01
5.477203e-01	7.551553e-01	-1.831314e-01
5.675966e-01	7.547689e-01	-1.830917e-01
5.718952e-01	7.546062e-01	-1.831266e-01
5.754856e-01	7.542552e-01	-1.830252e-01
5.425576e-01	7.482468e-01	-9.124555e-02
5.797560e-01	7.476107e-01	-9.111530e-02
5.538284e-01	7.190142e-01	-1.635340e-01
5.683318e-01	7.189335e-01	-1.631649e-01
5.159346e-01	6.530513e-01	-4.882675e-02
6.055485e-01	6.472534e-01	-4.080012e-02
5.016909e-01	5.259764e-01	-4.330486e-02
6.188406e-01	5.140139e-01	-2.892978e-02
4.900452e-01	4.177830e-01	-1.270853e-01
6.242772e-01	3.961563e-01	-1.150907e-01
4.820476e-01	3.791241e-01	-1.564051e-01
6.314776e-01	3.571750e-01	-1.456162e-01
4.900088e-01	3.786212e-01	-1.905082e-01
6.241199e-01	3.562983e-01	-1.775630e-01
4.971610e-01	3.914196e-01	-1.429792e-01
6.191167e-01	3.700054e-01	-1.314598e-01
5.342802e-01	3.911186e-01	4.636766e-03
5.896910e-01	3.906755e-01	-4.517014e-03
5.198355e-01	2.298495e-01	2.567708e-02
5.939651e-01	2.313301e-01	2.269119e-02
5.277014e-01	8.381121e-02	1.487699e-01
5.939927e-01	7.186938e-02	1.455590e-01
5.381785e-01	5.874354e-02	1.558735e-01
5.878186e-01	4.591097e-02	1.515065e-01
4.962891e-01	3.953706e-02	7.281832e-02
6.143152e-01	3.151855e-02	5.149861e-02
5.616430e-01	7.304954e-01	-1.734141e-01
5.560067e-01	7.499819e-01	-1.584767e-01
5.520171e-01	7.503029e-01	-1.584895e-01
5.477105e-01	7.499419e-01	-1.584431e-01
5.676951e-01	7.491539e-01	-1.581772e-01
5.720460e-01	7.487068e-01	-1.581964e-01
5.756131e-01	7.481906e-01	-1.580628e-01
5.425373e-01	7.417921e-01	-6.959660e-02
5.800800e-01	7.407405e-01	-6.738387e-02
5.537413e-01	7.132251e-01	-1.401180e-01
5.683247e-01	7.124431e-01	-1.391903e-01
5.159925e-01	6.500457e-01	-3.079479e-02
6.055543e-01	6.415383e-01	-2.459253e-02
5.008397e-01	5.299188e-01	-4.440186e-02
6.200690e-01	5.114473e-01	-1.763732e-02
4.889552e-01	4.279971e-01	-1.672138e-01
6.256085e-01	3.965580e-01	-1.038231e-01
4.809270e-01	3.917953e-01	-2.019629e-01
6.334115e-01	3.571268e-01	-1.361445e-01
4.892754e-01	3.917051e-01	-2.318918e-01
6.249697e-01	3.563515e-01	-1.652110e-01
4.963183e-01	4.042667e-01	-1.823633e-01
6.196091e-01	3.700305e-01	-1.189280e-01
5.344259e-01	3.834197e-01	4.581545e-03
5.917640e-01	3.836614e-01	-4.461851e-03
5.177376e-01	2.274624e-01	1.872761e-02
5.963141e-01	2.288046e-01	2.457944e-02
5.276757e-01	8.378094e-02	1.467384e-01
5.936167e-01	7.186031e-02	1.570243e-01
5.382407e-01	5.890950e-02	1.545378e-01
5.873879e-01	4.679198e-02	1.640290e-01
4.960696e-01	3.909907e-02	7.262877e-02
6.146289e-01	3.149561e-02	7.121485e-02
5.616508e-01	7.236971e-01	-1.520412e-01
5.560116e-01	7.424102e-01	-1.361621e-01
5.520183e-01	7.426867e-01	-1.361969e-01
5.477096e-01	7.425127e-01	-1.361731e-01
5.677342e-01	7.412025e-01	-1.360353e-01
5.720778e-01	7.408544e-01	-1.360291e-01
5.756227e-01	7.403147e-01	-1.358812e-01
5.425343e-01	7.345611e-01	-4.558270e-02
5.801171e-01	7.330403e-01	-4.375138e-02
5.536276e-01	7.068459e-01	-1.182230e-01
5.682538e-01	7.052117e-01	-1.174454e-01
5.160323e-01	6.462573e-01	-1.326044e-02
6.055619e-01	6.332387e-01	2.029850e-04
5.000557e-01	5.344251e-01	-4.521691e-02
6.209108e-01	5.087803e-01	8.488858e-03
4.891585e-01	4.398358e-01	-1.857025e-01
6.261489e-01	3.969707e-01	-7.949806e-02
4.806499e-01	4.037933e-01	-2.249579e-01
6.342643e-01	3.571699e-01	-1.129396e-01
4.887889e-01	4.035887e-01	-2.534567e-01
6.255864e-01	3.564600e-01	-1.410342e-01
4.959425e-01	4.167672e-01	-2.006605e-01
6.201454e-01	3.701555e-01	-9.410597e-02
5.350339e-01	3.782451e-01	3.901241e-03
5.929405e-01	3.794305e-01	-3.764040e-03
5.149785e-01	2.237755e-01	-1.060648e-02
5.990661e-01	2.240443e-01	2.109622e-02
5.273259e-01	8.145777e-02	1.250606e-01
5.927235e-01	7.162452e-02	1.597534e-01
5.381800e-01	5.773661e-02	1.337509e-01
5.865973e-01	4.715756e-02	1.676752e-01
4.943554e-01	3.824038e-02	4.955785e-02
6.144258e-01	3.133480e-02	7.572345e-02
5.610675e-01	7.170217e-01	-1.637852e-01
5.556504e-01	7.350268e-01	-1.476409e-01
5.514956e-01	7.352813e-01	-1.476875e-01
5.473370e-01	7.355692e-01	-1.476674e-01
5.675893e-01	7.336105e-01	-1.473218e-01
5.719606e-01	7.332327e-01	-1.473063e-01
5.755475e-01	7.328110e-01	-1.471525e-01
5.421703e-01	7.286158e-01	-5.394847e-02
5.801100e-01	7.256102e-01	-5.133533e-02
5.528151e-01	7.002022e-01	-1.288423e-01
5.677697e-01	6.978566e-01	-1.278069e-01
5.159913e-01	6.398166e-01	-2.020770e-02
6.053832e-01	6.234260e-01	-5.947246e-04
4.992923e-01	5.344161e-01	-5.284823e-02
6.213663e-01	5.043227e-01	9.012883e-03
4.892260e-01	4.476490e-01	-2.030017e-01
6.269020e-01	3.993010e-01	-8.415138e-02
4.808663e-01	4.129651e-01	-2.442789e-01
6.350294e-01	3.589673e-01	-1.180925e-01
4.885018e-01	4.136744e-01	-2.727008e-01
6.260709e-01	3.586684e-01	-1.466102e-01
4.953695e-01	4.255010e-01	-2.181452e-01
6.208806e-01	3.729113e-01	-9.917598e-02
5.351158e-01	3.718167e-01	2.505114e-03
5.928925e-01	3.730420e-01	-2.342718e-03
5.125967e-01	2.185474e-01	-1.280301e-02
6.006724e-01	2.192276e-01	2.155752e-02
5.272390e-01	7.955363e-02	1.320345e-01
5.918174e-01	6.855354e-02	1.680252e-01
5.381457e-01	5.557401e-02	1.415317e-01
5.851322e-01	4.571516e-02	1.764662e-01
4.927229e-01	3.781290e-02	5.907243e-02
6.142119e-01	3.023536e-02	8.681702e-02
5.607532e-01	7.070083e-01	-1.717177e-01
5.554610e-01	7.241685e-01	-1.556935e-01
5.512788e-01	7.248831e-01	-1.557443e-01
5.471634e-01	7.249928e-01	-1.557283e-01
5.674194e-01	7.227900e-01	-1.551277e-01
5.718572e-01	7.224599e-01	-1.550993e-01
5.754203e-01	7.219897e-01	-1.549312e-01
5.419680e-01	7.183898e-01	-5.798821e-02
5.800248e-01	7.147536e-01	-5.402838e-02
5.525187e-01	6.899878e-01	-1.348561e-01
5.674205e-01	6.862447e-01	-1.334739e-01
5.159132e-01	6.325670e-01	-1.755949e-02
6.041702e-01	6.181302e-01	2.705246e-03
4.990233e-01	5.358344e-01	-5.447828e-02
6.217934e-01	5.042076e-01	1.180078e-02
4.894293e-01	4.586335e-01	-2.162820e-01
6.266883e-01	4.033583e-01	-9.006490e-02
4.813501e-01	4.265149e-01	-2.603679e-01
6.344660e-01	3.655715e-01	-1.242996e-01
4.887896e-01	4.256074e-01	-2.873617e-01
6.254773e-01	3.663887e-01	-1.534085e-01
4.955680e-01	4.354372e-01	-2.311993e-01
6.203212e-01	3.803457e-01	-1.052474e-01
5.351406e-01	3.640593e-01	2.255290e-03
5.928083e-01	3.672174e-01	-2.079955e-03
5.089707e-01	2.114723e-01	-2.419719e-02
6.019567e-01	2.148332e-01	1.019662e-02
5.272308e-01	7.940906e-02	1.385888e-01
5.917684e-01	6.625798e-02	1.683279e-01
5.384512e-01	5.566860e-02	1.490141e-01
5.851372e-01	4.434408e-02	1.782150e-01
4.916830e-01	3.773127e-02	6.627272e-02
6.141872e-01	2.944654e-02	8.849159e-02
5.607663e-01	6.970615e-01	-1.728050e-01
5.554410e-01	7.138665e-01	-1.563055e-01
5.512792e-01	7.147649e-01	-1.563760e-01
5.471132e-01	7.151296e-01	-1.563796e-01
5.674200e-01	7.119781e-01	-1.546237e-01
5.718600e-01	7.119608e-01	-1.545925e-01
5.753977e-01	7.117808e-01	-1.544060e-01
5.418565e-01	7.088153e-01	-5.557278e-02
5.799343e-01	7.056280e-01	-4.613273e-02
5.525280e-01	6.796939e-01	-1.349423e-01
5.674104e-01	6.760098e-01	-1.320569e-01
5.154743e-01	6.247336e-01	-2.165175e-02
6.030280e-01	6.128986e-01	1.255844e-02
4.978060e-01	5.357005e-01	-1.007456e-01
6.215906e-01	5.042788e-01	5.030493e-03
4.896108e-01	4.654739e-01	-3.012151e-01
6.265658e-01	4.113805e-01	-1.589753e-01
4.816491e-01	4.376863e-01	-3.528359e-01
6.343535e-01	3.775638e-01	-2.022924e-01
4.890830e-01	4.381014e-01	-3.777742e-01
6.250991e-01	3.782221e-01	-2.271364e-01
4.958079e-01	4.472136e-01	-3.161896e-01
6.199766e-01	3.902585e-01	-1.745593e-01
5.346199e-01	3.581153e-01	-1.741112e-03
5.927724e-01	3.623514e-01	1.991885e-03
5.075819e-01	2.075148e-01	-2.501190e-02
6.026925e-01	2.077760e-01	1.177188e-02
5.265707e-01	7.956915e-02	1.440410e-01
5.917281e-01	6.566463e-02	1.793137e-01
5.380318e-01	5.696687e-02	1.594435e-01
5.850556e-01	4.440229e-02	1.896507e-01
4.921717e-01	3.665210e-02	7.986467e-02
6.149589e-01	2.922041e-02	1.012815e-01
5.607423e-01	6.892765e-01	-1.777634e-01
5.553804e-01	7.052994e-01	-1.616776e-01
5.512639e-01	7.060710e-01	-1.617292e-01
5.470262e-01	7.064307e-01	-1.617167e-01
5.673489e-01	7.033141e-01	-1.603966e-01
5.717615e-01	7.032946e-01	-1.603799e-01
5.752200e-01	7.031314e-01	-1.602137e-01
5.417355e-01	7.002946e-01	-6.069857e-02
5.796973e-01	6.968524e-01	-5.074942e-02
5.524468e-01	6.719867e-01	-1.406069e-01
5.672833e-01	6.680149e-01	-1.379212e-01
5.146208e-01	6.151947e-01	-2.632920e-02
6.021491e-01	6.071280e-01	6.883460e-03
4.966655e-01	5.350023e-01	-1.426584e-01
6.215565e-01	5.052490e-01	-4.272691e-02
4.912611e-01	4.830504e-01	-3.767447e-01
6.263712e-01	4.239118e-01	-2.278175e-01
4.830188e-01	4.559138e-01	-4.342836e-01
6.340022e-01	3.912433e-01	-2.761330e-01
4.904961e-01	4.580253e-01	-4.540156e-01
6.241099e-01	3.918481e-01	-2.971572e-01
4.971434e-01	4.662478e-01	-3.902962e-01
6.188644e-01	4.037299e-01	-2.427513e-01
5.346359e-01	3.537196e-01	-3.214262e-03
5.926745e-01	3.582528e-01	3.494220e-03
5.058134e-01	1.996944e-01	-4.098039e-02
6.036329e-01	2.012927e-01	9.159376e-03
5.264148e-01	7.944068e-02	1.630954e-01
5.917305e-01	6.521098e-02	1.998275e-01
5.379437e-01	5.763840e-02	1.809326e-01
5.849832e-01	4.446531e-02	2.131333e-01
4.926926e-01	3.519031e-02	1.006923e-01
6.163812e-01	2.889970e-02	1.238427e-01
5.607484e-01	6.797232e-01	-1.788349e-01
5.552756e-01	6.959994e-01	-1.634072e-01
5.512085e-01	6.963795e-01	-1.634667e-01
5.469139e-01	6.966177e-01	-1.634683e-01
5.672787e-01	6.945302e-01	-1.613301e-01
5.716234e-01	6.945950e-01	-1.613065e-01
5.750135e-01	6.945668e-01	-1.611608e-01
5.416505e-01	6.910402e-01	-6.477191e-02
5.794139e-01	6.884155e-01	-5.329841e-02
5.524511e-01	6.622742e-01	-1.420002e-01
5.672828e-01	6.589938e-01	-1.382748e-01
5.145810e-01	6.034756e-01	-3.744063e-02
6.020347e-01	5.972108e-01	9.813702e-04
4.967831e-01	5.346140e-01	-1.769135e-01
6.214198e-01	5.055870e-01	-6.986038e-02
4.936329e-01	4.952006e-01	-4.138912e-01
6.255988e-01	4.413467e-01	-2.580314e-01
4.857500e-01	4.727868e-01	-4.708454e-01
6.321077e-01	4.101507e-01	-3.065268e-01
4.936271e-01	4.782364e-01	-4.868694e-01
6.221205e-01	4.128984e-01	-3.240119e-01
4.994786e-01	4.850206e-01	-4.262303e-01
6.169902e-01	4.225984e-01	-2.722840e-01
5.344146e-01	3.440338e-01	-5.341837e-03
5.920612e-01	3.470433e-01	5.616325e-03
5.046418e-01	1.934935e-01	-4.428629e-02
6.049560e-01	1.964134e-01	-3.156141e-04
5.260788e-01	7.968010e-02	1.669586e-01
5.912287e-01	6.513433e-02	1.945115e-01
5.372490e-01	5.996960e-02	1.839904e-01
5.841990e-01	4.455220e-02	2.075317e-01
4.928373e-01	3.518431e-02	1.033590e-01
6.165665e-01	2.888543e-02	1.206019e-01
5.604762e-01	6.704229e-01	-1.763593e-01
5.548875e-01	6.862700e-01	-1.607039e-01
5.508322e-01	6.864092e-01	-1.607654e-01
5.465704e-01	6.866971e-01	-1.607789e-01
5.670198e-01	6.850153e-01	-1.591324e-01
5.713066e-01	6.848738e-01	-1.591131e-01
5.747155e-01	6.848390e-01	-1.590040e-01
5.415269e-01	6.808577e-01	-6.205823e-02
5.791619e-01	6.780958e-01	-5.338909e-02
5.522995e-01	6.525322e-01	-1.390877e-01
5.671595e-01	6.496887e-01	-1.362217e-01
5.145754e-01	5.944577e-01	-3.611108e-02
6.020962e-01	5.887614e-01	-3.137658e-03
4.970163e-01	5.343978e-01	-1.704324e-01
6.213192e-01	5.058374e-01	-8.066621e-02
4.946116e-01	5.117486e-01	-4.074162e-01
6.241091e-01	4.570359e-01	-2.613845e-01
4.878744e-01	4.935057e-01	-4.628004e-01
6.280167e-01	4.311585e-01	-3.086943e-01
4.973679e-01	4.978510e-01	-4.740664e-01
6.173905e-01	4.338899e-01	-3.224891e-01
5.022172e-01	5.025944e-01	-4.183386e-01
6.128375e-01	4.422418e-01	-2.737007e-01
5.342418e-01	3.345049e-01	-5.912983e-03
5.919998e-01	3.374582e-01	6.181873e-03
5.030816e-01	1.861412e-01	-9.971767e-02
6.081891e-01	1.900014e-01	-4.749978e-02
5.255169e-01	8.047785e-02	1.347579e-01
5.906509e-01	6.321176e-02	1.577593e-01
5.365191e-01	6.454355e-02	1.540319e-01
5.827966e-01	4.449448e-02	1.726091e-01
4.952036e-01	3.553783e-02	6.877667e-02
6.173433e-01	2.798102e-02	8.342759e-02
5.598768e-01	6.604632e-01	-1.776138e-01
5.543054e-01	6.757840e-01	-1.620843e-01
5.501980e-01	6.756973e-01	-1.621420e-01
5.461112e-01	6.759188e-01	-1.621501e-01
5.663863e-01	6.749920e-01	-1.608863e-01
5.706147e-01	6.747399e-01	-1.608725e-01
5.741829e-01	6.746435e-01	-1.607591e-01
5.412344e-01	6.694722e-01	-6.403434e-02
5.788301e-01	6.661042e-01	-5.473673e-02
5.520427e-01	6.421618e-01	-1.404554e-01
5.668328e-01	6.399738e-01	-1.382834e-01
5.145865e-01	5.854960e-01	-3.790580e-02
6.021586e-01	5.779352e-01	-2.755695e-02
4.974319e-01	5.345591e-01	-2.003046e-01
6.204148e-01	5.101485e-01	-1.475521e-01
4.971069e-01	5.214235e-01	-4.418655e-01
6.213714e-01	4.752991e-01	-3.430269e-01
4.911424e-01	5.136534e-01	-4.985651e-01
6.250213e-01	4.497423e-01	-3.940968e-01
5.004865e-01	5.195659e-01	-5.065654e-01
6.142515e-01	4.513189e-01	-4.031104e-01
5.051011e-01	5.182664e-01	-4.523996e-01
6.097836e-01	4.582511e-01	-3.543347e-01
5.342759e-01	3.270009e-01	-5.236950e-03
5.919756e-01	3.287085e-01	5.516771e-03
5.019398e-01	1.808465e-01	-1.032364e-01
6.119973e-01	1.810197e-01	-6.888634e-02
5.251098e-01	8.120537e-02	1.372370e-01
5.901436e-01	6.285951e-02	1.482974e-01
5.356008e-01	6.767259e-02	1.561534e-01
5.810946e-01	4.624298e-02	1.645563e-01
4.985414e-01	3.611699e-02	7.197530e-02
6.152097e-01	2.656949e-02	7.678293e-02
5.596666e-01	6.515653e-01	-1.729902e-01
5.540444e-01	6.665224e-01	-1.575499e-01
5.499013e-01	6.663257e-01	-1.575981e-01
5.458565e-01	6.664077e-01	-1.576045e-01
5.661796e-01	6.656393e-01	-1.585254e-01
5.704478e-01	6.653875e-01	-1.585130e-01
5.740264e-01	6.652196e-01	-1.583810e-01
5.409600e-01	6.595509e-01	-6.164436e-02
5.788185e-01	6.564615e-01	-5.892361e-02
5.519801e-01	6.327244e-01	-1.362682e-01
5.667636e-01	6.305154e-01	-1.369018e-01
5.148614e-01	5.798581e-01	-5.142600e-02
6.022059e-01	5.705739e-01	-6.425318e-02
4.975552e-01	5.383635e-01	-2.764890e-01
6.164247e-01	5.239255e-01	-2.757336e-01
4.976535e-01	5.303755e-01	-5.316486e-01
6.181874e-01	5.008055e-01	-5.112796e-01
4.917023e-01	5.294827e-01	-5.919361e-01
6.237155e-01	4.779451e-01	-5.683200e-01
5.032137e-01	5.308409e-01	-5.923437e-01
6.126412e-01	4.771007e-01	-5.702425e-01
5.078384e-01	5.270991e-01	-5.406731e-01
6.076358e-01	4.815781e-01	-5.222976e-01
5.341085e-01	3.189963e-01	-7.564450e-04
5.917330e-01	3.210121e-01	9.966416e-04
5.005020e-01	1.791972e-01	-1.405595e-01
6.147659e-01	1.777106e-01	-1.089117e-01
5.246880e-01	8.110601e-02	8.705730e-02
5.899484e-01	6.254125e-02	1.000187e-01
5.343748e-01	6.741551e-02	1.045540e-01
5.802836e-01	4.679807e-02	1.152509e-01
4.984232e-01	3.613184e-02	2.902810e-02
6.152784e-01	2.622601e-02	3.689333e-02
5.595993e-01	6.429928e-01	-1.630325e-01
5.538867e-01	6.579084e-01	-1.473302e-01
5.497285e-01	6.577267e-01	-1.473748e-01
5.457179e-01	6.577574e-01	-1.473602e-01
5.660618e-01	6.568170e-01	-1.481273e-01
5.703480e-01	6.564363e-01	-1.481187e-01
5.739284e-01	6.561368e-01	-1.479801e-01
5.407997e-01	6.500505e-01	-5.256661e-02
5.787961e-01	6.465383e-01	-5.439345e-02
5.519615e-01	6.243610e-01	-1.268793e-01
5.667366e-01	6.218508e-01	-1.274620e-01
5.150941e-01	5.702118e-01	-5.119703e-02
6.013560e-01	5.657510e-01	-6.392865e-02
4.973211e-01	5.357726e-01	-2.900836e-01
6.125602e-01	5.291638e-01	-2.917851e-01
4.997849e-01	5.344493e-01	-5.371851e-01
6.135079e-01	5.090935e-01	-5.237585e-01
4.965728e-01	5.355451e-01	-5.952257e-01
6.200159e-01	4.903097e-01	-5.778259e-01
5.099941e-01	5.388035e-01	-5.899399e-01
6.086872e-01	4.905401e-01	-5.764717e-01
5.135351e-01	5.345423e-01	-5.435089e-01
6.033775e-01	4.933838e-01	-5.331184e-01
5.339245e-01	3.094008e-01	1.194139e-03
5.915719e-01	3.125722e-01	-1.005773e-03
4.997621e-01	1.758652e-01	-1.723135e-01
6.170204e-01	1.715210e-01	-1.408039e-01
5.246251e-01	8.079133e-02	5.966258e-02
5.898125e-01	6.249662e-02	7.697083e-02
5.344241e-01	6.720965e-02	7.857969e-02
5.799161e-01	4.742482e-02	9.423201e-02
4.993652e-01	3.511662e-02	8.168576e-03
6.148381e-01	2.558183e-02	2.255495e-02
5.596074e-01	6.297294e-01	-1.650584e-01
5.538709e-01	6.467255e-01	-1.491675e-01
5.497235e-01	6.468432e-01	-1.492110e-01
5.457003e-01	6.471008e-01	-1.491821e-01
5.660520e-01	6.456215e-01	-1.498981e-01
5.703474e-01	6.455553e-01	-1.498915e-01
5.739284e-01	6.455201e-01	-1.497684e-01
5.407682e-01	6.408318e-01	-5.225783e-02
5.788947e-01	6.383318e-01	-5.490564e-02
5.520096e-01	6.122366e-01	-1.282027e-01
5.667442e-01	6.105139e-01	-1.286623e-01
5.159506e-01	5.645552e-01	-4.913317e-02
6.005412e-01	5.644735e-01	-7.237188e-02
4.996873e-01	5.355052e-01	-2.888029e-01
6.109582e-01	5.340385e-01	-3.235976e-01
5.038977e-01	5.279947e-01	-5.377568e-01
6.098460e-01	5.212305e-01	-5.632348e-01
5.011536e-01	5.342925e-01	-5.933283e-01
6.178092e-01	5.082571e-01	-6.177312e-01
5.129036e-01	5.394906e-01	-5.879163e-01
6.045830e-01	5.075262e-01	-6.120074e-01
5.167181e-01	5.338768e-01	-5.440593e-01
5.983641e-01	5.057920e-01	-5.708411e-01
5.344648e-01	3.060708e-01	5.581046e-03
5.916905e-01	3.091815e-01	-5.477868e-03
4.985085e-01	1.753055e-01	-1.728176e-01
6.187999e-01	1.666550e-01	-1.304734e-01
5.245308e-01	8.003510e-02	5.856974e-02
5.895394e-01	6.194322e-02	1.049016e-01
5.346940e-01	6.593125e-02	7.756075e-02
5.797464e-01	4.742861e-02	1.227096e-01
4.993877e-01	3.185799e-02	6.007375e-03
6.147336e-01	2.440267e-02	3.962301e-02
5.595726e-01	6.210394e-01	-1.672930e-01
5.538092e-01	6.385478e-01	-1.513296e-01
5.496591e-01	6.385870e-01	-1.513777e-01
5.456536e-01	6.387286e-01	-1.513591e-01
5.659992e-01	6.379127e-01	-1.519942e-01
5.702962e-01	6.379273e-01	-1.519897e-01
5.739077e-01	6.380404e-01	-1.518629e-01
5.407681e-01	6.327444e-01	-5.348830e-02
5.790691e-01	6.312351e-01	-5.618416e-02
5.520211e-01	6.036787e-01	-1.301274e-01
5.667440e-01	6.026731e-01	-1.305670e-01
5.166428e-01	5.576244e-01	-5.038166e-02
6.003888e-01	5.585710e-01	-7.257499e-02
5.006240e-01	5.258374e-01	-2.968328e-01
6.090516e-01	5.315732e-01	-3.261073e-01
5.058260e-01	5.261391e-01	-5.444704e-01
6.071298e-01	5.254121e-01	-5.737804e-01
5.031117e-01	5.340039e-01	-6.007418e-01
6.153501e-01	5.195165e-01	-6.296678e-01
5.142137e-01	5.396778e-01	-5.936472e-01
6.032490e-01	5.183475e-01	-6.238343e-01
5.185262e-01	5.337702e-01	-5.499059e-01
5.968211e-01	5.148450e-01	-5.819896e-01
5.344596e-01	3.016731e-01	6.090838e-03
5.916642e-01	3.040814e-01	-5.997691e-03
4.980063e-01	1.723205e-01	-1.688809e-01
6.196141e-01	1.620503e-01	-1.179407e-01
5.241705e-01	7.995122e-02	7.371322e-02
5.898488e-01	6.184462e-02	1.123421e-01
5.346299e-01	6.578825e-02	9.399625e-02
5.799717e-01	4.818415e-02	1.360569e-01
4.993322e-01	2.987180e-02	2.322625e-02
6.147235e-01	2.178247e-02	7.322762e-02
5.600922e-01	6.154658e-01	-1.675270e-01
5.540330e-01	6.330624e-01	-1.520881e-01
5.499424e-01	6.332109e-01	-1.521377e-01
5.458055e-01	6.332642e-01	-1.521244e-01
5.663428e-01	6.325077e-01	-1.524231e-01
5.706376e-01	6.328732e-01	-1.524220e-01
5.743233e-01	6.328966e-01	-1.522941e-01
5.408021e-01	6.277332e-01	-5.525292e-02
5.797082e-01	6.264608e-01	-5.689073e-02
5.524433e-01	5.975446e-01	-1.308088e-01
5.672402e-01	5.967231e-01	-1.308243e-01
5.171282e-01	5.518546e-01	-5.383687e-02
6.004423e-01	5.548441e-01	-7.106674e-02
5.005814e-01	5.170883e-01	-2.974142e-01
6.082913e-01	5.312614e-01	-3.164600e-01
5.071232e-01	5.207511e-01	-5.360509e-01
6.069641e-01	5.206004e-01	-5.583547e-01
5.062873e-01	5.284762e-01	-5.898893e-01
6.144196e-01	5.216141e-01	-6.117312e-01
5.153416e-01	5.371554e-01	-5.809131e-01
6.042151e-01	5.222057e-01	-6.063665e-01
5.192223e-01	5.311472e-01	-5.402730e-01
5.974907e-01	5.171843e-01	-5.665411e-01
5.346454e-01	2.972859e-01	5.694703e-03
5.916620e-01	2.991216e-01	-5.593461e-03
4.976080e-01	1.681731e-01	-1.593854e-01
6.198431e-01	1.596351e-01	-1.220115e-01
5.233052e-01	8.008972e-02	8.705387e-02
5.899679e-01	6.176755e-02	1.154054e-01
5.343779e-01	6.641163e-02	1.064226e-01
5.801046e-01	4.930291e-02	1.365331e-01
4.999020e-01	3.002667e-02	3.651427e-02
6.146267e-01	2.062593e-02	7.233990e-02
5.605027e-01	6.113332e-01	-1.646640e-01
5.543827e-01	6.285894e-01	-1.497639e-01
5.504209e-01	6.290981e-01	-1.498178e-01
5.461239e-01	6.294065e-01	-1.498121e-01
5.668026e-01	6.276894e-01	-1.494787e-01
5.710764e-01	6.280761e-01	-1.494795e-01
5.748941e-01	6.278961e-01	-1.493570e-01
5.410365e-01	6.242092e-01	-5.467056e-02
5.803357e-01	6.215103e-01	-5.341466e-02
5.527964e-01	5.930421e-01	-1.284200e-01
5.676464e-01	5.917843e-01	-1.275742e-01
5.175423e-01	5.487299e-01	-5.481657e-02
6.004996e-01	5.482497e-01	-6.489693e-02
5.034114e-01	5.171961e-01	-3.046981e-01
6.082982e-01	5.288377e-01	-3.074374e-01
5.089733e-01	5.205281e-01	-5.497974e-01
6.074391e-01	5.170330e-01	-5.549837e-01
5.092700e-01	5.302707e-01	-6.056725e-01
6.134919e-01	5.202072e-01	-6.097373e-01
5.170282e-01	5.372669e-01	-5.970534e-01
6.048025e-01	5.206351e-01	-6.047030e-01
5.206528e-01	5.304851e-01	-5.546274e-01
5.985485e-01	5.158280e-01	-5.637084e-01
5.346929e-01	2.964582e-01	5.417620e-03
5.916383e-01	2.980821e-01	-5.309478e-03
4.975084e-01	1.669040e-01	-1.574937e-01
6.209816e-01	1.589143e-01	-1.223853e-01
5.224956e-01	8.043769e-02	9.685670e-02
5.912566e-01	6.178389e-02	1.205058e-01
5.336471e-01	6.733710e-02	1.231125e-01
5.811067e-01	5.090560e-02	1.474052e-01
4.988718e-01	2.985644e-02	6.329630e-02
6.146455e-01	1.896245e-02	8.530837e-02
5.609108e-01	6.052498e-01	-1.694725e-01
5.547800e-01	6.230112e-01	-1.561455e-01
5.508484e-01	6.237744e-01	-1.562020e-01
5.464650e-01	6.242349e-01	-1.561994e-01
5.673000e-01	6.220933e-01	-1.557622e-01
5.715038e-01	6.226630e-01	-1.557806e-01
5.755006e-01	6.227245e-01	-1.556880e-01
5.412390e-01	6.203488e-01	-6.208060e-02
5.807689e-01	6.175081e-01	-6.018759e-02
5.531615e-01	5.879633e-01	-1.328456e-01
5.679901e-01	5.865837e-01	-1.318652e-01
5.176560e-01	5.475221e-01	-5.481601e-02
6.005935e-01	5.479711e-01	-6.851801e-02
5.035201e-01	5.099576e-01	-2.884267e-01
6.087468e-01	5.219123e-01	-3.013605e-01
5.100700e-01	5.207962e-01	-5.282334e-01
6.073151e-01	5.156941e-01	-5.450067e-01
5.116243e-01	5.306925e-01	-5.816066e-01
6.115808e-01	5.222469e-01	-5.988467e-01
5.189039e-01	5.373346e-01	-5.728360e-01
6.039969e-01	5.259091e-01	-5.931997e-01
5.222851e-01	5.313321e-01	-5.323219e-01
5.983350e-01	5.202817e-01	-5.528345e-01
5.351680e-01	2.960060e-01	5.411916e-03
5.919832e-01	2.975012e-01	-5.320794e-03
4.978606e-01	1.661519e-01	-1.443415e-01
6.209893e-01	1.583349e-01	-1.138316e-01
5.225252e-01	8.042191e-02	1.154647e-01
5.915054e-01	6.174117e-02	1.286585e-01
5.336839e-01	6.733970e-02	1.403999e-01
5.813144e-01	5.151480e-02	1.541809e-01
4.988634e-01	2.967362e-02	7.871497e-02
6.144900e-01	1.831908e-02	8.757997e-02
5.612130e-01	6.041718e-01	-1.691148e-01
5.550335e-01	6.218432e-01	-1.553729e-01
5.511776e-01	6.226369e-01	-1.554235e-01
5.467821e-01	6.232028e-01	-1.554125e-01
5.677379e-01	6.206280e-01	-1.549761e-01
5.718116e-01	6.209766e-01	-1.549933e-01
5.759257e-01	6.210771e-01	-1.549031e-01
5.415501e-01	6.187704e-01	-6.120398e-02
5.810015e-01	6.152853e-01	-5.879459e-02
5.534606e-01	5.868267e-01	-1.324780e-01
5.682845e-01	5.848827e-01	-1.314850e-01
5.176511e-01	5.462339e-01	-5.378865e-02
6.006324e-01	5.468839e-01	-6.723963e-02
5.033589e-01	5.083690e-01	-2.809911e-01
6.107635e-01	5.182868e-01	-3.053185e-01
5.115229e-01	5.193902e-01	-5.179237e-01
6.078072e-01	5.180249e-01	-5.455871e-01
5.133319e-01	5.277322e-01	-5.703775e-01
6.107621e-01	5.243254e-01	-5.997986e-01
5.202712e-01	5.336984e-01	-5.617617e-01
6.023889e-01	5.291637e-01	-5.902076e-01
5.236930e-01	5.282533e-01	-5.219808e-01
5.974185e-01	5.244433e-01	-5.515025e-01
5.356304e-01	2.954749e-01	5.622144e-03
5.923240e-01	2.963610e-01	-5.543054e-03
4.979891e-01	1.658599e-01	-1.661397e-01
6.205574e-01	1.550495e-01	-1.186620e-01
5.223259e-01	8.206175e-02	1.046478e-01
5.915202e-01	6.130320e-02	1.297858e-01
5.336165e-01	7.063806e-02	1.322313e-01
5.814637e-01	5.149616e-02	1.547244e-01
5.003599e-01	2.962074e-02	7.026130e-02
6.142210e-01	1.724382e-02	8.728918e-02
5.616222e-01	6.027600e-01	-1.677725e-01
5.555173e-01	6.203550e-01	-1.536495e-01
5.516258e-01	6.209600e-01	-1.537008e-01
5.473031e-01	6.213965e-01	-1.536887e-01
5.683369e-01	6.195145e-01	-1.532765e-01
5.722390e-01	6.197171e-01	-1.532933e-01
5.765983e-01	6.198488e-01	-1.532073e-01
5.419990e-01	6.165206e-01	-5.900460e-02
5.815164e-01	6.136146e-01	-5.654927e-02
5.538038e-01	5.846403e-01	-1.310655e-01
5.687146e-01	5.833245e-01	-1.300617e-01
5.181235e-01	5.451875e-01	-5.306493e-02
6.008741e-01	5.451837e-01	-6.772227e-02
5.034906e-01	5.084121e-01	-2.942572e-01
6.108114e-01	5.182630e-01	-3.165312e-01
5.118360e-01	5.191913e-01	-5.369282e-01
6.072059e-01	5.214831e-01	-5.592305e-01
5.150200e-01	5.266692e-01	-5.905989e-01
6.094738e-01	5.266060e-01	-6.133932e-01
5.217962e-01	5.327686e-01	-5.798113e-01
6.015140e-01	5.293549e-01	-6.049291e-01
5.246069e-01	5.276653e-01	-5.405642e-01
5.969808e-01	5.245823e-01	-5.660354e-01
5.357591e-01	2.947420e-01	5.757976e-03
5.925605e-01	2.947795e-01	-5.691060e-03
4.979093e-01	1.661065e-01	-1.652411e-01
6.207175e-01	1.522110e-01	-1.167991e-01
5.219799e-01	8.250023e-02	1.073409e-01
5.919648e-01	6.073524e-02	1.411132e-01
5.330929e-01	7.155086e-02	1.342996e-01
5.818839e-01	5.147048e-02	1.655360e-01
4.984074e-01	2.965165e-02	7.307807e-02
6.145594e-01	1.684098e-02	9.816126e-02
5.626790e-01	6.016171e-01	-1.657104e-01
5.567445e-01	6.198652e-01	-1.505070e-01
5.524942e-01	6.204538e-01	-1.505532e-01
5.483773e-01	6.210327e-01	-1.505235e-01
5.693989e-01	6.188903e-01	-1.502897e-01
5.731003e-01	6.190794e-01	-1.503071e-01
5.776144e-01	6.191963e-01	-1.502237e-01
5.425942e-01	6.165144e-01	-5.157623e-02
5.820808e-01	6.130190e-01	-5.014538e-02
5.545508e-01	5.832832e-01	-1.279286e-01
5.696043e-01	5.826044e-01	-1.271656e-01
5.183070e-01	5.449123e-01	-3.809241e-02
6.016371e-01	5.441024e-01	-6.299372e-02
5.033993e-01	5.013412e-01	-2.745311e-01
6.151167e-01	5.139071e-01	-2.958271e-01
5.110615e-01	5.185609e-01	-5.200568e-01
6.075751e-01	5.206738e-01	-5.350569e-01
5.153159e-01	5.246896e-01	-5.657011e-01
6.092941e-01	5.258108e-01	-5.884008e-01
5.212972e-01	5.330858e-01	-5.471984e-01
6.007648e-01	5.299228e-01	-5.786427e-01
5.236945e-01	5.279999e-01	-5.163368e-01
5.965244e-01	5.251832e-01	-5.404066e-01
5.359491e-01	2.951096e-01	5.878290e-03
5.927783e-01	2.948671e-01	-5.822735e-03
4.979907e-01	1.656022e-01	-1.844234e-01
6.210240e-01	1.507703e-01	-1.424354e-01
5.218522e-01	8.280060e-02	1.037344e-01
5.922343e-01	6.074441e-02	1.362171e-01
5.328126e-01	7.209938e-02	1.340605e-01
5.820730e-01	5.251418e-02	1.630078e-01
4.970638e-01	2.970492e-02	7.056308e-02
6.143064e-01	1.656841e-02	9.309158e-02
5.629576e-01	6.010560e-01	-1.661914e-01
5.570823e-01	6.190473e-01	-1.510056e-01
5.527933e-01	6.195303e-01	-1.510529e-01
5.487254e-01	6.200796e-01	-1.510266e-01
5.697881e-01	6.184177e-01	-1.508171e-01
5.734441e-01	6.187167e-01	-1.508314e-01
5.780631e-01	6.189626e-01	-1.507410e-01
5.429494e-01	6.158739e-01	-5.155871e-02
5.824940e-01	6.125469e-01	-5.095751e-02
5.548155e-01	5.825950e-01	-1.285448e-01
5.698907e-01	5.823062e-01	-1.278655e-01
5.185099e-01	5.437746e-01	-3.797559e-02
6.025952e-01	5.430459e-01	-6.291222e-02
5.035154e-01	5.018352e-01	-2.718768e-01
6.172957e-01	5.086491e-01	-2.952459e-01
5.112025e-01	5.180539e-01	-5.166475e-01
6.081990e-01	5.186932e-01	-5.389313e-01
5.154242e-01	5.242375e-01	-5.680467e-01
6.094843e-01	5.246986e-01	-5.934743e-01
5.213063e-01	5.329912e-01	-5.552299e-01
6.013162e-01	5.300997e-01	-5.827941e-01
5.237545e-01	5.277047e-01	-5.185350e-01
5.969406e-01	5.251865e-01	-5.441521e-01
5.362344e-01	2.940937e-01	5.819791e-03
5.931305e-01	2.942364e-01	-5.759642e-03
4.980819e-01	1.645118e-01	-1.918841e-01
6.215001e-01	1.498408e-01	-1.361723e-01
5.218000e-01	8.308753e-02	9.557755e-02
5.922334e-01	6.042442e-02	1.404941e-01
5.326903e-01	7.252060e-02	1.246559e-01
5.821010e-01	5.238359e-02	1.665931e-01
4.971019e-01	2.988452e-02	6.107936e-02
6.143420e-01	1.656421e-02	9.728391e-02
5.630177e-01	6.017822e-01	-1.663655e-01
5.572180e-01	6.191875e-01	-1.509528e-01
5.529662e-01	6.194566e-01	-1.509998e-01
5.489484e-01	6.197850e-01	-1.509749e-01
5.698752e-01	6.188530e-01	-1.510115e-01
5.735604e-01	6.190553e-01	-1.510270e-01
5.781921e-01	6.192074e-01	-1.509399e-01
5.433266e-01	6.149821e-01	-5.128533e-02
5.828500e-01	6.121155e-01	-5.159019e-02
5.549641e-01	5.831672e-01	-1.285655e-01
5.700718e-01	5.831190e-01	-1.281421e-01
5.193017e-01	5.430764e-01	-3.941344e-02
6.033280e-01	5.423754e-01	-6.400196e-02
5.044896e-01	5.032007e-01	-2.818024e-01
6.180983e-01	5.094553e-01	-3.108853e-01
5.120452e-01	5.179045e-01	-5.298100e-01
6.083421e-01	5.185983e-01	-5.561973e-01
5.160927e-01	5.240119e-01	-5.833946e-01
6.089321e-01	5.249653e-01	-6.115808e-01
5.220109e-01	5.323029e-01	-5.722006e-01
6.014476e-01	5.291663e-01	-6.006563e-01
5.244392e-01	5.268778e-01	-5.332212e-01
5.971982e-01	5.238950e-01	-5.616902e-01
5.369285e-01	2.941745e-01	5.836254e-03
5.938742e-01	2.946965e-01	-5.784208e-03
4.981304e-01	1.639990e-01	-1.805391e-01
6.218432e-01	1.493925e-01	-1.271652e-01
5.216793e-01	8.438093e-02	1.068957e-01
5.924309e-01	6.043457e-02	1.596196e-01
5.326014e-01	7.344095e-02	1.357930e-01
5.821331e-01	5.236661e-02	1.858890e-01
5.008167e-01	3.149328e-02	7.185496e-02
6.144304e-01	1.672769e-02	1.174520e-01
5.632218e-01	6.027175e-01	-1.645374e-01
5.575449e-01	6.198689e-01	-1.485873e-01
5.532709e-01	6.200582e-01	-1.486349e-01
5.493038e-01	6.201757e-01	-1.486150e-01
5.700392e-01	6.196948e-01	-1.486864e-01
5.737571e-01	6.198680e-01	-1.487073e-01
5.783640e-01	6.198767e-01	-1.486266e-01
5.437275e-01	6.144902e-01	-4.832927e-02
5.830951e-01	6.120778e-01	-4.866956e-02
5.551986e-01	5.839569e-01	-1.265866e-01
5.703502e-01	5.843627e-01	-1.262959e-01
5.198879e-01	5.408517e-01	-3.291193e-02
6.037514e-01	5.406076e-01	-5.198092e-02
5.045429e-01	4.928156e-01	-2.503339e-01
6.195459e-01	5.086751e-01	-2.750427e-01
5.116686e-01	5.177051e-01	-4.875241e-01
6.099631e-01	5.179288e-01	-5.173992e-01
5.155980e-01	5.249180e-01	-5.385922e-01
6.093687e-01	5.233525e-01	-5.704528e-01
5.214833e-01	5.339394e-01	-5.287118e-01
6.015514e-01	5.289255e-01	-5.581967e-01
5.239398e-01	5.274360e-01	-4.907639e-01
5.987762e-01	5.238057e-01	-5.214531e-01
5.379144e-01	2.935819e-01	5.803192e-03
5.945956e-01	2.944666e-01	-5.749750e-03
4.981745e-01	1.630712e-01	-1.744479e-01
6.220973e-01	1.491483e-01	-1.288178e-01
5.217234e-01	8.551843e-02	1.147994e-01
5.926423e-01	6.068669e-02	1.536532e-01
5.326524e-01	7.431884e-02	1.428347e-01
5.822543e-01	5.244908e-02	1.788439e-01
5.025381e-01	3.234503e-02	8.077684e-02
6.145031e-01	1.724057e-02	1.109973e-01
5.639004e-01	6.018089e-01	-1.642295e-01
5.583791e-01	6.190481e-01	-1.484341e-01
5.539176e-01	6.193145e-01	-1.484852e-01
5.499976e-01	6.195220e-01	-1.484662e-01
5.705861e-01	6.189098e-01	-1.480213e-01
5.742860e-01	6.191727e-01	-1.480376e-01
5.787891e-01	6.191723e-01	-1.479555e-01
5.441312e-01	6.141321e-01	-4.936520e-02
5.832951e-01	6.113446e-01	-4.700185e-02
5.558421e-01	5.829245e-01	-1.267499e-01
5.708631e-01	5.836576e-01	-1.257103e-01
5.203688e-01	5.404062e-01	-4.159935e-02
6.037499e-01	5.400491e-01	-5.293363e-02
5.055692e-01	4.937263e-01	-2.919451e-01
6.196131e-01	5.091490e-01	-2.927112e-01
5.122572e-01	5.191778e-01	-5.400327e-01
6.106641e-01	5.188460e-01	-5.409234e-01
5.158441e-01	5.262790e-01	-5.955778e-01
6.094225e-01	5.241193e-01	-5.965053e-01
5.224379e-01	5.338541e-01	-5.852433e-01
6.018686e-01	5.292388e-01	-5.861387e-01
5.249484e-01	5.272062e-01	-5.439858e-01
5.995315e-01	5.239715e-01	-5.468325e-01
5.385458e-01	2.929487e-01	5.464824e-03
5.952157e-01	2.942969e-01	-5.421421e-03
4.982620e-01	1.620446e-01	-1.778979e-01
6.222622e-01	1.476953e-01	-1.232217e-01
5.217506e-01	8.584166e-02	1.134786e-01
5.926427e-01	6.052025e-02	1.707890e-01
5.326652e-01	7.468834e-02	1.405731e-01
5.822676e-01	5.241549e-02	1.969498e-01
5.037565e-01	3.241356e-02	7.677188e-02
6.145293e-01	1.730682e-02	1.302425e-01
5.639697e-01	6.024844e-01	-1.596579e-01
5.585138e-01	6.197699e-01	-1.439977e-01
5.540630e-01	6.201190e-01	-1.440404e-01
5.501434e-01	6.202724e-01	-1.440125e-01
5.706809e-01	6.196501e-01	-1.435896e-01
5.743991e-01	6.198027e-01	-1.436019e-01
5.788957e-01	6.197337e-01	-1.435173e-01
5.443763e-01	6.145300e-01	-4.629475e-02
5.835260e-01	6.118635e-01	-4.373686e-02
5.559832e-01	5.837258e-01	-1.226509e-01
5.710089e-01	5.846228e-01	-1.215060e-01
5.209115e-01	5.401710e-01	-4.145646e-02
6.037743e-01	5.406954e-01	-5.298994e-02
5.079065e-01	4.939896e-01	-2.869813e-01
6.203527e-01	5.099086e-01	-2.944593e-01
5.131782e-01	5.190800e-01	-5.341596e-01
6.119409e-01	5.202170e-01	-5.382135e-01
5.165057e-01	5.257816e-01	-5.889822e-01
6.098393e-01	5.236630e-01	-5.930471e-01
5.226843e-01	5.333114e-01	-5.795964e-01
6.020137e-01	5.288744e-01	-5.832542e-01
5.252370e-01	5.269665e-01	-5.384843e-01
5.998728e-01	5.240161e-01	-5.442082e-01
5.390076e-01	2.931218e-01	5.447114e-03
5.954466e-01	2.944613e-01	-5.402432e-03
4.983778e-01	1.625455e-01	-1.773140e-01
6.223741e-01	1.470516e-01	-1.221316e-01
5.218931e-01	8.590367e-02	1.117248e-01
5.927004e-01	6.062480e-02	1.642160e-01
5.329818e-01	7.470460e-02	1.400141e-01
5.822763e-01	5.240169e-02	1.895119e-01
5.053583e-01	3.163114e-02	7.547520e-02
6.145363e-01	1.734753e-02	1.228880e-01
5.641467e-01	6.025658e-01	-1.584172e-01
5.587631e-01	6.200927e-01	-1.426104e-01
5.542979e-01	6.205066e-01	-1.426563e-01
5.504504e-01	6.206781e-01	-1.426332e-01
5.708500e-01	6.198470e-01	-1.425532e-01
5.745552e-01	6.198819e-01	-1.425674e-01
5.790393e-01	6.197804e-01	-1.424851e-01
5.447487e-01	6.148304e-01	-4.500191e-02
5.836571e-01	6.120448e-01	-4.388652e-02
5.562401e-01	5.843443e-01	-1.214347e-01
5.711852e-01	5.850722e-01	-1.207342e-01
5.213083e-01	5.402061e-01	-4.008761e-02
6.037691e-01	5.401947e-01	-5.334430e-02
5.075966e-01	4.963413e-01	-2.826776e-01
6.207219e-01	5.102984e-01	-2.933667e-01
5.129918e-01	5.187457e-01	-5.264511e-01
6.122075e-01	5.201666e-01	-5.343852e-01
5.168186e-01	5.254095e-01	-5.806941e-01
6.099177e-01	5.245372e-01	-5.888763e-01
5.228672e-01	5.329183e-01	-5.733402e-01
6.024704e-01	5.291311e-01	-5.799486e-01
5.251198e-01	5.267042e-01	-5.311817e-01
6.005507e-01	5.237896e-01	-5.406491e-01
5.391670e-01	2.933974e-01	5.457252e-03
5.955076e-01	2.946720e-01	-5.413283e-03
4.985300e-01	1.627720e-01	-1.746444e-01
6.224423e-01	1.473386e-01	-1.212958e-01
5.220706e-01	8.595013e-02	1.114321e-01
5.928093e-01	6.075346e-02	1.629282e-01
5.332469e-01	7.486586e-02	1.386636e-01
5.823680e-01	5.272536e-02	1.885726e-01
5.069824e-01	3.131045e-02	7.485751e-02
6.144775e-01	1.737218e-02	1.236335e-01
5.642334e-01	6.029211e-01	-1.588071e-01
5.589517e-01	6.205953e-01	-1.430111e-01
5.545028e-01	6.210400e-01	-1.430596e-01
5.507688e-01	6.212326e-01	-1.430413e-01
5.709503e-01	6.201723e-01	-1.431159e-01
5.746456e-01	6.201280e-01	-1.431309e-01
5.791519e-01	6.199783e-01	-1.430461e-01
5.452126e-01	6.153573e-01	-4.537666e-02
5.838668e-01	6.123059e-01	-4.483432e-02
5.564144e-01	5.850446e-01	-1.217694e-01
5.712976e-01	5.856041e-01	-1.212949e-01
5.217119e-01	5.408221e-01	-3.975042e-02
6.038095e-01	5.400004e-01	-5.427732e-02
5.073909e-01	4.976732e-01	-2.816135e-01
6.207241e-01	5.104769e-01	-2.934943e-01
5.128139e-01	5.186847e-01	-5.256509e-01
6.122338e-01	5.196698e-01	-5.329106e-01
5.167505e-01	5.251837e-01	-5.804366e-01
6.100721e-01	5.243642e-01	-5.870883e-01
5.229518e-01	5.327733e-01	-5.703799e-01
6.028968e-01	5.286483e-01	-5.787084e-01
5.250568e-01	5.267013e-01	-5.307468e-01
6.010445e-01	5.230997e-01	-5.393709e-01
5.392201e-01	2.937344e-01	5.585469e-03
5.955939e-01	2.949907e-01	-5.542348e-03
4.988159e-01	1.630084e-01	-1.708956e-01
6.224832e-01	1.477007e-01	-1.208120e-01
5.221519e-01	8.588609e-02	1.133709e-01
5.928144e-01	6.076217e-02	1.602276e-01
5.332841e-01	7.479466e-02	1.399613e-01
5.824076e-01	5.303607e-02	1.850087e-01
5.068799e-01	3.116765e-02	7.823140e-02
6.141851e-01	1.740716e-02	1.187858e-01
5.648615e-01	6.034242e-01	-1.594474e-01
5.594286e-01	6.209198e-01	-1.434679e-01
5.548723e-01	6.214313e-01	-1.435196e-01
5.511967e-01	6.216786e-01	-1.435042e-01
5.713197e-01	6.205431e-01	-1.435174e-01
5.750297e-01	6.205550e-01	-1.435294e-01
5.795379e-01	6.204506e-01	-1.434399e-01
5.454593e-01	6.158398e-01	-4.655045e-02
5.840556e-01	6.128623e-01	-4.639395e-02
5.570458e-01	5.855301e-01	-1.222971e-01
5.717183e-01	5.858258e-01	-1.217653e-01
5.222114e-01	5.411837e-01	-4.050157e-02
6.039683e-01	5.404578e-01	-5.811338e-02
5.080119e-01	5.005865e-01	-2.809868e-01
6.214527e-01	5.120766e-01	-2.979645e-01
5.130039e-01	5.186054e-01	-5.251262e-01
6.127516e-01	5.199019e-01	-5.353946e-01
5.167571e-01	5.251765e-01	-5.789294e-01
6.112908e-01	5.238664e-01	-5.890750e-01
5.229364e-01	5.330138e-01	-5.694385e-01
6.032486e-01	5.282431e-01	-5.807030e-01
5.252378e-01	5.267242e-01	-5.296820e-01
6.012018e-01	5.228683e-01	-5.418307e-01
5.393517e-01	2.937697e-01	5.630582e-03
5.956591e-01	2.950455e-01	-5.590108e-03
4.990101e-01	1.631342e-01	-1.510416e-01
6.224399e-01	1.480842e-01	-1.149148e-01
5.222827e-01	8.523428e-02	1.301420e-01
5.927282e-01	6.072952e-02	1.599046e-01
5.332961e-01	7.409395e-02	1.561407e-01
5.824224e-01	5.302607e-02	1.845034e-01
5.051943e-01	3.116604e-02	9.604086e-02
6.141281e-01	1.695767e-02	1.181680e-01
5.648534e-01	6.035244e-01	-1.597681e-01
5.594147e-01	6.221111e-01	-1.438667e-01
5.548581e-01	6.222911e-01	-1.439162e-01
5.511705e-01	6.223176e-01	-1.439077e-01
5.713116e-01	6.217881e-01	-1.442970e-01
5.750192e-01	6.216987e-01	-1.443104e-01
5.795298e-01	6.213837e-01	-1.442168e-01
5.455998e-01	6.159073e-01	-4.793125e-02
5.843005e-01	6.134188e-01	-4.978652e-02
5.570368e-01	5.859460e-01	-1.226135e-01
5.717078e-01	5.867966e-01	-1.218917e-01
5.225903e-01	5.412553e-01	-4.149162e-02
6.040404e-01	5.416186e-01	-6.125469e-02
5.079562e-01	5.049387e-01	-2.803358e-01
6.212741e-01	5.149776e-01	-3.015818e-01
5.128942e-01	5.189055e-01	-5.252717e-01
6.139961e-01	5.204646e-01	-5.424446e-01
5.166924e-01	5.256548e-01	-5.792773e-01
6.132435e-01	5.234193e-01	-5.964819e-01
5.228332e-01	5.335750e-01	-5.706285e-01
6.055387e-01	5.277520e-01	-5.911281e-01
5.251498e-01	5.271983e-01	-5.299850e-01
6.021596e-01	5.225385e-01	-5.504109e-01
5.394322e-01	2.942901e-01	5.915985e-03
5.957083e-01	2.954882e-01	-5.876837e-03
4.992803e-01	1.632606e-01	-1.318405e-01
6.224075e-01	1.482351e-01	-1.067442e-01
5.226006e-01	8.381391e-02	1.405610e-01
5.926511e-01	6.063670e-02	1.562400e-01
5.333216e-01	7.254946e-02	1.653737e-01
5.824312e-01	5.285773e-02	1.788824e-01
5.030192e-01	3.081840e-02	1.046065e-01
6.141258e-01	1.688625e-02	1.108732e-01
5.648667e-01	6.097568e-01	-1.636557e-01
5.594527e-01	6.267959e-01	-1.489803e-01
5.549694e-01	6.270076e-01	-1.490289e-01
5.513189e-01	6.268639e-01	-1.490185e-01
5.712994e-01	6.264185e-01	-1.492054e-01
5.750423e-01	6.262269e-01	-1.492179e-01
5.795536e-01	6.257168e-01	-1.491214e-01
5.459537e-01	6.205814e-01	-5.331377e-02
5.845022e-01	6.178408e-01	-5.377881e-02
5.571814e-01	5.921526e-01	-1.264966e-01
5.717517e-01	5.927920e-01	-1.258044e-01
5.232569e-01	5.448919e-01	-4.666014e-02
6.040491e-01	5.465407e-01	-6.319967e-02
5.083142e-01	5.168911e-01	-2.923642e-01
6.221105e-01	5.207931e-01	-3.037677e-01
5.127866e-01	5.256940e-01	-5.435039e-01
6.162759e-01	5.211921e-01	-5.487238e-01
5.155267e-01	5.301467e-01	-6.000055e-01
6.164073e-01	5.232028e-01	-6.042776e-01
5.229426e-01	5.356079e-01	-5.917348e-01
6.072618e-01	5.274962e-01	-6.001674e-01
5.258252e-01	5.297446e-01	-5.486277e-01
6.029090e-01	5.228125e-01	-5.574409e-01
5.399924e-01	2.970771e-01	5.912172e-03
5.958723e-01	2.989834e-01	-5.872571e-03
5.000403e-01	1.634908e-01	-1.174866e-01
6.220577e-01	1.486100e-01	-9.331030e-02
5.234407e-01	8.193400e-02	1.516264e-01
5.926622e-01	6.053194e-02	1.560821e-01
5.336567e-01	7.017273e-02	1.755812e-01
5.825810e-01	5.265153e-02	1.768948e-01
5.023133e-01	3.007827e-02	1.119394e-01
6.148015e-01	1.670618e-02	1.042048e-01
5.649357e-01	6.149744e-01	-1.698556e-01
5.594749e-01	6.315769e-01	-1.558193e-01
5.550376e-01	6.317677e-01	-1.558570e-01
5.513889e-01	6.315013e-01	-1.558378e-01
5.713202e-01	6.314936e-01	-1.568133e-01
5.750956e-01	6.312756e-01	-1.568333e-01
5.796400e-01	6.309156e-01	-1.567462e-01
5.461043e-01	6.261178e-01	-5.841696e-02
5.848058e-01	6.252910e-01	-6.253935e-02
5.574228e-01	5.968361e-01	-1.317079e-01
5.719250e-01	5.980233e-01	-1.323585e-01
5.233852e-01	5.506902e-01	-4.621700e-02
6.043187e-01	5.541071e-01	-7.108305e-02
5.082144e-01	5.169715e-01	-2.775510e-01
6.226529e-01	5.267407e-01	-3.081087e-01
5.125372e-01	5.269710e-01	-5.231246e-01
6.166710e-01	5.235405e-01	-5.488788e-01
5.154864e-01	5.314497e-01	-5.768890e-01
6.177725e-01	5.229370e-01	-6.036204e-01
5.230404e-01	5.379274e-01	-5.691423e-01
6.072934e-01	5.272633e-01	-5.992989e-01
5.259493e-01	5.325549e-01	-5.280241e-01
6.029423e-01	5.229379e-01	-5.571657e-01
5.400029e-01	3.021288e-01	6.727393e-03
5.958790e-01	3.040278e-01	-6.684816e-03
5.011677e-01	1.661529e-01	-1.126376e-01
6.217686e-01	1.516396e-01	-9.595606e-02
5.240493e-01	8.093276e-02	1.542643e-01
5.927312e-01	6.137532e-02	1.497082e-01
5.338596e-01	6.866801e-02	1.780239e-01
5.827724e-01	5.294375e-02	1.696900e-01
5.009247e-01	3.007225e-02	1.146255e-01
6.147771e-01	1.680970e-02	9.437221e-02
5.650646e-01	6.225771e-01	-1.743976e-01
5.596708e-01	6.389092e-01	-1.606957e-01
5.552849e-01	6.389564e-01	-1.607374e-01
5.517182e-01	6.388634e-01	-1.607207e-01
5.713947e-01	6.384944e-01	-1.617615e-01
5.751236e-01	6.382133e-01	-1.617819e-01
5.796946e-01	6.378095e-01	-1.616944e-01
5.464360e-01	6.336697e-01	-6.323921e-02
5.848563e-01	6.323807e-01	-6.785906e-02
5.577306e-01	6.045398e-01	-1.360964e-01
5.720582e-01	6.056461e-01	-1.370292e-01
5.235634e-01	5.596257e-01	-4.601661e-02
6.044000e-01	5.618298e-01	-7.330839e-02
5.069495e-01	5.221263e-01	-2.619870e-01
6.232126e-01	5.367790e-01	-3.049096e-01
5.111948e-01	5.283297e-01	-4.973470e-01
6.172419e-01	5.283486e-01	-5.452529e-01
5.152246e-01	5.312612e-01	-5.494105e-01
6.186910e-01	5.229600e-01	-6.001408e-01
5.229877e-01	5.392841e-01	-5.430999e-01
6.073714e-01	5.271249e-01	-5.943331e-01
5.258917e-01	5.345293e-01	-5.021428e-01
6.030291e-01	5.236429e-01	-5.529042e-01
5.403282e-01	3.077423e-01	7.041180e-03
5.959343e-01	3.097025e-01	-6.996634e-03
5.026057e-01	1.724554e-01	-1.091996e-01
6.215442e-01	1.585816e-01	-9.638318e-02
5.243178e-01	8.094376e-02	1.483655e-01
5.927459e-01	6.215246e-02	1.333164e-01
5.339924e-01	6.828320e-02	1.713051e-01
5.827799e-01	5.293602e-02	1.517650e-01
4.998034e-01	3.005824e-02	1.064605e-01
6.147729e-01	1.765721e-02	7.364877e-02
5.656379e-01	6.328712e-01	-1.754171e-01
5.602686e-01	6.489523e-01	-1.611885e-01
5.558385e-01	6.490846e-01	-1.612381e-01
5.522318e-01	6.491100e-01	-1.612169e-01
5.718329e-01	6.479276e-01	-1.617698e-01
5.755762e-01	6.475987e-01	-1.617873e-01
5.800388e-01	6.468252e-01	-1.617026e-01
5.467937e-01	6.435724e-01	-6.289242e-02
5.849432e-01	6.409185e-01	-6.518781e-02
5.582783e-01	6.159302e-01	-1.371332e-01
5.724685e-01	6.162218e-01	-1.373253e-01
5.236862e-01	5.692298e-01	-4.547973e-02
6.044078e-01	5.690343e-01	-7.298398e-02
5.051879e-01	5.310472e-01	-2.591142e-01
6.238906e-01	5.409172e-01	-2.879125e-01
5.096811e-01	5.344226e-01	-4.969760e-01
6.186011e-01	5.298535e-01	-5.277036e-01
5.141090e-01	5.322350e-01	-5.509802e-01
6.208208e-01	5.228345e-01	-5.832313e-01
5.229462e-01	5.402669e-01	-5.453764e-01
6.086348e-01	5.270821e-01	-5.815812e-01
5.258338e-01	5.366737e-01	-5.021533e-01
6.040242e-01	5.245160e-01	-5.365292e-01
5.405048e-01	3.162658e-01	7.036259e-03
5.959903e-01	3.178244e-01	-6.991255e-03
5.030419e-01	1.785227e-01	-1.062438e-01
6.208110e-01	1.647018e-01	-9.384585e-02
5.245209e-01	8.086210e-02	1.494453e-01
5.927745e-01	6.217029e-02	1.304926e-01
5.340841e-01	6.803374e-02	1.716268e-01
5.827309e-01	5.213713e-02	1.484239e-01
4.985068e-01	3.002415e-02	1.029159e-01
6.147896e-01	1.772788e-02	6.452648e-02
5.662025e-01	6.425856e-01	-1.792324e-01
5.607518e-01	6.588317e-01	-1.650815e-01
5.562214e-01	6.592184e-01	-1.651385e-01
5.525119e-01	6.594400e-01	-1.651236e-01
5.722419e-01	6.576757e-01	-1.650728e-01
5.760108e-01	6.571696e-01	-1.650847e-01
5.802944e-01	6.562433e-01	-1.649942e-01
5.469240e-01	6.538144e-01	-6.745170e-02
5.849693e-01	6.506549e-01	-6.656741e-02
5.586066e-01	6.261948e-01	-1.413218e-01
5.728115e-01	6.259771e-01	-1.406420e-01
5.236535e-01	5.781934e-01	-4.738156e-02
6.044855e-01	5.757158e-01	-7.127723e-02
5.044373e-01	5.372394e-01	-2.606152e-01
6.239805e-01	5.443860e-01	-2.764991e-01
5.096802e-01	5.355595e-01	-5.013306e-01
6.197218e-01	5.318723e-01	-5.205037e-01
5.138475e-01	5.318902e-01	-5.558027e-01
6.233242e-01	5.230627e-01	-5.774862e-01
5.229685e-01	5.399584e-01	-5.481192e-01
6.107285e-01	5.270071e-01	-5.772073e-01
5.258631e-01	5.362090e-01	-5.066613e-01
6.052799e-01	5.248435e-01	-5.300803e-01
5.406168e-01	3.224601e-01	6.866500e-03
5.961685e-01	3.251258e-01	-6.811959e-03
5.046789e-01	1.821654e-01	-9.706675e-02
6.202623e-01	1.700646e-01	-7.719006e-02
5.249761e-01	8.088969e-02	1.528294e-01
5.930609e-01	6.247547e-02	1.336339e-01
5.344667e-01	6.749879e-02	1.739296e-01
5.829778e-01	5.162182e-02	1.542553e-01
4.982988e-01	3.013557e-02	1.012311e-01
6.159850e-01	1.862680e-02	6.949761e-02
5.665655e-01	6.528729e-01	-1.812714e-01
5.610724e-01	6.705656e-01	-1.669704e-01
5.564224e-01	6.711919e-01	-1.670358e-01
5.526729e-01	6.714824e-01	-1.670296e-01
5.725461e-01	6.686016e-01	-1.664641e-01
5.763195e-01	6.677828e-01	-1.664663e-01
5.804957e-01	6.669273e-01	-1.663645e-01
5.469543e-01	6.647909e-01	-6.842615e-02
5.849755e-01	6.607212e-01	-6.548943e-02
5.587559e-01	6.369055e-01	-1.431236e-01
5.729763e-01	6.354950e-01	-1.417076e-01
5.232877e-01	5.861234e-01	-4.996561e-02
6.046318e-01	5.840971e-01	-6.372207e-02
5.042745e-01	5.464996e-01	-2.609443e-01
6.240304e-01	5.498493e-01	-2.725550e-01
5.097531e-01	5.353501e-01	-5.153632e-01
6.220788e-01	5.356160e-01	-5.227371e-01
5.127046e-01	5.310294e-01	-5.754579e-01
6.275449e-01	5.230371e-01	-5.828167e-01
5.228537e-01	5.372193e-01	-5.756824e-01
6.133467e-01	5.269597e-01	-5.855692e-01
5.258381e-01	5.358369e-01	-5.235189e-01
6.071211e-01	5.254071e-01	-5.313915e-01
5.406266e-01	3.317235e-01	6.281210e-03
5.962644e-01	3.339033e-01	-6.203555e-03
5.056630e-01	1.866086e-01	-9.507074e-02
6.189242e-01	1.763149e-01	-6.934221e-02
5.259261e-01	8.033215e-02	1.493314e-01
5.929855e-01	6.250954e-02	1.379386e-01
5.347735e-01	6.559492e-02	1.705283e-01
5.829584e-01	5.034994e-02	1.565333e-01
4.982012e-01	3.010730e-02	9.099717e-02
6.159638e-01	1.927138e-02	6.995685e-02
5.674269e-01	6.621100e-01	-1.815421e-01
5.617973e-01	6.805717e-01	-1.677622e-01
5.570822e-01	6.812648e-01	-1.678316e-01
5.531715e-01	6.816193e-01	-1.678300e-01
5.730618e-01	6.783423e-01	-1.667514e-01
5.768130e-01	6.774418e-01	-1.667508e-01
5.808040e-01	6.766365e-01	-1.666492e-01
5.470911e-01	6.748613e-01	-7.057567e-02
5.849373e-01	6.709130e-01	-6.516840e-02
5.593231e-01	6.463263e-01	-1.439011e-01
5.733924e-01	6.447436e-01	-1.418843e-01
5.231868e-01	5.938334e-01	-5.077715e-02
6.048098e-01	5.922466e-01	-5.592279e-02
5.040104e-01	5.459794e-01	-2.531743e-01
6.239498e-01	5.499084e-01	-2.473639e-01
5.097409e-01	5.343991e-01	-5.062868e-01
6.215709e-01	5.332984e-01	-4.977778e-01
5.098242e-01	5.238929e-01	-5.682129e-01
6.272618e-01	5.120124e-01	-5.576714e-01
5.221537e-01	5.265154e-01	-5.718009e-01
6.133848e-01	5.134678e-01	-5.620885e-01
5.255328e-01	5.282497e-01	-5.162550e-01
6.072354e-01	5.156624e-01	-5.088510e-01
5.406849e-01	3.397109e-01	5.940151e-03
5.964187e-01	3.420162e-01	-5.853786e-03
5.069991e-01	1.928633e-01	-8.277811e-02
6.173480e-01	1.808012e-01	-6.910530e-02
5.259293e-01	8.050077e-02	1.571168e-01
5.928546e-01	6.312497e-02	1.380845e-01
5.347242e-01	6.570485e-02	1.770365e-01
5.827431e-01	5.031371e-02	1.581800e-01
4.971481e-01	3.079361e-02	9.531680e-02
6.157534e-01	1.940478e-02	6.993930e-02
5.673989e-01	6.763172e-01	-1.869620e-01
5.617614e-01	6.944600e-01	-1.735135e-01
5.570554e-01	6.949567e-01	-1.735951e-01
5.531489e-01	6.948978e-01	-1.736138e-01
5.730664e-01	6.921157e-01	-1.717216e-01
5.768011e-01	6.912288e-01	-1.717169e-01
5.808136e-01	6.902950e-01	-1.716064e-01
5.470889e-01	6.863622e-01	-7.868002e-02
5.849067e-01	6.827555e-01	-6.934658e-02
5.593159e-01	6.597499e-01	-1.503508e-01
5.734338e-01	6.576704e-01	-1.473014e-01
5.227298e-01	6.022063e-01	-6.254448e-02
6.056039e-01	5.998775e-01	-5.095218e-02
5.033863e-01	5.451734e-01	-2.569202e-01
6.248688e-01	5.484635e-01	-2.307501e-01
5.102869e-01	5.288442e-01	-5.069766e-01
6.220577e-01	5.239184e-01	-4.806794e-01
5.093154e-01	5.064245e-01	-5.696116e-01
6.270620e-01	4.972309e-01	-5.411299e-01
5.218074e-01	5.120241e-01	-5.758756e-01
6.136335e-01	5.005617e-01	-5.462003e-01
5.255180e-01	5.174975e-01	-5.169593e-01
6.078987e-01	5.051484e-01	-4.924588e-01
5.408527e-01	3.469262e-01	3.170148e-03
5.967780e-01	3.505982e-01	-3.033242e-03
5.090514e-01	1.984340e-01	-5.951257e-02
6.157337e-01	1.883327e-01	-5.227476e-02
5.265399e-01	8.054173e-02	1.596848e-01
5.923932e-01	6.283608e-02	1.324660e-01
5.355929e-01	6.488320e-02	1.769809e-01
5.821911e-01	4.735070e-02	1.452126e-01
4.968924e-01	3.085204e-02	9.344671e-02
6.157301e-01	1.944606e-02	4.576869e-02
5.673706e-01	6.890494e-01	-1.873588e-01
5.617279e-01	7.069003e-01	-1.729550e-01
5.570371e-01	7.071362e-01	-1.730487e-01
5.531014e-01	7.068592e-01	-1.730662e-01
5.730918e-01	7.051479e-01	-1.705233e-01
5.768217e-01	7.043130e-01	-1.705102e-01
5.808786e-01	7.032571e-01	-1.704013e-01
5.470361e-01	6.977099e-01	-7.536995e-02
5.848650e-01	6.948950e-01	-6.379309e-02
5.593081e-01	6.715052e-01	-1.499557e-01
5.735101e-01	6.691400e-01	-1.460236e-01
5.222761e-01	6.113311e-01	-5.415391e-02
6.059170e-01	6.093753e-01	-2.229887e-02
5.029832e-01	5.457102e-01	-2.062559e-01
6.254842e-01	5.475823e-01	-1.547691e-01
5.103870e-01	5.161475e-01	-4.467980e-01
6.224357e-01	5.020625e-01	-3.915481e-01
5.090554e-01	4.854854e-01	-5.076679e-01
6.265067e-01	4.753028e-01	-4.502800e-01
5.205345e-01	4.908760e-01	-5.217797e-01
6.140558e-01	4.784689e-01	-4.609662e-01
5.245389e-01	5.005000e-01	-4.587532e-01
6.092392e-01	4.862389e-01	-4.045846e-01
5.415261e-01	3.551253e-01	1.739974e-03
5.980875e-01	3.599903e-01	-1.576625e-03
5.123752e-01	2.046637e-01	-4.799253e-02
6.138232e-01	1.944226e-01	-1.276867e-02
5.268670e-01	8.046953e-02	1.562928e-01
5.926014e-01	6.370103e-02	1.605702e-01
5.357336e-01	6.251863e-02	1.700969e-01
5.829812e-01	4.735879e-02	1.694419e-01
4.953276e-01	3.216877e-02	7.096677e-02
6.161246e-01	2.305221e-02	5.645902e-02
5.673507e-01	7.000746e-01	-1.854047e-01
5.617467e-01	7.180336e-01	-1.719018e-01
5.570353e-01	7.183996e-01	-1.719737e-01
5.530995e-01	7.183118e-01	-1.719760e-01
5.731847e-01	7.163571e-01	-1.693263e-01
5.769207e-01	7.155218e-01	-1.692888e-01
5.810117e-01	7.143994e-01	-1.691750e-01
5.470663e-01	7.096530e-01	-6.987397e-02
5.848620e-01	7.059387e-01	-5.354401e-02
5.593014e-01	6.830994e-01	-1.482939e-01
5.735734e-01	6.806445e-01	-1.451526e-01
5.222402e-01	6.201781e-01	-2.725083e-02
6.069514e-01	6.185437e-01	-1.345851e-03
5.029379e-01	5.441287e-01	-1.112541e-01
6.279887e-01	5.425228e-01	-7.914014e-02
5.097104e-01	4.969875e-01	-3.082466e-01
6.230803e-01	4.852645e-01	-2.843989e-01
5.066297e-01	4.653235e-01	-3.598308e-01
6.268708e-01	4.540887e-01	-3.376627e-01
5.172032e-01	4.722156e-01	-3.808574e-01
6.154929e-01	4.578096e-01	-3.528156e-01
5.214159e-01	4.830091e-01	-3.209077e-01
6.110515e-01	4.657633e-01	-2.972277e-01
5.434576e-01	3.674338e-01	1.656120e-03
5.994537e-01	3.693569e-01	-1.496050e-03
5.158937e-01	2.121874e-01	-4.183621e-02
6.110492e-01	2.021624e-01	-2.261789e-04
5.268911e-01	8.071324e-02	1.549508e-01
5.926629e-01	6.699369e-02	1.724439e-01
5.357230e-01	6.258292e-02	1.657720e-01
5.832673e-01	4.836807e-02	1.823701e-01
4.946632e-01	3.600186e-02	6.532312e-02
6.125333e-01	2.488033e-02	6.631632e-02
5.669979e-01	7.136526e-01	-1.842523e-01
5.614257e-01	7.307888e-01	-1.705692e-01
5.567920e-01	7.307636e-01	-1.706454e-01
5.528750e-01	7.306440e-01	-1.706505e-01
5.730323e-01	7.300335e-01	-1.687524e-01
5.767184e-01	7.295434e-01	-1.687161e-01
5.808662e-01	7.284504e-01	-1.686018e-01
5.470588e-01	7.217892e-01	-6.958803e-02
5.847574e-01	7.182555e-01	-5.429194e-02
5.589279e-01	6.958256e-01	-1.469857e-01
5.735326e-01	6.938730e-01	-1.440860e-01
5.221938e-01	6.306527e-01	-2.150167e-02
6.073399e-01	6.277919e-01	-4.536437e-03
5.026107e-01	5.436386e-01	-6.874403e-02
6.302751e-01	5.392366e-01	-5.132215e-02
5.067545e-01	4.868459e-01	-2.268145e-01
6.246453e-01	4.649824e-01	-2.195238e-01
5.026239e-01	4.520322e-01	-2.710097e-01
6.275145e-01	4.331471e-01	-2.672830e-01
5.130492e-01	4.577972e-01	-2.964763e-01
6.174173e-01	4.373688e-01	-2.862610e-01
5.172045e-01	4.694302e-01	-2.403435e-01
6.137720e-01	4.478200e-01	-2.327222e-01
5.439215e-01	3.781313e-01	1.676219e-03
5.996135e-01	3.782001e-01	-1.522699e-03
5.200822e-01	2.204124e-01	-2.489440e-02
6.084397e-01	2.120683e-01	8.850160e-03
5.279794e-01	8.269751e-02	1.506197e-01
5.929000e-01	7.169610e-02	1.735259e-01
5.363332e-01	6.268274e-02	1.584959e-01
5.851671e-01	5.137523e-02	1.829533e-01
4.947861e-01	3.804163e-02	6.095029e-02
6.129942e-01	2.953525e-02	7.025190e-02
5.664562e-01	7.223626e-01	-1.838243e-01
5.611988e-01	7.402403e-01	-1.696443e-01
5.566185e-01	7.404411e-01	-1.697108e-01
5.526544e-01	7.405947e-01	-1.697100e-01
5.728779e-01	7.388104e-01	-1.683388e-01
5.765106e-01	7.379944e-01	-1.683285e-01
5.806831e-01	7.365412e-01	-1.682318e-01
5.470070e-01	7.327477e-01	-7.270880e-02
5.846390e-01	7.261778e-01	-6.707971e-02
5.580869e-01	7.052194e-01	-1.474427e-01
5.731219e-01	7.024397e-01	-1.457092e-01
5.218879e-01	6.387766e-01	-2.101314e-02
6.077748e-01	6.341679e-01	-1.647792e-02
5.025941e-01	5.444096e-01	-2.849987e-02
6.336541e-01	5.312244e-01	-1.453516e-02
5.044912e-01	4.751434e-01	-1.553822e-01
6.246501e-01	4.462284e-01	-1.089231e-01
4.998914e-01	4.411286e-01	-1.920490e-01
6.272502e-01	4.104283e-01	-1.433471e-01
5.079687e-01	4.449635e-01	-2.190803e-01
6.170874e-01	4.140522e-01	-1.653939e-01
5.122511e-01	4.566081e-01	-1.689651e-01
6.132728e-01	4.263743e-01	-1.204775e-01
5.438377e-01	3.858651e-01	2.663513e-03
5.995943e-01	3.848010e-01	-2.508158e-03
5.227934e-01	2.256813e-01	-4.982231e-03
6.052788e-01	2.169850e-01	2.589887e-03
5.285389e-01	8.474347e-02	1.499788e-01
5.932692e-01	7.114317e-02	1.545429e-01
5.369999e-01	6.296773e-02	1.586629e-01
5.869541e-01	5.138167e-02	1.601484e-01
4.959117e-01	4.117822e-02	6.656872e-02
6.122339e-01	2.977602e-02	5.235965e-02
5.651543e-01	7.302465e-01	-1.756822e-01
5.601869e-01	7.483143e-01	-1.609575e-01
5.558668e-01	7.486081e-01	-1.609817e-01
5.518119e-01	7.488171e-01	-1.609575e-01
5.720247e-01	7.471771e-01	-1.610542e-01
5.758265e-01	7.464391e-01	-1.610895e-01
5.798222e-01	7.453882e-01	-1.610018e-01
5.468608e-01	7.416093e-01	-7.161491e-02
5.844026e-01	7.354106e-01	-6.701402e-02
5.569032e-01	7.131671e-01	-1.422613e-01
5.720971e-01	7.104732e-01	-1.422703e-01
5.216864e-01	6.461306e-01	-1.833824e-02
6.081676e-01	6.422769e-01	-1.875171e-02
5.026869e-01	5.442876e-01	-5.444686e-03
6.351191e-01	5.280437e-01	-3.201503e-03
5.002155e-01	4.585356e-01	-9.856769e-02
6.252165e-01	4.307940e-01	-7.897082e-02
4.951046e-01	4.246711e-01	-1.281277e-01
6.277028e-01	3.935275e-01	-1.074839e-01
5.022019e-01	4.261995e-01	-1.564404e-01
6.173592e-01	3.945673e-01	-1.313256e-01
5.069737e-01	4.388234e-01	-1.117975e-01
6.136340e-01	4.084229e-01	-9.053472e-02
5.433207e-01	3.935039e-01	3.885430e-03
5.985989e-01	3.927312e-01	-3.744569e-03
5.251979e-01	2.312798e-01	4.050539e-03
6.033264e-01	2.237746e-01	4.196394e-03
5.295249e-01	8.627822e-02	1.370080e-01
5.935490e-01	7.160495e-02	1.387230e-01
5.380597e-01	6.308502e-02	1.435935e-01
5.887604e-01	5.239118e-02	1.445660e-01
4.982131e-01	4.246177e-02	5.396554e-02
6.116155e-01	2.993308e-02	4.201506e-02
5.647973e-01	7.368249e-01	-1.768633e-01
5.598752e-01	7.552990e-01	-1.614315e-01
5.556417e-01	7.555258e-01	-1.614390e-01
5.515711e-01	7.556831e-01	-1.614054e-01
5.717357e-01	7.542257e-01	-1.627848e-01
5.755392e-01	7.535567e-01	-1.628439e-01
5.795053e-01	7.525797e-01	-1.627578e-01
5.468069e-01	7.483130e-01	-7.338118e-02
5.842969e-01	7.427172e-01	-7.750367e-02
5.565671e-01	7.198116e-01	-1.445283e-01
5.717684e-01	7.170964e-01	-1.459933e-01
5.216746e-01	6.518056e-01	-2.272787e-02
6.084384e-01	6.461341e-01	-2.924647e-02
5.035079e-01	5.439364e-01	-1.944623e-03
6.350049e-01	5.258572e-01	-2.340863e-02
4.979334e-01	4.483425e-01	-7.228599e-02
6.259906e-01	4.175481e-01	-9.555463e-02
4.923109e-01	4.115270e-01	-9.739023e-02
6.285337e-01	3.797744e-01	-1.222170e-01
4.983130e-01	4.105531e-01	-1.266994e-01
6.184536e-01	3.817190e-01	-1.476885e-01
5.032737e-01	4.228091e-01	-8.549230e-02
6.145926e-01	3.949974e-01	-1.077198e-01
5.407916e-01	4.017365e-01	7.048023e-03
5.953874e-01	3.999586e-01	-6.924870e-03
5.266975e-01	2.370684e-01	1.394305e-02
6.001150e-01	2.289973e-01	1.378972e-04
5.299089e-01	8.735026e-02	1.182337e-01
5.935633e-01	7.189392e-02	1.093100e-01
5.381693e-01	6.316769e-02	1.227110e-01
5.894963e-01	5.237309e-02	1.136212e-01
4.983696e-01	4.345812e-02	3.522182e-02
6.080635e-01	3.070435e-02	1.349202e-02
5.645448e-01	7.441674e-01	-2.002284e-01
5.595282e-01	7.620432e-01	-1.844119e-01
5.553924e-01	7.621006e-01	-1.844311e-01
5.512621e-01	7.619679e-01	-1.843966e-01
5.714969e-01	7.610688e-01	-1.856491e-01
5.753683e-01	7.602676e-01	-1.857056e-01
5.793202e-01	7.590908e-01	-1.856126e-01
5.467011e-01	7.532278e-01	-9.244747e-02
5.842310e-01	7.484135e-01	-9.695779e-02
5.563577e-01	7.265012e-01	-1.657225e-01
5.715389e-01	7.238835e-01	-1.669928e-01
5.212282e-01	6.559041e-01	-3.265885e-02
6.085433e-01	6.497718e-01	-5.195241e-02
5.041984e-01	5.436417e-01	-1.750135e-02
6.342865e-01	5.229138e-01	-4.112331e-02
4.979096e-01	4.423893e-01	-9.620557e-02
6.269988e-01	4.090135e-01	-1.163569e-01
4.917915e-01	4.033864e-01	-1.222688e-01
6.305556e-01	3.684544e-01	-1.440007e-01
4.987035e-01	4.015298e-01	-1.513612e-01
6.212475e-01	3.689357e-01	-1.714485e-01
5.041171e-01	4.151956e-01	-1.092987e-01
6.166712e-01	3.820614e-01	-1.292253e-01
5.408527e-01	4.092946e-01	1.482865e-02
5.953119e-01	4.076982e-01	-1.475187e-02
5.278001e-01	2.415154e-01	2.529065e-02
5.983378e-01	2.327376e-01	-6.493899e-03
5.300037e-01	8.783355e-02	1.182877e-01
5.937408e-01	7.364568e-02	9.076728e-02
5.384136e-01	6.296548e-02	1.228022e-01
5.916822e-01	5.243164e-02	9.467775e-02
4.982495e-01	4.454122e-02	3.889642e-02
5.982695e-01	3.087205e-02	-3.784707e-03
5.642828e-01	7.500210e-01	-2.007186e-01
5.592903e-01	7.668163e-01	-1.849053e-01
5.552223e-01	7.667555e-01	-1.849242e-01
5.510488e-01	7.663249e-01	-1.848918e-01
5.713082e-01	7.659326e-01	-1.853843e-01
5.752337e-01	7.651181e-01	-1.854386e-01
5.791723e-01	7.638992e-01	-1.853456e-01
5.466503e-01	7.562926e-01	-9.324705e-02
5.841972e-01	7.523233e-01	-9.467484e-02
5.561846e-01	7.320493e-01	-1.664866e-01
5.713583e-01	7.290244e-01	-1.667231e-01
5.208365e-01	6.579254e-01	-3.766865e-02
6.085971e-01	6.511702e-01	-5.114986e-02
5.043952e-01	5.424908e-01	-2.264748e-02
6.337821e-01	5.226073e-01	-3.680454e-02
4.966002e-01	4.332176e-01	-9.936859e-02
6.277336e-01	4.083451e-01	-1.137431e-01
4.904124e-01	3.955961e-01	-1.254102e-01
6.329227e-01	3.681274e-01	-1.424258e-01
4.981003e-01	3.934362e-01	-1.557615e-01
6.244392e-01	3.670709e-01	-1.707135e-01
5.040374e-01	4.056689e-01	-1.130577e-01
6.194085e-01	3.798314e-01	-1.274486e-01
5.407898e-01	4.109798e-01	1.453420e-02
5.950151e-01	4.085349e-01	-1.445277e-02
5.292471e-01	2.428253e-01	3.299298e-02
5.965810e-01	2.350725e-01	-3.271946e-03
5.300794e-01	8.893354e-02	1.311176e-01
5.937235e-01	7.516531e-02	9.874834e-02
5.383744e-01	6.413243e-02	1.263595e-01
5.911764e-01	5.285942e-02	1.029036e-01
4.983827e-01	4.627980e-02	4.256947e-02
6.003806e-01	3.134270e-02	1.319352e-03
5.640882e-01	7.543090e-01	-2.066754e-01
5.590833e-01	7.701430e-01	-1.906026e-01
5.550611e-01	7.698438e-01	-1.906222e-01
5.508285e-01	7.690407e-01	-1.905875e-01
5.711552e-01	7.696230e-01	-1.905992e-01
5.751277e-01	7.688054e-01	-1.906530e-01
5.790457e-01	7.675450e-01	-1.905566e-01
5.464990e-01	7.580919e-01	-9.816992e-02
5.841893e-01	7.553838e-01	-9.775816e-02
5.560299e-01	7.357728e-01	-1.722831e-01
5.712374e-01	7.330829e-01	-1.719408e-01
5.205593e-01	6.594035e-01	-4.471746e-02
6.085921e-01	6.531053e-01	-5.278086e-02
5.045803e-01	5.417465e-01	-2.889262e-02
6.327925e-01	5.232727e-01	-3.977875e-02
4.962997e-01	4.269183e-01	-1.039490e-01
6.282805e-01	4.095431e-01	-1.198451e-01
4.903458e-01	3.910194e-01	-1.299708e-01
6.342118e-01	3.696096e-01	-1.489562e-01
4.981772e-01	3.890854e-01	-1.615355e-01
6.260224e-01	3.681235e-01	-1.778630e-01
5.039609e-01	4.007498e-01	-1.181096e-01
6.208770e-01	3.812051e-01	-1.340151e-01
5.405663e-01	4.104076e-01	1.352904e-02
5.941976e-01	4.090696e-01	-1.344355e-02
5.300984e-01	2.433189e-01	2.984433e-02
5.956916e-01	2.385613e-01	-2.868171e-03
5.300539e-01	8.950555e-02	1.313105e-01
5.936494e-01	7.514083e-02	1.003178e-01
5.381836e-01	6.480913e-02	1.338486e-01
5.909098e-01	5.267452e-02	1.041811e-01
4.981508e-01	4.599740e-02	4.865398e-02
6.018032e-01	3.145236e-02	3.046292e-04
5.639834e-01	7.562214e-01	-2.258507e-01
5.589644e-01	7.722802e-01	-2.096609e-01
5.549770e-01	7.719164e-01	-2.096819e-01
5.507153e-01	7.710425e-01	-2.096458e-01
5.710064e-01	7.719092e-01	-2.095253e-01
5.750133e-01	7.711702e-01	-2.095779e-01
5.788666e-01	7.700195e-01	-2.094857e-01
5.464007e-01	7.601227e-01	-1.145392e-01
5.841374e-01	7.581136e-01	-1.138484e-01
5.559647e-01	7.377898e-01	-1.903240e-01
5.711474e-01	7.354285e-01	-1.898910e-01
5.200600e-01	6.599491e-01	-5.760831e-02
6.085804e-01	6.543635e-01	-6.573670e-02
5.048380e-01	5.373542e-01	-3.951165e-02
6.327234e-01	5.237290e-01	-5.239693e-02
4.969973e-01	4.210776e-01	-1.137510e-01
6.289603e-01	4.085499e-01	-1.345996e-01
4.913812e-01	3.837957e-01	-1.406957e-01
6.356896e-01	3.701602e-01	-1.640621e-01
4.993580e-01	3.833095e-01	-1.719801e-01
6.279832e-01	3.681422e-01	-1.940490e-01
5.050002e-01	3.952705e-01	-1.278501e-01
6.231008e-01	3.814175e-01	-1.491986e-01
5.400618e-01	4.109688e-01	1.340376e-02
5.932300e-01	4.102028e-01	-1.331704e-02
5.304946e-01	2.444752e-01	3.259604e-02
5.947229e-01	2.409029e-01	3.119765e-05
5.300332e-01	8.948356e-02	1.401749e-01
5.935975e-01	7.636079e-02	1.073100e-01
5.381161e-01	6.485036e-02	1.427675e-01
5.906307e-01	5.280575e-02	1.121005e-01
4.974759e-01	4.725166e-02	5.695097e-02
6.026598e-01	3.335305e-02	9.670959e-03
5.636557e-01	7.579703e-01	-2.289809e-01
5.587050e-01	7.737431e-01	-2.129311e-01
5.547835e-01	7.733209e-01	-2.129515e-01
5.504869e-01	7.723305e-01	-2.129129e-01
5.706845e-01	7.735718e-01	-2.126012e-01
5.748054e-01	7.728201e-01	-2.126514e-01
5.785464e-01	7.716987e-01	-2.125567e-01
5.462650e-01	7.613138e-01	-1.179072e-01
5.840920e-01	7.593651e-01	-1.164410e-01
5.557211e-01	7.394118e-01	-1.934568e-01
5.708309e-01	7.370577e-01	-1.927809e-01
5.193525e-01	6.599461e-01	-6.273782e-02
6.085746e-01	6.549854e-01	-6.661500e-02
5.051953e-01	5.345185e-01	-4.437097e-02
6.320630e-01	5.239543e-01	-5.201036e-02
4.972243e-01	4.169985e-01	-1.200707e-01
6.294422e-01	4.117778e-01	-1.349846e-01
4.921289e-01	3.797918e-01	-1.478576e-01
6.360970e-01	3.738210e-01	-1.650129e-01
5.001504e-01	3.803986e-01	-1.794652e-01
6.288593e-01	3.725459e-01	-1.957859e-01
5.056528e-01	3.922896e-01	-1.343763e-01
6.242419e-01	3.853530e-01	-1.500930e-01
5.394074e-01	4.096942e-01	1.336576e-02
5.924028e-01	4.098147e-01	-1.327079e-02
5.307344e-01	2.448202e-01	3.258056e-02
5.944277e-01	2.423739e-01	8.799503e-03
5.300243e-01	8.955052e-02	1.460984e-01
5.934945e-01	7.909365e-02	1.222553e-01
5.378853e-01	6.516376e-02	1.502210e-01
5.903360e-01	5.481477e-02	1.260117e-01
4.966384e-01	4.690975e-02	6.064767e-02
6.029752e-01	3.500231e-02	1.903974e-02
5.636194e-01	7.578374e-01	-2.193800e-01
5.586441e-01	7.733038e-01	-2.034936e-01
5.547454e-01	7.728468e-01	-2.035143e-01
5.504360e-01	7.718635e-01	-2.034785e-01
5.705835e-01	7.731351e-01	-2.032173e-01
5.747190e-01	7.724840e-01	-2.032658e-01
5.783994e-01	7.714781e-01	-2.031757e-01
5.462343e-01	7.615322e-01	-1.095128e-01
5.840393e-01	7.599614e-01	-1.082052e-01
5.556977e-01	7.395419e-01	-1.842391e-01
5.707872e-01	7.373250e-01	-1.835972e-01
5.189993e-01	6.607984e-01	-5.772445e-02
6.085696e-01	6.552241e-01	-6.093626e-02
5.053564e-01	5.346234e-01	-3.907989e-02
6.312689e-01	5.251114e-01	-4.147303e-02
4.987552e-01	4.189921e-01	-1.133401e-01
6.306785e-01	4.150778e-01	-1.229826e-01
4.926613e-01	3.827516e-01	-1.412614e-01
6.371378e-01	3.770867e-01	-1.528920e-01
5.008022e-01	3.836226e-01	-1.726832e-01
6.307249e-01	3.762491e-01	-1.844589e-01
5.066127e-01	3.957268e-01	-1.275472e-01
6.263744e-01	3.889841e-01	-1.384584e-01
5.384045e-01	4.105366e-01	1.274502e-02
5.914061e-01	4.103630e-01	-1.265566e-02
5.303729e-01	2.447156e-01	2.749074e-02
5.943726e-01	2.419199e-01	6.555500e-03
5.300020e-01	8.941943e-02	1.449496e-01
5.934049e-01	7.936575e-02	1.226644e-01
5.377780e-01	6.514875e-02	1.500633e-01
5.902923e-01	5.532657e-02	1.261775e-01
4.965021e-01	4.676960e-02	6.005259e-02
6.038195e-01	3.549236e-02	2.141738e-02
5.634426e-01	7.580010e-01	-2.140239e-01
5.584560e-01	7.734059e-01	-1.959471e-01
5.546222e-01	7.729637e-01	-1.959601e-01
5.503117e-01	7.720311e-01	-1.959152e-01
5.702932e-01	7.731837e-01	-1.975497e-01
5.745282e-01	7.725943e-01	-1.976153e-01
5.781143e-01	7.716821e-01	-1.975489e-01
5.461945e-01	7.620935e-01	-9.999435e-02
5.839504e-01	7.605900e-01	-1.071317e-01
5.556020e-01	7.397472e-01	-1.787369e-01
5.706312e-01	7.375543e-01	-1.813270e-01
5.187950e-01	6.618693e-01	-4.431921e-02
6.085819e-01	6.553144e-01	-5.835837e-02
5.058054e-01	5.346751e-01	-2.423635e-02
6.304135e-01	5.263007e-01	-4.571563e-02
5.006707e-01	4.181681e-01	-1.017269e-01
6.315054e-01	4.178347e-01	-1.326649e-01
4.943805e-01	3.827395e-01	-1.295263e-01
6.375338e-01	3.795433e-01	-1.644034e-01
5.037651e-01	3.841707e-01	-1.602815e-01
6.308021e-01	3.789320e-01	-1.949175e-01
5.093252e-01	3.962528e-01	-1.158594e-01
6.265002e-01	3.916971e-01	-1.479306e-01
5.378792e-01	4.108946e-01	1.461033e-02
5.906764e-01	4.108145e-01	-1.453283e-02
5.303372e-01	2.454721e-01	2.771127e-02
5.936438e-01	2.445800e-01	-1.550124e-04
5.299844e-01	8.937040e-02	1.372611e-01
5.932368e-01	7.983801e-02	1.002664e-01
5.377430e-01	6.515328e-02	1.414170e-01
5.902187e-01	5.592094e-02	1.037300e-01
4.953572e-01	4.656509e-02	5.373342e-02
6.015007e-01	3.609377e-02	9.182367e-04
