5.468059e-01	8.286191e-01	-3.883954e-01
5.394318e-01	8.465831e-01	-3.685281e-01
5.355157e-01	8.462811e-01	-3.685625e-01
5.310249e-01	8.456162e-01	-3.685088e-01
5.518357e-01	8.471155e-01	-3.713125e-01
5.567244e-01	8.469412e-01	-3.713955e-01
5.602511e-01	8.467052e-01	-3.713349e-01
5.272841e-01	8.360293e-01	-2.424244e-01
5.666390e-01	8.399054e-01	-2.540720e-01
5.390968e-01	8.055012e-01	-3.403266e-01
5.544448e-01	8.068552e-01	-3.435685e-01
4.958993e-01	7.126786e-01	-1.488326e-01
5.981060e-01	7.138938e-01	-1.776256e-01
4.859813e-01	5.708356e-01	-1.121803e-01
6.060451e-01	5.628984e-01	-1.521606e-01
4.813455e-01	4.416990e-01	-2.158701e-01
6.062904e-01	4.296752e-01	-2.493119e-01
4.773131e-01	4.012374e-01	-2.526216e-01
6.099963e-01	3.908809e-01	-2.882816e-01
4.837705e-01	4.001272e-01	-2.875143e-01
6.031672e-01	3.892156e-01	-3.215122e-01
4.889032e-01	4.151194e-01	-2.332015e-01
5.988756e-01	4.042904e-01	-2.652047e-01
5.158038e-01	4.469790e-01	7.311631e-03
5.733628e-01	4.466726e-01	-7.229901e-03
5.014567e-01	2.647694e-01	3.211949e-02
5.825423e-01	2.668300e-01	2.459858e-02
4.987462e-01	1.169778e-01	2.722180e-01
5.925237e-01	1.171233e-01	2.475657e-01
5.047451e-01	9.845197e-02	2.882847e-01
5.876657e-01	9.936520e-02	2.620753e-01
4.857267e-01	4.853737e-02	1.643887e-01
6.090494e-01	4.709530e-02	1.299888e-01
5.467854e-01	8.286197e-01	-3.581558e-01
5.395302e-01	8.469489e-01	-3.382400e-01
5.355194e-01	8.467164e-01	-3.382552e-01
5.312332e-01	8.461639e-01	-3.381758e-01
5.519133e-01	8.472782e-01	-3.394354e-01
5.567278e-01	8.471402e-01	-3.394963e-01
5.603832e-01	8.468382e-01	-3.393957e-01
5.273275e-01	8.372324e-01	-2.150833e-01
5.666391e-01	8.396947e-01	-2.201860e-01
5.391150e-01	8.058794e-01	-3.116241e-01
5.544270e-01	8.068452e-01	-3.129665e-01
4.959007e-01	7.133942e-01	-1.323091e-01
5.979856e-01	7.140806e-01	-1.405799e-01
4.850697e-01	5.700356e-01	-1.040624e-01
6.086763e-01	5.645798e-01	-1.163592e-01
4.789065e-01	4.418349e-01	-2.113062e-01
6.113465e-01	4.308749e-01	-2.273456e-01
4.749023e-01	4.011711e-01	-2.497817e-01
6.145921e-01	3.909464e-01	-2.681911e-01
4.823226e-01	4.001120e-01	-2.847772e-01
6.066685e-01	3.898555e-01	-3.018443e-01
4.875774e-01	4.150993e-01	-2.286036e-01
6.022998e-01	4.048707e-01	-2.438641e-01
5.154585e-01	4.456754e-01	6.367630e-03
5.734281e-01	4.443499e-01	-6.273122e-03
5.014200e-01	2.638630e-01	3.170551e-02
5.838190e-01	2.665353e-01	4.642925e-02
4.985582e-01	1.161167e-01	2.614212e-01
5.924552e-01	1.169238e-01	2.868747e-01
5.037814e-01	9.657567e-02	2.760359e-01
5.875733e-01	9.841695e-02	3.027135e-01
4.854706e-01	4.861125e-02	1.522871e-01
6.091694e-01	4.840723e-02	1.769004e-01
5.467826e-01	8.285831e-01	-3.659645e-01
5.396106e-01	8.471178e-01	-3.457647e-01
5.355257e-01	8.469019e-01	-3.457937e-01
5.314001e-01	8.463551e-01	-3.457326e-01
5.519701e-01	8.473774e-01	-3.485503e-01
5.567294e-01	8.472832e-01	-3.486267e-01
5.604780e-01	8.469439e-01	-3.485454e-01
5.274083e-01	8.376455e-01	-2.212650e-01
5.666395e-01	8.396159e-01	-2.309978e-01
5.391802e-01	8.059382e-01	-3.188165e-01
5.544277e-01	8.067862e-01	-3.218521e-01
4.960118e-01	7.133936e-01	-1.349727e-01
5.979942e-01	7.143950e-01	-1.496066e-01
4.842899e-01	5.683035e-01	-1.079853e-01
6.104884e-01	5.661095e-01	-1.194673e-01
4.779052e-01	4.409092e-01	-2.119385e-01
6.142615e-01	4.315722e-01	-2.244426e-01
4.737523e-01	3.999484e-01	-2.502555e-01
6.175097e-01	3.909824e-01	-2.625182e-01
4.801376e-01	3.983697e-01	-2.848583e-01
6.100575e-01	3.899964e-01	-2.978450e-01
4.856135e-01	4.131885e-01	-2.288842e-01
6.052958e-01	4.050950e-01	-2.413662e-01
5.156411e-01	4.454265e-01	4.759034e-03
5.742225e-01	4.439484e-01	-4.673522e-03
5.014175e-01	2.637725e-01	3.023420e-02
5.855056e-01	2.666270e-01	4.788437e-02
4.984146e-01	1.155743e-01	2.583063e-01
5.923972e-01	1.169246e-01	2.859665e-01
5.032150e-01	9.562106e-02	2.727662e-01
5.874828e-01	9.826243e-02	3.015185e-01
4.853829e-01	4.870611e-02	1.469855e-01
6.092110e-01	4.931344e-02	1.736761e-01
5.469505e-01	8.275012e-01	-3.729369e-01
5.398201e-01	8.469897e-01	-3.530938e-01
5.355936e-01	8.467699e-01	-3.531089e-01
5.316023e-01	8.461518e-01	-3.530390e-01
5.521638e-01	8.472313e-01	-3.543053e-01
5.568975e-01	8.471696e-01	-3.543650e-01
5.607877e-01	8.467489e-01	-3.542691e-01
5.274814e-01	8.373197e-01	-2.266992e-01
5.668115e-01	8.384281e-01	-2.329458e-01
5.393922e-01	8.051065e-01	-3.248547e-01
5.546610e-01	8.052977e-01	-3.260680e-01
4.965000e-01	7.128998e-01	-1.410618e-01
5.984347e-01	7.143278e-01	-1.550498e-01
4.836474e-01	5.660940e-01	-1.144172e-01
6.117349e-01	5.660382e-01	-1.260629e-01
4.753587e-01	4.389657e-01	-2.222757e-01
6.155239e-01	4.314308e-01	-2.295540e-01
4.709778e-01	3.970225e-01	-2.606432e-01
6.194475e-01	3.888748e-01	-2.680973e-01
4.765275e-01	3.952842e-01	-2.958088e-01
6.118328e-01	3.877519e-01	-3.012404e-01
4.821717e-01	4.101473e-01	-2.397535e-01
6.068175e-01	4.031915e-01	-2.456690e-01
5.169922e-01	4.430644e-01	4.469386e-03
5.764629e-01	4.427733e-01	-4.384646e-03
5.015711e-01	2.635073e-01	2.666699e-02
5.889010e-01	2.664263e-01	4.602518e-02
4.983312e-01	1.150154e-01	2.594417e-01
5.923963e-01	1.169291e-01	2.899634e-01
5.028660e-01	9.489559e-02	2.743751e-01
5.874587e-01	9.818418e-02	3.061255e-01
4.853041e-01	4.874249e-02	1.477361e-01
6.092061e-01	4.956476e-02	1.764769e-01
5.473567e-01	8.242750e-01	-3.651136e-01
5.402139e-01	8.447687e-01	-3.453955e-01
5.358893e-01	8.445029e-01	-3.454127e-01
5.319268e-01	8.440142e-01	-3.453373e-01
5.524667e-01	8.451896e-01	-3.461065e-01
5.572188e-01	8.450963e-01	-3.461601e-01
5.611241e-01	8.446251e-01	-3.460656e-01
5.276748e-01	8.355345e-01	-2.203490e-01
5.669867e-01	8.357915e-01	-2.232351e-01
5.397317e-01	8.024251e-01	-3.176889e-01
5.549670e-01	8.021234e-01	-3.183204e-01
4.966127e-01	7.110288e-01	-1.351653e-01
5.985363e-01	7.140409e-01	-1.430858e-01
4.818319e-01	5.656547e-01	-1.143188e-01
6.128575e-01	5.675114e-01	-1.200003e-01
4.685798e-01	4.402771e-01	-2.307934e-01
6.177757e-01	4.329112e-01	-2.308373e-01
4.645773e-01	3.980103e-01	-2.703432e-01
6.224087e-01	3.896498e-01	-2.703377e-01
4.688133e-01	3.957360e-01	-3.073545e-01
6.136476e-01	3.887878e-01	-3.044171e-01
4.740739e-01	4.103997e-01	-2.494007e-01
6.085102e-01	4.040701e-01	-2.476921e-01
5.176710e-01	4.397913e-01	4.065947e-03
5.770184e-01	4.401714e-01	-3.973326e-03
5.018665e-01	2.630463e-01	2.303693e-02
5.905284e-01	2.658387e-01	4.525376e-02
4.982100e-01	1.147404e-01	2.523009e-01
5.923468e-01	1.169450e-01	2.863551e-01
5.026399e-01	9.471138e-02	2.669502e-01
5.871402e-01	9.819603e-02	3.020568e-01
4.852217e-01	4.905001e-02	1.404441e-01
6.091983e-01	4.982587e-02	1.734104e-01
5.477486e-01	8.195194e-01	-3.736828e-01
5.406331e-01	8.398328e-01	-3.547788e-01
5.363083e-01	8.396544e-01	-3.548045e-01
5.323210e-01	8.396670e-01	-3.547427e-01
5.528247e-01	8.399682e-01	-3.549295e-01
5.575377e-01	8.398835e-01	-3.549699e-01
5.614217e-01	8.398110e-01	-3.548694e-01
5.279900e-01	8.324926e-01	-2.276447e-01
5.671691e-01	8.321028e-01	-2.248539e-01
5.400926e-01	7.985431e-01	-3.248860e-01
5.551681e-01	7.982545e-01	-3.244428e-01
4.966117e-01	7.094554e-01	-1.372956e-01
5.986046e-01	7.128173e-01	-1.490124e-01
4.801658e-01	5.657355e-01	-1.134839e-01
6.134238e-01	5.674527e-01	-1.226823e-01
4.629515e-01	4.433981e-01	-2.284624e-01
6.201128e-01	4.334814e-01	-2.323311e-01
4.585745e-01	4.009309e-01	-2.659150e-01
6.244349e-01	3.902438e-01	-2.714691e-01
4.617096e-01	3.976867e-01	-3.053041e-01
6.165138e-01	3.892455e-01	-3.057135e-01
4.668424e-01	4.114030e-01	-2.490585e-01
6.119963e-01	4.042604e-01	-2.491848e-01
5.178331e-01	4.391863e-01	3.823721e-03
5.769185e-01	4.393852e-01	-3.731233e-03
5.018896e-01	2.629853e-01	2.262864e-02
5.907214e-01	2.646845e-01	4.513156e-02
4.981663e-01	1.139892e-01	2.485919e-01
5.922959e-01	1.169106e-01	2.853930e-01
5.024937e-01	9.392340e-02	2.627238e-01
5.869637e-01	9.811436e-02	3.007917e-01
4.852125e-01	4.929806e-02	1.333158e-01
6.090666e-01	5.035831e-02	1.704732e-01
5.481051e-01	8.159877e-01	-3.742026e-01
5.409834e-01	8.358858e-01	-3.559520e-01
5.366681e-01	8.357478e-01	-3.559787e-01
5.326312e-01	8.358129e-01	-3.559120e-01
5.531651e-01	8.357953e-01	-3.554617e-01
5.578209e-01	8.356817e-01	-3.554721e-01
5.616819e-01	8.355814e-01	-3.553617e-01
5.282267e-01	8.289135e-01	-2.283375e-01
5.673332e-01	8.285382e-01	-2.298940e-01
5.403360e-01	7.950903e-01	-3.251745e-01
5.553259e-01	7.951164e-01	-3.260853e-01
4.966928e-01	7.078245e-01	-1.374026e-01
5.985988e-01	7.114217e-01	-1.475995e-01
4.785900e-01	5.672258e-01	-1.253329e-01
6.144052e-01	5.674344e-01	-1.179040e-01
4.585330e-01	4.503711e-01	-2.566589e-01
6.256175e-01	4.365397e-01	-2.257948e-01
4.530998e-01	4.082524e-01	-2.951144e-01
6.300974e-01	3.931728e-01	-2.628529e-01
4.552900e-01	4.056559e-01	-3.337432e-01
6.240780e-01	3.919537e-01	-3.020281e-01
4.603055e-01	4.194250e-01	-2.763648e-01
6.192486e-01	4.063570e-01	-2.448058e-01
5.178108e-01	4.384216e-01	3.014391e-03
5.768803e-01	4.383791e-01	-2.928048e-03
5.016966e-01	2.623397e-01	9.043063e-03
5.915318e-01	2.640399e-01	4.106368e-02
4.980330e-01	1.135741e-01	2.337470e-01
5.922195e-01	1.169180e-01	2.782000e-01
5.023639e-01	9.350521e-02	2.476553e-01
5.867051e-01	9.813000e-02	2.923591e-01
4.852125e-01	4.947841e-02	1.173897e-01
6.090153e-01	5.097834e-02	1.619258e-01
5.481213e-01	8.121801e-01	-3.749949e-01
5.410372e-01	8.319728e-01	-3.564841e-01
5.366893e-01	8.320177e-01	-3.565110e-01
5.326881e-01	8.319036e-01	-3.564449e-01
5.532328e-01	8.318875e-01	-3.565412e-01
5.578717e-01	8.318642e-01	-3.565680e-01
5.617810e-01	8.315220e-01	-3.564672e-01
5.283066e-01	8.244141e-01	-2.274571e-01
5.675114e-01	8.245878e-01	-2.299825e-01
5.403591e-01	7.903332e-01	-3.261581e-01
5.553552e-01	7.907363e-01	-3.271391e-01
4.966946e-01	7.048441e-01	-1.358927e-01
5.986097e-01	7.097077e-01	-1.397433e-01
4.768466e-01	5.692638e-01	-1.260298e-01
6.172732e-01	5.685348e-01	-1.119270e-01
4.535627e-01	4.594216e-01	-2.691579e-01
6.331961e-01	4.427677e-01	-2.247107e-01
4.471053e-01	4.164145e-01	-3.094417e-01
6.369799e-01	3.994067e-01	-2.624734e-01
4.492493e-01	4.137784e-01	-3.481839e-01
6.317812e-01	3.980195e-01	-3.020594e-01
4.542635e-01	4.276883e-01	-2.891711e-01
6.273806e-01	4.119949e-01	-2.441508e-01
5.176500e-01	4.358696e-01	2.243346e-03
5.767596e-01	4.352793e-01	-2.145220e-03
5.014542e-01	2.594835e-01	7.120977e-03
5.948585e-01	2.597820e-01	3.752358e-02
4.979164e-01	1.130978e-01	2.414590e-01
5.922180e-01	1.168887e-01	2.788040e-01
5.023252e-01	9.308346e-02	2.560724e-01
5.866430e-01	9.813277e-02	2.938118e-01
4.852047e-01	4.952805e-02	1.272776e-01
6.090142e-01	5.133199e-02	1.628607e-01
5.481289e-01	8.089091e-01	-3.543552e-01
5.410518e-01	8.281118e-01	-3.335482e-01
5.366889e-01	8.280947e-01	-3.335804e-01
5.326930e-01	8.277090e-01	-3.334985e-01
5.532374e-01	8.281134e-01	-3.341239e-01
5.578712e-01	8.281654e-01	-3.341491e-01
5.617952e-01	8.276550e-01	-3.340411e-01
5.283110e-01	8.191912e-01	-2.029048e-01
5.675288e-01	8.204073e-01	-2.047322e-01
5.403598e-01	7.857481e-01	-3.051607e-01
5.553592e-01	7.868373e-01	-3.055737e-01
4.966939e-01	7.005683e-01	-1.196552e-01
5.986961e-01	7.073529e-01	-1.168232e-01
4.747831e-01	5.712633e-01	-1.238909e-01
6.198831e-01	5.696416e-01	-9.957291e-02
4.487537e-01	4.652450e-01	-2.754002e-01
6.387156e-01	4.511901e-01	-2.235263e-01
4.410012e-01	4.232198e-01	-3.181261e-01
6.436319e-01	4.089765e-01	-2.638306e-01
4.433909e-01	4.216829e-01	-3.567826e-01
6.383601e-01	4.086573e-01	-3.021585e-01
4.487380e-01	4.359387e-01	-2.957857e-01
6.334087e-01	4.224639e-01	-2.429929e-01
5.168965e-01	4.318231e-01	8.369928e-04
5.760646e-01	4.315496e-01	-7.062080e-04
5.014299e-01	2.577199e-01	6.564514e-03
5.978066e-01	2.572911e-01	3.286817e-02
4.978816e-01	1.123947e-01	2.426839e-01
5.923355e-01	1.166817e-01	2.818323e-01
5.023055e-01	9.229994e-02	2.598074e-01
5.866430e-01	9.803935e-02	2.976511e-01
4.852045e-01	4.960454e-02	1.316278e-01
6.092517e-01	5.146720e-02	1.687458e-01
5.480892e-01	7.976211e-01	-2.950422e-01
5.410744e-01	8.170437e-01	-2.740369e-01
5.367389e-01	8.169588e-01	-2.740747e-01
5.327482e-01	8.169065e-01	-2.739982e-01
5.532364e-01	8.169759e-01	-2.739857e-01
5.578457e-01	8.169507e-01	-2.739951e-01
5.617976e-01	8.168393e-01	-2.738701e-01
5.283789e-01	8.098195e-01	-1.480771e-01
5.675412e-01	8.109621e-01	-1.460898e-01
5.403596e-01	7.768801e-01	-2.480101e-01
5.552989e-01	7.776365e-01	-2.472362e-01
4.969267e-01	6.970870e-01	-7.707457e-02
5.987167e-01	7.036610e-01	-6.621477e-02
4.735047e-01	5.813052e-01	-1.002810e-01
6.212109e-01	5.718790e-01	-6.018357e-02
4.470991e-01	4.809604e-01	-2.656030e-01
6.419410e-01	4.597716e-01	-2.003380e-01
4.376535e-01	4.423816e-01	-3.098381e-01
6.478912e-01	4.186768e-01	-2.458423e-01
4.403973e-01	4.425079e-01	-3.475783e-01
6.428968e-01	4.195265e-01	-2.807204e-01
4.467419e-01	4.568780e-01	-2.856827e-01
6.374737e-01	4.350400e-01	-2.197417e-01
5.168917e-01	4.231717e-01	-2.475409e-04
5.760140e-01	4.238631e-01	4.199655e-04
5.012757e-01	2.551282e-01	5.133866e-03
5.990890e-01	2.536704e-01	3.308694e-02
4.977894e-01	1.114867e-01	2.456259e-01
5.924359e-01	1.160524e-01	2.817406e-01
5.022992e-01	9.152358e-02	2.619844e-01
5.865793e-01	9.771504e-02	2.972215e-01
4.850720e-01	4.975669e-02	1.354830e-01
6.093568e-01	5.160013e-02	1.705167e-01
5.480869e-01	7.876393e-01	-2.756859e-01
5.410811e-01	8.083703e-01	-2.544477e-01
5.367392e-01	8.084536e-01	-2.544975e-01
5.327489e-01	8.079622e-01	-2.544301e-01
5.532421e-01	8.086469e-01	-2.535390e-01
5.578485e-01	8.086815e-01	-2.535345e-01
5.618176e-01	8.082047e-01	-2.533861e-01
5.283496e-01	8.005822e-01	-1.275851e-01
5.675418e-01	8.018923e-01	-1.219746e-01
5.403616e-01	7.676424e-01	-2.285251e-01
5.552965e-01	7.687563e-01	-2.266739e-01
4.974169e-01	6.925788e-01	-6.275200e-02
5.986074e-01	6.995356e-01	-3.936179e-02
4.715258e-01	5.868530e-01	-9.425170e-02
6.216715e-01	5.748421e-01	-5.109154e-02
4.443714e-01	4.933216e-01	-2.658548e-01
6.450688e-01	4.712522e-01	-2.097321e-01
4.332686e-01	4.577473e-01	-3.105754e-01
6.541991e-01	4.341302e-01	-2.526202e-01
4.358792e-01	4.573193e-01	-3.471579e-01
6.507650e-01	4.351129e-01	-2.839097e-01
4.428415e-01	4.700230e-01	-2.854417e-01
6.443006e-01	4.490263e-01	-2.276991e-01
5.169519e-01	4.139826e-01	-2.192506e-03
5.759495e-01	4.150441e-01	2.377215e-03
5.012455e-01	2.525940e-01	7.789574e-03
5.992221e-01	2.503643e-01	4.285605e-02
4.977644e-01	1.112661e-01	2.560474e-01
5.925409e-01	1.156824e-01	2.946861e-01
5.023178e-01	9.151673e-02	2.741723e-01
5.865806e-01	9.779012e-02	3.108595e-01
4.851534e-01	4.985772e-02	1.556870e-01
6.094137e-01	5.157646e-02	1.903041e-01
5.481015e-01	7.787164e-01	-2.749534e-01
5.411248e-01	8.003522e-01	-2.554688e-01
5.367724e-01	8.005090e-01	-2.555130e-01
5.327577e-01	8.002104e-01	-2.554543e-01
5.532585e-01	8.005082e-01	-2.553145e-01
5.578548e-01	8.005905e-01	-2.553143e-01
5.618271e-01	8.002542e-01	-2.551941e-01
5.282214e-01	7.931178e-01	-1.314167e-01
5.673894e-01	7.940068e-01	-1.295772e-01
5.403617e-01	7.590673e-01	-2.280635e-01
5.552732e-01	7.596983e-01	-2.272434e-01
4.976794e-01	6.883398e-01	-4.502701e-02
5.980820e-01	6.942067e-01	-3.994520e-02
4.715625e-01	5.934178e-01	7.629407e-03
6.219444e-01	5.802739e-01	2.897789e-02
4.430866e-01	5.150434e-01	-7.960947e-02
6.463524e-01	4.945164e-01	-4.590156e-02
4.317911e-01	4.822094e-01	-1.055796e-01
6.569602e-01	4.548596e-01	-7.812081e-02
4.338650e-01	4.833592e-01	-1.478492e-01
6.525447e-01	4.566787e-01	-1.109390e-01
4.401668e-01	4.931419e-01	-9.937008e-02
6.462193e-01	4.717217e-01	-6.293015e-02
5.170200e-01	4.071868e-01	-1.826370e-03
5.757624e-01	4.066624e-01	1.999909e-03
5.011399e-01	2.518502e-01	1.564125e-02
5.984492e-01	2.446810e-01	4.854534e-02
4.975877e-01	1.112620e-01	2.760653e-01
5.924896e-01	1.142118e-01	3.028744e-01
5.023168e-01	9.167036e-02	2.954085e-01
5.864575e-01	9.779194e-02	3.196065e-01
4.850615e-01	5.015106e-02	1.836696e-01
6.094139e-01	5.138259e-02	1.992834e-01
5.474387e-01	7.682166e-01	-2.755624e-01
5.408031e-01	7.887196e-01	-2.578949e-01
5.363638e-01	7.889062e-01	-2.579278e-01
5.325576e-01	7.891754e-01	-2.578606e-01
5.529100e-01	7.887254e-01	-2.595233e-01
5.571835e-01	7.890281e-01	-2.595170e-01
5.613415e-01	7.893727e-01	-2.593852e-01
5.277289e-01	7.834523e-01	-1.354700e-01
5.667557e-01	7.840337e-01	-1.417077e-01
5.399236e-01	7.483477e-01	-2.286479e-01
5.546474e-01	7.485882e-01	-2.300640e-01
4.978035e-01	6.834314e-01	-4.061718e-02
5.973509e-01	6.864690e-01	-4.891192e-02
4.721163e-01	6.004640e-01	1.864623e-02
6.241208e-01	5.869228e-01	7.558091e-02
4.464008e-01	5.538400e-01	-5.304324e-02
6.471054e-01	5.138534e-01	9.947189e-02
4.367316e-01	5.363804e-01	-7.068509e-02
6.578393e-01	4.802309e-01	8.420536e-02
4.392819e-01	5.342721e-01	-1.092700e-01
6.526413e-01	4.829908e-01	5.527033e-02
4.450420e-01	5.512533e-01	-7.050460e-02
6.462461e-01	4.960247e-01	8.707820e-02
5.169612e-01	4.005165e-01	-1.100130e-03
5.754133e-01	3.990371e-01	1.312805e-03
5.011401e-01	2.514680e-01	3.337275e-02
5.990151e-01	2.429588e-01	6.735010e-02
4.974364e-01	1.111268e-01	3.035904e-01
5.923651e-01	1.128140e-01	3.476261e-01
5.022188e-01	9.194640e-02	3.247518e-01
5.860303e-01	9.767605e-02	3.679457e-01
4.850604e-01	5.020373e-02	2.113907e-01
6.094167e-01	5.049428e-02	2.492776e-01
5.464765e-01	7.578651e-01	-2.659039e-01
5.400806e-01	7.783707e-01	-2.464711e-01
5.355455e-01	7.783243e-01	-2.465357e-01
5.320486e-01	7.781722e-01	-2.464895e-01
5.524218e-01	7.785193e-01	-2.455544e-01
5.564905e-01	7.790771e-01	-2.455814e-01
5.607761e-01	7.794806e-01	-2.454506e-01
5.271169e-01	7.725089e-01	-1.180751e-01
5.663670e-01	7.735986e-01	-1.136438e-01
5.393682e-01	7.368352e-01	-2.173595e-01
5.541430e-01	7.368891e-01	-2.158231e-01
4.972705e-01	6.736128e-01	-5.071936e-02
5.973254e-01	6.758379e-01	-3.216907e-02
4.563666e-01	5.856475e-01	-1.675170e-01
6.266982e-01	5.876258e-01	-9.269509e-02
4.482047e-01	5.668665e-01	-4.392697e-01
6.470527e-01	5.287510e-01	-3.373030e-01
4.438218e-01	5.643421e-01	-4.996201e-01
6.579679e-01	4.992722e-01	-3.955905e-01
4.536950e-01	5.807117e-01	-5.098993e-01
6.539269e-01	5.023195e-01	-4.109731e-01
4.559554e-01	5.798288e-01	-4.505885e-01
6.469689e-01	5.129374e-01	-3.525531e-01
5.168121e-01	3.900366e-01	-1.965151e-03
5.753976e-01	3.881358e-01	2.206278e-03
5.007876e-01	2.452027e-01	1.775025e-02
6.008359e-01	2.324155e-01	5.144382e-02
4.973722e-01	1.107016e-01	3.043275e-01
5.922990e-01	1.105460e-01	3.338362e-01
5.022085e-01	9.237716e-02	3.273673e-01
5.858649e-01	9.743557e-02	3.548331e-01
4.850116e-01	5.011696e-02	2.121865e-01
6.094803e-01	4.900359e-02	2.369790e-01
5.463297e-01	7.460883e-01	-2.793214e-01
5.400308e-01	7.664655e-01	-2.592265e-01
5.353736e-01	7.666093e-01	-2.592767e-01
5.319369e-01	7.665663e-01	-2.592049e-01
5.523989e-01	7.668394e-01	-2.603236e-01
5.564557e-01	7.676426e-01	-2.603707e-01
5.607715e-01	7.681367e-01	-2.602250e-01
5.268530e-01	7.618597e-01	-1.289516e-01
5.663425e-01	7.624445e-01	-1.344831e-01
5.392209e-01	7.242306e-01	-2.298935e-01
5.539969e-01	7.245443e-01	-2.312860e-01
4.967598e-01	6.618973e-01	-5.729425e-02
5.977575e-01	6.648295e-01	-5.834896e-02
4.402069e-01	5.590470e-01	-1.969500e-01
6.339233e-01	5.861484e-01	-2.031411e-01
4.521366e-01	5.813223e-01	-4.532061e-01
6.446952e-01	5.599824e-01	-4.649113e-01
4.575690e-01	5.915533e-01	-5.118221e-01
6.550349e-01	5.514232e-01	-5.271197e-01
4.678568e-01	6.060869e-01	-5.091187e-01
6.500676e-01	5.611563e-01	-5.289723e-01
4.697399e-01	6.018537e-01	-4.591933e-01
6.444690e-01	5.659063e-01	-4.743465e-01
5.163512e-01	3.778130e-01	-1.269325e-03
5.754532e-01	3.755299e-01	1.512479e-03
5.006405e-01	2.340602e-01	5.846045e-03
6.019262e-01	2.232665e-01	2.584123e-02
4.978343e-01	1.090390e-01	3.058516e-01
5.923709e-01	1.067125e-01	3.328131e-01
5.033494e-01	9.239300e-02	3.302898e-01
5.858744e-01	9.536412e-02	3.563858e-01
4.854499e-01	4.930859e-02	2.242254e-01
6.109688e-01	4.614430e-02	2.451631e-01
5.462246e-01	7.381993e-01	-2.549761e-01
5.399866e-01	7.578093e-01	-2.368688e-01
5.352465e-01	7.577661e-01	-2.369147e-01
5.318431e-01	7.574137e-01	-2.368370e-01
5.523590e-01	7.582685e-01	-2.385778e-01
5.563809e-01	7.589569e-01	-2.386154e-01
5.607387e-01	7.593304e-01	-2.384798e-01
5.266894e-01	7.517737e-01	-1.126375e-01
5.662805e-01	7.524655e-01	-1.206550e-01
5.391561e-01	7.158822e-01	-2.071650e-01
5.539171e-01	7.163275e-01	-2.092609e-01
4.970691e-01	6.555887e-01	-4.726189e-02
5.975387e-01	6.623679e-01	-6.303932e-02
4.472442e-01	5.607402e-01	-1.907237e-01
6.321614e-01	5.948437e-01	-2.126860e-01
4.536995e-01	5.862020e-01	-4.459283e-01
6.445326e-01	5.706028e-01	-4.773088e-01
4.580404e-01	5.941090e-01	-5.044581e-01
6.540328e-01	5.505980e-01	-5.408072e-01
4.687855e-01	6.057932e-01	-5.082958e-01
6.473932e-01	5.639156e-01	-5.457554e-01
4.711909e-01	5.995831e-01	-4.551049e-01
6.418069e-01	5.706487e-01	-4.888458e-01
5.164555e-01	3.708003e-01	4.165900e-04
5.757173e-01	3.674522e-01	-1.868050e-04
5.000680e-01	2.240490e-01	-4.294765e-03
6.017169e-01	2.140115e-01	2.965743e-02
4.978275e-01	1.081036e-01	2.965813e-01
5.924673e-01	1.043547e-01	3.371101e-01
5.035566e-01	9.205882e-02	3.167964e-01
5.857260e-01	9.323028e-02	3.607145e-01
4.854471e-01	4.857816e-02	2.080884e-01
6.119953e-01	4.419167e-02	2.533851e-01
5.455402e-01	7.283185e-01	-2.667066e-01
5.395201e-01	7.469544e-01	-2.478576e-01
5.347112e-01	7.467379e-01	-2.478873e-01
5.314246e-01	7.464927e-01	-2.477938e-01
5.519989e-01	7.476548e-01	-2.496412e-01
5.558365e-01	7.480932e-01	-2.496846e-01
5.601920e-01	7.484861e-01	-2.495637e-01
5.264130e-01	7.406089e-01	-1.215434e-01
5.659488e-01	7.411699e-01	-1.301170e-01
5.387312e-01	7.054514e-01	-2.181138e-01
5.534317e-01	7.062861e-01	-2.204306e-01
4.977027e-01	6.485409e-01	-5.272021e-02
5.975312e-01	6.523291e-01	-6.785988e-02
4.401286e-01	5.618307e-01	-2.057384e-01
6.437284e-01	5.875894e-01	-2.297455e-01
4.573314e-01	6.000634e-01	-4.571093e-01
6.434356e-01	5.874439e-01	-4.773796e-01
4.645872e-01	6.067453e-01	-5.110618e-01
6.443996e-01	5.855876e-01	-5.346435e-01
4.755257e-01	6.139714e-01	-5.026473e-01
6.346930e-01	5.986691e-01	-5.270716e-01
4.770976e-01	6.096610e-01	-4.605463e-01
6.317792e-01	5.979408e-01	-4.817235e-01
5.166713e-01	3.622372e-01	3.704032e-04
5.757362e-01	3.588657e-01	-1.579005e-04
5.000879e-01	2.145928e-01	-2.437501e-02
6.019157e-01	2.071043e-01	-1.090568e-02
4.976601e-01	1.075606e-01	2.916175e-01
5.923105e-01	1.046173e-01	3.120901e-01
5.035507e-01	9.196103e-02	3.154456e-01
5.851632e-01	9.332109e-02	3.439474e-01
4.854631e-01	4.738620e-02	2.184580e-01
6.119809e-01	4.436534e-02	2.344004e-01
5.450321e-01	7.155151e-01	-2.578519e-01
5.390321e-01	7.340860e-01	-2.387548e-01
5.342542e-01	7.339281e-01	-2.387787e-01
5.309622e-01	7.337267e-01	-2.386819e-01
5.517153e-01	7.349201e-01	-2.403206e-01
5.554932e-01	7.352188e-01	-2.403642e-01
5.598423e-01	7.354027e-01	-2.402696e-01
5.261020e-01	7.269793e-01	-1.113475e-01
5.658075e-01	7.280214e-01	-1.187709e-01
5.383761e-01	6.927189e-01	-2.088821e-01
5.531477e-01	6.940510e-01	-2.108342e-01
4.982584e-01	6.386997e-01	-4.521441e-02
5.967430e-01	6.403981e-01	-6.920039e-02
4.408458e-01	5.682800e-01	-2.028303e-01
6.404802e-01	5.868425e-01	-2.415608e-01
4.595285e-01	5.989981e-01	-4.534289e-01
6.390639e-01	5.916482e-01	-4.983622e-01
4.670255e-01	6.012080e-01	-5.063775e-01
6.399525e-01	5.897796e-01	-5.574794e-01
4.770578e-01	6.071169e-01	-4.995540e-01
6.310751e-01	5.965502e-01	-5.507586e-01
4.779880e-01	6.041592e-01	-4.576680e-01
6.278979e-01	5.943277e-01	-5.036002e-01
5.167838e-01	3.515060e-01	3.795012e-04
5.757470e-01	3.495231e-01	-1.772945e-04
5.002661e-01	2.060151e-01	-6.397655e-02
6.031899e-01	1.924230e-01	-4.116523e-02
4.976105e-01	1.075911e-01	2.900656e-01
5.916930e-01	1.054775e-01	3.150077e-01
5.035433e-01	9.248670e-02	3.197083e-01
5.837642e-01	9.643154e-02	3.480811e-01
4.856608e-01	4.723946e-02	2.304741e-01
6.119314e-01	4.439831e-02	2.558463e-01
5.445822e-01	6.983086e-01	-2.554522e-01
5.386952e-01	7.197906e-01	-2.373088e-01
5.339802e-01	7.196858e-01	-2.373410e-01
5.306898e-01	7.196563e-01	-2.372649e-01
5.514627e-01	7.204694e-01	-2.383543e-01
5.552396e-01	7.208344e-01	-2.384003e-01
5.595469e-01	7.209906e-01	-2.383237e-01
5.260268e-01	7.143099e-01	-1.120749e-01
5.657544e-01	7.139754e-01	-1.178015e-01
5.379142e-01	6.777598e-01	-2.070842e-01
5.528165e-01	6.788054e-01	-2.085210e-01
4.983713e-01	6.273647e-01	-4.645572e-02
5.956753e-01	6.310386e-01	-7.000081e-02
4.408091e-01	5.695592e-01	-2.016819e-01
6.390375e-01	5.906352e-01	-2.427721e-01
4.595984e-01	5.904542e-01	-4.433077e-01
6.342510e-01	5.984342e-01	-4.929680e-01
4.658477e-01	5.924108e-01	-4.937213e-01
6.354031e-01	5.959044e-01	-5.487374e-01
4.749733e-01	5.966828e-01	-4.872335e-01
6.283219e-01	5.976171e-01	-5.401610e-01
4.759359e-01	5.946276e-01	-4.475300e-01
6.247028e-01	5.966228e-01	-4.973506e-01
5.171198e-01	3.432210e-01	8.514660e-04
5.757792e-01	3.427463e-01	-7.057564e-04
5.000942e-01	2.011975e-01	-6.972054e-02
6.028956e-01	1.909688e-01	-4.955013e-02
4.975879e-01	1.099501e-01	2.826818e-01
5.917006e-01	1.070835e-01	3.058777e-01
5.035461e-01	9.307934e-02	3.166421e-01
5.837997e-01	9.784210e-02	3.445962e-01
4.857625e-01	4.825786e-02	2.250216e-01
6.116808e-01	4.476804e-02	2.475100e-01
5.452231e-01	6.841294e-01	-2.385067e-01
5.389329e-01	7.060175e-01	-2.214944e-01
5.341313e-01	7.057025e-01	-2.215491e-01
5.307410e-01	7.052279e-01	-2.214870e-01
5.517917e-01	7.070544e-01	-2.188624e-01
5.557055e-01	7.075788e-01	-2.189081e-01
5.599697e-01	7.074245e-01	-2.188224e-01
5.261462e-01	6.989583e-01	-1.035070e-01
5.659060e-01	6.992700e-01	-9.289019e-02
5.380512e-01	6.632568e-01	-1.931947e-01
5.531279e-01	6.650591e-01	-1.898166e-01
4.983672e-01	6.163023e-01	-5.013990e-02
5.938138e-01	6.201205e-01	-5.017009e-02
4.384363e-01	5.639130e-01	-2.340278e-01
6.362674e-01	5.965064e-01	-2.257971e-01
4.622213e-01	5.855148e-01	-4.644044e-01
6.318641e-01	6.014320e-01	-4.832985e-01
4.706303e-01	5.919423e-01	-5.136682e-01
6.351818e-01	5.987032e-01	-5.371379e-01
4.803595e-01	5.973346e-01	-5.009144e-01
6.284622e-01	5.979086e-01	-5.308955e-01
4.800593e-01	5.936161e-01	-4.654466e-01
6.249623e-01	5.947704e-01	-4.895094e-01
5.170785e-01	3.329716e-01	4.967930e-05
5.758509e-01	3.350285e-01	3.154603e-05
5.002526e-01	1.967264e-01	-1.487923e-01
6.037570e-01	1.826044e-01	-1.837601e-01
4.975535e-01	1.127927e-01	2.303181e-01
5.916792e-01	1.095561e-01	1.646037e-01
5.033571e-01	9.963779e-02	2.665973e-01
5.836428e-01	1.030330e-01	1.970692e-01
4.862780e-01	4.876729e-02	1.865693e-01
6.116267e-01	4.478069e-02	1.132442e-01
5.469290e-01	6.670249e-01	-2.529310e-01
5.397397e-01	6.904001e-01	-2.269656e-01
5.349817e-01	6.905150e-01	-2.270053e-01
5.311114e-01	6.904924e-01	-2.268939e-01
5.529721e-01	6.905847e-01	-2.330659e-01
5.573291e-01	6.907622e-01	-2.331089e-01
5.612468e-01	6.906229e-01	-2.329995e-01
5.264429e-01	6.867801e-01	-1.240434e-01
5.667133e-01	6.850107e-01	-1.104295e-01
5.386770e-01	6.488385e-01	-2.044627e-01
5.541350e-01	6.493448e-01	-2.059627e-01
4.985162e-01	6.072897e-01	-7.167493e-02
5.925847e-01	6.143005e-01	-5.717772e-02
4.369914e-01	5.556734e-01	-2.647047e-01
6.312747e-01	6.001393e-01	-2.264715e-01
4.660102e-01	5.850161e-01	-4.841990e-01
6.297649e-01	6.034092e-01	-4.677345e-01
4.794300e-01	5.916337e-01	-5.310289e-01
6.353025e-01	6.024728e-01	-5.181199e-01
4.892379e-01	5.985845e-01	-5.123517e-01
6.273215e-01	5.996771e-01	-5.109767e-01
4.875153e-01	5.918129e-01	-4.824729e-01
6.231323e-01	5.955439e-01	-4.734530e-01
5.170479e-01	3.259921e-01	-1.303701e-03
5.758470e-01	3.288406e-01	1.309373e-03
5.002565e-01	1.737384e-01	-8.413189e-02
6.035118e-01	1.705774e-01	-1.554297e-01
4.971128e-01	1.149862e-01	3.134761e-01
5.912348e-01	1.099811e-01	1.865354e-01
5.022140e-01	1.059530e-01	3.524130e-01
5.833602e-01	1.051158e-01	2.184848e-01
4.868762e-01	4.893965e-02	2.907399e-01
6.108512e-01	4.483386e-02	1.443487e-01
5.469534e-01	6.564474e-01	-2.191704e-01
5.397897e-01	6.792142e-01	-2.051784e-01
5.350121e-01	6.793738e-01	-2.052157e-01
5.311252e-01	6.796229e-01	-2.051667e-01
5.530440e-01	6.797765e-01	-2.020798e-01
5.574456e-01	6.800804e-01	-2.021167e-01
5.613748e-01	6.800896e-01	-2.020619e-01
5.265015e-01	6.769046e-01	-1.010827e-01
5.668906e-01	6.743129e-01	-8.347479e-02
5.386840e-01	6.387866e-01	-1.770685e-01
5.541431e-01	6.391318e-01	-1.724204e-01
4.985471e-01	5.989600e-01	-5.946075e-02
5.915807e-01	6.036580e-01	-2.418186e-02
4.420969e-01	5.584452e-01	-2.321423e-01
6.274396e-01	5.991129e-01	-1.333259e-01
4.719675e-01	5.822001e-01	-4.436344e-01
6.281004e-01	6.011719e-01	-2.986313e-01
4.814693e-01	5.867034e-01	-4.871383e-01
6.337768e-01	5.990708e-01	-3.340780e-01
4.905798e-01	5.917097e-01	-4.802198e-01
6.257530e-01	5.964657e-01	-3.261721e-01
4.891664e-01	5.873595e-01	-4.448824e-01
6.224273e-01	5.932508e-01	-3.027814e-01
5.169119e-01	3.164498e-01	-3.727429e-03
5.758145e-01	3.210772e-01	3.751566e-03
5.003498e-01	1.620364e-01	-7.418209e-02
6.031663e-01	1.608228e-01	-1.285940e-01
4.971102e-01	1.170206e-01	3.155255e-01
5.903336e-01	1.105178e-01	2.132387e-01
5.021000e-01	1.116705e-01	3.537467e-01
5.825440e-01	1.092753e-01	2.461875e-01
4.879011e-01	5.094428e-02	3.023333e-01
6.084758e-01	4.431842e-02	1.496876e-01
5.469433e-01	6.487265e-01	-1.996981e-01
5.398480e-01	6.708258e-01	-1.869033e-01
5.350645e-01	6.712366e-01	-1.869442e-01
5.311543e-01	6.715642e-01	-1.869306e-01
5.530759e-01	6.711501e-01	-1.827073e-01
5.574868e-01	6.715255e-01	-1.827457e-01
5.614163e-01	6.715443e-01	-1.826794e-01
5.267130e-01	6.689036e-01	-8.696436e-02
5.672208e-01	6.655302e-01	-6.827781e-02
5.386808e-01	6.319636e-01	-1.599498e-01
5.541410e-01	6.321369e-01	-1.545401e-01
4.987112e-01	5.915449e-01	-5.494820e-02
5.910707e-01	5.926055e-01	-1.307448e-02
4.484808e-01	5.594549e-01	-2.325892e-01
6.211877e-01	5.982770e-01	-1.081837e-01
4.760887e-01	5.796529e-01	-4.438872e-01
6.229618e-01	5.942228e-01	-2.615378e-01
4.863386e-01	5.820326e-01	-4.858308e-01
6.295223e-01	5.938414e-01	-2.953933e-01
4.934883e-01	5.870858e-01	-4.747757e-01
6.228424e-01	5.916464e-01	-2.909240e-01
4.939225e-01	5.840832e-01	-4.446822e-01
6.202310e-01	5.886847e-01	-2.672003e-01
5.164236e-01	3.104299e-01	-6.336752e-03
5.756792e-01	3.146859e-01	6.400450e-03
5.000350e-01	1.588577e-01	-8.689008e-02
6.019437e-01	1.523265e-01	-1.262160e-01
4.971150e-01	1.172485e-01	2.962219e-01
5.895945e-01	1.106118e-01	1.956421e-01
5.021176e-01	1.115049e-01	3.446241e-01
5.820850e-01	1.093264e-01	2.263351e-01
4.879395e-01	5.222696e-02	2.679957e-01
6.076498e-01	4.433817e-02	1.627388e-01
5.470926e-01	6.396510e-01	-1.600263e-01
5.401639e-01	6.613293e-01	-1.490398e-01
5.354308e-01	6.616768e-01	-1.490668e-01
5.313808e-01	6.618785e-01	-1.490759e-01
5.533957e-01	6.616721e-01	-1.451440e-01
5.578985e-01	6.619598e-01	-1.451778e-01
5.617930e-01	6.619266e-01	-1.450586e-01
5.271976e-01	6.594625e-01	-5.995430e-02
5.680392e-01	6.560507e-01	-4.334320e-02
5.388044e-01	6.232827e-01	-1.237480e-01
5.543370e-01	6.234789e-01	-1.188710e-01
4.997625e-01	5.864022e-01	-4.189909e-02
5.911663e-01	5.842627e-01	8.941073e-04
4.639975e-01	5.679533e-01	-2.227362e-01
6.166643e-01	5.956681e-01	-6.665966e-02
4.816268e-01	5.795893e-01	-3.864629e-01
6.198961e-01	5.894163e-01	-1.796804e-01
4.892122e-01	5.825318e-01	-4.209670e-01
6.274074e-01	5.889742e-01	-2.034217e-01
4.968097e-01	5.850135e-01	-4.089900e-01
6.219354e-01	5.887829e-01	-2.055816e-01
4.964280e-01	5.821640e-01	-3.863140e-01
6.189794e-01	5.850705e-01	-1.863803e-01
5.161808e-01	3.060346e-01	-8.366163e-03
5.756500e-01	3.098226e-01	8.445618e-03
4.995724e-01	1.527899e-01	-7.571732e-02
6.008840e-01	1.562957e-01	-1.017128e-01
4.971589e-01	1.170811e-01	2.856940e-01
5.894241e-01	1.106063e-01	2.087454e-01
5.021917e-01	1.102725e-01	3.282865e-01
5.820894e-01	1.088657e-01	2.384563e-01
4.880399e-01	5.380137e-02	2.675706e-01
6.073218e-01	4.461190e-02	1.690208e-01
5.472533e-01	6.309596e-01	-1.897123e-01
5.405718e-01	6.523718e-01	-1.780345e-01
5.359547e-01	6.528766e-01	-1.780719e-01
5.317331e-01	6.532454e-01	-1.780812e-01
5.537311e-01	6.521086e-01	-1.738183e-01
5.583101e-01	6.522441e-01	-1.738503e-01
5.621158e-01	6.521305e-01	-1.737305e-01
5.276011e-01	6.514862e-01	-8.323745e-02
5.684150e-01	6.472648e-01	-6.796464e-02
5.388992e-01	6.157107e-01	-1.527223e-01
5.544642e-01	6.147124e-01	-1.474431e-01
5.007976e-01	5.792424e-01	-8.237945e-02
5.906194e-01	5.752063e-01	-2.994325e-02
4.691115e-01	5.723026e-01	-3.184580e-01
6.158059e-01	5.900621e-01	-2.389820e-01
4.833571e-01	5.788660e-01	-5.231813e-01
6.197674e-01	5.878726e-01	-4.767511e-01
4.901524e-01	5.809017e-01	-5.695409e-01
6.266209e-01	5.889030e-01	-5.242184e-01
4.979354e-01	5.834556e-01	-5.526294e-01
6.213005e-01	5.890111e-01	-5.199653e-01
4.977543e-01	5.813367e-01	-5.231444e-01
6.183879e-01	5.850930e-01	-4.861881e-01
5.156279e-01	2.990063e-01	-7.808571e-03
5.751783e-01	3.033045e-01	7.874154e-03
4.994954e-01	1.473369e-01	-7.273550e-02
6.000860e-01	1.546741e-01	-9.907305e-02
4.971226e-01	1.171286e-01	2.783417e-01
5.892316e-01	1.103001e-01	1.991885e-01
5.020715e-01	1.095361e-01	3.157910e-01
5.820309e-01	1.085697e-01	2.276004e-01
4.884548e-01	5.804055e-02	2.672759e-01
6.073372e-01	4.531983e-02	1.748983e-01
5.474059e-01	6.223228e-01	-1.525161e-01
5.409343e-01	6.433666e-01	-1.406495e-01
5.364382e-01	6.439427e-01	-1.406752e-01
5.321182e-01	6.444418e-01	-1.406738e-01
5.539331e-01	6.431043e-01	-1.374089e-01
5.584918e-01	6.433486e-01	-1.374539e-01
5.622501e-01	6.433302e-01	-1.373222e-01
5.279998e-01	6.432888e-01	-5.212840e-02
5.685303e-01	6.391084e-01	-3.923700e-02
5.390984e-01	6.074150e-01	-1.169524e-01
5.544961e-01	6.064467e-01	-1.130297e-01
5.016932e-01	5.757789e-01	-4.229360e-02
5.903455e-01	5.705875e-01	-1.143069e-02
4.707108e-01	5.791289e-01	-2.098248e-01
6.167659e-01	5.900435e-01	-1.637874e-01
4.868070e-01	5.785796e-01	-3.230447e-01
6.196368e-01	5.871128e-01	-3.158055e-01
4.948119e-01	5.789707e-01	-3.530326e-01
6.251360e-01	5.867664e-01	-3.467760e-01
5.020060e-01	5.745334e-01	-3.355690e-01
6.190339e-01	5.861746e-01	-3.392923e-01
5.015929e-01	5.725651e-01	-3.201540e-01
6.168234e-01	5.829102e-01	-3.208174e-01
5.153102e-01	2.956777e-01	-7.728828e-03
5.743537e-01	2.998810e-01	7.776257e-03
4.990033e-01	1.411812e-01	-7.687472e-02
5.998608e-01	1.484786e-01	-8.824977e-02
4.968559e-01	1.175888e-01	2.654607e-01
5.891336e-01	1.100227e-01	2.137399e-01
5.018063e-01	1.106553e-01	3.011118e-01
5.817299e-01	1.083908e-01	2.418300e-01
4.886042e-01	5.962457e-02	2.709852e-01
6.073480e-01	4.744980e-02	2.181904e-01
5.475597e-01	6.156613e-01	-8.393007e-02
5.411645e-01	6.368783e-01	-6.984611e-02
5.367488e-01	6.374200e-01	-6.986675e-02
5.323939e-01	6.379023e-01	-6.985767e-02
5.540352e-01	6.369256e-01	-6.703158e-02
5.585592e-01	6.372649e-01	-6.705314e-02
5.622897e-01	6.373312e-01	-6.688336e-02
5.281247e-01	6.374104e-01	1.944925e-02
5.685128e-01	6.336284e-01	3.068114e-02
5.392512e-01	6.007558e-01	-4.870757e-02
5.545105e-01	6.002519e-01	-4.517483e-02
5.019894e-01	5.698302e-01	1.777983e-02
5.897964e-01	5.643268e-01	3.723675e-02
4.782451e-01	5.784932e-01	-1.661646e-01
6.164850e-01	5.840299e-01	-1.395641e-01
4.878008e-01	5.770535e-01	-2.957323e-01
6.197740e-01	5.860384e-01	-3.252838e-01
4.931381e-01	5.785413e-01	-3.291650e-01
6.250955e-01	5.857892e-01	-3.625385e-01
5.014228e-01	5.711795e-01	-3.114558e-01
6.184038e-01	5.843197e-01	-3.575726e-01
5.015628e-01	5.686318e-01	-2.939720e-01
6.160561e-01	5.815520e-01	-3.319499e-01
5.150002e-01	2.883399e-01	-7.629218e-03
5.736116e-01	2.930867e-01	7.666091e-03
4.983391e-01	1.293918e-01	-6.760085e-02
5.998525e-01	1.251176e-01	-5.790001e-02
4.968067e-01	1.176604e-01	2.865275e-01
5.891979e-01	1.093732e-01	2.892610e-01
5.018025e-01	1.118133e-01	3.239897e-01
5.817394e-01	1.080937e-01	3.265482e-01
4.891399e-01	6.074548e-02	3.128923e-01
6.067963e-01	4.924685e-02	3.177390e-01
5.474719e-01	6.123632e-01	6.204335e-03
5.410970e-01	6.340207e-01	2.411291e-02
5.366660e-01	6.345537e-01	2.409116e-02
5.323744e-01	6.349688e-01	2.411125e-02
5.538481e-01	6.341422e-01	2.512496e-02
5.582727e-01	6.345650e-01	2.514061e-02
5.620527e-01	6.347178e-01	2.538930e-02
5.280799e-01	6.338650e-01	1.186902e-01
5.682365e-01	6.306393e-01	1.205201e-01
5.392332e-01	5.969717e-01	4.192834e-02
5.544037e-01	5.965621e-01	4.294743e-02
5.020283e-01	5.671840e-01	1.020473e-01
5.892181e-01	5.586490e-01	1.205127e-01
4.803737e-01	5.783158e-01	-8.184940e-02
6.157974e-01	5.823651e-01	-1.123074e-02
4.882700e-01	5.734006e-01	-2.008480e-01
6.180682e-01	5.814484e-01	-1.376013e-01
4.928930e-01	5.747589e-01	-2.343514e-01
6.236852e-01	5.854440e-01	-1.656589e-01
5.014061e-01	5.656976e-01	-2.179258e-01
6.167975e-01	5.806862e-01	-1.635712e-01
5.014450e-01	5.634308e-01	-2.002369e-01
6.131948e-01	5.766770e-01	-1.438044e-01
5.143002e-01	2.808652e-01	-7.101899e-03
5.729092e-01	2.865863e-01	7.198489e-03
4.958252e-01	1.024579e-01	-6.391506e-02
5.996081e-01	1.023421e-01	-5.659750e-02
4.968047e-01	1.173675e-01	3.063217e-01
5.895575e-01	1.093624e-01	3.139018e-01
5.018780e-01	1.127655e-01	3.454740e-01
5.826110e-01	1.106921e-01	3.543481e-01
4.897619e-01	6.353121e-02	3.409874e-01
6.034430e-01	5.616929e-02	3.541541e-01
5.468990e-01	6.101565e-01	-5.109010e-02
5.406850e-01	6.312895e-01	-3.459527e-02
5.362041e-01	6.317522e-01	-3.462906e-02
5.321772e-01	6.321140e-01	-3.463574e-02
5.533092e-01	6.310197e-01	-3.303609e-02
5.575525e-01	6.313246e-01	-3.305793e-02
5.614589e-01	6.313489e-01	-3.286647e-02
5.277501e-01	6.294340e-01	5.978025e-02
5.675422e-01	6.267761e-01	6.453720e-02
5.388285e-01	5.939979e-01	-1.478262e-02
5.538966e-01	5.933475e-01	-1.315639e-02
5.019991e-01	5.634227e-01	5.286850e-02
5.880963e-01	5.543439e-01	7.087265e-02
4.782988e-01	5.782036e-01	-1.208679e-01
6.158987e-01	5.817553e-01	-8.493160e-02
4.886482e-01	5.726878e-01	-2.325098e-01
6.166683e-01	5.781390e-01	-2.530349e-01
4.939912e-01	5.732938e-01	-2.632410e-01
6.232871e-01	5.841126e-01	-2.888630e-01
5.023271e-01	5.647286e-01	-2.442458e-01
6.165753e-01	5.792539e-01	-2.846865e-01
5.019512e-01	5.625575e-01	-2.299721e-01
6.122239e-01	5.734667e-01	-2.596520e-01
5.134887e-01	2.760312e-01	-6.034282e-03
5.722093e-01	2.822784e-01	6.116188e-03
4.954661e-01	9.747504e-02	-4.643096e-02
5.983498e-01	1.111398e-01	-4.351061e-02
4.976973e-01	1.179989e-01	3.144374e-01
5.901555e-01	1.087767e-01	3.012598e-01
5.039166e-01	1.171027e-01	3.527753e-01
5.850562e-01	1.091504e-01	3.391263e-01
4.913468e-01	6.503898e-02	3.464394e-01
6.023370e-01	5.764718e-02	3.319403e-01
5.457886e-01	6.052476e-01	-7.281465e-03
5.392596e-01	6.262242e-01	1.066655e-02
5.348822e-01	6.263553e-01	1.064996e-02
5.311851e-01	6.265100e-01	1.069708e-02
5.519063e-01	6.268688e-01	1.129896e-02
5.558736e-01	6.275018e-01	1.131323e-02
5.597772e-01	6.280169e-01	1.153770e-02
5.264452e-01	6.244345e-01	1.053721e-01
5.655300e-01	6.250396e-01	1.052043e-01
5.378997e-01	5.891806e-01	2.835319e-02
5.527166e-01	5.897540e-01	2.871913e-02
5.017322e-01	5.578118e-01	1.016146e-01
5.869566e-01	5.538902e-01	1.191070e-01
4.781177e-01	5.781084e-01	-3.010399e-02
6.163658e-01	5.835205e-01	6.632490e-02
4.900666e-01	5.726950e-01	-9.108122e-02
6.138816e-01	5.778711e-01	3.444651e-02
4.965947e-01	5.731542e-01	-1.149724e-01
6.204065e-01	5.822932e-01	1.843349e-02
5.033000e-01	5.650034e-01	-9.954609e-02
6.141963e-01	5.766536e-01	2.343283e-02
5.031912e-01	5.617941e-01	-8.960293e-02
6.108485e-01	5.717925e-01	3.182723e-02
5.129988e-01	2.719459e-01	-5.936210e-03
5.716451e-01	2.774103e-01	6.023732e-03
4.949254e-01	1.015237e-01	-4.932254e-02
5.984131e-01	9.751964e-02	-5.249567e-02
4.976900e-01	1.192954e-01	3.202610e-01
5.896311e-01	1.095050e-01	3.239843e-01
5.043499e-01	1.265177e-01	3.603909e-01
5.837123e-01	1.139879e-01	3.655216e-01
4.912436e-01	6.852852e-02	3.572632e-01
6.021901e-01	5.865193e-02	3.638747e-01
5.444775e-01	6.086794e-01	-1.466293e-01
5.377692e-01	6.278355e-01	-1.314397e-01
5.335268e-01	6.277301e-01	-1.314767e-01
5.299364e-01	6.275682e-01	-1.314802e-01
5.504773e-01	6.289939e-01	-1.294009e-01
5.543694e-01	6.296685e-01	-1.294602e-01
5.583621e-01	6.303488e-01	-1.293652e-01
5.249101e-01	6.234507e-01	-3.816492e-02
5.642571e-01	6.256496e-01	-3.099125e-02
5.369896e-01	5.897326e-01	-1.104337e-01
5.517146e-01	5.909178e-01	-1.082083e-01
5.013598e-01	5.519492e-01	-3.874131e-02
5.859086e-01	5.509345e-01	-2.691037e-02
4.764462e-01	5.744618e-01	-2.388850e-01
6.153553e-01	5.811024e-01	-2.233542e-01
4.891166e-01	5.726505e-01	-4.029916e-01
6.137515e-01	5.741615e-01	-4.300691e-01
4.949490e-01	5.730627e-01	-4.402213e-01
6.185786e-01	5.791580e-01	-4.697399e-01
5.022148e-01	5.651495e-01	-4.198664e-01
6.132134e-01	5.748886e-01	-4.619392e-01
5.022079e-01	5.615360e-01	-4.006875e-01
6.101871e-01	5.702273e-01	-4.360630e-01
5.119640e-01	2.682408e-01	-4.877640e-03
5.709789e-01	2.744681e-01	4.857945e-03
4.946046e-01	1.045493e-01	-6.685259e-02
5.980134e-01	1.101855e-01	-7.763451e-02
4.974877e-01	1.194132e-01	3.017040e-01
5.877374e-01	1.106962e-01	2.711529e-01
5.043284e-01	1.256616e-01	3.432612e-01
5.809885e-01	1.138764e-01	3.110032e-01
4.912086e-01	6.812872e-02	3.284269e-01
6.011754e-01	5.833023e-02	3.183053e-01
5.437930e-01	6.096382e-01	-1.432368e-01
5.369415e-01	6.281581e-01	-1.210468e-01
5.327684e-01	6.278340e-01	-1.211088e-01
5.292242e-01	6.275715e-01	-1.211595e-01
5.495744e-01	6.298786e-01	-1.220355e-01
5.534815e-01	6.307170e-01	-1.221312e-01
5.575043e-01	6.315411e-01	-1.220505e-01
5.236560e-01	6.238064e-01	-1.793871e-02
5.629317e-01	6.272773e-01	-2.345185e-02
5.363953e-01	5.897251e-01	-1.041947e-01
5.510993e-01	5.917631e-01	-1.074240e-01
5.008372e-01	5.499342e-01	-1.925466e-02
5.852485e-01	5.495876e-01	-7.470723e-03
4.759934e-01	5.684541e-01	-2.298181e-01
6.091117e-01	5.691919e-01	-2.187840e-01
4.881671e-01	5.726123e-01	-4.139292e-01
6.118720e-01	5.705018e-01	-4.532279e-01
4.939605e-01	5.729520e-01	-4.576862e-01
6.170803e-01	5.767600e-01	-4.992893e-01
5.014056e-01	5.651127e-01	-4.360673e-01
6.127740e-01	5.739323e-01	-4.941310e-01
5.013979e-01	5.615832e-01	-4.123038e-01
6.097063e-01	5.678152e-01	-4.611742e-01
5.108060e-01	2.676357e-01	-2.846075e-03
5.702454e-01	2.730789e-01	2.808408e-03
4.940694e-01	9.744766e-02	-6.170855e-02
5.979347e-01	9.880540e-02	-7.048126e-02
4.967133e-01	1.189785e-01	3.213443e-01
5.873495e-01	1.106112e-01	3.113495e-01
5.036634e-01	1.249979e-01	3.619598e-01
5.806751e-01	1.135776e-01	3.531087e-01
4.907834e-01	6.809828e-02	3.579083e-01
6.003980e-01	5.803663e-02	3.526906e-01
5.430994e-01	6.094534e-01	-1.323234e-01
5.361297e-01	6.281248e-01	-1.122364e-01
5.321164e-01	6.277629e-01	-1.122900e-01
5.285863e-01	6.275035e-01	-1.123358e-01
5.486601e-01	6.297285e-01	-1.131194e-01
5.525579e-01	6.305889e-01	-1.132020e-01
5.565336e-01	6.314738e-01	-1.130861e-01
5.226516e-01	6.238191e-01	-1.201263e-02
5.616176e-01	6.282517e-01	-2.044323e-02
5.357919e-01	5.894169e-01	-9.397472e-02
5.504702e-01	5.919504e-01	-9.706061e-02
5.002542e-01	5.516035e-01	-1.213507e-02
5.845281e-01	5.526002e-01	-1.781829e-03
4.753554e-01	5.655131e-01	-2.227503e-01
6.080623e-01	5.688117e-01	-2.095913e-01
4.877914e-01	5.721190e-01	-3.991317e-01
6.104940e-01	5.677592e-01	-4.357277e-01
4.933988e-01	5.722387e-01	-4.400780e-01
6.159145e-01	5.748143e-01	-4.788768e-01
5.010408e-01	5.650030e-01	-4.191810e-01
6.119362e-01	5.727880e-01	-4.735205e-01
5.010112e-01	5.613790e-01	-3.971423e-01
6.088868e-01	5.655200e-01	-4.432488e-01
5.099367e-01	2.692835e-01	-2.158276e-03
5.694250e-01	2.742258e-01	2.116471e-03
4.935090e-01	9.596200e-02	-5.925480e-02
5.978109e-01	9.981594e-02	-6.278350e-02
4.955464e-01	1.170987e-01	3.153086e-01
5.870707e-01	1.098428e-01	3.011496e-01
5.020956e-01	1.242903e-01	3.537526e-01
5.803819e-01	1.131681e-01	3.403080e-01
4.902706e-01	6.819521e-02	3.396998e-01
6.003479e-01	5.778107e-02	3.346683e-01
5.416199e-01	6.082018e-01	-1.491500e-01
5.342836e-01	6.264639e-01	-1.354363e-01
5.306324e-01	6.260331e-01	-1.354754e-01
5.266668e-01	6.256655e-01	-1.355022e-01
5.466604e-01	6.285596e-01	-1.333444e-01
5.506796e-01	6.296088e-01	-1.334001e-01
5.545988e-01	6.306730e-01	-1.332708e-01
5.209008e-01	6.227459e-01	-4.246653e-02
5.598508e-01	6.288805e-01	-3.522658e-02
5.345744e-01	5.873675e-01	-1.121088e-01
5.489671e-01	5.910439e-01	-1.101361e-01
4.990658e-01	5.535005e-01	-3.173942e-02
5.840071e-01	5.554374e-01	-1.053616e-02
4.651562e-01	5.563417e-01	-2.206392e-01
6.090622e-01	5.704634e-01	-1.740611e-01
4.876198e-01	5.717092e-01	-3.813968e-01
6.093828e-01	5.669600e-01	-3.693997e-01
4.931386e-01	5.719038e-01	-4.174901e-01
6.155235e-01	5.739238e-01	-4.120726e-01
5.007144e-01	5.651072e-01	-3.991474e-01
6.109813e-01	5.720276e-01	-4.114203e-01
5.006799e-01	5.615024e-01	-3.789297e-01
6.068242e-01	5.644665e-01	-3.772303e-01
5.095794e-01	2.720307e-01	-2.189250e-03
5.693892e-01	2.771226e-01	2.143962e-03
4.935687e-01	1.024311e-01	-5.833763e-02
5.977831e-01	1.056573e-01	-5.734615e-02
4.952444e-01	1.142645e-01	3.001216e-01
5.871291e-01	1.093196e-01	2.947701e-01
5.014183e-01	1.200733e-01	3.374150e-01
5.804235e-01	1.117991e-01	3.326752e-01
4.891568e-01	6.672244e-02	3.321770e-01
6.004371e-01	5.752951e-02	3.188856e-01
5.405058e-01	6.076180e-01	-8.623613e-02
5.330516e-01	6.261438e-01	-7.299034e-02
5.295492e-01	6.258718e-01	-7.299750e-02
5.254383e-01	6.256680e-01	-7.297564e-02
5.452715e-01	6.283542e-01	-7.300883e-02
5.494114e-01	6.296014e-01	-7.304287e-02
5.533261e-01	6.308147e-01	-7.286382e-02
5.199846e-01	6.240588e-01	1.364935e-02
5.590961e-01	6.301066e-01	1.037363e-02
5.338368e-01	5.876307e-01	-5.143992e-02
5.478987e-01	5.915384e-01	-5.214351e-02
4.987065e-01	5.555723e-01	2.723192e-02
5.838245e-01	5.559152e-01	3.775070e-02
4.652495e-01	5.580911e-01	-9.047958e-02
6.082940e-01	5.743669e-01	-2.291773e-03
4.872436e-01	5.716872e-01	-1.767546e-01
6.090201e-01	5.670589e-01	-4.489718e-02
4.928207e-01	5.717552e-01	-1.987342e-01
6.153514e-01	5.739018e-01	-6.019275e-02
5.007834e-01	5.651633e-01	-1.859553e-01
6.104164e-01	5.718189e-01	-6.000383e-02
5.008293e-01	5.616542e-01	-1.752070e-01
6.067166e-01	5.644872e-01	-4.906540e-02
5.097011e-01	2.724144e-01	-3.821352e-03
5.694147e-01	2.784627e-01	3.851627e-03
4.947115e-01	1.229462e-01	-6.132501e-02
5.974524e-01	1.225303e-01	-7.040703e-02
4.952596e-01	1.129776e-01	2.721900e-01
5.871753e-01	1.088989e-01	2.611784e-01
5.012071e-01	1.115746e-01	3.062521e-01
5.804416e-01	1.094427e-01	2.960817e-01
4.890319e-01	6.466123e-02	2.871039e-01
6.009210e-01	5.747660e-02	2.768225e-01
5.377563e-01	6.097622e-01	-8.394780e-02
5.308586e-01	6.284567e-01	-7.006988e-02
5.273646e-01	6.283273e-01	-7.008058e-02
5.230759e-01	6.282198e-01	-7.006735e-02
5.425493e-01	6.299792e-01	-7.094714e-02
5.469304e-01	6.308731e-01	-7.098277e-02
5.510317e-01	6.318421e-01	-7.079930e-02
5.191922e-01	6.261667e-01	2.164219e-02
5.584635e-01	6.311942e-01	1.487063e-02
5.321663e-01	5.901149e-01	-4.724156e-02
5.458325e-01	5.927325e-01	-4.885831e-02
4.985024e-01	5.642599e-01	3.350415e-02
5.839525e-01	5.605878e-01	4.099836e-02
4.655250e-01	5.669550e-01	-1.012198e-01
6.070051e-01	5.744666e-01	-4.509736e-02
4.870267e-01	5.764841e-01	-2.058383e-01
6.072768e-01	5.666223e-01	-1.484864e-01
4.925987e-01	5.720188e-01	-2.304803e-01
6.144485e-01	5.738903e-01	-1.719532e-01
5.009693e-01	5.684772e-01	-2.161299e-01
6.096455e-01	5.724806e-01	-1.693918e-01
5.008358e-01	5.654650e-01	-2.038170e-01
6.061330e-01	5.646997e-01	-1.529747e-01
5.097324e-01	2.794614e-01	-4.426954e-03
5.694820e-01	2.852899e-01	4.475170e-03
4.964752e-01	1.336463e-01	-5.890490e-02
5.969597e-01	1.302889e-01	-7.005201e-02
4.953635e-01	1.135126e-01	2.703240e-01
5.872108e-01	1.088960e-01	2.607688e-01
5.012513e-01	1.117696e-01	3.037398e-01
5.804696e-01	1.080537e-01	2.955401e-01
4.892320e-01	6.463149e-02	2.793871e-01
6.013179e-01	5.737094e-02	2.736856e-01
5.369838e-01	6.166854e-01	-1.652168e-01
5.300058e-01	6.362327e-01	-1.534314e-01
5.265296e-01	6.356025e-01	-1.534510e-01
5.222142e-01	6.346821e-01	-1.534526e-01
5.415307e-01	6.389208e-01	-1.525720e-01
5.459533e-01	6.399955e-01	-1.526265e-01
5.500823e-01	6.409967e-01	-1.525068e-01
5.187048e-01	6.311404e-01	-5.694243e-02
5.576879e-01	6.404365e-01	-5.555602e-02
5.314426e-01	5.984653e-01	-1.262274e-01
5.450621e-01	6.024228e-01	-1.255922e-01
4.978273e-01	5.698313e-01	-2.774294e-02
5.840167e-01	5.687524e-01	-9.071880e-03
4.576729e-01	5.669892e-01	-1.786777e-01
6.062817e-01	5.743923e-01	-1.129345e-01
4.857104e-01	5.766534e-01	-3.382741e-01
6.070867e-01	5.667375e-01	-2.797497e-01
4.925645e-01	5.724267e-01	-3.708936e-01
6.146427e-01	5.752419e-01	-3.130931e-01
5.008281e-01	5.713871e-01	-3.566988e-01
6.094308e-01	5.746161e-01	-3.075175e-01
5.007887e-01	5.678669e-01	-3.362960e-01
6.057709e-01	5.663792e-01	-2.839944e-01
5.099357e-01	2.889138e-01	-4.659151e-03
5.697064e-01	2.934224e-01	4.700965e-03
4.985892e-01	1.515950e-01	-4.222234e-02
5.967663e-01	1.489170e-01	-7.062771e-02
4.955532e-01	1.135744e-01	2.797665e-01
5.873522e-01	1.088892e-01	2.492554e-01
5.012612e-01	1.115512e-01	3.091632e-01
5.804918e-01	1.075142e-01	2.818347e-01
4.896348e-01	6.405478e-02	2.891538e-01
6.031904e-01	5.694779e-02	2.485345e-01
5.363163e-01	6.251726e-01	-2.321636e-01
5.293132e-01	6.442453e-01	-2.205898e-01
5.257512e-01	6.433920e-01	-2.206113e-01
5.213723e-01	6.421990e-01	-2.206059e-01
5.406748e-01	6.476295e-01	-2.182313e-01
5.450808e-01	6.489641e-01	-2.182785e-01
5.492381e-01	6.502087e-01	-2.181715e-01
5.180329e-01	6.376258e-01	-1.200372e-01
5.569421e-01	6.490700e-01	-1.122817e-01
5.309736e-01	6.070121e-01	-1.917704e-01
5.446384e-01	6.110168e-01	-1.893679e-01
4.974455e-01	5.754027e-01	-8.155711e-02
5.838519e-01	5.781382e-01	-4.603447e-02
4.418193e-01	5.570694e-01	-2.576663e-01
6.070153e-01	5.746219e-01	-1.347159e-01
4.842170e-01	5.814945e-01	-4.540567e-01
6.073074e-01	5.684234e-01	-2.811126e-01
4.922863e-01	5.784626e-01	-4.955215e-01
6.132468e-01	5.771031e-01	-3.148395e-01
5.007473e-01	5.776011e-01	-4.778185e-01
6.083423e-01	5.776240e-01	-3.084875e-01
5.004123e-01	5.745280e-01	-4.517801e-01
6.040841e-01	5.704932e-01	-2.852274e-01
5.102382e-01	2.977810e-01	-5.393361e-03
5.700268e-01	3.015048e-01	5.453279e-03
4.998178e-01	1.605282e-01	-2.789123e-02
5.965673e-01	1.599988e-01	-9.481557e-02
4.955632e-01	1.122510e-01	3.155723e-01
5.875834e-01	1.088686e-01	2.045590e-01
5.011734e-01	1.045494e-01	3.487583e-01
5.805731e-01	1.054098e-01	2.327841e-01
4.895248e-01	6.279048e-02	3.004116e-01
6.043106e-01	5.442017e-02	1.748059e-01
5.352017e-01	6.371264e-01	-2.335470e-01
5.285121e-01	6.553741e-01	-2.197352e-01
5.248551e-01	6.544592e-01	-2.197664e-01
5.205388e-01	6.534228e-01	-2.197538e-01
5.397168e-01	6.593501e-01	-2.197260e-01
5.440960e-01	6.610005e-01	-2.197801e-01
5.483336e-01	6.621537e-01	-2.196611e-01
5.179159e-01	6.488963e-01	-1.147002e-01
5.564005e-01	6.596549e-01	-1.175886e-01
5.302409e-01	6.187869e-01	-1.916780e-01
5.440313e-01	6.235566e-01	-1.922414e-01
4.971382e-01	5.830370e-01	-8.054359e-02
5.837852e-01	5.862207e-01	-7.426461e-02
4.475331e-01	5.586880e-01	-2.660671e-01
6.072960e-01	5.772065e-01	-2.473513e-01
4.795638e-01	5.828539e-01	-4.608871e-01
6.073574e-01	5.743594e-01	-4.734294e-01
4.873481e-01	5.806288e-01	-5.056856e-01
6.135933e-01	5.805864e-01	-5.211712e-01
4.973778e-01	5.808865e-01	-4.897994e-01
6.083935e-01	5.806487e-01	-5.158248e-01
4.969640e-01	5.781562e-01	-4.603591e-01
6.044215e-01	5.747491e-01	-4.801911e-01
5.102830e-01	3.071661e-01	-4.153053e-03
5.700399e-01	3.118484e-01	4.206795e-03
4.999306e-01	1.703130e-01	-3.354149e-02
5.964941e-01	1.776613e-01	-1.215240e-01
4.954861e-01	1.119510e-01	3.094963e-01
5.876415e-01	1.094912e-01	1.576670e-01
5.010477e-01	1.012257e-01	3.484722e-01
5.806223e-01	1.045105e-01	1.825583e-01
4.893382e-01	6.090257e-02	2.783317e-01
6.048960e-01	5.408471e-02	1.081721e-01
5.342152e-01	6.510265e-01	-2.390465e-01
5.278586e-01	6.683989e-01	-2.265418e-01
5.241065e-01	6.677611e-01	-2.265745e-01
5.199469e-01	6.669801e-01	-2.265605e-01
5.388930e-01	6.718317e-01	-2.252517e-01
5.431615e-01	6.731814e-01	-2.253002e-01
5.473396e-01	6.740866e-01	-2.251897e-01
5.177084e-01	6.626059e-01	-1.234712e-01
5.550742e-01	6.705172e-01	-1.203272e-01
5.293897e-01	6.326736e-01	-1.981541e-01
5.430169e-01	6.364829e-01	-1.969596e-01
4.963734e-01	5.930173e-01	-8.259632e-02
5.828985e-01	5.942634e-01	-5.985432e-02
4.379414e-01	5.571397e-01	-2.513035e-01
6.074142e-01	5.775248e-01	-1.914236e-01
4.745798e-01	5.843760e-01	-4.571438e-01
6.077329e-01	5.791298e-01	-3.975638e-01
4.830276e-01	5.829273e-01	-5.029486e-01
6.139103e-01	5.827717e-01	-4.417759e-01
4.935663e-01	5.855186e-01	-4.901893e-01
6.084352e-01	5.850763e-01	-4.388521e-01
4.928337e-01	5.831771e-01	-4.571443e-01
6.047354e-01	5.812190e-01	-4.043046e-01
5.103329e-01	3.183359e-01	-4.458369e-03
5.699675e-01	3.235975e-01	4.502799e-03
4.995372e-01	1.788718e-01	1.462293e-02
5.952505e-01	1.873355e-01	-5.429209e-02
4.953856e-01	1.092566e-01	3.407286e-01
5.884061e-01	1.094892e-01	2.056120e-01
5.008365e-01	9.670725e-02	3.715396e-01
5.819666e-01	1.017506e-01	2.328069e-01
4.885909e-01	5.729970e-02	2.978192e-01
6.060272e-01	5.258880e-02	1.568648e-01
5.334972e-01	6.630091e-01	-2.275004e-01
5.275024e-01	6.794094e-01	-2.133048e-01
5.237842e-01	6.787870e-01	-2.133420e-01
5.196933e-01	6.780316e-01	-2.133088e-01
5.381951e-01	6.823022e-01	-2.120700e-01
5.422766e-01	6.833583e-01	-2.121182e-01
5.463720e-01	6.841528e-01	-2.120460e-01
5.173167e-01	6.729297e-01	-1.072123e-01
5.535010e-01	6.798475e-01	-1.039361e-01
5.286446e-01	6.444191e-01	-1.862272e-01
5.420624e-01	6.477556e-01	-1.849721e-01
4.958625e-01	5.998338e-01	-6.775288e-02
5.819846e-01	6.024352e-01	-4.478459e-02
4.427629e-01	5.617444e-01	-2.308581e-01
6.131976e-01	5.821635e-01	-1.708709e-01
4.736863e-01	5.839093e-01	-4.312011e-01
6.107317e-01	5.791875e-01	-3.551528e-01
4.827375e-01	5.831350e-01	-4.760032e-01
6.135883e-01	5.823627e-01	-3.954048e-01
4.924555e-01	5.868483e-01	-4.638892e-01
6.074470e-01	5.854432e-01	-3.909527e-01
4.913951e-01	5.839707e-01	-4.315580e-01
6.048534e-01	5.826355e-01	-3.606986e-01
5.105146e-01	3.261786e-01	-4.396439e-03
5.699586e-01	3.318372e-01	4.434325e-03
4.986592e-01	1.809433e-01	1.854615e-03
5.949279e-01	1.879693e-01	-5.533020e-02
4.953855e-01	1.058690e-01	3.428896e-01
5.889249e-01	1.093399e-01	2.182984e-01
5.008389e-01	9.293965e-02	3.748457e-01
5.827929e-01	1.009376e-01	2.453156e-01
4.872550e-01	5.314598e-02	3.027347e-01
6.062627e-01	4.960660e-02	1.642175e-01
5.321857e-01	6.687991e-01	-2.622095e-01
5.265526e-01	6.857382e-01	-2.486885e-01
5.227858e-01	6.851739e-01	-2.487226e-01
5.188531e-01	6.845171e-01	-2.487130e-01
5.370380e-01	6.889926e-01	-2.483340e-01
5.410591e-01	6.903704e-01	-2.483820e-01
5.452065e-01	6.914527e-01	-2.483033e-01
5.169033e-01	6.809652e-01	-1.384325e-01
5.523013e-01	6.883167e-01	-1.390139e-01
5.278275e-01	6.503243e-01	-2.185974e-01
5.408489e-01	6.541010e-01	-2.184713e-01
4.952649e-01	6.064638e-01	-8.508221e-02
5.819148e-01	6.101892e-01	-6.108230e-02
4.434380e-01	5.647761e-01	-2.305457e-01
6.230100e-01	5.816233e-01	-1.726408e-01
4.706503e-01	5.871761e-01	-4.287129e-01
6.156272e-01	5.833009e-01	-3.639748e-01
4.791650e-01	5.880222e-01	-4.723857e-01
6.138273e-01	5.828879e-01	-4.061226e-01
4.888571e-01	5.915805e-01	-4.610797e-01
6.076215e-01	5.880075e-01	-3.978491e-01
4.886948e-01	5.882387e-01	-4.292212e-01
6.051127e-01	5.866638e-01	-3.675471e-01
5.115924e-01	3.338843e-01	-3.993386e-03
5.700676e-01	3.386290e-01	4.022440e-03
4.980319e-01	1.861539e-01	5.605537e-03
5.945235e-01	1.910008e-01	-3.070578e-03
4.956295e-01	1.037647e-01	3.395744e-01
5.903663e-01	1.062590e-01	2.911618e-01
5.010804e-01	9.109102e-02	3.703970e-01
5.842937e-01	9.724827e-02	3.159947e-01
4.867211e-01	4.893239e-02	2.933653e-01
6.079821e-01	4.469445e-02	2.115897e-01
5.326289e-01	6.776171e-01	-2.655618e-01
5.267419e-01	6.955156e-01	-2.511244e-01
5.230165e-01	6.947836e-01	-2.511636e-01
5.190438e-01	6.941064e-01	-2.511390e-01
5.373698e-01	6.994919e-01	-2.533266e-01
5.414697e-01	7.011898e-01	-2.533725e-01
5.455709e-01	7.027061e-01	-2.533040e-01
5.168530e-01	6.909756e-01	-1.380457e-01
5.524031e-01	6.994502e-01	-1.495186e-01
5.280479e-01	6.587393e-01	-2.207237e-01
5.412089e-01	6.628522e-01	-2.237501e-01
4.952642e-01	6.142601e-01	-8.003161e-02
5.824462e-01	6.177127e-01	-8.789655e-02
4.449845e-01	5.655264e-01	-2.249103e-01
6.225058e-01	5.816947e-01	-2.251926e-01
4.680458e-01	5.871393e-01	-4.325035e-01
6.255659e-01	5.825766e-01	-4.494417e-01
4.735391e-01	5.898435e-01	-4.812753e-01
6.246432e-01	5.703575e-01	-5.023383e-01
4.836697e-01	5.939289e-01	-4.759758e-01
6.171360e-01	5.758025e-01	-4.989819e-01
4.847547e-01	5.889296e-01	-4.364220e-01
6.149434e-01	5.775365e-01	-4.563025e-01
5.124297e-01	3.432120e-01	6.060275e-04
5.706142e-01	3.457563e-01	-5.777859e-04
4.977062e-01	2.007423e-01	3.269783e-03
5.941839e-01	1.997713e-01	1.633527e-02
4.956881e-01	1.037237e-01	3.230964e-01
5.909584e-01	1.042809e-01	3.037787e-01
5.011569e-01	8.890824e-02	3.468679e-01
5.852067e-01	9.510234e-02	3.267151e-01
4.858784e-01	4.786950e-02	2.498665e-01
6.087558e-01	4.285750e-02	2.188565e-01
5.329273e-01	6.902856e-01	-2.402299e-01
5.269047e-01	7.079303e-01	-2.249343e-01
5.231975e-01	7.070149e-01	-2.249772e-01
5.191895e-01	7.062249e-01	-2.249488e-01
5.376214e-01	7.121820e-01	-2.263079e-01
5.417483e-01	7.140464e-01	-2.263468e-01
5.457817e-01	7.156389e-01	-2.262654e-01
5.167181e-01	7.027346e-01	-1.143463e-01
5.524017e-01	7.119785e-01	-1.196882e-01
5.282093e-01	6.708456e-01	-1.960294e-01
5.414506e-01	6.756526e-01	-1.977295e-01
4.952876e-01	6.246055e-01	-6.565683e-02
5.827818e-01	6.288083e-01	-6.426747e-02
4.512977e-01	5.826437e-01	-1.978822e-01
6.215024e-01	5.910289e-01	-1.973617e-01
4.667942e-01	5.879760e-01	-4.256979e-01
6.303068e-01	5.768034e-01	-4.084953e-01
4.710701e-01	5.894265e-01	-4.782493e-01
6.341794e-01	5.513585e-01	-4.624622e-01
4.801347e-01	5.932102e-01	-4.808198e-01
6.249065e-01	5.547079e-01	-4.655159e-01
4.816050e-01	5.896279e-01	-4.332671e-01
6.209842e-01	5.599366e-01	-4.179147e-01
5.131393e-01	3.529429e-01	8.883456e-04
5.706401e-01	3.546784e-01	-8.228320e-04
4.975513e-01	2.101356e-01	-5.081238e-03
5.941743e-01	2.020156e-01	5.292242e-02
4.960214e-01	1.039181e-01	2.876691e-01
5.915837e-01	1.038595e-01	3.509933e-01
5.014783e-01	8.956411e-02	3.111456e-01
5.859548e-01	9.519994e-02	3.748009e-01
4.858891e-01	4.645181e-02	2.049827e-01
6.100763e-01	4.076731e-02	2.650632e-01
5.317464e-01	7.024714e-01	-2.641882e-01
5.258017e-01	7.199077e-01	-2.480372e-01
5.218126e-01	7.189995e-01	-2.480825e-01
5.179006e-01	7.182895e-01	-2.480296e-01
5.364059e-01	7.244151e-01	-2.496208e-01
5.402943e-01	7.264235e-01	-2.496578e-01
5.443844e-01	7.281715e-01	-2.495620e-01
5.157027e-01	7.136230e-01	-1.306937e-01
5.513192e-01	7.234830e-01	-1.378545e-01
5.274618e-01	6.828719e-01	-2.184378e-01
5.404958e-01	6.884790e-01	-2.202935e-01
4.951589e-01	6.333743e-01	-7.353869e-02
5.829328e-01	6.386750e-01	-7.377192e-02
4.487240e-01	5.807680e-01	-2.000523e-01
6.214393e-01	5.929508e-01	-1.942371e-01
4.649244e-01	5.875658e-01	-4.375992e-01
6.313540e-01	5.634988e-01	-4.282219e-01
4.707468e-01	5.901144e-01	-4.942745e-01
6.391404e-01	5.331181e-01	-4.878470e-01
4.789728e-01	5.972588e-01	-4.981418e-01
6.304620e-01	5.347058e-01	-4.959663e-01
4.812003e-01	5.931687e-01	-4.458395e-01
6.239609e-01	5.444592e-01	-4.403477e-01
5.134592e-01	3.656821e-01	1.651882e-03
5.706466e-01	3.661657e-01	-1.566281e-03
4.966738e-01	2.222371e-01	9.759380e-03
5.932962e-01	2.112415e-01	5.729852e-02
4.960515e-01	1.041753e-01	2.841741e-01
5.915412e-01	1.034335e-01	3.326049e-01
5.016191e-01	9.019882e-02	3.055761e-01
5.859268e-01	9.367104e-02	3.530863e-01
4.853449e-01	4.652878e-02	1.952325e-01
6.099572e-01	4.094071e-02	2.469496e-01
5.288787e-01	7.123408e-01	-3.136871e-01
5.235847e-01	7.295843e-01	-2.979988e-01
5.199891e-01	7.291285e-01	-2.980538e-01
5.165380e-01	7.288184e-01	-2.980284e-01
5.336282e-01	7.334272e-01	-3.004918e-01
5.375559e-01	7.355406e-01	-3.005324e-01
5.415865e-01	7.375380e-01	-3.004220e-01
5.155366e-01	7.252101e-01	-1.746537e-01
5.494987e-01	7.345315e-01	-1.868108e-01
5.259889e-01	6.953959e-01	-2.648222e-01
5.377803e-01	6.995626e-01	-2.681085e-01
4.934191e-01	6.439473e-01	-1.039746e-01
5.835991e-01	6.486902e-01	-1.006231e-01
4.448312e-01	5.710604e-01	-2.295795e-01
6.221691e-01	5.849637e-01	-1.911413e-01
4.616862e-01	5.862540e-01	-4.790195e-01
6.362039e-01	5.323656e-01	-4.102611e-01
4.660799e-01	5.902218e-01	-5.370318e-01
6.457103e-01	5.011020e-01	-4.651729e-01
4.743598e-01	6.007043e-01	-5.401773e-01
6.387596e-01	5.039424e-01	-4.767400e-01
4.770091e-01	5.956440e-01	-4.867585e-01
6.318654e-01	5.131403e-01	-4.229256e-01
5.132140e-01	3.749234e-01	1.525467e-03
5.704452e-01	3.748714e-01	-1.433114e-03
4.954531e-01	2.300741e-01	3.478288e-03
5.932212e-01	2.143875e-01	5.401971e-02
4.960040e-01	1.036751e-01	2.779389e-01
5.916129e-01	1.032400e-01	3.250301e-01
5.015116e-01	8.766943e-02	2.996729e-01
5.863869e-01	9.232134e-02	3.441917e-01
4.849750e-01	4.700413e-02	1.863523e-01
6.098744e-01	4.121758e-02	2.344258e-01
5.273489e-01	7.257683e-01	-2.771389e-01
5.222687e-01	7.426091e-01	-2.605559e-01
5.188301e-01	7.419807e-01	-2.605978e-01
5.155433e-01	7.414640e-01	-2.605555e-01
5.321264e-01	7.463213e-01	-2.616372e-01
5.360755e-01	7.481158e-01	-2.616718e-01
5.400463e-01	7.497878e-01	-2.615615e-01
5.150243e-01	7.366473e-01	-1.432266e-01
5.482030e-01	7.456788e-01	-1.494797e-01
5.249137e-01	7.083966e-01	-2.313215e-01
5.365555e-01	7.118952e-01	-2.328192e-01
4.916410e-01	6.463065e-01	-8.685128e-02
5.836846e-01	6.551671e-01	-8.348019e-02
4.450386e-01	5.591242e-01	-1.986270e-01
6.222087e-01	5.823465e-01	-9.497985e-02
4.612793e-01	5.854053e-01	-4.489402e-01
6.402755e-01	5.134617e-01	-2.592611e-01
4.636744e-01	5.899586e-01	-5.024592e-01
6.481705e-01	4.749027e-01	-3.050249e-01
4.720971e-01	6.001341e-01	-5.027907e-01
6.404277e-01	4.776430e-01	-3.237970e-01
4.752658e-01	5.959102e-01	-4.545205e-01
6.343734e-01	4.897709e-01	-2.730808e-01
5.132042e-01	3.792839e-01	8.299208e-04
5.703918e-01	3.802849e-01	-6.824050e-04
4.941437e-01	2.311288e-01	2.233246e-03
5.937241e-01	2.166229e-01	4.198769e-02
4.959893e-01	1.038004e-01	2.816145e-01
5.916563e-01	1.033086e-01	3.123653e-01
5.015121e-01	8.806083e-02	3.043092e-01
5.863349e-01	9.090576e-02	3.326355e-01
4.848481e-01	4.728698e-02	1.946220e-01
6.100923e-01	4.132201e-02	2.179242e-01
5.257684e-01	7.356441e-01	-2.992808e-01
5.209621e-01	7.536649e-01	-2.822674e-01
5.177251e-01	7.532222e-01	-2.823054e-01
5.146049e-01	7.528682e-01	-2.822441e-01
5.306603e-01	7.571312e-01	-2.836694e-01
5.346359e-01	7.588722e-01	-2.836963e-01
5.385956e-01	7.604643e-01	-2.835854e-01
5.145202e-01	7.484682e-01	-1.613460e-01
5.471238e-01	7.568386e-01	-1.680238e-01
5.237862e-01	7.188355e-01	-2.522081e-01
5.351960e-01	7.218356e-01	-2.539106e-01
4.900815e-01	6.574177e-01	-9.329206e-02
5.839042e-01	6.630466e-01	-7.940869e-02
4.453338e-01	5.599588e-01	-2.017810e-01
6.242520e-01	5.760162e-01	-8.561142e-02
4.586558e-01	5.829716e-01	-4.630527e-01
6.420842e-01	4.865672e-01	-2.185992e-01
4.586428e-01	5.858034e-01	-5.220925e-01
6.500059e-01	4.499471e-01	-2.603687e-01
4.678764e-01	5.991633e-01	-5.288084e-01
6.412224e-01	4.505034e-01	-2.834135e-01
4.711322e-01	5.948392e-01	-4.722517e-01
6.357168e-01	4.628944e-01	-2.325918e-01
5.132041e-01	3.885317e-01	7.571130e-04
5.703154e-01	3.903507e-01	-5.745417e-04
4.933411e-01	2.313476e-01	4.208549e-03
5.941653e-01	2.234669e-01	2.703396e-02
4.960112e-01	1.039099e-01	2.812213e-01
5.917286e-01	1.033558e-01	2.920718e-01
5.016262e-01	8.809748e-02	3.028675e-01
5.862892e-01	8.847538e-02	3.076524e-01
4.847233e-01	4.727566e-02	1.892346e-01
6.100143e-01	4.250894e-02	1.820588e-01
5.249342e-01	7.451665e-01	-3.289205e-01
5.200759e-01	7.643784e-01	-3.109241e-01
5.168309e-01	7.640401e-01	-3.109465e-01
5.136961e-01	7.637624e-01	-3.108847e-01
5.298710e-01	7.676082e-01	-3.133219e-01
5.338705e-01	7.693192e-01	-3.133674e-01
5.378088e-01	7.708757e-01	-3.132474e-01
5.136313e-01	7.590351e-01	-1.852553e-01
5.462657e-01	7.669356e-01	-1.978439e-01
5.226155e-01	7.278494e-01	-2.799817e-01
5.342195e-01	7.312878e-01	-2.833761e-01
4.894959e-01	6.594866e-01	-1.122880e-01
5.851263e-01	6.664745e-01	-1.010490e-01
4.462791e-01	5.382782e-01	-2.302693e-01
6.270117e-01	5.662680e-01	-9.379388e-02
4.587041e-01	5.820847e-01	-5.027525e-01
6.415992e-01	4.627489e-01	-1.882540e-01
4.606786e-01	5.892960e-01	-5.612372e-01
6.468192e-01	4.230396e-01	-2.199558e-01
4.682504e-01	6.090255e-01	-5.615815e-01
6.383196e-01	4.216209e-01	-2.416646e-01
4.709578e-01	6.053315e-01	-5.098790e-01
6.334585e-01	4.363820e-01	-2.001001e-01
5.132008e-01	3.942932e-01	9.288148e-04
5.703167e-01	3.949551e-01	-7.374554e-04
4.925140e-01	2.345458e-01	1.066358e-02
5.940089e-01	2.287324e-01	3.540699e-02
4.959888e-01	1.054822e-01	2.856243e-01
5.917186e-01	1.034090e-01	3.043679e-01
5.016866e-01	8.831523e-02	3.042055e-01
5.862678e-01	8.744942e-02	3.221551e-01
4.843512e-01	4.746759e-02	2.044936e-01
6.100234e-01	4.268537e-02	1.967347e-01
5.245277e-01	7.564489e-01	-2.959123e-01
5.192894e-01	7.766013e-01	-2.831462e-01
5.158901e-01	7.760110e-01	-2.831607e-01
5.125195e-01	7.755703e-01	-2.831628e-01
5.294175e-01	7.800093e-01	-2.817381e-01
5.335124e-01	7.815976e-01	-2.818047e-01
5.374613e-01	7.830363e-01	-2.816819e-01
5.122102e-01	7.707622e-01	-1.665152e-01
5.455601e-01	7.789133e-01	-1.714903e-01
5.215190e-01	7.377669e-01	-2.506651e-01
5.337895e-01	7.423758e-01	-2.513767e-01
4.892325e-01	6.697872e-01	-8.382428e-02
5.852076e-01	6.732364e-01	-9.160845e-02
4.551921e-01	5.723109e-01	-1.519780e-01
6.271755e-01	5.634197e-01	-6.437911e-02
4.526656e-01	5.575911e-01	-3.994655e-01
6.419554e-01	4.542063e-01	-1.783146e-01
4.493247e-01	5.417987e-01	-4.566539e-01
6.454960e-01	4.131630e-01	-2.178566e-01
4.528039e-01	5.467328e-01	-4.819165e-01
6.368520e-01	4.116195e-01	-2.443202e-01
4.586092e-01	5.541367e-01	-4.157114e-01
6.323892e-01	4.248307e-01	-1.925478e-01
5.131966e-01	4.014141e-01	8.848424e-04
5.700489e-01	3.997786e-01	-7.114377e-04
4.922806e-01	2.380241e-01	1.496067e-02
5.932187e-01	2.334249e-01	5.015679e-02
4.959904e-01	1.078707e-01	2.716357e-01
5.914266e-01	1.035694e-01	3.031524e-01
5.019613e-01	8.977654e-02	2.899712e-01
5.857929e-01	8.703844e-02	3.212397e-01
4.842131e-01	4.770621e-02	1.797009e-01
6.100023e-01	4.281563e-02	2.014650e-01
5.229559e-01	7.660659e-01	-2.940742e-01
5.179423e-01	7.858843e-01	-2.714739e-01
5.146589e-01	7.853954e-01	-2.714905e-01
5.113152e-01	7.849362e-01	-2.714059e-01
5.280391e-01	7.889368e-01	-2.804407e-01
5.321162e-01	7.904842e-01	-2.806543e-01
5.361576e-01	7.919436e-01	-2.804810e-01
5.113201e-01	7.807387e-01	-1.428364e-01
5.446684e-01	7.885973e-01	-1.612892e-01
5.197493e-01	7.479461e-01	-2.474912e-01
5.320667e-01	7.521099e-01	-2.435867e-01
4.890095e-01	6.800958e-01	-7.065979e-02
5.851910e-01	6.815931e-01	-8.637278e-02
4.613457e-01	5.809701e-01	-1.159215e-01
6.264710e-01	5.623757e-01	-6.521291e-02
4.478929e-01	5.276651e-01	-3.325715e-01
6.418546e-01	4.530278e-01	-1.792872e-01
4.391161e-01	4.944962e-01	-3.843378e-01
6.449510e-01	4.112164e-01	-2.193932e-01
4.423092e-01	4.940655e-01	-4.141969e-01
6.368042e-01	4.101398e-01	-2.490108e-01
4.485321e-01	5.057469e-01	-3.505302e-01
6.327365e-01	4.250041e-01	-1.951071e-01
5.131559e-01	4.093736e-01	1.431224e-03
5.692244e-01	4.063443e-01	-1.257508e-03
4.920594e-01	2.428199e-01	1.917227e-02
5.921699e-01	2.396334e-01	4.989792e-02
4.958874e-01	1.100699e-01	2.647934e-01
5.911124e-01	1.043635e-01	2.999954e-01
5.019580e-01	9.116550e-02	2.826540e-01
5.853317e-01	8.735442e-02	3.148853e-01
4.838191e-01	4.787060e-02	1.725668e-01
6.099893e-01	4.298725e-02	1.945267e-01
5.231936e-01	7.761604e-01	-2.859316e-01
5.180157e-01	7.966455e-01	-2.659819e-01
5.146292e-01	7.961968e-01	-2.660009e-01
5.112047e-01	7.957987e-01	-2.659194e-01
5.282369e-01	7.992148e-01	-2.716809e-01
5.323476e-01	8.005771e-01	-2.717536e-01
5.363775e-01	8.018935e-01	-2.716407e-01
5.109524e-01	7.912535e-01	-1.417936e-01
5.448400e-01	7.980212e-01	-1.621174e-01
5.197483e-01	7.577709e-01	-2.392937e-01
5.322680e-01	7.614720e-01	-2.418295e-01
4.888240e-01	6.874661e-01	-6.726159e-02
5.851272e-01	6.889057e-01	-8.451350e-02
4.639351e-01	5.833529e-01	-6.108877e-02
6.260091e-01	5.609730e-01	-7.191878e-02
4.443637e-01	5.084693e-01	-2.113453e-01
6.405339e-01	4.482351e-01	-1.848011e-01
4.364053e-01	4.744142e-01	-2.508943e-01
6.443640e-01	4.059153e-01	-2.231034e-01
4.386279e-01	4.746836e-01	-2.854102e-01
6.359265e-01	4.055366e-01	-2.542061e-01
4.442507e-01	4.875234e-01	-2.299282e-01
6.317945e-01	4.206936e-01	-2.008872e-01
5.131313e-01	4.153917e-01	3.234624e-03
5.682887e-01	4.119920e-01	-3.091879e-03
4.921038e-01	2.469915e-01	3.175774e-02
5.904365e-01	2.454417e-01	4.880491e-02
4.958781e-01	1.124197e-01	2.669076e-01
5.910208e-01	1.043820e-01	2.878163e-01
5.019685e-01	9.370649e-02	2.841702e-01
5.851917e-01	8.696199e-02	3.021471e-01
4.830081e-01	4.812281e-02	1.770410e-01
6.100004e-01	4.311752e-02	1.831483e-01
5.235081e-01	7.868834e-01	-2.967498e-01
5.182717e-01	8.074022e-01	-2.768529e-01
5.148193e-01	8.070167e-01	-2.768624e-01
5.113601e-01	8.066919e-01	-2.767757e-01
5.285363e-01	8.096853e-01	-2.817243e-01
5.326601e-01	8.109759e-01	-2.817555e-01
5.366839e-01	8.122221e-01	-2.816633e-01
5.108850e-01	8.016613e-01	-1.549010e-01
5.451018e-01	8.078810e-01	-1.758552e-01
5.199307e-01	7.674777e-01	-2.504761e-01
5.325290e-01	7.712621e-01	-2.557518e-01
4.880578e-01	6.891075e-01	-7.947201e-02
5.851331e-01	6.940907e-01	-9.656479e-02
4.647222e-01	5.812593e-01	-6.759140e-02
6.235248e-01	5.584171e-01	-8.090724e-02
4.439124e-01	4.918129e-01	-1.991180e-01
6.394379e-01	4.438642e-01	-1.932016e-01
4.363922e-01	4.530669e-01	-2.365895e-01
6.429378e-01	4.021158e-01	-2.311779e-01
4.388102e-01	4.527263e-01	-2.714036e-01
6.349128e-01	4.026981e-01	-2.631590e-01
4.442575e-01	4.673882e-01	-2.172656e-01
6.304927e-01	4.175661e-01	-2.095807e-01
5.127817e-01	4.197705e-01	3.747019e-03
5.676882e-01	4.174403e-01	-3.626062e-03
4.921531e-01	2.524238e-01	3.541160e-02
5.892019e-01	2.513315e-01	5.157007e-02
4.958467e-01	1.142808e-01	2.671249e-01
5.908907e-01	1.049337e-01	2.882155e-01
5.019134e-01	9.552918e-02	2.837367e-01
5.851064e-01	8.716903e-02	3.035713e-01
4.823397e-01	4.814715e-02	1.745233e-01
6.098187e-01	4.319414e-02	1.854164e-01
5.231583e-01	8.022198e-01	-2.929312e-01
5.180621e-01	8.197049e-01	-2.731177e-01
5.146499e-01	8.190309e-01	-2.731314e-01
5.112232e-01	8.184165e-01	-2.730574e-01
5.282843e-01	8.224511e-01	-2.772641e-01
5.325217e-01	8.234663e-01	-2.773012e-01
5.365857e-01	8.243198e-01	-2.772220e-01
5.109492e-01	8.120892e-01	-1.543478e-01
5.452646e-01	8.178006e-01	-1.729580e-01
5.195662e-01	7.806381e-01	-2.481580e-01
5.323023e-01	7.837945e-01	-2.531501e-01
4.878101e-01	6.957256e-01	-8.391991e-02
5.847652e-01	7.014453e-01	-9.673996e-02
4.679658e-01	5.816411e-01	-5.713784e-02
6.150358e-01	5.587547e-01	-7.592301e-02
4.453903e-01	4.815273e-01	-1.643956e-01
6.342011e-01	4.471412e-01	-1.810992e-01
4.378743e-01	4.436444e-01	-1.982982e-01
6.400770e-01	4.046735e-01	-2.177612e-01
4.399758e-01	4.409218e-01	-2.346454e-01
6.328574e-01	4.050265e-01	-2.520421e-01
4.451539e-01	4.551079e-01	-1.825185e-01
6.274835e-01	4.199611e-01	-1.984798e-01
5.127425e-01	4.269931e-01	4.091972e-03
5.673625e-01	4.265275e-01	-3.980492e-03
4.924850e-01	2.576011e-01	2.961979e-02
5.880724e-01	2.578829e-01	4.580060e-02
4.958131e-01	1.148310e-01	2.477612e-01
5.907357e-01	1.062837e-01	2.638698e-01
5.017090e-01	9.623773e-02	2.620340e-01
5.850960e-01	8.768780e-02	2.775894e-01
4.819583e-01	4.851506e-02	1.463315e-01
6.092706e-01	4.432622e-02	1.532466e-01
5.229812e-01	8.084574e-01	-3.175758e-01
5.181521e-01	8.262336e-01	-2.964162e-01
5.147476e-01	8.258774e-01	-2.964291e-01
5.113617e-01	8.255507e-01	-2.963593e-01
5.283095e-01	8.284332e-01	-3.014038e-01
5.325959e-01	8.293842e-01	-3.014550e-01
5.366525e-01	8.301718e-01	-3.013808e-01
5.109705e-01	8.196623e-01	-1.728025e-01
5.453812e-01	8.239220e-01	-1.952898e-01
5.193228e-01	7.877767e-01	-2.711582e-01
5.321065e-01	7.898455e-01	-2.774188e-01
4.878698e-01	7.016174e-01	-9.941083e-02
5.846583e-01	7.058676e-01	-1.161117e-01
4.693656e-01	5.816051e-01	-6.754172e-02
6.080043e-01	5.598292e-01	-7.731195e-02
4.461500e-01	4.716848e-01	-1.729775e-01
6.256777e-01	4.430400e-01	-2.000134e-01
4.382404e-01	4.335795e-01	-2.067670e-01
6.322592e-01	3.999661e-01	-2.369823e-01
4.402601e-01	4.296020e-01	-2.447934e-01
6.270382e-01	4.008910e-01	-2.709824e-01
4.455027e-01	4.436811e-01	-1.916713e-01
6.208781e-01	4.152273e-01	-2.174303e-01
5.125500e-01	4.322640e-01	4.489136e-03
5.664844e-01	4.320337e-01	-4.385606e-03
4.933326e-01	2.629731e-01	2.767729e-02
5.880827e-01	2.605910e-01	3.949501e-02
4.957757e-01	1.149434e-01	2.432475e-01
5.906402e-01	1.076852e-01	2.485621e-01
5.013670e-01	9.677202e-02	2.568472e-01
5.850160e-01	8.861785e-02	2.613292e-01
4.818692e-01	4.957032e-02	1.365581e-01
6.092291e-01	4.496919e-02	1.324632e-01
5.232802e-01	8.149688e-01	-3.290014e-01
5.187537e-01	8.329966e-01	-3.084608e-01
5.150501e-01	8.324087e-01	-3.084694e-01
5.116132e-01	8.319718e-01	-3.083951e-01
5.290415e-01	8.350546e-01	-3.120183e-01
5.331144e-01	8.358029e-01	-3.120782e-01
5.372773e-01	8.364075e-01	-3.120095e-01
5.110140e-01	8.252196e-01	-1.857023e-01
5.456477e-01	8.293959e-01	-2.015293e-01
5.194843e-01	7.932832e-01	-2.827697e-01
5.324959e-01	7.956092e-01	-2.871217e-01
4.876126e-01	7.061319e-01	-1.108557e-01
5.845954e-01	7.100620e-01	-1.215677e-01
4.711125e-01	5.809131e-01	-8.238995e-02
6.063935e-01	5.608585e-01	-8.221701e-02
4.467906e-01	4.662136e-01	-1.920331e-01
6.206881e-01	4.393984e-01	-2.038805e-01
4.406397e-01	4.260387e-01	-2.265610e-01
6.264865e-01	3.958215e-01	-2.404841e-01
4.431380e-01	4.229482e-01	-2.641436e-01
6.213112e-01	3.950491e-01	-2.754681e-01
4.484025e-01	4.375211e-01	-2.105536e-01
6.154687e-01	4.100421e-01	-2.214267e-01
5.120968e-01	4.347256e-01	4.388032e-03
5.658757e-01	4.345566e-01	-4.285117e-03
4.942756e-01	2.650840e-01	2.693768e-02
5.879930e-01	2.629400e-01	3.934161e-02
4.956390e-01	1.148224e-01	2.472880e-01
5.904890e-01	1.087314e-01	2.515963e-01
5.007240e-01	9.689296e-02	2.616962e-01
5.849322e-01	8.962002e-02	2.649556e-01
4.818452e-01	5.008028e-02	1.416645e-01
6.091326e-01	4.576658e-02	1.368546e-01
5.240508e-01	8.191663e-01	-3.414524e-01
5.196169e-01	8.367556e-01	-3.218387e-01
5.156218e-01	8.359913e-01	-3.218498e-01
5.120296e-01	8.354852e-01	-3.217810e-01
5.301656e-01	8.390394e-01	-3.246766e-01
5.340952e-01	8.397856e-01	-3.247460e-01
5.384777e-01	8.403425e-01	-3.247023e-01
5.110298e-01	8.281594e-01	-2.004242e-01
5.462016e-01	8.328025e-01	-2.125371e-01
5.199631e-01	7.966989e-01	-2.953751e-01
5.334294e-01	7.994441e-01	-2.986870e-01
4.870721e-01	7.078196e-01	-1.190586e-01
5.845445e-01	7.123159e-01	-1.334272e-01
4.712721e-01	5.797165e-01	-8.614331e-02
6.042603e-01	5.611429e-01	-9.783457e-02
4.476205e-01	4.609809e-01	-1.867958e-01
6.170506e-01	4.418823e-01	-2.054147e-01
4.412771e-01	4.220674e-01	-2.189787e-01
6.225501e-01	3.985257e-01	-2.405131e-01
4.449205e-01	4.199485e-01	-2.558990e-01
6.171433e-01	3.979272e-01	-2.761474e-01
4.497177e-01	4.341336e-01	-2.050551e-01
6.116112e-01	4.130547e-01	-2.228610e-01
5.119442e-01	4.350324e-01	4.780520e-03
5.658897e-01	4.362291e-01	-4.694251e-03
4.944290e-01	2.652052e-01	2.988376e-02
5.880013e-01	2.644742e-01	3.690420e-02
4.951004e-01	1.147325e-01	2.511806e-01
5.904141e-01	1.102194e-01	2.495870e-01
4.998084e-01	9.689569e-02	2.656889e-01
5.846798e-01	9.098645e-02	2.628571e-01
4.815331e-01	5.012003e-02	1.442799e-01
6.089923e-01	4.667293e-02	1.335586e-01
5.260015e-01	8.269545e-01	-3.453227e-01
5.211139e-01	8.442300e-01	-3.248191e-01
5.171243e-01	8.432411e-01	-3.248412e-01
5.129018e-01	8.421651e-01	-3.247747e-01
5.321267e-01	8.463159e-01	-3.275796e-01
5.365163e-01	8.468236e-01	-3.276443e-01
5.409085e-01	8.468562e-01	-3.275819e-01
5.110981e-01	8.340151e-01	-2.012185e-01
5.474535e-01	8.374547e-01	-2.131906e-01
5.211397e-01	8.027530e-01	-2.986148e-01
5.355828e-01	8.049162e-01	-3.018538e-01
4.868351e-01	7.091942e-01	-1.175982e-01
5.844817e-01	7.148185e-01	-1.369947e-01
4.722538e-01	5.736224e-01	-7.987605e-02
6.017216e-01	5.627384e-01	-1.059663e-01
4.534486e-01	4.503286e-01	-1.731140e-01
6.117696e-01	4.424268e-01	-2.059865e-01
4.474440e-01	4.110391e-01	-2.047358e-01
6.168323e-01	3.979726e-01	-2.406249e-01
4.490483e-01	4.074468e-01	-2.409208e-01
6.107053e-01	3.972370e-01	-2.762389e-01
4.550367e-01	4.211248e-01	-1.910411e-01
6.057824e-01	4.114730e-01	-2.232640e-01
5.116719e-01	4.362258e-01	6.119519e-03
5.658047e-01	4.377326e-01	-6.051676e-03
4.945776e-01	2.642349e-01	3.464163e-02
5.875713e-01	2.670108e-01	3.640773e-02
4.948856e-01	1.146487e-01	2.542906e-01
5.903264e-01	1.116437e-01	2.532613e-01
4.994488e-01	9.695923e-02	2.695839e-01
5.845048e-01	9.209846e-02	2.671069e-01
4.813925e-01	5.014969e-02	1.500080e-01
6.088787e-01	4.785332e-02	1.403391e-01
5.279833e-01	8.308816e-01	-3.543600e-01
5.223714e-01	8.474890e-01	-3.345339e-01
5.186518e-01	8.463065e-01	-3.345605e-01
5.139023e-01	8.449291e-01	-3.344967e-01
5.337901e-01	8.495291e-01	-3.366341e-01
5.385283e-01	8.496905e-01	-3.367041e-01
5.426007e-01	8.494877e-01	-3.366549e-01
5.111579e-01	8.359729e-01	-2.130135e-01
5.482128e-01	8.391987e-01	-2.221672e-01
5.222320e-01	8.060001e-01	-3.084138e-01
5.372783e-01	8.079763e-01	-3.108303e-01
4.866437e-01	7.091048e-01	-1.274719e-01
5.844080e-01	7.151986e-01	-1.448534e-01
4.726352e-01	5.687039e-01	-8.348900e-02
5.995623e-01	5.644151e-01	-1.108741e-01
4.576935e-01	4.423360e-01	-1.658698e-01
6.078926e-01	4.418149e-01	-2.024226e-01
4.544114e-01	4.008608e-01	-1.955480e-01
6.121514e-01	3.980614e-01	-2.352297e-01
4.556403e-01	3.982152e-01	-2.300512e-01
6.060232e-01	3.972725e-01	-2.704078e-01
4.613102e-01	4.123648e-01	-1.828828e-01
6.013740e-01	4.113964e-01	-2.192241e-01
5.115328e-01	4.379493e-01	6.209066e-03
5.656427e-01	4.410774e-01	-6.148134e-03
4.947959e-01	2.657316e-01	3.586770e-02
5.869555e-01	2.693269e-01	3.621266e-02
4.947631e-01	1.147398e-01	2.551517e-01
5.902468e-01	1.127337e-01	2.473902e-01
4.993292e-01	9.715635e-02	2.697539e-01
5.843741e-01	9.306036e-02	2.605678e-01
4.813147e-01	5.024889e-02	1.499539e-01
6.088045e-01	4.868155e-02	1.338383e-01
5.290796e-01	8.309691e-01	-3.858154e-01
5.229970e-01	8.475372e-01	-3.668885e-01
5.193591e-01	8.462982e-01	-3.669172e-01
5.143988e-01	8.450726e-01	-3.668677e-01
5.346114e-01	8.498312e-01	-3.687897e-01
5.394873e-01	8.500204e-01	-3.688675e-01
5.433785e-01	8.499225e-01	-3.688410e-01
5.112174e-01	8.363145e-01	-2.433771e-01
5.484632e-01	8.400493e-01	-2.518927e-01
5.228716e-01	8.062345e-01	-3.385027e-01
5.381424e-01	8.082069e-01	-3.407332e-01
4.861906e-01	7.095230e-01	-1.506737e-01
5.843394e-01	7.144049e-01	-1.655084e-01
4.738149e-01	5.646957e-01	-8.489777e-02
5.973077e-01	5.646697e-01	-1.227190e-01
4.635439e-01	4.338768e-01	-1.727931e-01
6.049496e-01	4.375705e-01	-2.043061e-01
4.614995e-01	3.940919e-01	-2.007924e-01
6.077127e-01	3.958559e-01	-2.360479e-01
4.645504e-01	3.927183e-01	-2.345177e-01
6.026144e-01	3.947668e-01	-2.705210e-01
4.695717e-01	4.065551e-01	-1.892808e-01
5.981706e-01	4.089462e-01	-2.206723e-01
5.110750e-01	4.403470e-01	6.202620e-03
5.649053e-01	4.435157e-01	-6.152318e-03
4.950545e-01	2.670478e-01	3.901155e-02
5.864481e-01	2.704156e-01	3.690542e-02
4.946221e-01	1.149847e-01	2.684576e-01
5.901824e-01	1.131883e-01	2.500989e-01
4.992242e-01	9.745602e-02	2.832997e-01
5.842581e-01	9.337711e-02	2.650259e-01
4.813270e-01	5.029793e-02	1.587778e-01
6.087943e-01	4.898565e-02	1.422178e-01
5.299579e-01	8.318877e-01	-3.777377e-01
5.234967e-01	8.482524e-01	-3.587547e-01
5.199880e-01	8.469770e-01	-3.587822e-01
5.148998e-01	8.457039e-01	-3.587243e-01
5.352755e-01	8.506342e-01	-3.599625e-01
5.402449e-01	8.507717e-01	-3.600403e-01
5.439565e-01	8.507013e-01	-3.599994e-01
5.112602e-01	8.368893e-01	-2.376925e-01
5.486645e-01	8.409387e-01	-2.429319e-01
5.233912e-01	8.071129e-01	-3.316595e-01
5.388332e-01	8.090324e-01	-3.329500e-01
4.857408e-01	7.099645e-01	-1.501445e-01
5.841298e-01	7.145882e-01	-1.592468e-01
4.742595e-01	5.624916e-01	-9.266882e-02
5.956732e-01	5.646356e-01	-1.205935e-01
4.666964e-01	4.293579e-01	-1.805687e-01
6.041958e-01	4.342625e-01	-2.048456e-01
4.653459e-01	3.895986e-01	-2.105061e-01
6.079236e-01	3.934482e-01	-2.371813e-01
4.690776e-01	3.889043e-01	-2.439652e-01
6.022687e-01	3.920400e-01	-2.718272e-01
4.739119e-01	4.024126e-01	-1.969864e-01
5.972730e-01	4.047245e-01	-2.213636e-01
5.107304e-01	4.416228e-01	5.852194e-03
5.644735e-01	4.451400e-01	-5.813752e-03
4.953373e-01	2.679899e-01	3.667433e-02
5.864130e-01	2.718289e-01	3.662400e-02
4.945984e-01	1.151069e-01	2.621404e-01
5.901240e-01	1.139537e-01	2.499073e-01
4.991380e-01	9.746206e-02	2.761482e-01
5.841323e-01	9.380882e-02	2.636484e-01
4.813352e-01	5.040409e-02	1.536047e-01
6.087970e-01	4.912734e-02	1.372196e-01
5.304102e-01	8.325119e-01	-3.591507e-01
5.237756e-01	8.489687e-01	-3.399661e-01
5.203785e-01	8.477215e-01	-3.399912e-01
5.152801e-01	8.464793e-01	-3.399304e-01
5.356617e-01	8.512244e-01	-3.421864e-01
5.406791e-01	8.512539e-01	-3.422471e-01
5.442927e-01	8.511254e-01	-3.421904e-01
5.112935e-01	8.376797e-01	-2.195350e-01
5.488396e-01	8.415011e-01	-2.293787e-01
5.237280e-01	8.079714e-01	-3.132056e-01
5.392275e-01	8.095521e-01	-3.153821e-01
4.854358e-01	7.104087e-01	-1.375736e-01
5.839284e-01	7.146406e-01	-1.464590e-01
4.750343e-01	5.613181e-01	-9.352419e-02
5.944615e-01	5.645337e-01	-1.093315e-01
4.717022e-01	4.258239e-01	-1.719257e-01
6.021553e-01	4.314797e-01	-1.928477e-01
4.691409e-01	3.860160e-01	-2.025442e-01
6.072502e-01	3.912634e-01	-2.260168e-01
4.743097e-01	3.848823e-01	-2.344796e-01
6.010480e-01	3.894790e-01	-2.604169e-01
4.789247e-01	3.995396e-01	-1.877616e-01
5.955361e-01	4.026721e-01	-2.093244e-01
5.106070e-01	4.412843e-01	4.291373e-03
5.641415e-01	4.455719e-01	-4.248526e-03
4.956186e-01	2.678226e-01	3.564569e-02
5.862502e-01	2.721727e-01	3.670052e-02
4.945920e-01	1.151870e-01	2.557163e-01
5.900681e-01	1.150451e-01	2.473626e-01
4.991296e-01	9.746303e-02	2.698425e-01
5.840396e-01	9.497786e-02	2.603930e-01
4.814857e-01	5.061697e-02	1.507060e-01
6.087918e-01	5.018777e-02	1.347290e-01
5.304645e-01	8.316227e-01	-3.541186e-01
5.238672e-01	8.482584e-01	-3.342680e-01
5.204849e-01	8.471729e-01	-3.342939e-01
5.154426e-01	8.461372e-01	-3.342376e-01
5.357478e-01	8.503824e-01	-3.385731e-01
5.407637e-01	8.504931e-01	-3.386037e-01
5.443732e-01	8.504946e-01	-3.385167e-01
5.113143e-01	8.375177e-01	-2.129757e-01
5.489228e-01	8.414465e-01	-2.276916e-01
5.238354e-01	8.078535e-01	-3.068451e-01
5.392787e-01	8.092732e-01	-3.109457e-01
4.853051e-01	7.115678e-01	-1.327034e-01
5.835988e-01	7.147682e-01	-1.428363e-01
4.748511e-01	5.616140e-01	-9.409040e-02
5.939201e-01	5.646232e-01	-1.013081e-01
4.727969e-01	4.322442e-01	-1.730317e-01
6.016505e-01	4.322221e-01	-1.867003e-01
4.699339e-01	3.904260e-01	-2.041658e-01
6.069769e-01	3.919905e-01	-2.203264e-01
4.759006e-01	3.895763e-01	-2.358370e-01
6.008095e-01	3.902414e-01	-2.544973e-01
4.806201e-01	4.040257e-01	-1.887235e-01
5.952361e-01	4.035163e-01	-2.031567e-01
5.104812e-01	4.435793e-01	3.057187e-03
5.639139e-01	4.475891e-01	-3.010819e-03
4.960910e-01	2.678760e-01	3.514421e-02
5.853131e-01	2.734605e-01	3.653705e-02
4.945900e-01	1.153114e-01	2.394788e-01
5.900745e-01	1.151239e-01	2.344570e-01
4.990812e-01	9.751265e-02	2.521904e-01
5.840889e-01	9.496814e-02	2.459861e-01
4.818052e-01	5.090898e-02	1.326309e-01
6.088473e-01	5.054502e-02	1.201280e-01
5.304717e-01	8.311995e-01	-3.501855e-01
5.238858e-01	8.480901e-01	-3.307878e-01
5.204951e-01	8.471133e-01	-3.308103e-01
5.154791e-01	8.461918e-01	-3.307462e-01
5.357897e-01	8.498336e-01	-3.338849e-01
5.407973e-01	8.498850e-01	-3.339291e-01
5.444109e-01	8.498861e-01	-3.338602e-01
5.113358e-01	8.373829e-01	-2.118484e-01
5.489961e-01	8.409588e-01	-2.259216e-01
5.238581e-01	8.078789e-01	-3.042474e-01
5.392852e-01	8.090331e-01	-3.068565e-01
4.850084e-01	7.110460e-01	-1.339212e-01
5.830999e-01	7.148337e-01	-1.407119e-01
4.751348e-01	5.595884e-01	-9.592676e-02
5.919968e-01	5.644161e-01	-9.867162e-02
4.749602e-01	4.229186e-01	-1.807062e-01
6.002010e-01	4.319296e-01	-1.882168e-01
4.705867e-01	3.833570e-01	-2.134033e-01
6.060017e-01	3.925193e-01	-2.229729e-01
4.782092e-01	3.813348e-01	-2.457617e-01
5.998780e-01	3.909697e-01	-2.577268e-01
4.835709e-01	3.963441e-01	-1.966086e-01
5.943481e-01	4.041406e-01	-2.050707e-01
5.101755e-01	4.428090e-01	1.967828e-03
5.637840e-01	4.470611e-01	-1.916587e-03
4.964626e-01	2.672276e-01	3.433062e-02
5.844815e-01	2.726358e-01	3.939564e-02
4.946361e-01	1.152450e-01	2.426476e-01
5.901212e-01	1.150525e-01	2.406698e-01
4.990796e-01	9.738247e-02	2.562159e-01
5.841911e-01	9.479322e-02	2.530848e-01
4.825022e-01	5.089784e-02	1.383636e-01
6.089336e-01	5.064520e-02	1.281317e-01
