5.626016e-01	7.574471e-01	-2.147654e-01
5.574456e-01	7.732069e-01	-1.985721e-01
5.532461e-01	7.728390e-01	-1.985761e-01
5.500371e-01	7.722996e-01	-1.985221e-01
5.690746e-01	7.733231e-01	-1.996573e-01
5.728276e-01	7.730743e-01	-1.997272e-01
5.769623e-01	7.726846e-01	-1.996211e-01
5.456352e-01	7.649425e-01	-1.039404e-01
5.820494e-01	7.637076e-01	-1.088971e-01
5.551139e-01	7.382050e-01	-1.794918e-01
5.705645e-01	7.375717e-01	-1.806833e-01
5.176457e-01	6.690558e-01	-5.196405e-02
6.084273e-01	6.566607e-01	-6.620041e-02
5.040568e-01	5.393376e-01	-3.086490e-02
6.254166e-01	5.217906e-01	-5.492748e-02
4.912298e-01	4.229145e-01	-1.071905e-01
6.305748e-01	4.100943e-01	-1.392143e-01
4.839243e-01	3.860380e-01	-1.354343e-01
6.360999e-01	3.699940e-01	-1.722109e-01
4.914656e-01	3.845106e-01	-1.674886e-01
6.280741e-01	3.703056e-01	-2.015181e-01
4.984625e-01	3.966434e-01	-1.220179e-01
6.233224e-01	3.834716e-01	-1.542662e-01
5.364096e-01	4.058425e-01	1.079561e-02
5.903539e-01	4.046901e-01	-1.067611e-02
5.239353e-01	2.410171e-01	3.544177e-02
5.934440e-01	2.360986e-01	2.024915e-02
5.261152e-01	9.468439e-02	1.646827e-01
5.941805e-01	7.819229e-02	1.489191e-01
5.331088e-01	7.025221e-02	1.731106e-01
5.924901e-01	6.301931e-02	1.560232e-01
5.043474e-01	4.339072e-02	8.999553e-02
5.975139e-01	3.136468e-02	5.671877e-02
5.626010e-01	7.572963e-01	-2.089735e-01
5.574223e-01	7.731582e-01	-1.918785e-01
5.532339e-01	7.727894e-01	-1.918823e-01
5.500010e-01	7.722256e-01	-1.918369e-01
5.690590e-01	7.733054e-01	-1.940731e-01
5.728249e-01	7.730728e-01	-1.941348e-01
5.769528e-01	7.726845e-01	-1.940391e-01
5.455960e-01	7.647951e-01	-9.572311e-02
5.820406e-01	7.637554e-01	-1.058513e-01
5.551141e-01	7.381062e-01	-1.733654e-01
5.705439e-01	7.374105e-01	-1.760361e-01
5.176441e-01	6.686444e-01	-4.248158e-02
6.084977e-01	6.566323e-01	-6.638168e-02
5.037627e-01	5.388488e-01	-2.639907e-02
6.260234e-01	5.226647e-01	-6.127754e-02
4.911522e-01	4.228859e-01	-1.072125e-01
6.306267e-01	4.100756e-01	-1.484809e-01
4.838901e-01	3.855198e-01	-1.358582e-01
6.362325e-01	3.699173e-01	-1.822372e-01
4.914685e-01	3.842013e-01	-1.679624e-01
6.281110e-01	3.702217e-01	-2.124624e-01
4.984522e-01	3.959991e-01	-1.220906e-01
6.234508e-01	3.833046e-01	-1.637777e-01
5.363818e-01	4.065340e-01	1.621064e-02
5.903634e-01	4.049614e-01	-1.610394e-02
5.247070e-01	2.414321e-01	4.446363e-02
5.933327e-01	2.385113e-01	1.363382e-02
5.265101e-01	9.457269e-02	1.652884e-01
5.941755e-01	7.885025e-02	1.355059e-01
5.352085e-01	7.025208e-02	1.732560e-01
5.927440e-01	6.100376e-02	1.415971e-01
4.990478e-01	4.644469e-02	9.233318e-02
6.004913e-01	3.225185e-02	4.364842e-02
5.626395e-01	7.569774e-01	-2.059748e-01
5.574413e-01	7.730325e-01	-1.888094e-01
5.532514e-01	7.726830e-01	-1.888106e-01
5.500014e-01	7.720945e-01	-1.887675e-01
5.690871e-01	7.731572e-01	-1.913959e-01
5.728922e-01	7.729560e-01	-1.914554e-01
5.770077e-01	7.725436e-01	-1.913611e-01
5.455859e-01	7.645676e-01	-9.317324e-02
5.820847e-01	7.637013e-01	-1.050016e-01
5.551199e-01	7.377697e-01	-1.706453e-01
5.705420e-01	7.369705e-01	-1.738395e-01
5.176712e-01	6.682791e-01	-4.191123e-02
6.086211e-01	6.559032e-01	-6.702320e-02
5.034499e-01	5.386154e-01	-2.652062e-02
6.268844e-01	5.223199e-01	-6.691658e-02
4.911486e-01	4.229303e-01	-1.106348e-01
6.308278e-01	4.095705e-01	-1.555291e-01
4.838821e-01	3.855213e-01	-1.408430e-01
6.366851e-01	3.692235e-01	-1.901596e-01
4.916612e-01	3.842414e-01	-1.729465e-01
6.284363e-01	3.694696e-01	-2.202957e-01
4.986531e-01	3.960162e-01	-1.257676e-01
6.238663e-01	3.827319e-01	-1.709309e-01
5.361931e-01	4.066477e-01	1.708051e-02
5.899047e-01	4.049569e-01	-1.697161e-02
5.250012e-01	2.414265e-01	4.776051e-02
5.930907e-01	2.388093e-01	1.393637e-02
5.267504e-01	9.410177e-02	1.668729e-01
5.941235e-01	7.896782e-02	1.359895e-01
5.362071e-01	6.988827e-02	1.744384e-01
5.927406e-01	5.923523e-02	1.419012e-01
4.967637e-01	4.795737e-02	9.575607e-02
6.032322e-01	3.292744e-02	4.846553e-02
5.626825e-01	7.557690e-01	-1.994235e-01
5.574489e-01	7.715815e-01	-1.827399e-01
5.532534e-01	7.712904e-01	-1.827399e-01
5.499991e-01	7.706411e-01	-1.827021e-01
5.690898e-01	7.717530e-01	-1.849062e-01
5.729033e-01	7.716522e-01	-1.849657e-01
5.770151e-01	7.712544e-01	-1.848721e-01
5.455865e-01	7.628452e-01	-8.940980e-02
5.820839e-01	7.628588e-01	-9.972693e-02
5.551757e-01	7.364234e-01	-1.650333e-01
5.705422e-01	7.355422e-01	-1.677438e-01
5.177951e-01	6.674724e-01	-4.244084e-02
6.089891e-01	6.543128e-01	-6.105760e-02
5.030277e-01	5.388336e-01	-3.140946e-02
6.282879e-01	5.218308e-01	-6.279234e-02
4.911491e-01	4.248101e-01	-1.200343e-01
6.313809e-01	4.092944e-01	-1.528883e-01
4.838952e-01	3.878301e-01	-1.517648e-01
6.376962e-01	3.688646e-01	-1.866441e-01
4.920867e-01	3.873541e-01	-1.835479e-01
6.290667e-01	3.691555e-01	-2.165467e-01
4.990295e-01	3.993926e-01	-1.351180e-01
6.243845e-01	3.825665e-01	-1.681257e-01
5.360482e-01	4.064441e-01	1.618567e-02
5.899068e-01	4.042865e-01	-1.607449e-02
5.246814e-01	2.410742e-01	4.635343e-02
5.932745e-01	2.387679e-01	1.830894e-02
5.269725e-01	9.371607e-02	1.667049e-01
5.941061e-01	7.895999e-02	1.463712e-01
5.368423e-01	6.970820e-02	1.742414e-01
5.926115e-01	5.792704e-02	1.527497e-01
4.961100e-01	4.875687e-02	9.535555e-02
6.053167e-01	3.314985e-02	5.848870e-02
5.625726e-01	7.491754e-01	-2.017563e-01
5.573177e-01	7.652293e-01	-1.851026e-01
5.531604e-01	7.652234e-01	-1.851053e-01
5.499088e-01	7.650871e-01	-1.850654e-01
5.689120e-01	7.653313e-01	-1.871339e-01
5.727451e-01	7.653417e-01	-1.871947e-01
5.768713e-01	7.653624e-01	-1.870983e-01
5.455022e-01	7.579725e-01	-9.043162e-02
5.819978e-01	7.590489e-01	-1.007003e-01
5.551652e-01	7.303897e-01	-1.668366e-01
5.703451e-01	7.302566e-01	-1.694581e-01
5.182242e-01	6.662372e-01	-4.271499e-02
6.095663e-01	6.514286e-01	-6.028072e-02
5.023010e-01	5.402281e-01	-3.857952e-02
6.302875e-01	5.194041e-01	-6.214159e-02
4.911502e-01	4.298665e-01	-1.428987e-01
6.317028e-01	4.084134e-01	-1.552981e-01
4.838951e-01	3.946225e-01	-1.770931e-01
6.380445e-01	3.680122e-01	-1.903106e-01
4.922674e-01	3.946829e-01	-2.082060e-01
6.291735e-01	3.683316e-01	-2.193852e-01
4.991751e-01	4.068981e-01	-1.581464e-01
6.244931e-01	3.819258e-01	-1.702786e-01
5.359081e-01	4.059736e-01	1.589249e-02
5.899965e-01	4.022274e-01	-1.577587e-02
5.229365e-01	2.407838e-01	3.790033e-02
5.935581e-01	2.380093e-01	1.782468e-02
5.269903e-01	9.364710e-02	1.539310e-01
5.940081e-01	7.895591e-02	1.448550e-01
5.371614e-01	6.964473e-02	1.608992e-01
5.923017e-01	5.768697e-02	1.510575e-01
4.951591e-01	4.975881e-02	8.163684e-02
6.052699e-01	3.363543e-02	5.685931e-02
5.624070e-01	7.436853e-01	-1.865668e-01
5.571931e-01	7.604257e-01	-1.700524e-01
5.530399e-01	7.604039e-01	-1.700679e-01
5.497574e-01	7.603067e-01	-1.700331e-01
5.688630e-01	7.602141e-01	-1.719813e-01
5.727280e-01	7.601548e-01	-1.720080e-01
5.768625e-01	7.599273e-01	-1.718852e-01
5.451251e-01	7.522451e-01	-7.604403e-02
5.820044e-01	7.526658e-01	-8.465384e-02
5.549316e-01	7.250262e-01	-1.517179e-01
5.700675e-01	7.247251e-01	-1.539485e-01
5.183402e-01	6.621227e-01	-3.392202e-02
6.098951e-01	6.461839e-01	-4.248955e-02
5.019295e-01	5.430520e-01	-4.728606e-02
6.323346e-01	5.165550e-01	-4.484460e-02
4.912384e-01	4.407689e-01	-1.755538e-01
6.322070e-01	4.086983e-01	-1.402139e-01
4.839065e-01	4.064507e-01	-2.131002e-01
6.383635e-01	3.683722e-01	-1.765973e-01
4.924034e-01	4.073063e-01	-2.422346e-01
6.292588e-01	3.691900e-01	-2.020084e-01
4.993293e-01	4.194790e-01	-1.905205e-01
6.246529e-01	3.826672e-01	-1.537483e-01
5.358516e-01	4.002511e-01	1.301672e-02
5.902705e-01	3.959251e-01	-1.288487e-02
5.206912e-01	2.402122e-01	2.687084e-02
5.948175e-01	2.371359e-01	2.442726e-02
5.269980e-01	9.365390e-02	1.543613e-01
5.933399e-01	7.960686e-02	1.672702e-01
5.374870e-01	6.972782e-02	1.622663e-01
5.898677e-01	5.851884e-02	1.754833e-01
4.935803e-01	5.035866e-02	8.288737e-02
6.051185e-01	3.505409e-02	8.489228e-02
5.623456e-01	7.346770e-01	-1.763595e-01
5.571876e-01	7.524633e-01	-1.597211e-01
5.529899e-01	7.523859e-01	-1.597561e-01
5.497051e-01	7.520455e-01	-1.597312e-01
5.688828e-01	7.516257e-01	-1.601008e-01
5.727969e-01	7.510608e-01	-1.601015e-01
5.769490e-01	7.504470e-01	-1.599671e-01
5.447618e-01	7.434357e-01	-6.586392e-02
5.820125e-01	7.423333e-01	-6.644834e-02
5.545069e-01	7.170155e-01	-1.415727e-01
5.698454e-01	7.157808e-01	-1.415426e-01
5.183043e-01	6.560625e-01	-2.876358e-02
6.096866e-01	6.386693e-01	-1.620297e-02
5.009618e-01	5.453681e-01	-5.224310e-02
6.325564e-01	5.163026e-01	-7.786153e-03
4.913352e-01	4.563729e-01	-1.916943e-01
6.325698e-01	4.107166e-01	-1.030990e-01
4.839520e-01	4.210094e-01	-2.315667e-01
6.384277e-01	3.701705e-01	-1.378315e-01
4.924383e-01	4.218830e-01	-2.595054e-01
6.292701e-01	3.712085e-01	-1.639470e-01
4.993652e-01	4.344539e-01	-2.062803e-01
6.247240e-01	3.852929e-01	-1.167876e-01
5.357985e-01	3.935280e-01	5.713911e-03
5.908492e-01	3.905135e-01	-5.549136e-03
5.163130e-01	2.357069e-01	-1.169458e-02
5.973731e-01	2.329630e-01	2.119732e-02
5.269966e-01	9.326603e-02	1.394986e-01
5.924739e-01	7.960324e-02	1.669627e-01
5.375396e-01	6.962236e-02	1.495637e-01
5.861959e-01	5.857066e-02	1.755197e-01
4.939202e-01	4.974053e-02	6.774449e-02
6.092200e-01	3.582362e-02	8.407016e-02
5.621065e-01	7.226328e-01	-1.742112e-01
5.569569e-01	7.403113e-01	-1.582958e-01
5.527006e-01	7.404848e-01	-1.583441e-01
5.493393e-01	7.406099e-01	-1.583358e-01
5.688778e-01	7.394971e-01	-1.581629e-01
5.728009e-01	7.392781e-01	-1.581416e-01
5.769500e-01	7.389079e-01	-1.579816e-01
5.439669e-01	7.332043e-01	-6.480721e-02
5.819396e-01	7.312164e-01	-6.306501e-02
5.539473e-01	7.053629e-01	-1.392018e-01
5.695921e-01	7.030189e-01	-1.384661e-01
5.179075e-01	6.470596e-01	-2.810835e-02
6.088411e-01	6.290457e-01	-5.274451e-03
5.000334e-01	5.478116e-01	-5.695208e-02
6.323421e-01	5.163216e-01	1.410952e-02
4.920876e-01	4.730712e-01	-2.071968e-01
6.325645e-01	4.159261e-01	-7.862975e-02
4.842697e-01	4.402138e-01	-2.500631e-01
6.384151e-01	3.757403e-01	-1.123416e-01
4.931837e-01	4.412051e-01	-2.770123e-01
6.290536e-01	3.773977e-01	-1.404326e-01
5.000892e-01	4.515950e-01	-2.215193e-01
6.245552e-01	3.930608e-01	-9.304743e-02
5.354983e-01	3.814832e-01	1.878393e-03
5.914331e-01	3.815756e-01	-1.678527e-03
5.125638e-01	2.275067e-01	-1.263657e-02
5.988282e-01	2.233388e-01	2.277854e-02
5.270942e-01	9.214607e-02	1.427002e-01
5.913925e-01	7.838522e-02	1.727709e-01
5.378303e-01	6.893478e-02	1.529242e-01
5.840323e-01	5.768648e-02	1.816308e-01
4.941435e-01	4.735227e-02	7.185411e-02
6.091419e-01	3.544738e-02	9.274780e-02
5.620891e-01	7.087964e-01	-1.779216e-01
5.569574e-01	7.263159e-01	-1.621225e-01
5.526426e-01	7.268798e-01	-1.621837e-01
5.493108e-01	7.270938e-01	-1.621972e-01
5.688854e-01	7.250398e-01	-1.608328e-01
5.728204e-01	7.249559e-01	-1.608026e-01
5.769532e-01	7.249234e-01	-1.606448e-01
5.438784e-01	7.215444e-01	-6.608935e-02
5.816705e-01	7.185753e-01	-5.734456e-02
5.538762e-01	6.914933e-01	-1.418038e-01
5.695041e-01	6.879535e-01	-1.392714e-01
5.176327e-01	6.371256e-01	-3.074690e-02
6.070814e-01	6.211242e-01	5.850044e-03
4.994906e-01	5.523091e-01	-1.027936e-01
6.315657e-01	5.185348e-01	7.286666e-03
4.934615e-01	4.882493e-01	-3.000375e-01
6.320564e-01	4.259439e-01	-1.006325e-01
4.865453e-01	4.618800e-01	-3.509197e-01
6.384090e-01	3.907137e-01	-1.224591e-01
4.962066e-01	4.635696e-01	-3.749505e-01
6.283257e-01	3.922293e-01	-1.567198e-01
5.023147e-01	4.709124e-01	-3.140850e-01
6.237087e-01	4.050467e-01	-1.143530e-01
5.354888e-01	3.729917e-01	-1.546499e-03
5.915345e-01	3.729924e-01	1.786921e-03
5.091590e-01	2.183641e-01	-2.075449e-02
6.008297e-01	2.137381e-01	2.275064e-02
5.268906e-01	9.194414e-02	1.620959e-01
5.909225e-01	7.725753e-02	1.923919e-01
5.378047e-01	6.894807e-02	1.770812e-01
5.828553e-01	5.752427e-02	2.035502e-01
4.943510e-01	4.664681e-02	9.415350e-02
6.088945e-01	3.412664e-02	1.124735e-01
5.619320e-01	6.995632e-01	-1.629581e-01
5.569264e-01	7.152068e-01	-1.468109e-01
5.525265e-01	7.158279e-01	-1.468901e-01
5.492219e-01	7.164009e-01	-1.469039e-01
5.688045e-01	7.137104e-01	-1.437586e-01
5.727091e-01	7.132086e-01	-1.437206e-01
5.767933e-01	7.132424e-01	-1.435883e-01
5.436815e-01	7.110109e-01	-4.714618e-02
5.809816e-01	7.078040e-01	-3.190448e-02
5.536059e-01	6.820443e-01	-1.255700e-01
5.691234e-01	6.784892e-01	-1.208207e-01
5.171088e-01	6.281354e-01	-2.224766e-02
6.048805e-01	6.155493e-01	2.669973e-02
4.985937e-01	5.564384e-01	-1.480576e-01
6.285665e-01	5.227836e-01	-9.290228e-03
4.965307e-01	5.181518e-01	-3.821805e-01
6.302277e-01	4.447602e-01	-1.640643e-01
4.897858e-01	4.901555e-01	-4.372991e-01
6.366966e-01	4.120067e-01	-2.036399e-01
5.012226e-01	4.927163e-01	-4.502990e-01
6.248482e-01	4.132766e-01	-2.233247e-01
5.064586e-01	5.002325e-01	-3.926357e-01
6.200758e-01	4.234366e-01	-1.770639e-01
5.355620e-01	3.658605e-01	-6.382495e-03
5.915717e-01	3.671181e-01	6.633557e-03
5.062219e-01	2.115603e-01	-4.562783e-02
6.015573e-01	2.084085e-01	-5.868425e-03
5.263016e-01	8.972506e-02	1.478695e-01
5.895389e-01	7.202390e-02	1.607980e-01
5.372820e-01	6.781610e-02	1.640304e-01
5.810145e-01	5.076704e-02	1.716958e-01
4.933564e-01	4.410101e-02	7.918735e-02
6.126961e-01	3.267745e-02	7.914283e-02
5.609022e-01	6.880997e-01	-1.670316e-01
5.559894e-01	7.041612e-01	-1.514680e-01
5.516315e-01	7.045424e-01	-1.515270e-01
5.484666e-01	7.048756e-01	-1.515284e-01
5.680377e-01	7.033125e-01	-1.493936e-01
5.720044e-01	7.031625e-01	-1.493758e-01
5.760053e-01	7.028942e-01	-1.492479e-01
5.431780e-01	6.989245e-01	-5.428375e-02
5.798923e-01	6.949954e-01	-4.393614e-02
5.526181e-01	6.706614e-01	-1.303324e-01
5.681835e-01	6.676475e-01	-1.269419e-01
5.168284e-01	6.169430e-01	-2.448519e-02
6.032546e-01	6.062359e-01	3.654046e-03
4.983599e-01	5.568955e-01	-1.649685e-01
6.261452e-01	5.249871e-01	-6.472297e-02
4.985990e-01	5.391791e-01	-3.952858e-01
6.258827e-01	4.688143e-01	-2.271766e-01
4.928447e-01	5.188428e-01	-4.496136e-01
6.306123e-01	4.383564e-01	-2.715929e-01
5.039070e-01	5.197040e-01	-4.574622e-01
6.179457e-01	4.409138e-01	-2.842766e-01
5.085264e-01	5.236935e-01	-4.042853e-01
6.131472e-01	4.510578e-01	-2.380878e-01
5.355608e-01	3.535610e-01	-4.347828e-03
5.915161e-01	3.563207e-01	4.572038e-03
5.049760e-01	2.039672e-01	-4.080904e-02
6.025946e-01	2.024159e-01	-4.990643e-04
5.256504e-01	8.977640e-02	1.670243e-01
5.896551e-01	7.230895e-02	1.856844e-01
5.362906e-01	7.048452e-02	1.849981e-01
5.817574e-01	5.391858e-02	1.990008e-01
4.935936e-01	4.258836e-02	1.055105e-01
6.136815e-01	3.286942e-02	1.109877e-01
5.607148e-01	6.760908e-01	-1.728853e-01
5.557417e-01	6.928456e-01	-1.600214e-01
5.513628e-01	6.931464e-01	-1.600773e-01
5.481748e-01	6.934331e-01	-1.600801e-01
5.677867e-01	6.918468e-01	-1.590701e-01
5.717634e-01	6.916715e-01	-1.590466e-01
5.757509e-01	6.909975e-01	-1.589099e-01
5.428677e-01	6.866822e-01	-6.278359e-02
5.795325e-01	6.811292e-01	-5.652587e-02
5.524514e-01	6.591429e-01	-1.339182e-01
5.677323e-01	6.562777e-01	-1.311571e-01
5.162187e-01	6.085351e-01	-4.200751e-02
6.031811e-01	5.978265e-01	-3.672176e-02
4.981976e-01	5.582519e-01	-2.203449e-01
6.232597e-01	5.288725e-01	-1.806826e-01
4.994756e-01	5.497206e-01	-4.618672e-01
6.217635e-01	4.895986e-01	-3.908571e-01
4.953350e-01	5.357696e-01	-5.220368e-01
6.250564e-01	4.624242e-01	-4.469308e-01
5.060987e-01	5.392787e-01	-5.277746e-01
6.124221e-01	4.656913e-01	-4.524869e-01
5.100750e-01	5.394500e-01	-4.716075e-01
6.079673e-01	4.735634e-01	-4.013108e-01
5.348600e-01	3.430194e-01	-2.897223e-03
5.907712e-01	3.459500e-01	3.112366e-03
5.028302e-01	1.960741e-01	-5.330018e-02
6.036795e-01	1.960532e-01	-4.783120e-03
5.245847e-01	8.982614e-02	1.648673e-01
5.896406e-01	7.258390e-02	1.869005e-01
5.350254e-01	7.335006e-02	1.804477e-01
5.816029e-01	5.605132e-02	1.996658e-01
4.939023e-01	4.211648e-02	9.965391e-02
6.148905e-01	3.295478e-02	1.087766e-01
5.603379e-01	6.669324e-01	-1.752377e-01
5.554534e-01	6.830794e-01	-1.608449e-01
5.510677e-01	6.833028e-01	-1.609053e-01
5.478910e-01	6.835028e-01	-1.609050e-01
5.674955e-01	6.820899e-01	-1.599992e-01
5.714807e-01	6.817992e-01	-1.599573e-01
5.754481e-01	6.808931e-01	-1.597596e-01
5.425981e-01	6.763211e-01	-6.298811e-02
5.792655e-01	6.702061e-01	-6.660982e-02
5.520703e-01	6.494312e-01	-1.376051e-01
5.671101e-01	6.469425e-01	-1.336519e-01
5.162265e-01	6.019627e-01	-5.864208e-02
6.020294e-01	5.900537e-01	-7.047026e-02
4.959370e-01	5.590547e-01	-2.787302e-01
6.166227e-01	5.469778e-01	-2.820650e-01
4.993881e-01	5.545331e-01	-5.265501e-01
6.166928e-01	5.207130e-01	-5.185922e-01
4.975722e-01	5.509806e-01	-5.879693e-01
6.224199e-01	4.962438e-01	-5.774512e-01
5.092114e-01	5.550771e-01	-5.871870e-01
6.092687e-01	4.964635e-01	-5.784261e-01
5.121465e-01	5.520688e-01	-5.345411e-01
6.038438e-01	5.009242e-01	-5.289606e-01
5.347517e-01	3.345715e-01	4.552986e-04
5.904579e-01	3.357230e-01	-2.342377e-04
5.017087e-01	1.915949e-01	-8.547517e-02
6.054553e-01	1.886137e-01	-3.694105e-02
5.237435e-01	9.004605e-02	1.401946e-01
5.891640e-01	7.276952e-02	1.717262e-01
5.338467e-01	7.630397e-02	1.580832e-01
5.803789e-01	5.987193e-02	1.902478e-01
4.951290e-01	4.186122e-02	8.406179e-02
6.140691e-01	3.297007e-02	1.005977e-01
5.599570e-01	6.558782e-01	-1.751155e-01
5.549383e-01	6.728164e-01	-1.607307e-01
5.505217e-01	6.732275e-01	-1.607685e-01
5.473585e-01	6.736063e-01	-1.607503e-01
5.671610e-01	6.715897e-01	-1.603501e-01
5.712072e-01	6.712145e-01	-1.603300e-01
5.751815e-01	6.702375e-01	-1.601525e-01
5.417072e-01	6.669836e-01	-6.512253e-02
5.791147e-01	6.607456e-01	-6.720109e-02
5.516757e-01	6.391509e-01	-1.386807e-01
5.666315e-01	6.364917e-01	-1.367984e-01
5.162553e-01	5.902835e-01	-6.160057e-02
5.998020e-01	5.850325e-01	-7.814468e-02
4.904344e-01	5.576577e-01	-2.898977e-01
6.129845e-01	5.550522e-01	-3.092926e-01
4.994754e-01	5.558784e-01	-5.240411e-01
6.105275e-01	5.337608e-01	-5.365210e-01
5.019138e-01	5.544858e-01	-5.807210e-01
6.177855e-01	5.146637e-01	-5.913990e-01
5.134556e-01	5.604482e-01	-5.752771e-01
6.037523e-01	5.135035e-01	-5.876054e-01
5.152814e-01	5.569499e-01	-5.297181e-01
5.979177e-01	5.152596e-01	-5.446361e-01
5.342667e-01	3.267790e-01	2.357228e-03
5.901988e-01	3.289267e-01	-2.160780e-03
4.997697e-01	1.879486e-01	-1.216956e-01
6.074786e-01	1.824502e-01	-8.577500e-02
5.232397e-01	9.020223e-02	9.606499e-02
5.886551e-01	7.284598e-02	1.142894e-01
5.333840e-01	7.778878e-02	1.134498e-01
5.793413e-01	6.059393e-02	1.298821e-01
4.957808e-01	4.171913e-02	4.726079e-02
6.135174e-01	3.217524e-02	5.746116e-02
5.594561e-01	6.479598e-01	-1.762877e-01
5.542176e-01	6.641107e-01	-1.616526e-01
5.497931e-01	6.645142e-01	-1.616916e-01
5.466190e-01	6.647308e-01	-1.616738e-01
5.665590e-01	6.632087e-01	-1.614847e-01
5.706372e-01	6.627908e-01	-1.614720e-01
5.746249e-01	6.623155e-01	-1.613071e-01
5.409225e-01	6.585360e-01	-6.624562e-02
5.789220e-01	6.546868e-01	-6.810395e-02
5.513982e-01	6.301177e-01	-1.399949e-01
5.662205e-01	6.283902e-01	-1.387297e-01
5.163018e-01	5.824592e-01	-5.994631e-02
6.000288e-01	5.803006e-01	-7.754321e-02
4.914092e-01	5.526707e-01	-2.828716e-01
6.116856e-01	5.499619e-01	-3.005671e-01
5.021830e-01	5.515383e-01	-5.193723e-01
6.073438e-01	5.339918e-01	-5.268239e-01
5.074121e-01	5.566297e-01	-5.751919e-01
6.131899e-01	5.265453e-01	-5.806976e-01
5.165035e-01	5.642653e-01	-5.688957e-01
6.020606e-01	5.293357e-01	-5.763701e-01
5.182863e-01	5.597001e-01	-5.245923e-01
5.963722e-01	5.272547e-01	-5.344871e-01
5.337927e-01	3.234269e-01	4.151662e-03
5.898380e-01	3.242944e-01	-4.006669e-03
4.987028e-01	1.871668e-01	-1.353486e-01
6.093577e-01	1.781267e-01	-8.292007e-02
5.229953e-01	9.022577e-02	8.284122e-02
5.887170e-01	7.303607e-02	1.210189e-01
5.333697e-01	7.770166e-02	1.003961e-01
5.797893e-01	6.085901e-02	1.365152e-01
4.956871e-01	4.170113e-02	3.108006e-02
6.136898e-01	3.218759e-02	6.253455e-02
5.591972e-01	6.401225e-01	-1.746976e-01
5.537795e-01	6.564744e-01	-1.601963e-01
5.493227e-01	6.568251e-01	-1.602422e-01
5.461261e-01	6.570107e-01	-1.602276e-01
5.661987e-01	6.557989e-01	-1.602237e-01
5.703180e-01	6.554314e-01	-1.602234e-01
5.742978e-01	6.552297e-01	-1.600834e-01
5.403681e-01	6.509796e-01	-6.604300e-02
5.787880e-01	6.482584e-01	-6.732257e-02
5.511974e-01	6.213603e-01	-1.385487e-01
5.660467e-01	6.206644e-01	-1.379033e-01
5.163099e-01	5.761819e-01	-5.954472e-02
5.986880e-01	5.753646e-01	-7.799704e-02
4.934597e-01	5.475765e-01	-2.989899e-01
6.081999e-01	5.474920e-01	-3.172397e-01
5.062431e-01	5.559306e-01	-5.359298e-01
6.044754e-01	5.402803e-01	-5.511733e-01
5.079509e-01	5.664716e-01	-5.902224e-01
6.097475e-01	5.375259e-01	-6.041650e-01
5.182445e-01	5.715042e-01	-5.809945e-01
5.996660e-01	5.395906e-01	-5.987767e-01
5.214667e-01	5.636314e-01	-5.402083e-01
5.937652e-01	5.361681e-01	-5.589710e-01
5.336356e-01	3.182434e-01	4.813934e-03
5.897570e-01	3.195950e-01	-4.711131e-03
4.975500e-01	1.829128e-01	-1.371152e-01
6.117629e-01	1.753435e-01	-1.056588e-01
5.230282e-01	8.861817e-02	8.958113e-02
5.886863e-01	7.252834e-02	1.134958e-01
5.338079e-01	7.560142e-02	1.081406e-01
5.799164e-01	6.074218e-02	1.311471e-01
4.957356e-01	3.989112e-02	3.993512e-02
6.134443e-01	3.126186e-02	6.108893e-02
5.591916e-01	6.333633e-01	-1.740389e-01
5.537285e-01	6.494586e-01	-1.599397e-01
5.491994e-01	6.495435e-01	-1.599893e-01
5.459896e-01	6.496000e-01	-1.599861e-01
5.661371e-01	6.490709e-01	-1.599518e-01
5.702699e-01	6.487732e-01	-1.599609e-01
5.742567e-01	6.489120e-01	-1.598376e-01
5.401063e-01	6.433158e-01	-6.646433e-02
5.786421e-01	6.422114e-01	-6.758409e-02
5.512005e-01	6.144353e-01	-1.385044e-01
5.660667e-01	6.138534e-01	-1.379435e-01
5.164175e-01	5.690970e-01	-6.563078e-02
5.983088e-01	5.677072e-01	-7.855071e-02
4.964117e-01	5.421058e-01	-3.043957e-01
6.063919e-01	5.460099e-01	-3.186137e-01
5.090311e-01	5.519272e-01	-5.367239e-01
6.050543e-01	5.413957e-01	-5.556653e-01
5.111970e-01	5.631420e-01	-5.906819e-01
6.071810e-01	5.422010e-01	-6.092297e-01
5.197509e-01	5.680953e-01	-5.824018e-01
5.990875e-01	5.461971e-01	-6.041824e-01
5.228451e-01	5.611466e-01	-5.415195e-01
5.947993e-01	5.429041e-01	-5.643078e-01
5.331693e-01	3.116522e-01	4.806395e-03
5.887700e-01	3.137215e-01	-4.705308e-03
4.968917e-01	1.790061e-01	-1.155976e-01
6.122917e-01	1.716951e-01	-8.200291e-02
5.219976e-01	8.863931e-02	1.053157e-01
5.887085e-01	7.261893e-02	1.161757e-01
5.333932e-01	7.653970e-02	1.188793e-01
5.798852e-01	6.105993e-02	1.446162e-01
4.967776e-01	3.831283e-02	4.635140e-02
6.133016e-01	3.091277e-02	8.351719e-02
5.590728e-01	6.278581e-01	-1.747375e-01
5.536070e-01	6.435900e-01	-1.604527e-01
5.489851e-01	6.437995e-01	-1.604992e-01
5.457966e-01	6.438079e-01	-1.604917e-01
5.660023e-01	6.429942e-01	-1.604605e-01
5.701326e-01	6.426307e-01	-1.604678e-01
5.741252e-01	6.428347e-01	-1.603402e-01
5.397084e-01	6.375616e-01	-6.677724e-02
5.783640e-01	6.361578e-01	-6.770227e-02
5.511082e-01	6.090328e-01	-1.390966e-01
5.659906e-01	6.077977e-01	-1.385380e-01
5.164869e-01	5.652499e-01	-6.942286e-02
5.973998e-01	5.611989e-01	-8.230986e-02
4.984750e-01	5.409669e-01	-3.194886e-01
6.053970e-01	5.459251e-01	-3.327410e-01
5.089353e-01	5.516940e-01	-5.640677e-01
6.047183e-01	5.449432e-01	-5.758049e-01
5.127233e-01	5.601330e-01	-6.205719e-01
6.061143e-01	5.473750e-01	-6.309222e-01
5.205812e-01	5.654581e-01	-6.123336e-01
5.990871e-01	5.486581e-01	-6.256521e-01
5.231167e-01	5.589197e-01	-5.693743e-01
5.952941e-01	5.453013e-01	-5.846288e-01
5.328400e-01	3.089167e-01	5.014593e-03
5.884289e-01	3.105379e-01	-4.923449e-03
4.969967e-01	1.779819e-01	-1.266650e-01
6.129019e-01	1.669326e-01	-8.187808e-02
5.217057e-01	8.999670e-02	1.112740e-01
5.887374e-01	7.241472e-02	1.445966e-01
5.331752e-01	7.886911e-02	1.235674e-01
5.799669e-01	6.158145e-02	1.695792e-01
5.012404e-01	3.837553e-02	6.318856e-02
6.129396e-01	3.008827e-02	1.035311e-01
5.590813e-01	6.206796e-01	-1.738052e-01
5.536209e-01	6.373186e-01	-1.603199e-01
5.489759e-01	6.377797e-01	-1.603689e-01
5.457726e-01	6.380644e-01	-1.603735e-01
5.659736e-01	6.366833e-01	-1.600769e-01
5.700985e-01	6.367180e-01	-1.600911e-01
5.740677e-01	6.372778e-01	-1.599785e-01
5.393676e-01	6.329073e-01	-6.815287e-02
5.779505e-01	6.317997e-01	-6.785358e-02
5.511166e-01	6.023351e-01	-1.387877e-01
5.659767e-01	6.010616e-01	-1.378129e-01
5.164613e-01	5.649756e-01	-7.483967e-02
5.964926e-01	5.562792e-01	-7.998078e-02
5.018353e-01	5.415470e-01	-3.288167e-01
6.034197e-01	5.412478e-01	-3.235266e-01
5.120931e-01	5.495568e-01	-5.771741e-01
6.035560e-01	5.408556e-01	-5.650924e-01
5.150949e-01	5.564306e-01	-6.349481e-01
6.044700e-01	5.489442e-01	-6.204914e-01
5.215192e-01	5.597560e-01	-6.272697e-01
5.979639e-01	5.503911e-01	-6.160029e-01
5.241938e-01	5.538509e-01	-5.830330e-01
5.947789e-01	5.451823e-01	-5.744087e-01
5.326003e-01	3.056540e-01	4.602982e-03
5.880248e-01	3.082448e-01	-4.519639e-03
4.968620e-01	1.746119e-01	-1.117962e-01
6.136695e-01	1.641843e-01	-7.008246e-02
5.211099e-01	9.103567e-02	1.406735e-01
5.891355e-01	7.177270e-02	1.600849e-01
5.326782e-01	8.039765e-02	1.622134e-01
5.805432e-01	6.157270e-02	1.810596e-01
5.054638e-01	3.834012e-02	1.019576e-01
6.126475e-01	2.690457e-02	1.143798e-01
5.589582e-01	6.189206e-01	-1.687496e-01
5.535388e-01	6.356081e-01	-1.549367e-01
5.488739e-01	6.358899e-01	-1.549836e-01
5.456911e-01	6.358468e-01	-1.549912e-01
5.658017e-01	6.348866e-01	-1.549044e-01
5.699039e-01	6.349574e-01	-1.549323e-01
5.738924e-01	6.350638e-01	-1.548531e-01
5.390791e-01	6.297975e-01	-6.362228e-02
5.776651e-01	6.288283e-01	-6.326585e-02
5.511098e-01	6.001214e-01	-1.336322e-01
5.658950e-01	5.988884e-01	-1.329813e-01
5.166064e-01	5.599893e-01	-6.990434e-02
5.963045e-01	5.547025e-01	-7.770889e-02
5.021524e-01	5.367717e-01	-3.201743e-01
6.038429e-01	5.394112e-01	-3.275292e-01
5.135213e-01	5.512555e-01	-5.640186e-01
6.021513e-01	5.397933e-01	-5.652114e-01
5.160471e-01	5.610307e-01	-6.206635e-01
6.018442e-01	5.459679e-01	-6.197968e-01
5.227384e-01	5.640366e-01	-6.115912e-01
5.962457e-01	5.493269e-01	-6.138361e-01
5.254691e-01	5.559056e-01	-5.692537e-01
5.926870e-01	5.454012e-01	-5.736614e-01
5.325882e-01	3.029701e-01	4.406351e-03
5.879152e-01	3.053607e-01	-4.325584e-03
4.969738e-01	1.718130e-01	-1.367203e-01
6.139008e-01	1.607834e-01	-8.377074e-02
5.208353e-01	9.087266e-02	1.226300e-01
5.880109e-01	6.716966e-02	1.511372e-01
5.324410e-01	8.012587e-02	1.468320e-01
5.794038e-01	5.880482e-02	1.745763e-01
5.067652e-01	3.747990e-02	8.926868e-02
6.114596e-01	2.283220e-02	1.085912e-01
5.587578e-01	6.157320e-01	-1.700795e-01
5.533249e-01	6.328518e-01	-1.559395e-01
5.487058e-01	6.330290e-01	-1.559883e-01
5.455286e-01	6.329148e-01	-1.559885e-01
5.654842e-01	6.321110e-01	-1.555372e-01
5.695343e-01	6.321265e-01	-1.555552e-01
5.735525e-01	6.318982e-01	-1.554618e-01
5.388214e-01	6.267766e-01	-6.369878e-02
5.773284e-01	6.252859e-01	-6.710728e-02
5.510485e-01	5.968545e-01	-1.348239e-01
5.657157e-01	5.957268e-01	-1.339230e-01
5.166513e-01	5.582167e-01	-6.968050e-02
5.961779e-01	5.533030e-01	-8.453012e-02
5.025275e-01	5.329880e-01	-3.164131e-01
6.022286e-01	5.395221e-01	-3.360985e-01
5.133909e-01	5.490981e-01	-5.621393e-01
6.002256e-01	5.437178e-01	-5.717746e-01
5.165781e-01	5.589137e-01	-6.187930e-01
5.999448e-01	5.446857e-01	-6.259719e-01
5.224168e-01	5.636701e-01	-6.105470e-01
5.942558e-01	5.483779e-01	-6.215571e-01
5.248829e-01	5.550129e-01	-5.677813e-01
5.907245e-01	5.444892e-01	-5.807763e-01
5.325483e-01	3.022177e-01	4.693712e-03
5.875841e-01	3.051528e-01	-4.607296e-03
4.972489e-01	1.704520e-01	-1.283301e-01
6.141114e-01	1.596162e-01	-7.511377e-02
5.207295e-01	9.152558e-02	1.508232e-01
5.880588e-01	6.755696e-02	1.538495e-01
5.322587e-01	8.049312e-02	1.739006e-01
5.795189e-01	5.890625e-02	1.748024e-01
5.090355e-01	3.745381e-02	1.143891e-01
6.106820e-01	2.217243e-02	1.061752e-01
5.586237e-01	6.148841e-01	-1.679039e-01
5.531865e-01	6.320359e-01	-1.531422e-01
5.486163e-01	6.322548e-01	-1.531865e-01
5.454012e-01	6.323310e-01	-1.531976e-01
5.652808e-01	6.312583e-01	-1.533700e-01
5.693302e-01	6.312468e-01	-1.533957e-01
5.733258e-01	6.308045e-01	-1.533107e-01
5.385959e-01	6.260610e-01	-5.828273e-02
5.771382e-01	6.230857e-01	-6.125156e-02
5.509669e-01	5.968158e-01	-1.315577e-01
5.655764e-01	5.959211e-01	-1.314706e-01
5.166321e-01	5.542837e-01	-6.198311e-02
5.959076e-01	5.515940e-01	-8.138074e-02
5.024767e-01	5.256595e-01	-3.033184e-01
6.027408e-01	5.394121e-01	-3.257707e-01
5.124263e-01	5.487111e-01	-5.497737e-01
6.011801e-01	5.460939e-01	-5.720721e-01
5.159556e-01	5.559027e-01	-6.063180e-01
6.007379e-01	5.476930e-01	-6.278390e-01
5.214874e-01	5.616978e-01	-5.984281e-01
5.952488e-01	5.503213e-01	-6.229106e-01
5.241641e-01	5.539792e-01	-5.553629e-01
5.919055e-01	5.469086e-01	-5.810537e-01
5.324590e-01	3.017061e-01	4.757711e-03
5.875909e-01	3.048197e-01	-4.669807e-03
4.974775e-01	1.678895e-01	-1.284630e-01
6.151050e-01	1.578197e-01	-8.567534e-02
5.206597e-01	9.232889e-02	1.586680e-01
5.882555e-01	6.776266e-02	1.705803e-01
5.319111e-01	8.298816e-02	1.847451e-01
5.795887e-01	6.037014e-02	1.944124e-01
5.091559e-01	3.799424e-02	1.254983e-01
6.108668e-01	2.250468e-02	1.283549e-01
5.584345e-01	6.150723e-01	-1.680629e-01
5.529598e-01	6.323767e-01	-1.529785e-01
5.484278e-01	6.326956e-01	-1.530213e-01
5.451857e-01	6.327892e-01	-1.530297e-01
5.649863e-01	6.313910e-01	-1.532714e-01
5.689994e-01	6.311697e-01	-1.532980e-01
5.729920e-01	6.308366e-01	-1.532137e-01
5.382224e-01	6.261860e-01	-5.759417e-02
5.769182e-01	6.230910e-01	-5.961912e-02
5.508331e-01	5.972204e-01	-1.316169e-01
5.653533e-01	5.968760e-01	-1.315736e-01
5.165864e-01	5.535458e-01	-6.079470e-02
5.957888e-01	5.519537e-01	-7.866901e-02
5.023565e-01	5.252158e-01	-3.074620e-01
6.035494e-01	5.384974e-01	-3.277261e-01
5.118694e-01	5.482036e-01	-5.527297e-01
6.018643e-01	5.435464e-01	-5.668553e-01
5.153195e-01	5.549098e-01	-6.089841e-01
6.014081e-01	5.453183e-01	-6.212520e-01
5.210375e-01	5.601073e-01	-5.991641e-01
5.952410e-01	5.473009e-01	-6.157685e-01
5.236601e-01	5.526203e-01	-5.574871e-01
5.920370e-01	5.427487e-01	-5.753387e-01
5.323886e-01	3.020261e-01	4.766710e-03
5.875664e-01	3.044512e-01	-4.679275e-03
4.975798e-01	1.688780e-01	-1.389064e-01
6.154414e-01	1.570470e-01	-9.725200e-02
5.204016e-01	9.236908e-02	1.496153e-01
5.890351e-01	6.803659e-02	1.654057e-01
5.315295e-01	8.308553e-02	1.726908e-01
5.800363e-01	6.118146e-02	1.877762e-01
5.084337e-01	3.785212e-02	1.106734e-01
6.113926e-01	2.245083e-02	1.208310e-01
5.583481e-01	6.156461e-01	-1.659122e-01
5.528657e-01	6.329861e-01	-1.508569e-01
5.483407e-01	6.330771e-01	-1.508980e-01
5.451139e-01	6.329641e-01	-1.508949e-01
5.648291e-01	6.319604e-01	-1.510529e-01
5.688541e-01	6.314340e-01	-1.510768e-01
5.728697e-01	6.310771e-01	-1.509876e-01
5.381411e-01	6.253223e-01	-5.655630e-02
5.768939e-01	6.224479e-01	-5.764555e-02
5.507873e-01	5.976480e-01	-1.298894e-01
5.652212e-01	5.975669e-01	-1.297135e-01
5.166256e-01	5.527529e-01	-5.929638e-02
5.956040e-01	5.506867e-01	-7.837069e-02
5.023097e-01	5.234854e-01	-3.036477e-01
6.040491e-01	5.362355e-01	-3.188977e-01
5.114956e-01	5.462929e-01	-5.438330e-01
6.021594e-01	5.405939e-01	-5.509337e-01
5.146533e-01	5.536927e-01	-5.988430e-01
6.020274e-01	5.428603e-01	-6.036707e-01
5.206788e-01	5.588963e-01	-5.896279e-01
5.953141e-01	5.444716e-01	-5.986782e-01
5.233434e-01	5.515206e-01	-5.484825e-01
5.921721e-01	5.394448e-01	-5.592462e-01
5.323728e-01	3.002581e-01	4.767185e-03
5.874826e-01	3.026523e-01	-4.680559e-03
4.973790e-01	1.693003e-01	-1.373221e-01
6.153974e-01	1.578472e-01	-9.838849e-02
5.196503e-01	9.205519e-02	1.402009e-01
5.894857e-01	6.821638e-02	1.602197e-01
5.305302e-01	8.289766e-02	1.666301e-01
5.805484e-01	6.152062e-02	1.872797e-01
5.038731e-01	3.761128e-02	1.046287e-01
6.116722e-01	2.264490e-02	1.144974e-01
5.581695e-01	6.164845e-01	-1.665653e-01
5.526338e-01	6.341800e-01	-1.513016e-01
5.481336e-01	6.341041e-01	-1.513513e-01
5.449555e-01	6.337743e-01	-1.513539e-01
5.645469e-01	6.330821e-01	-1.515325e-01
5.686083e-01	6.323529e-01	-1.515561e-01
5.726899e-01	6.317302e-01	-1.514606e-01
5.380577e-01	6.252567e-01	-5.744459e-02
5.768870e-01	6.225085e-01	-5.856488e-02
5.506725e-01	5.982510e-01	-1.304041e-01
5.650674e-01	5.981960e-01	-1.302405e-01
5.166351e-01	5.522288e-01	-6.050555e-02
5.956537e-01	5.511045e-01	-8.008497e-02
5.026157e-01	5.252224e-01	-3.085945e-01
6.037346e-01	5.373999e-01	-3.310152e-01
5.112709e-01	5.456634e-01	-5.511810e-01
6.019498e-01	5.399802e-01	-5.655343e-01
5.142701e-01	5.528160e-01	-6.063313e-01
6.025498e-01	5.404273e-01	-6.187299e-01
5.204321e-01	5.578887e-01	-5.970808e-01
5.953748e-01	5.417894e-01	-6.141849e-01
5.231634e-01	5.508119e-01	-5.561762e-01
5.922869e-01	5.378063e-01	-5.742725e-01
5.323765e-01	3.011898e-01	4.947877e-03
5.874882e-01	3.034200e-01	-4.867523e-03
4.972038e-01	1.687291e-01	-1.151412e-01
6.153837e-01	1.576049e-01	-9.577593e-02
5.192338e-01	9.194598e-02	1.585732e-01
5.895333e-01	6.894223e-02	1.625915e-01
5.302016e-01	8.247714e-02	1.826567e-01
5.805544e-01	6.186045e-02	1.857328e-01
5.008718e-01	3.775195e-02	1.228646e-01
6.117467e-01	2.277587e-02	1.175631e-01
5.579249e-01	6.162004e-01	-1.686089e-01
5.523291e-01	6.346021e-01	-1.543670e-01
5.478616e-01	6.346146e-01	-1.544036e-01
5.447144e-01	6.343312e-01	-1.543983e-01
5.642663e-01	6.332330e-01	-1.541232e-01
5.683437e-01	6.325011e-01	-1.541499e-01
5.724724e-01	6.319137e-01	-1.540582e-01
5.378999e-01	6.262082e-01	-6.302802e-02
5.768661e-01	6.234024e-01	-6.198110e-02
5.505174e-01	5.985450e-01	-1.331021e-01
5.648884e-01	5.984154e-01	-1.323807e-01
5.166382e-01	5.530275e-01	-6.450035e-02
5.956947e-01	5.519612e-01	-8.122369e-02
5.025402e-01	5.247361e-01	-3.120367e-01
6.039169e-01	5.381794e-01	-3.294156e-01
5.111380e-01	5.450726e-01	-5.500313e-01
6.022359e-01	5.395016e-01	-5.619933e-01
5.144373e-01	5.534917e-01	-6.044526e-01
6.029291e-01	5.389472e-01	-6.143556e-01
5.204971e-01	5.580764e-01	-5.943687e-01
5.955385e-01	5.401591e-01	-6.098754e-01
5.230911e-01	5.508497e-01	-5.544264e-01
5.922936e-01	5.366849e-01	-5.706647e-01
5.323215e-01	3.012542e-01	4.944489e-03
5.874866e-01	3.033519e-01	-4.865154e-03
4.971124e-01	1.684643e-01	-1.117065e-01
6.156185e-01	1.579774e-01	-8.914550e-02
5.190206e-01	9.192274e-02	1.607933e-01
5.897260e-01	7.080802e-02	1.614141e-01
5.301027e-01	8.230186e-02	1.848196e-01
5.805761e-01	6.278849e-02	1.833638e-01
4.994937e-01	3.807382e-02	1.278951e-01
6.117872e-01	2.325180e-02	1.175529e-01
5.577526e-01	6.174961e-01	-1.683680e-01
5.522203e-01	6.358230e-01	-1.544971e-01
5.477748e-01	6.358430e-01	-1.545309e-01
5.446348e-01	6.355727e-01	-1.545222e-01
5.640691e-01	6.345688e-01	-1.539576e-01
5.681384e-01	6.339189e-01	-1.539810e-01
5.722665e-01	6.332619e-01	-1.538846e-01
5.378513e-01	6.275857e-01	-6.346806e-02
5.768299e-01	6.246984e-01	-6.113649e-02
5.503952e-01	5.999074e-01	-1.331503e-01
5.646291e-01	5.997494e-01	-1.319242e-01
5.166410e-01	5.547497e-01	-6.488657e-02
5.955155e-01	5.530418e-01	-8.039545e-02
5.024616e-01	5.255710e-01	-3.101738e-01
6.047200e-01	5.390645e-01	-3.211063e-01
5.113171e-01	5.447878e-01	-5.446561e-01
6.025685e-01	5.388321e-01	-5.517702e-01
5.142520e-01	5.545288e-01	-5.990000e-01
6.040705e-01	5.384833e-01	-6.043180e-01
5.204951e-01	5.582178e-01	-5.902178e-01
5.958923e-01	5.395054e-01	-6.006175e-01
5.231655e-01	5.506856e-01	-5.492626e-01
5.924915e-01	5.351925e-01	-5.606114e-01
5.323468e-01	3.016458e-01	4.733971e-03
5.875682e-01	3.041434e-01	-4.662281e-03
4.971502e-01	1.685673e-01	-1.170168e-01
6.156025e-01	1.579863e-01	-8.932729e-02
5.181866e-01	9.398667e-02	1.600416e-01
5.897338e-01	7.401633e-02	1.607560e-01
5.288657e-01	8.551768e-02	1.851738e-01
5.802318e-01	6.467503e-02	1.822946e-01
4.993497e-01	4.143790e-02	1.333367e-01
6.108781e-01	2.522922e-02	1.191681e-01
5.576478e-01	6.185588e-01	-1.649334e-01
5.521707e-01	6.366974e-01	-1.509429e-01
5.477518e-01	6.367402e-01	-1.509720e-01
5.446128e-01	6.364874e-01	-1.509469e-01
5.639070e-01	6.355227e-01	-1.497960e-01
5.679742e-01	6.349323e-01	-1.498150e-01
5.720469e-01	6.342927e-01	-1.497258e-01
5.378955e-01	6.286526e-01	-5.958511e-02
5.767812e-01	6.258365e-01	-5.391430e-02
5.503505e-01	6.009287e-01	-1.297688e-01
5.644118e-01	6.006714e-01	-1.276648e-01
5.167782e-01	5.554430e-01	-6.467215e-02
5.953283e-01	5.536374e-01	-7.371169e-02
5.025758e-01	5.264891e-01	-3.203180e-01
6.048805e-01	5.418168e-01	-3.209498e-01
5.141584e-01	5.470511e-01	-5.590712e-01
6.026731e-01	5.384027e-01	-5.593646e-01
5.151502e-01	5.573679e-01	-6.148416e-01
6.062875e-01	5.375545e-01	-6.129873e-01
5.225510e-01	5.589053e-01	-6.040256e-01
5.967920e-01	5.392263e-01	-6.088028e-01
5.258306e-01	5.507994e-01	-5.633339e-01
5.926153e-01	5.341972e-01	-5.684285e-01
5.325243e-01	3.021819e-01	4.305532e-03
5.878561e-01	3.047918e-01	-4.250394e-03
4.971913e-01	1.684508e-01	-1.310461e-01
6.163557e-01	1.581396e-01	-1.009938e-01
5.180112e-01	9.442791e-02	1.569390e-01
5.898088e-01	7.510814e-02	1.605625e-01
5.288240e-01	8.538893e-02	1.824909e-01
5.799663e-01	6.496333e-02	1.833972e-01
4.997739e-01	4.150092e-02	1.286188e-01
6.106280e-01	2.592919e-02	1.242142e-01
5.576360e-01	6.187723e-01	-1.656120e-01
5.521618e-01	6.371229e-01	-1.515522e-01
5.477529e-01	6.371531e-01	-1.515824e-01
5.446021e-01	6.368716e-01	-1.515590e-01
5.637912e-01	6.357681e-01	-1.505832e-01
5.678180e-01	6.350255e-01	-1.506025e-01
5.718303e-01	6.343557e-01	-1.505109e-01
5.379199e-01	6.288022e-01	-5.928626e-02
5.767388e-01	6.264636e-01	-5.394949e-02
5.503644e-01	6.010379e-01	-1.302308e-01
5.642474e-01	6.015416e-01	-1.283171e-01
5.169743e-01	5.564727e-01	-6.135206e-02
5.953116e-01	5.566590e-01	-7.021889e-02
5.025383e-01	5.288723e-01	-3.140677e-01
6.084905e-01	5.420646e-01	-3.206855e-01
5.140885e-01	5.470695e-01	-5.521038e-01
6.049624e-01	5.382209e-01	-5.536903e-01
5.151080e-01	5.577211e-01	-6.073336e-01
6.086354e-01	5.369753e-01	-6.068594e-01
5.223354e-01	5.601726e-01	-5.975758e-01
5.976434e-01	5.386350e-01	-6.047181e-01
5.255215e-01	5.518262e-01	-5.564876e-01
5.926667e-01	5.338370e-01	-5.633615e-01
5.325670e-01	3.024434e-01	4.296896e-03
5.880102e-01	3.050679e-01	-4.244357e-03
4.970983e-01	1.687897e-01	-1.339087e-01
6.167620e-01	1.585516e-01	-1.025198e-01
5.180432e-01	9.432587e-02	1.547858e-01
5.897542e-01	7.425225e-02	1.602368e-01
5.287855e-01	8.522178e-02	1.801366e-01
5.795718e-01	6.450890e-02	1.827633e-01
4.991227e-01	4.136531e-02	1.251975e-01
6.103765e-01	2.593890e-02	1.220718e-01
5.580462e-01	6.218081e-01	-1.637190e-01
5.524050e-01	6.389516e-01	-1.503056e-01
5.481244e-01	6.390517e-01	-1.503347e-01
5.447453e-01	6.391197e-01	-1.503071e-01
5.638741e-01	6.377748e-01	-1.490947e-01
5.678579e-01	6.373019e-01	-1.491117e-01
5.718336e-01	6.370084e-01	-1.490196e-01
5.382596e-01	6.321062e-01	-5.889679e-02
5.767389e-01	6.302145e-01	-5.275675e-02
5.508739e-01	6.038691e-01	-1.284204e-01
5.643378e-01	6.047758e-01	-1.261338e-01
5.174628e-01	5.610799e-01	-6.055412e-02
5.953050e-01	5.625305e-01	-6.650025e-02
5.033476e-01	5.343931e-01	-3.138060e-01
6.106495e-01	5.441214e-01	-3.123531e-01
5.137217e-01	5.480950e-01	-5.572026e-01
6.077896e-01	5.390345e-01	-5.521029e-01
5.144537e-01	5.594323e-01	-6.138100e-01
6.114110e-01	5.368870e-01	-6.061661e-01
5.220647e-01	5.624332e-01	-6.040567e-01
5.990938e-01	5.381282e-01	-6.045054e-01
5.253645e-01	5.538767e-01	-5.618398e-01
5.939087e-01	5.336008e-01	-5.616170e-01
5.329725e-01	3.045053e-01	4.176055e-03
5.884157e-01	3.077582e-01	-4.129100e-03
4.970580e-01	1.706898e-01	-1.327802e-01
6.166089e-01	1.613561e-01	-1.013765e-01
5.180815e-01	9.388813e-02	1.542880e-01
5.897437e-01	7.358097e-02	1.493477e-01
5.287480e-01	8.495374e-02	1.793867e-01
5.795960e-01	6.380003e-02	1.698819e-01
4.980987e-01	4.148990e-02	1.243643e-01
6.105517e-01	2.622773e-02	1.035220e-01
5.575597e-01	6.301678e-01	-1.639424e-01
5.519892e-01	6.460846e-01	-1.504910e-01
5.477241e-01	6.463739e-01	-1.505146e-01
5.444826e-01	6.463293e-01	-1.504785e-01
5.635527e-01	6.452178e-01	-1.502725e-01
5.675813e-01	6.450157e-01	-1.502905e-01
5.716069e-01	6.447943e-01	-1.501968e-01
5.382632e-01	6.394842e-01	-5.915155e-02
5.767348e-01	6.382235e-01	-5.799995e-02
5.506402e-01	6.127682e-01	-1.288977e-01
5.641500e-01	6.128834e-01	-1.266982e-01
5.179460e-01	5.688398e-01	-5.875593e-02
5.954069e-01	5.690461e-01	-7.134007e-02
5.033355e-01	5.387109e-01	-3.112751e-01
6.118143e-01	5.489265e-01	-3.155553e-01
5.116620e-01	5.502328e-01	-5.537938e-01
6.087112e-01	5.418006e-01	-5.504502e-01
5.116664e-01	5.617894e-01	-6.099960e-01
6.125029e-01	5.372026e-01	-6.040987e-01
5.208715e-01	5.647180e-01	-6.005176e-01
5.996518e-01	5.388563e-01	-6.010448e-01
5.243883e-01	5.563775e-01	-5.585104e-01
5.951255e-01	5.352677e-01	-5.593649e-01
5.333940e-01	3.100801e-01	4.581431e-03
5.887516e-01	3.129338e-01	-4.534307e-03
4.969024e-01	1.746571e-01	-1.298260e-01
6.158331e-01	1.648323e-01	-1.000481e-01
5.182645e-01	9.387586e-02	1.440137e-01
5.898243e-01	7.343540e-02	1.317540e-01
5.287815e-01	8.465073e-02	1.671328e-01
5.798300e-01	6.239414e-02	1.499834e-01
4.968473e-01	4.285473e-02	1.083474e-01
6.111330e-01	2.702789e-02	7.862020e-02
5.576430e-01	6.405589e-01	-1.644010e-01
5.520005e-01	6.559705e-01	-1.515299e-01
5.477315e-01	6.561269e-01	-1.515559e-01
5.444832e-01	6.559864e-01	-1.515202e-01
5.636014e-01	6.550958e-01	-1.514315e-01
5.676494e-01	6.545390e-01	-1.514486e-01
5.716248e-01	6.537192e-01	-1.513537e-01
5.383426e-01	6.485977e-01	-6.013177e-02
5.768023e-01	6.462662e-01	-5.927693e-02
5.506607e-01	6.233891e-01	-1.290792e-01
5.642567e-01	6.225864e-01	-1.271351e-01
5.182899e-01	5.763364e-01	-5.836854e-02
5.954335e-01	5.763101e-01	-7.059947e-02
5.033273e-01	5.443568e-01	-3.046477e-01
6.119101e-01	5.583150e-01	-3.065796e-01
5.100366e-01	5.527697e-01	-5.520232e-01
6.097237e-01	5.457624e-01	-5.432106e-01
5.102355e-01	5.624944e-01	-6.075683e-01
6.132592e-01	5.394753e-01	-5.977888e-01
5.197710e-01	5.650331e-01	-5.985750e-01
6.004500e-01	5.415705e-01	-5.955248e-01
5.230660e-01	5.575475e-01	-5.565320e-01
5.965109e-01	5.395141e-01	-5.522784e-01
5.335014e-01	3.185169e-01	4.573557e-03
5.887812e-01	3.205831e-01	-4.525923e-03
4.969304e-01	1.805491e-01	-1.133234e-01
6.146882e-01	1.701988e-01	-7.968311e-02
5.185934e-01	9.385593e-02	1.469396e-01
5.898228e-01	7.338186e-02	1.320050e-01
5.287942e-01	8.457225e-02	1.691262e-01
5.799207e-01	6.158594e-02	1.488842e-01
4.966181e-01	4.352512e-02	1.085806e-01
6.113980e-01	2.743400e-02	7.221378e-02
5.574709e-01	6.511397e-01	-1.702746e-01
5.518976e-01	6.665443e-01	-1.572083e-01
5.476282e-01	6.666552e-01	-1.572476e-01
5.443903e-01	6.666074e-01	-1.572403e-01
5.634815e-01	6.653165e-01	-1.576802e-01
5.675106e-01	6.646279e-01	-1.576950e-01
5.714878e-01	6.637713e-01	-1.575991e-01
5.383904e-01	6.590751e-01	-6.376560e-02
5.767619e-01	6.554556e-01	-6.527449e-02
5.505652e-01	6.344430e-01	-1.337060e-01
5.641731e-01	6.329029e-01	-1.332699e-01
5.182883e-01	5.839942e-01	-5.838839e-02
5.959646e-01	5.836533e-01	-7.107905e-02
5.028908e-01	5.510249e-01	-3.016094e-01
6.127576e-01	5.603551e-01	-3.053990e-01
5.075554e-01	5.556731e-01	-5.517421e-01
6.109841e-01	5.484310e-01	-5.463120e-01
5.088648e-01	5.626157e-01	-6.088535e-01
6.138573e-01	5.428262e-01	-6.026340e-01
5.177761e-01	5.663270e-01	-6.024573e-01
6.024635e-01	5.464945e-01	-6.017404e-01
5.205468e-01	5.604354e-01	-5.572647e-01
5.987329e-01	5.450944e-01	-5.563291e-01
5.338666e-01	3.281836e-01	4.589009e-03
5.894364e-01	3.288731e-01	-4.538119e-03
4.974251e-01	1.887588e-01	-1.026648e-01
6.138300e-01	1.764011e-01	-7.021387e-02
5.186167e-01	9.427026e-02	1.533659e-01
5.897819e-01	7.375284e-02	1.344293e-01
5.287896e-01	8.440815e-02	1.748516e-01
5.798919e-01	6.158724e-02	1.506904e-01
4.962175e-01	4.407497e-02	1.087262e-01
6.113847e-01	2.782731e-02	6.854559e-02
5.580696e-01	6.593266e-01	-1.704934e-01
5.523041e-01	6.757589e-01	-1.573271e-01
5.480762e-01	6.761419e-01	-1.573689e-01
5.445437e-01	6.764026e-01	-1.573546e-01
5.639099e-01	6.739330e-01	-1.575684e-01
5.678862e-01	6.732066e-01	-1.575837e-01
5.717424e-01	6.723650e-01	-1.574926e-01
5.385379e-01	6.697537e-01	-6.373382e-02
5.768567e-01	6.647181e-01	-6.402442e-02
5.509021e-01	6.432115e-01	-1.338032e-01
5.645149e-01	6.420299e-01	-1.332459e-01
5.181848e-01	5.957819e-01	-4.665891e-02
5.963187e-01	5.923911e-01	-5.715529e-02
5.011336e-01	5.528787e-01	-2.603964e-01
6.182812e-01	5.592288e-01	-2.578412e-01
5.071498e-01	5.562764e-01	-5.072724e-01
6.123480e-01	5.503972e-01	-4.916110e-01
5.089973e-01	5.621946e-01	-5.639731e-01
6.143523e-01	5.423362e-01	-5.474675e-01
5.176824e-01	5.666417e-01	-5.606343e-01
6.028047e-01	5.475273e-01	-5.459209e-01
5.204492e-01	5.614399e-01	-5.135731e-01
5.990981e-01	5.470965e-01	-5.002272e-01
5.340935e-01	3.371596e-01	4.598174e-03
5.896426e-01	3.373857e-01	-4.545055e-03
4.981189e-01	1.960825e-01	-9.749930e-02
6.112458e-01	1.832034e-01	-6.291762e-02
5.191362e-01	9.417728e-02	1.406360e-01
5.893179e-01	7.377494e-02	1.293123e-01
5.289975e-01	8.269380e-02	1.592610e-01
5.790628e-01	6.061237e-02	1.429447e-01
4.943444e-01	4.326865e-02	8.213926e-02
6.120388e-01	2.830091e-02	5.169498e-02
5.585349e-01	6.713237e-01	-1.736670e-01
5.525125e-01	6.883647e-01	-1.605865e-01
5.482970e-01	6.886611e-01	-1.606386e-01
5.445973e-01	6.886677e-01	-1.606216e-01
5.642188e-01	6.863686e-01	-1.603956e-01
5.682626e-01	6.856285e-01	-1.604111e-01
5.719757e-01	6.848009e-01	-1.603393e-01
5.385784e-01	6.807477e-01	-6.784180e-02
5.769374e-01	6.757088e-01	-6.550588e-02
5.510913e-01	6.547443e-01	-1.374827e-01
5.648596e-01	6.534564e-01	-1.363100e-01
5.172902e-01	6.043538e-01	-4.891355e-02
5.972461e-01	5.988662e-01	-5.759235e-02
5.012313e-01	5.573105e-01	-2.564105e-01
6.187840e-01	5.579124e-01	-2.504768e-01
5.071741e-01	5.556586e-01	-5.054063e-01
6.132232e-01	5.497214e-01	-4.844599e-01
5.098754e-01	5.565677e-01	-5.622341e-01
6.150842e-01	5.424702e-01	-5.406123e-01
5.177609e-01	5.646077e-01	-5.615641e-01
6.043957e-01	5.483709e-01	-5.401624e-01
5.204782e-01	5.611310e-01	-5.127063e-01
6.006509e-01	5.477886e-01	-4.934829e-01
5.337868e-01	3.449762e-01	4.600707e-03
5.894695e-01	3.445984e-01	-4.547243e-03
4.983710e-01	2.013564e-01	-8.511705e-02
6.092477e-01	1.875032e-01	-5.331206e-02
5.194262e-01	9.409877e-02	1.386558e-01
5.887357e-01	7.380705e-02	1.330954e-01
5.291303e-01	8.048751e-02	1.562771e-01
5.781909e-01	6.014599e-02	1.485979e-01
4.896248e-01	4.323931e-02	7.678593e-02
6.118543e-01	2.901516e-02	5.899993e-02
5.590857e-01	6.852111e-01	-1.733403e-01
5.528611e-01	7.031701e-01	-1.601520e-01
5.487775e-01	7.034737e-01	-1.602206e-01
5.448123e-01	7.032075e-01	-1.602102e-01
5.645368e-01	7.013480e-01	-1.598639e-01
5.686150e-01	7.002856e-01	-1.598697e-01
5.721599e-01	6.989971e-01	-1.597902e-01
5.388013e-01	6.935202e-01	-6.235365e-02
5.769764e-01	6.877700e-01	-5.890749e-02
5.514008e-01	6.681935e-01	-1.373843e-01
5.651208e-01	6.661116e-01	-1.360568e-01
5.167534e-01	6.129771e-01	-4.154929e-02
5.975788e-01	6.063433e-01	-4.422935e-02
4.974030e-01	5.587464e-01	-2.327896e-01
6.185139e-01	5.580441e-01	-2.238790e-01
5.047505e-01	5.554811e-01	-4.808348e-01
6.143392e-01	5.490733e-01	-4.636979e-01
5.084241e-01	5.480016e-01	-5.397563e-01
6.167263e-01	5.386520e-01	-5.223771e-01
5.171913e-01	5.572447e-01	-5.434511e-01
6.057703e-01	5.475067e-01	-5.249781e-01
5.194409e-01	5.566058e-01	-4.896646e-01
6.016259e-01	5.467201e-01	-4.739151e-01
5.337358e-01	3.564058e-01	4.570548e-03
5.894616e-01	3.553946e-01	-4.506884e-03
4.989560e-01	2.059523e-01	-9.145713e-02
6.078901e-01	1.927679e-01	-5.972123e-02
5.199276e-01	9.409218e-02	1.398769e-01
5.876852e-01	7.479041e-02	1.345622e-01
5.293052e-01	8.024609e-02	1.590082e-01
5.774503e-01	6.029753e-02	1.504219e-01
4.906564e-01	4.191006e-02	8.110502e-02
6.106378e-01	2.938434e-02	6.346790e-02
5.593936e-01	6.983504e-01	-1.800065e-01
5.530080e-01	7.158990e-01	-1.652234e-01
5.489394e-01	7.161743e-01	-1.652949e-01
5.448741e-01	7.159997e-01	-1.652896e-01
5.647610e-01	7.149259e-01	-1.644390e-01
5.688348e-01	7.140790e-01	-1.644398e-01
5.722778e-01	7.129394e-01	-1.643499e-01
5.389958e-01	7.065142e-01	-6.691681e-02
5.769855e-01	7.009059e-01	-6.150116e-02
5.515468e-01	6.808698e-01	-1.434264e-01
5.654062e-01	6.783029e-01	-1.416573e-01
5.154165e-01	6.185564e-01	-4.244583e-02
5.982458e-01	6.165452e-01	-4.122422e-02
4.942124e-01	5.576047e-01	-2.037343e-01
6.213273e-01	5.592382e-01	-1.985796e-01
5.046207e-01	5.437484e-01	-4.419296e-01
6.145741e-01	5.452523e-01	-4.265525e-01
5.081044e-01	5.231457e-01	-4.997738e-01
6.163386e-01	5.227079e-01	-4.838061e-01
5.171145e-01	5.329711e-01	-5.078509e-01
6.055357e-01	5.339780e-01	-4.861737e-01
5.191119e-01	5.375013e-01	-4.514878e-01
6.015478e-01	5.382466e-01	-4.355509e-01
5.338109e-01	3.651809e-01	4.570189e-03
5.898687e-01	3.658817e-01	-4.505375e-03
5.011174e-01	2.125603e-01	-6.691477e-02
6.056909e-01	2.026206e-01	-3.079281e-02
5.205301e-01	9.482218e-02	1.399502e-01
5.873874e-01	7.689151e-02	1.438754e-01
5.297100e-01	8.022066e-02	1.599473e-01
5.775096e-01	6.064302e-02	1.543624e-01
4.912204e-01	4.209409e-02	7.657885e-02
6.089390e-01	3.117646e-02	6.170436e-02
5.594054e-01	7.125308e-01	-1.916186e-01
5.530201e-01	7.284101e-01	-1.743037e-01
5.489407e-01	7.285036e-01	-1.744018e-01
5.448653e-01	7.284448e-01	-1.744067e-01
5.648140e-01	7.279004e-01	-1.731247e-01
5.688654e-01	7.275117e-01	-1.731186e-01
5.722963e-01	7.270315e-01	-1.730215e-01
5.390308e-01	7.200480e-01	-6.902210e-02
5.769861e-01	7.163467e-01	-6.231998e-02
5.515763e-01	6.944487e-01	-1.523888e-01
5.656060e-01	6.921514e-01	-1.501837e-01
5.150279e-01	6.304501e-01	-3.951312e-02
5.985063e-01	6.288220e-01	-3.083418e-02
4.929527e-01	5.564564e-01	-1.827662e-01
6.221736e-01	5.590149e-01	-1.759712e-01
5.048509e-01	5.258567e-01	-4.160798e-01
6.143513e-01	5.337054e-01	-4.177287e-01
5.082467e-01	4.986320e-01	-4.751000e-01
6.162089e-01	5.042590e-01	-4.781927e-01
5.171258e-01	5.090951e-01	-4.884299e-01
6.054238e-01	5.125434e-01	-4.838187e-01
5.191687e-01	5.174083e-01	-4.275026e-01
6.013592e-01	5.204622e-01	-4.282356e-01
5.348746e-01	3.795505e-01	4.302077e-03
5.904581e-01	3.807477e-01	-4.204860e-03
5.034048e-01	2.222327e-01	-5.356776e-02
6.042086e-01	2.138378e-01	-2.335176e-02
5.206722e-01	9.656219e-02	1.405626e-01
5.867965e-01	8.068854e-02	1.519882e-01
5.297148e-01	8.026873e-02	1.586952e-01
5.773333e-01	6.222443e-02	1.611267e-01
4.904066e-01	4.423017e-02	6.477524e-02
6.076948e-01	3.381418e-02	5.990447e-02
5.600637e-01	7.244331e-01	-1.888827e-01
5.537907e-01	7.410976e-01	-1.712482e-01
5.495453e-01	7.413912e-01	-1.713453e-01
5.452656e-01	7.413436e-01	-1.713536e-01
5.658623e-01	7.401514e-01	-1.662051e-01
5.697960e-01	7.397471e-01	-1.661989e-01
5.732361e-01	7.391276e-01	-1.661127e-01
5.393332e-01	7.339480e-01	-6.868844e-02
5.774680e-01	7.284668e-01	-5.417546e-02
5.517789e-01	7.063424e-01	-1.507774e-01
5.663582e-01	7.039065e-01	-1.455814e-01
5.145999e-01	6.407071e-01	-2.681237e-02
5.989112e-01	6.388251e-01	-8.211230e-03
4.906730e-01	5.567077e-01	-7.574176e-02
6.226782e-01	5.589694e-01	-7.256988e-02
5.049529e-01	4.979495e-01	-2.177385e-01
6.146727e-01	5.135296e-01	-2.571837e-01
5.079879e-01	4.674844e-01	-2.611419e-01
6.164533e-01	4.816492e-01	-3.077042e-01
5.171219e-01	4.754185e-01	-2.818461e-01
6.055462e-01	4.876311e-01	-3.222700e-01
5.192057e-01	4.842130e-01	-2.286180e-01
6.019061e-01	4.975289e-01	-2.688608e-01
5.350434e-01	3.905763e-01	3.577246e-03
5.908443e-01	3.921980e-01	-3.470291e-03
5.074663e-01	2.305049e-01	-3.893931e-02
6.016139e-01	2.233516e-01	-7.409276e-03
5.213176e-01	9.858180e-02	1.299595e-01
5.862042e-01	8.241241e-02	1.441763e-01
5.299915e-01	8.079451e-02	1.417365e-01
5.773656e-01	6.337032e-02	1.503287e-01
4.904725e-01	4.965626e-02	4.964835e-02
6.046515e-01	3.882767e-02	4.653370e-02
5.601164e-01	7.370437e-01	-1.881444e-01
5.539573e-01	7.534258e-01	-1.718451e-01
5.497257e-01	7.537204e-01	-1.719118e-01
5.453734e-01	7.536798e-01	-1.719145e-01
5.660905e-01	7.523420e-01	-1.687834e-01
5.700475e-01	7.520908e-01	-1.687994e-01
5.734757e-01	7.514994e-01	-1.687257e-01
5.395898e-01	7.463912e-01	-7.437037e-02
5.778859e-01	7.413363e-01	-6.203582e-02
5.518396e-01	7.184374e-01	-1.518188e-01
5.665730e-01	7.161279e-01	-1.481408e-01
5.141238e-01	6.506982e-01	-2.716940e-02
6.005786e-01	6.479728e-01	-1.516022e-02
4.897812e-01	5.570058e-01	-3.910335e-02
6.236821e-01	5.568376e-01	-4.187825e-02
5.028324e-01	4.789238e-01	-1.532480e-01
6.166712e-01	4.895312e-01	-1.909815e-01
5.036715e-01	4.473475e-01	-1.901850e-01
6.176747e-01	4.555675e-01	-2.359637e-01
5.134160e-01	4.560129e-01	-2.161198e-01
6.077256e-01	4.626186e-01	-2.553087e-01
5.159234e-01	4.670221e-01	-1.655462e-01
6.045748e-01	4.738176e-01	-2.037615e-01
5.350374e-01	4.006687e-01	3.032842e-03
5.914117e-01	4.010575e-01	-2.919088e-03
5.120906e-01	2.366719e-01	-2.692747e-02
6.001168e-01	2.303571e-01	-8.772152e-03
5.219502e-01	1.022612e-01	1.320786e-01
5.860785e-01	8.311586e-02	1.395255e-01
5.305632e-01	8.281367e-02	1.478363e-01
5.777055e-01	6.402858e-02	1.455905e-01
4.927646e-01	5.405712e-02	5.991220e-02
6.050965e-01	4.317706e-02	3.888089e-02
5.604985e-01	7.469960e-01	-1.902217e-01
5.544342e-01	7.638580e-01	-1.746914e-01
5.501679e-01	7.642696e-01	-1.747354e-01
5.457567e-01	7.642172e-01	-1.747229e-01
5.665072e-01	7.628846e-01	-1.719233e-01
5.704116e-01	7.626757e-01	-1.719568e-01
5.738991e-01	7.621394e-01	-1.718814e-01
5.398734e-01	7.570293e-01	-8.263345e-02
5.781103e-01	7.525326e-01	-7.024873e-02
5.521619e-01	7.285500e-01	-1.559056e-01
5.669823e-01	7.263935e-01	-1.523313e-01
5.134715e-01	6.582708e-01	-3.167049e-02
6.012605e-01	6.580406e-01	-2.072053e-02
4.903999e-01	5.565003e-01	-3.073807e-02
6.243733e-01	5.530538e-01	-2.661991e-02
4.996112e-01	4.610916e-01	-1.231402e-01
6.175565e-01	4.710029e-01	-1.463949e-01
4.981266e-01	4.242688e-01	-1.557954e-01
6.191599e-01	4.363138e-01	-1.848050e-01
5.096171e-01	4.288835e-01	-1.828397e-01
6.095694e-01	4.420340e-01	-2.058462e-01
5.126821e-01	4.414018e-01	-1.354081e-01
6.061236e-01	4.539712e-01	-1.586660e-01
5.350264e-01	4.083414e-01	2.963124e-03
5.913904e-01	4.092730e-01	-2.848575e-03
5.161729e-01	2.462218e-01	-1.017148e-02
5.975821e-01	2.378688e-01	-7.527841e-03
5.220631e-01	1.054684e-01	1.335115e-01
5.862113e-01	8.516899e-02	1.230170e-01
5.305723e-01	8.372726e-02	1.451187e-01
5.796152e-01	6.581911e-02	1.284066e-01
4.935662e-01	5.550519e-02	5.935521e-02
6.047824e-01	4.409817e-02	2.622475e-02
5.605284e-01	7.559450e-01	-1.803474e-01
5.545100e-01	7.729816e-01	-1.647041e-01
5.502499e-01	7.732637e-01	-1.647162e-01
5.458283e-01	7.731562e-01	-1.646872e-01
5.665744e-01	7.721419e-01	-1.619894e-01
5.705029e-01	7.719644e-01	-1.620405e-01
5.740225e-01	7.715210e-01	-1.619400e-01
5.400234e-01	7.654052e-01	-8.126318e-02
5.783232e-01	7.617234e-01	-6.837868e-02
5.522304e-01	7.373602e-01	-1.503731e-01
5.670791e-01	7.354451e-01	-1.465112e-01
5.135083e-01	6.645523e-01	-3.129887e-02
6.021628e-01	6.648164e-01	-1.339187e-02
4.907909e-01	5.560447e-01	-1.724852e-02
6.250162e-01	5.513520e-01	1.524105e-03
4.972654e-01	4.482669e-01	-9.082241e-02
6.185859e-01	4.544303e-01	-8.939631e-02
4.941879e-01	4.079340e-01	-1.205058e-01
6.210850e-01	4.170747e-01	-1.224543e-01
5.054497e-01	4.096737e-01	-1.505039e-01
6.115357e-01	4.177724e-01	-1.466414e-01
5.093635e-01	4.230054e-01	-1.038246e-01
6.076648e-01	4.320997e-01	-1.020121e-01
5.347623e-01	4.131932e-01	1.768478e-03
5.909532e-01	4.129534e-01	-1.638169e-03
5.197769e-01	2.488763e-01	-2.576876e-04
5.944141e-01	2.424916e-01	2.996199e-03
5.221138e-01	1.048739e-01	1.201213e-01
5.862181e-01	8.697076e-02	1.167635e-01
5.305531e-01	8.263709e-02	1.264628e-01
5.798755e-01	6.665469e-02	1.207947e-01
4.939802e-01	5.752698e-02	3.846455e-02
6.046489e-01	4.504275e-02	1.978537e-02
5.606025e-01	7.624793e-01	-1.875279e-01
5.545285e-01	7.797585e-01	-1.713737e-01
5.502614e-01	7.798198e-01	-1.713819e-01
5.458342e-01	7.795632e-01	-1.713439e-01
5.666680e-01	7.793683e-01	-1.694237e-01
5.706335e-01	7.791857e-01	-1.694818e-01
5.742191e-01	7.788205e-01	-1.693698e-01
5.400491e-01	7.711746e-01	-8.360119e-02
5.785850e-01	7.682707e-01	-7.512855e-02
5.523059e-01	7.438169e-01	-1.555977e-01
5.673042e-01	7.421293e-01	-1.529606e-01
5.131963e-01	6.688562e-01	-3.416788e-02
6.033741e-01	6.680036e-01	-1.994501e-02
4.918195e-01	5.536120e-01	-2.748586e-02
6.251971e-01	5.497950e-01	-1.038236e-02
4.951005e-01	4.379421e-01	-1.051930e-01
6.210344e-01	4.408425e-01	-9.636308e-02
4.900565e-01	3.979641e-01	-1.349610e-01
6.241241e-01	4.016470e-01	-1.279927e-01
5.013620e-01	4.007458e-01	-1.647129e-01
6.153992e-01	4.029335e-01	-1.558363e-01
5.067457e-01	4.143806e-01	-1.183097e-01
6.111140e-01	4.159665e-01	-1.104106e-01
5.345548e-01	4.158836e-01	1.949991e-03
5.905281e-01	4.171950e-01	-1.824899e-03
5.218288e-01	2.526585e-01	1.150883e-02
5.924495e-01	2.485641e-01	3.513004e-03
5.223907e-01	1.052467e-01	1.227629e-01
5.863611e-01	8.987316e-02	1.186321e-01
5.306817e-01	8.260828e-02	1.357875e-01
5.809534e-01	6.862950e-02	1.235440e-01
4.950895e-01	5.814499e-02	5.084090e-02
6.028487e-01	4.633043e-02	2.170083e-02
5.605350e-01	7.674611e-01	-2.178863e-01
5.544765e-01	7.845491e-01	-2.016374e-01
5.502422e-01	7.845370e-01	-2.016521e-01
5.458158e-01	7.841568e-01	-2.016166e-01
5.665790e-01	7.844620e-01	-2.011895e-01
5.705979e-01	7.840798e-01	-2.012483e-01
5.741643e-01	7.835791e-01	-2.011526e-01
5.401774e-01	7.751116e-01	-1.073658e-01
5.785930e-01	7.724871e-01	-1.058135e-01
5.523008e-01	7.489739e-01	-1.828500e-01
5.672978e-01	7.473167e-01	-1.821501e-01
5.131942e-01	6.721736e-01	-5.375887e-02
6.042728e-01	6.692695e-01	-5.154681e-02
4.946082e-01	5.520164e-01	-3.988317e-02
6.250896e-01	5.479672e-01	-3.962285e-02
4.945785e-01	4.335959e-01	-1.127961e-01
6.222900e-01	4.330193e-01	-1.214784e-01
4.882224e-01	3.961985e-01	-1.409168e-01
6.262404e-01	3.926898e-01	-1.515757e-01
4.991830e-01	3.971190e-01	-1.716237e-01
6.178007e-01	3.937106e-01	-1.803652e-01
5.051805e-01	4.100945e-01	-1.265091e-01
6.131109e-01	4.068363e-01	-1.356892e-01
5.343789e-01	4.199258e-01	4.469642e-03
5.895102e-01	4.198878e-01	-4.356230e-03
5.224946e-01	2.554237e-01	2.632521e-02
5.901738e-01	2.535898e-01	8.475251e-03
5.225092e-01	1.049093e-01	1.394476e-01
5.863695e-01	9.135383e-02	1.226736e-01
5.307893e-01	8.038770e-02	1.449868e-01
5.812265e-01	6.850212e-02	1.289919e-01
4.941369e-01	6.003157e-02	5.672999e-02
6.020768e-01	4.721002e-02	2.754942e-02
5.605277e-01	7.703269e-01	-2.208356e-01
5.544761e-01	7.872609e-01	-2.047029e-01
5.502554e-01	7.871078e-01	-2.047195e-01
5.458265e-01	7.865157e-01	-2.046855e-01
5.665757e-01	7.870241e-01	-2.048358e-01
5.706106e-01	7.863528e-01	-2.048954e-01
5.741953e-01	7.854730e-01	-2.048107e-01
5.403486e-01	7.763576e-01	-1.103837e-01
5.787507e-01	7.739977e-01	-1.111976e-01
5.523056e-01	7.521071e-01	-1.856145e-01
5.673227e-01	7.498955e-01	-1.855942e-01
5.132759e-01	6.727491e-01	-5.509471e-02
6.049854e-01	6.694902e-01	-6.567568e-02
4.972038e-01	5.480325e-01	-3.503514e-02
6.249408e-01	5.440277e-01	-5.468876e-02
4.951976e-01	4.278197e-01	-1.052874e-01
6.226174e-01	4.254958e-01	-1.353288e-01
4.887425e-01	3.903502e-01	-1.323504e-01
6.264890e-01	3.857626e-01	-1.657183e-01
4.984224e-01	3.903838e-01	-1.630948e-01
6.186332e-01	3.860944e-01	-1.947076e-01
5.045363e-01	4.026650e-01	-1.191744e-01
6.138781e-01	3.983958e-01	-1.496193e-01
5.344707e-01	4.205861e-01	9.924347e-03
5.895145e-01	4.201377e-01	-9.831358e-03
5.232360e-01	2.551808e-01	3.765210e-02
5.892076e-01	2.529313e-01	6.634361e-03
5.227329e-01	1.061099e-01	1.547721e-01
5.861720e-01	9.142093e-02	1.207321e-01
5.311599e-01	8.084016e-02	1.604898e-01
5.812548e-01	6.839339e-02	1.259498e-01
4.941975e-01	5.997929e-02	7.640017e-02
5.986245e-01	4.711049e-02	2.445584e-02
5.609642e-01	7.715723e-01	-2.210072e-01
5.549325e-01	7.886069e-01	-2.058566e-01
5.506793e-01	7.883959e-01	-2.058725e-01
5.462316e-01	7.877964e-01	-2.058428e-01
5.671390e-01	7.880321e-01	-2.048796e-01
5.710142e-01	7.873955e-01	-2.049329e-01
5.748428e-01	7.864555e-01	-2.048589e-01
5.407238e-01	7.773482e-01	-1.145055e-01
5.791931e-01	7.756288e-01	-1.102031e-01
5.526566e-01	7.535545e-01	-1.867328e-01
5.678858e-01	7.511902e-01	-1.852627e-01
5.133029e-01	6.731390e-01	-6.350213e-02
6.053960e-01	6.691392e-01	-6.280919e-02
4.998062e-01	5.456723e-01	-4.612359e-02
6.247610e-01	5.425203e-01	-4.898898e-02
4.957534e-01	4.251140e-01	-1.134125e-01
6.225488e-01	4.241573e-01	-1.262277e-01
4.897355e-01	3.873274e-01	-1.401019e-01
6.256682e-01	3.855712e-01	-1.552809e-01
4.984361e-01	3.874399e-01	-1.710384e-01
6.177824e-01	3.860765e-01	-1.842272e-01
5.044351e-01	3.988334e-01	-1.272385e-01
6.135625e-01	3.981233e-01	-1.405599e-01
5.346885e-01	4.196625e-01	9.210422e-03
5.895038e-01	4.199547e-01	-9.113424e-03
5.231177e-01	2.558767e-01	3.017636e-02
5.888638e-01	2.542912e-01	1.143089e-02
5.227174e-01	1.060738e-01	1.512771e-01
5.860163e-01	9.161419e-02	1.216626e-01
5.311281e-01	8.005183e-02	1.591240e-01
5.812750e-01	6.834190e-02	1.290427e-01
4.923736e-01	6.050906e-02	7.623304e-02
5.992696e-01	4.887267e-02	2.882633e-02
5.610048e-01	7.717939e-01	-2.250287e-01
5.550188e-01	7.879296e-01	-2.098154e-01
5.508355e-01	7.876784e-01	-2.098292e-01
5.463983e-01	7.869683e-01	-2.097997e-01
5.671792e-01	7.874948e-01	-2.089649e-01
5.710560e-01	7.870833e-01	-2.090216e-01
5.748649e-01	7.864300e-01	-2.089486e-01
5.411410e-01	7.771330e-01	-1.176988e-01
5.793012e-01	7.762943e-01	-1.140763e-01
5.528024e-01	7.539645e-01	-1.904553e-01
5.679809e-01	7.517853e-01	-1.891531e-01
5.138201e-01	6.748975e-01	-6.637563e-02
6.053961e-01	6.691986e-01	-6.464470e-02
5.013851e-01	5.458181e-01	-4.763313e-02
6.240677e-01	5.397690e-01	-5.131283e-02
4.959274e-01	4.254826e-01	-1.130679e-01
6.223152e-01	4.188294e-01	-1.299701e-01
4.907002e-01	3.893180e-01	-1.398301e-01
6.252368e-01	3.815280e-01	-1.595830e-01
4.991362e-01	3.895961e-01	-1.714931e-01
6.170973e-01	3.818739e-01	-1.886478e-01
5.049380e-01	4.005467e-01	-1.272247e-01
6.128657e-01	3.943752e-01	-1.443110e-01
5.345956e-01	4.217764e-01	8.915109e-03
5.887491e-01	4.217428e-01	-8.816492e-03
5.226730e-01	2.573973e-01	2.674611e-02
5.885397e-01	2.551737e-01	1.010315e-02
5.226966e-01	1.058826e-01	1.496121e-01
5.859035e-01	9.243521e-02	1.232549e-01
5.310315e-01	7.948695e-02	1.584264e-01
5.812517e-01	6.847265e-02	1.298748e-01
4.915109e-01	6.150253e-02	7.271520e-02
5.994963e-01	5.043010e-02	2.733253e-02
5.609332e-01	7.723746e-01	-2.169881e-01
5.549582e-01	7.880841e-01	-2.017146e-01
5.508311e-01	7.877203e-01	-2.017375e-01
5.463925e-01	7.869684e-01	-2.017111e-01
5.670274e-01	7.878408e-01	-2.008040e-01
5.710003e-01	7.874994e-01	-2.008539e-01
5.747018e-01	7.870128e-01	-2.007748e-01
5.412863e-01	7.775054e-01	-1.091386e-01
5.792992e-01	7.772564e-01	-1.075414e-01
5.528005e-01	7.542481e-01	-1.822898e-01
5.679654e-01	7.523875e-01	-1.812454e-01
5.143758e-01	6.751519e-01	-6.402796e-02
6.052982e-01	6.691034e-01	-6.490077e-02
5.037435e-01	5.459186e-01	-3.538399e-02
6.224085e-01	5.394653e-01	-5.419278e-02
4.974617e-01	4.283157e-01	-1.061370e-01
6.222205e-01	4.180790e-01	-1.319993e-01
4.910044e-01	3.935187e-01	-1.337832e-01
6.242310e-01	3.808699e-01	-1.625336e-01
4.999816e-01	3.945127e-01	-1.643394e-01
6.165878e-01	3.815545e-01	-1.917767e-01
5.054907e-01	4.057904e-01	-1.200314e-01
6.124550e-01	3.944734e-01	-1.463746e-01
5.347155e-01	4.230541e-01	1.205533e-02
5.881755e-01	4.243156e-01	-1.197986e-02
5.227187e-01	2.584246e-01	3.312511e-02
5.885599e-01	2.571414e-01	8.427018e-03
5.226940e-01	1.056640e-01	1.487174e-01
5.859244e-01	9.448129e-02	1.233882e-01
5.310463e-01	7.950017e-02	1.582981e-01
5.824707e-01	7.072070e-02	1.293090e-01
4.915113e-01	6.116259e-02	7.263337e-02
5.975205e-01	5.063442e-02	2.784737e-02
5.609139e-01	7.728915e-01	-2.200615e-01
5.549310e-01	7.885075e-01	-2.048422e-01
5.508266e-01	7.881174e-01	-2.048583e-01
5.463920e-01	7.873498e-01	-2.048315e-01
5.669113e-01	7.883031e-01	-2.051441e-01
5.709365e-01	7.879880e-01	-2.052060e-01
5.745401e-01	7.875634e-01	-2.051522e-01
5.414277e-01	7.780788e-01	-1.125537e-01
5.792598e-01	7.778956e-01	-1.146545e-01
5.528132e-01	7.547689e-01	-1.852038e-01
5.679600e-01	7.531778e-01	-1.854417e-01
5.145954e-01	6.759856e-01	-6.070209e-02
6.052202e-01	6.705343e-01	-7.047127e-02
5.058779e-01	5.460323e-01	-3.320589e-02
6.196014e-01	5.399281e-01	-5.461831e-02
5.007742e-01	4.315560e-01	-9.471814e-02
6.220255e-01	4.197336e-01	-1.223890e-01
4.942330e-01	3.969265e-01	-1.183289e-01
6.235681e-01	3.827649e-01	-1.493962e-01
5.001678e-01	3.977376e-01	-1.485785e-01
6.163366e-01	3.826912e-01	-1.782220e-01
5.055500e-01	4.090804e-01	-1.084260e-01
6.125686e-01	3.955651e-01	-1.363235e-01
5.349180e-01	4.269713e-01	1.222621e-02
5.876578e-01	4.278575e-01	-1.216071e-02
5.226728e-01	2.619984e-01	2.949988e-02
5.884191e-01	2.593304e-01	5.277178e-03
5.226545e-01	1.070588e-01	1.447794e-01
5.858415e-01	9.558617e-02	1.135553e-01
5.307404e-01	8.183725e-02	1.510893e-01
5.824220e-01	7.154234e-02	1.180269e-01
4.917960e-01	6.201153e-02	6.205272e-02
5.969483e-01	5.226006e-02	1.355383e-02
5.611010e-01	7.716060e-01	-2.196469e-01
5.550550e-01	7.873544e-01	-2.045679e-01
5.509626e-01	7.871076e-01	-2.045832e-01
5.465105e-01	7.865059e-01	-2.045543e-01
5.670346e-01	7.871767e-01	-2.046075e-01
5.710201e-01	7.870942e-01	-2.046687e-01
5.745941e-01	7.866951e-01	-2.046119e-01
5.415076e-01	7.781282e-01	-1.123728e-01
5.792899e-01	7.779721e-01	-1.128431e-01
5.529665e-01	7.534381e-01	-1.847699e-01
5.681010e-01	7.524047e-01	-1.846251e-01
5.147424e-01	6.771505e-01	-5.920707e-02
6.051411e-01	6.716682e-01	-6.645827e-02
5.063592e-01	5.473059e-01	-3.354777e-02
6.149244e-01	5.402271e-01	-4.518046e-02
5.026835e-01	4.347183e-01	-9.326850e-02
6.207562e-01	4.229082e-01	-1.124942e-01
4.971631e-01	4.003626e-01	-1.163984e-01
6.218691e-01	3.859004e-01	-1.386996e-01
5.011733e-01	4.014250e-01	-1.469556e-01
6.160947e-01	3.860963e-01	-1.682003e-01
5.062877e-01	4.126166e-01	-1.071034e-01
6.123472e-01	3.986332e-01	-1.267917e-01
5.348687e-01	4.287111e-01	1.180538e-02
5.862365e-01	4.301741e-01	-1.172697e-02
5.226628e-01	2.628796e-01	2.486257e-02
5.875994e-01	2.628107e-01	3.734843e-03
5.226581e-01	1.071719e-01	1.380503e-01
5.857545e-01	9.627701e-02	1.074020e-01
5.306641e-01	8.195908e-02	1.434454e-01
5.824045e-01	7.171914e-02	1.113109e-01
4.910654e-01	6.460370e-02	5.521855e-02
5.973658e-01	5.460109e-02	7.761426e-03
