4.302364e-01	7.855943e-01	-1.424392e-01
4.250212e-01	8.048953e-01	-1.200050e-01
4.209741e-01	8.052908e-01	-1.201154e-01
4.163573e-01	8.057951e-01	-1.201148e-01
4.373991e-01	8.033098e-01	-1.236050e-01
4.419933e-01	8.027205e-01	-1.236353e-01
4.465095e-01	8.017130e-01	-1.235722e-01
4.133795e-01	7.983701e-01	1.091221e-02
4.547533e-01	7.927445e-01	-2.947344e-03
4.229439e-01	7.670572e-01	-9.367312e-02
4.378539e-01	7.661241e-01	-9.714195e-02
3.893160e-01	6.997185e-01	1.768027e-02
4.802840e-01	6.973562e-01	-1.065571e-02
3.708934e-01	6.681389e-01	-2.626482e-01
4.859918e-01	6.505301e-01	-3.151380e-01
3.478603e-01	6.575106e-01	-5.865380e-01
4.811580e-01	6.596031e-01	-6.484338e-01
3.328507e-01	6.581833e-01	-6.560339e-01
4.853507e-01	6.531788e-01	-7.230702e-01
3.391255e-01	6.625839e-01	-6.652217e-01
4.796124e-01	6.605664e-01	-7.204270e-01
3.491853e-01	6.604990e-01	-6.012109e-01
4.758543e-01	6.593467e-01	-6.605756e-01
4.104382e-01	4.038377e-01	1.683602e-03
4.702831e-01	4.072839e-01	-1.650335e-03
4.132043e-01	1.823182e-01	-6.401652e-02
4.802231e-01	1.886356e-01	-5.460250e-02
4.209978e-01	9.147435e-03	1.345782e-01
4.852592e-01	1.718536e-02	1.188655e-01
4.257255e-01	-4.686415e-03	1.455833e-01
4.828626e-01	2.942353e-03	1.281611e-01
4.297501e-01	-4.242402e-02	5.579676e-03
4.816771e-01	-3.265035e-02	-1.838690e-02
4.302721e-01	7.863535e-01	-1.424483e-01
4.251375e-01	8.055224e-01	-1.202241e-01
4.209952e-01	8.057420e-01	-1.203303e-01
4.165842e-01	8.059850e-01	-1.203244e-01
4.375643e-01	8.042440e-01	-1.236198e-01
4.421100e-01	8.036727e-01	-1.236480e-01
4.467130e-01	8.025655e-01	-1.235835e-01
4.133805e-01	7.980784e-01	7.924535e-03
4.548166e-01	7.928475e-01	-3.979321e-03
4.229320e-01	7.671171e-01	-9.419028e-02
4.379542e-01	7.662488e-01	-9.737738e-02
3.893605e-01	6.974484e-01	1.352899e-02
4.804199e-01	6.975597e-01	-1.501621e-02
3.710180e-01	6.632304e-01	-2.630818e-01
4.850961e-01	6.553847e-01	-3.209248e-01
3.478664e-01	6.574638e-01	-5.819213e-01
4.802129e-01	6.586626e-01	-6.498410e-01
3.328804e-01	6.612611e-01	-6.509658e-01
4.833940e-01	6.531776e-01	-7.245554e-01
3.404329e-01	6.626536e-01	-6.613348e-01
4.774236e-01	6.591594e-01	-7.214554e-01
3.508419e-01	6.600860e-01	-5.969179e-01
4.741351e-01	6.579095e-01	-6.617409e-01
4.105739e-01	4.019871e-01	2.101784e-03
4.718005e-01	4.051948e-01	-2.068487e-03
4.131985e-01	1.813441e-01	-4.596331e-02
4.801945e-01	1.865103e-01	-4.005653e-02
4.209773e-01	3.582706e-03	1.390227e-01
4.860774e-01	9.492809e-03	1.196746e-01
4.260493e-01	-8.232613e-03	1.486855e-01
4.836730e-01	-3.501031e-03	1.282539e-01
4.161831e-01	-6.719152e-02	6.889350e-03
4.835495e-01	-4.562338e-02	-1.928564e-02
4.302413e-01	7.866022e-01	-1.436829e-01
4.251460e-01	8.058805e-01	-1.220694e-01
4.209858e-01	8.060188e-01	-1.221706e-01
4.166650e-01	8.061385e-01	-1.221593e-01
4.375939e-01	8.046937e-01	-1.247299e-01
4.421217e-01	8.041029e-01	-1.247412e-01
4.467641e-01	8.029406e-01	-1.246612e-01
4.133675e-01	7.979397e-01	4.328282e-03
4.548367e-01	7.928455e-01	-5.198496e-03
4.228349e-01	7.671120e-01	-9.618445e-02
4.379561e-01	7.662448e-01	-9.868269e-02
3.893711e-01	6.967885e-01	8.831752e-03
4.804142e-01	6.977985e-01	-1.577111e-02
3.710238e-01	6.628426e-01	-2.708627e-01
4.847711e-01	6.584575e-01	-3.216744e-01
3.476992e-01	6.571710e-01	-5.900261e-01
4.791781e-01	6.586663e-01	-6.536419e-01
3.327191e-01	6.630819e-01	-6.600124e-01
4.832129e-01	6.543365e-01	-7.294551e-01
3.408372e-01	6.629429e-01	-6.708700e-01
4.757867e-01	6.590409e-01	-7.259270e-01
3.508269e-01	6.598446e-01	-6.052412e-01
4.722621e-01	6.575653e-01	-6.655899e-01
4.106256e-01	3.996242e-01	2.093696e-03
4.720377e-01	4.031830e-01	-2.060298e-03
4.130680e-01	1.780088e-01	-4.951060e-02
4.801739e-01	1.822195e-01	-4.135747e-02
4.205866e-01	3.298768e-03	1.543457e-01
4.867424e-01	8.685590e-03	1.343436e-01
4.259311e-01	-8.137693e-03	1.664801e-01
4.840780e-01	-3.838649e-03	1.443737e-01
4.124654e-01	-7.104593e-02	2.968370e-02
4.853741e-01	-4.529371e-02	-3.555910e-04
4.300636e-01	7.866451e-01	-1.454927e-01
4.251043e-01	8.060411e-01	-1.243518e-01
4.208710e-01	8.061341e-01	-1.244479e-01
4.166677e-01	8.061975e-01	-1.244309e-01
4.375913e-01	8.048820e-01	-1.269614e-01
4.421173e-01	8.042701e-01	-1.269659e-01
4.467717e-01	8.030989e-01	-1.268864e-01
4.132753e-01	7.977191e-01	1.102408e-03
4.548729e-01	7.928261e-01	-9.182871e-03
4.225685e-01	7.670420e-01	-9.841911e-02
4.379291e-01	7.661011e-01	-1.010060e-01
3.892427e-01	6.964251e-01	5.582946e-03
4.804142e-01	6.982342e-01	-2.281952e-02
3.708878e-01	6.624982e-01	-2.770392e-01
4.837159e-01	6.608247e-01	-3.323417e-01
3.476991e-01	6.570095e-01	-5.956666e-01
4.779306e-01	6.584491e-01	-6.595045e-01
3.327326e-01	6.637272e-01	-6.650654e-01
4.821110e-01	6.556861e-01	-7.345322e-01
3.417652e-01	6.630376e-01	-6.747347e-01
4.749826e-01	6.590449e-01	-7.305747e-01
3.522465e-01	6.596250e-01	-6.103676e-01
4.711748e-01	6.572336e-01	-6.710799e-01
4.104874e-01	3.971204e-01	2.211729e-03
4.721805e-01	4.014753e-01	-2.185666e-03
4.126390e-01	1.750637e-01	-5.113100e-02
4.800412e-01	1.795913e-01	-3.996241e-02
4.203904e-01	2.998730e-03	1.512410e-01
4.869699e-01	8.547826e-03	1.449392e-01
4.259775e-01	-8.096742e-03	1.630954e-01
4.846200e-01	-3.699002e-03	1.559913e-01
4.115402e-01	-7.422952e-02	2.810796e-02
4.860590e-01	-4.461252e-02	1.576820e-02
4.299041e-01	7.866938e-01	-1.442216e-01
4.250647e-01	8.061678e-01	-1.233095e-01
4.207798e-01	8.062339e-01	-1.234022e-01
4.166692e-01	8.062602e-01	-1.233831e-01
4.375846e-01	8.050198e-01	-1.257807e-01
4.421067e-01	8.043938e-01	-1.257823e-01
4.467727e-01	8.032162e-01	-1.256987e-01
4.132168e-01	7.975879e-01	1.633150e-03
4.548962e-01	7.928023e-01	-8.877015e-03
4.223634e-01	7.670055e-01	-9.741439e-02
4.378963e-01	7.660297e-01	-9.996184e-02
3.891052e-01	6.961286e-01	6.816087e-03
4.804169e-01	6.983060e-01	-2.145645e-02
3.707268e-01	6.621706e-01	-2.750995e-01
4.832714e-01	6.611889e-01	-3.296277e-01
3.476589e-01	6.569257e-01	-5.948289e-01
4.772861e-01	6.581868e-01	-6.575077e-01
3.327148e-01	6.644845e-01	-6.634468e-01
4.821877e-01	6.564681e-01	-7.313991e-01
3.421376e-01	6.633446e-01	-6.730494e-01
4.745627e-01	6.593474e-01	-7.267748e-01
3.528623e-01	6.595709e-01	-6.093535e-01
4.705816e-01	6.569338e-01	-6.685034e-01
4.103370e-01	3.953161e-01	2.451422e-03
4.723048e-01	3.996713e-01	-2.431116e-03
4.123597e-01	1.732456e-01	-4.811020e-02
4.799543e-01	1.766688e-01	-4.122394e-02
4.203671e-01	2.375545e-03	1.555786e-01
4.871512e-01	5.053899e-03	1.393990e-01
4.263197e-01	-8.136229e-03	1.677825e-01
4.851554e-01	-6.191746e-03	1.496568e-01
4.109319e-01	-7.596888e-02	3.603055e-02
4.859777e-01	-4.722496e-02	6.642862e-03
4.296016e-01	7.867381e-01	-1.367928e-01
4.249617e-01	8.062739e-01	-1.149120e-01
4.206453e-01	8.063236e-01	-1.150084e-01
4.166651e-01	8.063347e-01	-1.149972e-01
4.375348e-01	8.051401e-01	-1.186837e-01
4.420455e-01	8.045112e-01	-1.186937e-01
4.467521e-01	8.033463e-01	-1.186067e-01
4.131946e-01	7.975563e-01	1.464037e-02
4.549404e-01	7.927993e-01	-2.686904e-03
4.220678e-01	7.669904e-01	-8.835228e-02
4.377361e-01	7.660059e-01	-9.283674e-02
3.892527e-01	6.963435e-01	2.144244e-02
4.805054e-01	6.980256e-01	-1.980682e-02
3.707658e-01	6.622365e-01	-2.581719e-01
4.830081e-01	6.611123e-01	-3.285448e-01
3.475237e-01	6.572557e-01	-5.812484e-01
4.770494e-01	6.584297e-01	-6.556095e-01
3.323912e-01	6.653807e-01	-6.495811e-01
4.813389e-01	6.572061e-01	-7.275254e-01
3.421151e-01	6.634149e-01	-6.589456e-01
4.743962e-01	6.602256e-01	-7.231040e-01
3.527861e-01	6.594639e-01	-5.956514e-01
4.705079e-01	6.576921e-01	-6.660146e-01
4.101892e-01	3.951898e-01	5.846563e-03
4.723038e-01	3.990439e-01	-5.829462e-03
4.113295e-01	1.702914e-01	-4.501519e-02
4.792470e-01	1.744011e-01	-4.443904e-02
4.203308e-01	5.237120e-05	1.549689e-01
4.871422e-01	1.995188e-03	1.191755e-01
4.266576e-01	-1.036178e-02	1.670460e-01
4.855505e-01	-8.804568e-03	1.283723e-01
4.050012e-01	-7.621139e-02	3.792417e-02
4.858753e-01	-5.329315e-02	-1.437616e-02
4.295961e-01	7.863546e-01	-1.310138e-01
4.249674e-01	8.060982e-01	-1.092730e-01
4.206408e-01	8.061391e-01	-1.093542e-01
4.167028e-01	8.060387e-01	-1.093286e-01
4.375537e-01	8.049394e-01	-1.128981e-01
4.420551e-01	8.042538e-01	-1.129104e-01
4.468040e-01	8.030749e-01	-1.128148e-01
4.131555e-01	7.962332e-01	1.825551e-02
4.549601e-01	7.921835e-01	1.472155e-03
4.219961e-01	7.664074e-01	-8.338872e-02
4.377347e-01	7.652803e-01	-8.778086e-02
3.894327e-01	6.939336e-01	2.448287e-02
4.805110e-01	6.975551e-01	-1.940006e-02
3.708439e-01	6.580819e-01	-2.507318e-01
4.830252e-01	6.611767e-01	-3.277947e-01
3.475668e-01	6.551923e-01	-5.624827e-01
4.770212e-01	6.586265e-01	-6.461467e-01
3.323763e-01	6.640052e-01	-6.290406e-01
4.807440e-01	6.573739e-01	-7.164200e-01
3.420793e-01	6.616455e-01	-6.375311e-01
4.733502e-01	6.602447e-01	-7.110623e-01
3.527337e-01	6.572974e-01	-5.762669e-01
4.697615e-01	6.572750e-01	-6.556932e-01
4.101377e-01	3.943450e-01	6.236858e-03
4.723310e-01	3.984879e-01	-6.224788e-03
4.095771e-01	1.675197e-01	-4.273371e-02
4.784435e-01	1.730451e-01	-4.305550e-02
4.201973e-01	1.390032e-04	1.464030e-01
4.870590e-01	1.760139e-03	1.195732e-01
4.268400e-01	-1.092212e-02	1.569638e-01
4.855589e-01	-9.222564e-03	1.287638e-01
4.028402e-01	-7.694636e-02	3.383318e-02
4.862932e-01	-5.201657e-02	-1.267059e-02
4.295207e-01	7.805841e-01	-1.242817e-01
4.249669e-01	8.009641e-01	-1.023959e-01
4.206168e-01	8.012426e-01	-1.024912e-01
4.167203e-01	8.015099e-01	-1.024792e-01
4.375572e-01	7.991630e-01	-1.057452e-01
4.420618e-01	7.983764e-01	-1.057490e-01
4.468167e-01	7.974374e-01	-1.056362e-01
4.130360e-01	7.913601e-01	2.584406e-02
4.549757e-01	7.870754e-01	1.094553e-02
4.218593e-01	7.611060e-01	-7.636027e-02
4.376643e-01	7.586732e-01	-8.026980e-02
3.894319e-01	6.919218e-01	2.874019e-02
4.805244e-01	6.900657e-01	-2.647042e-03
3.718528e-01	6.565945e-01	-2.495276e-01
4.826868e-01	6.545515e-01	-3.117972e-01
3.474872e-01	6.505520e-01	-5.648776e-01
4.769134e-01	6.558902e-01	-6.354103e-01
3.319055e-01	6.605004e-01	-6.321234e-01
4.798449e-01	6.576170e-01	-7.062445e-01
3.412778e-01	6.582500e-01	-6.406896e-01
4.731422e-01	6.603010e-01	-7.007958e-01
3.522321e-01	6.532429e-01	-5.786989e-01
4.697059e-01	6.560807e-01	-6.452774e-01
4.099045e-01	3.897309e-01	6.173664e-03
4.723263e-01	3.952305e-01	-6.158232e-03
4.083045e-01	1.622107e-01	-4.565381e-02
4.781149e-01	1.691193e-01	-4.380492e-02
4.194748e-01	1.233290e-04	1.463037e-01
4.870670e-01	3.193640e-03	1.314506e-01
4.266023e-01	-1.082748e-02	1.572233e-01
4.859626e-01	-6.944762e-03	1.435678e-01
4.019913e-01	-8.135679e-02	3.394767e-02
4.870970e-01	-5.299740e-02	1.262285e-02
4.295251e-01	7.734571e-01	-1.259252e-01
4.249919e-01	7.939427e-01	-1.030049e-01
4.206157e-01	7.941837e-01	-1.031065e-01
4.167440e-01	7.946082e-01	-1.030922e-01
4.376627e-01	7.918767e-01	-1.069285e-01
4.421522e-01	7.911470e-01	-1.069453e-01
4.469056e-01	7.899802e-01	-1.068572e-01
4.128117e-01	7.842747e-01	2.436495e-02
4.549781e-01	7.790983e-01	9.926840e-03
4.217917e-01	7.533170e-01	-7.786445e-02
4.376731e-01	7.507357e-01	-8.211915e-02
3.893557e-01	6.861470e-01	2.679054e-02
4.805341e-01	6.831068e-01	-4.767636e-03
3.724020e-01	6.520833e-01	-2.580060e-01
4.827057e-01	6.475539e-01	-3.121933e-01
3.511346e-01	6.468887e-01	-5.774225e-01
4.769472e-01	6.446940e-01	-6.353706e-01
3.325844e-01	6.548178e-01	-6.471960e-01
4.794035e-01	6.486405e-01	-7.067754e-01
3.426312e-01	6.523938e-01	-6.553501e-01
4.729674e-01	6.519554e-01	-7.029635e-01
3.543708e-01	6.477826e-01	-5.911604e-01
4.696532e-01	6.473353e-01	-6.459875e-01
4.095889e-01	3.845073e-01	6.078081e-03
4.723123e-01	3.901683e-01	-6.062379e-03
4.055467e-01	1.569517e-01	-4.780625e-02
4.776208e-01	1.640162e-01	-4.603200e-02
4.188844e-01	-3.768184e-03	1.433583e-01
4.866446e-01	2.580517e-03	1.320302e-01
4.262878e-01	-1.412248e-02	1.546121e-01
4.859304e-01	-8.344126e-03	1.438484e-01
4.007457e-01	-8.932432e-02	3.371645e-02
4.907259e-01	-7.616606e-02	1.072263e-02
4.294212e-01	7.625117e-01	-1.640095e-01
4.248566e-01	7.803411e-01	-1.437829e-01
4.203797e-01	7.806219e-01	-1.438739e-01
4.166845e-01	7.809370e-01	-1.438751e-01
4.376537e-01	7.785289e-01	-1.473237e-01
4.421148e-01	7.776415e-01	-1.473294e-01
4.468786e-01	7.766821e-01	-1.472215e-01
4.126825e-01	7.722386e-01	-1.639647e-02
4.548886e-01	7.679065e-01	-3.146158e-02
4.215705e-01	7.412138e-01	-1.154781e-01
4.375990e-01	7.383676e-01	-1.195096e-01
3.893394e-01	6.766015e-01	-6.800993e-03
4.802710e-01	6.665245e-01	-3.643673e-02
3.714800e-01	6.437755e-01	-2.952838e-01
4.823515e-01	6.382378e-01	-3.462067e-01
3.515792e-01	6.407629e-01	-6.178439e-01
4.768373e-01	6.362559e-01	-6.699572e-01
3.330395e-01	6.452969e-01	-6.904367e-01
4.784687e-01	6.409197e-01	-7.437350e-01
3.433433e-01	6.414258e-01	-6.982053e-01
4.707772e-01	6.425107e-01	-7.413321e-01
3.547593e-01	6.374369e-01	-6.317666e-01
4.681615e-01	6.379524e-01	-6.816433e-01
4.091921e-01	3.733031e-01	6.182215e-03
4.721489e-01	3.799018e-01	-6.154482e-03
4.031507e-01	1.508256e-01	-4.042307e-02
4.770182e-01	1.552359e-01	-3.840099e-02
4.188660e-01	-8.187572e-03	1.589490e-01
4.856874e-01	-3.893404e-03	1.313425e-01
4.265392e-01	-1.854436e-02	1.704643e-01
4.852721e-01	-1.686962e-02	1.406647e-01
4.004517e-01	-8.895545e-02	4.364218e-02
4.917826e-01	-8.789461e-02	-3.205255e-03
4.293859e-01	7.591829e-01	-1.950045e-01
4.248591e-01	7.780710e-01	-1.740295e-01
4.203775e-01	7.781494e-01	-1.741454e-01
4.166937e-01	7.781057e-01	-1.741690e-01
4.376590e-01	7.765634e-01	-1.775567e-01
4.421082e-01	7.757958e-01	-1.775730e-01
4.468787e-01	7.748644e-01	-1.774930e-01
4.126793e-01	7.692209e-01	-4.289429e-02
4.548753e-01	7.649317e-01	-5.740864e-02
4.215028e-01	7.379668e-01	-1.453942e-01
4.375613e-01	7.354799e-01	-1.492055e-01
3.892902e-01	6.742668e-01	-2.715423e-02
4.802942e-01	6.606393e-01	-5.569068e-02
3.698024e-01	6.384460e-01	-3.134430e-01
4.829687e-01	6.181105e-01	-3.599890e-01
3.506897e-01	6.345962e-01	-6.409682e-01
4.767488e-01	6.263472e-01	-6.962425e-01
3.330226e-01	6.422141e-01	-7.148243e-01
4.783422e-01	6.324873e-01	-7.732647e-01
3.432878e-01	6.400180e-01	-7.231913e-01
4.708326e-01	6.371683e-01	-7.715894e-01
3.546645e-01	6.348796e-01	-6.553081e-01
4.683441e-01	6.293383e-01	-7.087439e-01
4.090377e-01	3.722125e-01	6.106894e-03
4.720874e-01	3.774602e-01	-6.077657e-03
4.017720e-01	1.495864e-01	-4.854039e-02
4.765887e-01	1.536470e-01	-3.972296e-02
4.185317e-01	-7.903836e-03	1.671337e-01
4.849902e-01	-2.887309e-03	1.452301e-01
4.265045e-01	-1.826604e-02	1.809162e-01
4.846988e-01	-1.572260e-02	1.562762e-01
4.012112e-01	-9.083579e-02	5.021385e-02
4.913397e-01	-8.749370e-02	8.987756e-03
4.293627e-01	7.480831e-01	-1.972935e-01
4.248263e-01	7.650873e-01	-1.779496e-01
4.202959e-01	7.652140e-01	-1.780343e-01
4.166709e-01	7.653536e-01	-1.780306e-01
4.376594e-01	7.646191e-01	-1.811611e-01
4.421060e-01	7.642164e-01	-1.811778e-01
4.468702e-01	7.636673e-01	-1.810828e-01
4.126311e-01	7.570251e-01	-5.222799e-02
4.547468e-01	7.542921e-01	-6.596111e-02
4.214474e-01	7.263318e-01	-1.492465e-01
4.375494e-01	7.245905e-01	-1.528409e-01
3.891535e-01	6.611168e-01	-3.774464e-02
4.801675e-01	6.542023e-01	-7.275309e-02
3.689559e-01	6.288512e-01	-3.282689e-01
4.820605e-01	6.164521e-01	-3.839432e-01
3.513463e-01	6.265481e-01	-6.473765e-01
4.756326e-01	6.217316e-01	-7.040056e-01
3.373453e-01	6.321909e-01	-7.191778e-01
4.769506e-01	6.245690e-01	-7.776164e-01
3.472716e-01	6.313706e-01	-7.233354e-01
4.705235e-01	6.293924e-01	-7.741691e-01
3.553477e-01	6.266678e-01	-6.598843e-01
4.670522e-01	6.238849e-01	-7.152585e-01
4.091372e-01	3.623470e-01	6.950241e-03
4.721645e-01	3.694251e-01	-6.922606e-03
4.012657e-01	1.442380e-01	-4.595542e-02
4.765930e-01	1.463153e-01	-3.970744e-02
4.193377e-01	-7.817464e-03	1.823386e-01
4.849724e-01	-3.942090e-03	1.512352e-01
4.278039e-01	-1.801720e-02	1.974652e-01
4.846407e-01	-1.692389e-02	1.629947e-01
4.021565e-01	-9.142339e-02	7.785885e-02
4.910602e-01	-8.850122e-02	2.367591e-02
4.292303e-01	7.353775e-01	-1.862032e-01
4.246967e-01	7.529564e-01	-1.639562e-01
4.201875e-01	7.529597e-01	-1.640828e-01
4.166375e-01	7.531486e-01	-1.640667e-01
4.375687e-01	7.526882e-01	-1.661110e-01
4.419993e-01	7.524588e-01	-1.661364e-01
4.467143e-01	7.519626e-01	-1.660883e-01
4.126278e-01	7.446518e-01	-3.476715e-02
4.546350e-01	7.410710e-01	-4.692217e-02
4.212379e-01	7.144263e-01	-1.381868e-01
4.372712e-01	7.130212e-01	-1.391964e-01
3.888812e-01	6.507867e-01	-3.491689e-02
4.800288e-01	6.492394e-01	-5.790709e-02
3.675483e-01	6.157933e-01	-3.204417e-01
4.798314e-01	6.160357e-01	-3.660296e-01
3.456185e-01	6.132793e-01	-6.315447e-01
4.678268e-01	6.098028e-01	-6.850018e-01
3.309425e-01	6.216061e-01	-7.025107e-01
4.695926e-01	6.093829e-01	-7.507794e-01
3.397531e-01	6.205855e-01	-7.102347e-01
4.607860e-01	6.124375e-01	-7.486089e-01
3.482515e-01	6.147833e-01	-6.451355e-01
4.586474e-01	6.087744e-01	-6.952040e-01
4.091369e-01	3.512857e-01	1.049277e-02
4.722369e-01	3.595183e-01	-1.041797e-02
4.002062e-01	1.325836e-01	-4.474550e-02
4.764532e-01	1.372117e-01	-4.768718e-02
4.199819e-01	-1.045764e-02	1.823860e-01
4.842564e-01	-5.862931e-03	1.504461e-01
4.289878e-01	-1.828424e-02	1.977287e-01
4.834626e-01	-1.789273e-02	1.599598e-01
4.020594e-01	-9.351715e-02	8.547698e-02
4.910769e-01	-9.072191e-02	1.868670e-02
4.290586e-01	7.163088e-01	-1.801956e-01
4.244338e-01	7.359627e-01	-1.596000e-01
4.200300e-01	7.360700e-01	-1.596891e-01
4.166143e-01	7.361730e-01	-1.596860e-01
4.373029e-01	7.355762e-01	-1.632735e-01
4.416785e-01	7.354182e-01	-1.632871e-01
4.463216e-01	7.348875e-01	-1.631737e-01
4.126512e-01	7.275475e-01	-3.219688e-02
4.545391e-01	7.255662e-01	-4.976122e-02
4.211853e-01	6.975571e-01	-1.318718e-01
4.371917e-01	6.964070e-01	-1.358823e-01
3.888174e-01	6.343244e-01	-2.161876e-02
4.800182e-01	6.341910e-01	-6.285876e-02
3.663427e-01	5.990585e-01	-3.073910e-01
4.784494e-01	6.015536e-01	-3.754596e-01
3.436108e-01	5.978066e-01	-6.258913e-01
4.689367e-01	5.948144e-01	-6.904454e-01
3.305789e-01	6.081797e-01	-6.962696e-01
4.708791e-01	5.917681e-01	-7.610599e-01
3.390557e-01	6.076085e-01	-7.025757e-01
4.622154e-01	5.963493e-01	-7.570614e-01
3.453899e-01	6.011638e-01	-6.391431e-01
4.600321e-01	5.945442e-01	-7.009152e-01
4.102448e-01	3.414357e-01	1.133395e-02
4.737986e-01	3.486523e-01	-1.126674e-02
4.002326e-01	1.267684e-01	-4.317760e-02
4.764632e-01	1.281637e-01	-4.713888e-02
4.199777e-01	-1.322931e-02	1.794929e-01
4.838236e-01	-8.192705e-03	1.459735e-01
4.289331e-01	-2.013705e-02	1.945679e-01
4.829564e-01	-1.970273e-02	1.564746e-01
3.978133e-01	-9.511089e-02	8.548965e-02
4.909394e-01	-9.380881e-02	2.174763e-02
4.290490e-01	7.014703e-01	-1.921576e-01
4.243808e-01	7.204315e-01	-1.729380e-01
4.199950e-01	7.205881e-01	-1.729976e-01
4.166147e-01	7.207977e-01	-1.729762e-01
4.372004e-01	7.200595e-01	-1.766567e-01
4.415017e-01	7.198773e-01	-1.766705e-01
4.461006e-01	7.193218e-01	-1.765452e-01
4.126494e-01	7.120962e-01	-4.627456e-02
4.542480e-01	7.107762e-01	-6.313562e-02
4.211811e-01	6.837464e-01	-1.434137e-01
4.371656e-01	6.826667e-01	-1.478713e-01
3.888356e-01	6.203043e-01	-2.301800e-02
4.797026e-01	6.266817e-01	-7.451836e-02
3.631189e-01	5.881032e-01	-3.034096e-01
4.791643e-01	6.015993e-01	-3.780450e-01
3.413754e-01	5.870247e-01	-6.222479e-01
4.696046e-01	5.871152e-01	-6.848623e-01
3.301778e-01	5.913223e-01	-6.959356e-01
4.712063e-01	5.792691e-01	-7.560448e-01
3.391593e-01	5.885307e-01	-6.932371e-01
4.631651e-01	5.810302e-01	-7.519656e-01
3.444071e-01	5.842060e-01	-6.389717e-01
4.609277e-01	5.805238e-01	-6.952761e-01
4.105977e-01	3.272282e-01	1.172759e-02
4.739735e-01	3.376652e-01	-1.165765e-02
3.993979e-01	1.141267e-01	-5.650435e-02
4.766317e-01	1.212931e-01	-5.036394e-02
4.201744e-01	-1.453521e-02	1.931022e-01
4.833673e-01	-7.513964e-03	1.829556e-01
4.291073e-01	-2.002706e-02	2.119203e-01
4.820697e-01	-1.821898e-02	2.006063e-01
3.987511e-01	-1.041615e-01	1.048493e-01
4.906708e-01	-9.267762e-02	7.928067e-02
4.292435e-01	6.843042e-01	-1.906840e-01
4.245183e-01	7.030115e-01	-1.716712e-01
4.200814e-01	7.033016e-01	-1.717290e-01
4.167237e-01	7.036511e-01	-1.717131e-01
4.372225e-01	7.024598e-01	-1.751305e-01
4.415018e-01	7.021726e-01	-1.751538e-01
4.461027e-01	7.017116e-01	-1.750385e-01
4.127829e-01	6.955453e-01	-4.807992e-02
4.542156e-01	6.935790e-01	-6.299085e-02
4.214788e-01	6.673244e-01	-1.431431e-01
4.373345e-01	6.663365e-01	-1.471744e-01
3.887928e-01	6.027764e-01	-2.342268e-02
4.796578e-01	6.084358e-01	-7.168123e-02
3.616979e-01	5.704772e-01	-3.012498e-01
4.793406e-01	5.811728e-01	-3.709611e-01
3.416155e-01	5.695798e-01	-5.999607e-01
4.699969e-01	5.759120e-01	-6.651487e-01
3.310561e-01	5.702086e-01	-6.670571e-01
4.722336e-01	5.654374e-01	-7.343814e-01
3.414629e-01	5.685093e-01	-6.667166e-01
4.632721e-01	5.678745e-01	-7.282120e-01
3.482646e-01	5.667758e-01	-6.115344e-01
4.614960e-01	5.680758e-01	-6.739067e-01
4.106625e-01	3.155961e-01	1.159705e-02
4.740482e-01	3.271624e-01	-1.151959e-02
3.977803e-01	1.065130e-01	-6.525780e-02
4.767362e-01	1.133466e-01	-5.021102e-02
4.207593e-01	-1.631300e-02	1.850982e-01
4.830728e-01	-8.616775e-03	1.813520e-01
4.303032e-01	-2.033432e-02	2.015092e-01
4.817654e-01	-1.808463e-02	1.983843e-01
4.009488e-01	-1.085058e-01	9.476928e-02
4.907956e-01	-9.513291e-02	8.205521e-02
4.294864e-01	6.837620e-01	-1.967764e-01
4.247284e-01	7.021325e-01	-1.776990e-01
4.201810e-01	7.026458e-01	-1.777842e-01
4.168080e-01	7.030564e-01	-1.778176e-01
4.373642e-01	7.008241e-01	-1.810369e-01
4.416272e-01	7.004357e-01	-1.810620e-01
4.462508e-01	7.002955e-01	-1.809707e-01
4.128254e-01	6.955638e-01	-5.550174e-02
4.542354e-01	6.932349e-01	-6.927411e-02
4.216662e-01	6.639900e-01	-1.500198e-01
4.375235e-01	6.621293e-01	-1.537767e-01
3.887644e-01	5.995499e-01	-2.754867e-02
4.796573e-01	5.977504e-01	-6.645349e-02
3.609533e-01	5.673346e-01	-2.826538e-01
4.801403e-01	5.578693e-01	-3.231222e-01
3.388333e-01	5.616860e-01	-5.828954e-01
4.744921e-01	5.582932e-01	-6.221024e-01
3.287027e-01	5.625899e-01	-6.505173e-01
4.759418e-01	5.527127e-01	-6.922765e-01
3.395316e-01	5.610057e-01	-6.566012e-01
4.671084e-01	5.604465e-01	-6.927908e-01
3.474441e-01	5.589645e-01	-5.959790e-01
4.657074e-01	5.577576e-01	-6.340455e-01
4.108752e-01	3.104869e-01	1.154347e-02
4.741750e-01	3.204257e-01	-1.147680e-02
3.972306e-01	1.033755e-01	-6.549654e-02
4.767408e-01	1.082694e-01	-5.002132e-02
4.207073e-01	-1.623613e-02	1.863749e-01
4.821070e-01	-8.673600e-03	1.856747e-01
4.302700e-01	-2.023170e-02	2.039910e-01
4.805255e-01	-1.787113e-02	2.023265e-01
4.011007e-01	-1.065175e-01	9.455918e-02
4.907216e-01	-9.503121e-02	8.132134e-02
4.299277e-01	6.654374e-01	-1.953382e-01
4.248884e-01	6.850455e-01	-1.738171e-01
4.203404e-01	6.854105e-01	-1.739379e-01
4.169322e-01	6.857474e-01	-1.739815e-01
4.374081e-01	6.839719e-01	-1.800440e-01
4.416392e-01	6.838107e-01	-1.800518e-01
4.462515e-01	6.832244e-01	-1.799437e-01
4.129062e-01	6.780785e-01	-4.673614e-02
4.540100e-01	6.739001e-01	-6.619968e-02
4.220531e-01	6.466121e-01	-1.447940e-01
4.377064e-01	6.450900e-01	-1.515765e-01
3.879133e-01	5.831185e-01	-2.505806e-02
4.792136e-01	5.879548e-01	-6.322576e-02
3.600772e-01	5.538633e-01	-2.789659e-01
4.802773e-01	5.594082e-01	-3.327095e-01
3.393704e-01	5.464537e-01	-5.725535e-01
4.753683e-01	5.503896e-01	-6.294239e-01
3.319857e-01	5.436047e-01	-6.373280e-01
4.760744e-01	5.452792e-01	-6.984779e-01
3.423114e-01	5.423499e-01	-6.393799e-01
4.673405e-01	5.473924e-01	-6.943101e-01
3.501234e-01	5.423439e-01	-5.834108e-01
4.660877e-01	5.456381e-01	-6.392142e-01
4.110474e-01	3.008143e-01	1.134567e-02
4.741635e-01	3.114581e-01	-1.127707e-02
3.963232e-01	9.460858e-02	-7.507408e-02
4.765685e-01	9.852593e-02	-5.415270e-02
4.206786e-01	-1.845920e-02	1.790985e-01
4.813457e-01	-8.370679e-03	1.943935e-01
4.301798e-01	-2.048047e-02	2.004410e-01
4.793783e-01	-1.780836e-02	2.139347e-01
4.015077e-01	-1.154098e-01	9.030215e-02
4.908191e-01	-9.743578e-02	1.066005e-01
4.311133e-01	6.521622e-01	-1.665706e-01
4.252626e-01	6.707504e-01	-1.494121e-01
4.206973e-01	6.709026e-01	-1.494532e-01
4.171425e-01	6.710002e-01	-1.494607e-01
4.377535e-01	6.703600e-01	-1.508295e-01
4.420123e-01	6.704303e-01	-1.508286e-01
4.464916e-01	6.699761e-01	-1.507159e-01
4.129807e-01	6.626708e-01	-3.961756e-02
4.539820e-01	6.610650e-01	-4.314170e-02
4.230508e-01	6.326956e-01	-1.233350e-01
4.386427e-01	6.322202e-01	-1.247844e-01
3.878575e-01	5.695780e-01	-1.825803e-02
4.785904e-01	5.792208e-01	-6.120767e-02
3.603775e-01	5.351369e-01	-2.690662e-01
4.802681e-01	5.606239e-01	-3.300330e-01
3.429096e-01	5.266959e-01	-5.552237e-01
4.754262e-01	5.428104e-01	-6.111123e-01
3.343751e-01	5.252557e-01	-6.181175e-01
4.760881e-01	5.294755e-01	-6.775831e-01
3.449477e-01	5.253100e-01	-6.207044e-01
4.656650e-01	5.269622e-01	-6.720842e-01
3.534728e-01	5.251642e-01	-5.659583e-01
4.639027e-01	5.275527e-01	-6.199878e-01
4.114923e-01	2.903986e-01	1.171928e-02
4.742750e-01	3.009810e-01	-1.162119e-02
3.950856e-01	8.831466e-02	-8.663471e-02
4.761224e-01	8.983592e-02	-5.744852e-02
4.203690e-01	-1.794828e-02	1.714147e-01
4.809386e-01	-7.789963e-03	2.066986e-01
4.295843e-01	-1.980635e-02	1.951586e-01
4.779994e-01	-1.605350e-02	2.292369e-01
4.018243e-01	-1.133156e-01	1.005085e-01
4.914361e-01	-9.582491e-02	1.389770e-01
4.312819e-01	6.366180e-01	-1.302956e-01
4.254130e-01	6.562206e-01	-1.130241e-01
4.208624e-01	6.565253e-01	-1.130726e-01
4.172648e-01	6.566415e-01	-1.131175e-01
4.378163e-01	6.558174e-01	-1.145747e-01
4.420772e-01	6.558354e-01	-1.145557e-01
4.465294e-01	6.552615e-01	-1.143966e-01
4.131718e-01	6.491076e-01	-4.496279e-03
4.539745e-01	6.462044e-01	-1.081870e-02
4.232765e-01	6.180792e-01	-8.797599e-02
4.387690e-01	6.172149e-01	-8.980761e-02
3.878979e-01	5.574698e-01	9.916574e-03
4.785174e-01	5.633363e-01	-3.322971e-02
3.650070e-01	5.224001e-01	-2.393868e-01
4.760560e-01	5.389146e-01	-2.896427e-01
3.456221e-01	5.063373e-01	-5.315574e-01
4.741971e-01	5.277469e-01	-5.671145e-01
3.351291e-01	5.030270e-01	-5.938346e-01
4.759314e-01	5.106097e-01	-6.315075e-01
3.455048e-01	5.033618e-01	-5.978993e-01
4.646593e-01	5.112747e-01	-6.281214e-01
3.532497e-01	5.020789e-01	-5.429489e-01
4.623541e-01	5.135170e-01	-5.767692e-01
4.119083e-01	2.800332e-01	1.198356e-02
4.743949e-01	2.892332e-01	-1.186361e-02
3.934264e-01	7.831281e-02	-7.910701e-02
4.761191e-01	7.355722e-02	-5.738289e-02
4.193949e-01	-1.065669e-02	2.171504e-01
4.775556e-01	1.594746e-02	3.007585e-01
4.284436e-01	-8.708674e-03	2.444355e-01
4.765737e-01	2.176754e-02	3.371395e-01
4.015256e-01	-1.020555e-01	1.887341e-01
4.887887e-01	-4.105792e-02	2.955987e-01
4.315178e-01	6.201020e-01	-1.132741e-01
4.256725e-01	6.404414e-01	-9.618469e-02
4.211601e-01	6.410463e-01	-9.621491e-02
4.174826e-01	6.410983e-01	-9.622540e-02
4.379788e-01	6.391596e-01	-9.783845e-02
4.423131e-01	6.386944e-01	-9.783493e-02
4.467348e-01	6.379619e-01	-9.766690e-02
4.134087e-01	6.331317e-01	1.374591e-02
4.540116e-01	6.293097e-01	5.887649e-03
4.235057e-01	6.029409e-01	-7.060771e-02
4.390002e-01	6.009445e-01	-7.273021e-02
3.882189e-01	5.451080e-01	2.711113e-02
4.782056e-01	5.520573e-01	-2.054941e-02
3.688070e-01	5.093995e-01	-2.302692e-01
4.759225e-01	5.298119e-01	-2.921873e-01
3.482380e-01	4.935884e-01	-5.278220e-01
4.742170e-01	5.151256e-01	-5.739495e-01
3.351417e-01	4.878781e-01	-5.903937e-01
4.760239e-01	4.955973e-01	-6.379750e-01
3.458051e-01	4.877929e-01	-5.938305e-01
4.641948e-01	4.948874e-01	-6.337604e-01
3.551753e-01	4.880958e-01	-5.389891e-01
4.615131e-01	4.972175e-01	-5.831141e-01
4.119861e-01	2.694127e-01	1.302521e-02
4.744574e-01	2.795971e-01	-1.288448e-02
3.923347e-01	6.970354e-02	-7.813644e-02
4.758956e-01	6.757791e-02	-6.675644e-02
4.204007e-01	-1.326750e-02	2.020036e-01
4.776036e-01	1.273113e-02	2.525339e-01
4.304125e-01	-1.245873e-02	2.259514e-01
4.784624e-01	1.700276e-02	2.832110e-01
4.041632e-01	-1.057546e-01	1.689904e-01
4.950074e-01	-5.011456e-02	2.299401e-01
4.316888e-01	6.078023e-01	-1.057056e-01
4.258442e-01	6.282435e-01	-8.910301e-02
4.213393e-01	6.288732e-01	-8.914302e-02
4.176145e-01	6.289291e-01	-8.916628e-02
4.381285e-01	6.268759e-01	-8.956194e-02
4.425552e-01	6.263644e-01	-8.955813e-02
4.469358e-01	6.255150e-01	-8.935388e-02
4.134842e-01	6.214641e-01	1.762348e-02
4.540595e-01	6.170499e-01	1.452916e-02
4.236553e-01	5.910483e-01	-6.435676e-02
4.391941e-01	5.888427e-01	-6.503934e-02
3.884335e-01	5.331915e-01	2.501150e-02
4.774238e-01	5.403982e-01	-8.638721e-03
3.707166e-01	4.988178e-01	-2.317272e-01
4.759823e-01	5.230693e-01	-2.696705e-01
3.496913e-01	4.783845e-01	-5.223519e-01
4.744434e-01	5.076736e-01	-5.462248e-01
3.350718e-01	4.731394e-01	-5.847718e-01
4.766364e-01	4.851328e-01	-6.066557e-01
3.457156e-01	4.724970e-01	-5.868946e-01
4.640080e-01	4.810034e-01	-6.039379e-01
3.548866e-01	4.722531e-01	-5.328306e-01
4.611441e-01	4.837153e-01	-5.558602e-01
4.120304e-01	2.606906e-01	1.290911e-02
4.744976e-01	2.704504e-01	-1.277069e-02
3.922452e-01	6.368185e-02	-6.975522e-02
4.759000e-01	5.610559e-02	-6.660476e-02
4.184943e-01	-5.573352e-04	2.538319e-01
4.777249e-01	1.781204e-02	2.672553e-01
4.271552e-01	6.884948e-03	2.854875e-01
4.774737e-01	2.187408e-02	3.025380e-01
4.038319e-01	-7.923879e-02	2.598462e-01
4.945784e-01	-4.557498e-02	2.753263e-01
4.320977e-01	6.038591e-01	-1.240434e-01
4.260536e-01	6.237819e-01	-1.066737e-01
4.215618e-01	6.244898e-01	-1.067146e-01
4.177025e-01	6.252612e-01	-1.067199e-01
4.384333e-01	6.225470e-01	-1.080428e-01
4.429309e-01	6.226929e-01	-1.080407e-01
4.472069e-01	6.230166e-01	-1.078875e-01
4.134852e-01	6.194726e-01	5.078591e-03
4.541727e-01	6.175790e-01	-1.629116e-03
4.240870e-01	5.855882e-01	-8.107390e-02
4.395542e-01	5.837290e-01	-8.277065e-02
3.887203e-01	5.294095e-01	2.072048e-02
4.773937e-01	5.417835e-01	-1.546733e-02
3.699221e-01	4.950697e-01	-2.319827e-01
4.777192e-01	5.279387e-01	-2.924418e-01
3.495309e-01	4.760992e-01	-5.207082e-01
4.744615e-01	5.055171e-01	-5.659938e-01
3.350075e-01	4.725553e-01	-5.809894e-01
4.771528e-01	4.833276e-01	-6.281643e-01
3.460087e-01	4.723634e-01	-5.830929e-01
4.629582e-01	4.779014e-01	-6.231968e-01
3.546893e-01	4.719057e-01	-5.308893e-01
4.597057e-01	4.807548e-01	-5.741662e-01
4.122361e-01	2.624391e-01	1.407253e-02
4.746321e-01	2.702727e-01	-1.394458e-02
3.925317e-01	6.283294e-02	-7.734650e-02
4.759040e-01	5.627416e-02	-7.326851e-02
4.186439e-01	-3.056053e-03	2.324461e-01
4.778159e-01	1.616037e-02	2.746892e-01
4.278099e-01	-1.425315e-03	2.810687e-01
4.785753e-01	2.664784e-02	3.101682e-01
4.060733e-01	-9.658469e-02	1.828148e-01
4.954318e-01	-4.467797e-02	2.695626e-01
4.323373e-01	5.953996e-01	-1.177575e-01
4.261623e-01	6.148737e-01	-9.991495e-02
4.217359e-01	6.152343e-01	-9.994496e-02
4.178264e-01	6.158304e-01	-9.992472e-02
4.386130e-01	6.142390e-01	-1.012109e-01
4.431590e-01	6.142495e-01	-1.012207e-01
4.473807e-01	6.140156e-01	-1.010621e-01
4.135305e-01	6.090410e-01	1.186525e-02
4.542236e-01	6.064200e-01	4.925587e-03
4.243317e-01	5.769882e-01	-7.497367e-02
4.397937e-01	5.757269e-01	-7.673863e-02
3.887665e-01	5.174313e-01	2.535970e-02
4.773998e-01	5.321990e-01	-2.127985e-02
3.698709e-01	4.856644e-01	-2.321110e-01
4.793496e-01	5.194623e-01	-2.954029e-01
3.509719e-01	4.690834e-01	-5.184012e-01
4.754363e-01	4.929865e-01	-5.641404e-01
3.357676e-01	4.629392e-01	-5.789479e-01
4.778520e-01	4.695136e-01	-6.241363e-01
3.473267e-01	4.624952e-01	-5.777012e-01
4.629886e-01	4.643832e-01	-6.185847e-01
3.573005e-01	4.634483e-01	-5.271617e-01
4.597808e-01	4.672446e-01	-5.715632e-01
4.122405e-01	2.521577e-01	1.416530e-02
4.746336e-01	2.609496e-01	-1.404026e-02
3.927612e-01	5.807263e-02	-7.761376e-02
4.755931e-01	5.502569e-02	-8.304076e-02
4.186627e-01	-3.571578e-03	2.166717e-01
4.780319e-01	1.591226e-02	2.586461e-01
4.278461e-01	-2.218336e-03	2.479344e-01
4.791543e-01	2.208094e-02	2.935053e-01
4.070234e-01	-9.927327e-02	1.970285e-01
4.978672e-01	-5.004441e-02	2.577430e-01
4.325140e-01	5.892936e-01	-9.559428e-02
4.263941e-01	6.073311e-01	-7.720080e-02
4.221427e-01	6.074924e-01	-7.722668e-02
4.181400e-01	6.078736e-01	-7.720095e-02
4.387971e-01	6.067806e-01	-7.831328e-02
4.433827e-01	6.066331e-01	-7.833980e-02
4.475533e-01	6.061386e-01	-7.813516e-02
4.137944e-01	6.003591e-01	3.195580e-02
4.543921e-01	5.972027e-01	2.563146e-02
4.245802e-01	5.706142e-01	-5.394224e-02
4.399248e-01	5.694574e-01	-5.554961e-02
3.890912e-01	5.091866e-01	3.742123e-02
4.774097e-01	5.234994e-01	-7.946797e-03
3.706843e-01	4.788639e-01	-2.136987e-01
4.799380e-01	5.100096e-01	-2.713063e-01
3.521326e-01	4.631435e-01	-4.960644e-01
4.756910e-01	4.833018e-01	-5.321301e-01
3.357847e-01	4.556948e-01	-5.567089e-01
4.781667e-01	4.598913e-01	-5.892123e-01
3.475940e-01	4.547818e-01	-5.569341e-01
4.628959e-01	4.548316e-01	-5.850014e-01
3.582435e-01	4.552149e-01	-5.053833e-01
4.597014e-01	4.576242e-01	-5.397495e-01
4.121888e-01	2.444911e-01	1.416821e-02
4.746720e-01	2.528632e-01	-1.403818e-02
3.929313e-01	5.144581e-02	-7.724468e-02
4.747825e-01	4.759050e-02	-7.926755e-02
4.178628e-01	6.473210e-03	2.525564e-01
4.837587e-01	8.951153e-03	2.697564e-01
4.272062e-01	4.621151e-03	2.868616e-01
4.836318e-01	1.890295e-02	3.078994e-01
4.089607e-01	-8.846324e-02	2.733495e-01
4.936741e-01	-5.263474e-02	2.926455e-01
4.328534e-01	5.815470e-01	-5.421199e-02
4.267721e-01	6.001716e-01	-3.704102e-02
4.227033e-01	6.004738e-01	-3.707498e-02
4.185320e-01	6.010165e-01	-3.708176e-02
4.391904e-01	5.991668e-01	-3.753435e-02
4.438492e-01	5.988960e-01	-3.755764e-02
4.479191e-01	5.983840e-01	-3.731475e-02
4.139535e-01	5.938124e-01	6.219427e-02
4.546422e-01	5.894059e-01	5.850814e-02
4.248930e-01	5.629923e-01	-1.632259e-02
4.401223e-01	5.614073e-01	-1.727817e-02
3.892970e-01	5.018860e-01	5.643620e-02
4.774336e-01	5.168692e-01	1.992407e-02
3.719205e-01	4.737343e-01	-1.834642e-01
4.803912e-01	5.032163e-01	-2.279378e-01
3.525705e-01	4.547500e-01	-4.465907e-01
4.758742e-01	4.721902e-01	-4.787025e-01
3.357934e-01	4.477957e-01	-5.023250e-01
4.784088e-01	4.497813e-01	-5.303036e-01
3.474864e-01	4.464305e-01	-5.010000e-01
4.630112e-01	4.446518e-01	-5.276006e-01
3.580722e-01	4.459570e-01	-4.547701e-01
4.597224e-01	4.471581e-01	-4.866599e-01
4.115228e-01	2.382312e-01	1.406111e-02
4.746797e-01	2.472214e-01	-1.392327e-02
3.930545e-01	4.699806e-02	-7.668478e-02
4.740204e-01	4.686768e-02	-7.669221e-02
4.176075e-01	1.629086e-02	2.585401e-01
4.749469e-01	2.625830e-02	2.589899e-01
4.267504e-01	2.155191e-02	2.937742e-01
4.834652e-01	2.010928e-02	2.956232e-01
4.118927e-01	-6.754350e-02	2.978361e-01
4.853143e-01	-4.655560e-02	2.956554e-01
4.331806e-01	5.789139e-01	-6.556256e-02
4.271003e-01	5.968295e-01	-4.745468e-02
4.231585e-01	5.973077e-01	-4.749361e-02
4.187996e-01	5.977660e-01	-4.750086e-02
4.396677e-01	5.956234e-01	-4.852740e-02
4.445293e-01	5.955287e-01	-4.854328e-02
4.485192e-01	5.950664e-01	-4.829858e-02
4.141057e-01	5.911677e-01	5.738537e-02
4.551668e-01	5.877301e-01	5.098276e-02
4.251964e-01	5.596135e-01	-2.558664e-02
4.404554e-01	5.578772e-01	-2.725697e-02
3.896838e-01	4.997911e-01	5.658870e-02
4.777388e-01	5.168913e-01	1.651441e-02
3.734423e-01	4.719142e-01	-1.803968e-01
4.813129e-01	4.992215e-01	-2.313307e-01
3.536770e-01	4.503616e-01	-4.488781e-01
4.761788e-01	4.668792e-01	-4.895897e-01
3.357596e-01	4.430222e-01	-5.073896e-01
4.790021e-01	4.441794e-01	-5.455731e-01
3.472598e-01	4.394704e-01	-5.088695e-01
4.633445e-01	4.394059e-01	-5.440252e-01
3.579238e-01	4.408011e-01	-4.586380e-01
4.597630e-01	4.421486e-01	-4.986435e-01
4.113502e-01	2.365220e-01	1.405000e-02
4.748133e-01	2.446199e-01	-1.390686e-02
3.931467e-01	4.600131e-02	-7.194751e-02
4.738769e-01	4.361023e-02	-7.563467e-02
4.173444e-01	1.493854e-02	2.692231e-01
4.729231e-01	2.798473e-02	2.880469e-01
4.265018e-01	2.115764e-02	3.044699e-01
4.834471e-01	2.332798e-02	3.286592e-01
4.118402e-01	-6.474757e-02	3.018080e-01
4.850408e-01	-3.967306e-02	3.313552e-01
4.334137e-01	5.768991e-01	-4.804168e-02
4.272743e-01	5.945533e-01	-3.067936e-02
4.233578e-01	5.952315e-01	-3.070466e-02
4.189242e-01	5.956793e-01	-3.070528e-02
4.399246e-01	5.931319e-01	-3.168031e-02
4.448918e-01	5.930012e-01	-3.169960e-02
4.488066e-01	5.924932e-01	-3.143039e-02
4.141205e-01	5.890069e-01	7.051949e-02
4.553739e-01	5.856476e-01	6.414538e-02
4.253581e-01	5.573521e-01	-9.170881e-03
4.406176e-01	5.554246e-01	-1.088517e-02
3.899284e-01	4.977185e-01	7.242217e-02
4.778476e-01	5.173302e-01	2.926676e-02
3.749941e-01	4.702564e-01	-1.359327e-01
4.817964e-01	4.979495e-01	-2.025253e-01
3.535618e-01	4.450823e-01	-3.805777e-01
4.762335e-01	4.615378e-01	-4.500512e-01
3.350430e-01	4.367807e-01	-4.337221e-01
4.795659e-01	4.370870e-01	-5.027162e-01
3.452183e-01	4.335490e-01	-4.374049e-01
4.634827e-01	4.325069e-01	-5.021904e-01
3.576303e-01	4.350950e-01	-3.904727e-01
4.597860e-01	4.357783e-01	-4.588837e-01
4.111497e-01	2.334980e-01	1.420378e-02
4.748289e-01	2.430751e-01	-1.404771e-02
3.931831e-01	4.376541e-02	-6.301260e-02
4.737467e-01	4.004889e-02	-7.382563e-02
4.159971e-01	2.032028e-02	2.796628e-01
4.717766e-01	2.859924e-02	2.778710e-01
4.251974e-01	2.770901e-02	3.160267e-01
4.833270e-01	2.626887e-02	3.172755e-01
4.116822e-01	-5.600650e-02	3.250176e-01
4.840266e-01	-3.577122e-02	3.273481e-01
4.336276e-01	5.745242e-01	-3.540488e-02
4.273952e-01	5.928563e-01	-1.820585e-02
4.234571e-01	5.938572e-01	-1.822152e-02
4.189662e-01	5.944507e-01	-1.823735e-02
4.401085e-01	5.909922e-01	-1.904972e-02
4.450957e-01	5.909200e-01	-1.905580e-02
4.489756e-01	5.904970e-01	-1.877116e-02
4.140429e-01	5.879638e-01	8.014751e-02
4.554162e-01	5.842773e-01	7.434797e-02
4.254266e-01	5.553945e-01	2.464415e-03
4.407248e-01	5.531460e-01	8.771090e-04
3.899664e-01	4.982113e-01	7.981062e-02
4.778519e-01	5.178353e-01	3.776681e-02
3.749955e-01	4.706658e-01	-1.260467e-01
4.823453e-01	5.007771e-01	-1.871764e-01
3.533705e-01	4.425551e-01	-3.654224e-01
4.762458e-01	4.617845e-01	-4.246283e-01
3.345123e-01	4.366114e-01	-4.171650e-01
4.796704e-01	4.373570e-01	-4.750507e-01
3.438362e-01	4.336465e-01	-4.193645e-01
4.634598e-01	4.325618e-01	-4.744979e-01
3.570401e-01	4.349067e-01	-3.746679e-01
4.598214e-01	4.356215e-01	-4.331777e-01
4.110106e-01	2.329017e-01	1.416758e-02
4.748867e-01	2.430174e-01	-1.401407e-02
3.931972e-01	4.570941e-02	-6.297463e-02
4.737479e-01	3.965530e-02	-7.647635e-02
4.151402e-01	2.444865e-02	2.687065e-01
4.710746e-01	3.307033e-02	2.700287e-01
4.245685e-01	3.276407e-02	3.037775e-01
4.809237e-01	3.456779e-02	3.087707e-01
4.112948e-01	-4.857113e-02	3.143170e-01
4.817749e-01	-2.701964e-02	3.236410e-01
4.340028e-01	5.736799e-01	-4.032840e-02
4.276450e-01	5.924811e-01	-2.339506e-02
4.236986e-01	5.935586e-01	-2.341664e-02
4.191077e-01	5.942268e-01	-2.342859e-02
4.404604e-01	5.906060e-01	-2.398060e-02
4.454326e-01	5.906320e-01	-2.398817e-02
4.492573e-01	5.902214e-01	-2.370407e-02
4.140419e-01	5.876936e-01	7.571268e-02
4.555615e-01	5.838605e-01	7.105038e-02
4.256169e-01	5.544759e-01	-2.076005e-03
4.409758e-01	5.522540e-01	-3.326158e-03
3.900108e-01	4.974463e-01	7.615696e-02
4.778910e-01	5.187787e-01	3.685344e-02
3.747036e-01	4.678939e-01	-1.335236e-01
4.826144e-01	5.018572e-01	-1.879623e-01
3.531103e-01	4.386718e-01	-3.773961e-01
4.762464e-01	4.607547e-01	-4.280350e-01
3.337449e-01	4.338295e-01	-4.306011e-01
4.799610e-01	4.356797e-01	-4.797048e-01
3.426762e-01	4.310415e-01	-4.327718e-01
4.635646e-01	4.315718e-01	-4.796262e-01
3.561690e-01	4.319348e-01	-3.866932e-01
4.598970e-01	4.347067e-01	-4.369265e-01
4.110060e-01	2.319949e-01	1.412603e-02
4.750128e-01	2.426856e-01	-1.396541e-02
3.932221e-01	4.526769e-02	-6.356388e-02
4.738123e-01	3.932979e-02	-7.667357e-02
4.152402e-01	2.112372e-02	2.665210e-01
4.712585e-01	3.139653e-02	2.674892e-01
4.246531e-01	2.831196e-02	3.014798e-01
4.768710e-01	3.473642e-02	3.062861e-01
4.111055e-01	-5.532534e-02	3.075230e-01
4.814420e-01	-3.226129e-02	3.163646e-01
4.343537e-01	5.736033e-01	-3.978215e-02
4.279441e-01	5.926363e-01	-2.340028e-02
4.239901e-01	5.937713e-01	-2.342806e-02
4.193049e-01	5.945766e-01	-2.344704e-02
4.407617e-01	5.906933e-01	-2.344869e-02
4.456838e-01	5.906975e-01	-2.345720e-02
4.494471e-01	5.903060e-01	-2.318957e-02
4.140480e-01	5.882828e-01	7.311625e-02
4.556370e-01	5.838136e-01	7.118596e-02
4.258341e-01	5.545273e-01	-2.670287e-03
4.411518e-01	5.521122e-01	-3.102708e-03
3.900089e-01	4.968572e-01	6.967574e-02
4.779465e-01	5.178269e-01	3.489552e-02
3.744524e-01	4.666755e-01	-1.511406e-01
4.827570e-01	4.999375e-01	-1.951669e-01
3.532661e-01	4.381940e-01	-3.989955e-01
4.762619e-01	4.600683e-01	-4.358040e-01
3.337833e-01	4.326080e-01	-4.509862e-01
4.799811e-01	4.343876e-01	-4.839110e-01
3.427537e-01	4.300596e-01	-4.492497e-01
4.635831e-01	4.310363e-01	-4.828185e-01
3.563435e-01	4.312709e-01	-4.065219e-01
4.599187e-01	4.345657e-01	-4.439058e-01
4.109981e-01	2.310131e-01	1.333297e-02
4.750397e-01	2.416954e-01	-1.319606e-02
3.932672e-01	4.508973e-02	-6.940670e-02
4.738229e-01	3.913112e-02	-9.130821e-02
4.147937e-01	2.725184e-02	2.663905e-01
4.711174e-01	3.731200e-02	2.408994e-01
4.240421e-01	4.220631e-02	3.031140e-01
4.721274e-01	4.194742e-02	2.808606e-01
4.115435e-01	-3.866598e-02	3.230101e-01
4.787489e-01	-2.577072e-02	3.012198e-01
4.345093e-01	5.749750e-01	-6.915832e-02
4.280809e-01	5.942053e-01	-5.200539e-02
4.241130e-01	5.951860e-01	-5.203368e-02
4.194137e-01	5.958285e-01	-5.205799e-02
4.408724e-01	5.924749e-01	-5.323207e-02
4.457749e-01	5.922475e-01	-5.323233e-02
4.495177e-01	5.918205e-01	-5.296452e-02
4.140893e-01	5.897532e-01	5.105287e-02
4.556974e-01	5.851443e-01	4.373913e-02
4.260237e-01	5.557595e-01	-2.926983e-02
4.412335e-01	5.537747e-01	-3.134838e-02
3.900548e-01	4.978901e-01	5.232369e-02
4.782416e-01	5.181084e-01	1.209020e-02
3.743728e-01	4.650783e-01	-1.774658e-01
4.829157e-01	4.937233e-01	-2.190470e-01
3.531471e-01	4.369817e-01	-4.510459e-01
4.766458e-01	4.592969e-01	-4.472141e-01
3.337810e-01	4.321657e-01	-5.102752e-01
4.807012e-01	4.340985e-01	-5.032769e-01
3.427822e-01	4.296973e-01	-5.106437e-01
4.647588e-01	4.314966e-01	-5.053660e-01
3.563384e-01	4.303569e-01	-4.603921e-01
4.606250e-01	4.351826e-01	-4.575597e-01
4.110084e-01	2.322162e-01	1.350159e-02
4.750465e-01	2.421138e-01	-1.335021e-02
3.932944e-01	4.584855e-02	-7.955714e-02
4.738324e-01	4.014874e-02	-8.691265e-02
4.148580e-01	2.526559e-02	2.626764e-01
4.714583e-01	2.633508e-02	2.617667e-01
4.241471e-01	3.858324e-02	2.982374e-01
4.728463e-01	3.991108e-02	3.017189e-01
4.114343e-01	-5.199590e-02	2.963198e-01
4.792965e-01	-4.007812e-02	2.994435e-01
4.347396e-01	5.773634e-01	-7.974930e-02
4.282669e-01	5.963961e-01	-6.149124e-02
4.242727e-01	5.972176e-01	-6.151817e-02
4.195469e-01	5.976859e-01	-6.152769e-02
4.410248e-01	5.950411e-01	-6.324916e-02
4.458492e-01	5.947784e-01	-6.324984e-02
4.496303e-01	5.944261e-01	-6.299987e-02
4.141220e-01	5.914147e-01	4.540974e-02
4.558031e-01	5.872870e-01	3.577430e-02
4.261471e-01	5.581888e-01	-3.867859e-02
4.414429e-01	5.567264e-01	-4.140095e-02
3.901780e-01	4.996254e-01	4.892831e-02
4.787881e-01	5.195325e-01	4.192865e-03
3.742498e-01	4.656876e-01	-1.832125e-01
4.833313e-01	4.940413e-01	-2.355470e-01
3.511308e-01	4.370556e-01	-4.635194e-01
4.767798e-01	4.606186e-01	-4.696375e-01
3.329893e-01	4.338589e-01	-5.238813e-01
4.807338e-01	4.360485e-01	-5.285849e-01
3.418654e-01	4.310366e-01	-5.253211e-01
4.647755e-01	4.341774e-01	-5.284520e-01
3.533571e-01	4.305497e-01	-4.734499e-01
4.606422e-01	4.378223e-01	-4.788635e-01
4.109696e-01	2.343184e-01	1.360788e-02
4.750901e-01	2.438324e-01	-1.344596e-02
3.933082e-01	4.676102e-02	-9.024300e-02
4.739226e-01	4.065130e-02	-9.294952e-02
4.148852e-01	1.303634e-02	2.462713e-01
4.716910e-01	1.778464e-02	2.596797e-01
4.244856e-01	2.555559e-02	2.807400e-01
4.730098e-01	2.704502e-02	2.999745e-01
4.113120e-01	-7.194082e-02	2.631110e-01
4.799085e-01	-5.431370e-02	2.820779e-01
4.348584e-01	5.793154e-01	-9.459689e-02
4.283226e-01	5.984494e-01	-7.677974e-02
4.243377e-01	5.992500e-01	-7.680545e-02
4.195802e-01	5.997242e-01	-7.682480e-02
4.411367e-01	5.970872e-01	-7.859025e-02
4.459051e-01	5.968657e-01	-7.858983e-02
4.497011e-01	5.965028e-01	-7.837941e-02
4.141397e-01	5.932620e-01	3.000857e-02
4.558168e-01	5.893068e-01	2.017241e-02
4.261833e-01	5.603317e-01	-5.353158e-02
4.414742e-01	5.588181e-01	-5.626000e-02
3.901179e-01	5.012929e-01	3.749691e-02
4.789338e-01	5.208618e-01	-9.536915e-03
3.735593e-01	4.675991e-01	-1.927021e-01
4.838378e-01	4.965473e-01	-2.523786e-01
3.499395e-01	4.400461e-01	-4.702399e-01
4.769510e-01	4.638259e-01	-4.953178e-01
3.327824e-01	4.370788e-01	-5.299103e-01
4.808330e-01	4.398283e-01	-5.538471e-01
3.418117e-01	4.340890e-01	-5.312415e-01
4.648669e-01	4.374603e-01	-5.520320e-01
3.534147e-01	4.335582e-01	-4.800047e-01
4.607041e-01	4.405287e-01	-5.041961e-01
4.107557e-01	2.357847e-01	1.349543e-02
4.751433e-01	2.451483e-01	-1.331948e-02
3.933299e-01	4.878003e-02	-1.091359e-01
4.739955e-01	4.126108e-02	-9.650194e-02
4.150634e-01	2.681788e-03	2.078666e-01
4.717841e-01	1.472979e-02	2.504523e-01
4.248751e-01	1.533003e-02	2.390715e-01
4.734231e-01	2.059100e-02	2.877530e-01
4.112230e-01	-8.328976e-02	2.048446e-01
4.799936e-01	-5.912122e-02	2.566052e-01
4.349225e-01	5.804094e-01	-1.035320e-01
4.283537e-01	5.996580e-01	-8.600903e-02
4.243728e-01	6.004429e-01	-8.603144e-02
4.195979e-01	6.009098e-01	-8.604387e-02
4.411792e-01	5.983052e-01	-8.776029e-02
4.459210e-01	5.981237e-01	-8.776094e-02
4.497205e-01	5.977639e-01	-8.756088e-02
4.141453e-01	5.942609e-01	2.080592e-02
4.558205e-01	5.905128e-01	1.113748e-02
4.262051e-01	5.615630e-01	-6.240710e-02
4.414934e-01	5.601040e-01	-6.506956e-02
3.900936e-01	5.022095e-01	2.938109e-02
4.791143e-01	5.217147e-01	-1.670181e-02
3.734604e-01	4.690835e-01	-2.033850e-01
4.843101e-01	4.979987e-01	-2.609480e-01
3.496853e-01	4.412941e-01	-4.818953e-01
4.771870e-01	4.656351e-01	-5.055813e-01
3.327908e-01	4.385922e-01	-5.418843e-01
4.809311e-01	4.420425e-01	-5.630480e-01
3.418651e-01	4.354005e-01	-5.425347e-01
4.650547e-01	4.395652e-01	-5.606430e-01
3.535112e-01	4.348170e-01	-4.914003e-01
4.609168e-01	4.424697e-01	-5.141140e-01
4.107404e-01	2.366856e-01	1.338815e-02
4.751727e-01	2.459432e-01	-1.320512e-02
3.933403e-01	4.892615e-02	-1.039939e-01
4.739984e-01	4.193662e-02	-9.687240e-02
4.153500e-01	-1.892906e-03	2.087197e-01
4.719321e-01	1.138673e-02	2.409605e-01
4.253105e-01	9.804945e-03	2.392736e-01
4.734139e-01	1.591672e-02	2.762663e-01
4.111369e-01	-8.988529e-02	2.039083e-01
4.801088e-01	-6.474021e-02	2.418716e-01
4.348026e-01	5.815216e-01	-9.992281e-02
4.282855e-01	6.026751e-01	-8.272873e-02
4.243304e-01	6.033574e-01	-8.276248e-02
4.195678e-01	6.034067e-01	-8.278881e-02
4.410749e-01	6.010769e-01	-8.393344e-02
4.458549e-01	6.005364e-01	-8.393453e-02
4.496391e-01	5.997853e-01	-8.373781e-02
4.141672e-01	5.959058e-01	2.291824e-02
4.558046e-01	5.914965e-01	1.578601e-02
4.261566e-01	5.637780e-01	-5.921049e-02
4.412480e-01	5.622945e-01	-6.110305e-02
3.896979e-01	5.040882e-01	2.647536e-02
4.791140e-01	5.228265e-01	-1.120715e-02
3.733659e-01	4.747438e-01	-2.146260e-01
4.844083e-01	5.030829e-01	-2.558168e-01
3.507535e-01	4.432874e-01	-4.930127e-01
4.771836e-01	4.728191e-01	-5.086466e-01
3.338018e-01	4.402264e-01	-5.530785e-01
4.809374e-01	4.489774e-01	-5.655331e-01
3.430184e-01	4.359108e-01	-5.532656e-01
4.654787e-01	4.472478e-01	-5.644842e-01
3.545222e-01	4.352309e-01	-5.021177e-01
4.617223e-01	4.517400e-01	-5.181685e-01
4.108282e-01	2.404440e-01	1.281878e-02
4.753779e-01	2.489967e-01	-1.264054e-02
3.933760e-01	5.098872e-02	-9.857405e-02
4.739436e-01	4.201579e-02	-9.663514e-02
4.153923e-01	-3.251227e-03	2.183975e-01
4.715640e-01	1.064406e-02	2.379076e-01
4.255234e-01	6.291423e-03	2.493597e-01
4.699593e-01	1.290542e-02	2.729204e-01
4.108818e-01	-8.939273e-02	2.155743e-01
4.798501e-01	-6.377964e-02	2.399710e-01
4.347144e-01	5.918971e-01	-1.154262e-01
4.282709e-01	6.108233e-01	-9.953748e-02
4.243285e-01	6.108137e-01	-9.957434e-02
4.195746e-01	6.104878e-01	-9.959994e-02
4.409161e-01	6.105222e-01	-1.006250e-01
4.456855e-01	6.102469e-01	-1.006401e-01
4.495281e-01	6.097350e-01	-1.004969e-01
4.143361e-01	6.039705e-01	6.030793e-03
4.557062e-01	6.009041e-01	-2.979763e-04
4.261739e-01	5.725439e-01	-7.435115e-02
4.411954e-01	5.727819e-01	-7.600145e-02
3.895596e-01	5.162964e-01	2.082531e-02
4.785711e-01	5.304585e-01	-1.857080e-02
3.720006e-01	4.819455e-01	-2.068767e-01
4.843968e-01	5.161221e-01	-2.608323e-01
3.498448e-01	4.483578e-01	-4.878729e-01
4.771824e-01	4.830866e-01	-5.221682e-01
3.339918e-01	4.465386e-01	-5.510348e-01
4.809546e-01	4.597155e-01	-5.807497e-01
3.431748e-01	4.418822e-01	-5.434685e-01
4.656802e-01	4.567807e-01	-5.808316e-01
3.544112e-01	4.412999e-01	-4.951762e-01
4.621216e-01	4.616434e-01	-5.322293e-01
4.109077e-01	2.478114e-01	1.280660e-02
4.753809e-01	2.557363e-01	-1.262839e-02
3.933966e-01	5.689199e-02	-9.512944e-02
4.739456e-01	4.754322e-02	-9.548841e-02
4.157907e-01	-1.196229e-02	1.892538e-01
4.716464e-01	4.540523e-03	2.031374e-01
4.259878e-01	-5.666481e-03	2.150452e-01
4.695837e-01	2.843123e-03	2.323587e-01
4.108061e-01	-9.756114e-02	1.624366e-01
4.801373e-01	-7.446787e-02	1.789243e-01
4.346870e-01	6.069140e-01	-1.250898e-01
4.282454e-01	6.248476e-01	-1.089521e-01
4.243169e-01	6.246347e-01	-1.090020e-01
4.195720e-01	6.242998e-01	-1.090377e-01
4.407218e-01	6.249342e-01	-1.098221e-01
4.454873e-01	6.246350e-01	-1.098316e-01
4.492700e-01	6.240636e-01	-1.097015e-01
4.143929e-01	6.168587e-01	-1.526346e-03
4.554406e-01	6.160817e-01	-6.339626e-03
4.261806e-01	5.863028e-01	-8.330058e-02
4.411779e-01	5.874775e-01	-8.449374e-02
3.894633e-01	5.306136e-01	1.803847e-02
4.782566e-01	5.402209e-01	-1.661987e-02
3.711796e-01	4.935680e-01	-2.005477e-01
4.845486e-01	5.234110e-01	-2.508805e-01
3.478943e-01	4.606114e-01	-4.749203e-01
4.777543e-01	4.912947e-01	-5.155833e-01
3.333329e-01	4.584093e-01	-5.381085e-01
4.818278e-01	4.676439e-01	-5.736178e-01
3.422295e-01	4.536505e-01	-5.387158e-01
4.667549e-01	4.683754e-01	-5.742544e-01
3.521614e-01	4.532863e-01	-4.875335e-01
4.632662e-01	4.733833e-01	-5.251657e-01
4.110742e-01	2.578938e-01	1.252944e-02
4.753836e-01	2.649929e-01	-1.234045e-02
3.934114e-01	6.369244e-02	-1.039701e-01
4.739425e-01	5.349924e-02	-9.421633e-02
4.159293e-01	-1.594334e-02	1.921340e-01
4.717135e-01	1.971056e-03	2.133702e-01
4.261839e-01	-1.025600e-02	2.192455e-01
4.697165e-01	-6.384442e-04	2.432794e-01
4.107558e-01	-1.010997e-01	1.562451e-01
4.801130e-01	-7.998145e-02	1.798518e-01
4.345261e-01	6.232473e-01	-1.722336e-01
4.280218e-01	6.419895e-01	-1.552634e-01
4.241270e-01	6.418639e-01	-1.553322e-01
4.193974e-01	6.415828e-01	-1.553613e-01
4.404288e-01	6.417840e-01	-1.562745e-01
4.451720e-01	6.417102e-01	-1.562895e-01
4.489912e-01	6.412126e-01	-1.562206e-01
4.143468e-01	6.337384e-01	-4.061535e-02
4.552111e-01	6.335020e-01	-4.507641e-02
4.261271e-01	6.036952e-01	-1.280276e-01
4.411508e-01	6.041892e-01	-1.291305e-01
3.891712e-01	5.449290e-01	-9.625836e-03
4.782712e-01	5.540896e-01	-4.537733e-02
3.652124e-01	5.012294e-01	-2.245596e-01
4.845426e-01	5.298388e-01	-2.798869e-01
3.463636e-01	4.783385e-01	-5.143408e-01
4.783495e-01	4.983625e-01	-5.611828e-01
3.330275e-01	4.724369e-01	-5.792516e-01
4.822467e-01	4.786058e-01	-6.269526e-01
3.442231e-01	4.705988e-01	-5.887851e-01
4.680181e-01	4.811072e-01	-6.275662e-01
3.522609e-01	4.707221e-01	-5.271778e-01
4.644460e-01	4.851140e-01	-5.715016e-01
4.110904e-01	2.731130e-01	1.272094e-02
4.754091e-01	2.794729e-01	-1.253971e-02
3.935033e-01	7.610854e-02	-1.274256e-01
4.735765e-01	7.739551e-02	-8.941597e-02
4.168968e-01	-1.736216e-02	1.665865e-01
4.718887e-01	-5.591855e-03	1.838194e-01
4.272402e-01	-1.912962e-02	1.924120e-01
4.698329e-01	-1.728459e-02	2.065577e-01
4.107188e-01	-1.064391e-01	1.109133e-01
4.802555e-01	-9.690367e-02	1.084932e-01
4.343444e-01	6.460310e-01	-1.747311e-01
4.277903e-01	6.639292e-01	-1.580624e-01
4.238325e-01	6.637847e-01	-1.581243e-01
4.191519e-01	6.633795e-01	-1.581309e-01
4.401949e-01	6.640563e-01	-1.588955e-01
4.448296e-01	6.637734e-01	-1.589265e-01
4.486716e-01	6.632115e-01	-1.588853e-01
4.140850e-01	6.542273e-01	-4.541080e-02
4.547455e-01	6.520258e-01	-4.926141e-02
4.259889e-01	6.253003e-01	-1.313324e-01
4.410837e-01	6.257337e-01	-1.323168e-01
3.889283e-01	5.599956e-01	-1.015776e-02
4.769410e-01	5.714099e-01	-5.810557e-02
3.558148e-01	5.146402e-01	-2.193202e-01
4.840741e-01	5.612846e-01	-3.027096e-01
3.464096e-01	4.978573e-01	-4.969288e-01
4.783427e-01	5.301355e-01	-5.806047e-01
3.375330e-01	4.913905e-01	-5.582383e-01
4.822721e-01	5.012652e-01	-6.452401e-01
3.471445e-01	4.925641e-01	-5.653300e-01
4.679652e-01	5.002468e-01	-6.440936e-01
3.534735e-01	4.932878e-01	-5.083150e-01
4.643716e-01	5.063403e-01	-5.898293e-01
4.111436e-01	2.859958e-01	1.500545e-02
4.749934e-01	2.939247e-01	-1.488498e-02
3.938743e-01	8.661110e-02	-1.185118e-01
4.730747e-01	9.851103e-02	-8.406077e-02
4.184830e-01	-1.607678e-02	1.787979e-01
4.776079e-01	-1.215896e-02	1.532356e-01
4.289969e-01	-1.430685e-02	2.049976e-01
4.742028e-01	-2.294879e-02	1.721964e-01
4.106846e-01	-1.028275e-01	1.247637e-01
4.832045e-01	-1.018910e-01	6.113503e-02
4.340312e-01	6.469761e-01	-1.807488e-01
4.275042e-01	6.651515e-01	-1.642925e-01
4.235522e-01	6.648607e-01	-1.643676e-01
4.188903e-01	6.644179e-01	-1.643951e-01
4.397786e-01	6.654387e-01	-1.655944e-01
4.444040e-01	6.654506e-01	-1.656264e-01
4.482648e-01	6.650954e-01	-1.655868e-01
4.139739e-01	6.567977e-01	-5.053480e-02
4.544529e-01	6.559742e-01	-5.637471e-02
4.257781e-01	6.270643e-01	-1.367119e-01
4.408491e-01	6.277972e-01	-1.382720e-01
3.885845e-01	5.629591e-01	-1.240409e-02
4.769259e-01	5.757673e-01	-5.338352e-02
3.512748e-01	5.127850e-01	-2.154756e-01
4.841587e-01	5.538456e-01	-2.860405e-01
3.439575e-01	5.015838e-01	-4.899986e-01
4.785441e-01	5.274639e-01	-5.660661e-01
3.383822e-01	4.963226e-01	-5.504522e-01
4.822652e-01	5.051529e-01	-6.301859e-01
3.478832e-01	4.974327e-01	-5.584416e-01
4.689903e-01	5.060889e-01	-6.303293e-01
3.529754e-01	4.975333e-01	-5.041361e-01
4.655951e-01	5.110670e-01	-5.759006e-01
4.113520e-01	2.895894e-01	1.498039e-02
4.749943e-01	2.983928e-01	-1.486943e-02
3.943179e-01	8.788506e-02	-1.137642e-01
4.729506e-01	1.046485e-01	-8.145395e-02
4.197604e-01	-1.496099e-02	1.849388e-01
4.811591e-01	-1.219930e-02	1.488417e-01
4.300806e-01	-1.198845e-02	2.104895e-01
4.782000e-01	-2.374337e-02	1.672628e-01
4.111835e-01	-1.006868e-01	1.289559e-01
4.890625e-01	-9.979818e-02	5.751825e-02
4.336141e-01	6.648057e-01	-1.812780e-01
4.270821e-01	6.830198e-01	-1.644377e-01
4.230614e-01	6.829042e-01	-1.645039e-01
4.184248e-01	6.822569e-01	-1.644995e-01
4.393398e-01	6.830074e-01	-1.650475e-01
4.439101e-01	6.824708e-01	-1.651038e-01
4.477854e-01	6.813818e-01	-1.650921e-01
4.134183e-01	6.717352e-01	-5.193931e-02
4.538762e-01	6.683720e-01	-5.460309e-02
4.253202e-01	6.445872e-01	-1.380888e-01
4.405512e-01	6.443820e-01	-1.386939e-01
3.876028e-01	5.761422e-01	-1.356204e-02
4.758953e-01	5.890014e-01	-5.488496e-02
3.392634e-01	5.258762e-01	-2.139123e-01
4.839542e-01	5.799378e-01	-2.883252e-01
3.441544e-01	5.241342e-01	-4.735975e-01
4.784795e-01	5.532826e-01	-5.613626e-01
3.422303e-01	5.169766e-01	-5.312480e-01
4.818732e-01	5.237144e-01	-6.237829e-01
3.515528e-01	5.246335e-01	-5.355026e-01
4.688887e-01	5.235814e-01	-6.224459e-01
3.550403e-01	5.248241e-01	-4.831963e-01
4.655344e-01	5.298265e-01	-5.701067e-01
4.112838e-01	3.015119e-01	1.494238e-02
4.743396e-01	3.094225e-01	-1.483600e-02
3.954413e-01	1.012325e-01	-9.125305e-02
4.728255e-01	1.159058e-01	-7.278795e-02
4.198550e-01	-1.354060e-02	1.783761e-01
4.806720e-01	-1.473295e-02	1.206788e-01
4.299739e-01	-1.314751e-02	1.999923e-01
4.793744e-01	-2.834589e-02	1.340028e-01
4.096080e-01	-1.001732e-01	1.072266e-01
4.884034e-01	-9.994823e-02	1.052988e-02
4.335480e-01	6.827373e-01	-1.758580e-01
4.270247e-01	7.016420e-01	-1.589760e-01
4.229732e-01	7.017575e-01	-1.590321e-01
4.183570e-01	7.014406e-01	-1.590081e-01
4.392816e-01	7.012775e-01	-1.596391e-01
4.437945e-01	7.012133e-01	-1.596937e-01
4.476765e-01	7.008168e-01	-1.596702e-01
4.133359e-01	6.927685e-01	-4.588282e-02
4.536906e-01	6.907181e-01	-4.840553e-02
4.252788e-01	6.624655e-01	-1.323415e-01
4.405350e-01	6.622080e-01	-1.328627e-01
3.876185e-01	5.985993e-01	-6.802688e-03
4.752433e-01	6.115412e-01	-5.017002e-02
3.369490e-01	5.499694e-01	-2.119014e-01
4.842342e-01	6.020797e-01	-2.885243e-01
3.408732e-01	5.495477e-01	-4.704697e-01
4.787788e-01	5.750681e-01	-5.669721e-01
3.415307e-01	5.409213e-01	-5.285276e-01
4.821661e-01	5.444058e-01	-6.310844e-01
3.509536e-01	5.453264e-01	-5.326699e-01
4.688246e-01	5.442855e-01	-6.294810e-01
3.535953e-01	5.449586e-01	-4.798424e-01
4.654109e-01	5.503187e-01	-5.758187e-01
4.112895e-01	3.194314e-01	1.488845e-02
4.733967e-01	3.273551e-01	-1.478083e-02
3.963034e-01	1.142173e-01	-5.997721e-02
4.728950e-01	1.289382e-01	-5.914800e-02
4.200463e-01	-1.263549e-02	1.833126e-01
4.812693e-01	-1.314917e-02	1.297807e-01
4.299134e-01	-1.440003e-02	2.031733e-01
4.799585e-01	-2.553456e-02	1.423908e-01
4.081659e-01	-9.635855e-02	1.057927e-01
4.885865e-01	-9.620759e-02	1.650893e-02
4.327556e-01	7.031430e-01	-1.839069e-01
4.267302e-01	7.224806e-01	-1.660012e-01
4.227422e-01	7.228597e-01	-1.660613e-01
4.181823e-01	7.230238e-01	-1.660455e-01
4.389529e-01	7.213874e-01	-1.680728e-01
4.434722e-01	7.211490e-01	-1.681332e-01
4.473919e-01	7.206529e-01	-1.681142e-01
4.133404e-01	7.154785e-01	-4.724271e-02
4.536971e-01	7.103700e-01	-5.543511e-02
4.247108e-01	6.824433e-01	-1.381824e-01
4.400756e-01	6.813148e-01	-1.403554e-01
3.876320e-01	6.198663e-01	-2.799768e-03
4.753006e-01	6.283206e-01	-5.229772e-02
3.377967e-01	5.720201e-01	-2.082034e-01
4.860807e-01	6.120678e-01	-2.973200e-01
3.351313e-01	5.755178e-01	-4.708888e-01
4.800526e-01	5.931641e-01	-5.935613e-01
3.344437e-01	5.771654e-01	-5.293400e-01
4.823671e-01	5.637583e-01	-6.616420e-01
3.445005e-01	5.802384e-01	-5.354654e-01
4.689552e-01	5.669857e-01	-6.598924e-01
3.494075e-01	5.788441e-01	-4.811780e-01
4.658133e-01	5.734820e-01	-6.031753e-01
4.112928e-01	3.396553e-01	1.485774e-02
4.733028e-01	3.477498e-01	-1.474874e-02
3.993766e-01	1.297759e-01	-5.780556e-02
4.732222e-01	1.424828e-01	-4.940810e-02
4.200415e-01	-1.209173e-02	1.721729e-01
4.811557e-01	-9.247771e-03	1.438169e-01
4.298429e-01	-1.514504e-02	1.876347e-01
4.796148e-01	-2.387827e-02	1.564067e-01
4.067458e-01	-9.334013e-02	7.154123e-02
4.884896e-01	-9.083652e-02	2.116332e-02
4.326180e-01	7.256483e-01	-1.775955e-01
4.267015e-01	7.450079e-01	-1.593677e-01
4.226979e-01	7.453693e-01	-1.594358e-01
4.181526e-01	7.454183e-01	-1.594155e-01
4.389530e-01	7.442018e-01	-1.613659e-01
4.434704e-01	7.441681e-01	-1.614175e-01
4.473912e-01	7.437744e-01	-1.613900e-01
4.133490e-01	7.375345e-01	-4.019922e-02
4.537716e-01	7.333772e-01	-4.784040e-02
4.245936e-01	7.047439e-01	-1.317276e-01
4.400427e-01	7.033610e-01	-1.337064e-01
3.876366e-01	6.429472e-01	-7.842149e-04
4.754520e-01	6.480436e-01	-4.804106e-02
3.420275e-01	5.990003e-01	-2.240775e-01
4.864418e-01	6.286451e-01	-3.102388e-01
3.340028e-01	6.015272e-01	-5.067317e-01
4.806105e-01	6.136277e-01	-6.219800e-01
3.344900e-01	5.996584e-01	-5.685381e-01
4.825300e-01	5.852702e-01	-6.916952e-01
3.444282e-01	6.028690e-01	-5.738345e-01
4.689885e-01	5.925977e-01	-6.888363e-01
3.477767e-01	6.007001e-01	-5.177857e-01
4.659090e-01	5.987951e-01	-6.318069e-01
4.112930e-01	3.561692e-01	1.359446e-02
4.732671e-01	3.651197e-01	-1.350453e-02
4.030124e-01	1.426203e-01	-6.231744e-02
4.742771e-01	1.562466e-01	-4.530355e-02
4.206055e-01	-1.164777e-02	1.422550e-01
4.817113e-01	-5.956105e-03	1.401738e-01
4.299891e-01	-1.635260e-02	1.543117e-01
4.793559e-01	-2.234923e-02	1.506338e-01
4.092009e-01	-8.930188e-02	2.924799e-02
4.896689e-01	-6.507369e-02	9.947905e-03
4.323069e-01	7.457502e-01	-1.664471e-01
4.265415e-01	7.642493e-01	-1.444365e-01
4.225105e-01	7.642991e-01	-1.444980e-01
4.179738e-01	7.640772e-01	-1.443900e-01
4.388054e-01	7.639560e-01	-1.460250e-01
4.433625e-01	7.635441e-01	-1.460773e-01
4.472966e-01	7.627348e-01	-1.460698e-01
4.133008e-01	7.546201e-01	-1.701044e-02
4.537531e-01	7.506198e-01	-2.207517e-02
4.242731e-01	7.251567e-01	-1.173233e-01
4.397760e-01	7.240982e-01	-1.182954e-01
3.876063e-01	6.589166e-01	1.182820e-02
4.754660e-01	6.653390e-01	-2.864863e-02
3.441703e-01	6.226554e-01	-2.311813e-01
4.875941e-01	6.529508e-01	-3.050456e-01
3.353317e-01	6.140374e-01	-5.261564e-01
4.815641e-01	6.368383e-01	-6.140878e-01
3.349788e-01	6.130765e-01	-5.916640e-01
4.830854e-01	6.131344e-01	-6.841089e-01
3.444822e-01	6.135718e-01	-5.965229e-01
4.694341e-01	6.138529e-01	-6.801678e-01
3.489699e-01	6.113846e-01	-5.378054e-01
4.664186e-01	6.180822e-01	-6.233627e-01
4.111952e-01	3.715652e-01	1.082252e-02
4.727050e-01	3.801470e-01	-1.075853e-02
4.053858e-01	1.492352e-01	-6.439934e-02
4.757594e-01	1.655598e-01	-5.235212e-02
4.209934e-01	-9.740768e-03	1.478346e-01
4.830825e-01	-1.825332e-03	1.204606e-01
4.299427e-01	-1.554156e-02	1.610518e-01
4.792978e-01	-2.181201e-02	1.296691e-01
4.116795e-01	-8.273281e-02	3.421829e-02
4.904233e-01	-5.589861e-02	-1.632702e-02
4.320160e-01	7.497231e-01	-1.591912e-01
4.264814e-01	7.678008e-01	-1.373063e-01
4.224430e-01	7.676609e-01	-1.373801e-01
4.179024e-01	7.672384e-01	-1.372736e-01
4.386198e-01	7.676536e-01	-1.382379e-01
4.431337e-01	7.674258e-01	-1.382690e-01
4.471195e-01	7.667360e-01	-1.382530e-01
4.132993e-01	7.584837e-01	-1.171223e-02
4.537578e-01	7.568207e-01	-1.384826e-02
4.241223e-01	7.290781e-01	-1.106559e-01
4.393818e-01	7.290639e-01	-1.105519e-01
3.875525e-01	6.614839e-01	1.166622e-02
4.762295e-01	6.691672e-01	-1.791136e-02
3.493488e-01	6.244470e-01	-2.515017e-01
4.885065e-01	6.598445e-01	-3.033003e-01
3.355037e-01	6.161481e-01	-5.510042e-01
4.822846e-01	6.404556e-01	-6.223251e-01
3.350794e-01	6.155421e-01	-6.188721e-01
4.831904e-01	6.157312e-01	-6.949178e-01
3.445227e-01	6.147866e-01	-6.250195e-01
4.701248e-01	6.156514e-01	-6.915450e-01
3.493459e-01	6.122745e-01	-5.633742e-01
4.674253e-01	6.201301e-01	-6.326990e-01
4.111947e-01	3.733442e-01	3.917482e-03
4.725451e-01	3.807710e-01	-3.872423e-03
4.070013e-01	1.502921e-01	-6.850343e-02
4.762321e-01	1.682910e-01	-4.366751e-02
4.209580e-01	-9.665180e-03	1.337091e-01
4.840094e-01	6.459767e-04	1.315791e-01
4.290846e-01	-1.672076e-02	1.448564e-01
4.796239e-01	-1.894615e-02	1.412278e-01
4.141875e-01	-8.276825e-02	5.809235e-03
4.912516e-01	-5.053496e-02	-5.032101e-03
4.316337e-01	7.636339e-01	-1.606836e-01
4.263549e-01	7.821930e-01	-1.394619e-01
4.223461e-01	7.823043e-01	-1.395406e-01
4.178021e-01	7.822356e-01	-1.394387e-01
4.383871e-01	7.816811e-01	-1.422611e-01
4.428640e-01	7.814642e-01	-1.422742e-01
4.469307e-01	7.810922e-01	-1.422305e-01
4.133392e-01	7.731231e-01	-1.318749e-02
4.538464e-01	7.712472e-01	-1.959947e-02
4.239619e-01	7.431250e-01	-1.117063e-01
4.391868e-01	7.427832e-01	-1.139160e-01
3.885605e-01	6.785852e-01	1.129139e-02
4.765275e-01	6.829830e-01	-2.815174e-02
3.550803e-01	6.483536e-01	-2.577899e-01
4.884295e-01	6.766027e-01	-3.511132e-01
3.356228e-01	6.351466e-01	-5.691672e-01
4.824650e-01	6.596738e-01	-6.882662e-01
3.343278e-01	6.317101e-01	-6.372679e-01
4.835308e-01	6.373380e-01	-7.649919e-01
3.423851e-01	6.310591e-01	-6.458405e-01
4.701689e-01	6.384523e-01	-7.603722e-01
3.491376e-01	6.300231e-01	-5.830476e-01
4.674806e-01	6.425879e-01	-6.988729e-01
4.117107e-01	3.851257e-01	5.070430e-03
4.725547e-01	3.926428e-01	-5.004524e-03
4.084472e-01	1.599186e-01	-6.911118e-02
4.767093e-01	1.809116e-01	-4.723065e-02
4.209036e-01	-9.523714e-03	1.117665e-01
4.848960e-01	1.095186e-02	1.299318e-01
4.284268e-01	-1.858182e-02	1.199204e-01
4.810168e-01	-5.997401e-03	1.390289e-01
4.139178e-01	-8.282951e-02	-2.538335e-02
4.910990e-01	-3.998535e-02	-8.978103e-03
4.316854e-01	7.779539e-01	-1.451410e-01
4.263592e-01	7.963954e-01	-1.250234e-01
4.223506e-01	7.964851e-01	-1.250946e-01
4.178011e-01	7.962275e-01	-1.250018e-01
4.384076e-01	7.959362e-01	-1.276771e-01
4.428928e-01	7.958266e-01	-1.276947e-01
4.469710e-01	7.954501e-01	-1.276430e-01
4.133444e-01	7.869098e-01	7.744352e-04
4.540268e-01	7.861334e-01	-8.884238e-03
4.240145e-01	7.579352e-01	-9.722378e-02
4.393372e-01	7.582472e-01	-9.967678e-02
3.890623e-01	6.931869e-01	1.404943e-02
4.773997e-01	6.992080e-01	-2.266396e-02
3.638036e-01	6.615353e-01	-2.646205e-01
4.884271e-01	6.872325e-01	-3.426448e-01
3.460407e-01	6.551800e-01	-5.789444e-01
4.823936e-01	6.753026e-01	-6.677142e-01
3.382687e-01	6.517374e-01	-6.481662e-01
4.835244e-01	6.560152e-01	-7.407374e-01
3.452580e-01	6.505453e-01	-6.549067e-01
4.701316e-01	6.572331e-01	-7.371045e-01
3.506900e-01	6.485390e-01	-5.920667e-01
4.674086e-01	6.594222e-01	-6.784769e-01
4.118255e-01	4.011172e-01	3.804932e-03
4.724647e-01	4.071230e-01	-3.774576e-03
4.096225e-01	1.811196e-01	-4.906783e-02
4.788535e-01	1.905007e-01	-4.408235e-02
4.197984e-01	-6.876956e-03	1.054336e-01
4.889371e-01	1.087489e-02	8.358955e-02
4.255037e-01	-1.824701e-02	1.111080e-01
4.856527e-01	-5.396428e-03	8.708782e-02
4.126919e-01	-7.434963e-02	-3.266532e-02
4.934879e-01	-3.426814e-02	-6.613175e-02
4.321901e-01	7.899121e-01	-1.455082e-01
4.267497e-01	8.076034e-01	-1.253005e-01
4.226566e-01	8.078498e-01	-1.253872e-01
4.181007e-01	8.076565e-01	-1.253329e-01
4.389092e-01	8.063840e-01	-1.269695e-01
4.434594e-01	8.053404e-01	-1.269861e-01
4.475077e-01	8.041518e-01	-1.269477e-01
4.133898e-01	7.980180e-01	-2.874506e-04
4.543141e-01	7.938772e-01	-4.047586e-03
4.242300e-01	7.698159e-01	-9.832522e-02
4.396690e-01	7.694396e-01	-9.942284e-02
3.888512e-01	6.988763e-01	1.340949e-02
4.774690e-01	6.988866e-01	-1.044657e-02
3.641571e-01	6.661310e-01	-2.669109e-01
4.867059e-01	6.720269e-01	-3.286739e-01
3.458549e-01	6.621830e-01	-5.822158e-01
4.823273e-01	6.741775e-01	-6.561016e-01
3.377258e-01	6.603608e-01	-6.508607e-01
4.838203e-01	6.659290e-01	-7.327371e-01
3.451305e-01	6.635598e-01	-6.580321e-01
4.736018e-01	6.709610e-01	-7.276790e-01
3.512264e-01	6.620181e-01	-5.954921e-01
4.690576e-01	6.698894e-01	-6.670772e-01
4.119490e-01	4.027451e-01	1.257420e-04
4.724581e-01	4.107597e-01	-1.146160e-04
4.108918e-01	1.813301e-01	-4.950624e-02
4.800942e-01	1.884290e-01	-3.685542e-02
4.191938e-01	-2.728045e-03	1.055757e-01
4.885721e-01	1.712815e-02	1.095942e-01
4.236158e-01	-1.613322e-02	1.134921e-01
4.866312e-01	3.935917e-03	1.217771e-01
4.126116e-01	-7.483084e-02	-3.719831e-02
4.934217e-01	-2.655946e-02	-2.213688e-02
4.323745e-01	7.928202e-01	-1.385864e-01
4.268401e-01	8.101982e-01	-1.183510e-01
4.227766e-01	8.103471e-01	-1.184532e-01
4.182040e-01	8.103977e-01	-1.184287e-01
4.390389e-01	8.087644e-01	-1.191254e-01
4.437183e-01	8.079253e-01	-1.191404e-01
4.477364e-01	8.067600e-01	-1.191000e-01
4.134281e-01	8.009850e-01	5.163555e-03
4.546779e-01	7.970609e-01	4.393059e-03
4.244351e-01	7.714819e-01	-9.226250e-02
4.398375e-01	7.713311e-01	-9.217153e-02
3.883047e-01	6.999501e-01	1.332876e-02
4.780021e-01	7.027310e-01	-3.214065e-03
3.661471e-01	6.659957e-01	-2.755870e-01
4.858798e-01	6.712755e-01	-3.258618e-01
3.518211e-01	6.616611e-01	-5.876409e-01
4.824099e-01	6.727176e-01	-6.447077e-01
3.399602e-01	6.663330e-01	-6.566126e-01
4.857392e-01	6.719050e-01	-7.196403e-01
3.495739e-01	6.703089e-01	-6.630984e-01
4.779475e-01	6.755931e-01	-7.160356e-01
3.589704e-01	6.665716e-01	-6.007279e-01
4.730635e-01	6.730506e-01	-6.563435e-01
4.119852e-01	4.024683e-01	-1.209225e-03
4.728585e-01	4.130568e-01	1.203654e-03
4.106833e-01	1.816035e-01	-5.629431e-02
4.817662e-01	1.850528e-01	-3.523543e-02
4.191914e-01	-2.699255e-03	1.050777e-01
4.893504e-01	1.578498e-02	1.136652e-01
4.238400e-01	-1.629895e-02	1.124342e-01
4.878440e-01	2.884573e-03	1.211604e-01
4.120401e-01	-7.650796e-02	-3.561246e-02
4.926075e-01	-3.155647e-02	-2.998794e-02
4.323745e-01	7.910557e-01	-1.407747e-01
4.268321e-01	8.088172e-01	-1.213027e-01
4.227785e-01	8.088543e-01	-1.213949e-01
4.182143e-01	8.089741e-01	-1.213677e-01
4.390718e-01	8.079348e-01	-1.223588e-01
4.437919e-01	8.075229e-01	-1.223783e-01
4.479374e-01	8.069226e-01	-1.223321e-01
4.135976e-01	8.009696e-01	2.200044e-03
4.551132e-01	7.963129e-01	-1.119060e-03
4.244897e-01	7.690637e-01	-9.495849e-02
4.398805e-01	7.689251e-01	-9.533678e-02
3.881795e-01	7.001492e-01	9.332665e-03
4.786903e-01	6.989512e-01	-8.087346e-03
3.662333e-01	6.676843e-01	-2.741728e-01
4.857333e-01	6.619522e-01	-3.212045e-01
3.509232e-01	6.675693e-01	-5.786030e-01
4.823413e-01	6.742674e-01	-6.525204e-01
3.378716e-01	6.744102e-01	-6.462519e-01
4.859959e-01	6.820613e-01	-7.288210e-01
3.495381e-01	6.805267e-01	-6.530561e-01
4.792480e-01	6.848015e-01	-7.233061e-01
3.584175e-01	6.749942e-01	-5.914041e-01
4.742998e-01	6.786271e-01	-6.634861e-01
4.121656e-01	4.071526e-01	-1.225764e-03
4.728693e-01	4.156713e-01	1.213217e-03
4.104908e-01	1.875347e-01	-5.649732e-02
4.817071e-01	1.911916e-01	-2.729497e-02
4.190727e-01	-2.662228e-03	9.117747e-02
4.888411e-01	2.186923e-02	1.146523e-01
4.237570e-01	-1.631301e-02	9.663250e-02
4.872482e-01	8.815358e-03	1.279904e-01
4.118544e-01	-7.689565e-02	-5.098749e-02
4.884389e-01	-2.134145e-02	-1.194387e-02
4.325709e-01	7.930703e-01	-1.388021e-01
4.268833e-01	8.100766e-01	-1.174942e-01
4.228319e-01	8.099811e-01	-1.175923e-01
4.182781e-01	8.098117e-01	-1.175649e-01
4.392640e-01	8.095725e-01	-1.183653e-01
4.440795e-01	8.092069e-01	-1.183776e-01
4.483090e-01	8.085769e-01	-1.183187e-01
4.136209e-01	8.008863e-01	7.666466e-03
4.555620e-01	7.968593e-01	6.186907e-03
4.246096e-01	7.703544e-01	-9.266642e-02
4.401090e-01	7.704807e-01	-9.273525e-02
3.879890e-01	6.983620e-01	1.061553e-02
4.797870e-01	6.966346e-01	6.183161e-04
3.664959e-01	6.635914e-01	-2.678052e-01
4.868972e-01	6.574001e-01	-3.009993e-01
3.506034e-01	6.663901e-01	-5.729100e-01
4.823080e-01	6.720349e-01	-6.407413e-01
3.377340e-01	6.765963e-01	-6.411353e-01
4.859817e-01	6.810290e-01	-7.261466e-01
3.492900e-01	6.827958e-01	-6.481994e-01
4.792929e-01	6.822259e-01	-7.147499e-01
3.579431e-01	6.767426e-01	-5.859199e-01
4.748088e-01	6.756135e-01	-6.517991e-01
4.121677e-01	4.054869e-01	-2.347703e-03
4.728664e-01	4.137907e-01	2.346894e-03
4.103867e-01	1.863867e-01	-5.829735e-02
4.818829e-01	1.878803e-01	-2.559721e-02
4.190182e-01	-2.709419e-03	9.989379e-02
4.887065e-01	2.029280e-02	1.243577e-01
4.236418e-01	-1.653766e-02	1.068249e-01
4.877576e-01	7.462217e-03	1.316324e-01
4.115942e-01	-7.750765e-02	-4.216191e-02
4.880300e-01	-2.555904e-02	-6.493059e-03
4.327392e-01	7.918467e-01	-1.499175e-01
4.270131e-01	8.092958e-01	-1.263999e-01
4.229426e-01	8.092136e-01	-1.265270e-01
4.184179e-01	8.089001e-01	-1.265250e-01
4.393764e-01	8.090128e-01	-1.277104e-01
4.441885e-01	8.084558e-01	-1.277136e-01
4.484337e-01	8.076794e-01	-1.276519e-01
4.136799e-01	7.989843e-01	6.567050e-03
4.557381e-01	7.955599e-01	5.681914e-03
4.247093e-01	7.693759e-01	-1.023602e-01
4.402079e-01	7.695800e-01	-1.027514e-01
3.878705e-01	6.969662e-01	2.432394e-03
4.809838e-01	6.924070e-01	-3.802583e-03
3.661776e-01	6.643544e-01	-2.855926e-01
4.878315e-01	6.556188e-01	-3.004381e-01
3.502896e-01	6.666080e-01	-6.044517e-01
4.825634e-01	6.677419e-01	-6.409460e-01
3.376465e-01	6.753744e-01	-6.761378e-01
4.862998e-01	6.780604e-01	-7.210957e-01
3.492535e-01	6.804721e-01	-6.832424e-01
4.807331e-01	6.825393e-01	-7.160277e-01
3.575528e-01	6.745644e-01	-6.179731e-01
4.767684e-01	6.756977e-01	-6.530241e-01
4.117398e-01	4.043425e-01	-4.566511e-03
4.725610e-01	4.117338e-01	4.576753e-03
4.107701e-01	1.858704e-01	-5.909326e-02
4.818648e-01	1.840645e-01	-2.471766e-02
4.189126e-01	-2.747026e-03	1.044559e-01
4.886650e-01	1.973548e-02	1.495021e-01
4.233175e-01	-1.652093e-02	1.119539e-01
4.866126e-01	7.187075e-03	1.578367e-01
4.128629e-01	-7.856818e-02	-4.139481e-02
4.876619e-01	-2.633597e-02	7.666121e-03
4.329593e-01	7.920324e-01	-1.498358e-01
4.271225e-01	8.091577e-01	-1.263247e-01
4.230498e-01	8.090537e-01	-1.264498e-01
4.185628e-01	8.087046e-01	-1.264500e-01
4.395021e-01	8.088930e-01	-1.275764e-01
4.443292e-01	8.083466e-01	-1.275801e-01
4.485734e-01	8.075663e-01	-1.275187e-01
4.137058e-01	7.982928e-01	3.749666e-03
4.558344e-01	7.952492e-01	1.422835e-03
4.248122e-01	7.693923e-01	-1.023162e-01
4.403179e-01	7.693477e-01	-1.026784e-01
3.877677e-01	6.925474e-01	4.891237e-04
4.814101e-01	6.913716e-01	-2.242089e-03
3.672499e-01	6.563873e-01	-2.820032e-01
4.878101e-01	6.546549e-01	-2.978967e-01
3.515463e-01	6.583302e-01	-5.947438e-01
4.828828e-01	6.678711e-01	-6.402668e-01
3.389734e-01	6.664531e-01	-6.653100e-01
4.865694e-01	6.770874e-01	-7.186139e-01
3.490837e-01	6.736405e-01	-6.736956e-01
4.818234e-01	6.803249e-01	-7.154905e-01
3.574211e-01	6.680658e-01	-6.086596e-01
4.781258e-01	6.739877e-01	-6.529737e-01
4.116548e-01	3.995405e-01	-5.135581e-03
4.726348e-01	4.077395e-01	5.161499e-03
4.109518e-01	1.834089e-01	-6.021361e-02
4.826101e-01	1.813711e-01	-2.803562e-02
4.189118e-01	-2.769895e-03	1.131311e-01
4.884525e-01	1.922074e-02	1.465796e-01
4.233285e-01	-1.651485e-02	1.202952e-01
4.863955e-01	6.709164e-03	1.555932e-01
4.128286e-01	-7.914089e-02	-2.587649e-02
4.876657e-01	-2.811618e-02	4.591103e-03
4.329591e-01	7.926666e-01	-1.442880e-01
4.271146e-01	8.093554e-01	-1.217299e-01
4.230508e-01	8.091444e-01	-1.218259e-01
4.185637e-01	8.088272e-01	-1.218071e-01
4.395009e-01	8.090138e-01	-1.234512e-01
4.443296e-01	8.085628e-01	-1.234612e-01
4.485752e-01	8.078601e-01	-1.234033e-01
4.137135e-01	7.985039e-01	3.887545e-03
4.559030e-01	7.956327e-01	-4.583526e-04
4.248158e-01	7.696775e-01	-9.825452e-02
4.403184e-01	7.698364e-01	-9.940671e-02
3.877614e-01	6.908139e-01	1.074594e-03
4.818723e-01	6.947936e-01	-6.303610e-03
3.688471e-01	6.522995e-01	-2.758557e-01
4.877825e-01	6.584890e-01	-3.134103e-01
3.514096e-01	6.558874e-01	-5.842230e-01
4.831213e-01	6.692145e-01	-6.477965e-01
3.373244e-01	6.645613e-01	-6.531135e-01
4.873415e-01	6.732988e-01	-7.246207e-01
3.478822e-01	6.702344e-01	-6.616442e-01
4.818312e-01	6.748472e-01	-7.205700e-01
3.572788e-01	6.645041e-01	-5.980722e-01
4.777129e-01	6.702703e-01	-6.598817e-01
4.116467e-01	3.977165e-01	-4.357333e-03
4.726596e-01	4.050981e-01	4.385859e-03
4.108580e-01	1.841491e-01	-5.199048e-02
4.833744e-01	1.798361e-01	-2.043098e-02
4.188725e-01	-2.802334e-03	1.133809e-01
4.884094e-01	1.866362e-02	1.513245e-01
4.233122e-01	-1.648060e-02	1.224399e-01
4.847382e-01	6.428792e-03	1.598398e-01
4.125398e-01	-7.918297e-02	-1.978836e-02
4.869754e-01	-2.820656e-02	1.298734e-02
