5.517767e-01	7.996553e-01	-3.015936e-01
5.484649e-01	8.146673e-01	-2.834523e-01
5.451982e-01	8.148686e-01	-2.834593e-01
5.413729e-01	8.153793e-01	-2.833737e-01
5.581223e-01	8.143339e-01	-2.882644e-01
5.617362e-01	8.144086e-01	-2.882923e-01
5.660083e-01	8.141851e-01	-2.882148e-01
5.381401e-01	8.067712e-01	-1.633469e-01
5.733404e-01	8.047482e-01	-1.870090e-01
5.466329e-01	7.809081e-01	-2.555703e-01
5.601051e-01	7.810717e-01	-2.620316e-01
5.080881e-01	7.071398e-01	-8.431572e-02
6.050144e-01	6.999043e-01	-1.067952e-01
4.867884e-01	5.912910e-01	-2.652026e-02
6.236803e-01	5.857073e-01	-8.366364e-02
4.700168e-01	4.769404e-01	-1.023054e-01
6.336750e-01	4.782698e-01	-1.824001e-01
4.615241e-01	4.448956e-01	-1.265696e-01
6.387514e-01	4.416905e-01	-2.143564e-01
4.650836e-01	4.412702e-01	-1.647919e-01
6.339211e-01	4.410263e-01	-2.449780e-01
4.716314e-01	4.518863e-01	-1.206162e-01
6.296685e-01	4.542089e-01	-1.983442e-01
5.214294e-01	4.487929e-01	4.041929e-03
5.749993e-01	4.401574e-01	-3.977803e-03
5.091283e-01	2.795743e-01	5.665392e-02
5.783757e-01	2.754571e-01	1.610073e-02
5.036023e-01	1.344326e-01	2.220529e-01
5.768641e-01	1.271332e-01	1.696146e-01
5.083209e-01	1.105153e-01	2.318261e-01
5.687062e-01	1.034259e-01	1.770547e-01
4.914621e-01	6.758112e-02	1.242123e-01
5.864276e-01	5.722233e-02	5.790101e-02
5.519229e-01	7.972515e-01	-3.189093e-01
5.484107e-01	8.133622e-01	-3.030230e-01
5.451886e-01	8.133978e-01	-3.030213e-01
5.413656e-01	8.135082e-01	-3.029199e-01
5.581235e-01	8.133267e-01	-3.053734e-01
5.617725e-01	8.133189e-01	-3.054097e-01
5.660083e-01	8.131867e-01	-3.053222e-01
5.378932e-01	8.049734e-01	-1.883543e-01
5.733393e-01	8.040385e-01	-1.998111e-01
5.466454e-01	7.784122e-01	-2.742299e-01
5.601176e-01	7.784146e-01	-2.772759e-01
5.080320e-01	7.070736e-01	-1.062718e-01
6.050832e-01	7.015345e-01	-1.124415e-01
4.866718e-01	5.896407e-01	-5.845203e-02
6.238176e-01	5.857447e-01	-8.510567e-02
4.679911e-01	4.765076e-01	-1.449001e-01
6.372613e-01	4.730607e-01	-1.898901e-01
4.600484e-01	4.417847e-01	-1.739657e-01
6.446528e-01	4.375273e-01	-2.253279e-01
4.634078e-01	4.382439e-01	-2.119539e-01
6.386508e-01	4.351375e-01	-2.579926e-01
4.699176e-01	4.496389e-01	-1.631356e-01
6.329654e-01	4.473960e-01	-2.066025e-01
5.211967e-01	4.494609e-01	2.119668e-03
5.751075e-01	4.416628e-01	-2.028960e-03
5.089578e-01	2.816725e-01	5.698304e-02
5.812627e-01	2.754499e-01	4.111589e-02
5.048092e-01	1.356246e-01	2.407103e-01
5.765327e-01	1.268960e-01	2.183090e-01
5.107288e-01	1.119436e-01	2.524201e-01
5.678385e-01	1.039357e-01	2.278065e-01
4.921083e-01	7.446763e-02	1.431480e-01
5.867234e-01	5.770748e-02	1.073767e-01
5.518748e-01	7.952176e-01	-3.160141e-01
5.480578e-01	8.114066e-01	-2.995377e-01
5.449026e-01	8.112561e-01	-2.995343e-01
5.409993e-01	8.109908e-01	-2.994346e-01
5.579087e-01	8.118225e-01	-3.021626e-01
5.616484e-01	8.118262e-01	-3.022024e-01
5.658390e-01	8.117437e-01	-3.021193e-01
5.374411e-01	8.024629e-01	-1.851841e-01
5.732482e-01	8.028303e-01	-1.976636e-01
5.465471e-01	7.765958e-01	-2.716945e-01
5.600075e-01	7.767255e-01	-2.750193e-01
5.080277e-01	7.050734e-01	-1.064370e-01
6.049333e-01	7.011466e-01	-1.122951e-01
4.865502e-01	5.857631e-01	-6.044733e-02
6.245738e-01	5.823916e-01	-8.637064e-02
4.659269e-01	4.674565e-01	-1.421862e-01
6.418024e-01	4.645102e-01	-1.923502e-01
4.570554e-01	4.282735e-01	-1.701130e-01
6.505035e-01	4.273303e-01	-2.283818e-01
4.591570e-01	4.244263e-01	-2.081758e-01
6.448688e-01	4.237452e-01	-2.604783e-01
4.656438e-01	4.343967e-01	-1.605987e-01
6.383286e-01	4.374936e-01	-2.090603e-01
5.203196e-01	4.452223e-01	1.781858e-03
5.750613e-01	4.378714e-01	-1.675634e-03
5.059053e-01	2.810402e-01	6.195069e-02
5.832165e-01	2.713932e-01	6.181043e-02
5.051278e-01	1.360652e-01	2.749850e-01
5.764668e-01	1.259229e-01	2.682468e-01
5.122209e-01	1.122079e-01	2.898583e-01
5.674869e-01	1.039705e-01	2.809741e-01
4.921554e-01	7.668601e-02	1.848972e-01
5.871731e-01	5.801587e-02	1.634231e-01
5.518743e-01	7.875437e-01	-3.512495e-01
5.477870e-01	8.038149e-01	-3.355036e-01
5.447018e-01	8.031332e-01	-3.355012e-01
5.406348e-01	8.025231e-01	-3.354026e-01
5.578339e-01	8.050610e-01	-3.382716e-01
5.616406e-01	8.052827e-01	-3.383147e-01
5.658069e-01	8.051577e-01	-3.382269e-01
5.365633e-01	7.943892e-01	-2.181497e-01
5.731207e-01	7.956365e-01	-2.316395e-01
5.463910e-01	7.693218e-01	-3.051619e-01
5.599436e-01	7.703550e-01	-3.088197e-01
5.079296e-01	6.985634e-01	-1.303738e-01
6.047138e-01	6.970766e-01	-1.390308e-01
4.863923e-01	5.839163e-01	-8.108822e-02
6.259109e-01	5.792824e-01	-1.108674e-01
4.637439e-01	4.651315e-01	-1.614064e-01
6.446457e-01	4.606086e-01	-2.121962e-01
4.543417e-01	4.247833e-01	-1.893012e-01
6.545957e-01	4.209651e-01	-2.462955e-01
4.561646e-01	4.202186e-01	-2.273668e-01
6.480428e-01	4.184945e-01	-2.801321e-01
4.624765e-01	4.309671e-01	-1.797401e-01
6.408961e-01	4.329052e-01	-2.291984e-01
5.196834e-01	4.429674e-01	1.834222e-03
5.750073e-01	4.358793e-01	-1.727486e-03
5.050241e-01	2.810020e-01	6.308135e-02
5.837827e-01	2.703109e-01	5.448831e-02
5.056229e-01	1.364262e-01	2.740592e-01
5.759383e-01	1.259215e-01	2.540166e-01
5.129841e-01	1.125323e-01	2.884061e-01
5.666821e-01	1.043541e-01	2.659987e-01
4.922098e-01	7.768987e-02	1.842183e-01
5.872003e-01	5.817620e-02	1.490832e-01
5.518408e-01	7.769245e-01	-3.483261e-01
5.474488e-01	7.936503e-01	-3.331757e-01
5.443826e-01	7.929630e-01	-3.331704e-01
5.402721e-01	7.925087e-01	-3.330678e-01
5.575760e-01	7.950717e-01	-3.354171e-01
5.614477e-01	7.952510e-01	-3.354554e-01
5.655849e-01	7.955363e-01	-3.353615e-01
5.360345e-01	7.850983e-01	-2.183016e-01
5.726023e-01	7.868105e-01	-2.295692e-01
5.462190e-01	7.589203e-01	-3.031059e-01
5.597688e-01	7.598451e-01	-3.061665e-01
5.076516e-01	6.920871e-01	-1.324762e-01
6.039863e-01	6.902800e-01	-1.384685e-01
4.854497e-01	5.775270e-01	-8.244301e-02
6.270179e-01	5.772440e-01	-1.134167e-01
4.624191e-01	4.612993e-01	-1.581682e-01
6.462371e-01	4.617201e-01	-2.137289e-01
4.513838e-01	4.197417e-01	-1.851552e-01
6.566025e-01	4.226121e-01	-2.478492e-01
4.540015e-01	4.151817e-01	-2.231952e-01
6.490520e-01	4.200938e-01	-2.802041e-01
4.608115e-01	4.249930e-01	-1.763805e-01
6.417360e-01	4.337441e-01	-2.302851e-01
5.184569e-01	4.392516e-01	1.880080e-03
5.749298e-01	4.324583e-01	-1.775327e-03
5.038139e-01	2.785046e-01	6.274532e-02
5.837137e-01	2.669437e-01	5.945344e-02
5.058168e-01	1.364159e-01	2.734268e-01
5.759128e-01	1.256216e-01	2.657871e-01
5.130678e-01	1.125246e-01	2.880106e-01
5.665510e-01	1.043288e-01	2.785023e-01
4.922430e-01	7.784003e-02	1.852467e-01
5.877892e-01	5.847234e-02	1.643748e-01
5.518533e-01	7.664263e-01	-3.410120e-01
5.473937e-01	7.824035e-01	-3.254328e-01
5.443677e-01	7.818584e-01	-3.254166e-01
5.402733e-01	7.813787e-01	-3.253379e-01
5.575632e-01	7.832915e-01	-3.314024e-01
5.614511e-01	7.834318e-01	-3.314299e-01
5.655550e-01	7.837434e-01	-3.313740e-01
5.360533e-01	7.744786e-01	-2.092201e-01
5.724501e-01	7.760731e-01	-2.177193e-01
5.461941e-01	7.480186e-01	-2.952551e-01
5.597659e-01	7.487813e-01	-3.028005e-01
5.078261e-01	6.848012e-01	-1.270526e-01
6.032690e-01	6.833795e-01	-1.294422e-01
4.854549e-01	5.785085e-01	-7.075806e-02
6.283180e-01	5.765961e-01	-1.069234e-01
4.621760e-01	4.614160e-01	-1.541415e-01
6.475289e-01	4.645570e-01	-2.151025e-01
4.513680e-01	4.224941e-01	-1.836263e-01
6.582955e-01	4.258871e-01	-2.509236e-01
4.544141e-01	4.181329e-01	-2.211608e-01
6.505382e-01	4.222636e-01	-2.834949e-01
4.612566e-01	4.277130e-01	-1.723816e-01
6.432986e-01	4.346208e-01	-2.319595e-01
5.177186e-01	4.381897e-01	2.025275e-03
5.744351e-01	4.307452e-01	-1.908735e-03
5.031647e-01	2.791128e-01	4.994871e-02
5.835622e-01	2.675378e-01	4.246591e-02
5.060480e-01	1.364106e-01	2.470547e-01
5.759562e-01	1.263007e-01	2.285091e-01
5.132071e-01	1.125179e-01	2.597757e-01
5.666201e-01	1.060178e-01	2.382431e-01
4.923100e-01	7.894384e-02	1.559346e-01
5.877771e-01	6.105862e-02	1.217445e-01
5.517059e-01	7.552255e-01	-2.625223e-01
5.469729e-01	7.688353e-01	-2.441264e-01
5.439689e-01	7.678461e-01	-2.441378e-01
5.398349e-01	7.670679e-01	-2.440182e-01
5.573075e-01	7.706343e-01	-2.461805e-01
5.613501e-01	7.708559e-01	-2.462005e-01
5.653543e-01	7.709152e-01	-2.460794e-01
5.359851e-01	7.608235e-01	-1.278000e-01
5.720643e-01	7.624254e-01	-1.366943e-01
5.460458e-01	7.349494e-01	-2.184901e-01
5.597538e-01	7.360017e-01	-2.211737e-01
5.084457e-01	6.752295e-01	-5.748851e-02
6.022739e-01	6.756431e-01	-5.966376e-02
4.858650e-01	5.818126e-01	-3.550805e-02
6.286944e-01	5.760628e-01	-6.575956e-02
4.625285e-01	4.779395e-01	-1.501096e-01
6.473947e-01	4.722753e-01	-2.144252e-01
4.520240e-01	4.439912e-01	-1.757000e-01
6.583002e-01	4.390238e-01	-2.446932e-01
4.551345e-01	4.403114e-01	-2.187272e-01
6.501111e-01	4.344887e-01	-2.780809e-01
4.621673e-01	4.514204e-01	-1.654723e-01
6.431487e-01	4.453176e-01	-2.298123e-01
5.174454e-01	4.291247e-01	1.585663e-03
5.738388e-01	4.208645e-01	-1.447817e-03
5.031551e-01	2.761190e-01	4.679789e-02
5.834488e-01	2.679454e-01	3.280181e-02
5.060310e-01	1.365297e-01	2.443308e-01
5.759580e-01	1.256383e-01	1.994373e-01
5.130619e-01	1.129782e-01	2.577306e-01
5.664029e-01	1.055042e-01	2.079571e-01
4.923968e-01	7.950630e-02	1.588302e-01
5.878068e-01	6.151007e-02	9.887451e-02
5.513647e-01	7.434477e-01	-2.493870e-01
5.467044e-01	7.566303e-01	-2.284747e-01
5.436966e-01	7.561254e-01	-2.285106e-01
5.395745e-01	7.558435e-01	-2.284229e-01
5.571944e-01	7.572110e-01	-2.314332e-01
5.612897e-01	7.569387e-01	-2.314553e-01
5.652070e-01	7.567667e-01	-2.312962e-01
5.359274e-01	7.497019e-01	-1.048404e-01
5.717081e-01	7.489084e-01	-1.192356e-01
5.456952e-01	7.239527e-01	-2.032003e-01
5.593209e-01	7.239348e-01	-2.071317e-01
5.088371e-01	6.646779e-01	-4.116774e-02
6.007751e-01	6.642426e-01	-5.023413e-02
4.867410e-01	5.842356e-01	-4.677968e-02
6.286138e-01	5.762711e-01	-1.063119e-01
4.651504e-01	4.981119e-01	-1.985654e-01
6.469177e-01	4.864537e-01	-3.159220e-01
4.533274e-01	4.672134e-01	-2.382584e-01
6.580557e-01	4.597575e-01	-3.664348e-01
4.618765e-01	4.654862e-01	-2.692107e-01
6.502654e-01	4.579954e-01	-3.905934e-01
4.701718e-01	4.745042e-01	-2.147324e-01
6.431995e-01	4.658605e-01	-3.323855e-01
5.164436e-01	4.258775e-01	1.622796e-03
5.731854e-01	4.129867e-01	-1.490317e-03
5.029196e-01	2.772673e-01	1.963289e-02
5.843025e-01	2.668361e-01	7.635496e-03
5.060190e-01	1.367660e-01	2.183415e-01
5.760536e-01	1.247297e-01	1.784404e-01
5.127879e-01	1.137758e-01	2.314910e-01
5.663139e-01	1.046059e-01	1.878937e-01
4.926396e-01	7.949321e-02	1.385506e-01
5.878630e-01	6.146632e-02	8.163296e-02
5.513629e-01	7.283712e-01	-2.300523e-01
5.466599e-01	7.433622e-01	-2.083923e-01
5.436669e-01	7.431865e-01	-2.084343e-01
5.395696e-01	7.429342e-01	-2.083493e-01
5.571961e-01	7.435953e-01	-2.120328e-01
5.612887e-01	7.434588e-01	-2.120427e-01
5.651661e-01	7.433940e-01	-2.118986e-01
5.358028e-01	7.360022e-01	-8.151793e-02
5.715526e-01	7.368499e-01	-9.857713e-02
5.456303e-01	7.102331e-01	-1.825491e-01
5.592960e-01	7.101953e-01	-1.872133e-01
5.090525e-01	6.570814e-01	-1.911966e-02
5.998878e-01	6.517761e-01	-3.823870e-02
4.884430e-01	5.881521e-01	-4.740566e-02
6.282513e-01	5.764449e-01	-1.364517e-01
4.709491e-01	5.186020e-01	-2.071158e-01
6.467378e-01	5.066604e-01	-3.752794e-01
4.588414e-01	4.928342e-01	-2.473213e-01
6.574359e-01	4.903681e-01	-4.295145e-01
4.689631e-01	4.910666e-01	-2.749529e-01
6.498316e-01	4.905575e-01	-4.492708e-01
4.770314e-01	4.972289e-01	-2.227355e-01
6.426508e-01	4.950478e-01	-3.909881e-01
5.152642e-01	4.163446e-01	1.584952e-03
5.722929e-01	4.045640e-01	-1.435930e-03
5.003991e-01	2.752026e-01	-4.639948e-02
5.870319e-01	2.640205e-01	-3.872425e-02
5.060039e-01	1.368101e-01	1.547393e-01
5.769591e-01	1.246148e-01	1.373673e-01
5.127140e-01	1.140074e-01	1.677736e-01
5.666075e-01	1.043013e-01	1.472043e-01
4.926420e-01	7.929283e-02	7.037847e-02
5.890096e-01	6.143028e-02	4.250110e-02
5.513805e-01	7.165843e-01	-2.387942e-01
5.466375e-01	7.316633e-01	-2.207698e-01
5.436503e-01	7.312624e-01	-2.208288e-01
5.395638e-01	7.306542e-01	-2.207775e-01
5.572242e-01	7.319643e-01	-2.231351e-01
5.613118e-01	7.317426e-01	-2.231329e-01
5.651644e-01	7.314959e-01	-2.229709e-01
5.357586e-01	7.229937e-01	-1.062882e-01
5.715025e-01	7.243223e-01	-1.175922e-01
5.456222e-01	6.986667e-01	-1.955624e-01
5.592979e-01	6.983994e-01	-1.984386e-01
5.091649e-01	6.480442e-01	-2.106580e-02
5.993309e-01	6.410108e-01	-6.004121e-02
4.901277e-01	5.945473e-01	-2.080847e-01
6.280324e-01	5.749919e-01	-2.048183e-01
4.765110e-01	5.321830e-01	-4.526681e-01
6.446280e-01	5.214258e-01	-4.600058e-01
4.676661e-01	5.130161e-01	-5.121474e-01
6.567816e-01	5.090889e-01	-5.196350e-01
4.782654e-01	5.113974e-01	-5.300469e-01
6.495456e-01	5.103062e-01	-5.353523e-01
4.849033e-01	5.145351e-01	-4.672391e-01
6.407772e-01	5.114759e-01	-4.758003e-01
5.152886e-01	4.132838e-01	1.017697e-03
5.718278e-01	4.015495e-01	-8.314471e-04
4.997505e-01	2.751615e-01	-5.402588e-02
5.866683e-01	2.651623e-01	-6.710131e-02
5.059092e-01	1.384426e-01	1.451391e-01
5.771146e-01	1.249733e-01	9.916721e-02
5.126539e-01	1.162277e-01	1.573393e-01
5.668778e-01	1.045951e-01	1.073662e-01
4.925955e-01	7.968947e-02	5.255802e-02
5.884057e-01	6.242785e-02	-6.537119e-03
5.517101e-01	7.040874e-01	-2.168011e-01
5.467739e-01	7.196630e-01	-1.995310e-01
5.438086e-01	7.193999e-01	-1.995828e-01
5.399555e-01	7.190279e-01	-1.995158e-01
5.577189e-01	7.198198e-01	-2.027343e-01
5.617652e-01	7.196425e-01	-2.027356e-01
5.655136e-01	7.194406e-01	-2.026072e-01
5.358247e-01	7.125525e-01	-8.793814e-02
5.715793e-01	7.124314e-01	-1.023801e-01
5.456561e-01	6.874704e-01	-1.741035e-01
5.594994e-01	6.868249e-01	-1.778885e-01
5.107296e-01	6.440461e-01	-4.442961e-02
5.983295e-01	6.346935e-01	-6.273799e-02
4.941007e-01	6.018561e-01	-1.985209e-01
6.252012e-01	5.780591e-01	-2.372954e-01
4.821107e-01	5.510655e-01	-4.372812e-01
6.387783e-01	5.382072e-01	-4.970294e-01
4.728495e-01	5.332890e-01	-4.923928e-01
6.540781e-01	5.312236e-01	-5.557150e-01
4.830102e-01	5.309486e-01	-5.071242e-01
6.443335e-01	5.315409e-01	-5.664556e-01
4.900296e-01	5.344620e-01	-4.508067e-01
6.333071e-01	5.310137e-01	-5.110294e-01
5.151798e-01	4.082071e-01	1.028884e-03
5.707061e-01	3.978041e-01	-8.458579e-04
4.986334e-01	2.741052e-01	-6.742286e-02
5.874296e-01	2.647438e-01	-6.647926e-02
5.057892e-01	1.396994e-01	1.186931e-01
5.781354e-01	1.254463e-01	9.912254e-02
5.126541e-01	1.179674e-01	1.296833e-01
5.684760e-01	1.055843e-01	1.078573e-01
4.925646e-01	7.987785e-02	2.731960e-02
5.884272e-01	6.277964e-02	3.742795e-04
5.517378e-01	6.939920e-01	-2.062216e-01
5.467627e-01	7.083308e-01	-1.885070e-01
5.438081e-01	7.079960e-01	-1.885721e-01
5.399557e-01	7.075518e-01	-1.885241e-01
5.577229e-01	7.085379e-01	-1.927102e-01
5.617765e-01	7.082806e-01	-1.927036e-01
5.655106e-01	7.077191e-01	-1.926105e-01
5.358274e-01	7.011704e-01	-7.050115e-02
5.715518e-01	6.997099e-01	-8.930025e-02
5.456351e-01	6.777104e-01	-1.604932e-01
5.595423e-01	6.772844e-01	-1.655626e-01
5.117587e-01	6.379128e-01	-6.475712e-03
5.976631e-01	6.257796e-01	-3.713679e-02
4.966591e-01	6.064219e-01	-4.375993e-02
6.230971e-01	5.797760e-01	-1.567156e-01
4.866616e-01	5.638850e-01	-1.527942e-01
6.375608e-01	5.438848e-01	-3.497932e-01
4.788190e-01	5.523241e-01	-1.770221e-01
6.528320e-01	5.363302e-01	-3.794887e-01
4.874574e-01	5.524663e-01	-1.936538e-01
6.439496e-01	5.380774e-01	-3.841016e-01
4.932388e-01	5.544679e-01	-1.626468e-01
6.338981e-01	5.384153e-01	-3.551331e-01
5.152011e-01	3.991743e-01	2.319233e-03
5.697854e-01	3.916709e-01	-2.168228e-03
4.958594e-01	2.719415e-01	-1.096819e-01
5.899307e-01	2.628468e-01	-5.939547e-02
5.056961e-01	1.400501e-01	6.745194e-02
5.790286e-01	1.262520e-01	1.106929e-01
5.127932e-01	1.186979e-01	7.932255e-02
5.688792e-01	1.074443e-01	1.211875e-01
4.923498e-01	7.996366e-02	-1.841122e-02
5.885122e-01	6.333183e-02	2.263999e-02
5.514039e-01	6.804367e-01	-2.023282e-01
5.464330e-01	6.942173e-01	-1.851374e-01
5.434431e-01	6.940028e-01	-1.851890e-01
5.395759e-01	6.938473e-01	-1.851335e-01
5.573758e-01	6.947638e-01	-1.882770e-01
5.614614e-01	6.946977e-01	-1.882720e-01
5.652318e-01	6.944907e-01	-1.881860e-01
5.356511e-01	6.890506e-01	-7.342725e-02
5.714924e-01	6.867301e-01	-8.721203e-02
5.452888e-01	6.643491e-01	-1.596041e-01
5.593393e-01	6.648194e-01	-1.631385e-01
5.125123e-01	6.314490e-01	-2.915798e-02
5.973705e-01	6.185150e-01	-4.837606e-02
4.988930e-01	6.109989e-01	-1.747660e-01
6.227656e-01	5.797017e-01	-2.167470e-01
4.894383e-01	5.753437e-01	-3.981845e-01
6.354139e-01	5.578765e-01	-4.542769e-01
4.810781e-01	5.654904e-01	-4.474048e-01
6.505102e-01	5.497321e-01	-5.062580e-01
4.904807e-01	5.627326e-01	-4.560310e-01
6.416090e-01	5.527346e-01	-5.109690e-01
4.967438e-01	5.633487e-01	-4.089983e-01
6.312719e-01	5.546522e-01	-4.648241e-01
5.152508e-01	3.905020e-01	2.314551e-03
5.696038e-01	3.848765e-01	-2.165376e-03
4.942885e-01	2.689922e-01	-1.732443e-01
5.912718e-01	2.576764e-01	-1.122223e-01
5.056796e-01	1.400361e-01	2.193976e-02
5.790069e-01	1.260692e-01	7.297080e-02
5.128868e-01	1.187764e-01	3.488431e-02
5.688666e-01	1.077744e-01	8.430208e-02
4.923506e-01	8.017528e-02	-7.082969e-02
5.885085e-01	6.340477e-02	-1.867885e-02
5.503391e-01	6.697169e-01	-1.927998e-01
5.454930e-01	6.824766e-01	-1.783587e-01
5.420638e-01	6.819777e-01	-1.783837e-01
5.382213e-01	6.813704e-01	-1.783387e-01
5.561572e-01	6.836870e-01	-1.802099e-01
5.603238e-01	6.837706e-01	-1.801990e-01
5.642859e-01	6.837712e-01	-1.800784e-01
5.349056e-01	6.747977e-01	-8.317320e-02
5.711935e-01	6.752735e-01	-9.195632e-02
5.447949e-01	6.526089e-01	-1.565847e-01
5.588235e-01	6.537181e-01	-1.585160e-01
5.129883e-01	6.192380e-01	-6.862238e-02
5.959544e-01	6.089691e-01	-7.299328e-02
5.014220e-01	6.092532e-01	-3.050513e-01
6.202870e-01	5.812007e-01	-3.048782e-01
4.936435e-01	5.892398e-01	-5.601031e-01
6.238855e-01	5.810142e-01	-5.506415e-01
4.845584e-01	5.853268e-01	-6.178653e-01
6.347297e-01	5.829978e-01	-6.068379e-01
4.954912e-01	5.823151e-01	-6.161718e-01
6.248249e-01	5.823257e-01	-6.019452e-01
5.016328e-01	5.809258e-01	-5.688040e-01
6.172977e-01	5.797055e-01	-5.590898e-01
5.157061e-01	3.752148e-01	1.741769e-03
5.698050e-01	3.721608e-01	-1.610198e-03
4.925277e-01	2.573704e-01	-1.384286e-01
5.913722e-01	2.504860e-01	-1.033892e-01
5.051760e-01	1.400225e-01	6.187901e-02
5.789958e-01	1.257657e-01	8.646902e-02
5.128689e-01	1.198342e-01	7.483898e-02
5.685605e-01	1.074813e-01	9.846205e-02
4.918401e-01	8.014717e-02	-2.676143e-02
5.884127e-01	6.422849e-02	-8.587311e-04
5.497451e-01	6.584712e-01	-1.748113e-01
5.450205e-01	6.706350e-01	-1.602679e-01
5.415083e-01	6.701242e-01	-1.602992e-01
5.377149e-01	6.695898e-01	-1.602430e-01
5.553298e-01	6.720664e-01	-1.616859e-01
5.593964e-01	6.722200e-01	-1.616730e-01
5.633784e-01	6.723282e-01	-1.615531e-01
5.343716e-01	6.633048e-01	-6.526121e-02
5.702108e-01	6.640735e-01	-7.198195e-02
5.444063e-01	6.416491e-01	-1.383095e-01
5.581269e-01	6.429141e-01	-1.397595e-01
5.131167e-01	6.092390e-01	-6.016871e-02
5.934023e-01	6.012157e-01	-6.950892e-02
5.022315e-01	6.078539e-01	-2.762366e-01
6.199716e-01	5.868556e-01	-2.969254e-01
4.931539e-01	5.883787e-01	-5.212909e-01
6.208391e-01	5.884390e-01	-5.406429e-01
4.850906e-01	5.830587e-01	-5.756479e-01
6.305981e-01	5.892192e-01	-5.945854e-01
4.945707e-01	5.808128e-01	-5.739811e-01
6.212654e-01	5.864794e-01	-5.902628e-01
4.999515e-01	5.791746e-01	-5.295140e-01
6.142453e-01	5.851985e-01	-5.490230e-01
5.182806e-01	3.683466e-01	2.047495e-03
5.712442e-01	3.664065e-01	-1.953926e-03
4.881367e-01	2.498705e-01	-1.238889e-01
5.935538e-01	2.426205e-01	-1.039021e-01
5.051128e-01	1.399997e-01	9.172025e-02
5.789667e-01	1.240058e-01	1.034511e-01
5.133718e-01	1.207524e-01	1.064626e-01
5.685388e-01	1.067505e-01	1.169913e-01
4.908044e-01	8.012573e-02	9.015146e-03
5.885915e-01	6.418554e-02	8.254550e-03
5.488259e-01	6.472971e-01	-1.950265e-01
5.443043e-01	6.589975e-01	-1.781361e-01
5.407012e-01	6.586747e-01	-1.781877e-01
5.370001e-01	6.583834e-01	-1.781285e-01
5.543422e-01	6.600471e-01	-1.789527e-01
5.583190e-01	6.601846e-01	-1.789456e-01
5.622863e-01	6.602619e-01	-1.788417e-01
5.336676e-01	6.512507e-01	-7.894972e-02
5.690416e-01	6.512969e-01	-8.274814e-02
5.436677e-01	6.310989e-01	-1.579175e-01
5.568481e-01	6.321915e-01	-1.587624e-01
5.130510e-01	5.936071e-01	-6.356190e-02
5.934330e-01	5.832043e-01	-6.950162e-02
5.010568e-01	5.990962e-01	-2.662827e-01
6.325908e-01	5.637470e-01	-2.727028e-01
4.954255e-01	5.933356e-01	-4.940566e-01
6.162133e-01	5.928650e-01	-4.906992e-01
4.887377e-01	5.881205e-01	-5.463213e-01
6.172794e-01	6.047528e-01	-5.413796e-01
4.987021e-01	5.857112e-01	-5.416687e-01
6.061878e-01	6.032649e-01	-5.302144e-01
5.028607e-01	5.839718e-01	-5.002525e-01
6.043244e-01	5.947893e-01	-4.942011e-01
5.198129e-01	3.544662e-01	2.053214e-03
5.728400e-01	3.534281e-01	-1.962341e-03
4.866304e-01	2.467284e-01	-1.940088e-01
5.950581e-01	2.263767e-01	-9.383980e-02
5.051377e-01	1.381561e-01	3.638672e-02
5.790955e-01	1.238110e-01	1.328072e-01
5.136486e-01	1.203943e-01	5.389060e-02
5.686681e-01	1.069824e-01	1.511129e-01
4.903791e-01	7.986381e-02	-4.797875e-02
5.887383e-01	6.430351e-02	5.709343e-02
5.480996e-01	6.349307e-01	-1.904424e-01
5.437930e-01	6.479220e-01	-1.724616e-01
5.400510e-01	6.476558e-01	-1.724898e-01
5.364653e-01	6.476364e-01	-1.724218e-01
5.536875e-01	6.491919e-01	-1.734640e-01
5.575849e-01	6.495500e-01	-1.734548e-01
5.615616e-01	6.497112e-01	-1.733454e-01
5.330573e-01	6.397063e-01	-7.551914e-02
5.680627e-01	6.402841e-01	-7.984297e-02
5.431387e-01	6.188350e-01	-1.547008e-01
5.560680e-01	6.202047e-01	-1.555344e-01
5.130490e-01	5.803038e-01	-7.167266e-02
5.921901e-01	5.735044e-01	-8.217287e-02
5.026659e-01	5.868689e-01	-3.144372e-01
6.311620e-01	5.659373e-01	-3.275363e-01
4.984236e-01	5.883147e-01	-5.522723e-01
6.123369e-01	5.943746e-01	-5.485582e-01
4.922121e-01	5.875453e-01	-6.055421e-01
6.130907e-01	6.064069e-01	-5.986497e-01
5.014905e-01	5.843753e-01	-5.976149e-01
6.028982e-01	6.027330e-01	-5.849810e-01
5.054240e-01	5.810907e-01	-5.579859e-01
6.010313e-01	5.952609e-01	-5.521566e-01
5.203909e-01	3.495154e-01	2.698706e-03
5.729699e-01	3.483956e-01	-2.629955e-03
4.861712e-01	2.436185e-01	-1.999614e-01
5.947608e-01	2.280651e-01	-1.654697e-01
5.050120e-01	1.384372e-01	4.155423e-02
5.790725e-01	1.214801e-01	5.284431e-02
5.136310e-01	1.214072e-01	5.979425e-02
5.688426e-01	1.048373e-01	6.912915e-02
4.900724e-01	8.109319e-02	-3.313968e-02
5.889167e-01	6.367271e-02	-2.761981e-02
5.478503e-01	6.250560e-01	-1.910435e-01
5.435454e-01	6.398215e-01	-1.730020e-01
5.397015e-01	6.394277e-01	-1.730262e-01
5.361367e-01	6.388553e-01	-1.729565e-01
5.534555e-01	6.406454e-01	-1.727652e-01
5.573897e-01	6.407133e-01	-1.727591e-01
5.612937e-01	6.404412e-01	-1.726492e-01
5.323305e-01	6.299143e-01	-7.767846e-02
5.674045e-01	6.314479e-01	-7.702623e-02
5.428467e-01	6.076281e-01	-1.562032e-01
5.556542e-01	6.092815e-01	-1.556315e-01
5.130085e-01	5.682506e-01	-7.641869e-02
5.905664e-01	5.629066e-01	-7.957930e-02
5.019771e-01	5.753065e-01	-3.089005e-01
6.318836e-01	5.615208e-01	-2.999186e-01
5.006508e-01	5.839412e-01	-5.262927e-01
6.107569e-01	5.916740e-01	-5.079695e-01
4.971566e-01	5.863130e-01	-5.765790e-01
6.076232e-01	6.016434e-01	-5.551719e-01
5.057274e-01	5.836741e-01	-5.650899e-01
5.996092e-01	5.982935e-01	-5.422424e-01
5.087930e-01	5.796272e-01	-5.296041e-01
5.995547e-01	5.918570e-01	-5.107213e-01
5.202827e-01	3.412092e-01	2.653610e-03
5.726441e-01	3.425955e-01	-2.589814e-03
4.844766e-01	2.345565e-01	-2.016209e-01
5.944523e-01	2.273907e-01	-2.080763e-01
5.049466e-01	1.400944e-01	6.898548e-02
5.786604e-01	1.202282e-01	2.816771e-02
5.136458e-01	1.266945e-01	8.480185e-02
5.686277e-01	1.044579e-01	4.711484e-02
4.900841e-01	8.227089e-02	-9.878314e-03
5.889400e-01	6.272248e-02	-4.895921e-02
5.477751e-01	6.190637e-01	-1.902090e-01
5.434311e-01	6.320024e-01	-1.716579e-01
5.395392e-01	6.314929e-01	-1.716871e-01
5.359504e-01	6.310841e-01	-1.716287e-01
5.532942e-01	6.333231e-01	-1.715712e-01
5.572273e-01	6.334980e-01	-1.715677e-01
5.611339e-01	6.336195e-01	-1.714670e-01
5.320587e-01	6.227256e-01	-7.775506e-02
5.671318e-01	6.247479e-01	-7.738982e-02
5.427701e-01	5.992676e-01	-1.562258e-01
5.554093e-01	6.017301e-01	-1.557958e-01
5.134314e-01	5.572078e-01	-7.413134e-02
5.907019e-01	5.497572e-01	-7.560673e-02
5.021828e-01	5.659151e-01	-2.857447e-01
6.391016e-01	5.337222e-01	-2.728639e-01
5.031279e-01	5.792296e-01	-4.959011e-01
6.109351e-01	5.837297e-01	-4.734484e-01
4.992276e-01	5.814288e-01	-5.443496e-01
6.061453e-01	5.957413e-01	-5.123043e-01
5.068214e-01	5.803071e-01	-5.337388e-01
5.984486e-01	5.932137e-01	-4.904276e-01
5.101035e-01	5.750701e-01	-4.993019e-01
5.980290e-01	5.852449e-01	-4.676005e-01
5.208043e-01	3.381303e-01	2.521876e-03
5.726489e-01	3.387565e-01	-2.459557e-03
4.841999e-01	2.290245e-01	-1.861028e-01
5.941810e-01	2.233605e-01	-2.113437e-01
5.046006e-01	1.403515e-01	7.912287e-02
5.784984e-01	1.186457e-01	1.781365e-02
5.134985e-01	1.288958e-01	1.062810e-01
5.686218e-01	1.034798e-01	3.619690e-02
4.897331e-01	8.230596e-02	2.625572e-02
5.889689e-01	6.173970e-02	-5.959541e-02
5.475993e-01	6.131510e-01	-1.826349e-01
5.432983e-01	6.266381e-01	-1.652644e-01
5.392925e-01	6.259971e-01	-1.652980e-01
5.357454e-01	6.252638e-01	-1.652537e-01
5.531098e-01	6.276611e-01	-1.655844e-01
5.570503e-01	6.276686e-01	-1.655712e-01
5.609524e-01	6.272720e-01	-1.654559e-01
5.315804e-01	6.182140e-01	-7.410990e-02
5.669197e-01	6.178774e-01	-7.517837e-02
5.425957e-01	5.928545e-01	-1.492756e-01
5.549362e-01	5.950986e-01	-1.492855e-01
5.136212e-01	5.557761e-01	-7.237222e-02
5.894162e-01	5.454428e-01	-7.522301e-02
5.033651e-01	5.643641e-01	-2.904708e-01
6.315851e-01	5.296766e-01	-2.788913e-01
5.030031e-01	5.785186e-01	-5.061381e-01
6.058748e-01	5.796992e-01	-4.771458e-01
4.985758e-01	5.761839e-01	-5.551601e-01
6.041383e-01	5.898045e-01	-5.212105e-01
5.064644e-01	5.750738e-01	-5.450290e-01
5.965441e-01	5.869868e-01	-5.027753e-01
5.098545e-01	5.707775e-01	-5.100084e-01
5.956582e-01	5.797455e-01	-4.775689e-01
5.218435e-01	3.345251e-01	2.740265e-03
5.727449e-01	3.355317e-01	-2.676062e-03
4.843599e-01	2.268611e-01	-1.695955e-01
5.939107e-01	2.236202e-01	-1.927396e-01
5.043354e-01	1.404316e-01	8.160345e-02
5.784240e-01	1.183718e-01	2.615888e-02
5.134929e-01	1.285864e-01	1.072107e-01
5.687221e-01	1.034307e-01	4.382854e-02
4.892766e-01	8.229782e-02	3.005137e-02
5.889857e-01	6.162978e-02	-4.494897e-02
5.475060e-01	6.066906e-01	-1.742468e-01
5.431457e-01	6.199971e-01	-1.573218e-01
5.390784e-01	6.193140e-01	-1.573581e-01
5.355395e-01	6.185052e-01	-1.573223e-01
5.529519e-01	6.212801e-01	-1.579792e-01
5.569224e-01	6.213818e-01	-1.579666e-01
5.607776e-01	6.210316e-01	-1.578435e-01
5.311095e-01	6.113515e-01	-6.784365e-02
5.666596e-01	6.115059e-01	-7.047103e-02
5.424347e-01	5.860279e-01	-1.412736e-01
5.546459e-01	5.883303e-01	-1.417586e-01
5.139718e-01	5.501497e-01	-7.204058e-02
5.882007e-01	5.411490e-01	-7.479658e-02
5.040890e-01	5.567746e-01	-2.921290e-01
6.193487e-01	5.264877e-01	-2.834245e-01
5.030953e-01	5.726648e-01	-5.067747e-01
6.021504e-01	5.762740e-01	-4.808896e-01
4.990458e-01	5.732795e-01	-5.550795e-01
6.017483e-01	5.850822e-01	-5.253864e-01
5.071167e-01	5.718693e-01	-5.443990e-01
5.938240e-01	5.825647e-01	-5.110724e-01
5.105155e-01	5.695934e-01	-5.103273e-01
5.925447e-01	5.774361e-01	-4.834536e-01
5.220566e-01	3.319566e-01	3.120647e-03
5.722914e-01	3.348437e-01	-3.056306e-03
4.849745e-01	2.277725e-01	-1.697378e-01
5.937936e-01	2.251318e-01	-1.929660e-01
5.043351e-01	1.403354e-01	6.584705e-02
5.783520e-01	1.188294e-01	1.218819e-02
5.134831e-01	1.282963e-01	8.510362e-02
5.687973e-01	1.041212e-01	2.859731e-02
4.891958e-01	8.156179e-02	8.383005e-03
5.889732e-01	6.159331e-02	-5.745745e-02
5.474312e-01	6.001497e-01	-1.650449e-01
5.429865e-01	6.135287e-01	-1.473432e-01
5.388830e-01	6.126969e-01	-1.473904e-01
5.353624e-01	6.117458e-01	-1.473726e-01
5.528184e-01	6.152064e-01	-1.485201e-01
5.568596e-01	6.154296e-01	-1.485070e-01
5.606757e-01	6.151947e-01	-1.483836e-01
5.309836e-01	6.049591e-01	-5.733242e-02
5.665830e-01	6.063201e-01	-6.226721e-02
5.423502e-01	5.793331e-01	-1.321130e-01
5.546203e-01	5.821185e-01	-1.332513e-01
5.145178e-01	5.438003e-01	-6.595518e-02
5.881956e-01	5.340502e-01	-6.976728e-02
5.039033e-01	5.497071e-01	-2.869145e-01
6.165684e-01	5.226315e-01	-2.795629e-01
5.031926e-01	5.653890e-01	-4.988681e-01
6.023387e-01	5.661550e-01	-4.786413e-01
5.001057e-01	5.705454e-01	-5.470326e-01
6.018893e-01	5.803978e-01	-5.235811e-01
5.080103e-01	5.688034e-01	-5.371408e-01
5.944927e-01	5.811610e-01	-5.124769e-01
5.110103e-01	5.640962e-01	-5.026869e-01
5.933981e-01	5.716578e-01	-4.827557e-01
5.219501e-01	3.298134e-01	3.284760e-03
5.716873e-01	3.299153e-01	-3.221942e-03
4.846731e-01	2.269092e-01	-1.858931e-01
5.936199e-01	2.220976e-01	-1.887606e-01
5.043998e-01	1.404299e-01	5.378499e-02
5.783444e-01	1.188954e-01	2.613311e-02
5.137146e-01	1.279700e-01	7.281013e-02
5.689536e-01	1.041257e-01	4.344899e-02
4.892320e-01	8.154304e-02	-3.059910e-03
5.889558e-01	6.156856e-02	-4.064444e-02
5.471572e-01	5.958358e-01	-1.686975e-01
5.426078e-01	6.092633e-01	-1.510406e-01
5.384534e-01	6.082680e-01	-1.510808e-01
5.349933e-01	6.070737e-01	-1.510423e-01
5.524499e-01	6.111956e-01	-1.526889e-01
5.565420e-01	6.114388e-01	-1.526774e-01
5.603953e-01	6.113899e-01	-1.525678e-01
5.307699e-01	5.998678e-01	-5.975605e-02
5.664210e-01	6.024508e-01	-6.674384e-02
5.422093e-01	5.747796e-01	-1.352141e-01
5.544556e-01	5.782118e-01	-1.369450e-01
5.150810e-01	5.405242e-01	-6.430535e-02
5.880169e-01	5.326087e-01	-7.210918e-02
5.041693e-01	5.468274e-01	-2.869392e-01
6.145944e-01	5.205656e-01	-2.890843e-01
5.035310e-01	5.581740e-01	-5.018863e-01
6.019791e-01	5.552294e-01	-4.856297e-01
5.006295e-01	5.638561e-01	-5.496296e-01
6.015524e-01	5.708848e-01	-5.298647e-01
5.088964e-01	5.629030e-01	-5.398773e-01
5.938506e-01	5.699615e-01	-5.190749e-01
5.118378e-01	5.574806e-01	-5.058313e-01
5.923860e-01	5.610555e-01	-4.893598e-01
5.220467e-01	3.281328e-01	4.311291e-03
5.716568e-01	3.289191e-01	-4.264534e-03
4.849710e-01	2.247817e-01	-1.860528e-01
5.935076e-01	2.211503e-01	-1.925632e-01
5.045173e-01	1.403782e-01	5.722850e-02
5.784531e-01	1.188957e-01	2.655689e-02
5.139407e-01	1.277350e-01	7.656884e-02
5.690570e-01	1.039973e-01	4.451389e-02
4.892344e-01	8.152875e-02	-2.803805e-04
5.889520e-01	6.158914e-02	-3.930598e-02
5.468307e-01	5.916160e-01	-1.713627e-01
5.420934e-01	6.053239e-01	-1.538152e-01
5.379213e-01	6.042601e-01	-1.538408e-01
5.344738e-01	6.030086e-01	-1.537924e-01
5.520909e-01	6.072074e-01	-1.556597e-01
5.562485e-01	6.074012e-01	-1.556500e-01
5.601304e-01	6.073253e-01	-1.555378e-01
5.304941e-01	5.956182e-01	-6.288251e-02
5.662524e-01	5.982111e-01	-7.045232e-02
5.420069e-01	5.704884e-01	-1.380007e-01
5.542216e-01	5.738883e-01	-1.400263e-01
5.153279e-01	5.369467e-01	-6.580978e-02
5.876729e-01	5.293219e-01	-7.762028e-02
5.044441e-01	5.426271e-01	-2.898687e-01
6.162056e-01	5.259013e-01	-2.945683e-01
5.033380e-01	5.509641e-01	-5.012980e-01
6.014968e-01	5.524034e-01	-4.854644e-01
5.002702e-01	5.554507e-01	-5.487993e-01
6.010665e-01	5.669341e-01	-5.292823e-01
5.088821e-01	5.553972e-01	-5.385799e-01
5.927149e-01	5.635426e-01	-5.185071e-01
5.119292e-01	5.500529e-01	-5.049798e-01
5.912351e-01	5.552418e-01	-4.888937e-01
5.218631e-01	3.238686e-01	4.682373e-03
5.707203e-01	3.269097e-01	-4.620390e-03
4.849917e-01	2.219051e-01	-1.893582e-01
5.934874e-01	2.227444e-01	-2.169108e-01
5.047299e-01	1.405843e-01	5.787011e-02
5.784492e-01	1.215896e-01	2.011849e-03
5.141991e-01	1.278985e-01	7.753736e-02
5.693933e-01	1.073816e-01	2.028558e-02
4.893234e-01	8.151552e-02	1.473829e-04
5.885100e-01	6.201652e-02	-6.521378e-02
5.468391e-01	5.889741e-01	-1.711524e-01
5.419985e-01	6.026216e-01	-1.544033e-01
5.378470e-01	6.016754e-01	-1.544239e-01
5.344019e-01	6.004733e-01	-1.543725e-01
5.520080e-01	6.044005e-01	-1.559293e-01
5.561504e-01	6.046091e-01	-1.559156e-01
5.600014e-01	6.047342e-01	-1.557966e-01
5.304557e-01	5.933161e-01	-6.475748e-02
5.659689e-01	5.961452e-01	-7.160374e-02
5.420119e-01	5.688231e-01	-1.381814e-01
5.542105e-01	5.716713e-01	-1.398290e-01
5.153340e-01	5.384217e-01	-6.758317e-02
5.873645e-01	5.301116e-01	-7.881200e-02
5.047144e-01	5.416085e-01	-2.972274e-01
6.163043e-01	5.255343e-01	-2.979026e-01
5.029918e-01	5.495068e-01	-5.122814e-01
6.018456e-01	5.500290e-01	-4.923609e-01
4.993292e-01	5.492481e-01	-5.604244e-01
6.025244e-01	5.635945e-01	-5.361728e-01
5.080783e-01	5.477971e-01	-5.506369e-01
5.931243e-01	5.594440e-01	-5.262145e-01
5.115234e-01	5.441241e-01	-5.161887e-01
5.910552e-01	5.514004e-01	-4.962949e-01
5.218192e-01	3.222562e-01	4.802825e-03
5.705830e-01	3.250312e-01	-4.736555e-03
4.848009e-01	2.203477e-01	-1.843646e-01
5.933851e-01	2.196814e-01	-2.005817e-01
5.050616e-01	1.413520e-01	6.100395e-02
5.783979e-01	1.215690e-01	1.607039e-02
5.149122e-01	1.281274e-01	8.054684e-02
5.693857e-01	1.073459e-01	3.387687e-02
4.893903e-01	8.237243e-02	3.535404e-03
5.884282e-01	6.200466e-02	-5.011570e-02
5.468178e-01	5.869569e-01	-1.740589e-01
5.419186e-01	6.005993e-01	-1.570708e-01
5.377734e-01	5.996959e-01	-1.570923e-01
5.343356e-01	5.985038e-01	-1.570365e-01
5.519167e-01	6.022664e-01	-1.586615e-01
5.560550e-01	6.024599e-01	-1.586497e-01
5.598871e-01	6.025723e-01	-1.585327e-01
5.303935e-01	5.914844e-01	-6.617785e-02
5.658299e-01	5.941638e-01	-7.174747e-02
5.420125e-01	5.668320e-01	-1.405420e-01
5.541514e-01	5.695155e-01	-1.422091e-01
5.154001e-01	5.387906e-01	-6.824604e-02
5.874293e-01	5.292504e-01	-8.125281e-02
5.047299e-01	5.394711e-01	-2.929188e-01
6.164342e-01	5.279145e-01	-2.992627e-01
5.026169e-01	5.438281e-01	-5.071974e-01
6.015660e-01	5.480890e-01	-4.915265e-01
4.988890e-01	5.423604e-01	-5.548595e-01
6.030424e-01	5.606773e-01	-5.351939e-01
5.075952e-01	5.426753e-01	-5.448344e-01
5.929772e-01	5.558583e-01	-5.243050e-01
5.112152e-01	5.397073e-01	-5.108916e-01
5.903704e-01	5.482597e-01	-4.947131e-01
5.210855e-01	3.223238e-01	4.812066e-03
5.697662e-01	3.234646e-01	-4.744894e-03
4.848626e-01	2.191698e-01	-1.798147e-01
5.928611e-01	2.203987e-01	-2.042427e-01
5.050648e-01	1.417629e-01	6.892420e-02
5.785053e-01	1.216756e-01	1.583866e-02
5.148953e-01	1.287675e-01	9.012090e-02
5.696238e-01	1.072309e-01	3.420961e-02
4.897560e-01	8.234559e-02	1.826280e-02
5.884645e-01	6.243018e-02	-4.949009e-02
5.467209e-01	5.856045e-01	-1.755810e-01
5.417401e-01	5.992328e-01	-1.585830e-01
5.375999e-01	5.982970e-01	-1.586059e-01
5.341578e-01	5.971254e-01	-1.585492e-01
5.517712e-01	6.010231e-01	-1.600868e-01
5.559034e-01	6.012935e-01	-1.600760e-01
5.597401e-01	6.014687e-01	-1.599608e-01
5.302268e-01	5.901121e-01	-6.807051e-02
5.656135e-01	5.927452e-01	-7.283431e-02
5.419585e-01	5.652449e-01	-1.417808e-01
5.540013e-01	5.681662e-01	-1.434454e-01
5.153885e-01	5.362285e-01	-7.133241e-02
5.873853e-01	5.266131e-01	-8.160514e-02
5.046415e-01	5.367647e-01	-2.938916e-01
6.185979e-01	5.278400e-01	-2.943223e-01
5.023813e-01	5.414714e-01	-5.075887e-01
6.023854e-01	5.451086e-01	-4.871385e-01
4.987405e-01	5.404529e-01	-5.555440e-01
6.035949e-01	5.584135e-01	-5.280948e-01
5.081092e-01	5.415806e-01	-5.449263e-01
5.923911e-01	5.540035e-01	-5.138856e-01
5.114812e-01	5.379379e-01	-5.111642e-01
5.896642e-01	5.462102e-01	-4.875324e-01
5.203958e-01	3.209275e-01	4.804955e-03
5.693288e-01	3.231266e-01	-4.737202e-03
4.849319e-01	2.203154e-01	-1.894942e-01
5.917873e-01	2.211848e-01	-2.076357e-01
5.052512e-01	1.418768e-01	5.242416e-02
5.785353e-01	1.221829e-01	2.763030e-03
5.151041e-01	1.287435e-01	7.193194e-02
5.704654e-01	1.079477e-01	1.998591e-02
4.898620e-01	8.231182e-02	-4.108679e-03
5.884613e-01	6.368572e-02	-6.593978e-02
5.465636e-01	5.841191e-01	-1.764631e-01
5.414139e-01	5.984439e-01	-1.594243e-01
5.372832e-01	5.975167e-01	-1.594472e-01
5.337573e-01	5.965008e-01	-1.593899e-01
5.516387e-01	6.002526e-01	-1.609029e-01
5.558005e-01	6.005734e-01	-1.608927e-01
5.596610e-01	6.008527e-01	-1.607781e-01
5.298264e-01	5.896775e-01	-6.861095e-02
5.655640e-01	5.922623e-01	-7.413235e-02
5.418384e-01	5.636875e-01	-1.424954e-01
5.538113e-01	5.667964e-01	-1.440615e-01
5.152493e-01	5.334642e-01	-7.121612e-02
5.874747e-01	5.250911e-01	-8.253105e-02
5.045679e-01	5.323687e-01	-2.906147e-01
6.186368e-01	5.185196e-01	-2.925039e-01
5.022096e-01	5.395892e-01	-5.035872e-01
6.025304e-01	5.419882e-01	-4.821328e-01
4.983770e-01	5.388262e-01	-5.512765e-01
6.045527e-01	5.539974e-01	-5.228708e-01
5.081699e-01	5.400639e-01	-5.413597e-01
5.929210e-01	5.501304e-01	-5.090145e-01
5.116364e-01	5.362225e-01	-5.071746e-01
5.899243e-01	5.427139e-01	-4.824924e-01
5.202238e-01	3.182396e-01	5.034371e-03
5.693577e-01	3.206375e-01	-4.959215e-03
4.847723e-01	2.182551e-01	-1.965500e-01
5.916273e-01	2.182107e-01	-2.063924e-01
5.056704e-01	1.418099e-01	4.963433e-02
5.785979e-01	1.225285e-01	1.372784e-02
5.156499e-01	1.287020e-01	6.969023e-02
5.710034e-01	1.089141e-01	3.131961e-02
4.901903e-01	8.187246e-02	-4.340611e-03
5.881715e-01	6.470773e-02	-6.406294e-02
5.464633e-01	5.830806e-01	-1.769971e-01
5.412267e-01	5.979322e-01	-1.598845e-01
5.371367e-01	5.971909e-01	-1.599095e-01
5.335914e-01	5.963639e-01	-1.598548e-01
5.515084e-01	5.994708e-01	-1.613276e-01
5.556728e-01	5.998099e-01	-1.613162e-01
5.595545e-01	6.001494e-01	-1.611992e-01
5.296447e-01	5.898896e-01	-6.963798e-02
5.654879e-01	5.921971e-01	-7.591535e-02
5.417499e-01	5.630934e-01	-1.428137e-01
5.536252e-01	5.661502e-01	-1.442638e-01
5.150799e-01	5.343128e-01	-7.047989e-02
5.876139e-01	5.265567e-01	-8.234294e-02
5.043227e-01	5.308158e-01	-2.844633e-01
6.243736e-01	5.129023e-01	-2.911595e-01
5.021423e-01	5.356539e-01	-4.945456e-01
6.037435e-01	5.420389e-01	-4.729854e-01
4.981527e-01	5.356708e-01	-5.404781e-01
6.048790e-01	5.525600e-01	-5.142121e-01
5.081234e-01	5.379061e-01	-5.280476e-01
5.931776e-01	5.479310e-01	-4.995724e-01
5.115703e-01	5.341287e-01	-4.969452e-01
5.902596e-01	5.410220e-01	-4.733875e-01
5.202698e-01	3.189342e-01	5.181590e-03
5.694526e-01	3.206117e-01	-5.110679e-03
4.845816e-01	2.191819e-01	-1.903234e-01
5.917933e-01	2.132399e-01	-2.015021e-01
5.058093e-01	1.434846e-01	5.499533e-02
5.786234e-01	1.226428e-01	2.806648e-02
5.160226e-01	1.308800e-01	7.465573e-02
5.711427e-01	1.091378e-01	4.789944e-02
4.902435e-01	8.228147e-02	1.839638e-03
5.881894e-01	6.467564e-02	-2.966006e-02
5.464392e-01	5.824829e-01	-1.768780e-01
5.411753e-01	5.975429e-01	-1.601038e-01
5.371141e-01	5.969735e-01	-1.601249e-01
5.335680e-01	5.963061e-01	-1.600626e-01
5.514541e-01	5.988054e-01	-1.615586e-01
5.556127e-01	5.991315e-01	-1.615487e-01
5.594987e-01	5.995179e-01	-1.614350e-01
5.296243e-01	5.902827e-01	-6.967580e-02
5.654471e-01	5.923001e-01	-7.618769e-02
5.417278e-01	5.628558e-01	-1.430874e-01
5.534606e-01	5.660275e-01	-1.446070e-01
5.150306e-01	5.358092e-01	-6.772336e-02
5.876622e-01	5.284548e-01	-8.242616e-02
5.041550e-01	5.305271e-01	-2.784151e-01
6.265792e-01	5.126383e-01	-2.904869e-01
5.019057e-01	5.339779e-01	-4.884352e-01
6.038761e-01	5.416536e-01	-4.732726e-01
4.979852e-01	5.333863e-01	-5.336996e-01
6.051439e-01	5.490440e-01	-5.148586e-01
5.080276e-01	5.353909e-01	-5.220296e-01
5.933717e-01	5.432388e-01	-5.008678e-01
5.114526e-01	5.317727e-01	-4.909776e-01
5.902387e-01	5.374422e-01	-4.741616e-01
5.202754e-01	3.186526e-01	5.779195e-03
5.694754e-01	3.196511e-01	-5.716505e-03
4.845851e-01	2.197498e-01	-1.929141e-01
5.920277e-01	2.120504e-01	-2.026211e-01
5.060400e-01	1.434729e-01	4.979433e-02
5.786190e-01	1.226351e-01	2.483726e-02
5.163266e-01	1.307467e-01	6.973691e-02
5.711299e-01	1.090781e-01	4.495372e-02
4.902527e-01	8.238687e-02	-2.265240e-04
5.882225e-01	6.463890e-02	-3.179869e-02
5.463814e-01	5.823869e-01	-1.767838e-01
5.411080e-01	5.974072e-01	-1.600259e-01
5.370663e-01	5.968217e-01	-1.600435e-01
5.335163e-01	5.961292e-01	-1.599731e-01
5.513965e-01	5.986794e-01	-1.615985e-01
5.555624e-01	5.989962e-01	-1.615892e-01
5.594623e-01	5.993782e-01	-1.614792e-01
5.295961e-01	5.901161e-01	-6.946759e-02
5.654526e-01	5.922950e-01	-7.635181e-02
5.416933e-01	5.628823e-01	-1.430436e-01
5.533674e-01	5.658562e-01	-1.447338e-01
5.149654e-01	5.359991e-01	-6.491837e-02
5.877339e-01	5.286236e-01	-8.204769e-02
5.040094e-01	5.312663e-01	-2.725716e-01
6.287395e-01	5.117587e-01	-2.898909e-01
5.016267e-01	5.331970e-01	-4.836041e-01
6.052854e-01	5.401503e-01	-4.732747e-01
4.979412e-01	5.324568e-01	-5.289134e-01
6.053222e-01	5.477050e-01	-5.150921e-01
5.079009e-01	5.344783e-01	-5.179704e-01
5.936856e-01	5.412855e-01	-5.011443e-01
5.113900e-01	5.310803e-01	-4.864539e-01
5.906054e-01	5.355525e-01	-4.742460e-01
5.201038e-01	3.193035e-01	5.884056e-03
5.693299e-01	3.195198e-01	-5.824097e-03
4.845720e-01	2.201556e-01	-2.045060e-01
5.917854e-01	2.132994e-01	-2.084452e-01
5.061132e-01	1.438164e-01	4.178960e-02
5.784343e-01	1.225988e-01	1.733952e-02
5.163117e-01	1.307990e-01	6.222150e-02
5.711095e-01	1.090031e-01	3.714180e-02
4.903108e-01	8.242192e-02	-1.001498e-02
5.880435e-01	6.461396e-02	-3.980704e-02
5.463831e-01	5.823028e-01	-1.765830e-01
5.411088e-01	5.973651e-01	-1.600971e-01
5.370718e-01	5.968125e-01	-1.601120e-01
5.335128e-01	5.961089e-01	-1.600357e-01
5.514001e-01	5.985676e-01	-1.615240e-01
5.555651e-01	5.988635e-01	-1.615130e-01
5.594620e-01	5.992488e-01	-1.614041e-01
5.295626e-01	5.900021e-01	-6.952956e-02
5.654472e-01	5.921666e-01	-7.623705e-02
5.416830e-01	5.628566e-01	-1.430475e-01
5.533398e-01	5.657405e-01	-1.445005e-01
5.148361e-01	5.362571e-01	-6.479117e-02
5.877826e-01	5.293258e-01	-8.097829e-02
5.039974e-01	5.320609e-01	-2.737128e-01
6.302143e-01	5.110932e-01	-2.890081e-01
5.015506e-01	5.331614e-01	-4.837503e-01
6.059096e-01	5.390685e-01	-4.716319e-01
4.978455e-01	5.314999e-01	-5.297655e-01
6.061533e-01	5.434111e-01	-5.133115e-01
5.078171e-01	5.328420e-01	-5.202135e-01
5.937461e-01	5.391232e-01	-4.988061e-01
5.112927e-01	5.295843e-01	-4.874017e-01
5.906553e-01	5.331461e-01	-4.722624e-01
5.201018e-01	3.198805e-01	5.865206e-03
5.693277e-01	3.199053e-01	-5.804515e-03
4.844809e-01	2.203788e-01	-2.070034e-01
5.913719e-01	2.140962e-01	-2.048893e-01
5.061226e-01	1.443128e-01	3.924915e-02
5.784261e-01	1.225971e-01	1.863630e-02
5.162923e-01	1.315859e-01	5.960972e-02
5.711781e-01	1.089732e-01	3.799589e-02
4.903343e-01	8.240996e-02	-1.421367e-02
5.879629e-01	6.459149e-02	-4.009813e-02
5.463711e-01	5.822075e-01	-1.763030e-01
5.411046e-01	5.973144e-01	-1.601595e-01
5.370725e-01	5.967816e-01	-1.601733e-01
5.335069e-01	5.961131e-01	-1.600960e-01
5.514029e-01	5.985102e-01	-1.615924e-01
5.555676e-01	5.987902e-01	-1.615800e-01
5.594636e-01	5.991391e-01	-1.614691e-01
5.295623e-01	5.901756e-01	-7.003796e-02
5.654578e-01	5.919909e-01	-7.673551e-02
5.416775e-01	5.629321e-01	-1.429362e-01
5.533162e-01	5.653805e-01	-1.444234e-01
5.147860e-01	5.370973e-01	-6.545977e-02
5.878309e-01	5.298797e-01	-8.175386e-02
5.039986e-01	5.328899e-01	-2.797036e-01
6.295081e-01	5.129159e-01	-2.950895e-01
5.013369e-01	5.333000e-01	-4.985116e-01
6.069380e-01	5.374714e-01	-4.856572e-01
4.970572e-01	5.302448e-01	-5.459689e-01
6.081247e-01	5.419732e-01	-5.287530e-01
5.076553e-01	5.314559e-01	-5.363995e-01
5.938022e-01	5.378079e-01	-5.160039e-01
5.112694e-01	5.286762e-01	-5.022975e-01
5.908321e-01	5.313990e-01	-4.876172e-01
5.201035e-01	3.202731e-01	5.850131e-03
5.693381e-01	3.204934e-01	-5.789096e-03
4.844450e-01	2.216655e-01	-2.040400e-01
5.910591e-01	2.145406e-01	-2.036645e-01
5.061331e-01	1.445210e-01	3.484707e-02
5.784262e-01	1.225971e-01	1.670737e-02
5.162796e-01	1.318649e-01	5.413676e-02
5.714034e-01	1.089301e-01	3.508770e-02
4.903638e-01	8.239701e-02	-2.039796e-02
5.879226e-01	6.461215e-02	-4.360361e-02
5.463538e-01	5.821898e-01	-1.688851e-01
5.411042e-01	5.973704e-01	-1.534478e-01
5.370758e-01	5.968289e-01	-1.534608e-01
5.335088e-01	5.961464e-01	-1.533775e-01
5.514048e-01	5.986412e-01	-1.553129e-01
5.555697e-01	5.989437e-01	-1.552888e-01
5.594650e-01	5.993028e-01	-1.551703e-01
5.295648e-01	5.903779e-01	-6.407814e-02
5.654824e-01	5.923067e-01	-7.235024e-02
5.416688e-01	5.630299e-01	-1.352824e-01
5.533011e-01	5.654346e-01	-1.373134e-01
5.147905e-01	5.375851e-01	-5.825736e-02
5.878546e-01	5.302538e-01	-7.864219e-02
5.039589e-01	5.334651e-01	-2.773587e-01
6.290427e-01	5.138668e-01	-2.938717e-01
5.009010e-01	5.323617e-01	-5.003842e-01
6.086430e-01	5.353544e-01	-4.885820e-01
4.966072e-01	5.283529e-01	-5.480181e-01
6.103244e-01	5.400807e-01	-5.322796e-01
5.070115e-01	5.296212e-01	-5.388914e-01
5.963320e-01	5.351803e-01	-5.211353e-01
5.107357e-01	5.266280e-01	-5.045191e-01
5.930800e-01	5.298454e-01	-4.914261e-01
5.201407e-01	3.205695e-01	6.005523e-03
5.694133e-01	3.205173e-01	-5.950095e-03
4.840844e-01	2.230424e-01	-2.004946e-01
5.909418e-01	2.146659e-01	-1.937183e-01
5.061649e-01	1.444965e-01	3.851799e-02
5.784304e-01	1.225109e-01	2.349398e-02
5.162827e-01	1.318421e-01	5.772839e-02
5.715019e-01	1.085390e-01	4.191134e-02
4.903731e-01	8.232921e-02	-1.598811e-02
5.878819e-01	6.460077e-02	-3.317672e-02
5.463253e-01	5.822926e-01	-1.555039e-01
5.411064e-01	5.975800e-01	-1.409560e-01
5.370792e-01	5.970676e-01	-1.409743e-01
5.335119e-01	5.964108e-01	-1.408992e-01
5.514123e-01	5.987715e-01	-1.428357e-01
5.555909e-01	5.990270e-01	-1.428044e-01
5.594887e-01	5.993351e-01	-1.426765e-01
5.295672e-01	5.907390e-01	-5.384685e-02
5.655839e-01	5.925211e-01	-6.203198e-02
5.416484e-01	5.632710e-01	-1.223774e-01
5.532998e-01	5.655370e-01	-1.243997e-01
5.148950e-01	5.381808e-01	-4.962538e-02
5.878866e-01	5.303440e-01	-6.971209e-02
5.039384e-01	5.338440e-01	-2.696192e-01
6.250817e-01	5.227747e-01	-2.876792e-01
5.008727e-01	5.303764e-01	-4.990598e-01
6.094745e-01	5.330011e-01	-4.863197e-01
4.965405e-01	5.248895e-01	-5.464752e-01
6.151043e-01	5.375777e-01	-5.301507e-01
5.064865e-01	5.262979e-01	-5.379974e-01
5.984471e-01	5.336400e-01	-5.198827e-01
5.103830e-01	5.243763e-01	-5.031240e-01
5.949609e-01	5.288293e-01	-4.894168e-01
5.201750e-01	3.208164e-01	6.045896e-03
5.694259e-01	3.206753e-01	-5.991360e-03
4.834882e-01	2.245756e-01	-1.909858e-01
5.909157e-01	2.149006e-01	-1.786565e-01
5.061785e-01	1.444357e-01	4.105509e-02
5.783802e-01	1.223550e-01	3.036926e-02
5.162755e-01	1.317424e-01	5.976528e-02
5.714901e-01	1.081783e-01	4.792633e-02
4.903764e-01	8.211986e-02	-1.360221e-02
5.878321e-01	6.458027e-02	-2.510347e-02
5.462730e-01	5.826841e-01	-1.570970e-01
5.411083e-01	5.980018e-01	-1.424792e-01
5.370821e-01	5.975036e-01	-1.424987e-01
5.335141e-01	5.968838e-01	-1.424262e-01
5.514145e-01	5.992165e-01	-1.445256e-01
5.555995e-01	5.994838e-01	-1.444977e-01
5.595040e-01	5.997880e-01	-1.443761e-01
5.295929e-01	5.911947e-01	-5.495367e-02
5.656943e-01	5.929484e-01	-6.376300e-02
5.416317e-01	5.637887e-01	-1.237717e-01
5.532995e-01	5.659860e-01	-1.260491e-01
5.149807e-01	5.387910e-01	-4.743455e-02
5.879598e-01	5.305831e-01	-6.862315e-02
5.036680e-01	5.327753e-01	-2.557968e-01
6.262602e-01	5.165635e-01	-2.786557e-01
5.003429e-01	5.284721e-01	-4.836048e-01
6.104168e-01	5.322090e-01	-4.760588e-01
4.963182e-01	5.214771e-01	-5.310115e-01
6.164879e-01	5.368977e-01	-5.205029e-01
5.055212e-01	5.236550e-01	-5.255150e-01
5.996708e-01	5.337111e-01	-5.112543e-01
5.089459e-01	5.224769e-01	-4.893180e-01
5.963453e-01	5.290477e-01	-4.796849e-01
5.202266e-01	3.209322e-01	6.039036e-03
5.694413e-01	3.206293e-01	-5.984261e-03
4.832281e-01	2.246252e-01	-1.873147e-01
5.908911e-01	2.147344e-01	-1.726850e-01
5.061784e-01	1.444142e-01	4.259310e-02
5.782114e-01	1.218382e-01	4.061309e-02
5.162586e-01	1.316566e-01	6.045733e-02
5.713837e-01	1.073191e-01	5.845516e-02
4.903806e-01	8.190236e-02	-1.080210e-02
5.877548e-01	6.449816e-02	-1.495991e-02
5.461908e-01	5.829950e-01	-1.560226e-01
5.410951e-01	5.984097e-01	-1.411200e-01
5.370780e-01	5.979614e-01	-1.411429e-01
5.335151e-01	5.975670e-01	-1.410729e-01
5.514088e-01	6.001796e-01	-1.431525e-01
5.556003e-01	6.007433e-01	-1.431203e-01
5.595061e-01	6.010711e-01	-1.429906e-01
5.296710e-01	5.919806e-01	-5.276564e-02
5.657261e-01	5.939766e-01	-6.172922e-02
5.416178e-01	5.652869e-01	-1.224929e-01
5.532998e-01	5.670058e-01	-1.247623e-01
5.149586e-01	5.405902e-01	-4.734004e-02
5.879829e-01	5.322071e-01	-6.518356e-02
5.036589e-01	5.322612e-01	-2.600214e-01
6.244498e-01	5.157511e-01	-2.767900e-01
5.001845e-01	5.277922e-01	-4.841795e-01
6.110482e-01	5.318354e-01	-4.763826e-01
4.957046e-01	5.204089e-01	-5.337011e-01
6.175963e-01	5.362511e-01	-5.206406e-01
5.048852e-01	5.227455e-01	-5.295291e-01
6.029176e-01	5.332904e-01	-5.121037e-01
5.086492e-01	5.214862e-01	-4.911005e-01
5.972439e-01	5.292681e-01	-4.797732e-01
5.202258e-01	3.212243e-01	5.980642e-03
5.694460e-01	3.212861e-01	-5.925833e-03
4.830947e-01	2.248895e-01	-1.863881e-01
5.908113e-01	2.148728e-01	-1.762554e-01
5.061835e-01	1.444571e-01	4.271866e-02
5.781087e-01	1.215663e-01	3.820660e-02
5.162496e-01	1.318181e-01	6.129067e-02
5.713183e-01	1.070844e-01	5.618493e-02
4.903797e-01	8.178385e-02	-1.060836e-02
5.877076e-01	6.430099e-02	-1.840946e-02
5.462768e-01	5.842636e-01	-1.530094e-01
5.412051e-01	6.001961e-01	-1.382546e-01
5.371993e-01	5.997836e-01	-1.382762e-01
5.336171e-01	5.995616e-01	-1.382060e-01
5.515871e-01	6.019492e-01	-1.397937e-01
5.558379e-01	6.024461e-01	-1.397531e-01
5.597304e-01	6.025846e-01	-1.396104e-01
5.297210e-01	5.940411e-01	-5.094870e-02
5.657919e-01	5.952232e-01	-5.759987e-02
5.416328e-01	5.678926e-01	-1.199861e-01
5.533935e-01	5.687698e-01	-1.215524e-01
5.146524e-01	5.433663e-01	-4.960813e-02
5.879421e-01	5.348882e-01	-6.138045e-02
5.038879e-01	5.323314e-01	-2.668460e-01
6.235690e-01	5.243387e-01	-2.773369e-01
5.001464e-01	5.276851e-01	-5.040406e-01
6.143545e-01	5.311582e-01	-4.824492e-01
4.950099e-01	5.195565e-01	-5.550024e-01
6.183940e-01	5.353248e-01	-5.286922e-01
5.043637e-01	5.216489e-01	-5.509718e-01
6.045190e-01	5.326090e-01	-5.214101e-01
5.085257e-01	5.205342e-01	-5.107346e-01
5.978547e-01	5.291797e-01	-4.875085e-01
5.201901e-01	3.230053e-01	5.290587e-03
5.694333e-01	3.252937e-01	-5.228588e-03
4.831134e-01	2.257988e-01	-1.866041e-01
5.907210e-01	2.189169e-01	-1.790870e-01
5.061950e-01	1.444423e-01	3.690816e-02
5.780857e-01	1.212998e-01	2.610991e-02
5.162427e-01	1.317723e-01	5.426621e-02
5.713092e-01	1.066786e-01	4.243821e-02
4.903815e-01	8.166586e-02	-2.177484e-02
5.876532e-01	6.414578e-02	-3.483901e-02
5.463883e-01	5.870445e-01	-1.469232e-01
5.413013e-01	6.032682e-01	-1.326406e-01
5.373427e-01	6.027779e-01	-1.326660e-01
5.337715e-01	6.024662e-01	-1.325975e-01
5.517086e-01	6.050090e-01	-1.341528e-01
5.559570e-01	6.054307e-01	-1.341109e-01
5.598351e-01	6.054608e-01	-1.339722e-01
5.299634e-01	5.968698e-01	-4.550819e-02
5.658592e-01	5.985429e-01	-5.199446e-02
5.416717e-01	5.715495e-01	-1.137433e-01
5.535702e-01	5.723225e-01	-1.152781e-01
5.144512e-01	5.464109e-01	-4.276744e-02
5.879187e-01	5.392090e-01	-5.332284e-02
5.040112e-01	5.325244e-01	-2.571841e-01
6.214368e-01	5.240436e-01	-2.655647e-01
5.001168e-01	5.258123e-01	-4.966863e-01
6.138887e-01	5.311102e-01	-4.756528e-01
4.944773e-01	5.185503e-01	-5.488545e-01
6.185926e-01	5.322645e-01	-5.223434e-01
5.039755e-01	5.197595e-01	-5.493475e-01
6.049562e-01	5.320104e-01	-5.167574e-01
5.084652e-01	5.189691e-01	-5.047387e-01
5.982413e-01	5.293492e-01	-4.813761e-01
5.199336e-01	3.260684e-01	4.790817e-03
5.693846e-01	3.279494e-01	-4.726746e-03
4.831201e-01	2.270678e-01	-1.839115e-01
5.906491e-01	2.188993e-01	-1.661463e-01
5.061975e-01	1.441289e-01	3.754321e-02
5.779116e-01	1.209842e-01	4.030995e-02
5.162040e-01	1.314663e-01	5.646089e-02
5.712512e-01	1.063972e-01	5.694339e-02
4.903848e-01	8.142333e-02	-1.821556e-02
5.875635e-01	6.412307e-02	-1.831987e-02
5.465842e-01	5.923166e-01	-1.500163e-01
5.414995e-01	6.084663e-01	-1.358699e-01
5.376231e-01	6.081302e-01	-1.359073e-01
5.339840e-01	6.076594e-01	-1.358606e-01
5.518947e-01	6.095274e-01	-1.373105e-01
5.561157e-01	6.096697e-01	-1.372850e-01
5.599381e-01	6.095572e-01	-1.371617e-01
5.301330e-01	6.018302e-01	-4.914490e-02
5.659502e-01	6.031589e-01	-5.588935e-02
5.417289e-01	5.770449e-01	-1.173281e-01
5.537527e-01	5.775827e-01	-1.188577e-01
5.140401e-01	5.487598e-01	-4.500624e-02
5.882905e-01	5.414759e-01	-5.714289e-02
5.041624e-01	5.336240e-01	-2.669926e-01
6.266064e-01	5.197729e-01	-2.755559e-01
5.000783e-01	5.256582e-01	-5.118378e-01
6.138996e-01	5.315676e-01	-4.788828e-01
4.931172e-01	5.183483e-01	-5.622308e-01
6.193868e-01	5.316893e-01	-5.240851e-01
5.032073e-01	5.183192e-01	-5.573957e-01
6.044184e-01	5.315945e-01	-5.164551e-01
5.083653e-01	5.175058e-01	-5.177227e-01
5.982644e-01	5.291793e-01	-4.829810e-01
5.196132e-01	3.272346e-01	4.655490e-03
5.692545e-01	3.282357e-01	-4.597121e-03
4.832277e-01	2.286212e-01	-2.256856e-01
5.904361e-01	2.221048e-01	-2.038735e-01
5.061926e-01	1.441870e-01	1.483055e-02
5.774768e-01	1.208292e-01	1.143606e-02
5.160193e-01	1.315854e-01	3.444887e-02
5.709980e-01	1.063261e-01	2.967504e-02
4.904267e-01	8.130389e-02	-4.648142e-02
5.869482e-01	6.393712e-02	-5.422273e-02
5.467570e-01	5.997757e-01	-1.651042e-01
5.416320e-01	6.150619e-01	-1.493697e-01
5.378022e-01	6.147460e-01	-1.493719e-01
5.341366e-01	6.145064e-01	-1.492738e-01
5.520642e-01	6.156796e-01	-1.521625e-01
5.563278e-01	6.156111e-01	-1.521327e-01
5.601237e-01	6.153735e-01	-1.520002e-01
5.303653e-01	6.081040e-01	-5.881922e-02
5.662644e-01	6.093197e-01	-7.166427e-02
5.417724e-01	5.836771e-01	-1.313122e-01
5.540193e-01	5.838512e-01	-1.346678e-01
5.139661e-01	5.512551e-01	-5.964897e-02
5.895194e-01	5.460692e-01	-8.004072e-02
5.046266e-01	5.366297e-01	-2.846867e-01
6.284231e-01	5.235529e-01	-3.142091e-01
4.995375e-01	5.268018e-01	-5.259496e-01
6.136218e-01	5.347766e-01	-5.189294e-01
4.916128e-01	5.177521e-01	-5.772545e-01
6.193203e-01	5.294633e-01	-5.658002e-01
5.028251e-01	5.157712e-01	-5.728933e-01
6.035619e-01	5.291972e-01	-5.550469e-01
5.083424e-01	5.157852e-01	-5.320786e-01
5.979768e-01	5.277358e-01	-5.221183e-01
5.195091e-01	3.303214e-01	4.822379e-03
5.692580e-01	3.303619e-01	-4.760752e-03
4.831811e-01	2.310871e-01	-2.262645e-01
5.902798e-01	2.262230e-01	-2.157691e-01
5.061928e-01	1.441648e-01	1.111376e-02
5.773032e-01	1.208288e-01	-5.040166e-03
5.159122e-01	1.315380e-01	2.988830e-02
5.708441e-01	1.063867e-01	1.246073e-02
4.904609e-01	8.129571e-02	-5.443884e-02
5.865757e-01	6.376733e-02	-7.709917e-02
5.467900e-01	6.104988e-01	-1.592343e-01
5.417519e-01	6.240696e-01	-1.429108e-01
5.379434e-01	6.235188e-01	-1.429094e-01
5.342866e-01	6.228878e-01	-1.428163e-01
5.521811e-01	6.252411e-01	-1.468089e-01
5.564725e-01	6.251969e-01	-1.467758e-01
5.603355e-01	6.247838e-01	-1.466336e-01
5.304943e-01	6.157355e-01	-5.225044e-02
5.666243e-01	6.171631e-01	-7.119185e-02
5.417513e-01	5.925927e-01	-1.255866e-01
5.542229e-01	5.931089e-01	-1.305348e-01
5.138640e-01	5.536774e-01	-5.851971e-02
5.902005e-01	5.525665e-01	-7.968615e-02
5.046149e-01	5.369571e-01	-2.839962e-01
6.223064e-01	5.357583e-01	-3.106663e-01
4.985116e-01	5.271457e-01	-5.175149e-01
6.134044e-01	5.340036e-01	-5.190319e-01
4.903902e-01	5.153264e-01	-5.692371e-01
6.217102e-01	5.235925e-01	-5.679878e-01
5.021614e-01	5.124186e-01	-5.667146e-01
6.036211e-01	5.225767e-01	-5.611631e-01
5.081044e-01	5.137930e-01	-5.243237e-01
5.981804e-01	5.235855e-01	-5.244530e-01
5.192418e-01	3.354983e-01	5.283047e-03
5.692502e-01	3.350186e-01	-5.201379e-03
4.831905e-01	2.343461e-01	-2.219821e-01
5.899861e-01	2.316808e-01	-2.130502e-01
5.061720e-01	1.437798e-01	2.478686e-03
5.772445e-01	1.209280e-01	-1.758924e-02
5.158811e-01	1.303852e-01	1.944249e-02
5.708352e-01	1.065004e-01	-2.171948e-03
4.904644e-01	8.090536e-02	-6.605507e-02
5.861826e-01	6.375781e-02	-9.313013e-02
5.469127e-01	6.173779e-01	-1.465035e-01
5.419737e-01	6.310025e-01	-1.301840e-01
5.382072e-01	6.304697e-01	-1.301874e-01
5.344746e-01	6.295999e-01	-1.301049e-01
5.523555e-01	6.320836e-01	-1.333289e-01
5.566252e-01	6.319635e-01	-1.332996e-01
5.604976e-01	6.315140e-01	-1.331515e-01
5.305108e-01	6.218144e-01	-4.100988e-02
5.667984e-01	6.233383e-01	-5.619522e-02
5.417435e-01	5.991362e-01	-1.135914e-01
5.545721e-01	5.999551e-01	-1.175677e-01
5.132879e-01	5.573018e-01	-4.972574e-02
5.903774e-01	5.568629e-01	-6.936496e-02
5.035651e-01	5.375757e-01	-2.538444e-01
6.133999e-01	5.369633e-01	-2.962573e-01
4.966086e-01	5.265447e-01	-4.803759e-01
6.133668e-01	5.278777e-01	-5.073503e-01
4.891983e-01	5.106844e-01	-5.323911e-01
6.222897e-01	5.136843e-01	-5.552149e-01
5.017332e-01	5.069826e-01	-5.327420e-01
6.040768e-01	5.092280e-01	-5.492360e-01
5.078484e-01	5.089332e-01	-4.880360e-01
5.985731e-01	5.116631e-01	-5.122137e-01
5.173157e-01	3.400081e-01	4.791418e-03
5.687756e-01	3.385552e-01	-4.686228e-03
4.832175e-01	2.459906e-01	-2.473268e-01
5.900427e-01	2.428468e-01	-2.195057e-01
5.061727e-01	1.437978e-01	-3.546295e-02
5.772942e-01	1.216480e-01	-3.965886e-02
5.157665e-01	1.300185e-01	-1.957803e-02
5.709906e-01	1.068970e-01	-2.582410e-02
4.910385e-01	8.097046e-02	-1.104399e-01
5.860632e-01	6.400585e-02	-1.188890e-01
5.469808e-01	6.265712e-01	-1.467626e-01
5.422140e-01	6.406032e-01	-1.298009e-01
5.386086e-01	6.400702e-01	-1.298130e-01
5.347972e-01	6.396207e-01	-1.297391e-01
5.524800e-01	6.416363e-01	-1.323131e-01
5.567499e-01	6.415919e-01	-1.322905e-01
5.605532e-01	6.411607e-01	-1.321600e-01
5.306326e-01	6.320094e-01	-3.966885e-02
5.668018e-01	6.328131e-01	-5.143224e-02
5.416958e-01	6.097538e-01	-1.138937e-01
5.546514e-01	6.100886e-01	-1.169666e-01
5.115097e-01	5.606314e-01	-4.802030e-02
5.905830e-01	5.619905e-01	-6.196866e-02
5.003543e-01	5.369270e-01	-2.448178e-01
6.104628e-01	5.350673e-01	-2.679948e-01
4.949189e-01	5.169505e-01	-4.739606e-01
6.132366e-01	5.131566e-01	-4.808486e-01
4.879850e-01	4.998491e-01	-5.272955e-01
6.222209e-01	5.019304e-01	-5.326008e-01
5.005348e-01	5.009680e-01	-5.280869e-01
6.061811e-01	4.975516e-01	-5.338558e-01
5.066149e-01	5.036154e-01	-4.818680e-01
6.002516e-01	4.998622e-01	-4.890690e-01
5.168229e-01	3.473769e-01	4.171030e-03
5.685830e-01	3.448050e-01	-4.033016e-03
4.837331e-01	2.508730e-01	-2.570948e-01
5.900392e-01	2.497375e-01	-2.380492e-01
5.062062e-01	1.437964e-01	-5.047535e-02
5.774042e-01	1.218776e-01	-6.313257e-02
5.157118e-01	1.297288e-01	-3.533969e-02
5.709994e-01	1.068735e-01	-5.015094e-02
4.911843e-01	8.096030e-02	-1.266967e-01
5.861722e-01	6.403590e-02	-1.457327e-01
5.472664e-01	6.386637e-01	-1.483483e-01
5.424563e-01	6.532146e-01	-1.311001e-01
5.390342e-01	6.529413e-01	-1.311143e-01
5.351526e-01	6.523143e-01	-1.310433e-01
5.527923e-01	6.535426e-01	-1.335423e-01
5.570415e-01	6.533402e-01	-1.335140e-01
5.607855e-01	6.529881e-01	-1.333821e-01
5.308845e-01	6.442370e-01	-3.947553e-02
5.668052e-01	6.452002e-01	-5.060139e-02
5.417391e-01	6.219140e-01	-1.151035e-01
5.549933e-01	6.221050e-01	-1.180055e-01
5.101663e-01	5.671114e-01	-4.417096e-02
5.915686e-01	5.682555e-01	-5.670789e-02
4.974722e-01	5.365469e-01	-2.376015e-01
6.093726e-01	5.340315e-01	-2.531413e-01
4.918237e-01	5.013748e-01	-4.766550e-01
6.140004e-01	4.975351e-01	-4.632533e-01
4.854592e-01	4.851805e-01	-5.313843e-01
6.231194e-01	4.828900e-01	-5.156335e-01
4.975763e-01	4.886687e-01	-5.323447e-01
6.085650e-01	4.828503e-01	-5.173057e-01
5.038917e-01	4.913396e-01	-4.851778e-01
6.024612e-01	4.859826e-01	-4.717359e-01
5.169001e-01	3.549017e-01	4.042874e-03
5.696232e-01	3.530496e-01	-3.888759e-03
4.839233e-01	2.529348e-01	-2.503667e-01
5.902629e-01	2.477579e-01	-2.317086e-01
5.062955e-01	1.437818e-01	-3.177376e-02
5.774059e-01	1.217958e-01	-4.529265e-02
5.157319e-01	1.293598e-01	-1.572124e-02
5.708743e-01	1.064800e-01	-3.169315e-02
4.915910e-01	8.092822e-02	-1.057188e-01
5.865507e-01	6.386248e-02	-1.274605e-01
5.473717e-01	6.495214e-01	-1.762673e-01
5.425726e-01	6.635132e-01	-1.569723e-01
5.392845e-01	6.631932e-01	-1.569936e-01
5.353546e-01	6.623677e-01	-1.569352e-01
5.528766e-01	6.639744e-01	-1.602482e-01
5.570809e-01	6.638543e-01	-1.602269e-01
5.608082e-01	6.636187e-01	-1.601076e-01
5.310756e-01	6.548065e-01	-5.617029e-02
5.667881e-01	6.567693e-01	-7.133363e-02
5.418179e-01	6.323044e-01	-1.400741e-01
5.551930e-01	6.330040e-01	-1.439729e-01
5.093197e-01	5.768381e-01	-5.417606e-02
5.923865e-01	5.750718e-01	-6.657271e-02
4.956799e-01	5.360888e-01	-2.460399e-01
6.089490e-01	5.333849e-01	-2.637131e-01
4.899662e-01	4.867003e-01	-4.984868e-01
6.146978e-01	4.832672e-01	-4.906732e-01
4.835433e-01	4.683703e-01	-5.574206e-01
6.255032e-01	4.597251e-01	-5.481503e-01
4.944704e-01	4.715657e-01	-5.638779e-01
6.113476e-01	4.587497e-01	-5.524237e-01
5.007575e-01	4.757984e-01	-5.094465e-01
6.055754e-01	4.637538e-01	-5.017753e-01
5.166139e-01	3.646723e-01	3.819984e-03
5.695753e-01	3.621057e-01	-3.632808e-03
4.860271e-01	2.610065e-01	-2.568827e-01
5.898967e-01	2.570411e-01	-2.461446e-01
5.063008e-01	1.428631e-01	-5.095078e-02
5.773689e-01	1.218344e-01	-6.495093e-02
5.152462e-01	1.263576e-01	-3.763206e-02
5.704642e-01	1.058708e-01	-5.368084e-02
4.923579e-01	8.088053e-02	-1.391851e-01
5.867208e-01	6.388756e-02	-1.600554e-01
5.481334e-01	6.618364e-01	-2.116586e-01
5.430281e-01	6.755928e-01	-1.917985e-01
5.399114e-01	6.753033e-01	-1.918270e-01
5.358830e-01	6.747563e-01	-1.917771e-01
5.536712e-01	6.759068e-01	-1.943717e-01
5.577329e-01	6.758941e-01	-1.943667e-01
5.613571e-01	6.757130e-01	-1.942540e-01
5.314072e-01	6.678842e-01	-8.388901e-02
5.670154e-01	6.699349e-01	-9.583245e-02
5.422201e-01	6.442095e-01	-1.721383e-01
5.560638e-01	6.447420e-01	-1.752599e-01
5.089883e-01	5.888761e-01	-5.531958e-02
5.931445e-01	5.858208e-01	-6.671703e-02
4.925259e-01	5.351735e-01	-1.825871e-01
6.106393e-01	5.274750e-01	-2.052376e-01
4.845982e-01	4.768819e-01	-4.041301e-01
6.160764e-01	4.654212e-01	-4.138203e-01
4.776428e-01	4.532580e-01	-4.570620e-01
6.255438e-01	4.387453e-01	-4.662980e-01
4.891693e-01	4.583402e-01	-4.722862e-01
6.132351e-01	4.405703e-01	-4.778341e-01
4.954265e-01	4.643007e-01	-4.166102e-01
6.072289e-01	4.481842e-01	-4.256692e-01
5.163869e-01	3.775837e-01	3.567716e-03
5.696010e-01	3.726729e-01	-3.360340e-03
4.886839e-01	2.625967e-01	-2.534020e-01
5.898817e-01	2.589330e-01	-2.406417e-01
5.062597e-01	1.428643e-01	-2.945350e-02
5.778912e-01	1.224744e-01	-4.335735e-02
5.140651e-01	1.263405e-01	-1.383883e-02
5.706197e-01	1.058935e-01	-2.916472e-02
4.927625e-01	8.100066e-02	-1.129983e-01
5.878829e-01	6.374309e-02	-1.347878e-01
5.491875e-01	6.753882e-01	-2.390593e-01
5.438234e-01	6.887212e-01	-2.195449e-01
5.408492e-01	6.884747e-01	-2.195715e-01
5.370041e-01	6.880099e-01	-2.195115e-01
5.548391e-01	6.890730e-01	-2.227878e-01
5.587740e-01	6.890911e-01	-2.227994e-01
5.623385e-01	6.888662e-01	-2.226897e-01
5.321475e-01	6.812251e-01	-1.070879e-01
5.675166e-01	6.824822e-01	-1.221341e-01
5.428089e-01	6.575715e-01	-1.967256e-01
5.570129e-01	6.582164e-01	-2.008921e-01
5.090801e-01	6.018000e-01	-5.487795e-02
5.934954e-01	5.992857e-01	-6.905682e-02
4.912647e-01	5.380371e-01	-1.076461e-01
6.113895e-01	5.274779e-01	-1.530604e-01
4.802572e-01	4.703491e-01	-2.870485e-01
6.179184e-01	4.533047e-01	-3.467016e-01
4.735348e-01	4.417411e-01	-3.298861e-01
6.270058e-01	4.253249e-01	-3.942310e-01
4.842209e-01	4.433530e-01	-3.516845e-01
6.146023e-01	4.235877e-01	-4.124359e-01
4.904079e-01	4.512887e-01	-3.007762e-01
6.083741e-01	4.334559e-01	-3.598050e-01
5.162410e-01	3.929732e-01	2.746793e-03
5.696086e-01	3.852439e-01	-2.539088e-03
4.938508e-01	2.638380e-01	-1.303489e-01
5.889684e-01	2.640028e-01	-1.620650e-01
5.062645e-01	1.422074e-01	5.027963e-02
5.779349e-01	1.226129e-01	2.637236e-03
5.131952e-01	1.250289e-01	6.126065e-02
5.706640e-01	1.060641e-01	1.203646e-02
4.934095e-01	8.108441e-02	-3.923138e-02
5.886580e-01	6.322003e-02	-9.705158e-02
5.500985e-01	6.876184e-01	-3.040840e-01
5.446781e-01	7.017357e-01	-2.866160e-01
5.417454e-01	7.011390e-01	-2.866598e-01
5.382943e-01	7.005017e-01	-2.865972e-01
5.557691e-01	7.022042e-01	-2.904953e-01
5.595174e-01	7.021802e-01	-2.905162e-01
5.630151e-01	7.020190e-01	-2.904154e-01
5.335270e-01	6.928157e-01	-1.718317e-01
5.681605e-01	6.951343e-01	-1.896850e-01
5.437063e-01	6.698494e-01	-2.595870e-01
5.579050e-01	6.707665e-01	-2.646114e-01
5.091676e-01	6.129327e-01	-8.803187e-02
5.942964e-01	6.103604e-01	-1.186547e-01
4.887484e-01	5.377894e-01	-8.092432e-02
6.119151e-01	5.262492e-01	-1.452805e-01
4.775603e-01	4.533526e-01	-1.961487e-01
6.188413e-01	4.352460e-01	-2.790858e-01
4.705265e-01	4.243753e-01	-2.256273e-01
6.269684e-01	4.050471e-01	-3.130047e-01
4.810754e-01	4.264969e-01	-2.526040e-01
6.161656e-01	4.018639e-01	-3.379677e-01
4.872103e-01	4.349760e-01	-2.099139e-01
6.100944e-01	4.134592e-01	-2.921002e-01
5.163351e-01	4.047902e-01	3.001420e-03
5.696703e-01	3.971271e-01	-2.830503e-03
4.961045e-01	2.724443e-01	-1.099268e-01
5.887903e-01	2.616252e-01	-1.119203e-01
5.062658e-01	1.398467e-01	4.928203e-02
5.785502e-01	1.229384e-01	3.926848e-02
5.125791e-01	1.221715e-01	5.853457e-02
5.716123e-01	1.063805e-01	4.771431e-02
4.936983e-01	8.112662e-02	-4.139736e-02
5.889406e-01	6.321787e-02	-5.473913e-02
5.508816e-01	7.009877e-01	-3.143074e-01
5.455176e-01	7.158257e-01	-2.971647e-01
5.424865e-01	7.154070e-01	-2.972244e-01
5.392910e-01	7.149729e-01	-2.971694e-01
5.566026e-01	7.161994e-01	-3.008843e-01
5.602057e-01	7.163129e-01	-3.009135e-01
5.637267e-01	7.162542e-01	-3.008352e-01
5.346492e-01	7.077926e-01	-1.838573e-01
5.690740e-01	7.100021e-01	-2.003785e-01
5.444787e-01	6.830156e-01	-2.699971e-01
5.586010e-01	6.836345e-01	-2.746991e-01
5.091139e-01	6.268491e-01	-9.855581e-02
5.965476e-01	6.240656e-01	-1.267523e-01
4.882454e-01	5.377720e-01	-7.041867e-02
6.122106e-01	5.260344e-01	-1.162310e-01
4.761477e-01	4.402513e-01	-1.651444e-01
6.195596e-01	4.175454e-01	-2.066884e-01
4.695871e-01	4.076353e-01	-1.902782e-01
6.270419e-01	3.861569e-01	-2.326169e-01
4.790680e-01	4.076940e-01	-2.165055e-01
6.171858e-01	3.832355e-01	-2.603847e-01
4.851795e-01	4.188500e-01	-1.780043e-01
6.114551e-01	3.948206e-01	-2.191878e-01
5.173510e-01	4.140289e-01	3.533843e-03
5.740443e-01	4.064115e-01	-3.439549e-03
4.970691e-01	2.851589e-01	-1.491089e-01
5.898528e-01	2.682531e-01	-1.462774e-01
5.063464e-01	1.377654e-01	2.886467e-02
5.789154e-01	1.256457e-01	2.210378e-02
5.125819e-01	1.187739e-01	4.259584e-02
5.717497e-01	1.085752e-01	3.261442e-02
4.931750e-01	8.091633e-02	-6.772451e-02
5.888289e-01	6.357152e-02	-7.306964e-02
5.512901e-01	7.172890e-01	-3.178988e-01
5.461445e-01	7.321370e-01	-3.036582e-01
5.429891e-01	7.319097e-01	-3.037031e-01
5.400099e-01	7.315459e-01	-3.036425e-01
5.572371e-01	7.320442e-01	-3.071245e-01
5.607427e-01	7.318344e-01	-3.071698e-01
5.643811e-01	7.313190e-01	-3.071059e-01
5.353242e-01	7.237068e-01	-2.011912e-01
5.698954e-01	7.223400e-01	-2.165693e-01
5.448319e-01	6.986700e-01	-2.770644e-01
5.589291e-01	6.981128e-01	-2.814811e-01
5.081171e-01	6.340502e-01	-1.225604e-01
5.981092e-01	6.334549e-01	-1.453200e-01
4.868315e-01	5.349072e-01	-9.422503e-02
6.124234e-01	5.260387e-01	-1.254448e-01
4.754260e-01	4.228500e-01	-1.783483e-01
6.192926e-01	4.091537e-01	-2.029983e-01
4.690992e-01	3.887535e-01	-2.033983e-01
6.268390e-01	3.731550e-01	-2.298298e-01
4.785570e-01	3.891201e-01	-2.307411e-01
6.166884e-01	3.710767e-01	-2.588348e-01
4.848513e-01	4.003412e-01	-1.915926e-01
6.114323e-01	3.839673e-01	-2.164114e-01
5.180579e-01	4.124290e-01	3.478731e-03
5.768360e-01	4.071582e-01	-3.403376e-03
5.002275e-01	2.784912e-01	-5.801810e-02
5.881956e-01	2.651788e-01	-7.212301e-02
5.064408e-01	1.367488e-01	1.229980e-01
5.789093e-01	1.261242e-01	1.065416e-01
5.125974e-01	1.173081e-01	1.348355e-01
5.716026e-01	1.085490e-01	1.180599e-01
4.933854e-01	8.070347e-02	3.005130e-02
5.884326e-01	6.343580e-02	1.053906e-02
5.526785e-01	7.296823e-01	-3.397999e-01
5.475546e-01	7.446511e-01	-3.265073e-01
5.439624e-01	7.443297e-01	-3.265379e-01
5.411792e-01	7.437593e-01	-3.264820e-01
5.584294e-01	7.449039e-01	-3.291915e-01
5.618898e-01	7.447472e-01	-3.292361e-01
5.656831e-01	7.444507e-01	-3.291729e-01
5.364334e-01	7.356837e-01	-2.235449e-01
5.709930e-01	7.356483e-01	-2.356440e-01
5.462128e-01	7.108670e-01	-2.985192e-01
5.601322e-01	7.107716e-01	-3.019460e-01
5.080298e-01	6.431267e-01	-1.429354e-01
6.001430e-01	6.423638e-01	-1.588593e-01
4.871102e-01	5.335778e-01	-1.086112e-01
6.125958e-01	5.269225e-01	-1.316224e-01
4.765355e-01	4.180069e-01	-1.833572e-01
6.190009e-01	4.070903e-01	-2.049329e-01
4.704517e-01	3.810398e-01	-2.086118e-01
6.262004e-01	3.682171e-01	-2.319945e-01
4.794095e-01	3.805037e-01	-2.368901e-01
6.160224e-01	3.663579e-01	-2.621935e-01
4.858866e-01	3.922205e-01	-1.969480e-01
6.108850e-01	3.788607e-01	-2.188922e-01
5.186986e-01	4.180630e-01	3.476725e-03
5.784982e-01	4.121031e-01	-3.405635e-03
5.005428e-01	2.748173e-01	4.339479e-04
5.869542e-01	2.632012e-01	-1.947916e-02
5.068473e-01	1.361692e-01	1.940540e-01
5.787514e-01	1.259453e-01	1.738301e-01
5.132889e-01	1.159677e-01	2.068211e-01
5.708772e-01	1.079609e-01	1.865762e-01
4.933854e-01	8.064636e-02	1.049103e-01
5.881467e-01	6.347436e-02	7.987459e-02
5.537695e-01	7.402278e-01	-3.405348e-01
5.488090e-01	7.558754e-01	-3.275897e-01
5.450770e-01	7.557004e-01	-3.276077e-01
5.421761e-01	7.551734e-01	-3.275457e-01
5.595232e-01	7.560260e-01	-3.304502e-01
5.631084e-01	7.558917e-01	-3.304910e-01
5.669272e-01	7.556857e-01	-3.304171e-01
5.381274e-01	7.481908e-01	-2.265973e-01
5.724665e-01	7.473239e-01	-2.396275e-01
5.473456e-01	7.219224e-01	-3.000633e-01
5.611164e-01	7.216874e-01	-3.037268e-01
5.080652e-01	6.529328e-01	-1.472866e-01
6.024163e-01	6.503369e-01	-1.616736e-01
4.879922e-01	5.338269e-01	-1.059859e-01
6.125913e-01	5.271911e-01	-1.310107e-01
4.779280e-01	4.179170e-01	-1.711447e-01
6.183636e-01	4.032988e-01	-1.984986e-01
4.716631e-01	3.789993e-01	-1.954342e-01
6.243826e-01	3.654733e-01	-2.250762e-01
4.810407e-01	3.778526e-01	-2.249568e-01
6.158120e-01	3.632885e-01	-2.547787e-01
4.874445e-01	3.893461e-01	-1.850426e-01
6.106321e-01	3.757876e-01	-2.120484e-01
5.191994e-01	4.238023e-01	3.616150e-03
5.787853e-01	4.171972e-01	-3.562550e-03
5.018741e-01	2.763511e-01	2.582222e-02
5.837499e-01	2.632262e-01	2.498736e-02
5.072485e-01	1.361240e-01	2.119376e-01
5.785511e-01	1.258622e-01	2.050852e-01
5.137836e-01	1.160849e-01	2.240822e-01
5.702947e-01	1.079492e-01	2.162766e-01
4.933780e-01	8.065746e-02	1.260850e-01
5.876976e-01	6.393901e-02	1.102245e-01
5.557312e-01	7.520875e-01	-3.244919e-01
5.505220e-01	7.679205e-01	-3.094548e-01
5.469293e-01	7.679369e-01	-3.094714e-01
5.435304e-01	7.678497e-01	-3.093993e-01
5.614558e-01	7.674030e-01	-3.117373e-01
5.654607e-01	7.670358e-01	-3.117874e-01
5.691426e-01	7.667503e-01	-3.117067e-01
5.397100e-01	7.605354e-01	-2.058414e-01
5.747824e-01	7.580042e-01	-2.163325e-01
5.489522e-01	7.338486e-01	-2.839862e-01
5.630363e-01	7.330141e-01	-2.868577e-01
5.091981e-01	6.627589e-01	-1.341507e-01
6.048286e-01	6.575773e-01	-1.442292e-01
4.888420e-01	5.400728e-01	-1.038923e-01
6.128556e-01	5.288226e-01	-1.177491e-01
4.781359e-01	4.214370e-01	-1.805399e-01
6.173968e-01	4.022340e-01	-1.926240e-01
4.722607e-01	3.812480e-01	-2.078832e-01
6.233732e-01	3.643242e-01	-2.216861e-01
4.822298e-01	3.806936e-01	-2.369711e-01
6.148947e-01	3.612041e-01	-2.504014e-01
4.891126e-01	3.920628e-01	-1.945657e-01
6.099687e-01	3.742732e-01	-2.061374e-01
5.194921e-01	4.286587e-01	3.256239e-03
5.791255e-01	4.215240e-01	-3.207033e-03
5.027986e-01	2.754218e-01	1.695113e-02
5.832793e-01	2.640433e-01	3.218636e-03
5.074292e-01	1.362248e-01	2.132253e-01
5.784584e-01	1.259837e-01	1.885603e-01
5.139042e-01	1.164096e-01	2.264715e-01
5.700547e-01	1.082461e-01	2.002802e-01
4.933718e-01	8.085864e-02	1.292808e-01
5.876125e-01	6.394136e-02	9.382793e-02
5.580962e-01	7.635351e-01	-3.119572e-01
5.525614e-01	7.791557e-01	-2.966011e-01
5.490881e-01	7.790720e-01	-2.966137e-01
5.453309e-01	7.789345e-01	-2.965411e-01
5.634704e-01	7.787012e-01	-2.987002e-01
5.676533e-01	7.785473e-01	-2.987546e-01
5.711046e-01	7.784296e-01	-2.986721e-01
5.414013e-01	7.712944e-01	-1.922337e-01
5.767419e-01	7.705221e-01	-2.020723e-01
5.510337e-01	7.451318e-01	-2.712880e-01
5.651820e-01	7.445902e-01	-2.739357e-01
5.111431e-01	6.708235e-01	-1.214433e-01
6.075179e-01	6.660259e-01	-1.337538e-01
4.911705e-01	5.465050e-01	-8.552328e-02
6.134067e-01	5.375763e-01	-1.020988e-01
4.852580e-01	4.273432e-01	-1.566914e-01
6.172361e-01	4.111751e-01	-1.760223e-01
4.807795e-01	3.869633e-01	-1.838909e-01
6.218556e-01	3.727096e-01	-2.054586e-01
4.901533e-01	3.867194e-01	-2.120238e-01
6.132776e-01	3.715695e-01	-2.330699e-01
4.954355e-01	3.979858e-01	-1.701424e-01
6.090969e-01	3.842144e-01	-1.889532e-01
5.224192e-01	4.307922e-01	3.261026e-03
5.807059e-01	4.239486e-01	-3.211246e-03
5.045924e-01	2.749714e-01	4.143739e-02
5.817731e-01	2.638719e-01	4.245526e-02
5.075575e-01	1.361574e-01	2.293167e-01
5.781574e-01	1.261830e-01	2.253412e-01
5.140597e-01	1.164709e-01	2.421845e-01
5.699580e-01	1.090014e-01	2.370975e-01
4.933575e-01	8.067469e-02	1.484051e-01
5.873994e-01	6.393129e-02	1.326826e-01
5.601862e-01	7.741178e-01	-3.210223e-01
5.546497e-01	7.897455e-01	-3.061844e-01
5.511566e-01	7.896315e-01	-3.061928e-01
5.472935e-01	7.894044e-01	-3.061202e-01
5.655258e-01	7.894801e-01	-3.075914e-01
5.697566e-01	7.895640e-01	-3.076527e-01
5.730951e-01	7.895007e-01	-3.075769e-01
5.430906e-01	7.822520e-01	-1.990067e-01
5.789765e-01	7.818750e-01	-2.060760e-01
5.530608e-01	7.552207e-01	-2.789869e-01
5.671534e-01	7.550482e-01	-2.807714e-01
5.136669e-01	6.832309e-01	-1.219538e-01
6.099811e-01	6.782909e-01	-1.301779e-01
4.946873e-01	5.559645e-01	-8.482490e-02
6.139169e-01	5.516349e-01	-9.526650e-02
4.914703e-01	4.333020e-01	-1.575775e-01
6.157843e-01	4.187249e-01	-1.716803e-01
4.888826e-01	3.947060e-01	-1.857452e-01
6.187469e-01	3.821541e-01	-2.016768e-01
4.980363e-01	3.955231e-01	-2.148437e-01
6.106498e-01	3.806347e-01	-2.310990e-01
5.024571e-01	4.061509e-01	-1.712223e-01
6.068187e-01	3.928821e-01	-1.853554e-01
5.254353e-01	4.403796e-01	3.079098e-03
5.827640e-01	4.334946e-01	-3.033030e-03
5.079395e-01	2.750021e-01	5.194465e-02
5.807860e-01	2.654517e-01	4.580537e-02
5.075594e-01	1.362138e-01	2.303144e-01
5.775197e-01	1.261697e-01	2.223651e-01
5.140184e-01	1.165120e-01	2.419020e-01
5.692968e-01	1.089882e-01	2.331074e-01
4.933516e-01	8.029267e-02	1.404013e-01
5.872974e-01	6.389725e-02	1.220939e-01
5.613513e-01	7.807952e-01	-3.522837e-01
5.561677e-01	7.966401e-01	-3.378730e-01
5.529002e-01	7.962995e-01	-3.378729e-01
5.492579e-01	7.958727e-01	-3.378033e-01
5.665773e-01	7.970723e-01	-3.410463e-01
5.707709e-01	7.969776e-01	-3.411118e-01
5.741757e-01	7.968158e-01	-3.410707e-01
5.455021e-01	7.888587e-01	-2.237744e-01
5.806866e-01	7.891930e-01	-2.390666e-01
5.546464e-01	7.633280e-01	-3.067396e-01
5.683099e-01	7.630832e-01	-3.108565e-01
5.163252e-01	6.924361e-01	-1.283113e-01
6.124405e-01	6.878306e-01	-1.559125e-01
4.999621e-01	5.661417e-01	-7.237427e-02
6.141921e-01	5.604349e-01	-1.168475e-01
4.973919e-01	4.377883e-01	-1.373555e-01
6.135243e-01	4.250963e-01	-1.901078e-01
4.966689e-01	3.990975e-01	-1.620644e-01
6.142275e-01	3.862646e-01	-2.186574e-01
5.040466e-01	3.996784e-01	-1.932452e-01
6.072344e-01	3.837447e-01	-2.486067e-01
5.075679e-01	4.088059e-01	-1.517758e-01
6.037668e-01	3.930859e-01	-2.034666e-01
5.281119e-01	4.500813e-01	6.208014e-03
5.833265e-01	4.436477e-01	-6.200054e-03
5.123799e-01	2.778760e-01	5.462909e-02
5.806378e-01	2.676039e-01	3.634292e-02
5.075947e-01	1.361908e-01	2.231399e-01
5.767177e-01	1.247395e-01	2.141234e-01
5.140174e-01	1.163928e-01	2.329539e-01
5.678529e-01	1.065832e-01	2.243759e-01
4.933464e-01	8.000877e-02	1.223600e-01
5.870878e-01	6.302089e-02	1.055889e-01
5.629534e-01	7.856164e-01	-3.484040e-01
5.581903e-01	8.024475e-01	-3.332103e-01
5.549977e-01	8.024575e-01	-3.332127e-01
5.513440e-01	8.023822e-01	-3.331434e-01
5.689533e-01	8.022413e-01	-3.371401e-01
5.733353e-01	8.020827e-01	-3.372128e-01
5.768944e-01	8.017567e-01	-3.372011e-01
5.481536e-01	7.966638e-01	-2.151684e-01
5.838960e-01	7.942673e-01	-2.333322e-01
5.564232e-01	7.686434e-01	-3.012205e-01
5.703269e-01	7.674920e-01	-3.061510e-01
5.185635e-01	7.017549e-01	-1.232605e-01
6.147122e-01	6.935244e-01	-1.527238e-01
5.054690e-01	5.733119e-01	-4.587245e-02
6.151402e-01	5.671396e-01	-1.118226e-01
5.048649e-01	4.462270e-01	-1.133181e-01
6.123639e-01	4.397648e-01	-1.822015e-01
5.036453e-01	4.036394e-01	-1.366853e-01
6.123841e-01	3.963808e-01	-2.110623e-01
5.083536e-01	4.019202e-01	-1.681375e-01
6.057109e-01	3.968116e-01	-2.401996e-01
5.120144e-01	4.134532e-01	-1.281180e-01
6.022264e-01	4.091412e-01	-1.951225e-01
5.310234e-01	4.524760e-01	1.086164e-02
5.841271e-01	4.475712e-01	-1.086909e-02
5.163285e-01	2.816930e-01	6.432800e-02
5.806814e-01	2.707755e-01	3.382226e-02
5.083123e-01	1.373359e-01	2.419273e-01
5.766175e-01	1.246967e-01	2.215686e-01
5.146230e-01	1.170491e-01	2.524982e-01
5.676165e-01	1.066156e-01	2.328257e-01
4.933425e-01	8.007641e-02	1.389213e-01
5.867540e-01	6.291513e-02	1.106576e-01
5.652481e-01	7.931105e-01	-3.432204e-01
5.606560e-01	8.086674e-01	-3.274437e-01
5.573868e-01	8.088277e-01	-3.274615e-01
5.538090e-01	8.088423e-01	-3.274024e-01
5.712485e-01	8.080223e-01	-3.315334e-01
5.755034e-01	8.076932e-01	-3.315978e-01
5.789497e-01	8.071632e-01	-3.316030e-01
5.503451e-01	8.029516e-01	-2.071461e-01
5.857812e-01	7.991341e-01	-2.255581e-01
5.586029e-01	7.763408e-01	-2.951891e-01
5.724129e-01	7.752672e-01	-3.002020e-01
5.203687e-01	7.079177e-01	-1.032891e-01
6.170484e-01	6.999857e-01	-1.449585e-01
5.111206e-01	5.843120e-01	-2.317588e-02
6.167849e-01	5.722968e-01	-9.004528e-02
5.081111e-01	4.639783e-01	-8.392330e-02
6.124871e-01	4.487087e-01	-1.576703e-01
5.067157e-01	4.249599e-01	-1.045708e-01
6.129299e-01	4.070947e-01	-1.838865e-01
5.104240e-01	4.242947e-01	-1.368046e-01
6.060831e-01	4.068810e-01	-2.142249e-01
5.139455e-01	4.360048e-01	-9.904786e-02
6.023945e-01	4.203922e-01	-1.708378e-01
5.322711e-01	4.603928e-01	1.269868e-02
5.849069e-01	4.544938e-01	-1.271463e-02
5.186577e-01	2.878991e-01	5.063871e-02
5.809929e-01	2.764611e-01	1.942115e-02
5.097937e-01	1.376326e-01	2.219434e-01
5.761588e-01	1.249342e-01	2.007912e-01
5.161884e-01	1.170880e-01	2.313679e-01
5.673628e-01	1.070188e-01	2.109814e-01
4.935110e-01	8.003722e-02	1.146022e-01
5.866390e-01	6.291108e-02	8.698466e-02
5.675301e-01	7.961712e-01	-3.311302e-01
5.628446e-01	8.105145e-01	-3.152132e-01
5.594168e-01	8.104513e-01	-3.152350e-01
5.557346e-01	8.103175e-01	-3.151807e-01
5.729300e-01	8.100467e-01	-3.188887e-01
5.769099e-01	8.095807e-01	-3.189430e-01
5.803499e-01	8.089159e-01	-3.189299e-01
5.516346e-01	8.036014e-01	-2.030046e-01
5.868807e-01	8.008011e-01	-2.179491e-01
5.605906e-01	7.782988e-01	-2.850991e-01
5.742441e-01	7.781326e-01	-2.894893e-01
5.222908e-01	7.091095e-01	-8.728625e-02
6.175665e-01	7.026950e-01	-1.180599e-01
5.141486e-01	5.863270e-01	-4.324091e-03
6.191624e-01	5.783217e-01	-4.343700e-02
5.126725e-01	4.715527e-01	-4.585265e-02
6.132360e-01	4.551047e-01	-9.062308e-02
5.114484e-01	4.353576e-01	-6.299243e-02
6.135818e-01	4.154668e-01	-1.121536e-01
5.153865e-01	4.358223e-01	-9.506452e-02
6.080660e-01	4.143647e-01	-1.409224e-01
5.187029e-01	4.477921e-01	-6.036257e-02
6.048383e-01	4.286383e-01	-1.027528e-01
5.337669e-01	4.610531e-01	1.244609e-02
5.864652e-01	4.538408e-01	-1.247960e-02
5.225995e-01	2.875136e-01	5.627243e-02
5.812712e-01	2.782219e-01	2.629228e-02
5.115725e-01	1.374782e-01	2.408746e-01
5.762315e-01	1.249491e-01	2.209657e-01
5.187102e-01	1.160415e-01	2.518125e-01
5.674523e-01	1.073224e-01	2.323446e-01
4.935458e-01	8.005711e-02	1.328088e-01
5.864068e-01	6.259303e-02	1.046704e-01
5.692979e-01	7.970064e-01	-2.940628e-01
5.642798e-01	8.119207e-01	-2.777336e-01
5.608484e-01	8.117731e-01	-2.777597e-01
5.570075e-01	8.115204e-01	-2.777144e-01
5.745433e-01	8.114630e-01	-2.826226e-01
5.785573e-01	8.109408e-01	-2.826608e-01
5.819941e-01	8.101694e-01	-2.826564e-01
5.526921e-01	8.035812e-01	-1.601799e-01
5.880909e-01	8.017085e-01	-1.829359e-01
5.621346e-01	7.787099e-01	-2.477011e-01
5.758521e-01	7.784457e-01	-2.538632e-01
5.248934e-01	7.119699e-01	-5.997998e-02
6.188000e-01	7.058983e-01	-9.627525e-02
5.165836e-01	5.958322e-01	2.119220e-02
6.214558e-01	5.843325e-01	-3.628818e-02
5.143071e-01	4.865109e-01	-2.112183e-02
6.175497e-01	4.614060e-01	-9.198647e-02
5.119323e-01	4.508955e-01	-3.804206e-02
6.193997e-01	4.228484e-01	-1.143961e-01
5.152925e-01	4.495451e-01	-7.005343e-02
6.145198e-01	4.201102e-01	-1.440519e-01
5.190092e-01	4.603528e-01	-3.553465e-02
6.110252e-01	4.341048e-01	-1.047426e-01
5.349551e-01	4.636363e-01	1.312417e-02
5.871217e-01	4.551831e-01	-1.315157e-02
5.239924e-01	2.899073e-01	4.405180e-02
5.816257e-01	2.810012e-01	1.019923e-02
5.151635e-01	1.380305e-01	2.170103e-01
5.763610e-01	1.254320e-01	2.075474e-01
5.226547e-01	1.161453e-01	2.273170e-01
5.676047e-01	1.080183e-01	2.093917e-01
4.958365e-01	8.097652e-02	1.141398e-01
5.858403e-01	6.251058e-02	6.681182e-02
5.710468e-01	8.000988e-01	-2.982283e-01
5.661740e-01	8.144280e-01	-2.822465e-01
5.627149e-01	8.143172e-01	-2.822774e-01
5.587655e-01	8.141355e-01	-2.822363e-01
5.763642e-01	8.137181e-01	-2.868267e-01
5.802516e-01	8.130466e-01	-2.868715e-01
5.836608e-01	8.120665e-01	-2.868664e-01
5.542344e-01	8.060807e-01	-1.653163e-01
5.897276e-01	8.030856e-01	-1.871666e-01
5.637322e-01	7.818391e-01	-2.521859e-01
5.773112e-01	7.812825e-01	-2.580756e-01
5.254175e-01	7.139079e-01	-6.706984e-02
6.199600e-01	7.060552e-01	-9.919365e-02
5.188732e-01	5.994480e-01	1.800033e-02
6.230000e-01	5.885486e-01	-2.489307e-02
5.182176e-01	4.941681e-01	-2.805713e-03
6.193495e-01	4.695245e-01	-5.134046e-02
5.162424e-01	4.596930e-01	-1.410426e-02
6.201864e-01	4.321801e-01	-6.695427e-02
5.187296e-01	4.595051e-01	-4.427879e-02
6.157699e-01	4.306432e-01	-9.460571e-02
5.220799e-01	4.699008e-01	-1.583399e-02
6.130039e-01	4.427899e-01	-6.261005e-02
5.351128e-01	4.624625e-01	1.317510e-02
5.878025e-01	4.544715e-01	-1.322626e-02
5.250839e-01	2.906462e-01	5.785436e-02
5.817878e-01	2.835422e-01	1.812212e-02
5.179421e-01	1.382989e-01	2.272053e-01
5.764390e-01	1.267157e-01	1.984444e-01
5.252434e-01	1.162099e-01	2.369820e-01
5.677109e-01	1.087157e-01	2.067461e-01
5.019030e-01	8.161636e-02	1.228450e-01
5.852414e-01	6.347992e-02	7.813138e-02
