5.717921e-01	8.298352e-01	-2.339758e-01
5.699623e-01	8.425560e-01	-2.145153e-01
5.666249e-01	8.420379e-01	-2.145177e-01
5.636821e-01	8.415339e-01	-2.144549e-01
5.784298e-01	8.428510e-01	-2.222553e-01
5.820983e-01	8.424117e-01	-2.223286e-01
5.857557e-01	8.417173e-01	-2.222800e-01
5.628375e-01	8.324499e-01	-9.965207e-02
5.934460e-01	8.316280e-01	-1.375024e-01
5.662125e-01	8.115584e-01	-1.904647e-01
5.784605e-01	8.115202e-01	-2.011344e-01
5.407764e-01	7.374526e-01	-1.658537e-02
6.160421e-01	7.360916e-01	-9.903175e-02
5.319255e-01	6.214318e-01	2.803093e-02
6.227611e-01	6.152876e-01	-8.253510e-02
5.228711e-01	5.232423e-01	-6.338362e-02
6.242763e-01	5.140516e-01	-1.618996e-01
5.160295e-01	4.918025e-01	-9.064773e-02
6.277539e-01	4.818667e-01	-1.928438e-01
5.184752e-01	4.936899e-01	-1.231113e-01
6.223289e-01	4.820586e-01	-2.247570e-01
5.234302e-01	5.029244e-01	-7.924183e-02
6.182302e-01	4.918229e-01	-1.765412e-01
5.468581e-01	5.135566e-01	3.550701e-02
5.927933e-01	5.097562e-01	-3.541849e-02
5.411964e-01	3.650906e-01	8.769926e-02
5.952806e-01	3.542992e-01	-3.085727e-02
5.401605e-01	2.280224e-01	2.507482e-01
5.989816e-01	2.063704e-01	9.353251e-02
5.457976e-01	2.057606e-01	2.623309e-01
6.002061e-01	1.908389e-01	1.007260e-01
5.180066e-01	1.914331e-01	1.826395e-01
5.948125e-01	1.603173e-01	-1.072824e-02
5.719013e-01	8.362599e-01	-2.191150e-01
5.699624e-01	8.458601e-01	-1.988774e-01
5.666323e-01	8.449512e-01	-1.988828e-01
5.636783e-01	8.441304e-01	-1.988218e-01
5.784899e-01	8.468215e-01	-2.077637e-01
5.821218e-01	8.463723e-01	-2.078402e-01
5.858112e-01	8.455895e-01	-2.078119e-01
5.628279e-01	8.329365e-01	-8.769540e-02
5.934081e-01	8.333837e-01	-1.301043e-01
5.664219e-01	8.165838e-01	-1.776759e-01
5.789126e-01	8.173575e-01	-1.897128e-01
5.407842e-01	7.372860e-01	-6.643401e-03
6.158913e-01	7.360147e-01	-9.817921e-02
5.318243e-01	6.214684e-01	3.461723e-02
6.228424e-01	6.155056e-01	-8.376962e-02
5.228671e-01	5.244519e-01	-5.529720e-02
6.246136e-01	5.140660e-01	-1.615818e-01
5.160158e-01	4.932094e-01	-8.094475e-02
6.278314e-01	4.819871e-01	-1.926984e-01
5.184776e-01	4.949342e-01	-1.134919e-01
6.223458e-01	4.821957e-01	-2.227820e-01
5.234306e-01	5.047673e-01	-7.145293e-02
6.184203e-01	4.919752e-01	-1.755250e-01
5.467554e-01	5.149081e-01	3.728161e-02
5.926828e-01	5.114253e-01	-3.717709e-02
5.410303e-01	3.650578e-01	8.225702e-02
5.953393e-01	3.543639e-01	-3.310566e-02
5.394008e-01	2.293387e-01	2.500949e-01
5.984645e-01	2.063099e-01	9.660196e-02
5.449935e-01	2.072308e-01	2.617940e-01
5.994148e-01	1.903518e-01	1.039392e-01
5.170046e-01	1.931522e-01	1.800051e-01
5.942115e-01	1.599856e-01	-1.005010e-02
5.720589e-01	8.374915e-01	-2.025127e-01
5.699877e-01	8.465984e-01	-1.818439e-01
5.667244e-01	8.457088e-01	-1.818500e-01
5.637199e-01	8.449129e-01	-1.817914e-01
5.786189e-01	8.474866e-01	-1.905843e-01
5.822388e-01	8.469863e-01	-1.906593e-01
5.859617e-01	8.461683e-01	-1.906288e-01
5.628594e-01	8.331910e-01	-7.217981e-02
5.934318e-01	8.337321e-01	-1.137834e-01
5.665714e-01	8.178409e-01	-1.619170e-01
5.793275e-01	8.184742e-01	-1.736946e-01
5.408493e-01	7.372192e-01	4.532549e-03
6.157754e-01	7.359017e-01	-8.638127e-02
5.318078e-01	6.214594e-01	4.199248e-02
6.228276e-01	6.156152e-01	-7.584975e-02
5.229243e-01	5.248778e-01	-4.619855e-02
6.246156e-01	5.136428e-01	-1.506193e-01
5.160306e-01	4.939393e-01	-7.131068e-02
6.278395e-01	4.819701e-01	-1.817252e-01
5.185386e-01	4.955187e-01	-1.038900e-01
6.223966e-01	4.821392e-01	-2.108265e-01
5.235065e-01	5.053641e-01	-6.239637e-02
6.185893e-01	4.918262e-01	-1.641799e-01
5.465395e-01	5.153152e-01	3.730551e-02
5.923032e-01	5.124630e-01	-3.720030e-02
5.408422e-01	3.636717e-01	6.644027e-02
5.954378e-01	3.542652e-01	-3.555315e-02
5.386655e-01	2.291413e-01	2.240771e-01
5.982018e-01	2.054772e-01	9.341576e-02
5.441615e-01	2.069973e-01	2.344849e-01
5.988749e-01	1.885622e-01	1.001730e-01
5.166446e-01	1.931255e-01	1.505648e-01
5.941683e-01	1.597278e-01	-1.396122e-02
5.721869e-01	8.380372e-01	-1.997437e-01
5.700127e-01	8.470413e-01	-1.790237e-01
5.668014e-01	8.461711e-01	-1.790309e-01
5.637547e-01	8.453947e-01	-1.789720e-01
5.787420e-01	8.478661e-01	-1.875680e-01
5.823797e-01	8.473258e-01	-1.876421e-01
5.861400e-01	8.464746e-01	-1.876096e-01
5.628716e-01	8.333459e-01	-6.914776e-02
5.934788e-01	8.339161e-01	-1.097787e-01
5.666856e-01	8.183863e-01	-1.590580e-01
5.796462e-01	8.188330e-01	-1.705547e-01
5.408780e-01	7.370813e-01	7.758520e-03
6.156823e-01	7.358174e-01	-8.240849e-02
5.317978e-01	6.214514e-01	4.457888e-02
6.228250e-01	6.156831e-01	-7.216920e-02
5.230492e-01	5.251981e-01	-4.381859e-02
6.246222e-01	5.133598e-01	-1.471676e-01
5.160781e-01	4.944802e-01	-6.896688e-02
6.278919e-01	4.819596e-01	-1.783229e-01
5.186081e-01	4.960556e-01	-1.014236e-01
6.224743e-01	4.821207e-01	-2.073870e-01
5.236061e-01	5.059568e-01	-5.996772e-02
6.187550e-01	4.917818e-01	-1.606966e-01
5.464040e-01	5.157266e-01	3.739524e-02
5.921425e-01	5.131948e-01	-3.728979e-02
5.407304e-01	3.625238e-01	6.323326e-02
5.955066e-01	3.540727e-01	-3.693420e-02
5.382956e-01	2.277709e-01	2.167725e-01
5.979633e-01	2.048630e-01	9.098491e-02
5.436587e-01	2.057127e-01	2.267205e-01
5.985494e-01	1.876800e-01	9.747714e-02
5.163481e-01	1.928655e-01	1.421108e-01
5.941559e-01	1.594454e-01	-1.638614e-02
5.723451e-01	8.384892e-01	-1.968625e-01
5.700520e-01	8.474518e-01	-1.761626e-01
5.668901e-01	8.465715e-01	-1.761684e-01
5.637963e-01	8.457744e-01	-1.761093e-01
5.788767e-01	8.482398e-01	-1.846871e-01
5.825530e-01	8.476583e-01	-1.847610e-01
5.863414e-01	8.467638e-01	-1.847272e-01
5.628803e-01	8.334294e-01	-6.671859e-02
5.935606e-01	8.340731e-01	-1.071954e-01
5.668466e-01	8.188015e-01	-1.563413e-01
5.800038e-01	8.191043e-01	-1.677980e-01
5.408975e-01	7.368794e-01	9.996503e-03
6.156431e-01	7.357484e-01	-8.033887e-02
5.317698e-01	6.214238e-01	4.691417e-02
6.228227e-01	6.157075e-01	-6.990738e-02
5.231026e-01	5.253053e-01	-4.096384e-02
6.246220e-01	5.131299e-01	-1.445950e-01
5.161191e-01	4.947017e-01	-6.594791e-02
6.279321e-01	4.819393e-01	-1.757532e-01
5.186666e-01	4.963157e-01	-9.837206e-02
6.225429e-01	4.820838e-01	-2.048236e-01
5.236479e-01	5.062259e-01	-5.709122e-02
6.188754e-01	4.917341e-01	-1.581167e-01
5.463011e-01	5.159775e-01	3.751224e-02
5.920265e-01	5.135689e-01	-3.740744e-02
5.406305e-01	3.616089e-01	6.259982e-02
5.955480e-01	3.537323e-01	-3.723280e-02
5.380989e-01	2.264121e-01	2.157136e-01
5.978113e-01	2.042561e-01	9.068912e-02
5.434453e-01	2.046520e-01	2.256333e-01
5.984015e-01	1.871092e-01	9.720019e-02
5.161080e-01	1.926471e-01	1.410166e-01
5.941564e-01	1.592119e-01	-1.639062e-02
5.725425e-01	8.387217e-01	-1.956574e-01
5.701133e-01	8.476974e-01	-1.751223e-01
5.670110e-01	8.468133e-01	-1.751270e-01
5.638680e-01	8.459982e-01	-1.750671e-01
5.790323e-01	8.484342e-01	-1.839133e-01
5.827461e-01	8.478115e-01	-1.839846e-01
5.865296e-01	8.468803e-01	-1.839514e-01
5.629029e-01	8.334702e-01	-6.593189e-02
5.936190e-01	8.341430e-01	-1.074997e-01
5.670225e-01	8.190386e-01	-1.551489e-01
5.803425e-01	8.192309e-01	-1.669210e-01
5.409557e-01	7.366534e-01	1.176116e-02
6.156169e-01	7.356579e-01	-8.118239e-02
5.317665e-01	6.213804e-01	5.004502e-02
6.227779e-01	6.157095e-01	-7.028124e-02
5.231584e-01	5.253363e-01	-3.646343e-02
6.246131e-01	5.129062e-01	-1.438082e-01
5.161874e-01	4.948049e-01	-6.096137e-02
6.279716e-01	4.819294e-01	-1.747828e-01
5.187095e-01	4.964736e-01	-9.347838e-02
6.226858e-01	4.820343e-01	-2.040692e-01
5.236691e-01	5.063823e-01	-5.263153e-02
6.190709e-01	4.916604e-01	-1.574165e-01
5.462388e-01	5.161286e-01	3.803327e-02
5.918847e-01	5.136586e-01	-3.793160e-02
5.405325e-01	3.606330e-01	6.433192e-02
5.955488e-01	3.534274e-01	-3.731883e-02
5.378242e-01	2.254230e-01	2.147523e-01
5.976883e-01	2.038287e-01	9.016390e-02
5.431923e-01	2.038837e-01	2.243336e-01
5.983925e-01	1.864346e-01	9.662646e-02
5.152565e-01	1.926287e-01	1.396360e-01
5.941494e-01	1.591921e-01	-1.657393e-02
5.728815e-01	8.390932e-01	-1.927858e-01
5.702366e-01	8.480457e-01	-1.723118e-01
5.672103e-01	8.471412e-01	-1.723170e-01
5.640099e-01	8.462788e-01	-1.722583e-01
5.792691e-01	8.487353e-01	-1.810122e-01
5.830324e-01	8.480551e-01	-1.810846e-01
5.867760e-01	8.470628e-01	-1.810559e-01
5.629439e-01	8.335083e-01	-6.412601e-02
5.936978e-01	8.341888e-01	-1.053166e-01
5.672873e-01	8.193464e-01	-1.527169e-01
5.807447e-01	8.194509e-01	-1.643675e-01
5.409764e-01	7.363147e-01	1.274393e-02
6.155950e-01	7.355098e-01	-8.039464e-02
5.317662e-01	6.212810e-01	4.967758e-02
6.227468e-01	6.156894e-01	-6.983544e-02
5.232027e-01	5.253754e-01	-3.710788e-02
6.246007e-01	5.126755e-01	-1.426930e-01
5.162352e-01	4.949132e-01	-6.158336e-02
6.280460e-01	4.818990e-01	-1.735509e-01
5.187427e-01	4.965681e-01	-9.415764e-02
6.228154e-01	4.819281e-01	-2.028839e-01
5.236877e-01	5.064536e-01	-5.328722e-02
6.192011e-01	4.915338e-01	-1.563383e-01
5.462199e-01	5.161953e-01	3.820940e-02
5.917855e-01	5.136759e-01	-3.810900e-02
5.405182e-01	3.602774e-01	6.465049e-02
5.955498e-01	3.530512e-01	-3.905470e-02
5.378188e-01	2.241658e-01	2.080568e-01
5.975510e-01	2.022172e-01	8.120166e-02
5.431789e-01	2.026895e-01	2.168091e-01
5.983925e-01	1.841744e-01	8.679058e-02
5.148518e-01	1.926134e-01	1.317960e-01
5.941450e-01	1.591516e-01	-2.631735e-02
5.731394e-01	8.393187e-01	-1.896833e-01
5.703505e-01	8.482955e-01	-1.692306e-01
5.673869e-01	8.473936e-01	-1.692347e-01
5.641450e-01	8.465052e-01	-1.691742e-01
5.794612e-01	8.489081e-01	-1.777678e-01
5.832561e-01	8.481801e-01	-1.778401e-01
5.869635e-01	8.471431e-01	-1.778099e-01
5.629753e-01	8.335487e-01	-6.195349e-02
5.937528e-01	8.341939e-01	-1.024008e-01
5.674662e-01	8.195373e-01	-1.500265e-01
5.809844e-01	8.195517e-01	-1.614582e-01
5.409786e-01	7.359892e-01	1.331786e-02
6.155642e-01	7.353147e-01	-7.876661e-02
5.316842e-01	6.210471e-01	4.851665e-02
6.227336e-01	6.155870e-01	-6.882350e-02
5.231507e-01	5.250782e-01	-3.835163e-02
6.247737e-01	5.122544e-01	-1.410278e-01
5.161823e-01	4.946576e-01	-6.279879e-02
6.284897e-01	4.817334e-01	-1.716537e-01
5.186693e-01	4.961973e-01	-9.519863e-02
6.232682e-01	4.817466e-01	-2.011219e-01
5.236253e-01	5.058734e-01	-5.443341e-02
6.197925e-01	4.913669e-01	-1.547345e-01
5.461839e-01	5.161938e-01	3.826088e-02
5.917449e-01	5.136603e-01	-3.816202e-02
5.404934e-01	3.603155e-01	6.465662e-02
5.955239e-01	3.528412e-01	-3.966454e-02
5.377833e-01	2.235225e-01	2.056649e-01
5.972623e-01	2.012303e-01	7.698187e-02
5.431312e-01	2.020453e-01	2.142927e-01
5.982943e-01	1.826755e-01	8.233280e-02
5.146864e-01	1.925471e-01	1.305722e-01
5.941335e-01	1.590994e-01	-2.965360e-02
5.733672e-01	8.393508e-01	-1.799704e-01
5.704280e-01	8.483199e-01	-1.597716e-01
5.674945e-01	8.474127e-01	-1.597743e-01
5.642288e-01	8.465121e-01	-1.597137e-01
5.795830e-01	8.489442e-01	-1.686374e-01
5.833721e-01	8.482184e-01	-1.687072e-01
5.870529e-01	8.471849e-01	-1.686611e-01
5.630150e-01	8.335505e-01	-5.490934e-02
5.937712e-01	8.342022e-01	-9.686792e-02
5.676681e-01	8.195435e-01	-1.412678e-01
5.811828e-01	8.196242e-01	-1.531668e-01
5.410209e-01	7.359268e-01	1.771974e-02
6.155623e-01	7.352337e-01	-7.703266e-02
5.314292e-01	6.209396e-01	4.991364e-02
6.227669e-01	6.154371e-01	-6.921857e-02
5.219866e-01	5.252508e-01	-3.889242e-02
6.249374e-01	5.121782e-01	-1.414700e-01
5.153956e-01	4.946654e-01	-6.353432e-02
6.290467e-01	4.816354e-01	-1.723785e-01
5.179581e-01	4.962902e-01	-9.612001e-02
6.236702e-01	4.816734e-01	-2.013156e-01
5.228170e-01	5.061200e-01	-5.500141e-02
6.201103e-01	4.913469e-01	-1.549373e-01
5.461696e-01	5.162086e-01	3.934906e-02
5.917621e-01	5.136432e-01	-3.925318e-02
5.404252e-01	3.601920e-01	7.174170e-02
5.955173e-01	3.526057e-01	-4.153746e-02
5.377838e-01	2.229285e-01	2.119153e-01
5.972197e-01	2.003124e-01	6.541640e-02
5.431341e-01	2.013301e-01	2.209466e-01
5.983194e-01	1.814967e-01	6.994496e-02
5.145057e-01	1.925330e-01	1.382709e-01
5.941011e-01	1.588622e-01	-4.106681e-02
5.734636e-01	8.392788e-01	-1.715246e-01
5.704615e-01	8.482919e-01	-1.514132e-01
5.675320e-01	8.473892e-01	-1.514184e-01
5.642493e-01	8.464935e-01	-1.513568e-01
5.796460e-01	8.489115e-01	-1.605075e-01
5.834312e-01	8.481889e-01	-1.605689e-01
5.871016e-01	8.471602e-01	-1.605021e-01
5.630186e-01	8.335096e-01	-4.756672e-02
5.937881e-01	8.341596e-01	-9.045924e-02
5.677530e-01	8.194849e-01	-1.331909e-01
5.812659e-01	8.195753e-01	-1.453664e-01
5.410925e-01	7.359227e-01	2.362354e-02
6.155628e-01	7.352152e-01	-7.313558e-02
5.303739e-01	6.213267e-01	5.419101e-02
6.229325e-01	6.160338e-01	-6.822409e-02
5.193955e-01	5.290568e-01	-3.793107e-02
6.252694e-01	5.128521e-01	-1.413691e-01
5.129222e-01	4.990367e-01	-6.283172e-02
6.300396e-01	4.820134e-01	-1.725692e-01
5.154284e-01	5.005510e-01	-9.574887e-02
6.246126e-01	4.820233e-01	-2.010243e-01
5.203863e-01	5.110239e-01	-5.414667e-02
6.210017e-01	4.922708e-01	-1.546340e-01
5.461665e-01	5.172203e-01	4.067127e-02
5.919026e-01	5.139143e-01	-4.057615e-02
5.404048e-01	3.602134e-01	7.239477e-02
5.954421e-01	3.525952e-01	-4.278652e-02
5.377554e-01	2.227467e-01	2.083291e-01
5.971966e-01	2.002050e-01	6.152302e-02
5.431361e-01	2.010636e-01	2.166277e-01
5.983932e-01	1.811765e-01	6.597254e-02
5.141693e-01	1.925781e-01	1.355222e-01
5.939363e-01	1.587186e-01	-4.379579e-02
5.735422e-01	8.391191e-01	-1.688416e-01
5.704808e-01	8.480266e-01	-1.483977e-01
5.675437e-01	8.471460e-01	-1.484073e-01
5.642515e-01	8.462639e-01	-1.483530e-01
5.797161e-01	8.486335e-01	-1.572669e-01
5.835233e-01	8.479127e-01	-1.573210e-01
5.871913e-01	8.469104e-01	-1.572437e-01
5.630125e-01	8.332670e-01	-4.376112e-02
5.939018e-01	8.339259e-01	-8.570994e-02
5.677954e-01	8.191634e-01	-1.303168e-01
5.813445e-01	8.193783e-01	-1.422341e-01
5.413171e-01	7.358782e-01	2.648378e-02
6.156179e-01	7.350498e-01	-6.775071e-02
5.298170e-01	6.213258e-01	5.557056e-02
6.234072e-01	6.165974e-01	-6.629518e-02
5.141649e-01	5.323096e-01	-3.900787e-02
6.264640e-01	5.153149e-01	-1.421048e-01
5.074961e-01	5.022306e-01	-6.405415e-02
6.318227e-01	4.840218e-01	-1.732593e-01
5.088650e-01	5.038202e-01	-9.611914e-02
6.266735e-01	4.836732e-01	-2.011070e-01
5.140620e-01	5.148080e-01	-5.519847e-02
6.229953e-01	4.947538e-01	-1.553835e-01
5.462321e-01	5.178285e-01	4.078021e-02
5.920938e-01	5.139133e-01	-4.068366e-02
5.403506e-01	3.603520e-01	7.223170e-02
5.954388e-01	3.524002e-01	-4.590023e-02
5.377601e-01	2.227931e-01	2.067550e-01
5.970801e-01	1.997214e-01	5.521222e-02
5.431651e-01	2.010313e-01	2.149587e-01
5.986568e-01	1.808528e-01	5.915897e-02
5.139846e-01	1.929977e-01	1.338750e-01
5.937421e-01	1.583449e-01	-5.173587e-02
5.735593e-01	8.386586e-01	-1.681733e-01
5.704861e-01	8.475671e-01	-1.474056e-01
5.675455e-01	8.467284e-01	-1.474198e-01
5.642486e-01	8.458742e-01	-1.473756e-01
5.797364e-01	8.481160e-01	-1.549335e-01
5.835392e-01	8.473774e-01	-1.549826e-01
5.872040e-01	8.463908e-01	-1.549011e-01
5.629897e-01	8.328330e-01	-4.291105e-02
5.939348e-01	8.334032e-01	-7.884852e-02
5.678027e-01	8.184479e-01	-1.300826e-01
5.813439e-01	8.188607e-01	-1.403422e-01
5.413571e-01	7.358025e-01	2.304952e-02
6.156446e-01	7.350452e-01	-5.748548e-02
5.275284e-01	6.214256e-01	4.652878e-02
6.244303e-01	6.182616e-01	-5.703859e-02
5.070547e-01	5.354134e-01	-6.012287e-02
6.281122e-01	5.195531e-01	-1.406955e-01
4.986186e-01	5.046898e-01	-8.777852e-02
6.343300e-01	4.904026e-01	-1.729814e-01
4.999509e-01	5.054975e-01	-1.220392e-01
6.285679e-01	4.896613e-01	-2.018904e-01
5.057093e-01	5.163370e-01	-7.703702e-02
6.248248e-01	5.002006e-01	-1.547743e-01
5.464247e-01	5.179141e-01	3.967967e-02
5.930870e-01	5.137166e-01	-3.958273e-02
5.403339e-01	3.609131e-01	7.211114e-02
5.954210e-01	3.523842e-01	-4.839549e-02
5.377586e-01	2.228146e-01	2.062967e-01
5.969805e-01	1.982850e-01	4.303546e-02
5.431719e-01	2.010308e-01	2.145800e-01
5.988633e-01	1.794600e-01	4.579531e-02
5.139345e-01	1.931145e-01	1.338024e-01
5.935122e-01	1.578662e-01	-6.664112e-02
5.736569e-01	8.384460e-01	-1.622801e-01
5.705325e-01	8.472199e-01	-1.417986e-01
5.675918e-01	8.464323e-01	-1.418167e-01
5.642709e-01	8.456269e-01	-1.417738e-01
5.798031e-01	8.476295e-01	-1.489969e-01
5.836068e-01	8.468321e-01	-1.490369e-01
5.872490e-01	8.458238e-01	-1.489463e-01
5.629892e-01	8.326013e-01	-3.851224e-02
5.939381e-01	8.326982e-01	-7.293144e-02
5.678601e-01	8.181913e-01	-1.247251e-01
5.813950e-01	8.184491e-01	-1.345352e-01
5.413336e-01	7.357838e-01	2.488617e-02
6.156313e-01	7.350550e-01	-5.089437e-02
5.239442e-01	6.237614e-01	4.822008e-02
6.258672e-01	6.206197e-01	-5.536438e-02
4.969667e-01	5.412915e-01	-5.670960e-02
6.299621e-01	5.283477e-01	-1.449988e-01
4.884516e-01	5.123090e-01	-8.307976e-02
6.374401e-01	5.017458e-01	-1.799791e-01
4.880410e-01	5.131639e-01	-1.165393e-01
6.322895e-01	5.005749e-01	-2.098093e-01
4.927877e-01	5.227895e-01	-7.281087e-02
6.280812e-01	5.092495e-01	-1.602402e-01
5.467120e-01	5.177778e-01	3.812875e-02
5.936744e-01	5.135940e-01	-3.802713e-02
5.403318e-01	3.609417e-01	5.735747e-02
5.953620e-01	3.523609e-01	-4.784962e-02
5.377797e-01	2.225393e-01	1.842496e-01
5.968808e-01	1.975728e-01	4.933063e-02
5.431972e-01	2.009424e-01	1.915202e-01
5.988434e-01	1.788404e-01	5.253338e-02
5.139503e-01	1.928317e-01	1.081417e-01
5.935069e-01	1.574851e-01	-5.984437e-02
5.737478e-01	8.384302e-01	-1.457342e-01
5.705785e-01	8.470822e-01	-1.257600e-01
5.676516e-01	8.463311e-01	-1.257823e-01
5.643160e-01	8.455638e-01	-1.257424e-01
5.798566e-01	8.474193e-01	-1.329877e-01
5.836633e-01	8.465995e-01	-1.330204e-01
5.872819e-01	8.455877e-01	-1.329221e-01
5.629982e-01	8.325928e-01	-2.514232e-02
5.939450e-01	8.325034e-01	-5.957136e-02
5.679597e-01	8.181745e-01	-1.092507e-01
5.814743e-01	8.184096e-01	-1.190739e-01
5.412396e-01	7.362565e-01	3.119475e-02
6.157801e-01	7.353622e-01	-3.799731e-02
5.186170e-01	6.335074e-01	4.819810e-02
6.267995e-01	6.256424e-01	-5.533227e-02
4.881639e-01	5.528736e-01	-6.126422e-02
6.330135e-01	5.427982e-01	-1.635482e-01
4.769312e-01	5.283629e-01	-8.938438e-02
6.408441e-01	5.150521e-01	-2.009310e-01
4.762810e-01	5.283791e-01	-1.242994e-01
6.371382e-01	5.148501e-01	-2.299953e-01
4.820452e-01	5.360193e-01	-7.836615e-02
6.324096e-01	5.240479e-01	-1.790322e-01
5.471824e-01	5.177719e-01	3.464184e-02
5.942581e-01	5.135931e-01	-3.453397e-02
5.403031e-01	3.609213e-01	3.870267e-02
5.952567e-01	3.523418e-01	-5.042170e-02
5.378214e-01	2.222871e-01	1.662122e-01
5.968300e-01	1.964359e-01	4.647940e-02
5.432422e-01	2.009229e-01	1.734864e-01
5.987006e-01	1.777106e-01	4.942428e-02
5.145965e-01	1.923429e-01	8.899502e-02
5.935260e-01	1.570097e-01	-6.361186e-02
5.738627e-01	8.383761e-01	-1.376086e-01
5.706131e-01	8.469042e-01	-1.169584e-01
5.677002e-01	8.461698e-01	-1.169920e-01
5.643585e-01	8.454321e-01	-1.169566e-01
5.798979e-01	8.472647e-01	-1.251063e-01
5.837010e-01	8.464492e-01	-1.251337e-01
5.872963e-01	8.454391e-01	-1.250265e-01
5.630065e-01	8.325360e-01	-1.302673e-02
5.939435e-01	8.321939e-01	-5.171738e-02
5.680625e-01	8.180603e-01	-9.997962e-02
5.816029e-01	8.182807e-01	-1.110126e-01
5.411999e-01	7.367784e-01	4.007936e-02
6.161693e-01	7.357562e-01	-3.343851e-02
5.126795e-01	6.474690e-01	4.714857e-02
6.273126e-01	6.328231e-01	-8.475839e-02
4.774730e-01	5.758018e-01	-6.937180e-02
6.353925e-01	5.595375e-01	-2.371014e-01
4.648956e-01	5.516534e-01	-9.862451e-02
6.432782e-01	5.331187e-01	-2.796775e-01
4.648512e-01	5.519031e-01	-1.322845e-01
6.397417e-01	5.350882e-01	-3.056557e-01
4.704300e-01	5.584654e-01	-8.639107e-02
6.347281e-01	5.438279e-01	-2.525342e-01
5.475215e-01	5.177329e-01	3.320331e-02
5.950568e-01	5.136304e-01	-3.310407e-02
5.401533e-01	3.602623e-01	2.639100e-02
5.952605e-01	3.519231e-01	-5.035691e-02
5.378379e-01	2.216142e-01	1.566287e-01
5.968236e-01	1.963810e-01	5.621494e-02
5.432788e-01	2.007431e-01	1.642147e-01
5.986546e-01	1.777751e-01	6.010528e-02
5.153112e-01	1.911442e-01	7.855689e-02
5.935165e-01	1.567464e-01	-5.075353e-02
5.741581e-01	8.379257e-01	-1.326322e-01
5.707043e-01	8.464200e-01	-1.121447e-01
5.678104e-01	8.457085e-01	-1.121856e-01
5.644690e-01	8.450016e-01	-1.121494e-01
5.800483e-01	8.468012e-01	-1.209151e-01
5.838606e-01	8.459911e-01	-1.209439e-01
5.873917e-01	8.449624e-01	-1.208458e-01
5.630287e-01	8.323156e-01	-5.342740e-03
5.939577e-01	8.316512e-01	-4.741379e-02
5.682493e-01	8.176492e-01	-9.353177e-02
5.819564e-01	8.178431e-01	-1.055676e-01
5.411710e-01	7.377831e-01	5.242859e-02
6.162829e-01	7.373888e-01	-2.794822e-02
5.093886e-01	6.620721e-01	8.298852e-02
6.274520e-01	6.472896e-01	-1.038313e-01
4.721845e-01	6.048925e-01	1.045322e-03
6.365532e-01	5.895984e-01	-2.827762e-01
4.593062e-01	5.853511e-01	-2.177961e-02
6.441036e-01	5.648466e-01	-3.287926e-01
4.582568e-01	5.860630e-01	-5.806614e-02
6.410310e-01	5.676037e-01	-3.505293e-01
4.638157e-01	5.909700e-01	-1.634076e-02
6.359195e-01	5.759717e-01	-2.976069e-01
5.475137e-01	5.177217e-01	2.990562e-02
5.950246e-01	5.136248e-01	-2.980272e-02
5.401532e-01	3.593803e-01	1.637421e-02
5.952343e-01	3.505504e-01	-4.951241e-02
5.380191e-01	2.209324e-01	1.607179e-01
5.961765e-01	1.955886e-01	6.759994e-02
5.432837e-01	2.006434e-01	1.694196e-01
5.966049e-01	1.770696e-01	7.263128e-02
5.178417e-01	1.886554e-01	8.009382e-02
5.935968e-01	1.562626e-01	-4.289964e-02
5.742359e-01	8.369711e-01	-1.461478e-01
5.707327e-01	8.458067e-01	-1.258090e-01
5.678672e-01	8.452186e-01	-1.258414e-01
5.645424e-01	8.446330e-01	-1.258017e-01
5.801107e-01	8.460406e-01	-1.342568e-01
5.839563e-01	8.452573e-01	-1.342994e-01
5.874767e-01	8.442374e-01	-1.342143e-01
5.630423e-01	8.322649e-01	-1.820659e-02
5.940087e-01	8.312362e-01	-5.991523e-02
5.683416e-01	8.172333e-01	-1.065842e-01
5.821027e-01	8.173250e-01	-1.186413e-01
5.411718e-01	7.390484e-01	5.814970e-02
6.162747e-01	7.393022e-01	-3.593889e-02
5.080651e-01	6.750650e-01	1.422527e-01
6.273969e-01	6.586369e-01	-6.170639e-02
4.667838e-01	6.323121e-01	1.049662e-01
6.363799e-01	6.151958e-01	-1.746234e-01
4.527656e-01	6.189355e-01	9.365909e-02
6.433233e-01	5.930501e-01	-2.079343e-01
4.511226e-01	6.217476e-01	5.173075e-02
6.405125e-01	5.982153e-01	-2.307924e-01
4.574806e-01	6.247610e-01	8.652148e-02
6.359213e-01	6.060385e-01	-1.879774e-01
5.476266e-01	5.178310e-01	3.043396e-02
5.949904e-01	5.137198e-01	-3.032902e-02
5.401651e-01	3.593645e-01	2.377260e-02
5.951580e-01	3.499718e-01	-5.101871e-02
5.380216e-01	2.208726e-01	1.706548e-01
5.956456e-01	1.954454e-01	7.009292e-02
5.433263e-01	2.004532e-01	1.794998e-01
5.953242e-01	1.768552e-01	7.559666e-02
5.178915e-01	1.886704e-01	8.932327e-02
5.935994e-01	1.562664e-01	-4.209683e-02
5.742335e-01	8.348250e-01	-1.476685e-01
5.707378e-01	8.446048e-01	-1.282568e-01
5.678802e-01	8.441734e-01	-1.281943e-01
5.645744e-01	8.437366e-01	-1.280889e-01
5.801105e-01	8.446884e-01	-1.348903e-01
5.839573e-01	8.439627e-01	-1.349754e-01
5.874793e-01	8.429615e-01	-1.349590e-01
5.630692e-01	8.319672e-01	-2.309858e-02
5.940272e-01	8.305331e-01	-6.483155e-02
5.683677e-01	8.159107e-01	-1.114598e-01
5.821070e-01	8.158278e-01	-1.226372e-01
5.412369e-01	7.395630e-01	5.897795e-02
6.162096e-01	7.407655e-01	-3.887024e-02
5.056612e-01	6.899943e-01	1.680637e-01
6.273683e-01	6.702098e-01	-6.505448e-02
4.621746e-01	6.579190e-01	1.792172e-01
6.357599e-01	6.444080e-01	-1.902525e-01
4.480694e-01	6.503533e-01	1.770142e-01
6.429181e-01	6.287428e-01	-2.247677e-01
4.476792e-01	6.530271e-01	1.352299e-01
6.395553e-01	6.319462e-01	-2.403346e-01
4.546768e-01	6.531396e-01	1.623514e-01
6.351231e-01	6.383841e-01	-2.016861e-01
5.478612e-01	5.171410e-01	2.946670e-02
5.950201e-01	5.134156e-01	-2.934037e-02
5.402750e-01	3.562653e-01	1.718600e-02
5.951743e-01	3.473702e-01	-5.246139e-02
5.373034e-01	2.176050e-01	1.748333e-01
5.955082e-01	1.948362e-01	7.705668e-02
5.423785e-01	1.985242e-01	1.841994e-01
5.948805e-01	1.767112e-01	8.393188e-02
5.189210e-01	1.849805e-01	9.260962e-02
5.936691e-01	1.559950e-01	-3.352203e-02
5.741920e-01	8.334326e-01	-1.324017e-01
5.707367e-01	8.437583e-01	-1.089529e-01
5.678833e-01	8.434866e-01	-1.089986e-01
5.645919e-01	8.432049e-01	-1.089287e-01
5.800797e-01	8.436171e-01	-1.185962e-01
5.839347e-01	8.429161e-01	-1.186367e-01
5.874795e-01	8.418950e-01	-1.185561e-01
5.630773e-01	8.319272e-01	1.070734e-02
5.940794e-01	8.298793e-01	-3.566628e-02
5.683683e-01	8.149988e-01	-8.919276e-02
5.820115e-01	8.146989e-01	-1.023841e-01
5.412065e-01	7.405288e-01	7.939629e-02
6.155095e-01	7.431227e-01	-3.644935e-02
5.021443e-01	7.019058e-01	1.030833e-01
6.272982e-01	6.857324e-01	-1.975938e-01
4.601955e-01	6.807354e-01	-1.683597e-02
6.303304e-01	6.736922e-01	-4.294300e-01
4.450006e-01	6.762488e-01	-3.833860e-02
6.344502e-01	6.647580e-01	-4.827344e-01
4.482043e-01	6.763973e-01	-6.464385e-02
6.290488e-01	6.729066e-01	-4.886506e-01
4.560525e-01	6.748900e-01	-3.151735e-02
6.250055e-01	6.751547e-01	-4.388338e-01
5.479919e-01	5.168114e-01	3.009028e-02
5.951329e-01	5.133839e-01	-2.997455e-02
5.403848e-01	3.552148e-01	1.966772e-02
5.950636e-01	3.466612e-01	-5.295619e-02
5.363334e-01	2.162695e-01	1.656767e-01
5.955250e-01	1.944380e-01	7.040909e-02
5.412893e-01	1.970042e-01	1.744373e-01
5.950114e-01	1.765243e-01	7.732926e-02
5.187690e-01	1.840996e-01	7.877205e-02
5.937110e-01	1.557064e-01	-4.298721e-02
5.742108e-01	8.314365e-01	-1.338674e-01
5.707393e-01	8.425328e-01	-1.098426e-01
5.679318e-01	8.425319e-01	-1.098894e-01
5.646475e-01	8.425385e-01	-1.097819e-01
5.800869e-01	8.417644e-01	-1.204172e-01
5.839750e-01	8.409012e-01	-1.204676e-01
5.875361e-01	8.397221e-01	-1.203684e-01
5.629645e-01	8.318710e-01	1.215548e-02
5.940819e-01	8.282197e-01	-3.834308e-02
5.683645e-01	8.138858e-01	-8.933985e-02
5.818781e-01	8.129537e-01	-1.038971e-01
5.411501e-01	7.414404e-01	8.537145e-02
6.131989e-01	7.467089e-01	-5.526056e-02
5.034841e-01	7.122021e-01	1.247651e-01
6.221095e-01	7.178517e-01	-2.942163e-01
4.611292e-01	7.038004e-01	1.008342e-01
6.206282e-01	7.069523e-01	-5.741695e-01
4.454300e-01	7.024632e-01	9.597710e-02
6.237855e-01	6.945251e-01	-6.327975e-01
4.479209e-01	6.986307e-01	6.747147e-02
6.164307e-01	7.021580e-01	-6.334683e-01
4.543456e-01	6.950229e-01	8.814508e-02
6.130060e-01	7.048707e-01	-5.833248e-01
5.481999e-01	5.168298e-01	3.728591e-02
5.951157e-01	5.137849e-01	-3.726679e-02
5.402445e-01	3.552924e-01	2.273131e-02
5.944277e-01	3.467611e-01	-6.140968e-02
5.352342e-01	2.153941e-01	1.444837e-01
5.955060e-01	1.951133e-01	4.285394e-02
5.403633e-01	1.956780e-01	1.503353e-01
5.950987e-01	1.769535e-01	4.756280e-02
5.186418e-01	1.833430e-01	5.311641e-02
5.935858e-01	1.560680e-01	-6.881978e-02
5.743531e-01	8.302836e-01	-1.388444e-01
5.707461e-01	8.417521e-01	-1.156301e-01
5.679875e-01	8.417546e-01	-1.156709e-01
5.647300e-01	8.418346e-01	-1.155536e-01
5.801291e-01	8.409687e-01	-1.262085e-01
5.840718e-01	8.400817e-01	-1.262648e-01
5.876113e-01	8.388969e-01	-1.261886e-01
5.627817e-01	8.316337e-01	5.561476e-03
5.940851e-01	8.276112e-01	-4.500763e-02
5.683943e-01	8.128495e-01	-9.423780e-02
5.818764e-01	8.117333e-01	-1.088006e-01
5.409340e-01	7.434208e-01	8.035255e-02
6.123086e-01	7.466431e-01	-7.405968e-02
5.055665e-01	7.225434e-01	1.093658e-01
6.190022e-01	7.236438e-01	-3.366069e-01
4.668167e-01	7.257929e-01	7.219472e-02
6.145067e-01	7.155615e-01	-6.282227e-01
4.512510e-01	7.277824e-01	6.596173e-02
6.130576e-01	7.140495e-01	-6.887798e-01
4.518119e-01	7.272364e-01	3.955681e-02
6.072689e-01	7.225450e-01	-6.863149e-01
4.590370e-01	7.230207e-01	5.975765e-02
6.062042e-01	7.210703e-01	-6.364527e-01
5.482472e-01	5.163512e-01	3.956468e-02
5.951786e-01	5.134555e-01	-3.956949e-02
5.398151e-01	3.553863e-01	2.628273e-02
5.937322e-01	3.468291e-01	-5.981271e-02
5.346361e-01	2.144250e-01	1.508501e-01
5.955029e-01	1.956280e-01	5.023835e-02
5.397516e-01	1.945837e-01	1.568556e-01
5.951709e-01	1.772575e-01	5.515845e-02
5.185578e-01	1.822980e-01	5.690980e-02
5.935382e-01	1.562595e-01	-6.089007e-02
5.743533e-01	8.277939e-01	-1.614230e-01
5.707456e-01	8.399239e-01	-1.400015e-01
5.679961e-01	8.399836e-01	-1.400363e-01
5.647671e-01	8.400937e-01	-1.398931e-01
5.801312e-01	8.388803e-01	-1.517805e-01
5.840842e-01	8.379316e-01	-1.518318e-01
5.876139e-01	8.368002e-01	-1.517720e-01
5.626386e-01	8.306170e-01	-1.982752e-02
5.940409e-01	8.266303e-01	-7.546285e-02
5.683629e-01	8.108587e-01	-1.165428e-01
5.817031e-01	8.089491e-01	-1.324235e-01
5.408659e-01	7.445390e-01	4.252752e-02
6.118373e-01	7.468971e-01	-1.159549e-01
5.091138e-01	7.313660e-01	-4.841045e-02
6.172615e-01	7.252347e-01	-4.023350e-01
4.697167e-01	7.454256e-01	-1.935552e-01
6.119192e-01	7.261531e-01	-6.850156e-01
4.545418e-01	7.523566e-01	-2.200056e-01
6.038369e-01	7.287059e-01	-7.487251e-01
4.557900e-01	7.514064e-01	-2.394572e-01
5.987266e-01	7.382323e-01	-7.415623e-01
4.627883e-01	7.450722e-01	-2.071797e-01
5.993601e-01	7.364261e-01	-6.918036e-01
5.480546e-01	5.154837e-01	4.173150e-02
5.951161e-01	5.128707e-01	-4.174411e-02
5.390035e-01	3.554673e-01	4.310354e-02
5.926896e-01	3.487724e-01	-4.793173e-02
5.339257e-01	2.145377e-01	1.720527e-01
5.955194e-01	2.001937e-01	6.992293e-02
5.394083e-01	1.947201e-01	1.783271e-01
5.952147e-01	1.819288e-01	7.563823e-02
5.169469e-01	1.838886e-01	7.103454e-02
5.935079e-01	1.582852e-01	-4.521585e-02
5.746987e-01	8.223241e-01	-1.745177e-01
5.708234e-01	8.357267e-01	-1.535224e-01
5.680892e-01	8.360748e-01	-1.535655e-01
5.650016e-01	8.362949e-01	-1.534515e-01
5.804069e-01	8.337116e-01	-1.640665e-01
5.843282e-01	8.326533e-01	-1.640998e-01
5.877689e-01	8.316594e-01	-1.640141e-01
5.626397e-01	8.275413e-01	-3.347436e-02
5.939751e-01	8.230609e-01	-8.265815e-02
5.684114e-01	8.057068e-01	-1.294344e-01
5.817022e-01	8.030719e-01	-1.434314e-01
5.411225e-01	7.448499e-01	2.562011e-02
6.118302e-01	7.439407e-01	-1.110023e-01
5.113434e-01	7.375541e-01	-1.119232e-01
6.171570e-01	7.145854e-01	-3.858388e-01
4.711375e-01	7.582365e-01	-3.116836e-01
6.117652e-01	7.270724e-01	-6.700622e-01
4.562873e-01	7.690058e-01	-3.494848e-01
6.007429e-01	7.390966e-01	-7.337102e-01
4.572845e-01	7.665145e-01	-3.662056e-01
5.987236e-01	7.524223e-01	-7.265675e-01
4.642724e-01	7.574872e-01	-3.260226e-01
6.000800e-01	7.480762e-01	-6.767176e-01
5.478358e-01	5.129572e-01	4.147016e-02
5.949957e-01	5.103023e-01	-4.146544e-02
5.366089e-01	3.561533e-01	4.207797e-02
5.918076e-01	3.490302e-01	-4.726182e-02
5.337051e-01	2.154387e-01	1.720619e-01
5.954462e-01	2.023315e-01	6.901262e-02
5.393644e-01	1.949126e-01	1.783889e-01
5.952539e-01	1.834029e-01	7.453347e-02
5.159976e-01	1.862014e-01	7.355174e-02
5.933974e-01	1.592826e-01	-4.530716e-02
5.744735e-01	8.170166e-01	-1.689515e-01
5.707473e-01	8.314620e-01	-1.491821e-01
5.680440e-01	8.321370e-01	-1.492231e-01
5.649859e-01	8.326561e-01	-1.491252e-01
5.803877e-01	8.282561e-01	-1.582837e-01
5.843121e-01	8.268822e-01	-1.583098e-01
5.877404e-01	8.257517e-01	-1.582223e-01
5.625204e-01	8.240659e-01	-3.687055e-02
5.937905e-01	8.176652e-01	-7.774642e-02
5.680197e-01	8.012496e-01	-1.260022e-01
5.807091e-01	7.973758e-01	-1.384472e-01
5.411175e-01	7.443863e-01	-1.088850e-03
6.117183e-01	7.389604e-01	-1.019631e-01
5.145036e-01	7.366567e-01	-2.138932e-01
6.162695e-01	7.214049e-01	-3.761839e-01
4.745581e-01	7.644593e-01	-4.714216e-01
6.072657e-01	7.353973e-01	-6.361819e-01
4.583952e-01	7.757136e-01	-5.241913e-01
5.940489e-01	7.486939e-01	-6.973189e-01
4.592112e-01	7.746484e-01	-5.353532e-01
5.916899e-01	7.617982e-01	-6.892235e-01
4.654589e-01	7.665711e-01	-4.857078e-01
5.944360e-01	7.576167e-01	-6.424451e-01
5.476476e-01	5.112834e-01	3.491230e-02
5.947152e-01	5.083964e-01	-3.486511e-02
5.354916e-01	3.569102e-01	2.625665e-02
5.908450e-01	3.491174e-01	-3.924932e-02
5.337728e-01	2.154747e-01	1.619904e-01
5.952519e-01	2.028677e-01	7.935265e-02
5.394411e-01	1.950719e-01	1.691521e-01
5.952607e-01	1.844463e-01	8.467882e-02
5.161918e-01	1.863953e-01	6.749114e-02
5.934024e-01	1.597158e-01	-3.635137e-02
5.729349e-01	8.046172e-01	-1.663162e-01
5.703930e-01	8.204025e-01	-1.466536e-01
5.678647e-01	8.215384e-01	-1.466901e-01
5.649300e-01	8.224632e-01	-1.465925e-01
5.796033e-01	8.163925e-01	-1.561022e-01
5.833744e-01	8.151134e-01	-1.561225e-01
5.868485e-01	8.141087e-01	-1.560317e-01
5.625389e-01	8.148119e-01	-3.712600e-02
5.934161e-01	8.069703e-01	-8.100779e-02
5.671640e-01	7.888185e-01	-1.236887e-01
5.786961e-01	7.847063e-01	-1.362511e-01
5.413719e-01	7.400101e-01	1.457664e-03
6.111993e-01	7.318327e-01	-1.157517e-01
5.179383e-01	7.345866e-01	-2.028181e-01
6.147339e-01	7.282697e-01	-3.947650e-01
4.767458e-01	7.700261e-01	-4.494866e-01
6.000549e-01	7.430673e-01	-6.346089e-01
4.599820e-01	7.828844e-01	-4.993910e-01
5.871709e-01	7.560456e-01	-6.934441e-01
4.597317e-01	7.824194e-01	-5.085918e-01
5.842986e-01	7.642342e-01	-6.840741e-01
4.659644e-01	7.747939e-01	-4.631950e-01
5.876085e-01	7.590826e-01	-6.400614e-01
5.467435e-01	5.069676e-01	3.505322e-02
5.936003e-01	5.027833e-01	-3.500924e-02
5.323619e-01	3.564267e-01	2.493571e-02
5.899838e-01	3.441276e-01	-4.073087e-02
5.338248e-01	2.156242e-01	1.634264e-01
5.947433e-01	2.025523e-01	7.913442e-02
5.399728e-01	1.953546e-01	1.710100e-01
5.951288e-01	1.844014e-01	8.477874e-02
5.160134e-01	1.864046e-01	7.286844e-02
5.933804e-01	1.596948e-01	-3.368244e-02
5.717942e-01	7.985854e-01	-1.610772e-01
5.699752e-01	8.128058e-01	-1.428784e-01
5.675603e-01	8.136407e-01	-1.429093e-01
5.647392e-01	8.143150e-01	-1.427961e-01
5.789510e-01	8.098167e-01	-1.550752e-01
5.826795e-01	8.087993e-01	-1.551128e-01
5.862039e-01	8.078833e-01	-1.550320e-01
5.627246e-01	8.066256e-01	-3.577984e-02
5.933164e-01	8.005124e-01	-8.697961e-02
5.666125e-01	7.825704e-01	-1.192063e-01
5.778117e-01	7.791466e-01	-1.354307e-01
5.424094e-01	7.318069e-01	1.318290e-02
6.111290e-01	7.245812e-01	-1.328501e-01
5.202215e-01	7.307990e-01	-1.667545e-01
6.136414e-01	7.286449e-01	-4.245423e-01
4.813587e-01	7.682158e-01	-3.996364e-01
5.953424e-01	7.464921e-01	-6.637534e-01
4.656687e-01	7.811824e-01	-4.453005e-01
5.838103e-01	7.606131e-01	-7.239490e-01
4.648106e-01	7.823129e-01	-4.562081e-01
5.820735e-01	7.668493e-01	-7.141592e-01
4.711139e-01	7.749993e-01	-4.136705e-01
5.853570e-01	7.608030e-01	-6.690855e-01
5.456948e-01	5.045151e-01	4.426326e-02
5.917240e-01	4.986776e-01	-4.425317e-02
5.274912e-01	3.564423e-01	2.984958e-02
5.882437e-01	3.409880e-01	-4.516194e-02
5.338706e-01	2.153849e-01	1.597656e-01
5.935870e-01	2.024984e-01	6.812583e-02
5.404592e-01	1.951860e-01	1.663854e-01
5.951607e-01	1.842344e-01	7.292090e-02
5.135642e-01	1.869695e-01	7.316366e-02
5.929209e-01	1.598505e-01	-4.222196e-02
5.691170e-01	7.940330e-01	-1.730839e-01
5.685445e-01	8.068289e-01	-1.538572e-01
5.661913e-01	8.073127e-01	-1.538864e-01
5.636373e-01	8.076178e-01	-1.537834e-01
5.767419e-01	8.045126e-01	-1.706969e-01
5.803576e-01	8.034104e-01	-1.707137e-01
5.840580e-01	8.023548e-01	-1.706292e-01
5.627912e-01	7.996417e-01	-4.307056e-02
5.922291e-01	7.943477e-01	-1.193818e-01
5.644401e-01	7.781135e-01	-1.303526e-01
5.749676e-01	7.750154e-01	-1.525589e-01
5.431091e-01	7.240028e-01	8.862009e-03
6.111833e-01	7.160980e-01	-1.689769e-01
5.206449e-01	7.276372e-01	-1.560220e-01
6.114435e-01	7.239821e-01	-4.570733e-01
4.851251e-01	7.645342e-01	-3.821924e-01
5.900075e-01	7.440277e-01	-6.776165e-01
4.702473e-01	7.776570e-01	-4.257607e-01
5.807735e-01	7.586194e-01	-7.379183e-01
4.693414e-01	7.796236e-01	-4.362769e-01
5.796069e-01	7.659430e-01	-7.274178e-01
4.756520e-01	7.724864e-01	-3.960243e-01
5.825402e-01	7.593958e-01	-6.821644e-01
5.443072e-01	4.964429e-01	5.135217e-02
5.899481e-01	4.902777e-01	-5.133755e-02
5.224077e-01	3.537140e-01	3.493908e-02
5.862475e-01	3.348008e-01	-4.564368e-02
5.335568e-01	2.145555e-01	1.790643e-01
5.931884e-01	2.002958e-01	8.008196e-02
5.405042e-01	1.947795e-01	1.879125e-01
5.951775e-01	1.837920e-01	8.673298e-02
5.113592e-01	1.869191e-01	1.011342e-01
5.926294e-01	1.594288e-01	-2.686633e-02
5.674566e-01	7.878904e-01	-1.555324e-01
5.673901e-01	7.997237e-01	-1.374670e-01
5.652424e-01	8.000743e-01	-1.374935e-01
5.630212e-01	8.002872e-01	-1.373922e-01
5.749251e-01	7.975259e-01	-1.583359e-01
5.785335e-01	7.963133e-01	-1.583417e-01
5.822873e-01	7.951538e-01	-1.582744e-01
5.631174e-01	7.917373e-01	-3.524900e-02
5.913711e-01	7.867560e-01	-1.070223e-01
5.631509e-01	7.717924e-01	-1.151401e-01
5.730435e-01	7.691124e-01	-1.430713e-01
5.442214e-01	7.166004e-01	2.189621e-02
6.110923e-01	7.086756e-01	-1.555721e-01
5.226669e-01	7.229006e-01	-1.137704e-01
6.087781e-01	7.199777e-01	-4.127732e-01
4.895124e-01	7.570077e-01	-3.136525e-01
5.832651e-01	7.434545e-01	-6.072171e-01
4.756576e-01	7.708476e-01	-3.513338e-01
5.735269e-01	7.576122e-01	-6.622351e-01
4.744169e-01	7.733852e-01	-3.622459e-01
5.721084e-01	7.640455e-01	-6.561446e-01
4.802212e-01	7.662876e-01	-3.262632e-01
5.746037e-01	7.577326e-01	-6.114854e-01
5.434813e-01	4.899977e-01	5.707222e-02
5.887224e-01	4.835594e-01	-5.705152e-02
5.178373e-01	3.484887e-01	2.750225e-02
5.833658e-01	3.284371e-01	-5.128261e-02
5.320801e-01	2.118680e-01	1.684228e-01
5.928049e-01	1.972023e-01	7.795195e-02
5.402988e-01	1.926594e-01	1.781935e-01
5.956837e-01	1.820115e-01	8.416197e-02
5.076864e-01	1.853998e-01	9.569095e-02
5.911785e-01	1.583796e-01	-2.507367e-02
5.677125e-01	7.832726e-01	-1.347631e-01
5.674504e-01	7.942911e-01	-1.165425e-01
5.653961e-01	7.944830e-01	-1.165576e-01
5.633782e-01	7.945797e-01	-1.164386e-01
5.752463e-01	7.922542e-01	-1.358779e-01
5.788969e-01	7.910888e-01	-1.358928e-01
5.825652e-01	7.899821e-01	-1.358178e-01
5.647324e-01	7.849602e-01	-1.642941e-02
5.913016e-01	7.807650e-01	-9.904674e-02
5.634298e-01	7.664514e-01	-9.565867e-02
5.735939e-01	7.642555e-01	-1.214796e-01
5.451618e-01	7.063423e-01	4.868797e-02
6.109570e-01	7.016987e-01	-1.454885e-01
5.234243e-01	7.094211e-01	-4.109346e-02
6.056613e-01	7.180393e-01	-3.801900e-01
4.921151e-01	7.510902e-01	-2.017653e-01
5.744919e-01	7.421499e-01	-5.432112e-01
4.780012e-01	7.646123e-01	-2.300593e-01
5.653209e-01	7.561666e-01	-5.907415e-01
4.770657e-01	7.669827e-01	-2.383677e-01
5.643152e-01	7.610469e-01	-5.781096e-01
4.836163e-01	7.601976e-01	-2.117550e-01
5.671660e-01	7.545630e-01	-5.433307e-01
5.421555e-01	4.833199e-01	5.735741e-02
5.871176e-01	4.768775e-01	-5.730952e-02
5.139571e-01	3.432797e-01	1.264419e-02
5.808682e-01	3.216335e-01	-5.128872e-02
5.308251e-01	2.120539e-01	1.672876e-01
5.922913e-01	1.946953e-01	9.497439e-02
5.399643e-01	1.928243e-01	1.781083e-01
5.958270e-01	1.802833e-01	1.050915e-01
5.061330e-01	1.849637e-01	9.981208e-02
5.894443e-01	1.565206e-01	5.238063e-03
5.682432e-01	7.760146e-01	-1.418001e-01
5.676201e-01	7.862762e-01	-1.225813e-01
5.655736e-01	7.863938e-01	-1.225981e-01
5.636294e-01	7.864147e-01	-1.224788e-01
5.752941e-01	7.840738e-01	-1.398604e-01
5.790573e-01	7.827060e-01	-1.398796e-01
5.827622e-01	7.813375e-01	-1.398018e-01
5.650745e-01	7.765276e-01	-1.815953e-02
5.912424e-01	7.712828e-01	-1.019445e-01
5.638845e-01	7.594233e-01	-1.014929e-01
5.737434e-01	7.562901e-01	-1.236403e-01
5.450538e-01	6.953008e-01	5.194958e-02
6.105300e-01	6.908354e-01	-1.562870e-01
5.230743e-01	7.002827e-01	-1.012287e-02
6.042163e-01	7.025863e-01	-3.933780e-01
4.936961e-01	7.463626e-01	-1.476373e-01
5.694832e-01	7.370927e-01	-5.510772e-01
4.794696e-01	7.580438e-01	-1.709231e-01
5.608781e-01	7.515321e-01	-6.015855e-01
4.789547e-01	7.599477e-01	-1.801887e-01
5.604216e-01	7.560704e-01	-5.887845e-01
4.857329e-01	7.532857e-01	-1.572384e-01
5.627222e-01	7.493302e-01	-5.526384e-01
5.407556e-01	4.737255e-01	5.808748e-02
5.857757e-01	4.674861e-01	-5.801050e-02
5.099844e-01	3.367236e-01	-2.542172e-02
5.776365e-01	3.123678e-01	-5.397069e-02
5.296941e-01	2.116418e-01	1.436177e-01
5.923105e-01	1.923000e-01	1.185086e-01
5.390369e-01	1.936032e-01	1.571322e-01
5.963792e-01	1.790548e-01	1.317482e-01
5.071076e-01	1.789986e-01	7.750832e-02
5.882241e-01	1.537666e-01	3.308798e-02
5.694317e-01	7.644947e-01	-1.523485e-01
5.679714e-01	7.755882e-01	-1.343715e-01
5.658705e-01	7.758375e-01	-1.343609e-01
5.639529e-01	7.759462e-01	-1.342333e-01
5.757712e-01	7.723041e-01	-1.522940e-01
5.793649e-01	7.703511e-01	-1.523157e-01
5.829095e-01	7.684112e-01	-1.522840e-01
5.651323e-01	7.660243e-01	-3.426760e-02
5.910450e-01	7.580167e-01	-1.120004e-01
5.642233e-01	7.475428e-01	-1.138420e-01
5.743095e-01	7.437118e-01	-1.365670e-01
5.449967e-01	6.864525e-01	2.695395e-02
6.101218e-01	6.819461e-01	-1.638057e-01
5.226616e-01	6.905603e-01	-1.140201e-01
6.047891e-01	6.884948e-01	-4.015138e-01
4.950242e-01	7.351695e-01	-3.342017e-01
5.669106e-01	7.326360e-01	-5.538603e-01
4.799930e-01	7.511082e-01	-3.745782e-01
5.583145e-01	7.458175e-01	-6.045510e-01
4.798590e-01	7.550280e-01	-3.778716e-01
5.575770e-01	7.500641e-01	-5.885414e-01
4.870682e-01	7.469956e-01	-3.440888e-01
5.600325e-01	7.442023e-01	-5.539523e-01
5.396558e-01	4.662762e-01	5.591133e-02
5.847532e-01	4.598628e-01	-5.585390e-02
5.070277e-01	3.309270e-01	-3.059035e-02
5.755087e-01	3.070339e-01	-5.027195e-02
5.293351e-01	2.124394e-01	1.490068e-01
5.922459e-01	1.898930e-01	1.300749e-01
5.388792e-01	1.980095e-01	1.721388e-01
5.975881e-01	1.771669e-01	1.434823e-01
5.076313e-01	1.795328e-01	9.666659e-02
5.873634e-01	1.487571e-01	4.181447e-02
5.705410e-01	7.544614e-01	-1.701697e-01
5.687805e-01	7.666256e-01	-1.503373e-01
5.665538e-01	7.672850e-01	-1.503344e-01
5.645119e-01	7.677374e-01	-1.502134e-01
5.768284e-01	7.618371e-01	-1.667669e-01
5.802691e-01	7.592936e-01	-1.667815e-01
5.836587e-01	7.567470e-01	-1.667302e-01
5.651330e-01	7.576264e-01	-4.323551e-02
5.911058e-01	7.457132e-01	-1.157022e-01
5.642769e-01	7.381464e-01	-1.292466e-01
5.747805e-01	7.327091e-01	-1.503365e-01
5.449368e-01	6.753870e-01	2.298543e-02
6.095668e-01	6.703683e-01	-1.670482e-01
5.224470e-01	6.791666e-01	-1.055066e-01
6.052303e-01	6.783102e-01	-4.139857e-01
4.952560e-01	7.218881e-01	-3.089713e-01
5.672484e-01	7.234110e-01	-5.831125e-01
4.800583e-01	7.375250e-01	-3.456869e-01
5.585717e-01	7.404201e-01	-6.354141e-01
4.803994e-01	7.404655e-01	-3.502672e-01
5.572678e-01	7.409538e-01	-6.137396e-01
4.877805e-01	7.322572e-01	-3.186638e-01
5.597354e-01	7.327495e-01	-5.803894e-01
5.392574e-01	4.575987e-01	5.480598e-02
5.841286e-01	4.503533e-01	-5.473195e-02
5.038368e-01	3.257526e-01	-6.880026e-02
5.728676e-01	2.996988e-01	-5.010672e-02
5.295832e-01	2.125262e-01	1.320870e-01
5.920302e-01	1.902911e-01	1.711341e-01
5.401790e-01	1.994019e-01	1.508736e-01
5.981239e-01	1.787071e-01	1.896770e-01
5.088009e-01	1.789443e-01	7.503571e-02
5.860454e-01	1.492097e-01	9.922919e-02
5.707821e-01	7.447512e-01	-1.706934e-01
5.688275e-01	7.568496e-01	-1.509805e-01
5.665639e-01	7.570893e-01	-1.509823e-01
5.645151e-01	7.571208e-01	-1.508576e-01
5.769826e-01	7.533069e-01	-1.666560e-01
5.804299e-01	7.512413e-01	-1.666641e-01
5.838392e-01	7.491664e-01	-1.666096e-01
5.650711e-01	7.464140e-01	-4.450505e-02
5.911449e-01	7.381228e-01	-1.138010e-01
5.643557e-01	7.276457e-01	-1.300159e-01
5.749294e-01	7.235562e-01	-1.501292e-01
5.448983e-01	6.661660e-01	2.146164e-02
6.091747e-01	6.615340e-01	-1.632649e-01
5.227769e-01	6.647556e-01	-9.590758e-02
6.049398e-01	6.713251e-01	-4.088872e-01
4.941798e-01	7.082119e-01	-2.896019e-01
5.662022e-01	7.102328e-01	-5.862025e-01
4.789486e-01	7.180253e-01	-3.245255e-01
5.564390e-01	7.239292e-01	-6.389757e-01
4.792226e-01	7.206640e-01	-3.317000e-01
5.546960e-01	7.256719e-01	-6.188997e-01
4.863689e-01	7.154483e-01	-2.999537e-01
5.572111e-01	7.181635e-01	-5.840930e-01
5.389153e-01	4.493703e-01	5.189963e-02
5.833548e-01	4.423814e-01	-5.178141e-02
5.000578e-01	3.193206e-01	-9.697729e-02
5.725917e-01	2.925380e-01	-3.841075e-02
5.315131e-01	2.125985e-01	1.115699e-01
5.919148e-01	1.902166e-01	2.215528e-01
5.433930e-01	2.014544e-01	1.300639e-01
5.983742e-01	1.796782e-01	2.440179e-01
5.159839e-01	1.704536e-01	4.885716e-02
5.863810e-01	1.488304e-01	1.586343e-01
5.710522e-01	7.406725e-01	-1.582391e-01
5.692874e-01	7.519313e-01	-1.364811e-01
5.669690e-01	7.522796e-01	-1.364775e-01
5.647288e-01	7.524601e-01	-1.363377e-01
5.774112e-01	7.484729e-01	-1.512056e-01
5.807911e-01	7.464982e-01	-1.512088e-01
5.841509e-01	7.445777e-01	-1.511463e-01
5.649846e-01	7.412803e-01	-2.840796e-02
5.913239e-01	7.327561e-01	-9.311498e-02
5.644022e-01	7.241169e-01	-1.178389e-01
5.750735e-01	7.206634e-01	-1.367460e-01
5.444778e-01	6.589239e-01	4.225030e-02
6.086401e-01	6.543080e-01	-1.540758e-01
5.224568e-01	6.581440e-01	-2.625406e-02
6.044346e-01	6.642190e-01	-4.014517e-01
4.934214e-01	6.995279e-01	-1.683983e-01
5.646328e-01	6.977833e-01	-5.817337e-01
4.765758e-01	7.069718e-01	-1.921530e-01
5.543730e-01	7.083545e-01	-6.358508e-01
4.772550e-01	7.087496e-01	-2.019607e-01
5.527426e-01	7.120633e-01	-6.101297e-01
4.835151e-01	7.042865e-01	-1.777482e-01
5.553778e-01	7.055929e-01	-5.796697e-01
5.378972e-01	4.397073e-01	5.079043e-02
5.821701e-01	4.323568e-01	-5.062961e-02
4.963757e-01	3.118644e-01	-1.361854e-01
5.723003e-01	2.815526e-01	-4.747643e-02
5.316592e-01	2.127342e-01	9.207406e-02
5.919245e-01	1.902262e-01	2.370229e-01
5.440426e-01	2.037078e-01	1.132174e-01
5.993450e-01	1.806351e-01	2.638817e-01
5.195738e-01	1.674354e-01	3.704597e-02
5.865575e-01	1.483430e-01	1.888776e-01
5.715833e-01	7.327788e-01	-1.563975e-01
5.697774e-01	7.438567e-01	-1.347638e-01
5.674481e-01	7.440211e-01	-1.347526e-01
5.651211e-01	7.439948e-01	-1.346033e-01
5.778943e-01	7.411428e-01	-1.488231e-01
5.812380e-01	7.394729e-01	-1.488473e-01
5.845767e-01	7.377946e-01	-1.487856e-01
5.649720e-01	7.334208e-01	-2.712702e-02
5.915291e-01	7.268115e-01	-8.970165e-02
5.649171e-01	7.162170e-01	-1.159928e-01
5.755020e-01	7.135291e-01	-1.342811e-01
5.444353e-01	6.549822e-01	5.968348e-02
6.083273e-01	6.496148e-01	-1.432651e-01
5.220366e-01	6.494167e-01	1.000002e-01
6.037703e-01	6.578784e-01	-3.695779e-01
4.906354e-01	6.929922e-01	8.048675e-02
5.633941e-01	6.888575e-01	-5.580736e-01
4.737729e-01	6.996230e-01	7.980423e-02
5.526537e-01	6.965572e-01	-6.073676e-01
4.736709e-01	7.014898e-01	6.301115e-02
5.510121e-01	7.006974e-01	-5.851157e-01
4.801913e-01	6.969926e-01	7.245545e-02
5.537876e-01	6.960431e-01	-5.543981e-01
5.375955e-01	4.365558e-01	5.067047e-02
5.813349e-01	4.272010e-01	-5.048969e-02
4.945310e-01	3.097337e-01	-1.030206e-01
5.717880e-01	2.753288e-01	-4.313256e-02
5.302488e-01	2.123296e-01	1.149421e-01
5.917771e-01	1.903661e-01	2.462922e-01
5.438021e-01	2.036225e-01	1.332875e-01
5.995660e-01	1.821354e-01	2.728809e-01
5.188891e-01	1.634417e-01	4.370768e-02
5.875136e-01	1.486049e-01	2.020706e-01
5.722577e-01	7.259166e-01	-1.525559e-01
5.700130e-01	7.364188e-01	-1.316359e-01
5.676494e-01	7.362859e-01	-1.316193e-01
5.652521e-01	7.360493e-01	-1.314709e-01
5.782496e-01	7.348490e-01	-1.452984e-01
5.815771e-01	7.336468e-01	-1.453295e-01
5.848805e-01	7.323754e-01	-1.452591e-01
5.649554e-01	7.266415e-01	-2.609287e-02
5.915927e-01	7.221654e-01	-8.773933e-02
5.658640e-01	7.097063e-01	-1.127798e-01
5.765368e-01	7.077555e-01	-1.307032e-01
5.444392e-01	6.517066e-01	6.274667e-02
6.081947e-01	6.457047e-01	-1.375090e-01
5.202937e-01	6.472265e-01	1.057611e-01
6.030980e-01	6.546214e-01	-3.566925e-01
4.874926e-01	6.878610e-01	8.842529e-02
5.618154e-01	6.822937e-01	-5.427692e-01
4.707635e-01	6.945655e-01	8.829541e-02
5.510527e-01	6.887887e-01	-5.910999e-01
4.710265e-01	6.952992e-01	7.049418e-02
5.489648e-01	6.924523e-01	-5.701329e-01
4.773951e-01	6.903586e-01	7.994466e-02
5.519471e-01	6.883765e-01	-5.392288e-01
5.374893e-01	4.331392e-01	5.034110e-02
5.811869e-01	4.233701e-01	-5.015289e-02
4.937698e-01	3.060721e-01	-8.501726e-02
5.711787e-01	2.710376e-01	-3.944797e-02
5.293724e-01	2.117655e-01	1.397904e-01
5.913333e-01	1.908975e-01	2.506723e-01
5.436382e-01	2.041141e-01	1.626938e-01
5.989712e-01	1.855906e-01	2.775483e-01
5.181488e-01	1.608343e-01	9.530249e-02
5.877910e-01	1.487970e-01	2.097678e-01
5.721861e-01	7.225968e-01	-1.433287e-01
5.699567e-01	7.330656e-01	-1.230715e-01
5.675232e-01	7.330382e-01	-1.230519e-01
5.649940e-01	7.329016e-01	-1.229059e-01
5.782307e-01	7.314187e-01	-1.359255e-01
5.815824e-01	7.302117e-01	-1.359487e-01
5.849056e-01	7.288188e-01	-1.358623e-01
5.642988e-01	7.235539e-01	-1.944629e-02
5.916422e-01	7.179186e-01	-7.755543e-02
5.658520e-01	7.063774e-01	-1.041522e-01
5.766152e-01	7.041165e-01	-1.211096e-01
5.444163e-01	6.501677e-01	6.553569e-02
6.081341e-01	6.433496e-01	-1.249729e-01
5.194055e-01	6.438963e-01	8.274858e-02
6.034831e-01	6.526688e-01	-3.404882e-01
4.864729e-01	6.843393e-01	3.653292e-02
5.625416e-01	6.755269e-01	-5.193475e-01
4.699332e-01	6.921968e-01	3.137172e-02
5.511445e-01	6.807699e-01	-5.656478e-01
4.698155e-01	6.926651e-01	1.545156e-02
5.488917e-01	6.858375e-01	-5.450792e-01
4.761906e-01	6.870471e-01	2.791643e-02
5.518819e-01	6.823970e-01	-5.156127e-01
5.372398e-01	4.316541e-01	5.012918e-02
5.808851e-01	4.213122e-01	-4.993791e-02
4.930115e-01	3.051426e-01	-8.986524e-02
5.692005e-01	2.713072e-01	-3.713132e-02
5.291175e-01	2.096354e-01	1.208674e-01
5.909601e-01	1.910754e-01	2.392617e-01
5.433842e-01	2.030430e-01	1.408887e-01
5.989537e-01	1.864344e-01	2.646952e-01
5.178879e-01	1.575089e-01	7.332360e-02
5.867644e-01	1.482600e-01	1.958333e-01
5.721428e-01	7.214862e-01	-1.425488e-01
5.698505e-01	7.318350e-01	-1.229442e-01
5.673099e-01	7.320079e-01	-1.229252e-01
5.646359e-01	7.320719e-01	-1.227838e-01
5.781341e-01	7.297510e-01	-1.357540e-01
5.814911e-01	7.284799e-01	-1.357650e-01
5.848601e-01	7.270551e-01	-1.356844e-01
5.635015e-01	7.221856e-01	-2.043716e-02
5.916218e-01	7.164252e-01	-7.821348e-02
5.658323e-01	7.047997e-01	-1.039237e-01
5.766482e-01	7.029316e-01	-1.206124e-01
5.442203e-01	6.483628e-01	6.169298e-02
6.077870e-01	6.431236e-01	-1.268304e-01
5.182723e-01	6.421662e-01	-1.966562e-02
6.037542e-01	6.511306e-01	-3.522460e-01
4.861448e-01	6.813115e-01	-1.709789e-01
5.628565e-01	6.729818e-01	-5.319340e-01
4.693371e-01	6.902427e-01	-1.964267e-01
5.514416e-01	6.789144e-01	-5.806758e-01
4.691648e-01	6.905797e-01	-2.067120e-01
5.491005e-01	6.829864e-01	-5.604168e-01
4.757630e-01	6.844944e-01	-1.809063e-01
5.519868e-01	6.791886e-01	-5.288586e-01
5.368690e-01	4.305857e-01	4.753163e-02
5.805591e-01	4.213220e-01	-4.735802e-02
4.919508e-01	3.039918e-01	-1.153859e-01
5.691990e-01	2.734810e-01	-3.847415e-02
5.288311e-01	2.096225e-01	1.102864e-01
5.906681e-01	1.913621e-01	2.325330e-01
5.429870e-01	2.033302e-01	1.312052e-01
5.985311e-01	1.869497e-01	2.574121e-01
5.177557e-01	1.573947e-01	6.075763e-02
5.870360e-01	1.482392e-01	1.832221e-01
5.717043e-01	7.226450e-01	-1.404385e-01
5.694234e-01	7.328056e-01	-1.213590e-01
5.667104e-01	7.330800e-01	-1.213371e-01
5.639267e-01	7.332750e-01	-1.211957e-01
5.776113e-01	7.303029e-01	-1.336630e-01
5.809403e-01	7.288981e-01	-1.336709e-01
5.844266e-01	7.273736e-01	-1.335889e-01
5.625894e-01	7.222294e-01	-2.068197e-02
5.914302e-01	7.163887e-01	-7.617427e-02
5.653356e-01	7.053217e-01	-1.025992e-01
5.761710e-01	7.036519e-01	-1.185924e-01
5.434060e-01	6.484966e-01	5.694149e-02
6.076184e-01	6.435441e-01	-1.262503e-01
5.174476e-01	6.423040e-01	-2.998298e-02
6.040422e-01	6.492944e-01	-3.558377e-01
4.854223e-01	6.811802e-01	-1.771808e-01
5.638109e-01	6.722202e-01	-5.355394e-01
4.682102e-01	6.902980e-01	-2.019166e-01
5.522309e-01	6.795709e-01	-5.843174e-01
4.677917e-01	6.901225e-01	-2.125518e-01
5.497522e-01	6.828779e-01	-5.634641e-01
4.745422e-01	6.837210e-01	-1.871264e-01
5.528004e-01	6.782861e-01	-5.322908e-01
5.366362e-01	4.294020e-01	4.691891e-02
5.802900e-01	4.199432e-01	-4.675490e-02
4.921117e-01	3.023107e-01	-1.107415e-01
5.684164e-01	2.729512e-01	-3.725818e-02
5.289176e-01	2.097752e-01	1.173951e-01
5.905440e-01	1.926159e-01	2.380250e-01
5.429990e-01	2.047515e-01	1.368604e-01
5.983669e-01	1.880702e-01	2.634139e-01
5.180305e-01	1.586846e-01	6.505713e-02
5.868999e-01	1.478971e-01	1.901522e-01
5.703866e-01	7.233928e-01	-1.361579e-01
5.681531e-01	7.335354e-01	-1.163973e-01
5.653281e-01	7.337118e-01	-1.163688e-01
5.625321e-01	7.338625e-01	-1.162191e-01
5.761608e-01	7.313509e-01	-1.303467e-01
5.794874e-01	7.300328e-01	-1.303756e-01
5.830412e-01	7.285410e-01	-1.303131e-01
5.619369e-01	7.231238e-01	-1.422737e-02
5.907328e-01	7.179985e-01	-7.661796e-02
5.643199e-01	7.056609e-01	-9.751619e-02
5.749781e-01	7.044870e-01	-1.157693e-01
5.434283e-01	6.493753e-01	6.300099e-02
6.074750e-01	6.453939e-01	-1.278129e-01
5.174171e-01	6.424256e-01	4.887782e-02
6.040636e-01	6.505494e-01	-3.578121e-01
4.854521e-01	6.800203e-01	-2.543838e-02
5.640873e-01	6.730537e-01	-5.385526e-01
4.683558e-01	6.897570e-01	-3.553784e-02
5.523635e-01	6.802703e-01	-5.889488e-01
4.679255e-01	6.890563e-01	-4.829106e-02
5.496384e-01	6.835752e-01	-5.694525e-01
4.747712e-01	6.821607e-01	-3.370984e-02
5.527009e-01	6.790207e-01	-5.369060e-01
5.365939e-01	4.311692e-01	4.770568e-02
5.802284e-01	4.218778e-01	-4.754832e-02
4.921594e-01	3.034195e-01	-1.045852e-01
5.689750e-01	2.748457e-01	-3.730010e-02
5.296520e-01	2.098578e-01	1.155471e-01
5.907360e-01	1.925065e-01	2.226697e-01
5.439622e-01	2.049007e-01	1.355717e-01
5.983909e-01	1.878579e-01	2.459300e-01
5.231977e-01	1.587444e-01	6.514388e-02
5.870212e-01	1.463761e-01	1.687041e-01
5.704547e-01	7.259825e-01	-1.376553e-01
5.681817e-01	7.360639e-01	-1.173067e-01
5.653344e-01	7.358961e-01	-1.172811e-01
5.625002e-01	7.356567e-01	-1.171309e-01
5.762396e-01	7.344651e-01	-1.314093e-01
5.795713e-01	7.332575e-01	-1.314491e-01
5.831097e-01	7.318677e-01	-1.313898e-01
5.619270e-01	7.250606e-01	-1.249922e-02
5.907372e-01	7.213719e-01	-7.607707e-02
5.645741e-01	7.081948e-01	-9.803843e-02
5.753130e-01	7.077909e-01	-1.166268e-01
5.434566e-01	6.524125e-01	7.292682e-02
6.076264e-01	6.483029e-01	-1.276107e-01
5.173064e-01	6.452833e-01	1.161430e-01
6.038616e-01	6.520752e-01	-3.571713e-01
4.853972e-01	6.803622e-01	1.058694e-01
5.629288e-01	6.764238e-01	-5.386389e-01
4.685245e-01	6.900915e-01	1.075336e-01
5.512576e-01	6.839297e-01	-5.862928e-01
4.680683e-01	6.893765e-01	9.219715e-02
5.488141e-01	6.869400e-01	-5.649419e-01
4.749423e-01	6.825307e-01	9.886289e-02
5.519528e-01	6.818250e-01	-5.353152e-01
5.365330e-01	4.335990e-01	4.987874e-02
5.803524e-01	4.242344e-01	-4.973055e-02
4.927853e-01	3.050942e-01	-1.077866e-01
5.692118e-01	2.765969e-01	-3.549110e-02
5.304226e-01	2.099081e-01	1.036805e-01
5.907894e-01	1.923399e-01	2.217691e-01
5.446874e-01	2.054309e-01	1.233293e-01
5.983899e-01	1.876398e-01	2.449908e-01
5.224705e-01	1.546286e-01	5.207957e-02
5.870941e-01	1.445598e-01	1.677473e-01
5.704222e-01	7.275566e-01	-1.394947e-01
5.679597e-01	7.362608e-01	-1.191726e-01
5.650884e-01	7.369391e-01	-1.191522e-01
5.622767e-01	7.374339e-01	-1.190067e-01
5.760044e-01	7.362860e-01	-1.332614e-01
5.793443e-01	7.352957e-01	-1.332964e-01
5.828763e-01	7.340143e-01	-1.332321e-01
5.619250e-01	7.269586e-01	-1.387376e-02
5.906673e-01	7.233648e-01	-7.760214e-02
5.646011e-01	7.101560e-01	-9.974844e-02
5.753828e-01	7.115152e-01	-1.182998e-01
5.433918e-01	6.540459e-01	6.814702e-02
6.076391e-01	6.498374e-01	-1.271724e-01
5.172802e-01	6.473117e-01	7.803161e-02
6.025717e-01	6.533572e-01	-3.534428e-01
4.852691e-01	6.827710e-01	2.020177e-02
5.634193e-01	6.783509e-01	-5.351768e-01
4.685692e-01	6.921361e-01	1.285733e-02
5.520633e-01	6.862198e-01	-5.828039e-01
4.677729e-01	6.915705e-01	-2.126356e-03
5.496317e-01	6.888349e-01	-5.626706e-01
4.746018e-01	6.850510e-01	1.172970e-02
5.526984e-01	6.830400e-01	-5.319620e-01
5.365596e-01	4.350350e-01	5.050027e-02
5.804062e-01	4.252425e-01	-5.035358e-02
4.932364e-01	3.063779e-01	-8.318032e-02
5.693291e-01	2.772098e-01	-2.762885e-02
5.304275e-01	2.102416e-01	1.119641e-01
5.908759e-01	1.923159e-01	2.211059e-01
5.446153e-01	2.054042e-01	1.294999e-01
5.983918e-01	1.872327e-01	2.409482e-01
5.223060e-01	1.557062e-01	6.138507e-02
5.870872e-01	1.440839e-01	1.627613e-01
5.698861e-01	7.309505e-01	-1.396293e-01
5.673283e-01	7.416661e-01	-1.184640e-01
5.645534e-01	7.419581e-01	-1.184512e-01
5.618527e-01	7.420247e-01	-1.183042e-01
5.755762e-01	7.419009e-01	-1.322568e-01
5.790290e-01	7.412995e-01	-1.322934e-01
5.826281e-01	7.404486e-01	-1.322141e-01
5.618230e-01	7.330815e-01	-8.946666e-03
5.904735e-01	7.320548e-01	-7.108316e-02
5.645381e-01	7.148182e-01	-9.863725e-02
5.753377e-01	7.162127e-01	-1.168532e-01
5.437824e-01	6.664717e-01	7.785428e-02
6.067793e-01	6.604816e-01	-1.147666e-01
5.172945e-01	6.478436e-01	1.090995e-01
6.026207e-01	6.551541e-01	-3.336264e-01
4.851196e-01	6.837271e-01	8.157983e-02
5.637587e-01	6.850885e-01	-5.135784e-01
4.684362e-01	6.931869e-01	8.041282e-02
5.522457e-01	6.912943e-01	-5.590063e-01
4.673616e-01	6.928722e-01	6.366687e-02
5.500332e-01	6.986656e-01	-5.391052e-01
4.740632e-01	6.860778e-01	7.340018e-02
5.531362e-01	6.930953e-01	-5.103481e-01
5.366416e-01	4.437745e-01	5.231843e-02
5.804731e-01	4.337685e-01	-5.220559e-02
4.937032e-01	3.100444e-01	-3.616363e-02
5.698647e-01	2.845079e-01	-2.983552e-02
5.306302e-01	2.106121e-01	1.446792e-01
5.911291e-01	1.923703e-01	1.807472e-01
5.446975e-01	2.052899e-01	1.603296e-01
5.991391e-01	1.856164e-01	1.986057e-01
5.204369e-01	1.571129e-01	9.591947e-02
5.869279e-01	1.442204e-01	1.218249e-01
5.685853e-01	7.456692e-01	-1.295144e-01
5.667011e-01	7.563177e-01	-1.088095e-01
5.641146e-01	7.564882e-01	-1.088020e-01
5.616059e-01	7.565056e-01	-1.086670e-01
5.749895e-01	7.550912e-01	-1.229387e-01
5.785215e-01	7.539858e-01	-1.229697e-01
5.822492e-01	7.527540e-01	-1.228730e-01
5.620258e-01	7.478299e-01	-3.446413e-03
5.902719e-01	7.452577e-01	-6.767339e-02
5.639102e-01	7.301967e-01	-8.975466e-02
5.745664e-01	7.291856e-01	-1.085286e-01
5.442426e-01	6.768929e-01	7.776231e-02
6.059999e-01	6.709794e-01	-1.083263e-01
5.162562e-01	6.577962e-01	1.000564e-01
6.033977e-01	6.630903e-01	-3.145857e-01
4.826668e-01	6.924565e-01	6.036862e-02
5.640216e-01	6.949980e-01	-4.831115e-01
4.668928e-01	6.988146e-01	5.676895e-02
5.524678e-01	7.024707e-01	-5.268868e-01
4.648905e-01	7.004392e-01	3.902103e-02
5.503591e-01	7.113264e-01	-5.073499e-01
4.711179e-01	6.957582e-01	5.136027e-02
5.534642e-01	7.061887e-01	-4.797162e-01
5.369337e-01	4.556299e-01	5.215223e-02
5.804991e-01	4.459537e-01	-5.204179e-02
4.944148e-01	3.195036e-01	-2.366320e-02
5.705815e-01	2.951970e-01	-2.998390e-02
5.305645e-01	2.121863e-01	1.596604e-01
5.911605e-01	1.936005e-01	1.710342e-01
5.446538e-01	2.055398e-01	1.754845e-01
5.988379e-01	1.856774e-01	1.882837e-01
5.193053e-01	1.636352e-01	1.116605e-01
5.872012e-01	1.483503e-01	1.098457e-01
5.672017e-01	7.545480e-01	-1.272328e-01
5.657498e-01	7.655110e-01	-1.069602e-01
5.632514e-01	7.657046e-01	-1.069496e-01
5.608653e-01	7.657773e-01	-1.068143e-01
5.739709e-01	7.637349e-01	-1.220238e-01
5.773493e-01	7.625897e-01	-1.220475e-01
5.810833e-01	7.613616e-01	-1.219497e-01
5.620230e-01	7.572708e-01	-2.248787e-03
5.896841e-01	7.542738e-01	-6.992100e-02
5.625316e-01	7.394096e-01	-8.741743e-02
5.729592e-01	7.379020e-01	-1.073768e-01
5.445892e-01	6.837590e-01	7.875183e-02
6.048151e-01	6.787382e-01	-1.124433e-01
5.155207e-01	6.678764e-01	8.342122e-02
6.036679e-01	6.751855e-01	-3.212096e-01
4.822589e-01	7.017312e-01	2.000320e-02
5.641725e-01	7.066612e-01	-4.864168e-01
4.662359e-01	7.067308e-01	1.246666e-02
5.526970e-01	7.134596e-01	-5.306755e-01
4.644327e-01	7.093852e-01	-3.612767e-03
5.504030e-01	7.238912e-01	-5.117619e-01
4.707982e-01	7.054558e-01	1.092496e-02
5.536553e-01	7.195730e-01	-4.831407e-01
5.373291e-01	4.637942e-01	5.330818e-02
5.808542e-01	4.549195e-01	-5.321226e-02
4.968370e-01	3.273552e-01	-1.454420e-02
5.719207e-01	3.055691e-01	-2.921870e-02
5.303149e-01	2.146180e-01	1.590824e-01
5.912048e-01	1.967426e-01	1.680970e-01
5.435029e-01	2.054911e-01	1.739527e-01
5.985845e-01	1.861683e-01	1.849300e-01
5.155336e-01	1.732819e-01	1.061315e-01
5.872226e-01	1.537149e-01	1.030923e-01
5.671992e-01	7.673954e-01	-1.296423e-01
5.655671e-01	7.784563e-01	-1.089158e-01
5.629719e-01	7.786152e-01	-1.089127e-01
5.605053e-01	7.787416e-01	-1.087738e-01
5.739039e-01	7.767245e-01	-1.241709e-01
5.772309e-01	7.755231e-01	-1.241960e-01
5.809020e-01	7.742325e-01	-1.241004e-01
5.617965e-01	7.695518e-01	-2.999871e-03
5.891343e-01	7.653151e-01	-7.138933e-02
5.622717e-01	7.521186e-01	-8.961131e-02
5.727690e-01	7.509475e-01	-1.097360e-01
5.445843e-01	6.899959e-01	8.197179e-02
6.045182e-01	6.865637e-01	-1.151622e-01
5.140827e-01	6.769001e-01	1.126315e-01
6.038986e-01	6.852309e-01	-3.299778e-01
4.815251e-01	7.076598e-01	8.163777e-02
5.662156e-01	7.164030e-01	-5.031357e-01
4.656700e-01	7.127953e-01	8.056800e-02
5.546284e-01	7.253980e-01	-5.491152e-01
4.639848e-01	7.162988e-01	6.253216e-02
5.532193e-01	7.356052e-01	-5.300560e-01
4.704196e-01	7.123739e-01	7.286281e-02
5.567092e-01	7.312149e-01	-5.001651e-01
5.382167e-01	4.709169e-01	5.643561e-02
5.820689e-01	4.627533e-01	-5.635647e-02
4.999220e-01	3.350396e-01	-1.337752e-02
5.727654e-01	3.099443e-01	-3.503931e-02
5.302835e-01	2.161601e-01	1.543513e-01
5.912138e-01	1.987607e-01	1.558724e-01
5.430962e-01	2.054637e-01	1.687390e-01
5.986215e-01	1.870978e-01	1.724211e-01
5.119477e-01	1.746047e-01	1.004056e-01
5.872070e-01	1.565878e-01	9.104250e-02
5.672956e-01	7.803234e-01	-1.547842e-01
5.654327e-01	7.913804e-01	-1.320628e-01
5.627562e-01	7.914965e-01	-1.320731e-01
5.601639e-01	7.915673e-01	-1.319183e-01
5.738152e-01	7.899557e-01	-1.473503e-01
5.770682e-01	7.889068e-01	-1.473945e-01
5.807161e-01	7.877778e-01	-1.473184e-01
5.609971e-01	7.818944e-01	-1.642534e-02
5.888857e-01	7.772002e-01	-8.639553e-02
5.620078e-01	7.641394e-01	-1.114637e-01
5.727453e-01	7.637514e-01	-1.319378e-01
5.439023e-01	6.977104e-01	8.176298e-02
6.045409e-01	6.960868e-01	-1.269779e-01
5.122759e-01	6.867464e-01	1.151534e-01
6.039609e-01	6.937314e-01	-3.613047e-01
4.791237e-01	7.137361e-01	9.646420e-02
5.699865e-01	7.226235e-01	-5.675700e-01
4.635263e-01	7.180885e-01	9.618256e-02
5.590300e-01	7.332518e-01	-6.191176e-01
4.621201e-01	7.195679e-01	7.685035e-02
5.575434e-01	7.423013e-01	-6.013759e-01
4.685927e-01	7.147017e-01	8.760289e-02
5.607386e-01	7.365185e-01	-5.662841e-01
5.384235e-01	4.772578e-01	5.645423e-02
5.828196e-01	4.696895e-01	-5.638086e-02
5.029852e-01	3.410757e-01	-1.823033e-02
5.735089e-01	3.175145e-01	-3.444179e-02
5.301419e-01	2.212341e-01	1.665591e-01
5.913009e-01	2.010396e-01	1.607196e-01
5.423101e-01	2.078365e-01	1.821418e-01
5.988228e-01	1.880354e-01	1.772191e-01
5.123631e-01	1.781466e-01	1.102314e-01
5.868598e-01	1.588580e-01	8.865065e-02
5.656002e-01	7.782423e-01	-1.762823e-01
5.637586e-01	7.905359e-01	-1.556320e-01
5.611588e-01	7.905111e-01	-1.556363e-01
5.586913e-01	7.904543e-01	-1.554908e-01
5.720730e-01	7.899599e-01	-1.712133e-01
5.751960e-01	7.894716e-01	-1.712418e-01
5.788594e-01	7.889532e-01	-1.711493e-01
5.600885e-01	7.825453e-01	-4.180188e-02
5.877475e-01	7.801526e-01	-1.131878e-01
5.611006e-01	7.612756e-01	-1.328745e-01
5.713050e-01	7.614847e-01	-1.536006e-01
5.426103e-01	7.032419e-01	3.587516e-02
6.046215e-01	7.022208e-01	-1.565079e-01
5.102865e-01	6.943445e-01	-2.170535e-02
6.030340e-01	7.022371e-01	-4.145969e-01
4.760692e-01	7.144068e-01	-1.647974e-01
5.755993e-01	7.274367e-01	-6.278657e-01
4.595942e-01	7.185314e-01	-1.892570e-01
5.658842e-01	7.392022e-01	-6.844626e-01
4.593507e-01	7.187324e-01	-2.042591e-01
5.637277e-01	7.480329e-01	-6.703578e-01
4.664653e-01	7.134222e-01	-1.762232e-01
5.664464e-01	7.409636e-01	-6.289545e-01
5.389022e-01	4.805540e-01	5.627479e-02
5.834871e-01	4.741914e-01	-5.617864e-02
5.076488e-01	3.501878e-01	-1.325315e-02
5.746358e-01	3.255081e-01	-2.822505e-02
5.290136e-01	2.315415e-01	1.741114e-01
5.913285e-01	2.037867e-01	1.496807e-01
5.389050e-01	2.158009e-01	1.893980e-01
5.986338e-01	1.900664e-01	1.629768e-01
5.126333e-01	1.916373e-01	1.130605e-01
5.869508e-01	1.622704e-01	6.416422e-02
5.651367e-01	7.861245e-01	-1.769972e-01
5.632690e-01	7.990568e-01	-1.565966e-01
5.607670e-01	7.988363e-01	-1.566026e-01
5.583361e-01	7.985851e-01	-1.564507e-01
5.715641e-01	7.991182e-01	-1.716696e-01
5.747111e-01	7.989331e-01	-1.716907e-01
5.784395e-01	7.988113e-01	-1.715758e-01
5.599439e-01	7.913268e-01	-4.320150e-02
5.872596e-01	7.904557e-01	-1.130879e-01
5.609959e-01	7.691275e-01	-1.338750e-01
5.712156e-01	7.690414e-01	-1.540903e-01
5.419893e-01	7.112322e-01	3.027445e-02
6.047525e-01	7.109935e-01	-1.526090e-01
5.089417e-01	6.969655e-01	-4.947194e-02
6.043054e-01	7.095479e-01	-4.071477e-01
4.728009e-01	7.167459e-01	-2.162786e-01
5.844195e-01	7.280607e-01	-6.280133e-01
4.556568e-01	7.206333e-01	-2.450528e-01
5.745435e-01	7.377346e-01	-6.846296e-01
4.562358e-01	7.192895e-01	-2.609431e-01
5.707799e-01	7.454982e-01	-6.724558e-01
4.639105e-01	7.135202e-01	-2.288359e-01
5.723830e-01	7.386045e-01	-6.300570e-01
5.392410e-01	4.892546e-01	5.605078e-02
5.839792e-01	4.835205e-01	-5.598218e-02
5.121068e-01	3.594888e-01	3.578212e-02
5.763189e-01	3.350627e-01	-3.271471e-02
5.274879e-01	2.391239e-01	2.131090e-01
5.917095e-01	2.058822e-01	1.121505e-01
5.357168e-01	2.207597e-01	2.269537e-01
5.988862e-01	1.904143e-01	1.226993e-01
5.092152e-01	2.094905e-01	1.560158e-01
5.869492e-01	1.650609e-01	2.278930e-02
5.652952e-01	7.982367e-01	-1.719555e-01
5.633893e-01	8.093743e-01	-1.512183e-01
5.608252e-01	8.087730e-01	-1.512351e-01
5.582802e-01	8.081979e-01	-1.510997e-01
5.717415e-01	8.099166e-01	-1.651746e-01
5.748457e-01	8.096055e-01	-1.651982e-01
5.785301e-01	8.093605e-01	-1.650887e-01
5.595359e-01	8.000747e-01	-3.729965e-02
5.873424e-01	8.001796e-01	-1.038439e-01
5.610523e-01	7.799872e-01	-1.288306e-01
5.717756e-01	7.807012e-01	-1.476706e-01
5.412317e-01	7.181091e-01	3.172518e-02
6.051226e-01	7.227414e-01	-1.455921e-01
5.087864e-01	7.010566e-01	-6.923791e-02
6.047099e-01	7.160339e-01	-4.052071e-01
4.688388e-01	7.171739e-01	-2.557340e-01
5.904257e-01	7.253698e-01	-6.501473e-01
4.507409e-01	7.195177e-01	-2.882345e-01
5.820982e-01	7.341242e-01	-7.102236e-01
4.514570e-01	7.182057e-01	-3.075196e-01
5.775212e-01	7.425911e-01	-7.002531e-01
4.597948e-01	7.125384e-01	-2.703352e-01
5.777958e-01	7.353665e-01	-6.543026e-01
5.399538e-01	4.983704e-01	5.600769e-02
5.856249e-01	4.943278e-01	-5.596528e-02
5.156754e-01	3.644948e-01	5.066152e-02
5.795115e-01	3.445309e-01	-5.708417e-02
5.275449e-01	2.403239e-01	2.255725e-01
5.921148e-01	2.071816e-01	6.499121e-02
5.356718e-01	2.237253e-01	2.387328e-01
5.991653e-01	1.909483e-01	7.311690e-02
5.094453e-01	2.068893e-01	1.700633e-01
5.868905e-01	1.670535e-01	-3.066741e-02
5.653870e-01	8.094553e-01	-1.689574e-01
5.633873e-01	8.190738e-01	-1.465935e-01
5.607027e-01	8.179542e-01	-1.466179e-01
5.579934e-01	8.168018e-01	-1.464836e-01
5.718692e-01	8.211160e-01	-1.606702e-01
5.748980e-01	8.211579e-01	-1.607170e-01
5.785689e-01	8.211130e-01	-1.606255e-01
5.588131e-01	8.076623e-01	-3.310893e-02
5.874155e-01	8.115944e-01	-9.882830e-02
5.611207e-01	7.902611e-01	-1.248692e-01
5.726344e-01	7.930972e-01	-1.439835e-01
5.409032e-01	7.251095e-01	5.775861e-02
6.059057e-01	7.314959e-01	-1.321075e-01
5.044172e-01	7.016347e-01	1.169786e-01
6.047131e-01	7.182370e-01	-4.007037e-01
4.606114e-01	7.136347e-01	1.046265e-01
5.936922e-01	7.233879e-01	-6.383312e-01
4.430293e-01	7.073411e-01	1.052606e-01
5.872449e-01	7.315704e-01	-6.954049e-01
4.420405e-01	7.048593e-01	7.710125e-02
5.852781e-01	7.396483e-01	-6.891532e-01
4.499150e-01	7.028115e-01	9.247831e-02
5.851054e-01	7.327239e-01	-6.437472e-01
5.403686e-01	5.054127e-01	5.800443e-02
5.871188e-01	5.033447e-01	-5.802724e-02
5.202435e-01	3.667461e-01	7.435306e-02
5.820455e-01	3.551257e-01	-6.192271e-02
5.277231e-01	2.421612e-01	2.432632e-01
5.926242e-01	2.102920e-01	6.414185e-02
5.361671e-01	2.233657e-01	2.557964e-01
5.993738e-01	1.921447e-01	7.309508e-02
5.098475e-01	2.084876e-01	1.851186e-01
5.872381e-01	1.687412e-01	-2.799934e-02
5.663926e-01	8.258650e-01	-1.697348e-01
5.635372e-01	8.335179e-01	-1.465558e-01
5.607406e-01	8.319708e-01	-1.465984e-01
5.580767e-01	8.304790e-01	-1.464956e-01
5.723042e-01	8.356414e-01	-1.607628e-01
5.754861e-01	8.352739e-01	-1.608267e-01
5.790354e-01	8.347662e-01	-1.607378e-01
5.586652e-01	8.186057e-01	-3.101989e-02
5.874703e-01	8.219157e-01	-9.728666e-02
5.618460e-01	8.065168e-01	-1.258003e-01
5.741181e-01	8.085777e-01	-1.453818e-01
5.398845e-01	7.305693e-01	5.762190e-02
6.064646e-01	7.339960e-01	-1.300730e-01
5.000928e-01	7.003744e-01	9.891446e-02
6.065722e-01	7.177771e-01	-3.845251e-01
4.550787e-01	6.978426e-01	6.408457e-02
5.997216e-01	7.220923e-01	-6.340504e-01
4.389274e-01	6.913176e-01	6.082882e-02
5.989276e-01	7.226466e-01	-6.917733e-01
4.377489e-01	6.896238e-01	3.196289e-02
5.938917e-01	7.339905e-01	-6.877469e-01
4.439722e-01	6.886690e-01	5.103748e-02
5.926972e-01	7.301662e-01	-6.409720e-01
5.409297e-01	5.095952e-01	6.120285e-02
5.882548e-01	5.083326e-01	-6.123808e-02
5.253522e-01	3.681184e-01	9.907549e-02
5.836276e-01	3.608209e-01	-6.651477e-02
5.279952e-01	2.404628e-01	2.526371e-01
5.930301e-01	2.113594e-01	4.648655e-02
5.363906e-01	2.224320e-01	2.636288e-01
5.994751e-01	1.924785e-01	5.362911e-02
5.093547e-01	2.083992e-01	1.925369e-01
5.872818e-01	1.691707e-01	-5.155068e-02
5.666220e-01	8.331642e-01	-1.530744e-01
5.636574e-01	8.407059e-01	-1.295425e-01
5.607585e-01	8.393294e-01	-1.296313e-01
5.581173e-01	8.379041e-01	-1.296440e-01
5.724087e-01	8.419205e-01	-1.425689e-01
5.755938e-01	8.411747e-01	-1.426174e-01
5.790802e-01	8.402263e-01	-1.425212e-01
5.586370e-01	8.248977e-01	-1.436291e-02
5.874942e-01	8.276027e-01	-7.576302e-02
5.619158e-01	8.146153e-01	-1.109892e-01
5.742932e-01	8.156608e-01	-1.286406e-01
5.390560e-01	7.357239e-01	6.280758e-02
6.068372e-01	7.397814e-01	-8.630260e-02
4.984397e-01	6.975191e-01	7.688119e-02
6.166258e-01	6.942670e-01	-2.480843e-01
4.495423e-01	6.808143e-01	8.654751e-03
6.186486e-01	6.900192e-01	-4.698995e-01
4.331255e-01	6.708697e-01	-2.432452e-02
6.201679e-01	6.800506e-01	-5.210813e-01
4.322620e-01	6.720145e-01	-6.865042e-02
6.166564e-01	6.909797e-01	-5.291264e-01
4.383908e-01	6.732927e-01	-2.145558e-02
6.120964e-01	6.938916e-01	-4.803520e-01
5.420830e-01	5.196403e-01	6.070108e-02
5.886349e-01	5.184684e-01	-6.072311e-02
5.297939e-01	3.724026e-01	6.615487e-02
5.850426e-01	3.658487e-01	-6.644882e-02
5.296379e-01	2.396371e-01	2.075555e-01
5.930272e-01	2.128320e-01	3.628414e-02
5.365916e-01	2.214031e-01	2.094671e-01
5.980771e-01	1.935031e-01	4.161698e-02
5.095188e-01	2.078085e-01	1.287183e-01
5.872794e-01	1.707164e-01	-6.445053e-02
5.666142e-01	8.350275e-01	-1.530809e-01
5.635592e-01	8.438261e-01	-1.300803e-01
5.605921e-01	8.425679e-01	-1.301567e-01
5.577559e-01	8.410826e-01	-1.301516e-01
5.724154e-01	8.450699e-01	-1.429720e-01
5.756816e-01	8.446574e-01	-1.430197e-01
5.791808e-01	8.439722e-01	-1.429318e-01
5.579554e-01	8.279234e-01	-1.500040e-02
5.874770e-01	8.322470e-01	-7.555749e-02
5.618881e-01	8.155523e-01	-1.108744e-01
5.743050e-01	8.172997e-01	-1.283148e-01
5.382997e-01	7.389499e-01	6.348266e-02
6.078826e-01	7.419695e-01	-7.540707e-02
4.991591e-01	6.966616e-01	8.613514e-02
6.253275e-01	6.747466e-01	-2.095154e-01
4.496157e-01	6.616135e-01	-1.121588e-02
6.295320e-01	6.665832e-01	-4.248943e-01
4.332547e-01	6.486700e-01	-3.011706e-02
6.331142e-01	6.566163e-01	-4.750805e-01
4.319239e-01	6.500895e-01	-7.278609e-02
6.295372e-01	6.650938e-01	-4.856423e-01
4.386040e-01	6.525105e-01	-2.984736e-02
6.259753e-01	6.681427e-01	-4.354278e-01
5.426447e-01	5.210516e-01	5.956947e-02
5.888478e-01	5.193155e-01	-5.959329e-02
5.332991e-01	3.692307e-01	6.530558e-02
5.857190e-01	3.606817e-01	-6.108247e-02
5.325719e-01	2.388758e-01	2.072028e-01
5.928255e-01	2.133459e-01	5.405818e-02
5.378853e-01	2.197166e-01	2.066109e-01
5.965925e-01	1.943207e-01	6.043469e-02
5.121084e-01	2.053607e-01	1.276343e-01
5.872319e-01	1.703463e-01	-4.624209e-02
5.667854e-01	8.446027e-01	-1.622339e-01
5.635949e-01	8.523402e-01	-1.401569e-01
5.606419e-01	8.510727e-01	-1.402486e-01
5.577483e-01	8.495794e-01	-1.402890e-01
5.726233e-01	8.534067e-01	-1.478948e-01
5.759472e-01	8.527368e-01	-1.479430e-01
5.794684e-01	8.516598e-01	-1.478731e-01
5.576576e-01	8.351657e-01	-2.704133e-02
5.874847e-01	8.386424e-01	-7.323076e-02
5.619444e-01	8.247741e-01	-1.213051e-01
5.747440e-01	8.263695e-01	-1.323562e-01
5.360031e-01	7.426761e-01	4.511600e-02
6.086506e-01	7.449723e-01	-5.439495e-02
4.971403e-01	6.828219e-01	7.437975e-02
6.286471e-01	6.707210e-01	-1.469229e-01
4.492573e-01	6.355615e-01	-3.167934e-02
6.394523e-01	6.419988e-01	-3.547005e-01
4.330303e-01	6.164946e-01	-5.841401e-02
6.462785e-01	6.229924e-01	-4.035727e-01
4.314159e-01	6.189125e-01	-9.819649e-02
6.440601e-01	6.270392e-01	-4.250304e-01
4.380525e-01	6.243549e-01	-5.223557e-02
6.391470e-01	6.327201e-01	-3.702580e-01
5.433992e-01	5.266373e-01	4.742869e-02
5.893218e-01	5.257875e-01	-4.737424e-02
5.368739e-01	3.713304e-01	5.058584e-02
5.868244e-01	3.652444e-01	-6.120409e-02
5.372910e-01	2.383039e-01	1.818752e-01
5.925371e-01	2.148450e-01	5.054409e-02
5.415521e-01	2.192314e-01	1.876552e-01
5.957618e-01	1.953008e-01	5.546634e-02
5.153048e-01	2.041918e-01	1.049499e-01
5.873622e-01	1.702092e-01	-5.679362e-02
5.668513e-01	8.502633e-01	-1.591177e-01
5.636290e-01	8.578208e-01	-1.376271e-01
5.605751e-01	8.565393e-01	-1.377173e-01
5.575787e-01	8.549933e-01	-1.377603e-01
5.727103e-01	8.589929e-01	-1.442183e-01
5.760522e-01	8.584304e-01	-1.442434e-01
5.795872e-01	8.574516e-01	-1.441524e-01
5.573191e-01	8.403331e-01	-2.671884e-02
5.875108e-01	8.439815e-01	-6.523167e-02
5.619670e-01	8.298952e-01	-1.199224e-01
5.750533e-01	8.317826e-01	-1.288445e-01
5.351681e-01	7.461787e-01	4.468112e-02
6.087111e-01	7.491065e-01	-4.030674e-02
4.980859e-01	6.759807e-01	7.908767e-02
6.296529e-01	6.687268e-01	-9.698708e-02
4.520515e-01	6.160396e-01	-1.957483e-02
6.470307e-01	6.194317e-01	-2.655875e-01
4.361169e-01	5.974913e-01	-4.654817e-02
6.546776e-01	5.920361e-01	-3.093853e-01
4.346496e-01	5.974174e-01	-8.887039e-02
6.532563e-01	5.948715e-01	-3.354798e-01
4.411190e-01	6.022885e-01	-4.037252e-02
6.484559e-01	6.022341e-01	-2.820930e-01
5.438529e-01	5.320806e-01	4.038355e-02
5.893405e-01	5.307996e-01	-4.027239e-02
5.398751e-01	3.769513e-01	3.207190e-02
5.874509e-01	3.711408e-01	-5.999298e-02
5.408384e-01	2.382636e-01	1.549578e-01
5.919026e-01	2.215592e-01	5.750898e-02
5.448024e-01	2.193831e-01	1.614949e-01
5.931970e-01	2.021727e-01	6.245730e-02
5.196901e-01	2.034439e-01	7.210205e-02
5.873653e-01	1.715310e-01	-5.117210e-02
5.669632e-01	8.528553e-01	-1.389139e-01
5.636522e-01	8.606503e-01	-1.182934e-01
5.605960e-01	8.593805e-01	-1.183476e-01
5.575418e-01	8.578480e-01	-1.183327e-01
5.729268e-01	8.615115e-01	-1.256711e-01
5.762444e-01	8.608071e-01	-1.256936e-01
5.798082e-01	8.597230e-01	-1.255949e-01
5.570794e-01	8.428357e-01	-1.423976e-02
5.875309e-01	8.455033e-01	-5.126356e-02
5.619885e-01	8.325986e-01	-1.015582e-01
5.751482e-01	8.335301e-01	-1.116489e-01
5.345385e-01	7.467794e-01	4.626676e-02
6.086905e-01	7.500903e-01	-3.164802e-02
4.988547e-01	6.670421e-01	8.124346e-02
6.303833e-01	6.626526e-01	-7.821883e-02
4.537974e-01	5.965160e-01	-1.631711e-02
6.521378e-01	6.007875e-01	-2.292333e-01
4.366044e-01	5.734547e-01	-4.225952e-02
6.612287e-01	5.721940e-01	-2.717347e-01
4.352226e-01	5.736343e-01	-8.454114e-02
6.597614e-01	5.739741e-01	-2.989060e-01
4.417821e-01	5.794864e-01	-3.618298e-02
6.548653e-01	5.824912e-01	-2.457219e-01
5.440811e-01	5.303909e-01	3.900330e-02
5.897094e-01	5.301262e-01	-3.888609e-02
5.424644e-01	3.755716e-01	2.954377e-02
5.883011e-01	3.709323e-01	-5.890550e-02
5.420318e-01	2.380223e-01	1.620438e-01
5.920027e-01	2.212578e-01	6.454362e-02
5.463176e-01	2.194065e-01	1.700910e-01
5.935770e-01	2.026404e-01	7.015951e-02
5.212119e-01	2.030134e-01	8.420067e-02
5.878966e-01	1.717048e-01	-4.264741e-02
5.669827e-01	8.567139e-01	-1.693583e-01
5.636705e-01	8.646453e-01	-1.489226e-01
5.605285e-01	8.635366e-01	-1.489727e-01
5.574245e-01	8.621061e-01	-1.489563e-01
5.729564e-01	8.650839e-01	-1.566370e-01
5.762880e-01	8.642634e-01	-1.566617e-01
5.798526e-01	8.630655e-01	-1.565676e-01
5.569662e-01	8.467873e-01	-4.221081e-02
5.875055e-01	8.486593e-01	-7.921062e-02
5.619582e-01	8.364267e-01	-1.305464e-01
5.751339e-01	8.368942e-01	-1.412275e-01
5.339667e-01	7.476146e-01	2.833178e-02
6.087422e-01	7.493272e-01	-5.584860e-02
4.989588e-01	6.574837e-01	7.919313e-02
6.318730e-01	6.553547e-01	-7.351886e-02
4.598182e-01	5.765618e-01	-1.919121e-02
6.557146e-01	5.823477e-01	-1.885425e-01
4.502965e-01	5.507265e-01	-4.751121e-02
6.650806e-01	5.520605e-01	-2.257420e-01
4.501693e-01	5.500993e-01	-8.927938e-02
6.642255e-01	5.523389e-01	-2.574435e-01
4.543390e-01	5.576521e-01	-4.135890e-02
6.595421e-01	5.618229e-01	-2.054486e-01
5.444280e-01	5.290749e-01	4.140950e-02
5.897689e-01	5.293533e-01	-4.131141e-02
5.426360e-01	3.752677e-01	5.323848e-02
5.885224e-01	3.708427e-01	-5.017451e-02
5.426016e-01	2.381043e-01	1.760917e-01
5.920380e-01	2.224967e-01	6.580242e-02
5.470312e-01	2.195492e-01	1.804990e-01
5.938350e-01	2.040469e-01	7.476638e-02
5.205634e-01	2.029802e-01	9.386091e-02
5.880032e-01	1.723215e-01	-3.169434e-02
5.669490e-01	8.616566e-01	-1.736316e-01
5.636851e-01	8.690379e-01	-1.533553e-01
5.604948e-01	8.679013e-01	-1.533924e-01
5.573669e-01	8.664894e-01	-1.533551e-01
5.729798e-01	8.690746e-01	-1.621008e-01
5.763168e-01	8.678707e-01	-1.621383e-01
5.798780e-01	8.662854e-01	-1.620494e-01
5.566793e-01	8.503835e-01	-4.879489e-02
5.872905e-01	8.514182e-01	-9.042712e-02
5.617616e-01	8.416841e-01	-1.354529e-01
5.748247e-01	8.413314e-01	-1.474589e-01
5.336867e-01	7.474248e-01	2.255306e-02
6.088700e-01	7.491389e-01	-6.479369e-02
5.035250e-01	6.488387e-01	7.034540e-02
6.324732e-01	6.466513e-01	-6.589507e-02
4.706994e-01	5.628427e-01	-2.646942e-02
6.565467e-01	5.614202e-01	-1.522513e-01
4.629063e-01	5.366656e-01	-5.223448e-02
6.669570e-01	5.305304e-01	-1.835862e-01
4.626760e-01	5.351620e-01	-9.120569e-02
6.648380e-01	5.298364e-01	-2.161656e-01
4.665824e-01	5.428483e-01	-4.668373e-02
6.598182e-01	5.395502e-01	-1.679844e-01
5.443546e-01	5.293137e-01	4.281158e-02
5.896909e-01	5.300971e-01	-4.272496e-02
5.423463e-01	3.748401e-01	6.435224e-02
5.884528e-01	3.715358e-01	-5.023652e-02
5.431764e-01	2.386536e-01	1.904276e-01
5.923081e-01	2.234439e-01	6.550255e-02
5.478991e-01	2.203551e-01	1.968983e-01
5.940564e-01	2.052571e-01	7.210657e-02
5.204003e-01	2.034899e-01	1.154134e-01
5.880796e-01	1.728891e-01	-3.517902e-02
5.669206e-01	8.647509e-01	-2.252139e-01
5.636861e-01	8.716469e-01	-2.051156e-01
5.604410e-01	8.702409e-01	-2.051505e-01
5.572695e-01	8.686198e-01	-2.051074e-01
5.729951e-01	8.719950e-01	-2.159598e-01
5.763315e-01	8.707141e-01	-2.160076e-01
5.798829e-01	8.690615e-01	-2.159409e-01
5.564877e-01	8.513726e-01	-9.413734e-02
5.871915e-01	8.540200e-01	-1.456226e-01
5.616970e-01	8.446100e-01	-1.838725e-01
5.746642e-01	8.443631e-01	-1.986286e-01
5.338483e-01	7.471119e-01	-1.057358e-02
6.094839e-01	7.487289e-01	-1.085275e-01
5.097297e-01	6.406758e-01	4.041684e-02
6.325971e-01	6.405820e-01	-1.005840e-01
4.795685e-01	5.561540e-01	-5.344384e-02
6.563690e-01	5.526466e-01	-1.823342e-01
4.723282e-01	5.276412e-01	-7.728475e-02
6.661122e-01	5.218884e-01	-2.132096e-01
4.716794e-01	5.271658e-01	-1.154515e-01
6.649005e-01	5.204722e-01	-2.470976e-01
4.759138e-01	5.359290e-01	-7.192868e-02
6.600084e-01	5.304667e-01	-1.981238e-01
5.442814e-01	5.289087e-01	4.355830e-02
5.896651e-01	5.283144e-01	-4.348118e-02
5.420923e-01	3.738004e-01	7.501693e-02
5.890366e-01	3.706661e-01	-4.512879e-02
5.427574e-01	2.386381e-01	2.221932e-01
5.928556e-01	2.231321e-01	9.835328e-02
5.478271e-01	2.202945e-01	2.316725e-01
5.945568e-01	2.052871e-01	1.069939e-01
5.200438e-01	2.038029e-01	1.467686e-01
5.882899e-01	1.733982e-01	-3.824789e-03
5.669314e-01	8.651136e-01	-2.383460e-01
5.636969e-01	8.717706e-01	-2.184830e-01
5.604425e-01	8.703467e-01	-2.185108e-01
5.572540e-01	8.686511e-01	-2.184709e-01
5.730063e-01	8.720582e-01	-2.281913e-01
5.763439e-01	8.707246e-01	-2.282516e-01
5.799018e-01	8.690584e-01	-2.282056e-01
5.564026e-01	8.512099e-01	-1.072015e-01
5.871614e-01	8.537467e-01	-1.538274e-01
5.616937e-01	8.449347e-01	-1.968313e-01
5.746244e-01	8.447222e-01	-2.101457e-01
5.338495e-01	7.468001e-01	-2.525472e-02
6.099492e-01	7.491918e-01	-1.148391e-01
5.139096e-01	6.339278e-01	2.211796e-02
6.329656e-01	6.365541e-01	-9.827585e-02
4.873713e-01	5.481099e-01	-7.056395e-02
6.558413e-01	5.436265e-01	-1.741392e-01
4.812272e-01	5.187446e-01	-9.386864e-02
6.654583e-01	5.144737e-01	-2.031145e-01
4.809911e-01	5.188588e-01	-1.304643e-01
6.636727e-01	5.132096e-01	-2.371288e-01
4.846544e-01	5.268631e-01	-8.816524e-02
6.587698e-01	5.225474e-01	-1.897962e-01
5.439014e-01	5.293698e-01	4.317038e-02
5.896553e-01	5.276760e-01	-4.308670e-02
5.418271e-01	3.732652e-01	7.321544e-02
5.890720e-01	3.697382e-01	-4.585074e-02
5.423359e-01	2.395947e-01	2.391540e-01
5.933489e-01	2.229195e-01	1.136777e-01
5.476376e-01	2.216471e-01	2.509108e-01
5.946007e-01	2.060636e-01	1.242995e-01
5.198532e-01	2.042040e-01	1.658356e-01
5.883328e-01	1.738245e-01	1.312760e-02
5.669333e-01	8.657845e-01	-2.328497e-01
5.637047e-01	8.724900e-01	-2.133046e-01
5.604481e-01	8.710600e-01	-2.133289e-01
5.572554e-01	8.693502e-01	-2.132890e-01
5.730224e-01	8.728862e-01	-2.227306e-01
5.763510e-01	8.716110e-01	-2.227931e-01
5.799097e-01	8.700123e-01	-2.227588e-01
5.564049e-01	8.518472e-01	-1.033444e-01
5.871671e-01	8.549340e-01	-1.487881e-01
5.616702e-01	8.453295e-01	-1.917207e-01
5.745940e-01	8.452835e-01	-2.046870e-01
5.339760e-01	7.479489e-01	-2.572997e-02
6.108662e-01	7.491535e-01	-1.095604e-01
5.195705e-01	6.339336e-01	2.237708e-02
6.329219e-01	6.353314e-01	-8.839864e-02
4.978446e-01	5.478047e-01	-6.607589e-02
6.546327e-01	5.410579e-01	-1.607561e-01
4.908977e-01	5.173343e-01	-8.871315e-02
6.630789e-01	5.117372e-01	-1.893017e-01
4.906550e-01	5.166016e-01	-1.238081e-01
6.609096e-01	5.105629e-01	-2.216018e-01
4.952326e-01	5.258487e-01	-8.290695e-02
6.563602e-01	5.201955e-01	-1.757035e-01
5.438732e-01	5.305868e-01	4.152377e-02
5.896570e-01	5.291157e-01	-4.143407e-02
5.409567e-01	3.743460e-01	7.166129e-02
5.890883e-01	3.706767e-01	-4.109897e-02
5.421322e-01	2.406951e-01	2.431724e-01
5.934871e-01	2.234492e-01	1.212046e-01
5.475744e-01	2.229783e-01	2.556214e-01
5.946909e-01	2.074440e-01	1.318546e-01
5.197077e-01	2.048369e-01	1.702666e-01
5.877406e-01	1.743773e-01	1.891608e-02
5.670244e-01	8.662162e-01	-2.075767e-01
5.639004e-01	8.732782e-01	-1.937357e-01
5.606025e-01	8.720364e-01	-1.937034e-01
5.573725e-01	8.705639e-01	-1.936775e-01
5.732142e-01	8.733531e-01	-1.940656e-01
5.765176e-01	8.720191e-01	-1.941402e-01
5.800505e-01	8.704343e-01	-1.941343e-01
5.564390e-01	8.541110e-01	-8.308424e-02
5.872227e-01	8.559787e-01	-1.188230e-01
5.617298e-01	8.462458e-01	-1.807501e-01
5.745989e-01	8.459117e-01	-1.790782e-01
5.339397e-01	7.510462e-01	-1.538148e-02
6.117277e-01	7.493379e-01	-6.863624e-02
5.225989e-01	6.371051e-01	2.407568e-02
6.321496e-01	6.317711e-01	-3.709260e-02
5.079664e-01	5.473490e-01	-6.157576e-02
6.519324e-01	5.376470e-01	-1.040628e-01
5.009976e-01	5.173923e-01	-8.467408e-02
6.591454e-01	5.081240e-01	-1.304433e-01
5.015036e-01	5.179325e-01	-1.175956e-01
6.569755e-01	5.077669e-01	-1.622878e-01
5.065924e-01	5.283600e-01	-7.711217e-02
6.528956e-01	5.176787e-01	-1.188218e-01
5.435048e-01	5.322775e-01	3.315355e-02
5.897521e-01	5.301332e-01	-3.307780e-02
5.403683e-01	3.740953e-01	4.755596e-02
5.891789e-01	3.704916e-01	-3.413760e-02
5.419048e-01	2.406144e-01	2.281327e-01
5.935377e-01	2.236419e-01	1.256757e-01
5.475496e-01	2.228539e-01	2.379944e-01
5.947186e-01	2.082817e-01	1.362177e-01
5.207256e-01	2.047419e-01	1.629230e-01
5.873736e-01	1.747993e-01	2.342050e-02
5.670307e-01	8.665004e-01	-2.051222e-01
5.640012e-01	8.737518e-01	-1.874174e-01
5.607180e-01	8.726159e-01	-1.874233e-01
5.575093e-01	8.712745e-01	-1.873804e-01
5.732464e-01	8.737233e-01	-1.932956e-01
5.765234e-01	8.724272e-01	-1.933659e-01
5.800641e-01	8.708776e-01	-1.933491e-01
5.566041e-01	8.550755e-01	-8.148856e-02
5.871868e-01	8.565328e-01	-1.192013e-01
5.617393e-01	8.465480e-01	-1.696363e-01
5.745689e-01	8.462298e-01	-1.773110e-01
5.340068e-01	7.526599e-01	-1.680215e-02
6.122650e-01	7.488495e-01	-7.506560e-02
5.256969e-01	6.395781e-01	2.197676e-02
6.315908e-01	6.286504e-01	-5.473107e-02
5.156882e-01	5.491049e-01	-6.395318e-02
6.499037e-01	5.349136e-01	-1.251116e-01
5.087073e-01	5.186203e-01	-8.808205e-02
6.570030e-01	5.042855e-01	-1.535907e-01
5.103963e-01	5.194399e-01	-1.199603e-01
6.549439e-01	5.046992e-01	-1.845017e-01
5.155599e-01	5.306218e-01	-7.904748e-02
6.511574e-01	5.149748e-01	-1.395471e-01
5.434906e-01	5.326331e-01	3.296689e-02
5.898441e-01	5.301924e-01	-3.287860e-02
5.399348e-01	3.738728e-01	5.536968e-02
5.891009e-01	3.701019e-01	-2.856157e-02
5.406445e-01	2.406990e-01	2.327279e-01
5.935805e-01	2.234121e-01	1.256958e-01
5.465222e-01	2.227271e-01	2.448195e-01
5.947366e-01	2.083112e-01	1.353604e-01
5.194933e-01	2.056559e-01	1.584183e-01
5.873801e-01	1.753040e-01	2.031194e-02
5.670816e-01	8.665180e-01	-2.248349e-01
5.641307e-01	8.739106e-01	-2.061104e-01
5.608703e-01	8.728116e-01	-2.061276e-01
5.576687e-01	8.715228e-01	-2.060744e-01
5.733231e-01	8.739880e-01	-2.125752e-01
5.765687e-01	8.727762e-01	-2.126589e-01
5.800815e-01	8.713248e-01	-2.126728e-01
5.567310e-01	8.556914e-01	-9.946769e-02
5.871722e-01	8.572632e-01	-1.322631e-01
5.617955e-01	8.466855e-01	-1.857802e-01
5.745675e-01	8.466241e-01	-1.946421e-01
5.340554e-01	7.536643e-01	-3.099009e-02
6.125258e-01	7.489877e-01	-8.032119e-02
5.284921e-01	6.397030e-01	8.665873e-03
6.310990e-01	6.279604e-01	-6.570563e-02
5.209517e-01	5.472130e-01	-7.703368e-02
6.474570e-01	5.339925e-01	-1.422712e-01
5.145470e-01	5.173100e-01	-1.018968e-01
6.534052e-01	5.023940e-01	-1.715781e-01
5.164868e-01	5.181484e-01	-1.328200e-01
6.498981e-01	5.026751e-01	-2.021433e-01
5.215861e-01	5.288950e-01	-9.181321e-02
6.463016e-01	5.128981e-01	-1.565999e-01
5.434852e-01	5.338971e-01	2.956978e-02
5.901665e-01	5.316357e-01	-2.947030e-02
5.404574e-01	3.740938e-01	5.303562e-02
5.891905e-01	3.708092e-01	-2.409557e-02
5.405382e-01	2.410462e-01	2.254713e-01
5.935794e-01	2.237681e-01	1.333567e-01
5.463451e-01	2.229482e-01	2.370722e-01
5.944754e-01	2.089740e-01	1.430881e-01
5.204298e-01	2.055967e-01	1.489462e-01
5.874267e-01	1.761260e-01	2.573951e-02
5.674706e-01	8.675575e-01	-2.462252e-01
5.645493e-01	8.750992e-01	-2.286214e-01
5.613487e-01	8.739173e-01	-2.286582e-01
5.580978e-01	8.725908e-01	-2.286365e-01
5.736767e-01	8.751734e-01	-2.346133e-01
5.768959e-01	8.738757e-01	-2.346735e-01
5.803265e-01	8.723598e-01	-2.347196e-01
5.570102e-01	8.568695e-01	-1.204276e-01
5.872216e-01	8.582531e-01	-1.500634e-01
5.620862e-01	8.476449e-01	-2.054528e-01
5.747401e-01	8.476841e-01	-2.136402e-01
5.340975e-01	7.548147e-01	-4.114684e-02
6.124929e-01	7.491240e-01	-8.088215e-02
5.324151e-01	6.398038e-01	1.926140e-02
6.296071e-01	6.276816e-01	-2.268902e-02
5.314456e-01	5.483184e-01	-1.271825e-02
6.400219e-01	5.307412e-01	-5.179657e-02
5.280405e-01	5.165701e-01	-2.602853e-02
6.447477e-01	4.988873e-01	-6.853606e-02
5.297667e-01	5.165370e-01	-5.401810e-02
6.408975e-01	4.993303e-01	-9.661470e-02
5.333596e-01	5.285086e-01	-2.491372e-02
6.369692e-01	5.090507e-01	-6.346725e-02
5.433382e-01	5.343862e-01	2.523769e-02
5.901510e-01	5.330406e-01	-2.522863e-02
5.411347e-01	3.747518e-01	3.555300e-02
5.892566e-01	3.705302e-01	-2.334968e-02
5.404834e-01	2.410117e-01	2.107044e-01
5.934198e-01	2.239936e-01	1.362644e-01
5.461648e-01	2.228560e-01	2.223591e-01
5.936669e-01	2.090088e-01	1.460273e-01
5.218909e-01	2.051376e-01	1.226101e-01
5.874327e-01	1.772470e-01	2.795222e-02
5.675189e-01	8.688556e-01	-2.417078e-01
5.646868e-01	8.764187e-01	-2.222703e-01
5.615116e-01	8.751072e-01	-2.223120e-01
5.582733e-01	8.737231e-01	-2.222858e-01
5.737640e-01	8.766759e-01	-2.298318e-01
5.769773e-01	8.754174e-01	-2.298954e-01
5.804127e-01	8.738897e-01	-2.299518e-01
5.572942e-01	8.581234e-01	-1.085446e-01
5.873054e-01	8.597769e-01	-1.446393e-01
5.621701e-01	8.490822e-01	-1.988860e-01
5.747739e-01	8.491261e-01	-2.090040e-01
5.342602e-01	7.564024e-01	-2.645603e-02
6.124274e-01	7.492543e-01	-8.182595e-02
5.344847e-01	6.403956e-01	3.246933e-02
6.275025e-01	6.271638e-01	-3.065578e-02
5.348549e-01	5.488368e-01	-1.201746e-02
6.328327e-01	5.277981e-01	-6.815757e-02
5.336179e-01	5.183334e-01	-2.808804e-02
6.361319e-01	4.976453e-01	-8.745702e-02
5.339934e-01	5.181086e-01	-5.550103e-02
6.313824e-01	4.974603e-01	-1.145930e-01
5.373990e-01	5.294364e-01	-2.487008e-02
6.278025e-01	5.071991e-01	-7.942280e-02
5.430435e-01	5.346355e-01	2.813142e-02
5.898701e-01	5.336667e-01	-2.810810e-02
5.412111e-01	3.749642e-01	3.224072e-02
5.895033e-01	3.702725e-01	-2.713728e-02
5.401201e-01	2.408592e-01	2.045665e-01
5.932726e-01	2.238987e-01	1.295505e-01
5.453206e-01	2.220399e-01	2.156388e-01
5.932436e-01	2.089751e-01	1.390399e-01
5.217809e-01	2.050921e-01	1.141901e-01
5.874384e-01	1.777223e-01	2.196690e-02
5.674976e-01	8.699759e-01	-2.422003e-01
5.646998e-01	8.777851e-01	-2.232536e-01
5.615181e-01	8.764154e-01	-2.232966e-01
5.582888e-01	8.750371e-01	-2.232804e-01
5.737689e-01	8.781149e-01	-2.316628e-01
5.769848e-01	8.769222e-01	-2.317240e-01
5.804253e-01	8.754113e-01	-2.317580e-01
5.573937e-01	8.600411e-01	-1.108306e-01
5.873964e-01	8.616759e-01	-1.511015e-01
5.621632e-01	8.505511e-01	-1.998492e-01
5.747615e-01	8.504851e-01	-2.111104e-01
5.344875e-01	7.571748e-01	-2.355070e-02
6.123231e-01	7.500211e-01	-9.014229e-02
5.319496e-01	6.407300e-01	4.065081e-02
6.252307e-01	6.285962e-01	-2.748266e-02
5.342329e-01	5.533008e-01	-7.049342e-04
6.285146e-01	5.271890e-01	-4.165901e-02
5.336593e-01	5.241756e-01	-1.524092e-02
6.302007e-01	4.970839e-01	-5.801804e-02
5.346317e-01	5.240748e-01	-4.297376e-02
6.251324e-01	4.969430e-01	-8.357877e-02
5.377994e-01	5.344975e-01	-1.331258e-02
6.220731e-01	5.073480e-01	-5.153009e-02
5.429753e-01	5.366190e-01	2.850163e-02
5.898406e-01	5.351201e-01	-2.843099e-02
5.410292e-01	3.769518e-01	4.095469e-02
5.895492e-01	3.700826e-01	-2.651666e-02
5.392318e-01	2.408297e-01	2.076447e-01
5.930448e-01	2.243197e-01	1.302713e-01
5.442294e-01	2.218686e-01	2.177843e-01
5.928932e-01	2.088704e-01	1.394155e-01
5.193971e-01	2.062798e-01	1.199686e-01
5.875825e-01	1.785220e-01	2.150883e-02
5.674818e-01	8.708720e-01	-2.732544e-01
5.647063e-01	8.788064e-01	-2.546321e-01
5.615185e-01	8.773364e-01	-2.546881e-01
5.582900e-01	8.758943e-01	-2.547055e-01
5.737754e-01	8.792658e-01	-2.623032e-01
5.769960e-01	8.780865e-01	-2.623653e-01
5.804702e-01	8.765355e-01	-2.623903e-01
5.574101e-01	8.610207e-01	-1.389780e-01
5.875755e-01	8.627362e-01	-1.766202e-01
5.621472e-01	8.514521e-01	-2.294846e-01
5.747607e-01	8.514478e-01	-2.399383e-01
5.345000e-01	7.572289e-01	-4.475519e-02
6.123111e-01	7.512064e-01	-1.047439e-01
5.307415e-01	6.410490e-01	3.864760e-02
6.230929e-01	6.296687e-01	-1.637601e-02
5.338169e-01	5.554770e-01	8.827419e-03
6.222805e-01	5.285523e-01	-5.326244e-03
5.337012e-01	5.264426e-01	-1.922505e-03
6.241298e-01	4.992263e-01	-1.637274e-02
5.352687e-01	5.264323e-01	-3.147950e-02
6.187195e-01	4.981494e-01	-4.177567e-02
5.376690e-01	5.368775e-01	-3.795170e-03
6.161763e-01	5.087564e-01	-1.434513e-02
5.427871e-01	5.376988e-01	2.770216e-02
5.898364e-01	5.364813e-01	-2.769436e-02
5.408732e-01	3.770519e-01	4.001971e-02
5.901209e-01	3.699983e-01	-2.615627e-02
5.379874e-01	2.406694e-01	2.167796e-01
5.930466e-01	2.244350e-01	1.430654e-01
5.426887e-01	2.208794e-01	2.290304e-01
5.927964e-01	2.087601e-01	1.537433e-01
5.181322e-01	2.071006e-01	1.315172e-01
5.884775e-01	1.788745e-01	3.555192e-02
