5.316172e-01	8.654981e-01	-3.333631e-01
5.255468e-01	8.846921e-01	-3.180893e-01
5.208546e-01	8.846215e-01	-3.180910e-01
5.165892e-01	8.839778e-01	-3.180430e-01
5.379058e-01	8.833114e-01	-3.202012e-01
5.418121e-01	8.822889e-01	-3.202345e-01
5.459099e-01	8.809677e-01	-3.201360e-01
5.117214e-01	8.726892e-01	-2.053998e-01
5.509409e-01	8.695148e-01	-2.148057e-01
5.214959e-01	8.425419e-01	-2.894095e-01
5.383673e-01	8.405936e-01	-2.917013e-01
4.726295e-01	7.422431e-01	-1.212205e-01
5.814232e-01	7.356491e-01	-1.309426e-01
4.598407e-01	6.076417e-01	-5.532851e-02
5.938617e-01	5.949539e-01	-7.248282e-02
4.510208e-01	4.812536e-01	-1.051427e-01
5.938005e-01	4.752348e-01	-1.326382e-01
4.465937e-01	4.445466e-01	-1.293000e-01
5.929350e-01	4.419126e-01	-1.599620e-01
4.507242e-01	4.472774e-01	-1.652036e-01
5.900453e-01	4.448456e-01	-1.942520e-01
4.573669e-01	4.606763e-01	-1.212824e-01
5.866573e-01	4.572162e-01	-1.490883e-01
4.902416e-01	4.687618e-01	5.540860e-03
5.539957e-01	4.654573e-01	-5.565872e-03
4.762738e-01	2.794254e-01	5.608059e-02
5.644216e-01	2.759047e-01	4.815868e-02
4.654906e-01	1.147439e-01	2.442248e-01
5.708634e-01	1.125419e-01	2.418530e-01
4.722079e-01	9.043518e-02	2.554492e-01
5.612034e-01	8.958098e-02	2.528315e-01
4.343192e-01	4.891047e-02	1.326919e-01
6.011438e-01	4.817713e-02	1.244611e-01
5.315183e-01	8.655024e-01	-3.680643e-01
5.254164e-01	8.848693e-01	-3.540563e-01
5.207058e-01	8.847560e-01	-3.540939e-01
5.165685e-01	8.841258e-01	-3.541093e-01
5.379082e-01	8.834397e-01	-3.568500e-01
5.418435e-01	8.823804e-01	-3.568741e-01
5.460618e-01	8.810021e-01	-3.568045e-01
5.115509e-01	8.727497e-01	-2.383361e-01
5.512508e-01	8.692006e-01	-2.520433e-01
5.214416e-01	8.425429e-01	-3.219134e-01
5.384022e-01	8.404831e-01	-3.254041e-01
4.725502e-01	7.423722e-01	-1.411016e-01
5.814599e-01	7.348926e-01	-1.431328e-01
4.596075e-01	6.083383e-01	-5.358837e-02
5.914446e-01	5.939352e-01	-6.067187e-02
4.510453e-01	4.815753e-01	-7.282151e-02
5.916706e-01	4.738824e-01	-9.117970e-02
4.466113e-01	4.444607e-01	-8.693460e-02
5.889370e-01	4.418936e-01	-1.082355e-01
4.508157e-01	4.469488e-01	-1.222446e-01
5.869672e-01	4.443359e-01	-1.435870e-01
4.573109e-01	4.600851e-01	-8.722316e-02
5.841402e-01	4.564502e-01	-1.065637e-01
4.902394e-01	4.691277e-01	5.543525e-03
5.539889e-01	4.667969e-01	-5.572132e-03
4.761795e-01	2.805960e-01	5.678487e-02
5.640499e-01	2.808487e-01	5.145610e-02
4.655065e-01	1.145991e-01	2.441811e-01
5.715531e-01	1.125840e-01	2.568194e-01
4.726694e-01	8.911271e-02	2.552762e-01
5.618230e-01	8.833668e-02	2.681637e-01
4.351005e-01	5.447164e-02	1.317880e-01
6.014532e-01	5.113343e-02	1.387947e-01
5.310985e-01	8.652689e-01	-3.647926e-01
5.250378e-01	8.848486e-01	-3.506989e-01
5.203712e-01	8.847138e-01	-3.507307e-01
5.164293e-01	8.840915e-01	-3.507324e-01
5.378227e-01	8.834277e-01	-3.534081e-01
5.418022e-01	8.823616e-01	-3.534365e-01
5.460633e-01	8.809557e-01	-3.533641e-01
5.112778e-01	8.726552e-01	-2.359885e-01
5.513099e-01	8.686011e-01	-2.491437e-01
5.212072e-01	8.422905e-01	-3.191523e-01
5.383338e-01	8.400311e-01	-3.224957e-01
4.724380e-01	7.423193e-01	-1.410084e-01
5.814358e-01	7.344328e-01	-1.445813e-01
4.591928e-01	6.082627e-01	-5.361991e-02
5.897324e-01	5.937786e-01	-6.197552e-02
4.510396e-01	4.817316e-01	-7.780303e-02
5.909463e-01	4.731740e-01	-1.001240e-01
4.466040e-01	4.443412e-01	-9.416877e-02
5.874730e-01	4.418030e-01	-1.198471e-01
4.508296e-01	4.466958e-01	-1.297040e-01
5.858070e-01	4.438095e-01	-1.556207e-01
4.572107e-01	4.598826e-01	-9.259129e-02
5.833718e-01	4.558004e-01	-1.160286e-01
4.902367e-01	4.691249e-01	5.561855e-03
5.538422e-01	4.670253e-01	-5.595360e-03
4.754439e-01	2.806384e-01	5.679036e-02
5.635601e-01	2.828530e-01	5.171155e-02
4.654186e-01	1.143050e-01	2.420718e-01
5.717962e-01	1.126474e-01	2.562819e-01
4.726707e-01	8.804917e-02	2.525789e-01
5.620456e-01	8.732264e-02	2.674858e-01
4.351513e-01	5.727575e-02	1.286468e-01
6.016129e-01	5.322838e-02	1.387828e-01
5.308315e-01	8.652090e-01	-3.664489e-01
5.247291e-01	8.848482e-01	-3.524353e-01
5.200831e-01	8.846970e-01	-3.524674e-01
5.162730e-01	8.840695e-01	-3.524713e-01
5.377384e-01	8.834423e-01	-3.547828e-01
5.417621e-01	8.823788e-01	-3.548110e-01
5.460647e-01	8.809639e-01	-3.547377e-01
5.109471e-01	8.725652e-01	-2.380924e-01
5.513245e-01	8.683589e-01	-2.496640e-01
5.210645e-01	8.421959e-01	-3.209624e-01
5.382906e-01	8.399130e-01	-3.238552e-01
4.722675e-01	7.420556e-01	-1.429498e-01
5.812861e-01	7.341341e-01	-1.453824e-01
4.590238e-01	6.072824e-01	-5.397185e-02
5.891998e-01	5.937694e-01	-6.198106e-02
4.510398e-01	4.816397e-01	-7.796501e-02
5.910013e-01	4.729733e-01	-9.969690e-02
4.466118e-01	4.434089e-01	-9.402302e-02
5.876597e-01	4.418032e-01	-1.192823e-01
4.508500e-01	4.452075e-01	-1.297187e-01
5.859574e-01	4.437344e-01	-1.551410e-01
4.570683e-01	4.584224e-01	-9.281166e-02
5.836849e-01	4.555655e-01	-1.156942e-01
4.903014e-01	4.691126e-01	5.578813e-03
5.538157e-01	4.671797e-01	-5.616575e-03
4.749676e-01	2.808557e-01	5.883267e-02
5.630294e-01	2.828924e-01	5.613971e-02
4.651894e-01	1.142666e-01	2.440447e-01
5.718063e-01	1.127127e-01	2.661723e-01
4.726155e-01	8.779901e-02	2.545548e-01
5.620176e-01	8.674517e-02	2.778858e-01
4.348390e-01	5.850296e-02	1.308115e-01
6.015930e-01	5.409573e-02	1.498587e-01
5.307773e-01	8.651868e-01	-3.611335e-01
5.246433e-01	8.848506e-01	-3.467970e-01
5.199686e-01	8.846929e-01	-3.468238e-01
5.162305e-01	8.840626e-01	-3.468144e-01
5.377246e-01	8.834622e-01	-3.491727e-01
5.417612e-01	8.824003e-01	-3.492046e-01
5.460936e-01	8.809732e-01	-3.491255e-01
5.107754e-01	8.725413e-01	-2.329799e-01
5.513333e-01	8.682279e-01	-2.445864e-01
5.210168e-01	8.421612e-01	-3.160602e-01
5.382875e-01	8.398558e-01	-3.189620e-01
4.722144e-01	7.419429e-01	-1.401464e-01
5.811943e-01	7.336588e-01	-1.450995e-01
4.588875e-01	6.072350e-01	-5.649524e-02
5.891011e-01	5.929886e-01	-6.690954e-02
4.507391e-01	4.818155e-01	-8.263223e-02
5.916530e-01	4.714595e-01	-1.096166e-01
4.463866e-01	4.434676e-01	-9.641612e-02
5.900052e-01	4.402856e-01	-1.277881e-01
4.506214e-01	4.452149e-01	-1.309301e-01
5.867163e-01	4.414119e-01	-1.655278e-01
4.564864e-01	4.583865e-01	-9.716851e-02
5.852465e-01	4.529834e-01	-1.259606e-01
4.902952e-01	4.690571e-01	5.843640e-03
5.534249e-01	4.671911e-01	-5.884503e-03
4.748170e-01	2.813230e-01	5.971162e-02
5.626873e-01	2.830520e-01	5.547336e-02
4.651212e-01	1.140751e-01	2.439103e-01
5.718067e-01	1.129796e-01	2.615509e-01
4.726187e-01	8.730918e-02	2.543563e-01
5.618665e-01	8.663374e-02	2.730094e-01
4.339614e-01	5.830382e-02	1.316491e-01
6.015531e-01	5.443238e-02	1.454840e-01
5.306607e-01	8.651810e-01	-3.416608e-01
5.245293e-01	8.848547e-01	-3.269389e-01
5.198425e-01	8.846913e-01	-3.269613e-01
5.161770e-01	8.840605e-01	-3.269203e-01
5.376873e-01	8.834912e-01	-3.288056e-01
5.417490e-01	8.824423e-01	-3.288487e-01
5.461036e-01	8.810081e-01	-3.287470e-01
5.106584e-01	8.725345e-01	-2.185742e-01
5.513465e-01	8.681946e-01	-2.276229e-01
5.209467e-01	8.421434e-01	-2.992925e-01
5.382775e-01	8.398032e-01	-3.015144e-01
4.722204e-01	7.418991e-01	-1.377501e-01
5.809465e-01	7.334089e-01	-1.429586e-01
4.588869e-01	6.071414e-01	-6.851808e-02
5.891392e-01	5.917019e-01	-8.203247e-02
4.499322e-01	4.833199e-01	-1.177911e-01
5.916799e-01	4.700419e-01	-1.461985e-01
4.447903e-01	4.445684e-01	-1.408467e-01
5.902715e-01	4.373503e-01	-1.724281e-01
4.495102e-01	4.460550e-01	-1.763456e-01
5.867275e-01	4.380624e-01	-2.082011e-01
4.556718e-01	4.590636e-01	-1.335882e-01
5.851193e-01	4.506811e-01	-1.628965e-01
4.902949e-01	4.691163e-01	5.862111e-03
5.533305e-01	4.671883e-01	-5.898396e-03
4.745146e-01	2.813200e-01	5.697708e-02
5.624122e-01	2.828936e-01	5.337180e-02
4.650683e-01	1.140070e-01	2.259125e-01
5.717896e-01	1.131301e-01	2.468150e-01
4.726197e-01	8.716056e-02	2.348482e-01
5.615754e-01	8.650602e-02	2.570599e-01
4.334822e-01	5.810232e-02	1.174769e-01
6.013647e-01	5.496935e-02	1.360172e-01
5.306265e-01	8.654385e-01	-3.351544e-01
5.245110e-01	8.850306e-01	-3.186525e-01
5.198149e-01	8.848079e-01	-3.186792e-01
5.161727e-01	8.841490e-01	-3.186290e-01
5.376799e-01	8.837352e-01	-3.195817e-01
5.417482e-01	8.827131e-01	-3.196363e-01
5.461237e-01	8.812488e-01	-3.195183e-01
5.106220e-01	8.725592e-01	-2.086068e-01
5.513502e-01	8.681915e-01	-2.129670e-01
5.209410e-01	8.423591e-01	-2.929962e-01
5.382761e-01	8.398775e-01	-2.939726e-01
4.722272e-01	7.418416e-01	-1.367651e-01
5.807415e-01	7.331874e-01	-1.324935e-01
4.586501e-01	6.064987e-01	-9.583117e-02
5.892316e-01	5.893675e-01	-8.621979e-02
4.470958e-01	4.833439e-01	-1.667865e-01
5.935115e-01	4.630766e-01	-1.658539e-01
4.410513e-01	4.445750e-01	-1.966942e-01
5.945634e-01	4.285599e-01	-1.965735e-01
4.467078e-01	4.460089e-01	-2.330399e-01
5.902373e-01	4.271999e-01	-2.331136e-01
4.533083e-01	4.589830e-01	-1.836563e-01
5.874685e-01	4.402259e-01	-1.836717e-01
4.901267e-01	4.690900e-01	4.320083e-03
5.529435e-01	4.668059e-01	-4.293579e-03
4.742108e-01	2.812615e-01	5.630228e-02
5.624151e-01	2.828415e-01	5.986878e-02
4.650358e-01	1.138443e-01	2.266753e-01
5.717466e-01	1.133049e-01	2.551579e-01
4.725890e-01	8.689195e-02	2.360495e-01
5.613368e-01	8.648200e-02	2.656687e-01
4.329572e-01	5.806870e-02	1.196225e-01
6.011616e-01	5.532431e-02	1.476336e-01
5.308125e-01	8.650495e-01	-2.914804e-01
5.246163e-01	8.848888e-01	-2.742075e-01
5.198917e-01	8.846931e-01	-2.742253e-01
5.162390e-01	8.840640e-01	-2.741545e-01
5.377449e-01	8.835776e-01	-2.727338e-01
5.418602e-01	8.825557e-01	-2.727752e-01
5.462433e-01	8.810937e-01	-2.726448e-01
5.106209e-01	8.725435e-01	-1.675243e-01
5.513412e-01	8.681195e-01	-1.609347e-01
5.210339e-01	8.420722e-01	-2.515131e-01
5.383852e-01	8.394693e-01	-2.492318e-01
4.722133e-01	7.417858e-01	-1.098267e-01
5.802935e-01	7.331365e-01	-8.445684e-02
4.580395e-01	6.066466e-01	-8.725073e-02
5.894020e-01	5.906726e-01	-5.428348e-02
4.436347e-01	4.846445e-01	-1.673339e-01
5.951290e-01	4.645840e-01	-1.509866e-01
4.366709e-01	4.450934e-01	-1.999291e-01
6.007502e-01	4.294993e-01	-1.821070e-01
4.443997e-01	4.461921e-01	-2.380172e-01
5.927939e-01	4.288470e-01	-2.174152e-01
4.515299e-01	4.592060e-01	-1.851077e-01
5.889395e-01	4.416698e-01	-1.683151e-01
4.900027e-01	4.682305e-01	1.039883e-03
5.528765e-01	4.660534e-01	-9.317865e-04
4.725250e-01	2.800359e-01	3.887206e-02
5.628579e-01	2.811898e-01	5.599869e-02
4.650042e-01	1.131830e-01	2.023760e-01
5.716220e-01	1.133177e-01	2.355649e-01
4.725648e-01	8.591612e-02	2.109710e-01
5.609909e-01	8.633908e-02	2.440140e-01
4.319889e-01	5.808191e-02	9.908371e-02
6.010540e-01	5.533780e-02	1.281578e-01
5.307811e-01	8.650317e-01	-3.098309e-01
5.246076e-01	8.848349e-01	-2.946506e-01
5.198678e-01	8.846367e-01	-2.946621e-01
5.162324e-01	8.840149e-01	-2.946194e-01
5.377266e-01	8.835281e-01	-2.954735e-01
5.418363e-01	8.825029e-01	-2.955091e-01
5.462404e-01	8.810100e-01	-2.954004e-01
5.105942e-01	8.725144e-01	-1.844207e-01
5.513272e-01	8.679647e-01	-1.881868e-01
5.210281e-01	8.420719e-01	-2.667895e-01
5.383535e-01	8.394032e-01	-2.679903e-01
4.722036e-01	7.416133e-01	-1.193036e-01
5.800648e-01	7.327979e-01	-1.027123e-01
4.570436e-01	6.064219e-01	-9.487505e-02
5.899616e-01	5.907698e-01	-7.258423e-02
4.380893e-01	4.830365e-01	-1.674207e-01
5.983611e-01	4.650890e-01	-1.641382e-01
4.317991e-01	4.420962e-01	-1.965939e-01
6.044073e-01	4.302158e-01	-1.948733e-01
4.376550e-01	4.422332e-01	-2.351467e-01
5.973450e-01	4.296744e-01	-2.322301e-01
4.440479e-01	4.550435e-01	-1.853665e-01
5.931177e-01	4.424044e-01	-1.825589e-01
4.899963e-01	4.674159e-01	7.606537e-04
5.527983e-01	4.657656e-01	-6.589220e-04
4.711134e-01	2.800134e-01	3.537405e-02
5.636409e-01	2.806027e-01	5.566665e-02
4.648380e-01	1.130690e-01	1.997318e-01
5.714620e-01	1.133215e-01	2.384960e-01
4.724224e-01	8.565230e-02	2.081425e-01
5.605460e-01	8.615647e-02	2.476518e-01
4.313836e-01	5.823378e-02	9.278743e-02
6.009815e-01	5.528688e-02	1.289657e-01
5.306699e-01	8.625269e-01	-3.059760e-01
5.245116e-01	8.822264e-01	-2.888622e-01
5.197796e-01	8.820662e-01	-2.888829e-01
5.161721e-01	8.816391e-01	-2.888211e-01
5.376512e-01	8.810724e-01	-2.889534e-01
5.417757e-01	8.800001e-01	-2.889908e-01
5.462087e-01	8.785416e-01	-2.888796e-01
5.105239e-01	8.707238e-01	-1.780551e-01
5.512736e-01	8.660451e-01	-1.783656e-01
5.210012e-01	8.397515e-01	-2.636411e-01
5.382777e-01	8.370758e-01	-2.635470e-01
4.722206e-01	7.411356e-01	-1.114268e-01
5.799596e-01	7.327139e-01	-9.686925e-02
4.548748e-01	6.064264e-01	-8.724736e-02
5.913985e-01	5.917765e-01	-6.649500e-02
4.323126e-01	4.830039e-01	-1.665078e-01
6.025050e-01	4.654223e-01	-1.620501e-01
4.241868e-01	4.408464e-01	-1.974522e-01
6.103239e-01	4.303188e-01	-1.954063e-01
4.282257e-01	4.402359e-01	-2.369386e-01
6.046871e-01	4.291680e-01	-2.323323e-01
4.348273e-01	4.531748e-01	-1.852569e-01
5.992110e-01	4.418974e-01	-1.807195e-01
4.898279e-01	4.632298e-01	7.744693e-04
5.523534e-01	4.621257e-01	-6.658729e-04
4.680629e-01	2.773454e-01	3.042464e-02
5.659025e-01	2.735789e-01	5.354417e-02
4.645579e-01	1.130054e-01	2.096758e-01
5.712696e-01	1.133303e-01	2.472517e-01
4.723121e-01	8.557627e-02	2.180988e-01
5.602731e-01	8.611817e-02	2.577866e-01
4.307300e-01	5.855378e-02	1.029017e-01
6.008704e-01	5.525624e-02	1.416199e-01
5.306805e-01	8.580740e-01	-2.975089e-01
5.245227e-01	8.771645e-01	-2.790382e-01
5.198020e-01	8.768920e-01	-2.790551e-01
5.161804e-01	8.763460e-01	-2.789747e-01
5.376483e-01	8.761954e-01	-2.783782e-01
5.417746e-01	8.750731e-01	-2.784121e-01
5.462016e-01	8.736468e-01	-2.782744e-01
5.105273e-01	8.647752e-01	-1.669333e-01
5.512472e-01	8.611552e-01	-1.638747e-01
5.210041e-01	8.352008e-01	-2.554061e-01
5.382785e-01	8.325531e-01	-2.543194e-01
4.724701e-01	7.374943e-01	-1.049045e-01
5.799235e-01	7.297912e-01	-8.568204e-02
4.531566e-01	6.039872e-01	-8.710783e-02
5.953143e-01	5.874181e-01	-6.296460e-02
4.240022e-01	4.831345e-01	-1.822598e-01
6.101151e-01	4.615818e-01	-1.671270e-01
4.123113e-01	4.409186e-01	-2.153358e-01
6.206508e-01	4.251856e-01	-2.018850e-01
4.170579e-01	4.403027e-01	-2.550215e-01
6.148455e-01	4.211597e-01	-2.393011e-01
4.238354e-01	4.532714e-01	-2.013559e-01
6.077834e-01	4.337574e-01	-1.864243e-01
4.891171e-01	4.539052e-01	8.439990e-04
5.517087e-01	4.542975e-01	-7.316914e-04
4.649788e-01	2.694669e-01	1.944451e-02
5.680497e-01	2.679550e-01	3.528464e-02
4.642256e-01	1.127080e-01	2.302105e-01
5.711934e-01	1.133348e-01	2.531776e-01
4.722978e-01	8.543140e-02	2.452031e-01
5.600849e-01	8.611877e-02	2.665559e-01
4.297181e-01	5.808873e-02	1.422778e-01
6.008290e-01	5.519311e-02	1.535948e-01
5.310026e-01	8.507895e-01	-2.827043e-01
5.247098e-01	8.696411e-01	-2.632617e-01
5.199622e-01	8.694198e-01	-2.632734e-01
5.162353e-01	8.685211e-01	-2.631865e-01
5.377596e-01	8.685161e-01	-2.615655e-01
5.419261e-01	8.675071e-01	-2.615811e-01
5.462849e-01	8.660878e-01	-2.614206e-01
5.105255e-01	8.566478e-01	-1.493936e-01
5.512482e-01	8.543385e-01	-1.414542e-01
5.212408e-01	8.276243e-01	-2.404321e-01
5.383682e-01	8.250242e-01	-2.379887e-01
4.728612e-01	7.341633e-01	-8.883078e-02
5.796341e-01	7.271774e-01	-6.671761e-02
4.520345e-01	6.039654e-01	-8.183490e-02
5.964414e-01	5.876202e-01	-5.471092e-02
4.197236e-01	4.834844e-01	-1.799233e-01
6.139019e-01	4.616556e-01	-1.747962e-01
4.071489e-01	4.413773e-01	-2.153345e-01
6.254607e-01	4.260099e-01	-2.156086e-01
4.126854e-01	4.404706e-01	-2.570684e-01
6.197730e-01	4.228367e-01	-2.512093e-01
4.201412e-01	4.533717e-01	-2.000997e-01
6.121284e-01	4.354950e-01	-1.944633e-01
4.890041e-01	4.480652e-01	8.877019e-04
5.515673e-01	4.491102e-01	-7.689332e-04
4.626027e-01	2.628001e-01	2.578648e-04
5.703355e-01	2.624144e-01	2.459091e-02
4.634548e-01	1.127055e-01	2.350466e-01
5.712107e-01	1.133381e-01	2.588763e-01
4.719530e-01	8.559567e-02	2.518809e-01
5.600879e-01	8.611798e-02	2.733337e-01
4.291011e-01	5.696975e-02	1.468932e-01
6.008438e-01	5.513271e-02	1.573059e-01
5.310950e-01	8.471196e-01	-2.701351e-01
5.248346e-01	8.654334e-01	-2.491593e-01
5.200736e-01	8.652278e-01	-2.491788e-01
5.162743e-01	8.642676e-01	-2.490967e-01
5.378386e-01	8.640105e-01	-2.475900e-01
5.420380e-01	8.628551e-01	-2.476059e-01
5.463547e-01	8.612894e-01	-2.474530e-01
5.105449e-01	8.517503e-01	-1.336924e-01
5.513073e-01	8.492127e-01	-1.258640e-01
5.212700e-01	8.235934e-01	-2.279737e-01
5.383954e-01	8.207978e-01	-2.255372e-01
4.734983e-01	7.299672e-01	-7.932527e-02
5.793148e-01	7.212301e-01	-5.455172e-02
4.513874e-01	6.043468e-01	-8.129767e-02
5.986017e-01	5.860091e-01	-4.676887e-02
4.179021e-01	4.880256e-01	-1.905088e-01
6.192448e-01	4.621491e-01	-1.725105e-01
4.051243e-01	4.491104e-01	-2.278677e-01
6.329914e-01	4.266870e-01	-2.138258e-01
4.109041e-01	4.459604e-01	-2.688521e-01
6.302183e-01	4.239138e-01	-2.498014e-01
4.190850e-01	4.593278e-01	-2.107453e-01
6.219186e-01	4.359713e-01	-1.925640e-01
4.884059e-01	4.415530e-01	2.274173e-05
5.511296e-01	4.423138e-01	1.281298e-04
4.597400e-01	2.585460e-01	-1.877193e-02
5.734982e-01	2.581797e-01	4.891576e-03
4.632850e-01	1.127029e-01	2.355307e-01
5.712255e-01	1.133765e-01	2.584674e-01
4.719555e-01	8.577727e-02	2.533883e-01
5.601227e-01	8.624540e-02	2.709662e-01
4.290760e-01	5.695696e-02	1.462848e-01
6.009272e-01	5.441052e-02	1.532967e-01
5.305916e-01	8.347245e-01	-2.562575e-01
5.246884e-01	8.536837e-01	-2.349376e-01
5.199038e-01	8.537022e-01	-2.349572e-01
5.160793e-01	8.534600e-01	-2.348696e-01
5.376445e-01	8.523486e-01	-2.345025e-01
5.418425e-01	8.514796e-01	-2.345035e-01
5.461819e-01	8.505456e-01	-2.343500e-01
5.104445e-01	8.427419e-01	-1.170569e-01
5.513042e-01	8.398125e-01	-1.139061e-01
5.208971e-01	8.122388e-01	-2.130565e-01
5.378594e-01	8.098292e-01	-2.119401e-01
4.737716e-01	7.252701e-01	-5.874209e-02
5.791894e-01	7.149614e-01	-4.463492e-02
4.506389e-01	6.057817e-01	-6.431734e-02
6.005415e-01	5.860652e-01	-3.951809e-02
4.159377e-01	4.966560e-01	-1.921321e-01
6.250803e-01	4.661529e-01	-1.728071e-01
4.016824e-01	4.624333e-01	-2.314457e-01
6.409892e-01	4.352866e-01	-2.166779e-01
4.069398e-01	4.584084e-01	-2.716983e-01
6.374388e-01	4.301050e-01	-2.519220e-01
4.157174e-01	4.699098e-01	-2.126749e-01
6.284013e-01	4.384311e-01	-1.928679e-01
4.878380e-01	4.345108e-01	1.121670e-04
5.510999e-01	4.358921e-01	3.837197e-05
4.573238e-01	2.552806e-01	-2.985606e-02
5.761515e-01	2.565099e-01	-1.724439e-03
4.630145e-01	1.127903e-01	2.363406e-01
5.711786e-01	1.135611e-01	2.573531e-01
4.719533e-01	8.664743e-02	2.554747e-01
5.601143e-01	8.708121e-02	2.716112e-01
4.289189e-01	5.589233e-02	1.495753e-01
6.011387e-01	5.439043e-02	1.554911e-01
5.304495e-01	8.189191e-01	-2.385164e-01
5.246891e-01	8.393770e-01	-2.180489e-01
5.199133e-01	8.395777e-01	-2.180545e-01
5.160828e-01	8.395367e-01	-2.179492e-01
5.375999e-01	8.379704e-01	-2.164830e-01
5.418161e-01	8.371044e-01	-2.164600e-01
5.461382e-01	8.360614e-01	-2.162585e-01
5.105397e-01	8.310094e-01	-1.009629e-01
5.512637e-01	8.261410e-01	-9.249192e-02
5.208158e-01	7.986050e-01	-1.955605e-01
5.374895e-01	7.952573e-01	-1.928774e-01
4.746360e-01	7.215608e-01	-5.017335e-02
5.787036e-01	7.088848e-01	-2.565517e-02
4.500408e-01	6.076612e-01	-8.640422e-02
6.016021e-01	5.872928e-01	-4.285250e-02
4.151774e-01	5.076277e-01	-2.638347e-01
6.296207e-01	4.755316e-01	-2.323947e-01
3.992597e-01	4.746441e-01	-3.096720e-01
6.462761e-01	4.464263e-01	-2.835150e-01
4.052557e-01	4.692335e-01	-3.483488e-01
6.406472e-01	4.420216e-01	-3.154148e-01
4.142114e-01	4.787998e-01	-2.842956e-01
6.320964e-01	4.497933e-01	-2.525460e-01
4.874943e-01	4.298664e-01	8.686758e-05
5.510759e-01	4.306675e-01	6.662920e-05
4.556211e-01	2.532855e-01	-2.522965e-02
5.767305e-01	2.503710e-01	8.913400e-03
4.629516e-01	1.127805e-01	2.357535e-01
5.705668e-01	1.126938e-01	2.633537e-01
4.721215e-01	8.664812e-02	2.542987e-01
5.591515e-01	8.662040e-02	2.794506e-01
4.286887e-01	5.588617e-02	1.503003e-01
6.012025e-01	5.369756e-02	1.685892e-01
5.305316e-01	8.054991e-01	-2.325212e-01
5.247961e-01	8.269987e-01	-2.125717e-01
5.200422e-01	8.275174e-01	-2.125977e-01
5.161368e-01	8.280436e-01	-2.125117e-01
5.377298e-01	8.248870e-01	-2.111320e-01
5.420396e-01	8.240355e-01	-2.110919e-01
5.462707e-01	8.233127e-01	-2.108965e-01
5.105704e-01	8.207620e-01	-9.683906e-02
5.512635e-01	8.144032e-01	-8.867024e-02
5.208354e-01	7.858962e-01	-1.898749e-01
5.374929e-01	7.814483e-01	-1.872574e-01
4.751924e-01	7.159469e-01	-4.697820e-02
5.784985e-01	6.980860e-01	-1.805051e-02
4.493445e-01	6.106548e-01	-8.478941e-02
6.029035e-01	5.863615e-01	-4.037962e-02
4.139497e-01	5.218175e-01	-2.584977e-01
6.329993e-01	4.838996e-01	-2.114935e-01
3.980396e-01	4.872172e-01	-3.034236e-01
6.504212e-01	4.506078e-01	-2.587744e-01
4.047650e-01	4.813494e-01	-3.406050e-01
6.464204e-01	4.479089e-01	-2.916634e-01
4.136327e-01	4.899430e-01	-2.782153e-01
6.372282e-01	4.578464e-01	-2.315888e-01
4.870166e-01	4.258803e-01	-7.885002e-04
5.510756e-01	4.252248e-01	9.456783e-04
4.537392e-01	2.476156e-01	-5.856279e-02
5.778058e-01	2.442103e-01	-2.576798e-02
4.629439e-01	1.127847e-01	2.094552e-01
5.696642e-01	1.119477e-01	2.277884e-01
4.723330e-01	8.694835e-02	2.295403e-01
5.577205e-01	8.638351e-02	2.445278e-01
4.285528e-01	5.575025e-02	1.294815e-01
6.012757e-01	5.311748e-02	1.392890e-01
5.302810e-01	7.956092e-01	-2.399464e-01
5.247582e-01	8.170608e-01	-2.183101e-01
5.200220e-01	8.175844e-01	-2.183635e-01
5.161159e-01	8.181357e-01	-2.182982e-01
5.376931e-01	8.148800e-01	-2.181664e-01
5.420328e-01	8.141044e-01	-2.181309e-01
5.462693e-01	8.133340e-01	-2.179442e-01
5.106096e-01	8.112239e-01	-9.442282e-02
5.513146e-01	8.040052e-01	-9.241173e-02
5.207094e-01	7.761682e-01	-1.946177e-01
5.372723e-01	7.707512e-01	-1.936518e-01
4.761915e-01	7.097504e-01	-4.590560e-02
5.784897e-01	6.864386e-01	-1.967652e-02
4.495272e-01	6.144206e-01	-1.097811e-01
6.050082e-01	5.807648e-01	-6.336454e-02
4.146529e-01	5.439456e-01	-3.274904e-01
6.364112e-01	4.855866e-01	-2.673924e-01
3.989525e-01	5.154989e-01	-3.784500e-01
6.538180e-01	4.527257e-01	-3.184533e-01
4.056843e-01	5.095274e-01	-4.136015e-01
6.514316e-01	4.548423e-01	-3.503953e-01
4.140930e-01	5.164533e-01	-3.475743e-01
6.425687e-01	4.635602e-01	-2.880963e-01
4.867922e-01	4.214770e-01	-1.378753e-03
5.509723e-01	4.188711e-01	1.540769e-03
4.521889e-01	2.461725e-01	-6.495003e-02
5.782354e-01	2.402750e-01	-4.334255e-02
4.628848e-01	1.129000e-01	2.029243e-01
5.681736e-01	1.118892e-01	2.201571e-01
4.724507e-01	8.816944e-02	2.226552e-01
5.557864e-01	8.684288e-02	2.378904e-01
4.283785e-01	5.580800e-02	1.190514e-01
6.004100e-01	5.303406e-02	1.319224e-01
5.305731e-01	7.856403e-01	-2.283431e-01
5.249206e-01	8.064950e-01	-2.075308e-01
5.202563e-01	8.071313e-01	-2.075926e-01
5.162362e-01	8.074604e-01	-2.075289e-01
5.377944e-01	8.043643e-01	-2.051601e-01
5.421947e-01	8.036754e-01	-2.051121e-01
5.463558e-01	8.029128e-01	-2.049284e-01
5.106227e-01	7.999669e-01	-8.860616e-02
5.513033e-01	7.935694e-01	-7.566413e-02
5.210671e-01	7.657944e-01	-1.850115e-01
5.373417e-01	7.610593e-01	-1.809929e-01
4.761561e-01	6.979486e-01	-4.978291e-02
5.782154e-01	6.776316e-01	-6.797480e-03
4.486071e-01	6.174765e-01	-1.627798e-01
6.069049e-01	5.793607e-01	-6.808530e-02
4.159386e-01	5.597943e-01	-4.247929e-01
6.422891e-01	4.877551e-01	-2.772376e-01
3.999159e-01	5.374348e-01	-4.818901e-01
6.588916e-01	4.622518e-01	-3.288845e-01
4.069269e-01	5.344665e-01	-5.123512e-01
6.564335e-01	4.645876e-01	-3.579389e-01
4.151707e-01	5.388363e-01	-4.436863e-01
6.476440e-01	4.726822e-01	-2.973785e-01
4.867014e-01	4.153117e-01	-2.751525e-03
5.508301e-01	4.111006e-01	2.933289e-03
4.515820e-01	2.395246e-01	-8.427028e-02
5.794967e-01	2.364622e-01	-3.987946e-02
4.628087e-01	1.128395e-01	1.855013e-01
5.679672e-01	1.118716e-01	2.248513e-01
4.724518e-01	8.922629e-02	2.059515e-01
5.556101e-01	8.913244e-02	2.427154e-01
4.282108e-01	5.488283e-02	1.004479e-01
6.001549e-01	5.289767e-02	1.349739e-01
5.305754e-01	7.746139e-01	-2.346913e-01
5.249476e-01	7.956370e-01	-2.135243e-01
5.203062e-01	7.964112e-01	-2.135973e-01
5.162485e-01	7.967611e-01	-2.135399e-01
5.377987e-01	7.937568e-01	-2.117099e-01
5.422111e-01	7.934002e-01	-2.116588e-01
5.463568e-01	7.928120e-01	-2.114766e-01
5.106270e-01	7.902842e-01	-9.159603e-02
5.512222e-01	7.842646e-01	-8.103537e-02
5.210858e-01	7.546768e-01	-1.901293e-01
5.372816e-01	7.505790e-01	-1.867867e-01
4.761569e-01	6.894534e-01	-5.099894e-02
5.780253e-01	6.718397e-01	-1.539153e-02
4.485061e-01	6.220953e-01	-1.846519e-01
6.095808e-01	5.799522e-01	-1.016285e-01
4.169306e-01	5.672721e-01	-4.633094e-01
6.456843e-01	4.953529e-01	-3.245302e-01
4.017697e-01	5.503491e-01	-5.228799e-01
6.649242e-01	4.657809e-01	-3.780536e-01
4.085531e-01	5.528579e-01	-5.503781e-01
6.597430e-01	4.710120e-01	-4.042031e-01
4.166598e-01	5.550728e-01	-4.815372e-01
6.499434e-01	4.781590e-01	-3.438707e-01
4.866032e-01	4.077398e-01	-2.662492e-03
5.509084e-01	4.023792e-01	2.862107e-03
4.496830e-01	2.365987e-01	-1.460221e-01
5.807517e-01	2.290121e-01	-5.349467e-02
4.628240e-01	1.128184e-01	1.418836e-01
5.678376e-01	1.115495e-01	2.289813e-01
4.726733e-01	9.089722e-02	1.645990e-01
5.550390e-01	9.000053e-02	2.463261e-01
4.282047e-01	5.450886e-02	5.577139e-02
5.994587e-01	5.085822e-02	1.377456e-01
5.297410e-01	7.634785e-01	-2.335875e-01
5.245404e-01	7.839190e-01	-2.133040e-01
5.197790e-01	7.846938e-01	-2.133811e-01
5.159746e-01	7.851677e-01	-2.133334e-01
5.374532e-01	7.817872e-01	-2.124380e-01
5.418307e-01	7.813112e-01	-2.123950e-01
5.461140e-01	7.807435e-01	-2.122359e-01
5.104893e-01	7.795836e-01	-9.273520e-02
5.510373e-01	7.731467e-01	-8.656977e-02
5.205507e-01	7.436294e-01	-1.889744e-01
5.367864e-01	7.393249e-01	-1.868291e-01
4.761923e-01	6.815065e-01	-5.260467e-02
5.778614e-01	6.643633e-01	-2.301799e-02
4.486506e-01	6.276098e-01	-2.134991e-01
6.104950e-01	5.802909e-01	-1.202049e-01
4.213122e-01	5.887305e-01	-5.041681e-01
6.461936e-01	5.108630e-01	-3.302367e-01
4.084531e-01	5.803249e-01	-5.639548e-01
6.632171e-01	4.828976e-01	-3.810277e-01
4.152720e-01	5.778442e-01	-5.844582e-01
6.603753e-01	4.828005e-01	-4.036056e-01
4.224889e-01	5.789118e-01	-5.204335e-01
6.507242e-01	4.913614e-01	-3.479550e-01
4.860170e-01	4.009934e-01	-2.518286e-03
5.505537e-01	3.941781e-01	2.710597e-03
4.487159e-01	2.334276e-01	-1.622052e-01
5.813875e-01	2.232284e-01	-6.064423e-02
4.627647e-01	1.133059e-01	1.331856e-01
5.669049e-01	1.091441e-01	2.254591e-01
4.726585e-01	9.370950e-02	1.568524e-01
5.532926e-01	8.967113e-02	2.449259e-01
4.282282e-01	5.507575e-02	4.763860e-02
5.994295e-01	5.013769e-02	1.368157e-01
5.294069e-01	7.536236e-01	-2.369645e-01
5.241838e-01	7.734854e-01	-2.182647e-01
5.193112e-01	7.740188e-01	-2.183410e-01
5.156403e-01	7.744235e-01	-2.183077e-01
5.372345e-01	7.714910e-01	-2.163739e-01
5.415808e-01	7.708725e-01	-2.163504e-01
5.459101e-01	7.703340e-01	-2.162137e-01
5.100185e-01	7.687680e-01	-1.003738e-01
5.508245e-01	7.627035e-01	-9.010465e-02
5.202467e-01	7.337717e-01	-1.930101e-01
5.364676e-01	7.299314e-01	-1.895050e-01
4.762732e-01	6.744090e-01	-5.593283e-02
5.767566e-01	6.604337e-01	-2.748463e-02
4.458395e-01	6.262913e-01	-2.304456e-01
6.095408e-01	5.863218e-01	-1.494594e-01
4.333338e-01	6.025682e-01	-5.095604e-01
6.388831e-01	5.564311e-01	-3.940915e-01
4.253169e-01	6.005242e-01	-5.705188e-01
6.558315e-01	5.423463e-01	-4.519140e-01
4.350077e-01	6.035210e-01	-5.834304e-01
6.418349e-01	5.474460e-01	-4.635583e-01
4.418702e-01	6.016120e-01	-5.227107e-01
6.318929e-01	5.502787e-01	-4.084729e-01
4.856491e-01	3.903311e-01	-1.946438e-03
5.502642e-01	3.863474e-01	2.139704e-03
4.488801e-01	2.281938e-01	-1.339457e-01
5.820260e-01	2.141675e-01	-4.287750e-02
4.627646e-01	1.133300e-01	1.630353e-01
5.673183e-01	1.091464e-01	2.662860e-01
4.726985e-01	9.422567e-02	1.799190e-01
5.538156e-01	9.079926e-02	2.897126e-01
4.282376e-01	5.507675e-02	6.978808e-02
5.980308e-01	5.014158e-02	1.829411e-01
5.291480e-01	7.414101e-01	-2.359713e-01
5.237560e-01	7.613307e-01	-2.183739e-01
5.187784e-01	7.620852e-01	-2.184448e-01
5.152638e-01	7.626806e-01	-2.184079e-01
5.370445e-01	7.591015e-01	-2.169773e-01
5.414463e-01	7.582620e-01	-2.169661e-01
5.458374e-01	7.576688e-01	-2.168503e-01
5.095103e-01	7.577115e-01	-1.029783e-01
5.508164e-01	7.506284e-01	-9.488232e-02
5.200219e-01	7.213653e-01	-1.926436e-01
5.363830e-01	7.182581e-01	-1.899438e-01
4.772446e-01	6.683730e-01	-6.227914e-02
5.757264e-01	6.547791e-01	-4.976093e-02
4.461428e-01	6.256014e-01	-2.775822e-01
6.078517e-01	5.910785e-01	-2.328837e-01
4.429044e-01	6.015127e-01	-5.764811e-01
6.260878e-01	5.738220e-01	-5.114122e-01
4.349040e-01	6.050870e-01	-6.432189e-01
6.410060e-01	5.690137e-01	-5.761510e-01
4.472402e-01	6.053188e-01	-6.521161e-01
6.263199e-01	5.780029e-01	-5.821580e-01
4.537316e-01	6.009301e-01	-5.896310e-01
6.162868e-01	5.758886e-01	-5.248352e-01
4.853036e-01	3.826151e-01	1.011644e-05
5.492949e-01	3.784469e-01	1.602429e-04
4.480976e-01	2.242331e-01	-1.351504e-01
5.822767e-01	2.085703e-01	-5.631456e-02
4.628778e-01	1.133546e-01	1.718167e-01
5.676950e-01	1.082485e-01	2.582503e-01
4.733731e-01	9.428333e-02	1.911220e-01
5.541316e-01	9.076823e-02	2.780484e-01
4.281952e-01	5.529945e-02	7.478894e-02
5.976046e-01	4.897713e-02	1.714531e-01
5.289639e-01	7.328565e-01	-2.226236e-01
5.234429e-01	7.517199e-01	-2.051758e-01
5.183997e-01	7.524931e-01	-2.052345e-01
5.149537e-01	7.530892e-01	-2.052071e-01
5.367982e-01	7.496215e-01	-2.078355e-01
5.411714e-01	7.488243e-01	-2.078173e-01
5.456280e-01	7.482489e-01	-2.077057e-01
5.090324e-01	7.482433e-01	-8.711062e-02
5.506629e-01	7.413426e-01	-9.634738e-02
5.198947e-01	7.130836e-01	-1.770983e-01
5.363123e-01	7.103601e-01	-1.798393e-01
4.783455e-01	6.636215e-01	-5.777388e-02
5.745303e-01	6.510613e-01	-7.962815e-02
4.552867e-01	6.294484e-01	-2.784981e-01
5.928704e-01	6.052204e-01	-3.299475e-01
4.548238e-01	6.086369e-01	-5.608109e-01
6.029714e-01	5.921392e-01	-6.484899e-01
4.444261e-01	6.120504e-01	-6.249402e-01
6.165083e-01	5.943898e-01	-7.206858e-01
4.567195e-01	6.101246e-01	-6.351967e-01
6.076677e-01	5.966042e-01	-7.244610e-01
4.643289e-01	6.053193e-01	-5.747032e-01
5.984674e-01	5.935419e-01	-6.629976e-01
4.842937e-01	3.793855e-01	8.484975e-03
5.481299e-01	3.739574e-01	-8.382231e-03
4.470876e-01	2.189914e-01	-1.132773e-01
5.822111e-01	2.013140e-01	-5.535257e-02
4.625465e-01	1.130458e-01	2.034050e-01
5.680479e-01	1.082875e-01	2.684362e-01
4.733743e-01	9.421133e-02	2.292463e-01
5.541977e-01	9.154719e-02	2.941717e-01
4.281472e-01	5.449691e-02	1.325221e-01
5.963730e-01	4.896913e-02	1.960296e-01
5.289641e-01	7.193059e-01	-2.221257e-01
5.233015e-01	7.399241e-01	-2.044153e-01
5.182304e-01	7.406579e-01	-2.044541e-01
5.147573e-01	7.411971e-01	-2.044090e-01
5.367279e-01	7.378404e-01	-2.065090e-01
5.411174e-01	7.371599e-01	-2.065026e-01
5.455393e-01	7.360824e-01	-2.064033e-01
5.088100e-01	7.360533e-01	-8.753434e-02
5.504988e-01	7.274959e-01	-9.580981e-02
5.198720e-01	7.005616e-01	-1.771550e-01
5.363140e-01	6.975474e-01	-1.790619e-01
4.782879e-01	6.505321e-01	-5.860726e-02
5.732791e-01	6.397154e-01	-9.124660e-02
4.635149e-01	6.286553e-01	-3.069134e-01
5.946091e-01	6.049042e-01	-3.701282e-01
4.571912e-01	6.132059e-01	-5.998036e-01
5.983908e-01	5.921692e-01	-6.950297e-01
4.480997e-01	6.159303e-01	-6.655320e-01
6.098012e-01	6.001897e-01	-7.685951e-01
4.584942e-01	6.173640e-01	-6.718764e-01
6.002663e-01	6.009428e-01	-7.639426e-01
4.643505e-01	6.128554e-01	-6.130606e-01
5.927433e-01	5.947161e-01	-7.063475e-01
4.831375e-01	3.739489e-01	1.014348e-02
5.470515e-01	3.695832e-01	-1.006614e-02
4.459282e-01	2.148398e-01	-1.083596e-01
5.823308e-01	1.981812e-01	-6.362482e-02
4.623831e-01	1.119973e-01	2.152608e-01
5.680481e-01	1.081227e-01	2.704048e-01
4.734733e-01	9.348473e-02	2.418842e-01
5.541366e-01	9.129060e-02	2.974938e-01
4.279302e-01	5.336833e-02	1.463383e-01
5.960677e-01	4.831380e-02	1.988262e-01
5.280013e-01	7.114571e-01	-1.988880e-01
5.222284e-01	7.309404e-01	-1.797368e-01
5.174503e-01	7.316208e-01	-1.797672e-01
5.140479e-01	7.321004e-01	-1.797092e-01
5.358102e-01	7.291209e-01	-1.842158e-01
5.401646e-01	7.285566e-01	-1.842118e-01
5.445840e-01	7.276116e-01	-1.841111e-01
5.082082e-01	7.264007e-01	-5.997161e-02
5.497355e-01	7.183806e-01	-7.973902e-02
5.191003e-01	6.920118e-01	-1.529366e-01
5.357312e-01	6.896226e-01	-1.580334e-01
4.783922e-01	6.417418e-01	-3.386726e-02
5.712829e-01	6.311553e-01	-8.707104e-02
4.660645e-01	6.300689e-01	-2.588176e-01
5.887637e-01	6.082323e-01	-3.765671e-01
4.620394e-01	6.121688e-01	-5.206643e-01
5.905596e-01	6.094741e-01	-6.927718e-01
4.532193e-01	6.172941e-01	-5.781423e-01
6.013641e-01	6.145687e-01	-7.636156e-01
4.619738e-01	6.171598e-01	-5.883566e-01
5.919281e-01	6.143841e-01	-7.589899e-01
4.682056e-01	6.128120e-01	-5.338899e-01
5.848173e-01	6.082131e-01	-7.037274e-01
4.826729e-01	3.717581e-01	1.381628e-02
5.466675e-01	3.662644e-01	-1.379367e-02
4.454817e-01	2.114693e-01	-1.070537e-01
5.827617e-01	1.947757e-01	-6.511395e-02
4.620644e-01	1.115168e-01	2.153040e-01
5.681319e-01	1.076537e-01	2.651800e-01
4.733655e-01	9.300272e-02	2.410970e-01
5.542463e-01	9.042868e-02	2.914869e-01
4.280283e-01	5.303075e-02	1.470859e-01
5.958225e-01	4.782985e-02	1.940945e-01
5.277687e-01	7.037980e-01	-2.102133e-01
5.219139e-01	7.223119e-01	-1.918910e-01
5.171899e-01	7.229873e-01	-1.919416e-01
5.138787e-01	7.235575e-01	-1.919097e-01
5.354928e-01	7.205846e-01	-1.936779e-01
5.398363e-01	7.199625e-01	-1.936675e-01
5.442530e-01	7.191581e-01	-1.935549e-01
5.081232e-01	7.175010e-01	-7.570107e-02
5.491753e-01	7.104989e-01	-8.441421e-02
5.188955e-01	6.841228e-01	-1.663844e-01
5.355384e-01	6.818846e-01	-1.679321e-01
4.789945e-01	6.326461e-01	-6.671642e-02
5.697008e-01	6.210530e-01	-9.092251e-02
4.693112e-01	6.298043e-01	-3.508804e-01
5.848358e-01	6.063703e-01	-3.770397e-01
4.646216e-01	6.230710e-01	-6.402830e-01
5.852957e-01	6.053395e-01	-6.911832e-01
4.580382e-01	6.294026e-01	-7.070521e-01
5.971622e-01	6.157504e-01	-7.622446e-01
4.651069e-01	6.290777e-01	-7.074038e-01
5.887432e-01	6.183830e-01	-7.581478e-01
4.698834e-01	6.224623e-01	-6.515085e-01
5.813504e-01	6.117535e-01	-7.030772e-01
4.827422e-01	3.647739e-01	1.237182e-02
5.467130e-01	3.577939e-01	-1.230271e-02
4.449681e-01	2.053183e-01	-1.045187e-01
5.827979e-01	1.881770e-01	-6.801553e-02
4.615322e-01	1.110794e-01	2.228591e-01
5.688026e-01	1.075101e-01	2.691154e-01
4.730188e-01	9.259183e-02	2.498709e-01
5.544752e-01	9.029400e-02	2.975247e-01
4.273771e-01	5.127591e-02	1.582667e-01
5.958385e-01	4.707702e-02	2.066289e-01
5.273766e-01	6.954920e-01	-2.108347e-01
5.214118e-01	7.134902e-01	-1.930148e-01
5.168141e-01	7.141620e-01	-1.930691e-01
5.135410e-01	7.144519e-01	-1.930497e-01
5.350820e-01	7.118836e-01	-1.951361e-01
5.394527e-01	7.110983e-01	-1.951234e-01
5.439226e-01	7.104410e-01	-1.950110e-01
5.079456e-01	7.080116e-01	-8.016481e-02
5.487373e-01	7.023972e-01	-8.745296e-02
5.185623e-01	6.753073e-01	-1.679934e-01
5.352511e-01	6.731138e-01	-1.698591e-01
4.798481e-01	6.262389e-01	-7.163241e-02
5.684281e-01	6.117306e-01	-9.986416e-02
4.714434e-01	6.274421e-01	-3.471175e-01
5.766448e-01	6.026612e-01	-3.941675e-01
4.676688e-01	6.247649e-01	-6.322581e-01
5.841636e-01	6.045519e-01	-7.151815e-01
4.615482e-01	6.375956e-01	-6.978133e-01
5.952368e-01	6.198621e-01	-7.883893e-01
4.689080e-01	6.360168e-01	-6.998922e-01
5.887173e-01	6.240627e-01	-7.861038e-01
4.733862e-01	6.274416e-01	-6.443297e-01
5.815358e-01	6.147544e-01	-7.284299e-01
4.830225e-01	3.605484e-01	1.179645e-02
5.467660e-01	3.538927e-01	-1.174340e-02
4.442964e-01	2.013929e-01	-1.040023e-01
5.827566e-01	1.818284e-01	-6.385152e-02
4.615208e-01	1.107372e-01	2.274879e-01
5.689161e-01	1.069673e-01	2.749955e-01
4.730709e-01	9.250601e-02	2.543537e-01
5.545045e-01	8.921458e-02	3.037989e-01
4.273880e-01	5.099531e-02	1.631843e-01
5.956944e-01	4.709591e-02	2.129753e-01
5.264490e-01	6.870102e-01	-2.061475e-01
5.206100e-01	7.052648e-01	-1.890499e-01
5.162708e-01	7.060460e-01	-1.891140e-01
5.129941e-01	7.063345e-01	-1.891096e-01
5.343609e-01	7.036110e-01	-1.895833e-01
5.387980e-01	7.028573e-01	-1.895633e-01
5.433449e-01	7.021897e-01	-1.894495e-01
5.075983e-01	7.003722e-01	-8.029868e-02
5.483251e-01	6.944324e-01	-8.140849e-02
5.179129e-01	6.672752e-01	-1.648032e-01
5.345732e-01	6.649166e-01	-1.644605e-01
4.811552e-01	6.212443e-01	-7.753948e-02
5.674003e-01	6.069641e-01	-8.974662e-02
4.758802e-01	6.217741e-01	-3.608431e-01
5.741264e-01	6.000432e-01	-3.644296e-01
4.721965e-01	6.241271e-01	-6.489199e-01
5.815040e-01	6.083398e-01	-6.743470e-01
4.641964e-01	6.369868e-01	-7.163321e-01
5.919157e-01	6.255985e-01	-7.444503e-01
4.707941e-01	6.336606e-01	-7.180987e-01
5.861696e-01	6.269755e-01	-7.429141e-01
4.760103e-01	6.248855e-01	-6.609002e-01
5.792286e-01	6.182619e-01	-6.875194e-01
4.831649e-01	3.570075e-01	1.072508e-02
5.467954e-01	3.495638e-01	-1.071790e-02
4.437307e-01	1.997751e-01	-1.058339e-01
5.828255e-01	1.783220e-01	-6.036128e-02
4.612294e-01	1.106989e-01	2.210716e-01
5.693005e-01	1.076468e-01	2.929698e-01
4.726917e-01	9.247874e-02	2.473293e-01
5.551335e-01	8.951008e-02	3.236609e-01
4.272754e-01	5.078612e-02	1.560570e-01
5.956063e-01	4.704840e-02	2.406418e-01
5.255906e-01	6.782731e-01	-1.988614e-01
5.198077e-01	6.965579e-01	-1.816672e-01
5.157444e-01	6.973634e-01	-1.817408e-01
5.124305e-01	6.976969e-01	-1.817468e-01
5.335175e-01	6.952071e-01	-1.810660e-01
5.379854e-01	6.947374e-01	-1.810483e-01
5.425795e-01	6.942431e-01	-1.809344e-01
5.070256e-01	6.921477e-01	-7.497511e-02
5.477442e-01	6.870515e-01	-7.074979e-02
5.171763e-01	6.589251e-01	-1.583686e-01
5.338145e-01	6.570578e-01	-1.565336e-01
4.814764e-01	6.140137e-01	-7.841318e-02
5.662051e-01	6.033973e-01	-8.198271e-02
4.760413e-01	6.158098e-01	-3.703946e-01
5.735987e-01	5.888720e-01	-3.470004e-01
4.733987e-01	6.241889e-01	-6.567142e-01
5.789053e-01	6.045314e-01	-6.506612e-01
4.650814e-01	6.398038e-01	-7.251744e-01
5.885386e-01	6.236054e-01	-7.189222e-01
4.703231e-01	6.385920e-01	-7.240775e-01
5.833088e-01	6.253684e-01	-7.170136e-01
4.762651e-01	6.286217e-01	-6.676100e-01
5.770199e-01	6.157141e-01	-6.635151e-01
4.838561e-01	3.515737e-01	7.721079e-03
5.468259e-01	3.439394e-01	-7.718187e-03
4.437417e-01	1.977572e-01	-1.139608e-01
5.830003e-01	1.745696e-01	-7.252174e-02
4.612456e-01	1.106412e-01	2.185500e-01
5.691490e-01	1.084142e-01	2.861588e-01
4.726925e-01	9.244230e-02	2.453551e-01
5.549523e-01	9.013963e-02	3.171243e-01
4.276836e-01	5.109967e-02	1.512310e-01
5.939813e-01	4.701829e-02	2.384377e-01
5.253156e-01	6.714088e-01	-2.020717e-01
5.196520e-01	6.888152e-01	-1.848844e-01
5.155815e-01	6.894626e-01	-1.849482e-01
5.123607e-01	6.897764e-01	-1.849433e-01
5.331388e-01	6.879377e-01	-1.839560e-01
5.375826e-01	6.875818e-01	-1.839435e-01
5.422291e-01	6.873295e-01	-1.838264e-01
5.068746e-01	6.840999e-01	-7.800885e-02
5.474578e-01	6.798254e-01	-7.376231e-02
5.169985e-01	6.513608e-01	-1.619383e-01
5.335045e-01	6.499590e-01	-1.598801e-01
4.818930e-01	6.042471e-01	-8.446789e-02
5.653063e-01	5.976167e-01	-8.194623e-02
4.771733e-01	5.960540e-01	-3.802598e-01
5.728694e-01	5.837100e-01	-3.570397e-01
4.757155e-01	6.220313e-01	-6.655971e-01
5.771925e-01	6.101810e-01	-6.541795e-01
4.672851e-01	6.403114e-01	-7.329326e-01
5.863615e-01	6.287253e-01	-7.209178e-01
4.720284e-01	6.413975e-01	-7.298927e-01
5.812558e-01	6.295905e-01	-7.174024e-01
4.783528e-01	6.303301e-01	-6.756077e-01
5.753286e-01	6.202401e-01	-6.663420e-01
4.840862e-01	3.452085e-01	6.994784e-03
5.464776e-01	3.381776e-01	-6.987417e-03
4.438212e-01	1.967354e-01	-1.182535e-01
5.830653e-01	1.735988e-01	-7.480462e-02
4.609668e-01	1.106519e-01	2.043924e-01
5.690974e-01	1.087014e-01	2.831073e-01
4.722892e-01	9.260687e-02	2.317449e-01
5.549836e-01	9.132224e-02	3.100266e-01
4.274492e-01	5.096765e-02	1.495121e-01
5.924373e-01	4.702391e-02	2.276552e-01
5.253357e-01	6.600835e-01	-2.050641e-01
5.196446e-01	6.781772e-01	-1.880240e-01
5.155300e-01	6.786442e-01	-1.880852e-01
5.123432e-01	6.789693e-01	-1.880759e-01
5.330011e-01	6.776603e-01	-1.867841e-01
5.374481e-01	6.774902e-01	-1.867697e-01
5.420788e-01	6.776201e-01	-1.866485e-01
5.067298e-01	6.736091e-01	-8.480293e-02
5.472010e-01	6.706783e-01	-7.643904e-02
5.169895e-01	6.405909e-01	-1.644514e-01
5.334705e-01	6.395965e-01	-1.628566e-01
4.820830e-01	5.957444e-01	-9.575715e-02
5.643093e-01	5.918376e-01	-8.367714e-02
4.779142e-01	5.927789e-01	-3.933692e-01
5.733149e-01	5.846244e-01	-3.584380e-01
4.772278e-01	6.201090e-01	-6.722026e-01
5.757341e-01	6.134539e-01	-6.512035e-01
4.687267e-01	6.377816e-01	-7.395058e-01
5.850848e-01	6.307265e-01	-7.174133e-01
4.735423e-01	6.378155e-01	-7.359792e-01
5.794839e-01	6.302980e-01	-7.139269e-01
4.793600e-01	6.275916e-01	-6.818203e-01
5.736164e-01	6.209792e-01	-6.634436e-01
4.845380e-01	3.402629e-01	6.444647e-03
5.464695e-01	3.336852e-01	-6.432702e-03
4.437672e-01	1.949018e-01	-1.260417e-01
5.830541e-01	1.725729e-01	-7.149898e-02
4.608710e-01	1.099690e-01	1.804485e-01
5.695735e-01	1.087025e-01	2.730778e-01
4.721842e-01	9.175234e-02	2.058964e-01
5.561137e-01	9.098036e-02	3.014387e-01
4.273311e-01	5.045409e-02	1.234495e-01
5.925902e-01	4.712801e-02	2.205217e-01
5.247904e-01	6.520591e-01	-2.068542e-01
5.191168e-01	6.702830e-01	-1.892933e-01
5.151315e-01	6.708785e-01	-1.893561e-01
5.119978e-01	6.711104e-01	-1.893358e-01
5.324430e-01	6.696305e-01	-1.888174e-01
5.369049e-01	6.694900e-01	-1.888033e-01
5.416309e-01	6.695994e-01	-1.886825e-01
5.062794e-01	6.655032e-01	-9.168226e-02
5.469861e-01	6.622623e-01	-7.741277e-02
5.165107e-01	6.323819e-01	-1.667987e-01
5.330323e-01	6.311237e-01	-1.636294e-01
4.820619e-01	5.849507e-01	-1.008131e-01
5.643977e-01	5.822797e-01	-8.927326e-02
4.781777e-01	5.736942e-01	-3.884503e-01
5.746613e-01	5.783843e-01	-3.615528e-01
4.786821e-01	6.188285e-01	-6.553330e-01
5.738261e-01	6.077738e-01	-6.484811e-01
4.717070e-01	6.347818e-01	-7.195917e-01
5.816822e-01	6.251664e-01	-7.125088e-01
4.757527e-01	6.344417e-01	-7.140318e-01
5.768067e-01	6.249295e-01	-7.073465e-01
4.808823e-01	6.244543e-01	-6.636805e-01
5.717934e-01	6.161631e-01	-6.597803e-01
4.848608e-01	3.314376e-01	6.412752e-03
5.463870e-01	3.267920e-01	-6.400792e-03
4.435863e-01	1.928708e-01	-1.275392e-01
5.830860e-01	1.697494e-01	-7.573125e-02
4.603464e-01	1.095185e-01	1.769689e-01
5.696300e-01	1.097894e-01	2.700641e-01
4.716142e-01	9.174403e-02	2.023672e-01
5.566418e-01	9.197988e-02	3.000430e-01
4.271511e-01	4.959557e-02	1.209976e-01
5.920284e-01	4.803562e-02	2.216881e-01
5.245082e-01	6.451364e-01	-2.051247e-01
5.188649e-01	6.627097e-01	-1.885104e-01
5.148758e-01	6.629323e-01	-1.885658e-01
5.117536e-01	6.628332e-01	-1.885598e-01
5.321413e-01	6.628572e-01	-1.867962e-01
5.366017e-01	6.629642e-01	-1.867993e-01
5.413598e-01	6.630250e-01	-1.866917e-01
5.059485e-01	6.568868e-01	-9.190661e-02
5.467861e-01	6.548032e-01	-7.869250e-02
5.163099e-01	6.247391e-01	-1.673672e-01
5.327072e-01	6.238644e-01	-1.639974e-01
4.822195e-01	5.776443e-01	-9.988821e-02
5.642480e-01	5.745410e-01	-8.912019e-02
4.787044e-01	5.651597e-01	-3.792979e-01
5.753603e-01	5.633461e-01	-3.543950e-01
4.786296e-01	6.137176e-01	-6.394111e-01
5.731590e-01	6.018674e-01	-6.361508e-01
4.720150e-01	6.319940e-01	-7.022833e-01
5.806561e-01	6.198009e-01	-7.003322e-01
4.763164e-01	6.315523e-01	-6.985470e-01
5.750041e-01	6.201739e-01	-6.985416e-01
4.818093e-01	6.228467e-01	-6.480903e-01
5.697492e-01	6.124871e-01	-6.477060e-01
4.854523e-01	3.262011e-01	6.179478e-03
5.464150e-01	3.227993e-01	-6.156771e-03
4.436057e-01	1.925115e-01	-1.344478e-01
5.830800e-01	1.671533e-01	-7.423154e-02
4.602483e-01	1.093900e-01	1.548018e-01
5.692557e-01	1.116260e-01	2.607667e-01
4.713508e-01	9.222882e-02	1.788929e-01
5.564803e-01	9.349672e-02	2.898688e-01
4.272839e-01	4.961204e-02	9.967189e-02
5.917763e-01	4.954702e-02	2.190469e-01
5.244971e-01	6.368819e-01	-2.044572e-01
5.188613e-01	6.555181e-01	-1.883012e-01
5.148029e-01	6.556914e-01	-1.883524e-01
5.116955e-01	6.556138e-01	-1.883547e-01
5.321066e-01	6.559217e-01	-1.864803e-01
5.366153e-01	6.562977e-01	-1.864944e-01
5.413536e-01	6.564354e-01	-1.863872e-01
5.058213e-01	6.503819e-01	-9.209986e-02
5.467950e-01	6.487316e-01	-7.886107e-02
5.163217e-01	6.163811e-01	-1.675807e-01
5.327088e-01	6.159497e-01	-1.644167e-01
4.827783e-01	5.713378e-01	-9.938748e-02
5.643994e-01	5.684695e-01	-9.018551e-02
4.791938e-01	5.605357e-01	-3.729323e-01
5.759110e-01	5.586912e-01	-3.539633e-01
4.786722e-01	6.064746e-01	-6.301489e-01
5.742909e-01	5.919862e-01	-6.353534e-01
4.718401e-01	6.291424e-01	-6.930564e-01
5.809475e-01	6.195509e-01	-6.986841e-01
4.762782e-01	6.283610e-01	-6.946394e-01
5.747682e-01	6.193125e-01	-6.948320e-01
4.818067e-01	6.166785e-01	-6.395756e-01
5.696019e-01	6.069730e-01	-6.465256e-01
4.860935e-01	3.218239e-01	5.804978e-03
5.464558e-01	3.176427e-01	-5.765802e-03
4.437893e-01	1.897222e-01	-1.230170e-01
5.834054e-01	1.637858e-01	-7.767452e-02
4.601794e-01	1.093618e-01	1.686514e-01
5.686011e-01	1.129274e-01	2.576989e-01
4.708945e-01	9.288211e-02	1.935887e-01
5.560118e-01	9.546975e-02	2.873766e-01
4.272892e-01	4.956467e-02	1.226500e-01
5.912932e-01	5.093830e-02	2.210004e-01
5.244905e-01	6.325686e-01	-1.968003e-01
5.188620e-01	6.511566e-01	-1.815551e-01
5.147748e-01	6.510743e-01	-1.815905e-01
5.116844e-01	6.508659e-01	-1.815829e-01
5.320482e-01	6.515615e-01	-1.803097e-01
5.365955e-01	6.519293e-01	-1.803164e-01
5.413206e-01	6.518288e-01	-1.802030e-01
5.057375e-01	6.453241e-01	-8.825067e-02
5.467995e-01	6.442683e-01	-7.930411e-02
5.163335e-01	6.119671e-01	-1.609670e-01
5.326961e-01	6.116673e-01	-1.588830e-01
4.836742e-01	5.690032e-01	-9.822603e-02
5.644728e-01	5.684069e-01	-9.184378e-02
4.792244e-01	5.564904e-01	-3.641674e-01
5.760584e-01	5.647910e-01	-3.571982e-01
4.774267e-01	5.996560e-01	-6.268939e-01
5.746388e-01	5.920238e-01	-6.322584e-01
4.705853e-01	6.222114e-01	-6.854277e-01
5.815660e-01	6.185946e-01	-6.957793e-01
4.754042e-01	6.232547e-01	-6.816304e-01
5.757254e-01	6.170401e-01	-6.938738e-01
4.808318e-01	6.106941e-01	-6.340991e-01
5.706351e-01	6.051629e-01	-6.435715e-01
4.868464e-01	3.193782e-01	6.261688e-03
5.466926e-01	3.156182e-01	-6.204570e-03
4.438177e-01	1.897018e-01	-1.219371e-01
5.839665e-01	1.618915e-01	-7.938497e-02
4.601842e-01	1.107132e-01	1.727901e-01
5.684712e-01	1.138595e-01	2.537916e-01
4.709116e-01	9.557185e-02	1.975371e-01
5.559875e-01	9.810465e-02	2.838599e-01
4.278070e-01	5.040272e-02	1.241437e-01
5.910587e-01	5.170779e-02	2.222093e-01
5.244726e-01	6.303377e-01	-1.973703e-01
5.188674e-01	6.490148e-01	-1.825234e-01
5.147719e-01	6.489376e-01	-1.825582e-01
5.116739e-01	6.488410e-01	-1.825491e-01
5.320394e-01	6.488469e-01	-1.810999e-01
5.366115e-01	6.489872e-01	-1.811118e-01
5.413295e-01	6.487439e-01	-1.810036e-01
5.056850e-01	6.432996e-01	-8.863331e-02
5.468240e-01	6.410393e-01	-7.939874e-02
5.163268e-01	6.101654e-01	-1.615195e-01
5.326210e-01	6.096707e-01	-1.592190e-01
4.838848e-01	5.669540e-01	-9.515231e-02
5.644180e-01	5.675718e-01	-9.235870e-02
4.789136e-01	5.496294e-01	-3.606231e-01
5.761167e-01	5.675347e-01	-3.544691e-01
4.764422e-01	5.935034e-01	-6.152729e-01
5.756249e-01	5.900323e-01	-6.307740e-01
4.694013e-01	6.154608e-01	-6.722054e-01
5.828775e-01	6.124346e-01	-6.943001e-01
4.743552e-01	6.184466e-01	-6.681685e-01
5.770340e-01	6.131036e-01	-6.921192e-01
4.798670e-01	6.061674e-01	-6.227039e-01
5.717192e-01	6.018693e-01	-6.420110e-01
4.872307e-01	3.172733e-01	6.268364e-03
5.468017e-01	3.140467e-01	-6.209089e-03
4.443787e-01	1.889823e-01	-1.182334e-01
5.842606e-01	1.616837e-01	-7.966769e-02
4.602254e-01	1.116565e-01	1.765265e-01
5.674825e-01	1.164937e-01	2.552916e-01
4.709370e-01	9.772628e-02	2.011277e-01
5.552014e-01	1.039831e-01	2.853628e-01
4.285645e-01	5.185365e-02	1.378341e-01
5.901863e-01	5.294440e-02	2.300443e-01
5.244647e-01	6.293166e-01	-1.906190e-01
5.188662e-01	6.477053e-01	-1.758030e-01
5.147695e-01	6.476130e-01	-1.758422e-01
5.116681e-01	6.475016e-01	-1.758366e-01
5.320134e-01	6.474774e-01	-1.742959e-01
5.366163e-01	6.475191e-01	-1.743087e-01
5.413263e-01	6.473119e-01	-1.742043e-01
5.056395e-01	6.415585e-01	-8.371217e-02
5.468315e-01	6.397411e-01	-7.608406e-02
5.163320e-01	6.093558e-01	-1.553798e-01
5.325735e-01	6.088938e-01	-1.530562e-01
4.840048e-01	5.657998e-01	-9.446533e-02
5.644668e-01	5.660477e-01	-9.217148e-02
4.793509e-01	5.529247e-01	-3.585547e-01
5.764282e-01	5.623440e-01	-3.514118e-01
4.759187e-01	5.895554e-01	-6.090626e-01
5.759301e-01	5.852727e-01	-6.285003e-01
4.686786e-01	6.109396e-01	-6.668712e-01
5.835153e-01	6.043614e-01	-6.877626e-01
4.737180e-01	6.134513e-01	-6.635641e-01
5.774852e-01	6.055480e-01	-6.836418e-01
4.792511e-01	6.011140e-01	-6.172227e-01
5.720068e-01	5.952314e-01	-6.389564e-01
4.876718e-01	3.137625e-01	6.221583e-03
5.472836e-01	3.103521e-01	-6.159903e-03
4.446756e-01	1.883383e-01	-1.174711e-01
5.843064e-01	1.605503e-01	-9.365492e-02
4.603036e-01	1.152445e-01	1.846028e-01
5.659499e-01	1.174122e-01	2.441548e-01
4.710707e-01	1.041951e-01	2.114548e-01
5.542329e-01	1.066051e-01	2.756242e-01
4.301923e-01	5.484242e-02	1.559715e-01
5.894514e-01	5.353607e-02	2.268101e-01
5.244439e-01	6.273057e-01	-1.888069e-01
5.188391e-01	6.455206e-01	-1.737063e-01
5.147523e-01	6.454077e-01	-1.737409e-01
5.116466e-01	6.452833e-01	-1.737398e-01
5.319665e-01	6.453246e-01	-1.725760e-01
5.366100e-01	6.453907e-01	-1.725846e-01
5.413152e-01	6.452066e-01	-1.724814e-01
5.056193e-01	6.389918e-01	-8.006780e-02
5.468637e-01	6.372016e-01	-7.494810e-02
5.163359e-01	6.072294e-01	-1.528852e-01
5.325655e-01	6.069211e-01	-1.510999e-01
4.841475e-01	5.629891e-01	-9.293385e-02
5.645121e-01	5.638121e-01	-9.013975e-02
4.791167e-01	5.542264e-01	-3.573048e-01
5.771599e-01	5.644694e-01	-3.497668e-01
4.756645e-01	5.880853e-01	-6.087731e-01
5.764176e-01	5.823070e-01	-6.246070e-01
4.686131e-01	6.071824e-01	-6.673979e-01
5.840058e-01	5.980991e-01	-6.817037e-01
4.734662e-01	6.101495e-01	-6.637348e-01
5.781761e-01	5.998482e-01	-6.779693e-01
4.788956e-01	5.987944e-01	-6.169907e-01
5.726117e-01	5.908754e-01	-6.350019e-01
4.877988e-01	3.132839e-01	6.216923e-03
5.475833e-01	3.090707e-01	-6.154708e-03
4.450002e-01	1.867058e-01	-9.736516e-02
5.843581e-01	1.575920e-01	-8.778042e-02
4.604596e-01	1.212657e-01	2.333783e-01
5.656667e-01	1.226884e-01	2.620284e-01
4.711059e-01	1.121624e-01	2.637125e-01
5.538592e-01	1.130337e-01	2.967885e-01
4.321171e-01	6.282178e-02	2.146860e-01
5.890901e-01	5.592493e-02	2.552019e-01
5.244092e-01	6.254566e-01	-1.916867e-01
5.188109e-01	6.436377e-01	-1.764102e-01
5.147351e-01	6.435448e-01	-1.764478e-01
5.116346e-01	6.434459e-01	-1.764449e-01
5.319284e-01	6.433172e-01	-1.750485e-01
5.366067e-01	6.433216e-01	-1.750566e-01
5.413102e-01	6.430493e-01	-1.749526e-01
5.055720e-01	6.367797e-01	-8.147693e-02
5.469407e-01	6.348404e-01	-7.578586e-02
5.163397e-01	6.053636e-01	-1.553572e-01
5.325590e-01	6.047398e-01	-1.533563e-01
4.841254e-01	5.604266e-01	-9.560763e-02
5.645459e-01	5.614282e-01	-8.981818e-02
4.789729e-01	5.524966e-01	-3.619597e-01
5.792640e-01	5.651390e-01	-3.489815e-01
4.757899e-01	5.860944e-01	-6.090239e-01
5.765980e-01	5.791782e-01	-6.210532e-01
4.687309e-01	6.040048e-01	-6.686108e-01
5.843771e-01	5.947672e-01	-6.784765e-01
4.739947e-01	6.074330e-01	-6.653174e-01
5.786053e-01	5.963611e-01	-6.737403e-01
4.791481e-01	5.965490e-01	-6.177928e-01
5.729669e-01	5.875509e-01	-6.313466e-01
4.879649e-01	3.110901e-01	5.571334e-03
5.476826e-01	3.075412e-01	-5.505819e-03
4.452015e-01	1.865953e-01	-1.013620e-01
5.843684e-01	1.575934e-01	-8.761965e-02
4.603934e-01	1.244320e-01	2.198783e-01
5.657396e-01	1.227849e-01	2.543095e-01
4.708384e-01	1.169434e-01	2.488236e-01
5.538825e-01	1.116952e-01	2.876644e-01
4.327211e-01	6.490237e-02	1.954509e-01
5.890542e-01	5.615433e-02	2.425616e-01
5.243952e-01	6.220041e-01	-1.915442e-01
5.188130e-01	6.405963e-01	-1.770395e-01
5.147308e-01	6.406153e-01	-1.770723e-01
5.116337e-01	6.405458e-01	-1.770643e-01
5.319151e-01	6.401689e-01	-1.754044e-01
5.366108e-01	6.402261e-01	-1.754104e-01
5.413079e-01	6.398966e-01	-1.753059e-01
5.055618e-01	6.343756e-01	-8.261569e-02
5.470029e-01	6.323181e-01	-7.608628e-02
5.163426e-01	6.020802e-01	-1.560007e-01
5.325534e-01	6.011660e-01	-1.536210e-01
4.841180e-01	5.587161e-01	-9.454114e-02
5.645714e-01	5.621067e-01	-8.934592e-02
4.791048e-01	5.429817e-01	-3.602226e-01
5.809826e-01	5.660065e-01	-3.486291e-01
4.763818e-01	5.842950e-01	-6.073114e-01
5.768081e-01	5.778030e-01	-6.181279e-01
4.695135e-01	6.022425e-01	-6.655902e-01
5.844330e-01	5.917761e-01	-6.751730e-01
4.746501e-01	6.057926e-01	-6.611296e-01
5.788602e-01	5.936412e-01	-6.703342e-01
4.794984e-01	5.954057e-01	-6.153490e-01
5.731724e-01	5.857179e-01	-6.283754e-01
4.881518e-01	3.109733e-01	5.542915e-03
5.477024e-01	3.071846e-01	-5.478138e-03
4.452960e-01	1.864880e-01	-9.929567e-02
5.843681e-01	1.584792e-01	-8.861739e-02
4.602302e-01	1.238151e-01	2.129448e-01
5.658578e-01	1.223107e-01	2.401062e-01
4.707722e-01	1.150045e-01	2.405859e-01
5.541686e-01	1.105736e-01	2.708382e-01
4.325318e-01	6.395485e-02	1.834402e-01
5.891253e-01	5.503968e-02	2.240226e-01
5.244483e-01	6.194312e-01	-1.813926e-01
5.188622e-01	6.384877e-01	-1.673788e-01
5.147377e-01	6.386589e-01	-1.674202e-01
5.116456e-01	6.386486e-01	-1.674168e-01
5.319815e-01	6.379799e-01	-1.646674e-01
5.367962e-01	6.380181e-01	-1.646679e-01
5.413961e-01	6.377167e-01	-1.645635e-01
5.055476e-01	6.328093e-01	-7.789066e-02
5.471798e-01	6.303893e-01	-6.653702e-02
5.163890e-01	5.993257e-01	-1.474139e-01
5.326220e-01	5.979838e-01	-1.435914e-01
4.841043e-01	5.565209e-01	-9.422538e-02
5.645943e-01	5.604488e-01	-7.649123e-02
4.803897e-01	5.459334e-01	-3.599427e-01
5.817968e-01	5.662786e-01	-3.326935e-01
4.787094e-01	5.801528e-01	-6.075529e-01
5.769274e-01	5.759842e-01	-6.009771e-01
4.704234e-01	5.983992e-01	-6.660383e-01
5.847011e-01	5.890551e-01	-6.565829e-01
4.758461e-01	6.003852e-01	-6.613964e-01
5.789244e-01	5.905889e-01	-6.530169e-01
4.812238e-01	5.898778e-01	-6.154681e-01
5.732567e-01	5.829576e-01	-6.117464e-01
4.882507e-01	3.094144e-01	4.450888e-03
5.477214e-01	3.056417e-01	-4.392588e-03
4.453108e-01	1.860842e-01	-1.001277e-01
5.845896e-01	1.580451e-01	-1.011774e-01
4.600262e-01	1.236927e-01	2.165506e-01
5.659136e-01	1.224306e-01	2.391707e-01
4.706299e-01	1.147044e-01	2.450172e-01
5.541919e-01	1.119523e-01	2.716479e-01
4.323975e-01	6.327029e-02	1.952999e-01
5.891107e-01	5.497465e-02	2.297167e-01
5.244517e-01	6.194478e-01	-1.825630e-01
5.188658e-01	6.383336e-01	-1.682739e-01
5.147368e-01	6.383711e-01	-1.683178e-01
5.116425e-01	6.383342e-01	-1.683132e-01
5.319933e-01	6.380194e-01	-1.656751e-01
5.368389e-01	6.379650e-01	-1.656749e-01
5.414172e-01	6.377192e-01	-1.655717e-01
5.055166e-01	6.322281e-01	-7.766414e-02
5.472150e-01	6.298261e-01	-6.635281e-02
5.163928e-01	5.992029e-01	-1.479813e-01
5.326253e-01	5.979099e-01	-1.442202e-01
4.840216e-01	5.559093e-01	-9.387080e-02
5.644950e-01	5.587739e-01	-7.419214e-02
4.806216e-01	5.489758e-01	-3.609123e-01
5.812432e-01	5.660177e-01	-3.332456e-01
4.795234e-01	5.809917e-01	-6.081723e-01
5.771221e-01	5.750368e-01	-6.060216e-01
4.712207e-01	5.978840e-01	-6.663215e-01
5.847312e-01	5.872161e-01	-6.632048e-01
4.766237e-01	5.995300e-01	-6.626240e-01
5.789906e-01	5.890837e-01	-6.597869e-01
4.818693e-01	5.896279e-01	-6.157076e-01
5.733021e-01	5.817974e-01	-6.169965e-01
4.882432e-01	3.096728e-01	3.961760e-03
5.476904e-01	3.056202e-01	-3.911975e-03
4.453294e-01	1.849112e-01	-9.913024e-02
5.851536e-01	1.579889e-01	-9.968232e-02
4.594431e-01	1.238068e-01	2.278011e-01
5.662439e-01	1.223100e-01	2.490279e-01
4.699083e-01	1.145998e-01	2.574609e-01
5.546534e-01	1.118729e-01	2.850207e-01
4.314778e-01	6.282801e-02	2.074733e-01
5.890268e-01	5.492057e-02	2.488985e-01
5.244356e-01	6.189699e-01	-1.815245e-01
5.188525e-01	6.378205e-01	-1.671920e-01
5.147238e-01	6.379614e-01	-1.672384e-01
5.116199e-01	6.380578e-01	-1.672370e-01
5.319784e-01	6.373854e-01	-1.648328e-01
5.368294e-01	6.373356e-01	-1.648280e-01
5.414046e-01	6.371891e-01	-1.647245e-01
5.054662e-01	6.321460e-01	-7.678093e-02
5.472171e-01	6.293396e-01	-6.648873e-02
5.163959e-01	5.989631e-01	-1.470251e-01
5.325628e-01	5.977941e-01	-1.435789e-01
4.839734e-01	5.565297e-01	-9.378986e-02
5.642499e-01	5.584946e-01	-7.402311e-02
4.805509e-01	5.507065e-01	-3.604940e-01
5.795479e-01	5.645963e-01	-3.333916e-01
4.791943e-01	5.806981e-01	-6.082864e-01
5.771617e-01	5.733463e-01	-6.084060e-01
4.709678e-01	5.969952e-01	-6.668292e-01
5.850215e-01	5.855893e-01	-6.662233e-01
4.764580e-01	5.987239e-01	-6.633044e-01
5.795560e-01	5.872958e-01	-6.631261e-01
4.816830e-01	5.889838e-01	-6.160013e-01
5.734925e-01	5.798759e-01	-6.195391e-01
4.882820e-01	3.094966e-01	3.849244e-03
5.478204e-01	3.056646e-01	-3.800482e-03
4.453359e-01	1.850065e-01	-1.002754e-01
5.853916e-01	1.581251e-01	-1.028006e-01
4.595936e-01	1.242912e-01	2.232736e-01
5.667436e-01	1.220990e-01	2.463858e-01
4.699238e-01	1.144486e-01	2.522940e-01
5.550508e-01	1.117107e-01	2.812468e-01
4.314431e-01	6.277546e-02	2.005815e-01
5.892054e-01	5.476820e-02	2.429281e-01
5.243254e-01	6.195068e-01	-1.783322e-01
5.187856e-01	6.384956e-01	-1.637714e-01
5.146705e-01	6.386753e-01	-1.638141e-01
5.115742e-01	6.388249e-01	-1.638042e-01
5.318968e-01	6.384093e-01	-1.619343e-01
5.367501e-01	6.384146e-01	-1.619256e-01
5.413492e-01	6.383755e-01	-1.618161e-01
5.054255e-01	6.330927e-01	-7.250958e-02
5.472215e-01	6.302947e-01	-6.485023e-02
5.163902e-01	5.996749e-01	-1.435221e-01
5.324624e-01	5.991022e-01	-1.408235e-01
4.839568e-01	5.574694e-01	-8.796559e-02
5.644881e-01	5.595130e-01	-7.357685e-02
4.805653e-01	5.507041e-01	-3.557227e-01
5.819268e-01	5.659097e-01	-3.341479e-01
4.791939e-01	5.775837e-01	-6.067653e-01
5.793154e-01	5.721932e-01	-6.095225e-01
4.707827e-01	5.940030e-01	-6.656060e-01
5.867084e-01	5.827484e-01	-6.673737e-01
4.763017e-01	5.961848e-01	-6.618809e-01
5.816820e-01	5.848825e-01	-6.642758e-01
4.816856e-01	5.861195e-01	-6.147649e-01
5.769014e-01	5.780367e-01	-6.206884e-01
4.883264e-01	3.101515e-01	3.856078e-03
5.479019e-01	3.060244e-01	-3.807079e-03
4.453485e-01	1.858636e-01	-1.107345e-01
5.870632e-01	1.584387e-01	-1.099698e-01
4.596118e-01	1.239965e-01	2.067878e-01
5.673053e-01	1.220355e-01	2.384717e-01
4.699309e-01	1.139198e-01	2.351046e-01
5.553386e-01	1.112985e-01	2.722883e-01
4.311889e-01	6.257075e-02	1.844556e-01
5.896962e-01	5.435034e-02	2.325581e-01
5.241165e-01	6.211354e-01	-1.703717e-01
5.186279e-01	6.401854e-01	-1.553295e-01
5.145593e-01	6.403540e-01	-1.553771e-01
5.114900e-01	6.404874e-01	-1.553753e-01
5.317768e-01	6.400306e-01	-1.542190e-01
5.366234e-01	6.400385e-01	-1.542132e-01
5.412883e-01	6.399819e-01	-1.541077e-01
5.053405e-01	6.346913e-01	-6.237879e-02
5.472211e-01	6.318416e-01	-5.824579e-02
5.163270e-01	6.013354e-01	-1.349405e-01
5.323533e-01	6.007223e-01	-1.332065e-01
4.839417e-01	5.587403e-01	-7.671337e-02
5.648115e-01	5.604472e-01	-6.721068e-02
4.805768e-01	5.491512e-01	-3.413436e-01
5.817680e-01	5.612437e-01	-3.275550e-01
4.793421e-01	5.739969e-01	-5.957814e-01
5.802143e-01	5.708689e-01	-6.078751e-01
4.706744e-01	5.917531e-01	-6.541470e-01
5.887806e-01	5.812494e-01	-6.654803e-01
4.761636e-01	5.948770e-01	-6.512992e-01
5.843909e-01	5.835934e-01	-6.633400e-01
4.817318e-01	5.843740e-01	-6.042712e-01
5.791622e-01	5.766106e-01	-6.194023e-01
4.883088e-01	3.106118e-01	3.844984e-03
5.479010e-01	3.064891e-01	-3.797041e-03
4.455978e-01	1.862717e-01	-1.103327e-01
5.870055e-01	1.585881e-01	-1.131729e-01
4.596155e-01	1.241758e-01	2.132592e-01
5.673112e-01	1.225566e-01	2.404167e-01
4.699434e-01	1.136855e-01	2.426673e-01
5.553084e-01	1.138767e-01	2.749668e-01
4.311311e-01	6.242578e-02	1.953006e-01
5.899890e-01	5.447898e-02	2.425924e-01
5.241179e-01	6.242270e-01	-1.597832e-01
5.186266e-01	6.444710e-01	-1.443793e-01
5.145536e-01	6.443596e-01	-1.444242e-01
5.114753e-01	6.442422e-01	-1.444121e-01
5.317783e-01	6.442270e-01	-1.448849e-01
5.366300e-01	6.439497e-01	-1.448728e-01
5.412942e-01	6.434977e-01	-1.447559e-01
5.053176e-01	6.374666e-01	-4.958566e-02
5.473151e-01	6.347801e-01	-5.316352e-02
5.163568e-01	6.043445e-01	-1.235146e-01
5.323817e-01	6.048153e-01	-1.240154e-01
4.838146e-01	5.633169e-01	-6.219626e-02
5.659714e-01	5.621231e-01	-6.551285e-02
4.788629e-01	5.529312e-01	-3.276369e-01
5.850166e-01	5.653102e-01	-3.290514e-01
4.774671e-01	5.736148e-01	-5.874257e-01
5.856772e-01	5.705344e-01	-6.125715e-01
4.691996e-01	5.906286e-01	-6.457140e-01
5.944201e-01	5.781209e-01	-6.695342e-01
4.745480e-01	5.947112e-01	-6.421579e-01
5.901023e-01	5.810714e-01	-6.684007e-01
4.804262e-01	5.845936e-01	-5.958917e-01
5.844066e-01	5.754697e-01	-6.242958e-01
4.883081e-01	3.137525e-01	4.566814e-03
5.484877e-01	3.098453e-01	-4.528475e-03
4.459820e-01	1.863299e-01	-1.081461e-01
5.873271e-01	1.595614e-01	-1.264710e-01
4.598307e-01	1.240030e-01	2.189570e-01
5.682235e-01	1.221081e-01	2.225523e-01
4.700429e-01	1.135215e-01	2.484723e-01
5.560030e-01	1.135151e-01	2.566106e-01
4.310850e-01	6.229536e-02	2.005630e-01
5.916821e-01	5.364411e-02	2.162544e-01
5.246719e-01	6.321416e-01	-1.662509e-01
5.189195e-01	6.522579e-01	-1.508475e-01
5.146188e-01	6.522691e-01	-1.508983e-01
5.115200e-01	6.521347e-01	-1.508964e-01
5.322351e-01	6.517383e-01	-1.508268e-01
5.373045e-01	6.512960e-01	-1.508159e-01
5.417417e-01	6.506067e-01	-1.507019e-01
5.053003e-01	6.451498e-01	-5.492916e-02
5.476151e-01	6.425583e-01	-5.615883e-02
5.165301e-01	6.117687e-01	-1.296657e-01
5.328059e-01	6.130155e-01	-1.293857e-01
4.832453e-01	5.703917e-01	-6.482255e-02
5.666280e-01	5.659614e-01	-6.694855e-02
4.759062e-01	5.604060e-01	-3.315389e-01
5.861368e-01	5.639303e-01	-3.295015e-01
4.716388e-01	5.745676e-01	-5.922373e-01
5.893464e-01	5.657160e-01	-6.270689e-01
4.653120e-01	5.897889e-01	-6.512060e-01
6.005108e-01	5.745255e-01	-6.878019e-01
4.708927e-01	5.950456e-01	-6.478881e-01
5.964529e-01	5.771462e-01	-6.876330e-01
4.761233e-01	5.853646e-01	-6.009159e-01
5.899662e-01	5.708308e-01	-6.398283e-01
4.883110e-01	3.194913e-01	4.879897e-03
5.491213e-01	3.150436e-01	-4.838300e-03
4.459941e-01	1.872508e-01	-1.145633e-01
5.872663e-01	1.611511e-01	-1.295387e-01
4.599275e-01	1.239065e-01	2.121914e-01
5.693358e-01	1.211592e-01	2.221069e-01
4.700902e-01	1.134555e-01	2.414474e-01
5.570115e-01	1.125149e-01	2.556381e-01
4.310564e-01	6.189557e-02	1.897717e-01
5.933251e-01	5.104725e-02	2.079442e-01
5.256163e-01	6.458629e-01	-1.662520e-01
5.192796e-01	6.658261e-01	-1.504018e-01
5.147985e-01	6.658783e-01	-1.504588e-01
5.116485e-01	6.656529e-01	-1.504659e-01
5.328141e-01	6.650792e-01	-1.509651e-01
5.378827e-01	6.644342e-01	-1.509489e-01
5.422142e-01	6.635377e-01	-1.508277e-01
5.053136e-01	6.582792e-01	-5.255240e-02
5.478948e-01	6.555135e-01	-5.592488e-02
5.170830e-01	6.251884e-01	-1.289904e-01
5.334504e-01	6.251854e-01	-1.293529e-01
4.827473e-01	5.787209e-01	-6.236760e-02
5.675362e-01	5.732692e-01	-6.671087e-02
4.754620e-01	5.659822e-01	-3.320856e-01
5.858084e-01	5.621107e-01	-3.319795e-01
4.680513e-01	5.736333e-01	-5.954005e-01
5.908164e-01	5.621949e-01	-6.348826e-01
4.592504e-01	5.866768e-01	-6.572961e-01
6.032755e-01	5.716228e-01	-6.974874e-01
4.660035e-01	5.921872e-01	-6.578028e-01
5.991110e-01	5.738581e-01	-6.983180e-01
4.723530e-01	5.832363e-01	-6.063266e-01
5.907769e-01	5.672274e-01	-6.483338e-01
4.883190e-01	3.278531e-01	5.047975e-03
5.497743e-01	3.234414e-01	-4.996513e-03
4.460937e-01	1.891618e-01	-1.161165e-01
5.871714e-01	1.660454e-01	-1.273234e-01
4.605530e-01	1.233816e-01	2.057772e-01
5.695928e-01	1.193553e-01	2.151825e-01
4.705597e-01	1.121404e-01	2.339276e-01
5.572661e-01	1.100686e-01	2.470531e-01
4.310373e-01	6.076499e-02	1.788957e-01
5.940000e-01	4.998131e-02	1.941773e-01
5.257741e-01	6.575061e-01	-1.679191e-01
5.193329e-01	6.779639e-01	-1.520313e-01
5.148177e-01	6.783080e-01	-1.520872e-01
5.116720e-01	6.783697e-01	-1.520930e-01
5.328851e-01	6.766202e-01	-1.529724e-01
5.379477e-01	6.757931e-01	-1.529540e-01
5.422596e-01	6.749913e-01	-1.528272e-01
5.053291e-01	6.714334e-01	-5.316681e-02
5.479463e-01	6.671227e-01	-5.698726e-02
5.172115e-01	6.377351e-01	-1.302561e-01
5.335773e-01	6.370517e-01	-1.312718e-01
4.824383e-01	5.890269e-01	-5.910847e-02
5.681669e-01	5.849854e-01	-6.785388e-02
4.722377e-01	5.696006e-01	-3.214206e-01
5.854802e-01	5.646480e-01	-3.368519e-01
4.643208e-01	5.667714e-01	-5.938542e-01
5.922737e-01	5.615152e-01	-6.354100e-01
4.539844e-01	5.772651e-01	-6.560519e-01
6.052795e-01	5.681172e-01	-6.994695e-01
4.632657e-01	5.833708e-01	-6.570407e-01
5.990028e-01	5.676287e-01	-7.006595e-01
4.706572e-01	5.750065e-01	-6.046799e-01
5.905941e-01	5.611626e-01	-6.489654e-01
4.886310e-01	3.389788e-01	6.591768e-03
5.507070e-01	3.334354e-01	-6.505415e-03
4.464959e-01	1.988906e-01	-1.171002e-01
5.868915e-01	1.704888e-01	-1.220072e-01
4.625091e-01	1.225713e-01	1.895177e-01
5.699080e-01	1.146868e-01	2.093568e-01
4.722147e-01	1.095172e-01	2.154413e-01
5.577142e-01	1.037298e-01	2.386692e-01
4.310277e-01	6.031317e-02	1.544831e-01
5.942101e-01	4.925928e-02	1.791510e-01
5.259987e-01	6.707279e-01	-1.743227e-01
5.195881e-01	6.912634e-01	-1.585105e-01
5.149316e-01	6.915718e-01	-1.585809e-01
5.118140e-01	6.916568e-01	-1.585809e-01
5.330080e-01	6.899390e-01	-1.597899e-01
5.380737e-01	6.892134e-01	-1.597505e-01
5.423227e-01	6.884408e-01	-1.596093e-01
5.055764e-01	6.854458e-01	-5.512617e-02
5.480442e-01	6.805187e-01	-6.179889e-02
5.174125e-01	6.524102e-01	-1.353872e-01
5.337542e-01	6.509301e-01	-1.367402e-01
4.824234e-01	6.033795e-01	-6.307786e-02
5.691918e-01	5.991947e-01	-6.658124e-02
4.714912e-01	5.846768e-01	-3.250464e-01
5.875953e-01	5.671533e-01	-3.140986e-01
4.620024e-01	5.684240e-01	-6.025649e-01
6.066192e-01	5.577469e-01	-6.091673e-01
4.497810e-01	5.758916e-01	-6.671049e-01
6.226742e-01	5.605034e-01	-6.752671e-01
4.599412e-01	5.780420e-01	-6.707196e-01
6.157054e-01	5.575411e-01	-6.827701e-01
4.679385e-01	5.721287e-01	-6.146736e-01
6.054451e-01	5.531971e-01	-6.250966e-01
4.894008e-01	3.506586e-01	6.870937e-03
5.514696e-01	3.428302e-01	-6.782035e-03
4.467660e-01	2.063489e-01	-1.179541e-01
5.864543e-01	1.742551e-01	-1.148295e-01
4.638430e-01	1.214331e-01	1.841156e-01
5.702103e-01	1.133190e-01	2.167504e-01
4.734878e-01	1.064150e-01	2.095621e-01
5.582414e-01	1.015902e-01	2.463550e-01
4.309741e-01	5.833276e-02	1.432643e-01
5.955352e-01	4.930713e-02	1.843755e-01
5.257266e-01	6.881638e-01	-1.929672e-01
5.194651e-01	7.094539e-01	-1.757217e-01
5.149034e-01	7.093475e-01	-1.757981e-01
5.118095e-01	7.092546e-01	-1.757936e-01
5.328541e-01	7.086163e-01	-1.761179e-01
5.377693e-01	7.083724e-01	-1.761014e-01
5.421895e-01	7.075366e-01	-1.760052e-01
5.059952e-01	7.029858e-01	-6.394105e-02
5.480491e-01	6.989267e-01	-6.722538e-02
5.174105e-01	6.686151e-01	-1.512497e-01
5.337377e-01	6.666309e-01	-1.514493e-01
4.817826e-01	6.154270e-01	-3.778653e-02
5.719420e-01	6.104953e-01	-3.029830e-02
4.621959e-01	5.821594e-01	-1.957072e-01
5.996563e-01	5.640370e-01	-1.343698e-01
4.532097e-01	5.654741e-01	-4.517844e-01
6.264695e-01	5.299391e-01	-3.337848e-01
4.429623e-01	5.639102e-01	-5.042828e-01
6.406159e-01	5.187573e-01	-3.808931e-01
4.537015e-01	5.666635e-01	-5.153600e-01
6.311093e-01	5.275280e-01	-3.936799e-01
4.621278e-01	5.669681e-01	-4.636310e-01
6.221716e-01	5.287973e-01	-3.474297e-01
4.895686e-01	3.594240e-01	5.625161e-03
5.521558e-01	3.506237e-01	-5.483014e-03
4.467599e-01	2.106110e-01	-1.428020e-01
5.862216e-01	1.788099e-01	-1.155680e-01
4.644302e-01	1.206074e-01	1.476272e-01
5.701855e-01	1.117168e-01	1.930227e-01
4.742771e-01	1.057775e-01	1.728103e-01
5.582054e-01	9.907868e-02	2.188160e-01
4.309745e-01	5.662030e-02	9.868252e-02
5.968505e-01	4.922026e-02	1.458074e-01
5.257184e-01	7.138218e-01	-2.011766e-01
5.195945e-01	7.313451e-01	-1.808297e-01
5.150181e-01	7.313570e-01	-1.809118e-01
5.119175e-01	7.313417e-01	-1.808711e-01
5.328807e-01	7.308355e-01	-1.811012e-01
5.377672e-01	7.302138e-01	-1.810855e-01
5.421880e-01	7.295331e-01	-1.809725e-01
5.067748e-01	7.243014e-01	-6.399093e-02
5.480503e-01	7.205881e-01	-6.708223e-02
5.174199e-01	6.936046e-01	-1.582917e-01
5.337378e-01	6.912260e-01	-1.583464e-01
4.803620e-01	6.267408e-01	-3.181248e-02
5.739843e-01	6.230078e-01	-1.880516e-02
4.529168e-01	5.795171e-01	-1.779008e-01
6.053548e-01	5.632285e-01	-1.135271e-01
4.461281e-01	5.629269e-01	-4.404266e-01
6.427076e-01	5.000427e-01	-3.135983e-01
4.371038e-01	5.549464e-01	-4.952861e-01
6.595013e-01	4.765369e-01	-3.601539e-01
4.491281e-01	5.597533e-01	-5.076467e-01
6.548802e-01	4.799755e-01	-3.810432e-01
4.568412e-01	5.612028e-01	-4.524147e-01
6.450363e-01	4.916182e-01	-3.300461e-01
4.898050e-01	3.709566e-01	5.039069e-03
5.525928e-01	3.629524e-01	-4.875059e-03
4.467838e-01	2.194905e-01	-1.871660e-01
5.850760e-01	1.884995e-01	-1.352526e-01
4.652309e-01	1.184362e-01	9.928420e-02
5.698968e-01	1.107982e-01	1.418910e-01
4.753222e-01	1.027529e-01	1.240804e-01
5.580766e-01	9.642982e-02	1.638682e-01
4.311007e-01	5.617591e-02	4.560991e-02
5.967625e-01	4.850262e-02	8.285864e-02
5.257593e-01	7.305549e-01	-2.077946e-01
5.198333e-01	7.481644e-01	-1.866748e-01
5.152093e-01	7.484649e-01	-1.867571e-01
5.120800e-01	7.487822e-01	-1.867089e-01
5.329714e-01	7.472341e-01	-1.861798e-01
5.377794e-01	7.466632e-01	-1.861614e-01
5.421959e-01	7.461340e-01	-1.860391e-01
5.071732e-01	7.425818e-01	-6.793608e-02
5.480365e-01	7.383124e-01	-6.758033e-02
5.174896e-01	7.108393e-01	-1.651894e-01
5.337462e-01	7.079214e-01	-1.641722e-01
4.786947e-01	6.348001e-01	-3.438869e-02
5.748006e-01	6.368045e-01	-1.622321e-02
4.510619e-01	5.759107e-01	-1.548923e-01
6.073071e-01	5.630317e-01	-1.041300e-01
4.362612e-01	5.371690e-01	-4.029904e-01
6.444672e-01	4.872878e-01	-3.109808e-01
4.266416e-01	5.172707e-01	-4.564859e-01
6.602735e-01	4.620997e-01	-3.589464e-01
4.351725e-01	5.202555e-01	-4.771773e-01
6.584304e-01	4.618060e-01	-3.826174e-01
4.427000e-01	5.278846e-01	-4.176596e-01
6.503251e-01	4.677739e-01	-3.286292e-01
4.908317e-01	3.808146e-01	4.479944e-03
5.529359e-01	3.742642e-01	-4.300076e-03
4.471356e-01	2.225217e-01	-1.757639e-01
5.844811e-01	1.976306e-01	-1.310770e-01
4.651416e-01	1.149040e-01	9.294774e-02
5.698825e-01	1.095640e-01	1.260902e-01
4.753131e-01	9.795121e-02	1.153016e-01
5.581215e-01	9.323196e-02	1.451038e-01
4.310947e-01	5.463883e-02	3.363453e-02
5.974995e-01	4.743836e-02	5.901416e-02
5.256277e-01	7.479581e-01	-2.168060e-01
5.198351e-01	7.651640e-01	-1.961032e-01
5.152148e-01	7.654542e-01	-1.961702e-01
5.120878e-01	7.656475e-01	-1.961150e-01
5.329611e-01	7.644145e-01	-1.960459e-01
5.376683e-01	7.638931e-01	-1.960291e-01
5.421039e-01	7.633894e-01	-1.959074e-01
5.074254e-01	7.588951e-01	-7.958167e-02
5.479730e-01	7.552174e-01	-7.894139e-02
5.174797e-01	7.274706e-01	-1.747550e-01
5.336879e-01	7.245106e-01	-1.741971e-01
4.781107e-01	6.489700e-01	-4.161359e-02
5.753158e-01	6.486689e-01	-2.269855e-02
4.521913e-01	5.763305e-01	-1.408187e-01
6.098341e-01	5.610324e-01	-8.182942e-02
4.314710e-01	5.283173e-01	-3.723478e-01
6.474177e-01	4.771065e-01	-2.580046e-01
4.207811e-01	4.991125e-01	-4.236630e-01
6.649358e-01	4.502583e-01	-3.019704e-01
4.298107e-01	5.000804e-01	-4.500843e-01
6.632229e-01	4.477829e-01	-3.316986e-01
4.369037e-01	5.083019e-01	-3.888156e-01
6.547549e-01	4.545445e-01	-2.770124e-01
4.915347e-01	3.933228e-01	4.003299e-03
5.535015e-01	3.896326e-01	-3.824730e-03
4.479013e-01	2.293629e-01	-1.471949e-01
5.838726e-01	2.102431e-01	-9.740347e-02
4.656089e-01	1.143470e-01	1.203229e-01
5.702328e-01	1.096474e-01	1.312645e-01
4.765927e-01	9.553809e-02	1.414146e-01
5.586357e-01	8.962794e-02	1.468143e-01
4.314801e-01	5.401988e-02	5.704696e-02
5.983924e-01	4.617883e-02	4.987884e-02
5.266742e-01	7.659115e-01	-2.209495e-01
5.209849e-01	7.842728e-01	-2.019691e-01
5.163516e-01	7.845580e-01	-2.020189e-01
5.126998e-01	7.846774e-01	-2.019427e-01
5.336919e-01	7.830060e-01	-1.997180e-01
5.383682e-01	7.824956e-01	-1.997008e-01
5.425424e-01	7.820756e-01	-1.995728e-01
5.078520e-01	7.775365e-01	-9.281751e-02
5.480753e-01	7.734375e-01	-8.153583e-02
5.183641e-01	7.447752e-01	-1.812195e-01
5.342911e-01	7.417434e-01	-1.777241e-01
4.762467e-01	6.617549e-01	-4.392846e-02
5.753828e-01	6.632106e-01	-2.372463e-02
4.516359e-01	5.761334e-01	-1.328190e-01
6.084017e-01	5.642419e-01	-7.362490e-02
4.269652e-01	5.025461e-01	-3.450260e-01
6.433172e-01	4.835074e-01	-2.543994e-01
4.162061e-01	4.698676e-01	-3.944398e-01
6.592644e-01	4.530801e-01	-3.014967e-01
4.254144e-01	4.711415e-01	-4.246705e-01
6.553606e-01	4.491020e-01	-3.299238e-01
4.322870e-01	4.801682e-01	-3.626290e-01
6.470959e-01	4.583856e-01	-2.732285e-01
4.926659e-01	4.047073e-01	2.826503e-03
5.544102e-01	4.035620e-01	-2.646642e-03
4.491650e-01	2.375980e-01	-9.755845e-02
5.835074e-01	2.245248e-01	-4.344708e-02
4.656672e-01	1.143868e-01	1.342972e-01
5.706007e-01	1.096359e-01	1.447270e-01
4.766049e-01	9.397773e-02	1.592762e-01
5.597047e-01	8.650031e-02	1.802202e-01
4.322229e-01	5.428395e-02	7.070273e-02
6.007790e-01	4.630067e-02	8.700989e-02
5.266775e-01	7.824161e-01	-2.210559e-01
5.210966e-01	8.015667e-01	-2.016116e-01
5.164965e-01	8.017632e-01	-2.016537e-01
5.128374e-01	8.016126e-01	-2.015799e-01
5.337070e-01	8.004951e-01	-1.999933e-01
5.383577e-01	8.001039e-01	-1.999633e-01
5.425402e-01	7.995965e-01	-1.998014e-01
5.082758e-01	7.940664e-01	-9.363405e-02
5.480983e-01	7.906743e-01	-8.528180e-02
5.185252e-01	7.614840e-01	-1.819155e-01
5.343505e-01	7.578900e-01	-1.794133e-01
4.760153e-01	6.771404e-01	-4.634780e-02
5.763353e-01	6.763281e-01	-2.597637e-02
4.513945e-01	5.790946e-01	-1.085270e-01
6.094383e-01	5.661069e-01	-6.711012e-02
4.236636e-01	4.927648e-01	-2.890077e-01
6.423687e-01	4.738213e-01	-2.337218e-01
4.105390e-01	4.621165e-01	-3.330228e-01
6.571777e-01	4.433717e-01	-2.789387e-01
4.195050e-01	4.600506e-01	-3.673946e-01
6.533333e-01	4.388404e-01	-3.090865e-01
4.270968e-01	4.696451e-01	-3.072920e-01
6.455327e-01	4.486752e-01	-2.526874e-01
4.933825e-01	4.152236e-01	2.651342e-03
5.551463e-01	4.137225e-01	-2.478333e-03
4.503979e-01	2.452481e-01	-1.011359e-01
5.827624e-01	2.332608e-01	-4.465728e-02
4.662971e-01	1.140477e-01	1.281645e-01
5.709475e-01	1.100111e-01	1.607113e-01
4.775900e-01	9.187949e-02	1.459724e-01
5.597793e-01	8.720067e-02	1.878552e-01
4.322470e-01	5.430614e-02	5.018848e-02
6.007836e-01	4.719071e-02	8.846058e-02
5.279727e-01	8.002189e-01	-2.593554e-01
5.218905e-01	8.194726e-01	-2.402951e-01
5.174168e-01	8.193441e-01	-2.403289e-01
5.134332e-01	8.187907e-01	-2.402416e-01
5.342890e-01	8.191597e-01	-2.392741e-01
5.388292e-01	8.189278e-01	-2.392617e-01
5.428733e-01	8.185809e-01	-2.391124e-01
5.085930e-01	8.104879e-01	-1.313048e-01
5.481387e-01	8.093457e-01	-1.254931e-01
5.196747e-01	7.786036e-01	-2.192340e-01
5.354288e-01	7.766554e-01	-2.174868e-01
4.755556e-01	6.900341e-01	-7.615001e-02
5.768799e-01	6.921172e-01	-5.755494e-02
4.498691e-01	5.806607e-01	-1.145834e-01
6.096858e-01	5.675820e-01	-7.201007e-02
4.228243e-01	4.830893e-01	-2.810523e-01
6.407660e-01	4.678245e-01	-2.015879e-01
4.103408e-01	4.446724e-01	-3.234291e-01
6.559038e-01	4.332046e-01	-2.414276e-01
4.183806e-01	4.413719e-01	-3.583280e-01
6.524768e-01	4.273552e-01	-2.757052e-01
4.254716e-01	4.546608e-01	-2.995041e-01
6.446484e-01	4.390742e-01	-2.204993e-01
4.933196e-01	4.276677e-01	2.668032e-03
5.550347e-01	4.270283e-01	-2.500806e-03
4.545431e-01	2.541207e-01	-8.002139e-02
5.822250e-01	2.442747e-01	-3.034697e-02
4.669305e-01	1.141377e-01	1.347459e-01
5.712331e-01	1.120829e-01	1.768082e-01
4.779502e-01	9.134072e-02	1.561364e-01
5.600011e-01	8.809985e-02	1.896695e-01
4.324513e-01	5.562139e-02	6.011967e-02
6.012701e-01	4.855921e-02	9.465003e-02
5.273659e-01	8.171110e-01	-2.861119e-01
5.215734e-01	8.368617e-01	-2.664055e-01
5.172288e-01	8.364198e-01	-2.664261e-01
5.133261e-01	8.357574e-01	-2.663296e-01
5.338269e-01	8.366598e-01	-2.668455e-01
5.382438e-01	8.363846e-01	-2.668546e-01
5.424258e-01	8.359500e-01	-2.667057e-01
5.086795e-01	8.262169e-01	-1.530184e-01
5.481450e-01	8.253850e-01	-1.545939e-01
5.195550e-01	7.946647e-01	-2.440412e-01
5.353391e-01	7.927238e-01	-2.444417e-01
4.747022e-01	7.037094e-01	-9.234717e-02
5.783408e-01	7.036321e-01	-8.135843e-02
4.492771e-01	5.832490e-01	-9.254751e-02
6.098602e-01	5.698932e-01	-8.468187e-02
4.223661e-01	4.766994e-01	-2.180893e-01
6.387219e-01	4.680647e-01	-2.150167e-01
4.100371e-01	4.380110e-01	-2.548991e-01
6.543292e-01	4.340105e-01	-2.554240e-01
4.173029e-01	4.344538e-01	-2.924404e-01
6.501999e-01	4.302016e-01	-2.901585e-01
4.242402e-01	4.479406e-01	-2.367152e-01
6.421284e-01	4.406421e-01	-2.339097e-01
4.933046e-01	4.351756e-01	2.692294e-03
5.549461e-01	4.339692e-01	-2.527632e-03
4.582594e-01	2.562974e-01	-3.771762e-02
5.812614e-01	2.515381e-01	-1.023765e-02
4.672845e-01	1.142000e-01	1.971121e-01
5.712984e-01	1.125134e-01	2.253827e-01
4.779115e-01	9.160112e-02	2.139499e-01
5.606464e-01	8.872108e-02	2.398361e-01
4.331970e-01	5.728239e-02	1.087412e-01
6.012519e-01	5.067192e-02	1.244661e-01
5.258380e-01	8.356243e-01	-2.921751e-01
5.208352e-01	8.545282e-01	-2.719062e-01
5.167612e-01	8.539211e-01	-2.719347e-01
5.129303e-01	8.531467e-01	-2.718514e-01
5.327911e-01	8.541908e-01	-2.728656e-01
5.371147e-01	8.535702e-01	-2.728877e-01
5.413738e-01	8.528281e-01	-2.727536e-01
5.087477e-01	8.415818e-01	-1.571069e-01
5.481383e-01	8.402642e-01	-1.610802e-01
5.188758e-01	8.125349e-01	-2.496407e-01
5.345173e-01	8.101568e-01	-2.506865e-01
4.744337e-01	7.158962e-01	-9.725346e-02
5.787771e-01	7.140833e-01	-8.557551e-02
4.498595e-01	5.899190e-01	-8.664930e-02
6.086816e-01	5.770872e-01	-7.806577e-02
4.240481e-01	4.773834e-01	-1.959640e-01
6.367273e-01	4.670077e-01	-2.000999e-01
4.140322e-01	4.366467e-01	-2.305967e-01
6.527423e-01	4.343578e-01	-2.382815e-01
4.210821e-01	4.345428e-01	-2.681408e-01
6.486984e-01	4.302309e-01	-2.750945e-01
4.275511e-01	4.486133e-01	-2.143984e-01
6.404054e-01	4.397011e-01	-2.196392e-01
4.932284e-01	4.444252e-01	2.646533e-03
5.549024e-01	4.436103e-01	-2.489457e-03
4.623812e-01	2.611558e-01	-8.342382e-03
5.791663e-01	2.587063e-01	9.407308e-03
4.678155e-01	1.130884e-01	2.127152e-01
5.715156e-01	1.122283e-01	2.328910e-01
4.779095e-01	8.990406e-02	2.272373e-01
5.618473e-01	8.835399e-02	2.462097e-01
4.338004e-01	5.757420e-02	1.186930e-01
6.016273e-01	5.095483e-02	1.274775e-01
5.257490e-01	8.467200e-01	-3.206369e-01
5.207854e-01	8.659475e-01	-3.010745e-01
5.167292e-01	8.655289e-01	-3.011056e-01
5.129020e-01	8.648555e-01	-3.010285e-01
5.327524e-01	8.650167e-01	-3.015712e-01
5.370510e-01	8.642339e-01	-3.016027e-01
5.413302e-01	8.633509e-01	-3.014808e-01
5.087783e-01	8.538175e-01	-1.835752e-01
5.481408e-01	8.509463e-01	-1.852730e-01
5.187632e-01	8.239583e-01	-2.764974e-01
5.344088e-01	8.208735e-01	-2.768394e-01
4.741502e-01	7.246883e-01	-1.164137e-01
5.789767e-01	7.217662e-01	-1.013391e-01
4.505347e-01	5.940324e-01	-9.929936e-02
6.080564e-01	5.794600e-01	-8.192514e-02
4.268842e-01	4.788506e-01	-2.043371e-01
6.354262e-01	4.619281e-01	-1.957882e-01
4.167452e-01	4.388662e-01	-2.380138e-01
6.489571e-01	4.294254e-01	-2.311453e-01
4.241458e-01	4.379818e-01	-2.755407e-01
6.470387e-01	4.261214e-01	-2.698155e-01
4.307916e-01	4.513721e-01	-2.226066e-01
6.391152e-01	4.355124e-01	-2.155318e-01
4.931778e-01	4.515328e-01	2.222032e-03
5.548643e-01	4.515280e-01	-2.087332e-03
4.663648e-01	2.663679e-01	1.941400e-03
5.770654e-01	2.649197e-01	1.569862e-02
4.678477e-01	1.123041e-01	2.222919e-01
5.715891e-01	1.120379e-01	2.378802e-01
4.778212e-01	8.835880e-02	2.364455e-01
5.622591e-01	8.819485e-02	2.511115e-01
4.347020e-01	5.733571e-02	1.235849e-01
6.014909e-01	5.154752e-02	1.298404e-01
5.258111e-01	8.555478e-01	-3.356822e-01
5.207862e-01	8.736852e-01	-3.175506e-01
5.167128e-01	8.729396e-01	-3.175721e-01
5.128983e-01	8.720639e-01	-3.174964e-01
5.327693e-01	8.737895e-01	-3.167627e-01
5.370547e-01	8.732798e-01	-3.167981e-01
5.413353e-01	8.726363e-01	-3.166879e-01
5.088588e-01	8.608047e-01	-2.021203e-01
5.481406e-01	8.600439e-01	-1.984838e-01
5.187581e-01	8.316407e-01	-2.919535e-01
5.344040e-01	8.297092e-01	-2.906964e-01
4.736800e-01	7.305316e-01	-1.328445e-01
5.793570e-01	7.283972e-01	-1.119162e-01
4.505395e-01	5.931673e-01	-1.076871e-01
6.069499e-01	5.855477e-01	-8.486696e-02
4.276663e-01	4.653388e-01	-1.999242e-01
6.275992e-01	4.638672e-01	-1.895249e-01
4.217393e-01	4.253995e-01	-2.322064e-01
6.381088e-01	4.313657e-01	-2.233160e-01
4.284164e-01	4.260053e-01	-2.698017e-01
6.343349e-01	4.287035e-01	-2.611966e-01
4.345692e-01	4.392968e-01	-2.179551e-01
6.270798e-01	4.385098e-01	-2.085968e-01
4.933658e-01	4.562854e-01	1.247461e-03
5.549380e-01	4.574421e-01	-1.136527e-03
4.697871e-01	2.736368e-01	1.064855e-02
5.750349e-01	2.668357e-01	2.630635e-02
4.679165e-01	1.123554e-01	2.308983e-01
5.718455e-01	1.124833e-01	2.463173e-01
4.777837e-01	8.800929e-02	2.450477e-01
5.625710e-01	8.836772e-02	2.593355e-01
4.350375e-01	5.712578e-02	1.300765e-01
6.015414e-01	5.334231e-02	1.363853e-01
5.264989e-01	8.623841e-01	-2.972564e-01
5.210310e-01	8.796949e-01	-2.787266e-01
5.168115e-01	8.788818e-01	-2.787523e-01
5.129436e-01	8.781594e-01	-2.786789e-01
5.333825e-01	8.801896e-01	-2.783149e-01
5.378487e-01	8.796933e-01	-2.783364e-01
5.421485e-01	8.791168e-01	-2.782118e-01
5.088902e-01	8.669679e-01	-1.668791e-01
5.485340e-01	8.668398e-01	-1.648511e-01
5.189998e-01	8.376743e-01	-2.553417e-01
5.352163e-01	8.363255e-01	-2.545041e-01
4.736879e-01	7.367783e-01	-1.121844e-01
5.804085e-01	7.322385e-01	-9.577103e-02
4.506664e-01	6.009451e-01	-7.834145e-02
6.064748e-01	5.930623e-01	-5.905556e-02
4.303307e-01	4.746085e-01	-1.690822e-01
6.191288e-01	4.681838e-01	-1.643589e-01
4.265099e-01	4.380064e-01	-2.022433e-01
6.271650e-01	4.349826e-01	-2.009455e-01
4.326088e-01	4.385903e-01	-2.405837e-01
6.200224e-01	4.339749e-01	-2.343130e-01
4.385370e-01	4.509176e-01	-1.873425e-01
6.142155e-01	4.440672e-01	-1.817949e-01
4.936299e-01	4.611424e-01	9.769868e-04
5.553600e-01	4.585036e-01	-8.558047e-04
4.724154e-01	2.753735e-01	1.359185e-02
5.721577e-01	2.688788e-01	2.692130e-02
4.679917e-01	1.124039e-01	2.110246e-01
5.719946e-01	1.124910e-01	2.380079e-01
4.776184e-01	8.775286e-02	2.262190e-01
5.624985e-01	8.769154e-02	2.424970e-01
4.354475e-01	5.710699e-02	1.191765e-01
6.025015e-01	5.330587e-02	1.085780e-01
5.267822e-01	8.597339e-01	-3.207536e-01
5.210966e-01	8.784882e-01	-3.039382e-01
5.168341e-01	8.779474e-01	-3.039497e-01
5.129613e-01	8.772932e-01	-3.038704e-01
5.336066e-01	8.787306e-01	-3.045214e-01
5.381658e-01	8.783437e-01	-3.045638e-01
5.425405e-01	8.777187e-01	-3.044437e-01
5.089958e-01	8.666067e-01	-1.924807e-01
5.489987e-01	8.653787e-01	-1.951504e-01
5.191246e-01	8.361694e-01	-2.780803e-01
5.356472e-01	8.351874e-01	-2.784786e-01
4.734316e-01	7.393752e-01	-1.243828e-01
5.814727e-01	7.332870e-01	-1.118897e-01
4.508669e-01	6.043093e-01	-9.348236e-02
6.042275e-01	5.949922e-01	-7.538401e-02
4.346253e-01	4.780449e-01	-1.783974e-01
6.123487e-01	4.681567e-01	-1.701370e-01
4.307778e-01	4.416771e-01	-2.096382e-01
6.193990e-01	4.338810e-01	-2.036186e-01
4.386999e-01	4.431031e-01	-2.476079e-01
6.131447e-01	4.340946e-01	-2.392866e-01
4.449285e-01	4.549493e-01	-1.962065e-01
6.076797e-01	4.449515e-01	-1.879644e-01
4.936173e-01	4.646828e-01	8.192000e-04
5.555207e-01	4.639594e-01	-7.058071e-04
4.740261e-01	2.770402e-01	2.638658e-02
5.705079e-01	2.713412e-01	3.320342e-02
4.679782e-01	1.119708e-01	2.034033e-01
5.720476e-01	1.124975e-01	2.233222e-01
4.773803e-01	8.602145e-02	2.258940e-01
5.627021e-01	8.669678e-02	2.237260e-01
4.354110e-01	5.589855e-02	9.946816e-02
6.030008e-01	5.325934e-02	9.565482e-02
5.279249e-01	8.610545e-01	-3.041336e-01
5.218982e-01	8.803360e-01	-2.871135e-01
5.176238e-01	8.799731e-01	-2.871341e-01
5.135027e-01	8.792771e-01	-2.870640e-01
5.344542e-01	8.799909e-01	-2.870558e-01
5.391446e-01	8.792674e-01	-2.870878e-01
5.434529e-01	8.781064e-01	-2.869539e-01
5.093195e-01	8.677003e-01	-1.782605e-01
5.496943e-01	8.645017e-01	-1.778993e-01
5.197065e-01	8.378772e-01	-2.628126e-01
5.364668e-01	8.363071e-01	-2.623885e-01
4.734887e-01	7.381600e-01	-1.159923e-01
5.820065e-01	7.322918e-01	-9.936549e-02
4.520233e-01	6.066898e-01	-8.490242e-02
6.007295e-01	5.966772e-01	-5.965265e-02
4.396166e-01	4.813538e-01	-1.600448e-01
6.075499e-01	4.697910e-01	-1.493321e-01
4.353394e-01	4.464886e-01	-1.904998e-01
6.144321e-01	4.374745e-01	-1.833525e-01
4.438323e-01	4.479394e-01	-2.290610e-01
6.076180e-01	4.373342e-01	-2.178159e-01
4.501485e-01	4.591314e-01	-1.777221e-01
6.023148e-01	4.470084e-01	-1.671217e-01
4.935893e-01	4.652935e-01	1.481353e-04
5.555855e-01	4.635707e-01	-4.258359e-05
4.763104e-01	2.779109e-01	2.453057e-02
5.687934e-01	2.756518e-01	3.521474e-02
4.678367e-01	1.105485e-01	1.875567e-01
5.722145e-01	1.131170e-01	2.091244e-01
4.766448e-01	8.466281e-02	1.959544e-01
5.629471e-01	8.680753e-02	2.118147e-01
4.353697e-01	5.177765e-02	7.360524e-02
6.033956e-01	5.323621e-02	8.863883e-02
5.306785e-01	8.591494e-01	-2.962404e-01
5.236597e-01	8.789121e-01	-2.790970e-01
5.193068e-01	8.783107e-01	-2.791158e-01
5.148487e-01	8.774936e-01	-2.790453e-01
5.363821e-01	8.789735e-01	-2.787438e-01
5.408493e-01	8.783350e-01	-2.787725e-01
5.448676e-01	8.773865e-01	-2.786437e-01
5.098298e-01	8.658230e-01	-1.761520e-01
5.499576e-01	8.640411e-01	-1.728286e-01
5.213417e-01	8.367658e-01	-2.551618e-01
5.382839e-01	8.363883e-01	-2.544072e-01
4.734828e-01	7.360426e-01	-1.133649e-01
5.821470e-01	7.323839e-01	-9.606992e-02
4.544637e-01	6.059058e-01	-7.616512e-02
5.978359e-01	5.982450e-01	-5.053522e-02
4.437528e-01	4.831730e-01	-1.369320e-01
6.057681e-01	4.711453e-01	-1.249875e-01
4.394931e-01	4.487154e-01	-1.634436e-01
6.128669e-01	4.386680e-01	-1.553059e-01
4.457331e-01	4.503160e-01	-2.002180e-01
6.071302e-01	4.390967e-01	-1.886806e-01
4.518682e-01	4.614179e-01	-1.534645e-01
6.015754e-01	4.485492e-01	-1.418545e-01
4.936758e-01	4.649498e-01	-6.797802e-05
5.558405e-01	4.635445e-01	1.597271e-04
4.780231e-01	2.781948e-01	4.114178e-02
5.680875e-01	2.771599e-01	4.238790e-02
4.678153e-01	1.106157e-01	2.002315e-01
5.733372e-01	1.128724e-01	2.101703e-01
4.763431e-01	8.479298e-02	2.074103e-01
5.644483e-01	8.573661e-02	2.140750e-01
4.357837e-01	5.192216e-02	7.822525e-02
6.033519e-01	5.286549e-02	9.644555e-02
5.318658e-01	8.583512e-01	-3.146932e-01
5.246190e-01	8.783194e-01	-3.013884e-01
5.201856e-01	8.777472e-01	-3.013965e-01
5.155445e-01	8.769376e-01	-3.013436e-01
5.375960e-01	8.780547e-01	-3.018229e-01
5.419791e-01	8.772624e-01	-3.018584e-01
5.459005e-01	8.762120e-01	-3.017748e-01
5.103015e-01	8.652452e-01	-1.982758e-01
5.507099e-01	8.631757e-01	-2.002660e-01
5.221922e-01	8.362226e-01	-2.738802e-01
5.391806e-01	8.359666e-01	-2.741059e-01
4.736603e-01	7.351419e-01	-1.210074e-01
5.824074e-01	7.312931e-01	-1.139540e-01
4.584227e-01	6.051738e-01	-6.378251e-02
5.962675e-01	5.969882e-01	-5.693533e-02
4.491162e-01	4.832284e-01	-1.092232e-01
6.016320e-01	4.709361e-01	-1.195228e-01
4.446785e-01	4.473296e-01	-1.314844e-01
6.038167e-01	4.368574e-01	-1.455419e-01
4.501658e-01	4.490385e-01	-1.672371e-01
5.993472e-01	4.377084e-01	-1.802098e-01
4.561568e-01	4.612434e-01	-1.248313e-01
5.955382e-01	4.493354e-01	-1.359782e-01
4.936590e-01	4.654970e-01	3.742778e-04
5.559899e-01	4.638604e-01	-3.258007e-04
4.784142e-01	2.787234e-01	4.425078e-02
5.668234e-01	2.776020e-01	4.446096e-02
4.678112e-01	1.099661e-01	2.095982e-01
5.737139e-01	1.114697e-01	2.236554e-01
4.762913e-01	8.423720e-02	2.173783e-01
5.648668e-01	8.377657e-02	2.308567e-01
4.364073e-01	5.178202e-02	7.848971e-02
6.036070e-01	5.267606e-02	9.926470e-02
5.317668e-01	8.578259e-01	-3.371494e-01
5.246065e-01	8.777092e-01	-3.235388e-01
5.201694e-01	8.772051e-01	-3.235575e-01
5.155447e-01	8.764455e-01	-3.235465e-01
5.376475e-01	8.774419e-01	-3.257268e-01
5.421492e-01	8.766393e-01	-3.257458e-01
5.460632e-01	8.755742e-01	-3.256607e-01
5.104725e-01	8.647792e-01	-2.126250e-01
5.512203e-01	8.628469e-01	-2.232613e-01
5.221606e-01	8.353350e-01	-2.930933e-01
5.392318e-01	8.349735e-01	-2.957103e-01
4.740023e-01	7.339814e-01	-1.218115e-01
5.828604e-01	7.306567e-01	-1.250970e-01
4.619395e-01	6.045195e-01	-3.541110e-02
5.940579e-01	5.960021e-01	-4.690838e-02
4.520604e-01	4.834885e-01	-5.844721e-02
5.955111e-01	4.713662e-01	-8.850706e-02
4.482213e-01	4.471950e-01	-7.478633e-02
5.933017e-01	4.380158e-01	-1.093064e-01
4.522694e-01	4.488352e-01	-1.117246e-01
5.895390e-01	4.386698e-01	-1.459826e-01
4.581220e-01	4.613087e-01	-7.375696e-02
5.886175e-01	4.498577e-01	-1.049238e-01
4.936808e-01	4.663531e-01	3.214252e-03
5.564029e-01	4.636669e-01	-3.262344e-03
4.789177e-01	2.801247e-01	4.785955e-02
5.661128e-01	2.773632e-01	4.879684e-02
4.678314e-01	1.089053e-01	2.200315e-01
5.741313e-01	1.106232e-01	2.468872e-01
4.762784e-01	8.183400e-02	2.288777e-01
5.648928e-01	8.229987e-02	2.570815e-01
4.363682e-01	5.118322e-02	9.452277e-02
6.040669e-01	5.182131e-02	1.244244e-01
5.315894e-01	8.565933e-01	-3.460389e-01
5.245544e-01	8.764763e-01	-3.318808e-01
5.201399e-01	8.761334e-01	-3.319164e-01
5.155342e-01	8.755403e-01	-3.319385e-01
5.375810e-01	8.758212e-01	-3.344353e-01
5.421730e-01	8.748695e-01	-3.344382e-01
5.460924e-01	8.736705e-01	-3.343500e-01
5.106164e-01	8.641099e-01	-2.171210e-01
5.516140e-01	8.610576e-01	-2.300318e-01
5.220931e-01	8.341236e-01	-3.005503e-01
5.391213e-01	8.328695e-01	-3.037789e-01
4.741778e-01	7.333722e-01	-1.215016e-01
5.830683e-01	7.305728e-01	-1.219635e-01
4.635155e-01	6.039155e-01	-1.940593e-02
5.919244e-01	5.953871e-01	-2.116739e-02
4.553819e-01	4.842267e-01	-2.443746e-02
5.919027e-01	4.729385e-01	-4.213052e-02
4.514886e-01	4.477167e-01	-3.607647e-02
5.864732e-01	4.420959e-01	-5.757194e-02
4.554262e-01	4.493358e-01	-7.300933e-02
5.852156e-01	4.422558e-01	-9.337430e-02
4.611127e-01	4.621604e-01	-3.889754e-02
5.836394e-01	4.542175e-01	-5.735008e-02
4.938720e-01	4.654804e-01	5.232611e-03
5.567274e-01	4.636094e-01	-5.345144e-03
4.786829e-01	2.797799e-01	4.673494e-02
5.662509e-01	2.774216e-01	4.890383e-02
4.678261e-01	1.082014e-01	2.212925e-01
5.746291e-01	1.103141e-01	2.548833e-01
4.762661e-01	8.097751e-02	2.307290e-01
5.651354e-01	8.201719e-02	2.660184e-01
4.361883e-01	5.098692e-02	9.934168e-02
6.040357e-01	5.129872e-02	1.347866e-01
5.315518e-01	8.562895e-01	-3.516785e-01
5.246653e-01	8.760207e-01	-3.383372e-01
5.202981e-01	8.757223e-01	-3.383759e-01
5.156637e-01	8.751709e-01	-3.384125e-01
5.376738e-01	8.752426e-01	-3.408727e-01
5.423381e-01	8.742531e-01	-3.408655e-01
5.462326e-01	8.730085e-01	-3.407699e-01
5.108521e-01	8.638939e-01	-2.234771e-01
5.519924e-01	8.604258e-01	-2.368597e-01
5.220919e-01	8.340585e-01	-3.059354e-01
5.391128e-01	8.325850e-01	-3.091960e-01
4.743286e-01	7.343884e-01	-1.230980e-01
5.832561e-01	7.312990e-01	-1.199759e-01
4.647104e-01	6.047062e-01	-5.045809e-03
5.904979e-01	5.950141e-01	1.162099e-02
4.594730e-01	4.876339e-01	2.455269e-02
5.861876e-01	4.759109e-01	3.235139e-02
4.565437e-01	4.506445e-01	2.006581e-02
5.822811e-01	4.457899e-01	2.504610e-02
4.607316e-01	4.523680e-01	-1.714515e-02
5.797172e-01	4.460961e-01	-8.368846e-03
4.658317e-01	4.650925e-01	1.108948e-02
5.795539e-01	4.585282e-01	1.957644e-02
4.938606e-01	4.651087e-01	5.755358e-03
5.567173e-01	4.634229e-01	-5.898204e-03
4.782652e-01	2.792621e-01	5.066358e-02
5.663900e-01	2.776114e-01	5.427215e-02
4.678292e-01	1.065730e-01	2.290085e-01
5.749587e-01	1.094748e-01	2.676010e-01
4.764062e-01	7.905929e-02	2.391392e-01
5.655072e-01	8.092941e-02	2.795084e-01
4.361485e-01	5.083532e-02	1.119863e-01
6.042966e-01	5.015508e-02	1.500751e-01
5.317808e-01	8.545713e-01	-3.593425e-01
5.248920e-01	8.744006e-01	-3.460959e-01
5.205430e-01	8.741270e-01	-3.461359e-01
5.158874e-01	8.736227e-01	-3.461709e-01
5.379595e-01	8.735681e-01	-3.484464e-01
5.426436e-01	8.726646e-01	-3.484460e-01
5.465306e-01	8.715102e-01	-3.483566e-01
5.110620e-01	8.629175e-01	-2.296520e-01
5.523288e-01	8.596222e-01	-2.421489e-01
5.222151e-01	8.325577e-01	-3.128627e-01
5.393061e-01	8.312649e-01	-3.158673e-01
4.744509e-01	7.345029e-01	-1.255035e-01
5.835180e-01	7.311183e-01	-1.228518e-01
4.653583e-01	6.049294e-01	-6.279693e-03
5.911571e-01	5.945354e-01	5.145281e-03
4.609613e-01	4.896787e-01	1.965445e-02
5.887202e-01	4.759418e-01	1.591436e-02
4.584312e-01	4.511523e-01	1.453266e-02
5.837737e-01	4.466709e-01	7.006455e-03
4.623980e-01	4.530286e-01	-2.288613e-02
5.828597e-01	4.467554e-01	-2.727208e-02
4.673459e-01	4.662308e-01	5.908703e-03
5.808613e-01	4.592701e-01	2.456054e-03
4.938529e-01	4.643940e-01	6.354996e-03
5.567478e-01	4.629027e-01	-6.506690e-03
4.780287e-01	2.783916e-01	5.369986e-02
5.663079e-01	2.770910e-01	5.236438e-02
4.678606e-01	1.058556e-01	2.356023e-01
5.750043e-01	1.089306e-01	2.646207e-01
4.766619e-01	7.866609e-02	2.461158e-01
5.657334e-01	8.024629e-02	2.763315e-01
4.361619e-01	4.974544e-02	1.209230e-01
6.042562e-01	4.960147e-02	1.464717e-01
