5.611845e-01	7.989190e-01	-2.660342e-01
5.562508e-01	8.141959e-01	-2.505440e-01
5.533869e-01	8.142297e-01	-2.505487e-01
5.497680e-01	8.143690e-01	-2.504875e-01
5.659392e-01	8.145779e-01	-2.526786e-01
5.694383e-01	8.146168e-01	-2.527258e-01
5.732528e-01	8.146921e-01	-2.526949e-01
5.453122e-01	8.072859e-01	-1.436633e-01
5.796353e-01	8.071620e-01	-1.537367e-01
5.551713e-01	7.812859e-01	-2.245193e-01
5.681662e-01	7.825472e-01	-2.270748e-01
5.177235e-01	7.056215e-01	-7.458742e-02
6.119700e-01	7.097466e-01	-7.569253e-02
5.088012e-01	5.739971e-01	-2.468307e-02
6.189662e-01	5.843393e-01	-3.191406e-02
5.057349e-01	4.566508e-01	-8.267826e-02
6.247539e-01	4.727052e-01	-1.021247e-01
5.016197e-01	4.181182e-01	-1.051359e-01
6.266974e-01	4.347683e-01	-1.247369e-01
5.061775e-01	4.177952e-01	-1.347589e-01
6.230321e-01	4.341288e-01	-1.574314e-01
5.107340e-01	4.306044e-01	-9.658514e-02
6.186829e-01	4.478981e-01	-1.174774e-01
5.422359e-01	4.433650e-01	-4.915257e-03
5.909119e-01	4.462510e-01	4.953896e-03
5.370307e-01	2.729828e-01	1.084312e-02
5.960218e-01	2.761096e-01	3.938499e-02
5.454534e-01	1.282209e-01	1.741510e-01
5.910959e-01	1.313222e-01	2.151255e-01
5.501283e-01	1.058475e-01	1.831624e-01
5.808543e-01	1.077196e-01	2.254141e-01
5.319530e-01	7.044700e-02	7.146537e-02
6.083346e-01	6.166619e-02	1.115758e-01
5.617563e-01	7.992933e-01	-2.824409e-01
5.565611e-01	8.144842e-01	-2.678593e-01
5.534025e-01	8.143927e-01	-2.678481e-01
5.498526e-01	8.143837e-01	-2.677695e-01
5.664978e-01	8.149750e-01	-2.696777e-01
5.698233e-01	8.150022e-01	-2.697285e-01
5.734985e-01	8.149981e-01	-2.696784e-01
5.454457e-01	8.072048e-01	-1.616146e-01
5.797101e-01	8.072759e-01	-1.702707e-01
5.557616e-01	7.814484e-01	-2.409784e-01
5.688655e-01	7.826111e-01	-2.431376e-01
5.177507e-01	7.052929e-01	-8.221556e-02
6.122961e-01	7.098728e-01	-9.541743e-02
5.085748e-01	5.738744e-01	-2.907752e-02
6.188114e-01	5.855598e-01	-5.435882e-02
5.048440e-01	4.555583e-01	-9.258591e-02
6.242031e-01	4.726434e-01	-1.292883e-01
5.003781e-01	4.160845e-01	-1.161231e-01
6.267391e-01	4.348727e-01	-1.560562e-01
5.054417e-01	4.158001e-01	-1.491604e-01
6.231423e-01	4.340474e-01	-1.891665e-01
5.102503e-01	4.280502e-01	-1.078173e-01
6.187388e-01	4.477317e-01	-1.445951e-01
5.417114e-01	4.463563e-01	1.097235e-03
5.910889e-01	4.514727e-01	-1.057959e-03
5.366887e-01	2.764736e-01	3.214783e-02
5.961720e-01	2.821135e-01	2.623402e-02
5.443621e-01	1.301488e-01	1.965191e-01
5.915778e-01	1.291405e-01	1.897006e-01
5.500760e-01	1.080042e-01	2.058001e-01
5.825724e-01	1.071053e-01	1.982747e-01
5.306249e-01	7.387237e-02	9.472255e-02
6.087092e-01	6.295057e-02	7.714352e-02
5.621739e-01	7.996224e-01	-2.788005e-01
5.568171e-01	8.148159e-01	-2.638521e-01
5.534405e-01	8.146240e-01	-2.638478e-01
5.499494e-01	8.144501e-01	-2.637780e-01
5.668868e-01	8.154463e-01	-2.659929e-01
5.701388e-01	8.155016e-01	-2.660439e-01
5.737447e-01	8.154532e-01	-2.660038e-01
5.456649e-01	8.072229e-01	-1.573393e-01
5.799468e-01	8.075609e-01	-1.676845e-01
5.562752e-01	7.815685e-01	-2.372173e-01
5.694560e-01	7.826977e-01	-2.396805e-01
5.179017e-01	7.053143e-01	-8.146548e-02
6.124526e-01	7.099034e-01	-9.039515e-02
5.085077e-01	5.753376e-01	-2.918721e-02
6.187195e-01	5.875337e-01	-4.989360e-02
5.033878e-01	4.555639e-01	-9.405265e-02
6.249930e-01	4.727177e-01	-1.284949e-01
4.991978e-01	4.160910e-01	-1.175905e-01
6.300153e-01	4.356513e-01	-1.558816e-01
5.036742e-01	4.155608e-01	-1.520651e-01
6.256493e-01	4.343112e-01	-1.892092e-01
5.085180e-01	4.276649e-01	-1.099301e-01
6.208844e-01	4.480967e-01	-1.441006e-01
5.414661e-01	4.488939e-01	1.990114e-03
5.912119e-01	4.537951e-01	-1.934896e-03
5.350468e-01	2.785256e-01	2.694577e-02
5.986621e-01	2.853861e-01	1.436661e-02
5.421095e-01	1.314436e-01	1.896072e-01
5.951213e-01	1.261018e-01	1.626730e-01
5.493900e-01	1.087603e-01	1.961334e-01
5.864917e-01	1.049957e-01	1.691833e-01
5.300397e-01	7.535226e-02	8.169462e-02
6.131670e-01	6.294442e-02	4.540611e-02
5.631260e-01	7.994723e-01	-2.874399e-01
5.573875e-01	8.146808e-01	-2.731534e-01
5.537318e-01	8.144118e-01	-2.731467e-01
5.501798e-01	8.140941e-01	-2.730590e-01
5.676439e-01	8.154342e-01	-2.741896e-01
5.708543e-01	8.155016e-01	-2.742333e-01
5.745449e-01	8.154550e-01	-2.741884e-01
5.458996e-01	8.070144e-01	-1.660541e-01
5.806263e-01	8.076767e-01	-1.710578e-01
5.571860e-01	7.810049e-01	-2.453003e-01
5.705118e-01	7.823830e-01	-2.463428e-01
5.183395e-01	7.057108e-01	-8.594792e-02
6.133382e-01	7.102665e-01	-9.020819e-02
5.084006e-01	5.804946e-01	-3.671106e-02
6.202481e-01	5.876517e-01	-4.941317e-02
5.026683e-01	4.574709e-01	-1.066820e-01
6.289011e-01	4.715006e-01	-1.326059e-01
4.982606e-01	4.180852e-01	-1.314603e-01
6.361777e-01	4.343990e-01	-1.604641e-01
5.030614e-01	4.168772e-01	-1.656354e-01
6.298150e-01	4.326935e-01	-1.942851e-01
5.080334e-01	4.288329e-01	-1.225402e-01
6.244465e-01	4.463944e-01	-1.483184e-01
5.414669e-01	4.493628e-01	1.401566e-03
5.927879e-01	4.539760e-01	-1.347408e-03
5.350810e-01	2.796075e-01	3.097258e-02
6.036315e-01	2.867788e-01	1.989687e-02
5.417289e-01	1.321414e-01	1.947129e-01
6.037406e-01	1.245277e-01	1.758235e-01
5.493838e-01	1.092497e-01	2.031605e-01
5.933725e-01	1.042439e-01	1.833332e-01
5.296105e-01	7.597841e-02	9.177166e-02
6.208960e-01	6.327688e-02	6.195403e-02
5.649614e-01	7.995066e-01	-2.825204e-01
5.586568e-01	8.146358e-01	-2.689412e-01
5.550225e-01	8.143227e-01	-2.689210e-01
5.511127e-01	8.139169e-01	-2.687944e-01
5.689196e-01	8.154159e-01	-2.672579e-01
5.722665e-01	8.154869e-01	-2.672994e-01
5.759278e-01	8.154188e-01	-2.672329e-01
5.466693e-01	8.066097e-01	-1.654350e-01
5.812771e-01	8.076748e-01	-1.599545e-01
5.585086e-01	7.809942e-01	-2.421709e-01
5.718965e-01	7.823846e-01	-2.398438e-01
5.187858e-01	7.057377e-01	-8.552331e-02
6.138521e-01	7.104585e-01	-8.047311e-02
5.082715e-01	5.831131e-01	-3.777369e-02
6.232213e-01	5.886563e-01	-4.664984e-02
5.011224e-01	4.618672e-01	-1.125460e-01
6.333348e-01	4.730152e-01	-1.305943e-01
4.966295e-01	4.239018e-01	-1.389312e-01
6.419903e-01	4.368318e-01	-1.601594e-01
5.013032e-01	4.222465e-01	-1.737004e-01
6.339889e-01	4.349354e-01	-1.934880e-01
5.065991e-01	4.339932e-01	-1.288796e-01
6.292247e-01	4.489445e-01	-1.465234e-01
5.412736e-01	4.495958e-01	1.221723e-03
5.936086e-01	4.538411e-01	-1.185272e-03
5.357120e-01	2.806792e-01	3.766369e-02
6.105604e-01	2.862632e-01	2.062583e-02
5.418516e-01	1.321316e-01	2.056244e-01
6.157225e-01	1.234795e-01	1.835881e-01
5.494508e-01	1.092105e-01	2.150940e-01
6.068831e-01	1.016295e-01	1.915391e-01
5.293190e-01	7.607146e-02	1.040512e-01
6.296562e-01	6.334651e-02	7.020070e-02
5.666734e-01	7.992898e-01	-2.489925e-01
5.603779e-01	8.141389e-01	-2.342499e-01
5.568271e-01	8.138260e-01	-2.342458e-01
5.528597e-01	8.134450e-01	-2.341461e-01
5.704460e-01	8.148175e-01	-2.336172e-01
5.740263e-01	8.148595e-01	-2.336484e-01
5.774515e-01	8.147464e-01	-2.335578e-01
5.480447e-01	8.063098e-01	-1.322937e-01
5.822490e-01	8.075317e-01	-1.296341e-01
5.599539e-01	7.807203e-01	-2.096494e-01
5.732170e-01	7.820238e-01	-2.085015e-01
5.202798e-01	7.067444e-01	-6.459966e-02
6.148737e-01	7.110386e-01	-5.513810e-02
5.089329e-01	5.910649e-01	-2.981075e-02
6.271130e-01	5.892144e-01	-2.421936e-02
5.006050e-01	4.745707e-01	-1.065032e-01
6.389612e-01	4.730160e-01	-1.192257e-01
4.959455e-01	4.357613e-01	-1.319508e-01
6.470867e-01	4.368538e-01	-1.544862e-01
5.008639e-01	4.341491e-01	-1.660168e-01
6.388019e-01	4.349282e-01	-1.859337e-01
5.063512e-01	4.464665e-01	-1.222525e-01
6.340282e-01	4.489282e-01	-1.352648e-01
5.414797e-01	4.518002e-01	1.124213e-03
5.958114e-01	4.548623e-01	-1.104221e-03
5.361245e-01	2.816246e-01	3.685698e-02
6.134697e-01	2.864515e-01	2.319066e-02
5.419260e-01	1.321092e-01	1.987285e-01
6.217406e-01	1.235112e-01	1.757090e-01
5.494496e-01	1.091826e-01	2.078585e-01
6.138099e-01	1.010723e-01	1.823095e-01
5.290878e-01	7.614222e-02	9.655200e-02
6.355627e-01	6.331266e-02	6.021018e-02
5.678740e-01	7.993152e-01	-2.112502e-01
5.619088e-01	8.140929e-01	-1.957165e-01
5.583478e-01	8.137680e-01	-1.957284e-01
5.545207e-01	8.133910e-01	-1.956310e-01
5.716971e-01	8.147354e-01	-1.948908e-01
5.753942e-01	8.147386e-01	-1.949134e-01
5.786322e-01	8.145717e-01	-1.947948e-01
5.496116e-01	8.062280e-01	-9.846692e-02
5.834348e-01	8.074145e-01	-9.468177e-02
5.612519e-01	7.807407e-01	-1.745819e-01
5.742146e-01	7.820234e-01	-1.731850e-01
5.222522e-01	7.079077e-01	-4.729187e-02
6.154740e-01	7.124050e-01	-2.229019e-02
5.089446e-01	6.008501e-01	-2.102390e-02
6.298534e-01	5.929070e-01	1.115824e-02
4.982956e-01	4.947468e-01	-9.837048e-02
6.440443e-01	4.753501e-01	-7.951990e-02
4.928663e-01	4.572914e-01	-1.264246e-01
6.526531e-01	4.406409e-01	-1.102598e-01
4.997217e-01	4.550827e-01	-1.620132e-01
6.444732e-01	4.372439e-01	-1.413165e-01
5.054132e-01	4.675146e-01	-1.141801e-01
6.390265e-01	4.501030e-01	-9.523296e-02
5.413080e-01	4.552303e-01	-2.200394e-03
5.958591e-01	4.555453e-01	2.289823e-03
5.374547e-01	2.833583e-01	2.062449e-02
6.169091e-01	2.862197e-01	2.110905e-02
5.420099e-01	1.321649e-01	1.611099e-01
6.268936e-01	1.231200e-01	1.532880e-01
5.492255e-01	1.092828e-01	1.683005e-01
6.198062e-01	1.006143e-01	1.581194e-01
5.291150e-01	7.661299e-02	6.141953e-02
6.437960e-01	6.190101e-02	4.196333e-02
5.687323e-01	7.993154e-01	-1.958377e-01
5.629814e-01	8.139301e-01	-1.818739e-01
5.594997e-01	8.136187e-01	-1.819017e-01
5.558826e-01	8.132750e-01	-1.818235e-01
5.725833e-01	8.144807e-01	-1.817304e-01
5.763319e-01	8.144445e-01	-1.817407e-01
5.795078e-01	8.142236e-01	-1.816135e-01
5.510760e-01	8.061738e-01	-8.840359e-02
5.843813e-01	8.072156e-01	-8.767866e-02
5.623645e-01	7.807339e-01	-1.600374e-01
5.750302e-01	7.819699e-01	-1.595270e-01
5.243901e-01	7.090910e-01	-3.630956e-02
6.161789e-01	7.158559e-01	-1.185992e-02
5.084541e-01	6.114264e-01	7.171328e-03
6.332976e-01	6.012941e-01	3.947004e-02
4.956150e-01	5.183082e-01	-4.780463e-02
6.488498e-01	4.856487e-01	-2.987244e-02
4.898091e-01	4.823739e-01	-6.955342e-02
6.569690e-01	4.498966e-01	-5.397779e-02
4.975572e-01	4.799814e-01	-1.030761e-01
6.518802e-01	4.447550e-01	-8.624159e-02
5.031462e-01	4.913150e-01	-6.202544e-02
6.466367e-01	4.578771e-01	-4.526589e-02
5.420087e-01	4.588276e-01	-3.097914e-03
5.969501e-01	4.591183e-01	3.200712e-03
5.379570e-01	2.847210e-01	1.367394e-02
6.193090e-01	2.861642e-01	1.264601e-02
5.420193e-01	1.340646e-01	1.516697e-01
6.308607e-01	1.209353e-01	1.346565e-01
5.489274e-01	1.115717e-01	1.590782e-01
6.240730e-01	9.864503e-02	1.392907e-01
5.291106e-01	7.713079e-02	5.350799e-02
6.488465e-01	5.938195e-02	2.336941e-02
5.697557e-01	7.993391e-01	-1.829594e-01
5.644267e-01	8.139181e-01	-1.669703e-01
5.608606e-01	8.136156e-01	-1.669967e-01
5.575417e-01	8.132768e-01	-1.669122e-01
5.739258e-01	8.143834e-01	-1.671319e-01
5.777258e-01	8.142978e-01	-1.671294e-01
5.808429e-01	8.140120e-01	-1.670007e-01
5.527571e-01	8.061801e-01	-6.734055e-02
5.859227e-01	8.070199e-01	-6.834087e-02
5.635003e-01	7.807880e-01	-1.455570e-01
5.761195e-01	7.819485e-01	-1.454334e-01
5.259342e-01	7.090558e-01	-1.249612e-02
6.177441e-01	7.171015e-01	6.697076e-03
5.084202e-01	6.192915e-01	2.633793e-02
6.389660e-01	6.074541e-01	6.056243e-02
4.949648e-01	5.370194e-01	-4.681908e-02
6.579334e-01	4.976630e-01	-1.269196e-02
4.882862e-01	5.043191e-01	-7.267881e-02
6.655470e-01	4.626384e-01	-3.866922e-02
4.974219e-01	5.042664e-01	-1.059769e-01
6.595300e-01	4.595143e-01	-7.288065e-02
5.032094e-01	5.144775e-01	-6.152254e-02
6.540967e-01	4.721766e-01	-2.875144e-02
5.428393e-01	4.583572e-01	-2.678038e-03
5.978106e-01	4.589725e-01	2.793862e-03
5.382682e-01	2.845743e-01	1.512219e-02
6.189960e-01	2.837557e-01	7.806705e-03
5.420122e-01	1.340014e-01	1.600946e-01
6.349083e-01	1.171396e-01	1.363670e-01
5.484886e-01	1.114801e-01	1.678763e-01
6.280960e-01	9.525748e-02	1.415068e-01
5.287019e-01	7.713319e-02	5.870218e-02
6.532805e-01	5.597218e-02	2.075634e-02
5.713647e-01	7.989011e-01	-2.049576e-01
5.660548e-01	8.134422e-01	-1.900795e-01
5.622624e-01	8.132333e-01	-1.901208e-01
5.590672e-01	8.129451e-01	-1.900462e-01
5.758153e-01	8.138450e-01	-1.894626e-01
5.796207e-01	8.137990e-01	-1.894644e-01
5.829140e-01	8.134977e-01	-1.893519e-01
5.541265e-01	8.061553e-01	-8.773451e-02
5.877894e-01	8.069624e-01	-8.553705e-02
5.654088e-01	7.805632e-01	-1.660911e-01
5.783097e-01	7.813644e-01	-1.649871e-01
5.270414e-01	7.097465e-01	-1.951799e-02
6.188976e-01	7.206159e-01	5.816548e-03
5.080120e-01	6.329303e-01	5.760806e-02
6.422352e-01	6.264738e-01	1.337029e-01
4.952493e-01	5.690101e-01	4.246296e-02
6.646408e-01	5.284185e-01	1.553979e-01
4.880976e-01	5.345166e-01	3.237683e-02
6.735819e-01	4.947220e-01	1.494103e-01
4.976532e-01	5.342823e-01	-5.973241e-03
6.679481e-01	4.927082e-01	1.168838e-01
5.034541e-01	5.443376e-01	2.837371e-02
6.629286e-01	5.034198e-01	1.431500e-01
5.443664e-01	4.578412e-01	-2.451005e-03
5.998762e-01	4.587339e-01	2.548958e-03
5.394285e-01	2.843489e-01	1.734032e-02
6.202411e-01	2.806876e-01	2.598772e-03
5.419255e-01	1.339654e-01	1.863319e-01
6.368655e-01	1.128779e-01	1.441117e-01
5.481839e-01	1.115032e-01	1.973362e-01
6.302664e-01	9.151507e-02	1.508504e-01
5.282763e-01	7.709301e-02	8.905990e-02
6.545972e-01	5.148717e-02	2.946680e-02
5.730725e-01	7.984844e-01	-2.161131e-01
5.676554e-01	8.129085e-01	-2.009604e-01
5.636724e-01	8.127559e-01	-2.009964e-01
5.604335e-01	8.124751e-01	-2.009218e-01
5.779688e-01	8.134069e-01	-2.010643e-01
5.816876e-01	8.134220e-01	-2.010750e-01
5.854156e-01	8.131461e-01	-2.009776e-01
5.556912e-01	8.059576e-01	-9.472613e-02
5.900060e-01	8.069106e-01	-9.736171e-02
5.675027e-01	7.802696e-01	-1.763755e-01
5.808010e-01	7.809324e-01	-1.763167e-01
5.306402e-01	7.121277e-01	-2.142294e-02
6.211282e-01	7.231226e-01	-5.219595e-03
5.081524e-01	6.525667e-01	4.441547e-02
6.460410e-01	6.387201e-01	1.277256e-01
4.956554e-01	5.998320e-01	7.924901e-03
6.707528e-01	5.471284e-01	1.612975e-01
4.882208e-01	5.683917e-01	-6.136768e-03
6.807060e-01	5.206484e-01	1.569484e-01
4.978037e-01	5.682330e-01	-4.074740e-02
6.742610e-01	5.166449e-01	1.233823e-01
5.040624e-01	5.765062e-01	-5.774394e-03
6.693249e-01	5.242329e-01	1.491475e-01
5.463784e-01	4.575909e-01	-2.277329e-03
6.015700e-01	4.584369e-01	2.365451e-03
5.395640e-01	2.846526e-01	1.136546e-02
6.202949e-01	2.791013e-01	-3.179436e-03
5.413671e-01	1.344407e-01	1.804296e-01
6.378130e-01	1.126910e-01	1.333632e-01
5.471263e-01	1.121500e-01	1.921012e-01
6.313048e-01	9.143107e-02	1.399547e-01
5.282089e-01	7.734116e-02	8.761203e-02
6.549897e-01	5.097524e-02	2.053951e-02
5.750078e-01	7.986015e-01	-2.058845e-01
5.698926e-01	8.129367e-01	-1.908318e-01
5.659721e-01	8.127757e-01	-1.908985e-01
5.626349e-01	8.124875e-01	-1.908383e-01
5.801166e-01	8.134690e-01	-1.904983e-01
5.838268e-01	8.134840e-01	-1.905004e-01
5.878605e-01	8.132162e-01	-1.904052e-01
5.584617e-01	8.059489e-01	-8.301020e-02
5.929131e-01	8.070573e-01	-8.104810e-02
5.701175e-01	7.802686e-01	-1.647272e-01
5.832006e-01	7.809299e-01	-1.637216e-01
5.337262e-01	7.184274e-01	-2.194875e-02
6.244609e-01	7.264321e-01	-1.159454e-03
5.083348e-01	6.663490e-01	-9.597023e-02
6.507400e-01	6.521189e-01	4.255823e-02
4.959289e-01	6.190020e-01	-3.133700e-01
6.751907e-01	5.759860e-01	-6.519864e-02
4.885155e-01	5.979978e-01	-3.588797e-01
6.864067e-01	5.469302e-01	-9.622085e-02
4.978529e-01	5.988919e-01	-3.808438e-01
6.772448e-01	5.436494e-01	-1.192830e-01
5.045258e-01	6.042603e-01	-3.269081e-01
6.717074e-01	5.505830e-01	-7.805343e-02
5.497618e-01	4.573681e-01	-2.341766e-03
6.032785e-01	4.582166e-01	2.450790e-03
5.394793e-01	2.849216e-01	-1.748232e-03
6.210287e-01	2.780114e-01	-4.154569e-03
5.409549e-01	1.355647e-01	1.635254e-01
6.380532e-01	1.113024e-01	1.250022e-01
5.467893e-01	1.135004e-01	1.739645e-01
6.310657e-01	9.049109e-02	1.301188e-01
5.279011e-01	7.757099e-02	6.118184e-02
6.555677e-01	5.007448e-02	4.184698e-03
5.777031e-01	7.985498e-01	-2.063852e-01
5.730976e-01	8.129791e-01	-1.915708e-01
5.693756e-01	8.128299e-01	-1.917450e-01
5.657107e-01	8.125709e-01	-1.917147e-01
5.833737e-01	8.134804e-01	-1.936519e-01
5.871003e-01	8.134866e-01	-1.936540e-01
5.914209e-01	8.132177e-01	-1.935929e-01
5.615951e-01	8.060196e-01	-9.144352e-02
5.969211e-01	8.070382e-01	-9.212877e-02
5.726286e-01	7.799597e-01	-1.691060e-01
5.855340e-01	7.805387e-01	-1.706557e-01
5.367301e-01	7.240686e-01	-4.563553e-02
6.295648e-01	7.268434e-01	-1.059572e-02
5.094382e-01	6.870513e-01	-2.065721e-01
6.568389e-01	6.670983e-01	-9.941413e-02
4.988138e-01	6.592538e-01	-4.679961e-01
6.787306e-01	6.069779e-01	-2.891052e-01
4.887301e-01	6.419830e-01	-5.254930e-01
6.895953e-01	5.847769e-01	-3.380950e-01
5.017843e-01	6.445928e-01	-5.394580e-01
6.798686e-01	5.813952e-01	-3.524790e-01
5.097443e-01	6.490070e-01	-4.805304e-01
6.747035e-01	5.863152e-01	-3.022686e-01
5.508518e-01	4.565336e-01	-2.443656e-03
6.040726e-01	4.545163e-01	2.577471e-03
5.395507e-01	2.844692e-01	4.120120e-03
6.220095e-01	2.740209e-01	1.414038e-03
5.409898e-01	1.356676e-01	2.087514e-01
6.373506e-01	1.107116e-01	1.622189e-01
5.468244e-01	1.135490e-01	2.219144e-01
6.304287e-01	8.972345e-02	1.690830e-01
5.276421e-01	7.802477e-02	1.056270e-01
6.540492e-01	4.851717e-02	3.322620e-02
5.804843e-01	7.979462e-01	-2.134122e-01
5.760118e-01	8.129805e-01	-1.984099e-01
5.722139e-01	8.128313e-01	-1.985114e-01
5.685335e-01	8.125722e-01	-1.984592e-01
5.861811e-01	8.134543e-01	-1.994266e-01
5.898921e-01	8.134375e-01	-1.994310e-01
5.941456e-01	8.131067e-01	-1.993507e-01
5.644658e-01	8.059044e-01	-9.187125e-02
6.002663e-01	8.059102e-01	-9.606477e-02
5.751685e-01	7.792915e-01	-1.733531e-01
5.880243e-01	7.793302e-01	-1.751519e-01
5.413315e-01	7.280428e-01	-4.147805e-02
6.340467e-01	7.275513e-01	-3.504903e-02
5.174881e-01	7.022933e-01	-1.750446e-01
6.634883e-01	6.751196e-01	-1.069804e-01
5.055344e-01	6.865735e-01	-4.055832e-01
6.814579e-01	6.321329e-01	-2.521193e-01
4.940023e-01	6.743564e-01	-4.535638e-01
6.931705e-01	6.114840e-01	-2.910977e-01
5.059188e-01	6.726697e-01	-4.694673e-01
6.816050e-01	6.104299e-01	-3.033237e-01
5.136245e-01	6.753492e-01	-4.191353e-01
6.756149e-01	6.133353e-01	-2.628700e-01
5.522968e-01	4.553006e-01	2.925358e-04
6.058627e-01	4.485680e-01	-1.272526e-04
5.399143e-01	2.841587e-01	7.040189e-03
6.237422e-01	2.693507e-01	3.054292e-03
5.410181e-01	1.358808e-01	1.989251e-01
6.365809e-01	1.106261e-01	1.700848e-01
5.468407e-01	1.139537e-01	2.106961e-01
6.293544e-01	8.968829e-02	1.782485e-01
5.272819e-01	7.847553e-02	9.719127e-02
6.531267e-01	4.886120e-02	4.757959e-02
5.818924e-01	7.967481e-01	-2.103846e-01
5.777017e-01	8.126338e-01	-1.950786e-01
5.740822e-01	8.125125e-01	-1.951497e-01
5.706410e-01	8.123265e-01	-1.951046e-01
5.881280e-01	8.130405e-01	-1.988280e-01
5.922776e-01	8.129269e-01	-1.988731e-01
5.963136e-01	8.124992e-01	-1.988465e-01
5.678949e-01	8.057898e-01	-8.385123e-02
6.039576e-01	8.042431e-01	-9.870644e-02
5.765594e-01	7.789441e-01	-1.670578e-01
5.901639e-01	7.788153e-01	-1.721391e-01
5.467775e-01	7.306035e-01	-2.914045e-02
6.363651e-01	7.280089e-01	-4.237539e-02
5.226969e-01	7.100706e-01	-1.438174e-01
6.690335e-01	6.921250e-01	-6.174884e-02
5.186508e-01	7.177012e-01	-3.300501e-01
6.838694e-01	6.698294e-01	-1.641630e-01
5.141862e-01	7.128505e-01	-3.662641e-01
6.941321e-01	6.546816e-01	-2.607248e-01
5.220640e-01	7.141269e-01	-3.829157e-01
6.834521e-01	6.531934e-01	-1.922594e-01
5.283376e-01	7.131163e-01	-3.431146e-01
6.788046e-01	6.548123e-01	-2.046944e-01
5.552737e-01	4.552606e-01	2.891770e-03
6.086518e-01	4.476813e-01	-2.727553e-03
5.411721e-01	2.853076e-01	2.247655e-02
6.239811e-01	2.700920e-01	5.047279e-03
5.408047e-01	1.360452e-01	1.960675e-01
6.351380e-01	1.106000e-01	1.651712e-01
5.461968e-01	1.144490e-01	2.102189e-01
6.279076e-01	8.965848e-02	1.728004e-01
5.270463e-01	7.910836e-02	8.597613e-02
6.518499e-01	4.907066e-02	3.746372e-02
5.862689e-01	7.952136e-01	-2.123113e-01
5.822691e-01	8.122011e-01	-1.979487e-01
5.785371e-01	8.121547e-01	-1.980071e-01
5.752104e-01	8.120466e-01	-1.979580e-01
5.928295e-01	8.122870e-01	-2.032175e-01
5.970243e-01	8.120279e-01	-2.032588e-01
6.011816e-01	8.113810e-01	-2.032796e-01
5.721405e-01	8.056066e-01	-8.614060e-02
6.091641e-01	8.025306e-01	-1.131310e-01
5.804870e-01	7.782531e-01	-1.711332e-01
5.945905e-01	7.777893e-01	-1.747298e-01
5.529627e-01	7.320477e-01	-4.124934e-02
6.378463e-01	7.302102e-01	-9.479883e-02
5.308845e-01	7.287105e-01	-2.601264e-01
6.686991e-01	7.076344e-01	-3.241035e-01
5.310687e-01	7.295695e-01	-5.276779e-01
6.849340e-01	6.943800e-01	-5.987788e-01
5.307854e-01	7.297172e-01	-5.821639e-01
6.962682e-01	6.892242e-01	-6.617959e-01
5.361845e-01	7.291023e-01	-5.926992e-01
6.850415e-01	6.834618e-01	-6.627526e-01
5.406704e-01	7.274791e-01	-5.417143e-01
6.786374e-01	6.813195e-01	-6.115603e-01
5.584627e-01	4.543724e-01	1.513071e-02
6.110644e-01	4.456329e-01	-1.512394e-02
5.433146e-01	2.852749e-01	4.361104e-02
6.248708e-01	2.703144e-01	-8.001795e-03
5.405264e-01	1.360694e-01	2.060074e-01
6.345943e-01	1.101721e-01	1.364976e-01
5.456122e-01	1.145319e-01	2.151626e-01
6.273130e-01	8.905165e-02	1.419890e-01
5.263256e-01	7.919311e-02	8.991215e-02
6.513377e-01	4.922266e-02	2.013677e-03
5.898782e-01	7.948577e-01	-2.124672e-01
5.861017e-01	8.114991e-01	-1.986182e-01
5.826283e-01	8.115939e-01	-1.986663e-01
5.794185e-01	8.115700e-01	-1.986090e-01
5.961521e-01	8.109921e-01	-2.026390e-01
6.003476e-01	8.104951e-01	-2.026845e-01
6.044344e-01	8.096502e-01	-2.026667e-01
5.762631e-01	8.046462e-01	-8.922628e-02
6.120673e-01	7.999898e-01	-1.128816e-01
5.837916e-01	7.781600e-01	-1.709327e-01
5.974680e-01	7.774769e-01	-1.746935e-01
5.561641e-01	7.339893e-01	-5.157600e-02
6.381111e-01	7.307462e-01	-8.104839e-02
5.299857e-01	7.373379e-01	-2.563835e-01
6.704928e-01	7.291023e-01	-2.418734e-01
5.381467e-01	7.473037e-01	-4.749871e-01
6.810123e-01	7.203342e-01	-4.148068e-01
5.348911e-01	7.482104e-01	-5.218660e-01
6.904802e-01	7.167168e-01	-4.559272e-01
5.443925e-01	7.452489e-01	-5.228671e-01
6.815257e-01	7.181798e-01	-4.561926e-01
5.476562e-01	7.419338e-01	-4.831576e-01
6.744351e-01	7.161677e-01	-4.226080e-01
5.606151e-01	4.521984e-01	1.273872e-02
6.130382e-01	4.432535e-01	-1.270617e-02
5.440849e-01	2.851710e-01	4.361767e-02
6.283234e-01	2.703541e-01	-4.843495e-03
5.403574e-01	1.360699e-01	2.070924e-01
6.349488e-01	1.092916e-01	1.408249e-01
5.453640e-01	1.146729e-01	2.161089e-01
6.274547e-01	8.808219e-02	1.469994e-01
5.259957e-01	7.918095e-02	9.607846e-02
6.516458e-01	4.940151e-02	1.589929e-02
5.948018e-01	7.950102e-01	-2.172128e-01
5.901052e-01	8.116003e-01	-2.034870e-01
5.864349e-01	8.116530e-01	-2.035391e-01
5.831006e-01	8.115857e-01	-2.034535e-01
6.001025e-01	8.110336e-01	-2.068908e-01
6.041147e-01	8.105190e-01	-2.069260e-01
6.080553e-01	8.096844e-01	-2.068644e-01
5.785798e-01	8.041318e-01	-9.417970e-02
6.144376e-01	7.997477e-01	-1.132740e-01
5.885789e-01	7.782271e-01	-1.751306e-01
6.019807e-01	7.775072e-01	-1.786451e-01
5.569845e-01	7.362031e-01	-7.275611e-02
6.388980e-01	7.317998e-01	-1.068199e-01
5.312482e-01	7.396963e-01	-3.378796e-01
6.743917e-01	7.349480e-01	-3.924535e-01
5.394737e-01	7.465175e-01	-6.062641e-01
6.784853e-01	7.327226e-01	-6.888752e-01
5.391337e-01	7.488943e-01	-6.676347e-01
6.883104e-01	7.315938e-01	-7.556637e-01
5.490159e-01	7.457810e-01	-6.654031e-01
6.786612e-01	7.301546e-01	-7.534969e-01
5.508814e-01	7.406622e-01	-6.152251e-01
6.728383e-01	7.278607e-01	-7.006496e-01
5.632497e-01	4.522816e-01	1.300786e-02
6.166486e-01	4.435662e-01	-1.304048e-02
5.445310e-01	2.873519e-01	3.981570e-02
6.300286e-01	2.739170e-01	-3.570226e-03
5.403384e-01	1.360590e-01	2.031796e-01
6.348246e-01	1.093535e-01	1.385736e-01
5.453533e-01	1.146695e-01	2.146983e-01
6.271745e-01	8.782358e-02	1.434690e-01
5.255318e-01	7.920162e-02	8.065099e-02
6.515814e-01	4.949614e-02	6.654148e-03
5.994734e-01	7.948480e-01	-2.457660e-01
5.951020e-01	8.111784e-01	-2.305596e-01
5.915255e-01	8.111279e-01	-2.306268e-01
5.879148e-01	8.110023e-01	-2.305468e-01
6.049457e-01	8.107538e-01	-2.308975e-01
6.086305e-01	8.102092e-01	-2.309578e-01
6.126717e-01	8.092785e-01	-2.308531e-01
5.826412e-01	8.026880e-01	-1.237830e-01
6.182430e-01	7.984804e-01	-1.265452e-01
5.933734e-01	7.780287e-01	-2.048656e-01
6.063718e-01	7.772418e-01	-2.047471e-01
5.599380e-01	7.353807e-01	-1.037845e-01
6.436753e-01	7.260640e-01	-1.159519e-01
5.293388e-01	7.313125e-01	-3.785859e-01
6.784639e-01	7.220541e-01	-3.890239e-01
5.418175e-01	7.496645e-01	-6.344531e-01
6.707684e-01	7.445379e-01	-6.708518e-01
5.405933e-01	7.548444e-01	-6.966804e-01
6.754559e-01	7.532218e-01	-7.363156e-01
5.505735e-01	7.487358e-01	-6.871530e-01
6.649026e-01	7.529002e-01	-7.255502e-01
5.525509e-01	7.425089e-01	-6.404785e-01
6.619769e-01	7.439037e-01	-6.785040e-01
5.650632e-01	4.472691e-01	1.278647e-02
6.201677e-01	4.400155e-01	-1.270709e-02
5.446132e-01	2.861601e-01	4.891845e-02
6.333110e-01	2.750937e-01	1.400969e-02
5.403623e-01	1.359906e-01	2.345198e-01
6.353488e-01	1.094573e-01	1.828363e-01
5.455601e-01	1.139566e-01	2.453551e-01
6.273605e-01	8.740919e-02	1.901794e-01
5.248840e-01	7.919294e-02	1.275186e-01
6.521309e-01	4.955167e-02	5.955708e-02
5.994315e-01	7.907475e-01	-2.438565e-01
5.954138e-01	8.058221e-01	-2.271034e-01
5.918179e-01	8.055831e-01	-2.271611e-01
5.883530e-01	8.051353e-01	-2.270870e-01
6.053470e-01	8.056079e-01	-2.281853e-01
6.093279e-01	8.051132e-01	-2.282254e-01
6.135047e-01	8.043171e-01	-2.281206e-01
5.839804e-01	7.954676e-01	-1.184212e-01
6.204109e-01	7.918882e-01	-1.238259e-01
5.931495e-01	7.727824e-01	-2.028091e-01
6.064810e-01	7.719056e-01	-2.036369e-01
5.635363e-01	7.327634e-01	-1.160071e-01
6.460536e-01	7.164877e-01	-1.249198e-01
5.481622e-01	7.326267e-01	-4.181941e-01
6.759626e-01	7.260466e-01	-4.385678e-01
5.468374e-01	7.455590e-01	-6.938176e-01
6.624823e-01	7.456180e-01	-7.370115e-01
5.434250e-01	7.536654e-01	-7.621989e-01
6.652260e-01	7.541015e-01	-8.068139e-01
5.531861e-01	7.469747e-01	-7.584363e-01
6.556572e-01	7.492252e-01	-7.991342e-01
5.558383e-01	7.382040e-01	-7.034755e-01
6.538922e-01	7.425488e-01	-7.474161e-01
5.668279e-01	4.458092e-01	1.217582e-02
6.225296e-01	4.390318e-01	-1.221425e-02
5.445697e-01	2.860216e-01	3.894906e-02
6.377178e-01	2.787909e-01	1.324505e-02
5.403099e-01	1.353919e-01	2.060058e-01
6.360500e-01	1.099097e-01	1.742611e-01
5.455809e-01	1.124317e-01	2.117637e-01
6.280780e-01	8.752334e-02	1.808838e-01
5.241355e-01	7.918628e-02	7.679207e-02
6.519868e-01	4.967039e-02	5.150846e-02
6.028244e-01	7.803096e-01	-2.402761e-01
5.981285e-01	7.936434e-01	-2.239742e-01
5.943246e-01	7.932036e-01	-2.240340e-01
5.907880e-01	7.924784e-01	-2.239659e-01
6.084365e-01	7.944540e-01	-2.274095e-01
6.125501e-01	7.945488e-01	-2.274498e-01
6.168857e-01	7.942767e-01	-2.273458e-01
5.862835e-01	7.832257e-01	-1.154631e-01
6.235329e-01	7.830807e-01	-1.181661e-01
5.966322e-01	7.598180e-01	-1.984259e-01
6.103449e-01	7.612612e-01	-2.010995e-01
5.663972e-01	7.256857e-01	-1.104078e-01
6.472079e-01	7.127888e-01	-1.154580e-01
5.522990e-01	7.302379e-01	-4.027571e-01
6.795659e-01	7.266970e-01	-4.145920e-01
5.516930e-01	7.420791e-01	-6.644765e-01
6.627545e-01	7.431281e-01	-7.014829e-01
5.469960e-01	7.502393e-01	-7.286481e-01
6.658159e-01	7.509444e-01	-7.677022e-01
5.562934e-01	7.414726e-01	-7.240818e-01
6.562880e-01	7.457450e-01	-7.577440e-01
5.595099e-01	7.321683e-01	-6.732528e-01
6.541867e-01	7.377887e-01	-7.102446e-01
5.685775e-01	4.421995e-01	8.497511e-03
6.245195e-01	4.370750e-01	-8.602337e-03
5.449411e-01	2.859713e-01	2.421645e-02
6.406180e-01	2.787640e-01	8.426316e-03
5.404353e-01	1.353901e-01	1.824669e-01
6.363922e-01	1.099937e-01	1.663498e-01
5.458145e-01	1.125052e-01	1.884388e-01
6.281587e-01	8.719192e-02	1.719202e-01
5.241706e-01	7.945488e-02	5.851287e-02
6.522812e-01	4.970380e-02	4.084916e-02
6.041706e-01	7.666194e-01	-2.118867e-01
5.996009e-01	7.813692e-01	-1.962203e-01
5.957856e-01	7.809958e-01	-1.962786e-01
5.923373e-01	7.803755e-01	-1.962002e-01
6.097478e-01	7.818123e-01	-1.954189e-01
6.137714e-01	7.816854e-01	-1.954464e-01
6.178069e-01	7.814533e-01	-1.953790e-01
5.879225e-01	7.704390e-01	-9.660378e-02
6.242990e-01	7.705194e-01	-9.096445e-02
5.978780e-01	7.479038e-01	-1.741871e-01
6.110593e-01	7.481422e-01	-1.723642e-01
5.678734e-01	7.120673e-01	-9.709589e-02
6.474051e-01	7.001104e-01	-1.006262e-01
5.502771e-01	7.250525e-01	-3.441981e-01
6.788417e-01	7.230451e-01	-3.483455e-01
5.585984e-01	7.318768e-01	-5.738335e-01
6.630431e-01	7.371149e-01	-6.028696e-01
5.587184e-01	7.393205e-01	-6.298984e-01
6.623049e-01	7.423626e-01	-6.599145e-01
5.637091e-01	7.307832e-01	-6.245964e-01
6.549065e-01	7.392288e-01	-6.510996e-01
5.655168e-01	7.239173e-01	-5.803448e-01
6.543011e-01	7.334300e-01	-6.102902e-01
5.685991e-01	4.351498e-01	4.873398e-03
6.243652e-01	4.308146e-01	-5.001689e-03
5.443820e-01	2.861467e-01	-6.045308e-02
6.436700e-01	2.787580e-01	-3.650089e-02
5.404029e-01	1.352667e-01	8.656733e-02
6.367123e-01	1.093972e-01	1.136034e-01
5.458252e-01	1.123905e-01	9.298211e-02
6.282225e-01	8.571891e-02	1.195695e-01
5.241961e-01	7.949954e-02	-3.476412e-02
6.532847e-01	4.976049e-02	-3.440324e-03
6.060041e-01	7.531453e-01	-1.704196e-01
6.012447e-01	7.671450e-01	-1.551909e-01
5.973290e-01	7.667540e-01	-1.552478e-01
5.938599e-01	7.661062e-01	-1.551822e-01
6.113719e-01	7.680660e-01	-1.544631e-01
6.153215e-01	7.682196e-01	-1.544772e-01
6.192448e-01	7.680750e-01	-1.543784e-01
5.887353e-01	7.561222e-01	-5.777473e-02
6.250433e-01	7.567142e-01	-5.444231e-02
5.995960e-01	7.350770e-01	-1.334057e-01
6.127221e-01	7.355636e-01	-1.319599e-01
5.681277e-01	6.990570e-01	-5.047318e-02
6.463037e-01	6.890923e-01	-5.474420e-02
5.518712e-01	7.234439e-01	-2.633372e-01
6.750518e-01	7.198771e-01	-3.032984e-01
5.620895e-01	7.242734e-01	-4.325614e-01
6.620676e-01	7.283124e-01	-5.273589e-01
5.632421e-01	7.287074e-01	-4.762832e-01
6.632848e-01	7.353544e-01	-5.728530e-01
5.671174e-01	7.205798e-01	-4.702289e-01
6.557735e-01	7.291441e-01	-5.600552e-01
5.683817e-01	7.153708e-01	-4.369203e-01
6.544219e-01	7.227043e-01	-5.320356e-01
5.705291e-01	4.276323e-01	4.760537e-03
6.257480e-01	4.219373e-01	-4.894692e-03
5.431502e-01	2.860225e-01	-5.409523e-02
6.451851e-01	2.710256e-01	-2.946097e-02
5.403686e-01	1.352621e-01	7.428519e-02
6.368774e-01	1.074540e-01	1.090761e-01
5.459973e-01	1.123890e-01	7.947016e-02
6.283175e-01	8.290475e-02	1.148725e-01
5.241973e-01	7.909923e-02	-4.255497e-02
6.539896e-01	4.977924e-02	-1.473575e-03
6.069845e-01	7.367755e-01	-1.771862e-01
6.024200e-01	7.494778e-01	-1.632986e-01
5.985286e-01	7.491882e-01	-1.633671e-01
5.949749e-01	7.486895e-01	-1.633251e-01
6.121689e-01	7.497747e-01	-1.614272e-01
6.159003e-01	7.496902e-01	-1.614363e-01
6.196681e-01	7.494547e-01	-1.613335e-01
5.895964e-01	7.392439e-01	-7.046016e-02
6.250147e-01	7.386583e-01	-6.273659e-02
6.006364e-01	7.195485e-01	-1.422573e-01
6.139253e-01	7.197772e-01	-1.393639e-01
5.681762e-01	6.817871e-01	-6.283884e-02
6.454929e-01	6.715901e-01	-5.981021e-02
5.597910e-01	6.925074e-01	-3.156253e-01
6.584001e-01	6.873018e-01	-3.051509e-01
5.606675e-01	7.067438e-01	-5.368757e-01
6.602254e-01	7.207525e-01	-5.730297e-01
5.609412e-01	7.258067e-01	-5.933318e-01
6.625918e-01	7.237355e-01	-6.321764e-01
5.662118e-01	7.177098e-01	-5.906472e-01
6.557449e-01	7.193375e-01	-6.304438e-01
5.678874e-01	7.071374e-01	-5.442367e-01
6.540188e-01	7.132514e-01	-5.843645e-01
5.718886e-01	4.204926e-01	2.443620e-03
6.264861e-01	4.165330e-01	-2.542139e-03
5.420073e-01	2.789986e-01	-3.194798e-02
6.461672e-01	2.699366e-01	-4.577476e-02
5.402929e-01	1.352436e-01	1.154814e-01
6.368124e-01	1.075454e-01	8.906294e-02
5.460109e-01	1.127147e-01	1.222345e-01
6.282842e-01	8.294884e-02	9.452247e-02
5.241756e-01	7.908235e-02	4.813085e-03
6.537142e-01	4.983151e-02	-1.875921e-02
6.074481e-01	7.196063e-01	-1.697704e-01
6.028776e-01	7.317824e-01	-1.546662e-01
5.990288e-01	7.314243e-01	-1.547149e-01
5.954672e-01	7.308930e-01	-1.546576e-01
6.126459e-01	7.319655e-01	-1.555125e-01
6.163868e-01	7.315391e-01	-1.555149e-01
6.202387e-01	7.309983e-01	-1.554147e-01
5.899919e-01	7.223129e-01	-6.151502e-02
6.258665e-01	7.202117e-01	-6.465586e-02
6.011453e-01	7.021183e-01	-1.343936e-01
6.147340e-01	7.023050e-01	-1.349528e-01
5.694630e-01	6.646154e-01	-5.944625e-02
6.455531e-01	6.561864e-01	-6.335108e-02
5.615799e-01	6.851531e-01	-3.030898e-01
6.575449e-01	6.824609e-01	-3.262528e-01
5.637264e-01	6.954075e-01	-5.156807e-01
6.582981e-01	7.045175e-01	-5.616524e-01
5.638923e-01	7.099338e-01	-5.685058e-01
6.620601e-01	7.175144e-01	-6.164851e-01
5.692649e-01	6.970505e-01	-5.608295e-01
6.552138e-01	7.132972e-01	-6.117891e-01
5.714210e-01	6.878114e-01	-5.213130e-01
6.530491e-01	7.027869e-01	-5.707227e-01
5.721306e-01	4.105507e-01	4.437517e-03
6.266986e-01	4.045181e-01	-4.493739e-03
5.387334e-01	2.769823e-01	-1.123819e-01
6.447493e-01	2.592398e-01	-3.556179e-02
5.402808e-01	1.356849e-01	2.973774e-02
6.367941e-01	1.073909e-01	1.099508e-01
5.460024e-01	1.146176e-01	3.666093e-02
6.285063e-01	8.308624e-02	1.159528e-01
5.243843e-01	7.911390e-02	-7.770525e-02
6.536487e-01	4.954870e-02	-2.513699e-03
6.069188e-01	7.011976e-01	-1.588463e-01
6.021121e-01	7.138347e-01	-1.432580e-01
5.984547e-01	7.134420e-01	-1.433070e-01
5.948483e-01	7.131721e-01	-1.432551e-01
6.121144e-01	7.145907e-01	-1.450939e-01
6.159236e-01	7.144759e-01	-1.451069e-01
6.198270e-01	7.142573e-01	-1.450100e-01
5.900123e-01	7.070828e-01	-4.822820e-02
6.259059e-01	7.068761e-01	-5.681361e-02
6.007363e-01	6.840570e-01	-1.225291e-01
6.144160e-01	6.850576e-01	-1.246412e-01
5.705439e-01	6.507664e-01	-4.152088e-02
6.452394e-01	6.422063e-01	-6.206987e-02
5.583247e-01	6.778488e-01	-2.450460e-01
6.580580e-01	6.708412e-01	-3.036585e-01
5.654060e-01	6.842852e-01	-4.166846e-01
6.551757e-01	6.871954e-01	-4.890459e-01
5.663007e-01	6.971810e-01	-4.579563e-01
6.568153e-01	7.006838e-01	-5.341946e-01
5.707989e-01	6.856744e-01	-4.489268e-01
6.509746e-01	6.935719e-01	-5.239355e-01
5.736216e-01	6.754706e-01	-4.203275e-01
6.491802e-01	6.855347e-01	-4.943596e-01
5.722880e-01	4.006483e-01	4.554990e-03
6.267834e-01	3.955047e-01	-4.607878e-03
5.356577e-01	2.701336e-01	-1.293295e-01
6.465191e-01	2.522558e-01	-6.671569e-02
5.402965e-01	1.357393e-01	2.554753e-02
6.369231e-01	1.077944e-01	9.532617e-02
5.460705e-01	1.151570e-01	3.465820e-02
6.287332e-01	8.431777e-02	1.043256e-01
5.242883e-01	7.911576e-02	-7.159688e-02
6.536546e-01	4.956731e-02	9.023409e-04
6.067466e-01	6.834779e-01	-1.624464e-01
6.017910e-01	6.961876e-01	-1.452136e-01
5.982466e-01	6.960163e-01	-1.452532e-01
5.946403e-01	6.959848e-01	-1.452076e-01
6.122726e-01	6.966200e-01	-1.476381e-01
6.162302e-01	6.964219e-01	-1.476602e-01
6.201891e-01	6.961558e-01	-1.475594e-01
5.906669e-01	6.900654e-01	-4.841145e-02
6.264367e-01	6.881967e-01	-5.889282e-02
6.005064e-01	6.662421e-01	-1.260256e-01
6.143636e-01	6.668809e-01	-1.287988e-01
5.706816e-01	6.312127e-01	-3.411298e-02
6.459542e-01	6.150373e-01	-6.155204e-02
5.558652e-01	6.702058e-01	-1.898978e-01
6.585473e-01	6.464177e-01	-2.765872e-01
5.690143e-01	6.689311e-01	-2.964973e-01
6.539767e-01	6.748219e-01	-4.415982e-01
5.713824e-01	6.790602e-01	-3.251579e-01
6.514428e-01	6.864505e-01	-4.834572e-01
5.757494e-01	6.671835e-01	-3.145947e-01
6.460961e-01	6.782365e-01	-4.650253e-01
5.775427e-01	6.585327e-01	-2.979605e-01
6.455684e-01	6.711965e-01	-4.427048e-01
5.719426e-01	3.896292e-01	4.445529e-03
6.264590e-01	3.854354e-01	-4.488264e-03
5.316694e-01	2.641830e-01	-1.800032e-01
6.469672e-01	2.500620e-01	-1.440755e-01
5.402938e-01	1.363033e-01	8.415809e-03
6.368785e-01	1.078445e-01	3.203063e-02
5.462590e-01	1.174297e-01	2.168707e-02
6.287607e-01	8.464669e-02	4.373956e-02
5.241202e-01	7.911502e-02	-7.183867e-02
6.535577e-01	4.943111e-02	-4.885654e-02
6.067918e-01	6.671591e-01	-1.694279e-01
6.016387e-01	6.807243e-01	-1.547418e-01
5.980936e-01	6.808791e-01	-1.547821e-01
5.944785e-01	6.809810e-01	-1.547233e-01
6.122792e-01	6.803578e-01	-1.572385e-01
6.162314e-01	6.800267e-01	-1.572621e-01
6.201255e-01	6.797236e-01	-1.571639e-01
5.906112e-01	6.736261e-01	-5.661534e-02
6.260573e-01	6.711611e-01	-6.469928e-02
6.004259e-01	6.503690e-01	-1.317699e-01
6.143712e-01	6.507797e-01	-1.327613e-01
5.703271e-01	6.120293e-01	-8.241107e-02
6.457254e-01	5.987687e-01	-7.574218e-02
5.576784e-01	6.365833e-01	-3.399107e-01
6.589429e-01	6.283785e-01	-3.318398e-01
5.662556e-01	6.434293e-01	-5.537013e-01
6.530595e-01	6.594722e-01	-5.469540e-01
5.668398e-01	6.570567e-01	-6.069766e-01
6.495070e-01	6.710535e-01	-5.977961e-01
5.719283e-01	6.488765e-01	-5.957726e-01
6.436133e-01	6.635844e-01	-5.863615e-01
5.741574e-01	6.396595e-01	-5.577439e-01
6.429640e-01	6.559133e-01	-5.525432e-01
5.716065e-01	3.782265e-01	2.792665e-03
6.260785e-01	3.749932e-01	-2.799359e-03
5.293741e-01	2.619352e-01	-2.206212e-01
6.480325e-01	2.522948e-01	-2.114147e-01
5.403063e-01	1.367581e-01	-1.793209e-02
6.364520e-01	1.078597e-01	-2.629918e-02
5.467111e-01	1.189549e-01	-4.504964e-03
6.280882e-01	8.498478e-02	-1.412118e-02
5.238563e-01	7.916582e-02	-1.108829e-01
6.532999e-01	4.934641e-02	-1.208221e-01
6.064287e-01	6.511639e-01	-1.578630e-01
6.013066e-01	6.658897e-01	-1.412813e-01
5.977522e-01	6.658171e-01	-1.413535e-01
5.942298e-01	6.659145e-01	-1.413540e-01
6.118510e-01	6.660287e-01	-1.411010e-01
6.158165e-01	6.659478e-01	-1.411005e-01
6.197021e-01	6.658278e-01	-1.410144e-01
5.904714e-01	6.583545e-01	-5.162359e-02
6.256267e-01	6.560612e-01	-4.942126e-02
6.001344e-01	6.349561e-01	-1.249190e-01
6.139086e-01	6.349486e-01	-1.237557e-01
5.700083e-01	5.925649e-01	-7.579962e-02
6.454872e-01	5.768014e-01	-5.837565e-02
5.625592e-01	5.978413e-01	-3.188780e-01
6.475998e-01	5.650666e-01	-3.051624e-01
5.662152e-01	6.065851e-01	-5.326228e-01
6.497551e-01	6.077241e-01	-5.309757e-01
5.651144e-01	6.270750e-01	-5.859978e-01
6.495312e-01	6.329845e-01	-5.820724e-01
5.697888e-01	6.225719e-01	-5.803765e-01
6.456847e-01	6.212605e-01	-5.748413e-01
5.728782e-01	6.110748e-01	-5.389944e-01
6.445147e-01	6.117145e-01	-5.382046e-01
5.715467e-01	3.658855e-01	4.980336e-04
6.255772e-01	3.643677e-01	-4.571793e-04
5.291852e-01	2.573445e-01	-2.179768e-01
6.490608e-01	2.460014e-01	-1.969900e-01
5.403515e-01	1.368408e-01	-4.388540e-03
6.356348e-01	1.078755e-01	-5.075424e-03
5.469157e-01	1.198484e-01	1.047521e-02
6.271967e-01	8.577370e-02	8.189230e-03
5.238206e-01	7.915990e-02	-8.858533e-02
6.526872e-01	4.935829e-02	-9.035666e-02
6.061468e-01	6.389003e-01	-1.436328e-01
6.011370e-01	6.541307e-01	-1.251302e-01
5.976627e-01	6.538525e-01	-1.252235e-01
5.939676e-01	6.532581e-01	-1.252500e-01
6.115645e-01	6.542230e-01	-1.257270e-01
6.155134e-01	6.541699e-01	-1.257113e-01
6.194047e-01	6.538838e-01	-1.256059e-01
5.901555e-01	6.434131e-01	-3.308621e-02
6.253697e-01	6.431255e-01	-3.509299e-02
5.999137e-01	6.212745e-01	-1.105783e-01
6.135960e-01	6.218454e-01	-1.107845e-01
5.703233e-01	5.750894e-01	-5.479860e-02
6.454327e-01	5.589077e-01	-3.797966e-02
5.630707e-01	5.725843e-01	-3.122409e-01
6.475434e-01	5.262625e-01	-2.689468e-01
5.657420e-01	5.925448e-01	-5.110773e-01
6.508452e-01	5.627998e-01	-5.186159e-01
5.640193e-01	6.092821e-01	-5.642923e-01
6.513888e-01	5.717506e-01	-5.737690e-01
5.686221e-01	6.058908e-01	-5.592479e-01
6.511639e-01	5.789272e-01	-5.722255e-01
5.720708e-01	5.969231e-01	-5.176522e-01
6.488629e-01	5.653486e-01	-5.287917e-01
5.714251e-01	3.618127e-01	5.955021e-04
6.254181e-01	3.595179e-01	-5.595185e-04
5.293268e-01	2.519163e-01	-2.232343e-01
6.513788e-01	2.291372e-01	-1.870048e-01
5.401416e-01	1.357560e-01	-1.378942e-03
6.356218e-01	1.078909e-01	1.432366e-02
5.466635e-01	1.197401e-01	1.464622e-02
6.270975e-01	8.606655e-02	2.831876e-02
5.232006e-01	7.911355e-02	-8.054812e-02
6.521240e-01	4.962365e-02	-6.783894e-02
6.059482e-01	6.270918e-01	-1.386130e-01
6.010357e-01	6.422029e-01	-1.198298e-01
5.975575e-01	6.419634e-01	-1.199254e-01
5.937786e-01	6.414312e-01	-1.199462e-01
6.113570e-01	6.420661e-01	-1.207696e-01
6.153028e-01	6.419643e-01	-1.207565e-01
6.192020e-01	6.417744e-01	-1.206598e-01
5.899314e-01	6.322792e-01	-2.657190e-02
6.251819e-01	6.319401e-01	-3.007210e-02
5.997354e-01	6.097830e-01	-1.049914e-01
6.133826e-01	6.103184e-01	-1.056536e-01
5.704250e-01	5.666204e-01	-3.782757e-02
6.453921e-01	5.498834e-01	-3.084523e-02
5.613670e-01	5.656521e-01	-2.660477e-01
6.490968e-01	5.137423e-01	-2.473165e-01
5.651047e-01	5.811089e-01	-4.819731e-01
6.506166e-01	5.656901e-01	-4.826051e-01
5.637776e-01	5.938902e-01	-5.338119e-01
6.517007e-01	5.830042e-01	-5.337633e-01
5.680758e-01	5.907870e-01	-5.265313e-01
6.512143e-01	5.819377e-01	-5.281671e-01
5.718386e-01	5.839700e-01	-4.874324e-01
6.489297e-01	5.758148e-01	-4.901978e-01
5.712656e-01	3.519279e-01	7.127444e-04
6.250888e-01	3.488737e-01	-6.801912e-04
5.284702e-01	2.394775e-01	-2.105291e-01
6.521593e-01	2.168669e-01	-1.864258e-01
5.399294e-01	1.346085e-01	1.919183e-02
6.352467e-01	1.079096e-01	3.391015e-02
5.464916e-01	1.196126e-01	2.800591e-02
6.265430e-01	8.710748e-02	3.334444e-02
5.225371e-01	7.890926e-02	-4.030830e-02
6.520721e-01	4.970432e-02	-2.999671e-02
6.058479e-01	6.160051e-01	-1.445758e-01
6.008501e-01	6.307806e-01	-1.261845e-01
5.973765e-01	6.305637e-01	-1.262149e-01
5.936416e-01	6.302040e-01	-1.261425e-01
6.113144e-01	6.306000e-01	-1.292858e-01
6.153280e-01	6.302758e-01	-1.293148e-01
6.191999e-01	6.299976e-01	-1.292228e-01
5.898945e-01	6.216576e-01	-4.175216e-02
6.250426e-01	6.203448e-01	-3.132918e-02
5.996079e-01	5.983493e-01	-1.112550e-01
6.132716e-01	5.988433e-01	-1.066377e-01
5.702073e-01	5.588462e-01	-4.916796e-02
6.453645e-01	5.402971e-01	-4.234676e-02
5.604386e-01	5.585966e-01	-2.754467e-01
6.547760e-01	5.124874e-01	-2.541655e-01
5.627886e-01	5.744066e-01	-5.023370e-01
6.549509e-01	5.551773e-01	-4.867791e-01
5.629435e-01	5.778698e-01	-5.551659e-01
6.567844e-01	5.679945e-01	-5.384849e-01
5.675930e-01	5.754179e-01	-5.480937e-01
6.524009e-01	5.735163e-01	-5.317029e-01
5.716991e-01	5.711800e-01	-5.079159e-01
6.504241e-01	5.662490e-01	-4.938990e-01
5.712062e-01	3.423905e-01	-2.681833e-04
6.244298e-01	3.374971e-01	3.125248e-04
5.281383e-01	2.351243e-01	-2.131785e-01
6.514561e-01	2.079200e-01	-1.563877e-01
5.396785e-01	1.337722e-01	2.103015e-02
6.347954e-01	1.081613e-01	6.918651e-02
5.464246e-01	1.195188e-01	3.654231e-02
6.256822e-01	9.041449e-02	8.391176e-02
5.223837e-01	7.873218e-02	-4.511731e-02
6.520645e-01	4.985043e-02	3.119247e-03
6.056643e-01	6.059253e-01	-1.524198e-01
6.002021e-01	6.199509e-01	-1.354180e-01
5.969119e-01	6.197048e-01	-1.354638e-01
5.931890e-01	6.193294e-01	-1.354219e-01
6.111639e-01	6.208645e-01	-1.372241e-01
6.151176e-01	6.211321e-01	-1.372291e-01
6.190445e-01	6.212499e-01	-1.371317e-01
5.894587e-01	6.124690e-01	-4.556935e-02
6.248883e-01	6.126614e-01	-3.519411e-02
5.994655e-01	5.878211e-01	-1.181477e-01
6.131050e-01	5.892034e-01	-1.173027e-01
5.703388e-01	5.571628e-01	-4.911318e-02
6.453190e-01	5.414729e-01	-5.590446e-02
5.601515e-01	5.585216e-01	-2.797769e-01
6.554047e-01	5.367972e-01	-2.938474e-01
5.580884e-01	5.600961e-01	-5.149618e-01
6.552765e-01	5.480819e-01	-5.246795e-01
5.549648e-01	5.591767e-01	-5.677868e-01
6.597344e-01	5.533761e-01	-5.760341e-01
5.642250e-01	5.578443e-01	-5.591686e-01
6.526562e-01	5.551748e-01	-5.697087e-01
5.688672e-01	5.536529e-01	-5.201436e-01
6.503791e-01	5.510074e-01	-5.317830e-01
5.711893e-01	3.387309e-01	1.271166e-03
6.238404e-01	3.324583e-01	-1.235723e-03
5.277988e-01	2.321018e-01	-1.866444e-01
6.514578e-01	1.973473e-01	-1.471880e-01
5.394138e-01	1.349064e-01	7.354438e-02
6.341087e-01	1.094878e-01	1.038859e-01
5.464095e-01	1.215958e-01	9.414120e-02
6.250878e-01	9.510764e-02	1.239813e-01
5.220268e-01	7.912870e-02	1.617070e-02
6.517026e-01	5.052443e-02	4.731895e-02
6.054240e-01	5.988012e-01	-1.505721e-01
5.996286e-01	6.124430e-01	-1.337502e-01
5.964691e-01	6.120780e-01	-1.338042e-01
5.926701e-01	6.116072e-01	-1.337970e-01
6.109430e-01	6.133090e-01	-1.349307e-01
6.148149e-01	6.134273e-01	-1.349160e-01
6.187760e-01	6.133249e-01	-1.348089e-01
5.888223e-01	6.038834e-01	-4.285125e-02
6.245321e-01	6.049027e-01	-4.261257e-02
5.992373e-01	5.809274e-01	-1.166005e-01
6.128541e-01	5.818935e-01	-1.169449e-01
5.701793e-01	5.449429e-01	-4.990379e-02
6.452799e-01	5.326246e-01	-5.180885e-02
5.596780e-01	5.410547e-01	-2.846726e-01
6.557695e-01	5.241914e-01	-2.823000e-01
5.570958e-01	5.459179e-01	-5.195804e-01
6.554991e-01	5.389159e-01	-5.210856e-01
5.532607e-01	5.482282e-01	-5.738737e-01
6.610123e-01	5.426272e-01	-5.717918e-01
5.631715e-01	5.487059e-01	-5.659823e-01
6.536808e-01	5.447252e-01	-5.644004e-01
5.677730e-01	5.445896e-01	-5.251753e-01
6.509562e-01	5.417826e-01	-5.275046e-01
5.709347e-01	3.320897e-01	1.205847e-03
6.233910e-01	3.251385e-01	-1.168564e-03
5.273904e-01	2.249296e-01	-1.791486e-01
6.517751e-01	1.903387e-01	-1.469408e-01
5.394185e-01	1.351954e-01	9.687489e-02
6.339176e-01	1.094675e-01	1.085493e-01
5.464767e-01	1.228854e-01	1.188872e-01
6.247387e-01	9.546097e-02	1.296621e-01
5.220374e-01	7.921025e-02	4.445418e-02
6.515971e-01	5.062331e-02	5.451661e-02
6.048583e-01	5.885305e-01	-1.540581e-01
5.987530e-01	6.037716e-01	-1.369827e-01
5.956564e-01	6.035416e-01	-1.370515e-01
5.916629e-01	6.031534e-01	-1.370389e-01
6.103658e-01	6.041353e-01	-1.377846e-01
6.142521e-01	6.042135e-01	-1.377868e-01
6.182038e-01	6.041040e-01	-1.377046e-01
5.877450e-01	5.961717e-01	-4.477858e-02
6.239066e-01	5.966964e-01	-5.015302e-02
5.987641e-01	5.710885e-01	-1.198123e-01
6.122731e-01	5.716989e-01	-1.200783e-01
5.700787e-01	5.390062e-01	-5.228667e-02
6.448700e-01	5.303056e-01	-6.147052e-02
5.593592e-01	5.357422e-01	-2.959429e-01
6.558551e-01	5.247580e-01	-3.001311e-01
5.556592e-01	5.359674e-01	-5.328084e-01
6.567373e-01	5.298219e-01	-5.381162e-01
5.509950e-01	5.379841e-01	-5.869592e-01
6.630429e-01	5.348288e-01	-5.900096e-01
5.619724e-01	5.382855e-01	-5.795155e-01
6.547882e-01	5.360331e-01	-5.857559e-01
5.664334e-01	5.340315e-01	-5.385726e-01
6.510355e-01	5.307083e-01	-5.466478e-01
5.708776e-01	3.248432e-01	2.450919e-03
6.232411e-01	3.177188e-01	-2.405230e-03
5.276686e-01	2.207166e-01	-1.726000e-01
6.516432e-01	1.835630e-01	-1.406396e-01
5.395113e-01	1.351674e-01	9.251253e-02
6.338242e-01	1.097416e-01	1.212357e-01
5.466724e-01	1.230400e-01	1.132209e-01
6.245812e-01	9.577015e-02	1.425168e-01
5.215777e-01	7.942872e-02	4.193421e-02
6.515918e-01	5.062754e-02	7.281928e-02
6.038669e-01	5.812981e-01	-1.419421e-01
5.978419e-01	5.965710e-01	-1.261730e-01
5.947872e-01	5.962152e-01	-1.262154e-01
5.906106e-01	5.955890e-01	-1.262048e-01
6.093994e-01	5.970744e-01	-1.275825e-01
6.132649e-01	5.970930e-01	-1.275612e-01
6.170800e-01	5.968776e-01	-1.274414e-01
5.866529e-01	5.885732e-01	-3.552870e-02
6.226959e-01	5.894190e-01	-4.250743e-02
5.979064e-01	5.635485e-01	-1.076290e-01
6.111892e-01	5.647842e-01	-1.090190e-01
5.700416e-01	5.315237e-01	-4.439735e-02
6.443636e-01	5.253247e-01	-5.633567e-02
5.590922e-01	5.330876e-01	-2.836069e-01
6.546964e-01	5.344658e-01	-2.951115e-01
5.543311e-01	5.286254e-01	-5.270612e-01
6.546202e-01	5.369067e-01	-5.320978e-01
5.494267e-01	5.289145e-01	-5.806136e-01
6.627954e-01	5.402297e-01	-5.862074e-01
5.601789e-01	5.296315e-01	-5.783514e-01
6.540378e-01	5.377389e-01	-5.804844e-01
5.644221e-01	5.262583e-01	-5.346988e-01
6.493436e-01	5.346553e-01	-5.392741e-01
5.706211e-01	3.187634e-01	2.756266e-03
6.230460e-01	3.109149e-01	-2.717328e-03
5.268030e-01	2.105289e-01	-1.620981e-01
6.524262e-01	1.764093e-01	-1.346462e-01
5.393800e-01	1.352807e-01	1.171195e-01
6.338174e-01	1.097460e-01	1.447675e-01
5.466074e-01	1.242415e-01	1.405826e-01
6.243839e-01	9.595419e-02	1.692308e-01
5.215979e-01	7.938267e-02	7.527100e-02
6.516575e-01	5.027680e-02	1.059409e-01
6.029793e-01	5.751472e-01	-1.445220e-01
5.969136e-01	5.906835e-01	-1.328600e-01
5.936504e-01	5.903212e-01	-1.328413e-01
5.893912e-01	5.896342e-01	-1.327995e-01
6.083857e-01	5.916845e-01	-1.344507e-01
6.123728e-01	5.920207e-01	-1.344150e-01
6.162125e-01	5.921075e-01	-1.342758e-01
5.854474e-01	5.831072e-01	-4.829659e-02
6.221839e-01	5.850398e-01	-5.528829e-02
5.972625e-01	5.572751e-01	-1.126000e-01
6.105274e-01	5.592275e-01	-1.146216e-01
5.699691e-01	5.280906e-01	-5.575346e-02
6.438464e-01	5.234250e-01	-6.970230e-02
5.589324e-01	5.284461e-01	-2.967462e-01
6.547954e-01	5.315005e-01	-3.095360e-01
5.528537e-01	5.202613e-01	-5.308716e-01
6.542906e-01	5.323808e-01	-5.338795e-01
5.468853e-01	5.203333e-01	-5.834118e-01
6.627387e-01	5.352825e-01	-5.838484e-01
5.576319e-01	5.207264e-01	-5.777310e-01
6.540189e-01	5.310392e-01	-5.791999e-01
5.623229e-01	5.161328e-01	-5.370703e-01
6.481377e-01	5.259317e-01	-5.418119e-01
5.697230e-01	3.152281e-01	3.011562e-03
6.215378e-01	3.062358e-01	-2.972248e-03
5.266906e-01	2.122333e-01	-1.610183e-01
6.525337e-01	1.765671e-01	-1.308714e-01
5.391822e-01	1.376497e-01	1.094231e-01
6.337699e-01	1.101978e-01	1.388231e-01
5.464422e-01	1.278841e-01	1.319363e-01
6.240894e-01	9.594110e-02	1.619019e-01
5.215791e-01	7.939061e-02	6.868622e-02
6.516548e-01	5.044394e-02	9.891079e-02
6.019482e-01	5.713754e-01	-1.485981e-01
5.960232e-01	5.868031e-01	-1.350899e-01
5.925313e-01	5.863457e-01	-1.350978e-01
5.883875e-01	5.855703e-01	-1.350648e-01
6.071404e-01	5.882485e-01	-1.364288e-01
6.112637e-01	5.888591e-01	-1.364016e-01
6.150621e-01	5.893516e-01	-1.362735e-01
5.848012e-01	5.794477e-01	-4.836693e-02
6.216451e-01	5.823833e-01	-5.549733e-02
5.967997e-01	5.533982e-01	-1.156142e-01
6.098051e-01	5.555084e-01	-1.170965e-01
5.699229e-01	5.258269e-01	-5.646659e-02
6.433387e-01	5.211337e-01	-6.816880e-02
5.585676e-01	5.224049e-01	-2.970393e-01
6.555936e-01	5.297682e-01	-3.074669e-01
5.517626e-01	5.139068e-01	-5.282707e-01
6.543931e-01	5.259254e-01	-5.345284e-01
5.465695e-01	5.124707e-01	-5.803912e-01
6.634283e-01	5.286624e-01	-5.836889e-01
5.570670e-01	5.147917e-01	-5.738633e-01
6.544905e-01	5.241976e-01	-5.802162e-01
5.614476e-01	5.092161e-01	-5.340852e-01
6.484131e-01	5.198526e-01	-5.430877e-01
5.687281e-01	3.122663e-01	3.152975e-03
6.204847e-01	3.032419e-01	-3.119844e-03
5.268077e-01	2.144518e-01	-1.599406e-01
6.523880e-01	1.743927e-01	-1.356362e-01
5.391753e-01	1.387308e-01	1.143349e-01
6.337612e-01	1.100975e-01	1.341519e-01
5.464348e-01	1.288180e-01	1.373715e-01
6.240776e-01	9.563959e-02	1.579579e-01
5.215793e-01	8.018826e-02	7.504291e-02
6.516399e-01	5.058093e-02	9.517980e-02
6.014405e-01	5.677733e-01	-1.489285e-01
5.955127e-01	5.836668e-01	-1.376173e-01
5.919105e-01	5.832370e-01	-1.376101e-01
5.878589e-01	5.825773e-01	-1.375656e-01
6.063898e-01	5.854337e-01	-1.392812e-01
6.104985e-01	5.863434e-01	-1.392496e-01
6.141976e-01	5.872683e-01	-1.391187e-01
5.844183e-01	5.773140e-01	-5.332353e-02
6.209356e-01	5.806231e-01	-6.073248e-02
5.965710e-01	5.506924e-01	-1.164214e-01
6.092520e-01	5.527102e-01	-1.185472e-01
5.698830e-01	5.242759e-01	-5.831732e-02
6.427400e-01	5.201964e-01	-7.283659e-02
5.582594e-01	5.190346e-01	-2.955605e-01
6.556686e-01	5.315827e-01	-3.119690e-01
5.515970e-01	5.109550e-01	-5.263010e-01
6.543857e-01	5.239947e-01	-5.379531e-01
5.463411e-01	5.103623e-01	-5.783824e-01
6.633449e-01	5.252778e-01	-5.875142e-01
5.565251e-01	5.114760e-01	-5.721970e-01
6.545736e-01	5.229385e-01	-5.842410e-01
5.608048e-01	5.061285e-01	-5.322243e-01
6.482562e-01	5.184575e-01	-5.466415e-01
5.676275e-01	3.081422e-01	3.359896e-03
6.194824e-01	3.000913e-01	-3.330403e-03
5.268399e-01	2.128392e-01	-1.474675e-01
6.523193e-01	1.735349e-01	-1.152795e-01
5.395251e-01	1.388601e-01	1.195891e-01
6.337627e-01	1.100747e-01	1.625739e-01
5.467662e-01	1.283960e-01	1.418985e-01
6.240556e-01	9.556644e-02	1.868685e-01
5.215940e-01	8.036075e-02	7.767606e-02
6.516392e-01	5.056001e-02	1.259995e-01
6.010287e-01	5.663191e-01	-1.504192e-01
5.951385e-01	5.821502e-01	-1.402840e-01
5.914704e-01	5.816808e-01	-1.402773e-01
5.874531e-01	5.810165e-01	-1.402280e-01
6.058444e-01	5.839857e-01	-1.413740e-01
6.099776e-01	5.849359e-01	-1.413428e-01
6.136698e-01	5.859070e-01	-1.412267e-01
5.839244e-01	5.755662e-01	-5.736117e-02
6.202965e-01	5.793254e-01	-6.173784e-02
5.962543e-01	5.489909e-01	-1.191646e-01
6.088821e-01	5.509450e-01	-1.202456e-01
5.698434e-01	5.224427e-01	-6.212174e-02
6.418053e-01	5.202501e-01	-7.223769e-02
5.581795e-01	5.195391e-01	-2.986863e-01
6.557145e-01	5.271592e-01	-3.082357e-01
5.516818e-01	5.107954e-01	-5.324350e-01
6.551579e-01	5.215495e-01	-5.363342e-01
5.455785e-01	5.104640e-01	-5.853246e-01
6.643134e-01	5.226475e-01	-5.869292e-01
5.557234e-01	5.105265e-01	-5.816740e-01
6.556635e-01	5.210099e-01	-5.835627e-01
5.603534e-01	5.050261e-01	-5.397174e-01
6.495014e-01	5.161334e-01	-5.451587e-01
5.669523e-01	3.063719e-01	2.598963e-03
6.184277e-01	2.985760e-01	-2.562703e-03
5.276430e-01	2.131342e-01	-1.320772e-01
6.522621e-01	1.736844e-01	-1.071813e-01
5.397112e-01	1.393620e-01	1.281099e-01
6.335036e-01	1.107237e-01	1.625063e-01
5.467671e-01	1.287267e-01	1.494415e-01
6.233438e-01	9.680615e-02	1.857958e-01
5.218831e-01	8.058333e-02	8.340045e-02
6.515469e-01	5.056670e-02	1.244197e-01
6.009126e-01	5.663956e-01	-1.504911e-01
5.948347e-01	5.814204e-01	-1.407352e-01
5.910800e-01	5.807563e-01	-1.407267e-01
5.870773e-01	5.801972e-01	-1.406748e-01
6.055954e-01	5.839269e-01	-1.414687e-01
6.097747e-01	5.850679e-01	-1.414376e-01
6.135042e-01	5.860497e-01	-1.413246e-01
5.834456e-01	5.747388e-01	-5.732172e-02
6.200015e-01	5.792338e-01	-6.119604e-02
5.960568e-01	5.481010e-01	-1.201082e-01
6.088098e-01	5.504648e-01	-1.203111e-01
5.696840e-01	5.213311e-01	-6.219609e-02
6.409323e-01	5.190141e-01	-7.068330e-02
5.581328e-01	5.152446e-01	-2.972681e-01
6.577997e-01	5.205342e-01	-3.057977e-01
5.518569e-01	5.070730e-01	-5.277023e-01
6.557804e-01	5.190426e-01	-5.346820e-01
5.461281e-01	5.103015e-01	-5.800287e-01
6.644117e-01	5.202405e-01	-5.853088e-01
5.560896e-01	5.095725e-01	-5.753230e-01
6.556325e-01	5.196350e-01	-5.805725e-01
5.605898e-01	5.053423e-01	-5.344036e-01
6.493565e-01	5.166012e-01	-5.428199e-01
5.664521e-01	3.038370e-01	2.140422e-03
6.181628e-01	2.974718e-01	-2.096250e-03
5.279051e-01	2.127413e-01	-1.358236e-01
6.522108e-01	1.714317e-01	-1.144876e-01
5.397164e-01	1.418617e-01	1.167272e-01
6.333516e-01	1.116698e-01	1.562206e-01
5.467942e-01	1.326359e-01	1.388381e-01
6.233100e-01	9.789486e-02	1.805162e-01
5.228123e-01	8.342648e-02	7.492086e-02
6.509537e-01	5.160940e-02	1.221579e-01
6.009164e-01	5.676594e-01	-1.517356e-01
5.947902e-01	5.824544e-01	-1.403811e-01
5.910254e-01	5.815516e-01	-1.403810e-01
5.869951e-01	5.809100e-01	-1.403304e-01
6.055992e-01	5.851533e-01	-1.404081e-01
6.097755e-01	5.860941e-01	-1.403779e-01
6.135160e-01	5.868038e-01	-1.402670e-01
5.831805e-01	5.752000e-01	-5.695418e-02
6.197208e-01	5.789748e-01	-5.741391e-02
5.959531e-01	5.483800e-01	-1.205179e-01
6.087826e-01	5.507702e-01	-1.203206e-01
5.693985e-01	5.205548e-01	-6.364889e-02
6.396816e-01	5.189421e-01	-6.943992e-02
5.581201e-01	5.152268e-01	-3.021632e-01
6.577950e-01	5.210434e-01	-3.046169e-01
5.520464e-01	5.061148e-01	-5.308751e-01
6.554687e-01	5.186242e-01	-5.330640e-01
5.463291e-01	5.084783e-01	-5.823057e-01
6.642575e-01	5.199609e-01	-5.837176e-01
5.561401e-01	5.094642e-01	-5.778381e-01
6.555872e-01	5.189905e-01	-5.794989e-01
5.606076e-01	5.055837e-01	-5.374132e-01
6.485017e-01	5.158052e-01	-5.412037e-01
5.658186e-01	3.029321e-01	1.467954e-03
6.177639e-01	2.973352e-01	-1.425233e-03
5.278454e-01	2.144132e-01	-1.603932e-01
6.521755e-01	1.723263e-01	-1.295472e-01
5.395584e-01	1.430276e-01	1.082053e-01
6.327415e-01	1.125341e-01	1.498615e-01
5.465024e-01	1.341610e-01	1.329405e-01
6.226909e-01	9.868969e-02	1.782941e-01
5.230727e-01	8.386818e-02	6.315178e-02
6.503910e-01	5.199400e-02	1.013639e-01
6.007012e-01	5.691119e-01	-1.583821e-01
5.946928e-01	5.838292e-01	-1.453462e-01
5.909198e-01	5.829116e-01	-1.453524e-01
5.869125e-01	5.821249e-01	-1.452909e-01
6.054074e-01	5.863278e-01	-1.455902e-01
6.095495e-01	5.871607e-01	-1.455673e-01
6.132974e-01	5.877705e-01	-1.454628e-01
5.830823e-01	5.762723e-01	-6.029943e-02
6.194364e-01	5.797202e-01	-6.131239e-02
5.957149e-01	5.496069e-01	-1.264537e-01
6.082309e-01	5.523002e-01	-1.262702e-01
5.691622e-01	5.227860e-01	-6.422620e-02
6.394972e-01	5.186231e-01	-7.170139e-02
5.581986e-01	5.171947e-01	-3.006502e-01
6.589636e-01	5.173986e-01	-3.083999e-01
5.520596e-01	5.093829e-01	-5.297987e-01
6.550139e-01	5.156022e-01	-5.376855e-01
5.457613e-01	5.104767e-01	-5.810145e-01
6.641570e-01	5.191215e-01	-5.879049e-01
5.557855e-01	5.123306e-01	-5.762565e-01
6.550511e-01	5.174693e-01	-5.812951e-01
5.604562e-01	5.079282e-01	-5.362322e-01
6.469368e-01	5.116205e-01	-5.446889e-01
5.655771e-01	3.047579e-01	1.442254e-03
6.176384e-01	2.992603e-01	-1.401475e-03
5.269939e-01	2.126347e-01	-1.744902e-01
6.522952e-01	1.729099e-01	-1.348062e-01
5.395235e-01	1.428306e-01	8.593301e-02
6.325737e-01	1.125612e-01	1.302603e-01
5.464876e-01	1.335017e-01	1.082797e-01
6.223210e-01	9.851656e-02	1.548074e-01
5.230525e-01	8.410342e-02	4.581361e-02
6.504036e-01	5.204329e-02	9.539536e-02
6.001691e-01	5.685412e-01	-1.625257e-01
5.943721e-01	5.835506e-01	-1.487947e-01
5.905360e-01	5.827659e-01	-1.488052e-01
5.866308e-01	5.821107e-01	-1.487448e-01
6.046643e-01	5.860131e-01	-1.489563e-01
6.087290e-01	5.869527e-01	-1.489372e-01
6.125194e-01	5.875888e-01	-1.488333e-01
5.827902e-01	5.768598e-01	-6.233112e-02
6.188329e-01	5.801463e-01	-6.271435e-02
5.953609e-01	5.491917e-01	-1.298240e-01
6.074594e-01	5.518122e-01	-1.293950e-01
5.686821e-01	5.248207e-01	-6.582614e-02
6.395106e-01	5.191544e-01	-7.113062e-02
5.581850e-01	5.203819e-01	-3.034959e-01
6.595618e-01	5.134011e-01	-3.079944e-01
5.520390e-01	5.112745e-01	-5.360991e-01
6.549757e-01	5.145836e-01	-5.404583e-01
5.457601e-01	5.109676e-01	-5.881700e-01
6.641232e-01	5.178533e-01	-5.916839e-01
5.557754e-01	5.136240e-01	-5.835739e-01
6.546838e-01	5.180010e-01	-5.840460e-01
5.603980e-01	5.094021e-01	-5.426944e-01
6.466472e-01	5.138087e-01	-5.472366e-01
5.652043e-01	3.065696e-01	8.741673e-04
6.174689e-01	3.001805e-01	-8.332169e-04
5.267845e-01	2.136535e-01	-1.730217e-01
6.524965e-01	1.729938e-01	-1.337586e-01
5.390907e-01	1.429453e-01	8.738652e-02
6.323450e-01	1.133349e-01	1.407117e-01
5.459449e-01	1.335390e-01	1.094996e-01
6.215800e-01	9.990647e-02	1.652345e-01
5.228103e-01	8.456942e-02	4.954110e-02
6.503623e-01	5.266644e-02	1.069806e-01
5.993854e-01	5.695195e-01	-1.625513e-01
5.939581e-01	5.849733e-01	-1.488107e-01
5.899825e-01	5.844045e-01	-1.488266e-01
5.862127e-01	5.838035e-01	-1.487743e-01
6.040226e-01	5.870249e-01	-1.491247e-01
6.080862e-01	5.878351e-01	-1.491051e-01
6.119576e-01	5.883697e-01	-1.489996e-01
5.823259e-01	5.789496e-01	-6.195872e-02
6.183760e-01	5.813014e-01	-6.285337e-02
5.947604e-01	5.503921e-01	-1.295182e-01
6.065967e-01	5.527301e-01	-1.292589e-01
5.678451e-01	5.267131e-01	-6.569970e-02
6.391754e-01	5.205924e-01	-7.057660e-02
5.581685e-01	5.228350e-01	-3.010087e-01
6.593940e-01	5.157844e-01	-3.071986e-01
5.516967e-01	5.132357e-01	-5.329151e-01
6.546233e-01	5.158328e-01	-5.396019e-01
5.454625e-01	5.128171e-01	-5.848598e-01
6.638077e-01	5.205808e-01	-5.915344e-01
5.553755e-01	5.150828e-01	-5.800034e-01
6.544681e-01	5.203416e-01	-5.840918e-01
5.599536e-01	5.109420e-01	-5.393583e-01
6.465067e-01	5.159305e-01	-5.465637e-01
5.652412e-01	3.080899e-01	9.438574e-04
6.175048e-01	3.013679e-01	-9.010315e-04
5.261976e-01	2.137517e-01	-1.703865e-01
6.528050e-01	1.724423e-01	-1.257164e-01
5.389850e-01	1.429747e-01	8.787419e-02
6.321527e-01	1.146007e-01	1.594538e-01
5.458859e-01	1.337170e-01	1.108085e-01
6.210126e-01	1.014559e-01	1.845876e-01
5.225595e-01	8.478125e-02	5.185556e-02
6.500810e-01	5.347357e-02	1.282866e-01
5.991833e-01	5.711246e-01	-1.606998e-01
5.938305e-01	5.867462e-01	-1.476859e-01
5.898058e-01	5.862080e-01	-1.476956e-01
5.860695e-01	5.855857e-01	-1.476346e-01
6.039005e-01	5.886415e-01	-1.475462e-01
6.080362e-01	5.893326e-01	-1.475190e-01
6.119342e-01	5.898274e-01	-1.474028e-01
5.818944e-01	5.805658e-01	-6.161889e-02
6.182972e-01	5.827008e-01	-6.068829e-02
5.944623e-01	5.520508e-01	-1.278590e-01
6.063536e-01	5.544573e-01	-1.269700e-01
5.672022e-01	5.270988e-01	-6.235057e-02
6.388263e-01	5.215349e-01	-6.531230e-02
5.581549e-01	5.242413e-01	-2.957182e-01
6.593521e-01	5.169085e-01	-2.975829e-01
5.513951e-01	5.143114e-01	-5.316824e-01
6.542932e-01	5.164294e-01	-5.324795e-01
5.445336e-01	5.135439e-01	-5.833660e-01
6.633414e-01	5.219918e-01	-5.856982e-01
5.544067e-01	5.152435e-01	-5.782837e-01
6.537009e-01	5.211490e-01	-5.770117e-01
5.592850e-01	5.111262e-01	-5.378162e-01
6.458801e-01	5.165529e-01	-5.389246e-01
5.652812e-01	3.094422e-01	9.516637e-04
6.176211e-01	3.017437e-01	-9.093888e-04
5.261995e-01	2.168522e-01	-1.710629e-01
6.527979e-01	1.730724e-01	-1.177400e-01
5.386964e-01	1.433014e-01	8.820207e-02
6.319697e-01	1.154549e-01	1.646680e-01
5.452275e-01	1.339330e-01	1.105886e-01
6.207543e-01	1.023812e-01	1.893308e-01
5.224570e-01	8.473397e-02	4.843211e-02
6.500234e-01	5.357979e-02	1.326908e-01
5.984104e-01	5.723065e-01	-1.597969e-01
5.931556e-01	5.877784e-01	-1.470366e-01
5.891235e-01	5.872384e-01	-1.470511e-01
5.854514e-01	5.866125e-01	-1.469904e-01
6.032356e-01	5.896510e-01	-1.469437e-01
6.074000e-01	5.903155e-01	-1.469092e-01
6.115448e-01	5.907860e-01	-1.467819e-01
5.814168e-01	5.812480e-01	-6.099030e-02
6.181427e-01	5.834576e-01	-5.990993e-02
5.940071e-01	5.533300e-01	-1.266863e-01
6.055571e-01	5.555910e-01	-1.258932e-01
5.665709e-01	5.317585e-01	-5.931913e-02
6.385140e-01	5.220451e-01	-6.240609e-02
5.573888e-01	5.251040e-01	-2.909270e-01
6.590682e-01	5.157995e-01	-2.942810e-01
5.488528e-01	5.155517e-01	-5.309042e-01
6.543096e-01	5.177568e-01	-5.325055e-01
5.428848e-01	5.135806e-01	-5.823466e-01
6.633980e-01	5.226240e-01	-5.858724e-01
5.527660e-01	5.158435e-01	-5.776654e-01
6.537117e-01	5.220072e-01	-5.776815e-01
5.574768e-01	5.121637e-01	-5.368318e-01
6.459669e-01	5.176510e-01	-5.389940e-01
5.652941e-01	3.137907e-01	9.680028e-04
6.176616e-01	3.050585e-01	-9.264176e-04
5.254989e-01	2.209193e-01	-1.736820e-01
6.519536e-01	1.737700e-01	-1.187632e-01
5.383555e-01	1.432787e-01	8.329429e-02
6.315973e-01	1.167914e-01	1.626995e-01
5.447711e-01	1.337883e-01	1.051833e-01
6.202228e-01	1.037260e-01	1.874640e-01
5.221757e-01	8.413839e-02	4.003504e-02
6.499550e-01	5.398504e-02	1.314002e-01
5.979429e-01	5.731528e-01	-1.595387e-01
5.928115e-01	5.901177e-01	-1.469573e-01
5.887123e-01	5.900587e-01	-1.469740e-01
5.850359e-01	5.900250e-01	-1.469189e-01
6.029530e-01	5.915387e-01	-1.468283e-01
6.070503e-01	5.922522e-01	-1.467901e-01
6.112459e-01	5.926320e-01	-1.466534e-01
5.808219e-01	5.861567e-01	-6.061042e-02
6.174974e-01	5.861425e-01	-5.967604e-02
5.934067e-01	5.556675e-01	-1.263762e-01
6.046573e-01	5.574955e-01	-1.255177e-01
5.657166e-01	5.357384e-01	-5.794624e-02
6.374928e-01	5.298503e-01	-6.234605e-02
5.570284e-01	5.254472e-01	-2.896813e-01
6.597863e-01	5.170662e-01	-2.942991e-01
5.475640e-01	5.166135e-01	-5.307865e-01
6.543133e-01	5.189995e-01	-5.295966e-01
5.408376e-01	5.148638e-01	-5.820619e-01
6.633720e-01	5.235312e-01	-5.819148e-01
5.513604e-01	5.168723e-01	-5.773948e-01
6.516796e-01	5.229894e-01	-5.732489e-01
5.565780e-01	5.130464e-01	-5.367660e-01
6.449358e-01	5.186450e-01	-5.358086e-01
5.653791e-01	3.167520e-01	1.206463e-03
6.176769e-01	3.080955e-01	-1.165577e-03
5.243974e-01	2.254671e-01	-1.731169e-01
6.511371e-01	1.742458e-01	-1.199841e-01
5.380496e-01	1.432379e-01	8.503817e-02
6.311197e-01	1.167267e-01	1.587996e-01
5.445799e-01	1.337857e-01	1.068944e-01
6.198091e-01	1.035745e-01	1.833721e-01
5.214058e-01	8.336560e-02	4.136332e-02
6.498463e-01	5.397817e-02	1.266569e-01
5.974382e-01	5.777318e-01	-1.509363e-01
5.924042e-01	5.960328e-01	-1.372322e-01
5.882751e-01	5.960405e-01	-1.372539e-01
5.846254e-01	5.959673e-01	-1.371903e-01
6.024812e-01	5.969369e-01	-1.374794e-01
6.064545e-01	5.974292e-01	-1.374464e-01
6.106304e-01	5.975014e-01	-1.373112e-01
5.805787e-01	5.917314e-01	-4.907274e-02
6.166898e-01	5.912670e-01	-4.987871e-02
5.929151e-01	5.614474e-01	-1.172683e-01
6.039549e-01	5.631587e-01	-1.169416e-01
5.651327e-01	5.403529e-01	-4.847129e-02
6.363395e-01	5.360771e-01	-5.564719e-02
5.567477e-01	5.298404e-01	-2.811774e-01
6.593963e-01	5.224129e-01	-2.898471e-01
5.470816e-01	5.195354e-01	-5.188478e-01
6.536070e-01	5.212719e-01	-5.235303e-01
5.400135e-01	5.154034e-01	-5.711967e-01
6.621934e-01	5.240699e-01	-5.750183e-01
5.508618e-01	5.181459e-01	-5.665971e-01
6.501901e-01	5.233612e-01	-5.671286e-01
5.561651e-01	5.148107e-01	-5.253827e-01
6.439399e-01	5.188733e-01	-5.300152e-01
5.652596e-01	3.227601e-01	1.349727e-03
6.176096e-01	3.140288e-01	-1.311930e-03
5.239102e-01	2.254775e-01	-1.733088e-01
6.506709e-01	1.776854e-01	-1.262866e-01
5.376889e-01	1.432205e-01	8.480265e-02
6.308433e-01	1.164264e-01	1.396721e-01
5.444480e-01	1.337469e-01	1.064586e-01
6.198643e-01	1.033929e-01	1.625855e-01
5.209102e-01	8.315291e-02	3.960242e-02
6.496542e-01	5.391898e-02	1.004696e-01
5.968521e-01	5.836132e-01	-1.222540e-01
5.915931e-01	6.024007e-01	-1.078565e-01
5.874928e-01	6.022514e-01	-1.078787e-01
5.837680e-01	6.020575e-01	-1.078139e-01
6.018643e-01	6.032108e-01	-1.087968e-01
6.058950e-01	6.034761e-01	-1.087665e-01
6.101106e-01	6.033658e-01	-1.086115e-01
5.798680e-01	5.972682e-01	-1.892073e-02
6.159746e-01	5.973684e-01	-2.322888e-02
5.923272e-01	5.679184e-01	-8.827014e-02
6.034148e-01	5.694399e-01	-8.898927e-02
5.643951e-01	5.477646e-01	-1.964428e-02
6.356797e-01	5.447044e-01	-3.302021e-02
5.563123e-01	5.393382e-01	-2.409199e-01
6.587254e-01	5.298043e-01	-2.648776e-01
5.459324e-01	5.258085e-01	-4.692531e-01
6.533402e-01	5.233669e-01	-4.961643e-01
5.380167e-01	5.158424e-01	-5.190532e-01
6.621379e-01	5.245710e-01	-5.453447e-01
5.494764e-01	5.188418e-01	-5.147084e-01
6.492482e-01	5.237760e-01	-5.385770e-01
5.552688e-01	5.176212e-01	-4.756343e-01
6.431931e-01	5.197685e-01	-5.026254e-01
5.649825e-01	3.328875e-01	1.711680e-03
6.172810e-01	3.236144e-01	-1.688441e-03
5.232603e-01	2.295598e-01	-1.757451e-01
6.495491e-01	1.845698e-01	-1.424489e-01
5.375352e-01	1.432658e-01	7.774077e-02
6.300164e-01	1.167600e-01	1.194327e-01
5.444604e-01	1.336863e-01	9.901435e-02
6.194056e-01	1.041641e-01	1.426680e-01
5.202910e-01	8.314596e-02	3.340632e-02
6.489092e-01	5.395383e-02	8.386256e-02
5.960585e-01	5.938799e-01	-1.299811e-01
5.907193e-01	6.116557e-01	-1.168269e-01
5.867085e-01	6.113786e-01	-1.168196e-01
5.828859e-01	6.111528e-01	-1.167068e-01
6.011590e-01	6.124448e-01	-1.191391e-01
6.052653e-01	6.127153e-01	-1.191025e-01
6.096224e-01	6.125726e-01	-1.189200e-01
5.790884e-01	6.056432e-01	-2.809968e-02
6.155897e-01	6.062134e-01	-3.788936e-02
5.914918e-01	5.779875e-01	-9.539797e-02
6.028941e-01	5.789124e-01	-9.815199e-02
5.634676e-01	5.557840e-01	-3.184132e-02
6.355579e-01	5.512623e-01	-4.567435e-02
5.557290e-01	5.502669e-01	-2.720389e-01
6.582779e-01	5.354487e-01	-2.893977e-01
5.452374e-01	5.372469e-01	-5.134002e-01
6.531798e-01	5.267960e-01	-5.213250e-01
5.367045e-01	5.225536e-01	-5.673695e-01
6.621637e-01	5.270507e-01	-5.722349e-01
5.483617e-01	5.223501e-01	-5.636858e-01
6.488494e-01	5.266919e-01	-5.660692e-01
5.545074e-01	5.235291e-01	-5.207514e-01
6.426175e-01	5.236611e-01	-5.283251e-01
5.639125e-01	3.383611e-01	1.709681e-03
6.165509e-01	3.293246e-01	-1.685973e-03
5.232204e-01	2.306004e-01	-1.752220e-01
6.481260e-01	1.971595e-01	-1.410872e-01
5.369909e-01	1.432920e-01	7.182746e-02
6.291239e-01	1.167171e-01	9.605946e-02
5.442487e-01	1.331794e-01	9.140439e-02
6.189144e-01	1.031597e-01	1.151608e-01
5.195195e-01	8.316869e-02	1.956597e-02
6.485814e-01	5.399945e-02	4.498656e-02
5.953521e-01	6.050266e-01	-1.379637e-01
5.899905e-01	6.212596e-01	-1.244287e-01
5.860161e-01	6.210231e-01	-1.244383e-01
5.821246e-01	6.207227e-01	-1.243594e-01
6.005565e-01	6.221611e-01	-1.257753e-01
6.046332e-01	6.224783e-01	-1.257440e-01
6.089640e-01	6.223265e-01	-1.255913e-01
5.784674e-01	6.150317e-01	-3.637703e-02
6.151010e-01	6.159474e-01	-4.199831e-02
5.903584e-01	5.886618e-01	-1.040199e-01
6.022717e-01	5.891511e-01	-1.053056e-01
5.619287e-01	5.639163e-01	-3.814062e-02
6.356893e-01	5.579870e-01	-4.774189e-02
5.536433e-01	5.527167e-01	-2.560247e-01
6.596493e-01	5.373814e-01	-2.702960e-01
5.441188e-01	5.366394e-01	-4.906874e-01
6.554003e-01	5.251823e-01	-5.010555e-01
5.350733e-01	5.226029e-01	-5.445426e-01
6.624929e-01	5.228886e-01	-5.525291e-01
5.458676e-01	5.220460e-01	-5.443703e-01
6.497278e-01	5.232165e-01	-5.489493e-01
5.522848e-01	5.233818e-01	-4.991104e-01
6.436468e-01	5.219517e-01	-5.090994e-01
5.625758e-01	3.448264e-01	1.712772e-03
6.158549e-01	3.355115e-01	-1.688005e-03
5.230451e-01	2.352144e-01	-1.816036e-01
6.466940e-01	2.038236e-01	-1.343923e-01
5.367126e-01	1.441609e-01	6.082968e-02
6.287269e-01	1.168343e-01	1.002413e-01
5.440720e-01	1.331670e-01	8.015034e-02
6.189190e-01	1.030179e-01	1.185877e-01
5.192159e-01	8.369175e-02	5.473314e-03
6.481900e-01	5.404843e-02	4.609980e-02
5.943165e-01	6.145661e-01	-1.361833e-01
5.890428e-01	6.301920e-01	-1.221814e-01
5.852070e-01	6.300268e-01	-1.222040e-01
5.812169e-01	6.298134e-01	-1.221376e-01
5.994199e-01	6.310008e-01	-1.236941e-01
6.035109e-01	6.313048e-01	-1.236634e-01
6.078299e-01	6.311869e-01	-1.235329e-01
5.775479e-01	6.239738e-01	-3.220929e-02
6.144905e-01	6.249586e-01	-3.904278e-02
5.890017e-01	5.979806e-01	-1.016376e-01
6.013206e-01	5.982901e-01	-1.031349e-01
5.599097e-01	5.702975e-01	-3.263483e-02
6.357814e-01	5.656976e-01	-4.345411e-02
5.511253e-01	5.558753e-01	-2.480420e-01
6.596121e-01	5.388858e-01	-2.640464e-01
5.413929e-01	5.370710e-01	-4.848199e-01
6.569175e-01	5.251511e-01	-4.945308e-01
5.328621e-01	5.228879e-01	-5.387323e-01
6.639982e-01	5.212287e-01	-5.457178e-01
5.437300e-01	5.220682e-01	-5.379039e-01
6.511095e-01	5.223605e-01	-5.427908e-01
5.503565e-01	5.238071e-01	-4.929874e-01
6.457219e-01	5.218012e-01	-5.026412e-01
5.612077e-01	3.498672e-01	1.810169e-03
6.154221e-01	3.418179e-01	-1.782824e-03
5.226809e-01	2.365543e-01	-1.903212e-01
6.461765e-01	2.102380e-01	-1.443318e-01
5.366420e-01	1.455422e-01	6.306288e-02
6.287409e-01	1.168325e-01	8.281264e-02
5.442001e-01	1.340487e-01	8.369918e-02
6.190370e-01	1.020797e-01	1.012124e-01
5.192438e-01	8.370723e-02	1.029520e-02
6.476943e-01	5.403715e-02	2.511725e-02
5.931336e-01	6.279035e-01	-1.301619e-01
5.877388e-01	6.414998e-01	-1.146460e-01
5.840986e-01	6.411182e-01	-1.146832e-01
5.799953e-01	6.408597e-01	-1.146297e-01
5.979493e-01	6.433076e-01	-1.170894e-01
6.021802e-01	6.437471e-01	-1.170543e-01
6.064535e-01	6.439637e-01	-1.169136e-01
5.765519e-01	6.345232e-01	-2.179543e-02
6.136880e-01	6.363354e-01	-3.327665e-02
5.873707e-01	6.099877e-01	-9.507248e-02
6.005861e-01	6.111196e-01	-9.787717e-02
5.571343e-01	5.744071e-01	-2.479337e-02
6.358397e-01	5.705782e-01	-4.011435e-02
5.471388e-01	5.565012e-01	-2.396101e-01
6.567736e-01	5.427113e-01	-2.619745e-01
5.378605e-01	5.361239e-01	-4.831721e-01
6.567768e-01	5.251119e-01	-4.956971e-01
5.298294e-01	5.211604e-01	-5.376390e-01
6.640106e-01	5.197122e-01	-5.477544e-01
5.418047e-01	5.194897e-01	-5.378827e-01
6.516079e-01	5.202224e-01	-5.462354e-01
5.487832e-01	5.219603e-01	-4.917313e-01
6.459020e-01	5.207083e-01	-5.045851e-01
5.611724e-01	3.547353e-01	3.247349e-03
6.152526e-01	3.475435e-01	-3.204652e-03
5.222245e-01	2.472437e-01	-2.060265e-01
6.456037e-01	2.173726e-01	-1.728526e-01
5.360942e-01	1.467038e-01	3.374299e-02
6.286469e-01	1.185851e-01	4.245007e-02
5.440223e-01	1.345149e-01	5.262551e-02
6.190711e-01	1.021407e-01	5.961324e-02
5.180632e-01	8.376075e-02	-2.332392e-02
6.471280e-01	5.457804e-02	-1.754045e-02
5.918316e-01	6.400894e-01	-1.511552e-01
5.863050e-01	6.533700e-01	-1.338604e-01
5.827307e-01	6.527153e-01	-1.339135e-01
5.785720e-01	6.522416e-01	-1.338734e-01
5.964431e-01	6.555204e-01	-1.375903e-01
6.007345e-01	6.558923e-01	-1.375676e-01
6.049821e-01	6.560090e-01	-1.374448e-01
5.753681e-01	6.453872e-01	-3.230690e-02
6.128283e-01	6.480522e-01	-5.227626e-02
5.858952e-01	6.215282e-01	-1.143410e-01
5.998355e-01	6.233293e-01	-1.188935e-01
5.551437e-01	5.789702e-01	-2.655654e-02
6.360363e-01	5.748069e-01	-4.510988e-02
5.440160e-01	5.588609e-01	-2.437057e-01
6.568361e-01	5.416794e-01	-2.592979e-01
5.356416e-01	5.379701e-01	-4.895048e-01
6.572341e-01	5.170902e-01	-4.899193e-01
5.276818e-01	5.215960e-01	-5.442430e-01
6.639794e-01	5.109982e-01	-5.429770e-01
5.400712e-01	5.196624e-01	-5.422360e-01
6.522790e-01	5.130399e-01	-5.430070e-01
5.470747e-01	5.221848e-01	-4.978912e-01
6.473950e-01	5.141760e-01	-4.990644e-01
5.607147e-01	3.595204e-01	3.385909e-03
6.153192e-01	3.520809e-01	-3.322288e-03
5.211436e-01	2.505098e-01	-2.324989e-01
6.455259e-01	2.239939e-01	-1.879055e-01
5.356312e-01	1.469118e-01	9.825583e-03
6.283754e-01	1.185138e-01	2.291233e-02
5.438033e-01	1.344915e-01	2.853834e-02
6.190623e-01	1.010097e-01	3.847054e-02
5.173963e-01	8.378817e-02	-5.753581e-02
6.468696e-01	5.488855e-02	-5.097263e-02
5.902693e-01	6.510524e-01	-1.559350e-01
5.849476e-01	6.647496e-01	-1.393928e-01
5.813053e-01	6.643387e-01	-1.394351e-01
5.772637e-01	6.637407e-01	-1.393817e-01
5.948119e-01	6.658841e-01	-1.424319e-01
5.990258e-01	6.660056e-01	-1.424073e-01
6.031874e-01	6.659655e-01	-1.422897e-01
5.740799e-01	6.557882e-01	-4.127637e-02
6.114465e-01	6.580237e-01	-5.715820e-02
5.840605e-01	6.333286e-01	-1.201830e-01
5.984823e-01	6.344535e-01	-1.237247e-01
5.530266e-01	5.862255e-01	-4.139603e-02
6.360793e-01	5.815507e-01	-5.009737e-02
5.417510e-01	5.633577e-01	-2.489489e-01
6.536661e-01	5.472360e-01	-2.614406e-01
5.336727e-01	5.346565e-01	-5.077341e-01
6.571667e-01	5.113379e-01	-4.905687e-01
5.252814e-01	5.175809e-01	-5.670799e-01
6.639520e-01	5.008472e-01	-5.445664e-01
5.377062e-01	5.156315e-01	-5.702800e-01
6.530321e-01	4.995346e-01	-5.455905e-01
5.450568e-01	5.185394e-01	-5.179077e-01
6.480499e-01	5.018073e-01	-5.004338e-01
5.596957e-01	3.634645e-01	3.210681e-03
6.152292e-01	3.589283e-01	-3.123129e-03
5.212752e-01	2.543426e-01	-2.333246e-01
6.452501e-01	2.278366e-01	-1.840270e-01
5.352632e-01	1.471542e-01	3.468496e-03
6.279083e-01	1.184259e-01	1.810343e-02
5.434209e-01	1.344654e-01	2.145058e-02
6.190599e-01	1.001598e-01	3.241190e-02
5.172771e-01	8.386826e-02	-6.681058e-02
6.465067e-01	5.501618e-02	-5.941232e-02
5.896214e-01	6.627752e-01	-1.784284e-01
5.840905e-01	6.771723e-01	-1.612401e-01
5.803839e-01	6.768842e-01	-1.612710e-01
5.763627e-01	6.763886e-01	-1.612212e-01
5.940014e-01	6.781477e-01	-1.643635e-01
5.983355e-01	6.785678e-01	-1.643504e-01
6.024296e-01	6.789720e-01	-1.642215e-01
5.728593e-01	6.676190e-01	-6.313276e-02
6.101768e-01	6.709999e-01	-7.791222e-02
5.832550e-01	6.452900e-01	-1.423162e-01
5.979382e-01	6.464840e-01	-1.461311e-01
5.501425e-01	5.921794e-01	-5.382839e-02
6.361086e-01	5.875650e-01	-6.123937e-02
5.370654e-01	5.627521e-01	-2.368186e-01
6.524832e-01	5.478252e-01	-2.508141e-01
5.305288e-01	5.200579e-01	-4.882677e-01
6.569964e-01	5.028176e-01	-4.827237e-01
5.217291e-01	5.005245e-01	-5.483178e-01
6.639299e-01	4.855715e-01	-5.394554e-01
5.334491e-01	4.978019e-01	-5.589399e-01
6.530341e-01	4.842253e-01	-5.433912e-01
5.412658e-01	5.014707e-01	-4.998899e-01
6.479894e-01	4.873049e-01	-4.935228e-01
5.569211e-01	3.724433e-01	3.177025e-03
6.144103e-01	3.667885e-01	-3.066522e-03
5.213518e-01	2.575402e-01	-2.399743e-01
6.424834e-01	2.352329e-01	-1.803817e-01
5.346811e-01	1.474539e-01	-7.833373e-03
6.276039e-01	1.187939e-01	2.076652e-02
5.424834e-01	1.341047e-01	9.100344e-03
6.190576e-01	1.002635e-01	3.393064e-02
5.170358e-01	8.396898e-02	-8.579975e-02
6.457557e-01	5.512692e-02	-6.487671e-02
5.887303e-01	6.790583e-01	-2.253301e-01
5.831034e-01	6.948413e-01	-2.071201e-01
5.792180e-01	6.943503e-01	-2.071587e-01
5.751333e-01	6.935578e-01	-2.071411e-01
5.934340e-01	6.961163e-01	-2.092959e-01
5.978493e-01	6.962577e-01	-2.092968e-01
6.019989e-01	6.960469e-01	-2.091771e-01
5.715396e-01	6.840532e-01	-1.017180e-01
6.095399e-01	6.866155e-01	-1.120097e-01
5.818566e-01	6.611189e-01	-1.862792e-01
5.968740e-01	6.623983e-01	-1.890259e-01
5.464603e-01	5.963439e-01	-6.825669e-02
6.361361e-01	5.919965e-01	-6.552257e-02
5.319397e-01	5.625739e-01	-1.787032e-01
6.511098e-01	5.462455e-01	-1.798527e-01
5.248995e-01	5.055588e-01	-3.982025e-01
6.565056e-01	4.801315e-01	-3.928307e-01
5.168154e-01	4.834783e-01	-4.518975e-01
6.635123e-01	4.564674e-01	-4.466090e-01
5.274752e-01	4.836485e-01	-4.689268e-01
6.530286e-01	4.602588e-01	-4.594051e-01
5.349232e-01	4.899316e-01	-4.112155e-01
6.479534e-01	4.665962e-01	-4.056314e-01
5.550913e-01	3.806644e-01	1.429555e-03
6.135381e-01	3.739122e-01	-1.225264e-03
5.214084e-01	2.657204e-01	-2.536729e-01
6.402588e-01	2.442713e-01	-1.887844e-01
5.328158e-01	1.474205e-01	-4.116734e-02
6.274805e-01	1.189010e-01	-5.629695e-03
5.392414e-01	1.310674e-01	-2.670411e-02
6.190608e-01	1.004460e-01	4.907428e-03
5.164995e-01	8.396412e-02	-1.359399e-01
6.452701e-01	5.612640e-02	-1.044648e-01
5.871645e-01	6.927935e-01	-2.589470e-01
5.817690e-01	7.098448e-01	-2.401270e-01
5.777341e-01	7.097544e-01	-2.401554e-01
5.738330e-01	7.093442e-01	-2.401347e-01
5.920902e-01	7.101358e-01	-2.424457e-01
5.964494e-01	7.101801e-01	-2.424515e-01
6.006160e-01	7.102857e-01	-2.423336e-01
5.703391e-01	7.014027e-01	-1.273765e-01
6.082968e-01	7.029511e-01	-1.387085e-01
5.803066e-01	6.747716e-01	-2.167733e-01
5.949784e-01	6.758153e-01	-2.198281e-01
5.447281e-01	6.128394e-01	-7.648260e-02
6.360161e-01	6.048848e-01	-7.419194e-02
5.274616e-01	5.615934e-01	-1.379359e-01
6.498679e-01	5.413059e-01	-1.494624e-01
5.178885e-01	4.897943e-01	-3.302824e-01
6.549389e-01	4.648492e-01	-3.479221e-01
5.121754e-01	4.605961e-01	-3.790654e-01
6.623427e-01	4.356933e-01	-3.980575e-01
5.215046e-01	4.625104e-01	-4.024529e-01
6.521637e-01	4.399267e-01	-4.169110e-01
5.280465e-01	4.701620e-01	-3.448466e-01
6.470860e-01	4.492027e-01	-3.619676e-01
5.530541e-01	3.973786e-01	3.137776e-04
6.098347e-01	3.891068e-01	-7.035722e-05
5.215265e-01	2.739983e-01	-2.383599e-01
6.373128e-01	2.526055e-01	-1.790672e-01
5.322549e-01	1.456481e-01	-4.199299e-02
6.276072e-01	1.181744e-01	-7.694772e-03
5.376952e-01	1.273443e-01	-2.978948e-02
6.197854e-01	9.893472e-02	2.388962e-04
5.164427e-01	8.365566e-02	-1.441628e-01
6.453074e-01	5.621924e-02	-1.128111e-01
5.862054e-01	7.127731e-01	-2.898066e-01
5.810040e-01	7.280814e-01	-2.689779e-01
5.769179e-01	7.276579e-01	-2.690137e-01
5.730556e-01	7.273142e-01	-2.689677e-01
5.910661e-01	7.287195e-01	-2.728476e-01
5.952560e-01	7.285143e-01	-2.728531e-01
5.993581e-01	7.279724e-01	-2.727727e-01
5.696341e-01	7.188942e-01	-1.487516e-01
6.070674e-01	7.176773e-01	-1.662934e-01
5.793279e-01	6.929049e-01	-2.444501e-01
5.934400e-01	6.931598e-01	-2.492966e-01
5.438930e-01	6.287128e-01	-7.624663e-02
6.357061e-01	6.205225e-01	-8.649340e-02
5.244001e-01	5.599763e-01	-5.135381e-02
6.485350e-01	5.400923e-01	-6.812140e-02
5.159293e-01	4.709656e-01	-1.591660e-01
6.532301e-01	4.472627e-01	-1.695612e-01
5.109135e-01	4.423285e-01	-1.898131e-01
6.603305e-01	4.156916e-01	-1.999833e-01
5.202912e-01	4.449521e-01	-2.182685e-01
6.516762e-01	4.197421e-01	-2.297553e-01
5.257312e-01	4.530490e-01	-1.734886e-01
6.467847e-01	4.300359e-01	-1.838773e-01
5.526235e-01	4.098602e-01	1.949826e-04
6.086289e-01	4.044234e-01	7.764377e-06
5.215442e-01	2.771783e-01	-1.770397e-01
6.346527e-01	2.703704e-01	-1.747028e-01
5.318624e-01	1.448302e-01	7.663191e-03
6.276289e-01	1.187690e-01	1.295934e-02
5.375711e-01	1.265356e-01	1.240240e-02
6.198065e-01	9.905998e-02	2.435107e-02
5.164324e-01	8.358192e-02	-9.120559e-02
6.455662e-01	5.758017e-02	-8.665545e-02
5.847120e-01	7.277587e-01	-2.816876e-01
5.797446e-01	7.420622e-01	-2.605062e-01
5.755761e-01	7.416611e-01	-2.605426e-01
5.718789e-01	7.413681e-01	-2.604828e-01
5.898408e-01	7.424069e-01	-2.639704e-01
5.934384e-01	7.422806e-01	-2.639872e-01
5.976344e-01	7.419034e-01	-2.639216e-01
5.685365e-01	7.328134e-01	-1.434686e-01
6.049093e-01	7.324178e-01	-1.588455e-01
5.779604e-01	7.081910e-01	-2.380462e-01
5.915307e-01	7.083503e-01	-2.423263e-01
5.412769e-01	6.424940e-01	-7.771979e-02
6.345978e-01	6.345807e-01	-8.664198e-02
5.213199e-01	5.523181e-01	-6.906059e-02
6.465975e-01	5.358180e-01	-7.511909e-02
5.137779e-01	4.559761e-01	-1.899663e-01
6.496198e-01	4.275728e-01	-1.800886e-01
5.085788e-01	4.216454e-01	-2.233808e-01
6.567524e-01	3.931094e-01	-2.122081e-01
5.168401e-01	4.239001e-01	-2.508299e-01
6.484006e-01	3.949155e-01	-2.400223e-01
5.227932e-01	4.355797e-01	-2.040670e-01
6.436322e-01	4.078271e-01	-1.935769e-01
5.506444e-01	4.161085e-01	8.821888e-05
6.063736e-01	4.109946e-01	8.108031e-05
5.227423e-01	2.835659e-01	-1.697029e-01
6.333960e-01	2.720497e-01	-1.555184e-01
5.313788e-01	1.439060e-01	1.308656e-02
6.276473e-01	1.204911e-01	2.188341e-02
5.368903e-01	1.257697e-01	1.420674e-02
6.197937e-01	1.003961e-01	3.273960e-02
5.160885e-01	8.389730e-02	-8.260247e-02
6.451352e-01	5.962218e-02	-7.835923e-02
5.838526e-01	7.426911e-01	-3.198069e-01
5.788743e-01	7.580842e-01	-3.003922e-01
5.746399e-01	7.577750e-01	-3.004308e-01
5.709143e-01	7.574552e-01	-3.003606e-01
5.889248e-01	7.583170e-01	-3.039223e-01
5.924193e-01	7.583502e-01	-3.039565e-01
5.966307e-01	7.579131e-01	-3.039005e-01
5.671092e-01	7.491046e-01	-1.855792e-01
6.035488e-01	7.483243e-01	-2.014586e-01
5.768642e-01	7.230052e-01	-2.760967e-01
5.903156e-01	7.231198e-01	-2.805828e-01
5.383382e-01	6.572485e-01	-1.107809e-01
6.337835e-01	6.491319e-01	-1.247899e-01
5.185399e-01	5.482352e-01	-9.032322e-02
6.442686e-01	5.350002e-01	-1.066204e-01
5.131881e-01	4.367041e-01	-1.866971e-01
6.455213e-01	4.176386e-01	-1.971970e-01
5.080767e-01	4.020359e-01	-2.157042e-01
6.514347e-01	3.772501e-01	-2.260892e-01
5.167328e-01	4.038516e-01	-2.428236e-01
6.423877e-01	3.791559e-01	-2.537560e-01
5.225715e-01	4.152327e-01	-2.000498e-01
6.376461e-01	3.937108e-01	-2.098938e-01
5.496818e-01	4.256269e-01	6.198465e-04
6.057451e-01	4.220830e-01	-5.059680e-04
5.231313e-01	2.831178e-01	-1.131129e-01
6.319979e-01	2.702730e-01	-1.292675e-01
5.312324e-01	1.431185e-01	8.060048e-02
6.275361e-01	1.208644e-01	5.498355e-02
5.366880e-01	1.257613e-01	9.203919e-02
6.196678e-01	1.011235e-01	6.609085e-02
5.149465e-01	8.403242e-02	-1.453432e-02
6.442034e-01	5.983152e-02	-5.548225e-02
5.816946e-01	7.599824e-01	-3.509988e-01
5.770205e-01	7.752308e-01	-3.329493e-01
5.725223e-01	7.747974e-01	-3.329705e-01
5.688800e-01	7.741516e-01	-3.328969e-01
5.872668e-01	7.755286e-01	-3.364026e-01
5.904143e-01	7.756175e-01	-3.364558e-01
5.946878e-01	7.751559e-01	-3.364039e-01
5.648710e-01	7.652813e-01	-2.174329e-01
6.014268e-01	7.647935e-01	-2.333558e-01
5.744395e-01	7.394895e-01	-3.064318e-01
5.881193e-01	7.399464e-01	-3.108805e-01
5.356455e-01	6.681939e-01	-1.368937e-01
6.335508e-01	6.608117e-01	-1.545784e-01
5.186166e-01	5.476484e-01	-1.070171e-01
6.422088e-01	5.349123e-01	-1.315620e-01
5.127935e-01	4.279000e-01	-2.012972e-01
6.401971e-01	4.104271e-01	-2.225337e-01
5.072130e-01	3.912247e-01	-2.323972e-01
6.458988e-01	3.695267e-01	-2.537470e-01
5.155939e-01	3.915913e-01	-2.608320e-01
6.369222e-01	3.702286e-01	-2.825795e-01
5.212168e-01	4.022286e-01	-2.154511e-01
6.310724e-01	3.844610e-01	-2.357623e-01
5.484921e-01	4.325502e-01	1.540904e-03
6.056446e-01	4.292118e-01	-1.468815e-03
5.239230e-01	2.784972e-01	-4.279531e-02
6.293509e-01	2.679353e-01	-5.051980e-02
5.307807e-01	1.425611e-01	1.748816e-01
6.272100e-01	1.210367e-01	1.583145e-01
5.360834e-01	1.251356e-01	1.897713e-01
6.195891e-01	1.012047e-01	1.720461e-01
5.144402e-01	8.437955e-02	8.682498e-02
6.431987e-01	5.980658e-02	5.996798e-02
5.782353e-01	7.742788e-01	-3.606638e-01
5.740209e-01	7.885616e-01	-3.434674e-01
5.694761e-01	7.879727e-01	-3.434745e-01
5.659723e-01	7.872724e-01	-3.433974e-01
5.847223e-01	7.891831e-01	-3.470317e-01
5.877036e-01	7.892486e-01	-3.470945e-01
5.921139e-01	7.889423e-01	-3.470277e-01
5.624624e-01	7.775941e-01	-2.293818e-01
5.993661e-01	7.782930e-01	-2.462220e-01
5.712174e-01	7.533463e-01	-3.163024e-01
5.855449e-01	7.539421e-01	-3.209892e-01
5.324837e-01	6.764774e-01	-1.464079e-01
6.331444e-01	6.714232e-01	-1.669836e-01
5.183215e-01	5.477069e-01	-1.105390e-01
6.385707e-01	5.383859e-01	-1.403963e-01
5.126379e-01	4.235478e-01	-2.001421e-01
6.339706e-01	4.163676e-01	-2.300663e-01
5.070277e-01	3.831041e-01	-2.332553e-01
6.380000e-01	3.760221e-01	-2.637224e-01
5.165739e-01	3.830163e-01	-2.635786e-01
6.302345e-01	3.763388e-01	-2.931602e-01
5.222472e-01	3.958640e-01	-2.151306e-01
6.251265e-01	3.907137e-01	-2.436099e-01
5.470146e-01	4.359145e-01	3.211427e-03
6.049985e-01	4.333910e-01	-3.149975e-03
5.273312e-01	2.778555e-01	2.194990e-02
6.248121e-01	2.647151e-01	1.792036e-02
5.308133e-01	1.422894e-01	2.438456e-01
6.270656e-01	1.209834e-01	2.262028e-01
5.363406e-01	1.251914e-01	2.593625e-01
6.195531e-01	1.007102e-01	2.397058e-01
5.141907e-01	8.460476e-02	1.623744e-01
6.427988e-01	5.988447e-02	1.284459e-01
5.773545e-01	7.862316e-01	-3.773950e-01
5.725159e-01	8.004208e-01	-3.618144e-01
5.680911e-01	7.997161e-01	-3.618219e-01
5.643070e-01	7.991598e-01	-3.617390e-01
5.830792e-01	8.012777e-01	-3.637567e-01
5.863735e-01	8.012347e-01	-3.638209e-01
5.906828e-01	8.011165e-01	-3.637535e-01
5.606190e-01	7.892448e-01	-2.514780e-01
5.973824e-01	7.910478e-01	-2.612954e-01
5.702154e-01	7.650134e-01	-3.342893e-01
5.845259e-01	7.661719e-01	-3.369232e-01
5.302881e-01	6.868778e-01	-1.702621e-01
6.307677e-01	6.820800e-01	-1.745697e-01
5.183053e-01	5.507785e-01	-1.273526e-01
6.332484e-01	5.461342e-01	-1.415965e-01
5.136502e-01	4.279256e-01	-2.117791e-01
6.290660e-01	4.241496e-01	-2.235581e-01
5.083106e-01	3.858956e-01	-2.435850e-01
6.333700e-01	3.862583e-01	-2.550452e-01
5.183243e-01	3.869975e-01	-2.734194e-01
6.261768e-01	3.867360e-01	-2.839883e-01
5.237371e-01	3.998231e-01	-2.261000e-01
6.213881e-01	3.992705e-01	-2.366205e-01
5.441226e-01	4.482326e-01	2.673681e-03
6.016856e-01	4.455219e-01	-2.630063e-03
5.292656e-01	2.773415e-01	2.387002e-02
6.222390e-01	2.749367e-01	1.901710e-02
5.306764e-01	1.409951e-01	2.189887e-01
6.267825e-01	1.213762e-01	2.026664e-01
5.359263e-01	1.229155e-01	2.315469e-01
6.194319e-01	1.006597e-01	2.134767e-01
5.141312e-01	8.471856e-02	1.296590e-01
6.427708e-01	5.988140e-02	1.023906e-01
5.731157e-01	7.984113e-01	-3.564259e-01
5.692399e-01	8.130690e-01	-3.396439e-01
5.648662e-01	8.127487e-01	-3.396607e-01
5.613512e-01	8.123932e-01	-3.395790e-01
5.801395e-01	8.133425e-01	-3.430644e-01
5.831720e-01	8.132013e-01	-3.431285e-01
5.875813e-01	8.127617e-01	-3.430460e-01
5.579975e-01	8.032094e-01	-2.270266e-01
5.948689e-01	8.023451e-01	-2.433874e-01
5.658699e-01	7.780272e-01	-3.126183e-01
5.804986e-01	7.776875e-01	-3.171296e-01
5.284829e-01	7.025128e-01	-1.472541e-01
6.282314e-01	6.925601e-01	-1.625831e-01
5.179430e-01	5.634891e-01	-1.052790e-01
6.275829e-01	5.599205e-01	-1.307325e-01
5.146486e-01	4.381193e-01	-1.803177e-01
6.237141e-01	4.314927e-01	-2.111927e-01
5.093517e-01	3.988504e-01	-2.114614e-01
6.292121e-01	3.981053e-01	-2.432826e-01
5.191356e-01	4.005786e-01	-2.417490e-01
6.213673e-01	3.985792e-01	-2.734855e-01
5.249034e-01	4.122500e-01	-1.946571e-01
6.165224e-01	4.099772e-01	-2.248042e-01
5.426071e-01	4.576206e-01	2.842382e-03
5.994321e-01	4.554080e-01	-2.796609e-03
5.304765e-01	2.831386e-01	2.772390e-02
6.179584e-01	2.762513e-01	2.621818e-02
5.305585e-01	1.410111e-01	2.037922e-01
6.261843e-01	1.213414e-01	1.973094e-01
5.357463e-01	1.226207e-01	2.145438e-01
6.191794e-01	1.002123e-01	2.070184e-01
5.141837e-01	8.525862e-02	1.136565e-01
6.416017e-01	6.042828e-02	9.599837e-02
5.692455e-01	8.031055e-01	-3.515806e-01
5.653678e-01	8.190101e-01	-3.344076e-01
5.613534e-01	8.185825e-01	-3.344227e-01
5.581461e-01	8.177591e-01	-3.343455e-01
5.761675e-01	8.192018e-01	-3.372926e-01
5.792277e-01	8.190759e-01	-3.373556e-01
5.831255e-01	8.187085e-01	-3.372988e-01
5.547467e-01	8.072173e-01	-2.187281e-01
5.901391e-01	8.073568e-01	-2.322876e-01
5.626577e-01	7.849382e-01	-3.066735e-01
5.770351e-01	7.843757e-01	-3.103499e-01
5.260628e-01	7.090071e-01	-1.340155e-01
6.233748e-01	7.042660e-01	-1.511956e-01
5.170848e-01	5.725189e-01	-8.529814e-02
6.242635e-01	5.760682e-01	-1.142874e-01
5.152346e-01	4.441004e-01	-1.590819e-01
6.213799e-01	4.466308e-01	-1.994708e-01
5.094956e-01	4.035570e-01	-1.891064e-01
6.268523e-01	4.069876e-01	-2.320803e-01
5.198239e-01	4.055316e-01	-2.208924e-01
6.209948e-01	4.063291e-01	-2.642306e-01
5.255638e-01	4.180311e-01	-1.741046e-01
6.162423e-01	4.208900e-01	-2.141401e-01
5.423151e-01	4.612150e-01	3.112125e-03
5.974728e-01	4.608582e-01	-3.069055e-03
5.310999e-01	2.912526e-01	3.303210e-02
6.166475e-01	2.818956e-01	2.757343e-02
5.301787e-01	1.410415e-01	2.016049e-01
6.261573e-01	1.226195e-01	1.952253e-01
5.350720e-01	1.213772e-01	2.108039e-01
6.191190e-01	1.005656e-01	2.040879e-01
5.141993e-01	8.549306e-02	1.001743e-01
6.410624e-01	6.108910e-02	8.573607e-02
5.668474e-01	8.066863e-01	-3.410274e-01
5.627161e-01	8.228053e-01	-3.233961e-01
5.587326e-01	8.222817e-01	-3.234116e-01
5.551781e-01	8.215635e-01	-3.233368e-01
5.733544e-01	8.231735e-01	-3.266691e-01
5.767974e-01	8.230895e-01	-3.267337e-01
5.810434e-01	8.225518e-01	-3.266781e-01
5.520036e-01	8.111568e-01	-2.062170e-01
5.884444e-01	8.116179e-01	-2.213892e-01
5.603667e-01	7.885893e-01	-2.956028e-01
5.745574e-01	7.880022e-01	-2.997452e-01
5.243327e-01	7.121282e-01	-1.274209e-01
6.224120e-01	7.084623e-01	-1.418980e-01
5.167466e-01	5.806751e-01	-7.346167e-02
6.237923e-01	5.822040e-01	-1.000270e-01
5.155467e-01	4.469489e-01	-1.472379e-01
6.220803e-01	4.590172e-01	-1.893888e-01
5.098501e-01	4.088725e-01	-1.764608e-01
6.271831e-01	4.206616e-01	-2.220706e-01
5.194890e-01	4.105952e-01	-2.097484e-01
6.236395e-01	4.178268e-01	-2.549173e-01
5.243574e-01	4.211576e-01	-1.629450e-01
6.187998e-01	4.331477e-01	-2.048211e-01
5.411148e-01	4.633214e-01	2.254447e-03
5.952450e-01	4.605947e-01	-2.202556e-03
5.339514e-01	2.923493e-01	3.738787e-02
6.135645e-01	2.847200e-01	3.322399e-02
5.301220e-01	1.411654e-01	2.044007e-01
6.256700e-01	1.225923e-01	1.945436e-01
5.347113e-01	1.210854e-01	2.135622e-01
6.189528e-01	1.005273e-01	2.024764e-01
5.147346e-01	8.615213e-02	1.022645e-01
6.407045e-01	6.105626e-02	8.145440e-02
5.640092e-01	8.061630e-01	-3.438351e-01
5.597005e-01	8.207546e-01	-3.268238e-01
5.559024e-01	8.203906e-01	-3.268384e-01
5.523970e-01	8.197238e-01	-3.267669e-01
5.702113e-01	8.206068e-01	-3.292930e-01
5.735632e-01	8.202461e-01	-3.293587e-01
5.777945e-01	8.196006e-01	-3.293656e-01
5.489303e-01	8.089124e-01	-2.063475e-01
5.849296e-01	8.093469e-01	-2.179799e-01
5.577248e-01	7.880481e-01	-2.967698e-01
5.715715e-01	7.880414e-01	-2.997486e-01
5.218359e-01	7.119464e-01	-1.191894e-01
6.178352e-01	7.113236e-01	-1.332667e-01
5.142936e-01	5.859495e-01	-5.270491e-02
6.210192e-01	5.874076e-01	-7.569635e-02
5.141325e-01	4.633442e-01	-1.192894e-01
6.213591e-01	4.637098e-01	-1.593980e-01
5.100129e-01	4.254159e-01	-1.437135e-01
6.250364e-01	4.256410e-01	-1.879457e-01
5.166480e-01	4.261058e-01	-1.764352e-01
6.237718e-01	4.229119e-01	-2.215003e-01
5.205196e-01	4.394118e-01	-1.348380e-01
6.195240e-01	4.381355e-01	-1.746988e-01
5.386927e-01	4.589027e-01	2.297592e-03
5.920604e-01	4.604181e-01	-2.253230e-03
5.338403e-01	2.938157e-01	3.363236e-02
6.116985e-01	2.867257e-01	2.415976e-02
5.297420e-01	1.411430e-01	2.199466e-01
6.253670e-01	1.225108e-01	2.053117e-01
5.341975e-01	1.197370e-01	2.305275e-01
6.188061e-01	1.002401e-01	2.148474e-01
5.146264e-01	8.655396e-02	1.119402e-01
6.407700e-01	6.072594e-02	8.741256e-02
