5.539399e-01	6.922262e-01	-2.378733e-01
5.477672e-01	7.117358e-01	-2.211581e-01
5.432903e-01	7.115194e-01	-2.211855e-01
5.394710e-01	7.116089e-01	-2.211248e-01
5.603073e-01	7.130461e-01	-2.194941e-01
5.647423e-01	7.138258e-01	-2.195175e-01
5.687714e-01	7.143903e-01	-2.193302e-01
5.354083e-01	7.067966e-01	-1.139101e-01
5.757954e-01	7.074921e-01	-1.045941e-01
5.467732e-01	6.726020e-01	-1.965725e-01
5.619518e-01	6.731794e-01	-1.936384e-01
5.115231e-01	6.333143e-01	-9.260583e-02
5.996372e-01	6.290727e-01	-9.077100e-02
4.646973e-01	6.276894e-01	-3.386884e-01
6.370841e-01	6.263905e-01	-3.357561e-01
4.859204e-01	6.312087e-01	-5.790305e-01
6.330722e-01	6.278734e-01	-6.139573e-01
4.876901e-01	6.240808e-01	-6.380735e-01
6.373022e-01	6.253669e-01	-6.785191e-01
4.999664e-01	6.223354e-01	-6.249361e-01
6.255410e-01	6.210847e-01	-6.662032e-01
5.033643e-01	6.201435e-01	-5.821709e-01
6.209104e-01	6.168641e-01	-6.203310e-01
5.255267e-01	3.532687e-01	1.842974e-03
5.836549e-01	3.529418e-01	-1.804203e-03
5.049679e-01	2.086366e-01	-9.405822e-02
6.088228e-01	1.925798e-01	-2.009633e-02
5.009171e-01	1.274250e-01	2.442597e-01
5.918567e-01	1.214811e-01	3.341133e-01
5.057023e-01	1.188063e-01	2.745277e-01
5.844119e-01	1.144340e-01	3.660402e-01
4.878222e-01	6.351548e-02	1.954953e-01
6.129511e-01	5.041865e-02	2.918222e-01
5.538216e-01	6.997283e-01	-2.378752e-01
5.477091e-01	7.176507e-01	-2.211591e-01
5.432308e-01	7.171049e-01	-2.211861e-01
5.393900e-01	7.167310e-01	-2.211256e-01
5.602308e-01	7.189791e-01	-2.208950e-01
5.645949e-01	7.192225e-01	-2.209174e-01
5.686945e-01	7.192339e-01	-2.207545e-01
5.353994e-01	7.107189e-01	-1.126050e-01
5.757884e-01	7.109977e-01	-1.155266e-01
5.466338e-01	6.789407e-01	-1.961854e-01
5.617313e-01	6.797292e-01	-1.949917e-01
5.115889e-01	6.372751e-01	-9.113662e-02
5.996420e-01	6.340212e-01	-1.123646e-01
4.733232e-01	6.303908e-01	-3.386890e-01
6.351117e-01	6.319873e-01	-3.749421e-01
4.861154e-01	6.324083e-01	-5.831261e-01
6.338189e-01	6.280696e-01	-6.505464e-01
4.865604e-01	6.269640e-01	-6.409256e-01
6.378399e-01	6.252881e-01	-7.149447e-01
4.999904e-01	6.234860e-01	-6.279279e-01
6.273712e-01	6.218666e-01	-7.086134e-01
5.035481e-01	6.207658e-01	-5.866814e-01
6.232421e-01	6.198982e-01	-6.597129e-01
5.255271e-01	3.536010e-01	2.516270e-03
5.838924e-01	3.546130e-01	-2.503138e-03
5.055261e-01	2.061240e-01	-2.309852e-02
6.099487e-01	1.929191e-01	-3.067667e-02
5.008073e-01	1.277314e-01	3.176515e-01
5.919185e-01	1.213868e-01	3.206490e-01
5.057818e-01	1.188502e-01	3.477360e-01
5.843602e-01	1.155812e-01	3.527452e-01
4.877660e-01	6.355256e-02	2.762868e-01
6.108525e-01	5.274504e-02	2.806579e-01
5.528283e-01	7.136108e-01	-2.373326e-01
5.472405e-01	7.302071e-01	-2.202807e-01
5.428766e-01	7.294981e-01	-2.202953e-01
5.391241e-01	7.289441e-01	-2.202369e-01
5.597480e-01	7.319386e-01	-2.209572e-01
5.640482e-01	7.319129e-01	-2.209793e-01
5.683115e-01	7.314307e-01	-2.208182e-01
5.354281e-01	7.224861e-01	-1.083858e-01
5.757857e-01	7.211939e-01	-1.174701e-01
5.459498e-01	6.913357e-01	-1.944245e-01
5.609499e-01	6.927015e-01	-1.950708e-01
5.119146e-01	6.447377e-01	-8.409479e-02
5.996626e-01	6.413715e-01	-1.140982e-01
4.774609e-01	6.367007e-01	-3.266595e-01
6.350733e-01	6.334529e-01	-3.722661e-01
4.864058e-01	6.337979e-01	-5.797051e-01
6.343426e-01	6.286730e-01	-6.475041e-01
4.854461e-01	6.288190e-01	-6.380619e-01
6.378497e-01	6.249825e-01	-7.133862e-01
4.992739e-01	6.249034e-01	-6.272261e-01
6.275142e-01	6.225277e-01	-7.068809e-01
5.032524e-01	6.220798e-01	-5.846751e-01
6.233466e-01	6.222659e-01	-6.564942e-01
5.255269e-01	3.570528e-01	3.902166e-03
5.839084e-01	3.591267e-01	-3.885553e-03
5.058991e-01	2.080918e-01	-3.430666e-03
6.109322e-01	1.948704e-01	-1.346150e-02
5.006821e-01	1.269103e-01	3.273597e-01
5.928086e-01	1.210216e-01	3.271546e-01
5.058423e-01	1.174795e-01	3.557741e-01
5.847566e-01	1.156214e-01	3.572619e-01
4.875811e-01	6.248942e-02	2.762793e-01
6.104799e-01	5.303210e-02	2.819912e-01
5.532652e-01	7.227958e-01	-2.310331e-01
5.474773e-01	7.397435e-01	-2.145441e-01
5.429829e-01	7.390582e-01	-2.145395e-01
5.392049e-01	7.384017e-01	-2.144874e-01
5.601650e-01	7.406030e-01	-2.170141e-01
5.645896e-01	7.402080e-01	-2.170309e-01
5.689432e-01	7.393867e-01	-2.168666e-01
5.354259e-01	7.309287e-01	-1.037254e-01
5.762724e-01	7.283223e-01	-1.157044e-01
5.459727e-01	7.001632e-01	-1.880305e-01
5.613536e-01	7.008830e-01	-1.910126e-01
5.122592e-01	6.506082e-01	-7.922251e-02
5.996572e-01	6.467018e-01	-1.125900e-01
4.842622e-01	6.389273e-01	-3.211988e-01
6.344013e-01	6.331607e-01	-3.724677e-01
4.855406e-01	6.345330e-01	-5.810986e-01
6.352580e-01	6.291784e-01	-6.539278e-01
4.799219e-01	6.295437e-01	-6.404110e-01
6.399757e-01	6.249122e-01	-7.214997e-01
4.924859e-01	6.268941e-01	-6.342471e-01
6.303295e-01	6.234798e-01	-7.163588e-01
4.985489e-01	6.239353e-01	-5.881659e-01
6.258935e-01	6.240008e-01	-6.641347e-01
5.254732e-01	3.628707e-01	4.279649e-03
5.839073e-01	3.656005e-01	-4.243888e-03
5.060663e-01	2.131815e-01	7.474014e-03
6.111654e-01	2.027990e-01	-5.628724e-04
5.003046e-01	1.266904e-01	3.193280e-01
5.933765e-01	1.207703e-01	3.152883e-01
5.057821e-01	1.172201e-01	3.452747e-01
5.849357e-01	1.154859e-01	3.415969e-01
4.872707e-01	6.190108e-02	2.632262e-01
6.103560e-01	5.300697e-02	2.536598e-01
5.535184e-01	7.316176e-01	-2.543402e-01
5.477514e-01	7.497071e-01	-2.387380e-01
5.432242e-01	7.490471e-01	-2.387631e-01
5.394428e-01	7.485178e-01	-2.386890e-01
5.603667e-01	7.507401e-01	-2.401427e-01
5.647787e-01	7.503467e-01	-2.401941e-01
5.691702e-01	7.494778e-01	-2.400823e-01
5.354567e-01	7.413579e-01	-1.219244e-01
5.763086e-01	7.389008e-01	-1.296977e-01
5.460386e-01	7.091538e-01	-2.084309e-01
5.615365e-01	7.096755e-01	-2.104291e-01
5.110065e-01	6.527801e-01	-6.441469e-02
5.997143e-01	6.549674e-01	-8.940890e-02
4.689204e-01	6.166087e-01	-2.131031e-01
6.460556e-01	6.270760e-01	-2.574650e-01
4.785618e-01	6.234424e-01	-4.316111e-01
6.408095e-01	6.288484e-01	-5.006504e-01
4.804199e-01	6.223091e-01	-4.787460e-01
6.410603e-01	6.240410e-01	-5.561672e-01
4.919019e-01	6.268603e-01	-4.707155e-01
6.327213e-01	6.253534e-01	-5.447157e-01
4.946259e-01	6.239401e-01	-4.344774e-01
6.305085e-01	6.258318e-01	-5.042672e-01
5.248638e-01	3.716887e-01	4.247908e-03
5.835365e-01	3.750907e-01	-4.213660e-03
5.060688e-01	2.210794e-01	2.142018e-02
6.099294e-01	2.206336e-01	1.190968e-02
5.001726e-01	1.245931e-01	3.448010e-01
5.937065e-01	1.188182e-01	3.170359e-01
5.057849e-01	1.148663e-01	3.726656e-01
5.853125e-01	1.122698e-01	3.426217e-01
4.868395e-01	6.072682e-02	2.792879e-01
6.104012e-01	5.291789e-02	2.395118e-01
5.540177e-01	7.486488e-01	-2.571714e-01
5.481602e-01	7.660964e-01	-2.392456e-01
5.436886e-01	7.653917e-01	-2.392786e-01
5.398556e-01	7.644328e-01	-2.391978e-01
5.606447e-01	7.670666e-01	-2.413457e-01
5.650247e-01	7.668971e-01	-2.413969e-01
5.693440e-01	7.661495e-01	-2.412981e-01
5.360725e-01	7.557619e-01	-1.200025e-01
5.763208e-01	7.547969e-01	-1.277644e-01
5.465744e-01	7.260722e-01	-2.101301e-01
5.618479e-01	7.270454e-01	-2.128098e-01
5.110493e-01	6.613676e-01	-5.261155e-02
6.015853e-01	6.648607e-01	-7.917213e-02
4.664348e-01	6.055909e-01	-1.936411e-01
6.476076e-01	6.177583e-01	-2.438476e-01
4.773547e-01	6.171443e-01	-4.330041e-01
6.450148e-01	6.236970e-01	-5.016657e-01
4.808416e-01	6.224737e-01	-4.849650e-01
6.446261e-01	6.188681e-01	-5.619674e-01
4.918007e-01	6.302980e-01	-4.811530e-01
6.354092e-01	6.253237e-01	-5.549653e-01
4.939211e-01	6.258068e-01	-4.382185e-01
6.328057e-01	6.255450e-01	-5.071805e-01
5.246847e-01	3.828761e-01	3.992351e-03
5.835198e-01	3.838854e-01	-3.944048e-03
5.056389e-01	2.406027e-01	1.280489e-02
6.098302e-01	2.292048e-01	6.186417e-03
4.995316e-01	1.246300e-01	3.374914e-01
5.938703e-01	1.182397e-01	2.942725e-01
5.056300e-01	1.148752e-01	3.647068e-01
5.856205e-01	1.111893e-01	3.177855e-01
4.860513e-01	6.031769e-02	2.639385e-01
6.102433e-01	5.289508e-02	2.026760e-01
5.544201e-01	7.605123e-01	-3.061512e-01
5.484680e-01	7.784406e-01	-2.869104e-01
5.440400e-01	7.778317e-01	-2.869542e-01
5.401815e-01	7.770768e-01	-2.868767e-01
5.608450e-01	7.795287e-01	-2.885603e-01
5.651743e-01	7.795110e-01	-2.886201e-01
5.694600e-01	7.792559e-01	-2.885222e-01
5.363429e-01	7.692329e-01	-1.602020e-01
5.763182e-01	7.692233e-01	-1.685264e-01
5.470837e-01	7.380331e-01	-2.576695e-01
5.620645e-01	7.391365e-01	-2.599232e-01
5.105547e-01	6.636739e-01	-8.338940e-02
6.051739e-01	6.672289e-01	-8.997963e-02
4.576188e-01	5.787118e-01	-2.355952e-01
6.603871e-01	5.854799e-01	-2.513545e-01
4.765247e-01	6.112905e-01	-4.845269e-01
6.473154e-01	6.199602e-01	-5.061693e-01
4.809178e-01	6.225715e-01	-5.381106e-01
6.445378e-01	6.191322e-01	-5.638673e-01
4.918186e-01	6.321271e-01	-5.278574e-01
6.346976e-01	6.307281e-01	-5.507732e-01
4.936890e-01	6.258825e-01	-4.870245e-01
6.329111e-01	6.292444e-01	-5.081302e-01
5.244135e-01	3.857352e-01	1.445991e-03
5.835350e-01	3.862829e-01	-1.396855e-03
5.046483e-01	2.406038e-01	-6.912480e-03
6.096003e-01	2.282923e-01	-1.573046e-02
4.994461e-01	1.241909e-01	3.357430e-01
5.939046e-01	1.179597e-01	2.873031e-01
5.056969e-01	1.137329e-01	3.650609e-01
5.858666e-01	1.103483e-01	3.118775e-01
4.859365e-01	5.920548e-02	2.630677e-01
6.095935e-01	5.268399e-02	1.992912e-01
5.544094e-01	7.696086e-01	-2.804376e-01
5.484874e-01	7.885882e-01	-2.619916e-01
5.440496e-01	7.883958e-01	-2.620236e-01
5.402339e-01	7.883562e-01	-2.619541e-01
5.608548e-01	7.892522e-01	-2.630691e-01
5.651695e-01	7.892410e-01	-2.631131e-01
5.694586e-01	7.892373e-01	-2.629868e-01
5.363530e-01	7.826256e-01	-1.593278e-01
5.760632e-01	7.813683e-01	-1.542600e-01
5.470857e-01	7.475823e-01	-2.342592e-01
5.620469e-01	7.483144e-01	-2.355216e-01
5.093228e-01	6.720926e-01	-6.648588e-02
6.052946e-01	6.754373e-01	-6.495009e-02
4.595353e-01	5.792783e-01	-1.849647e-01
6.558434e-01	5.911345e-01	-1.923297e-01
4.716622e-01	5.990970e-01	-4.314064e-01
6.503378e-01	6.018374e-01	-4.444185e-01
4.738009e-01	6.054862e-01	-4.868971e-01
6.479549e-01	5.956112e-01	-5.026900e-01
4.817861e-01	6.196969e-01	-4.912067e-01
6.393531e-01	6.161877e-01	-5.025555e-01
4.839644e-01	6.147608e-01	-4.397392e-01
6.380069e-01	6.164258e-01	-4.524056e-01
5.240080e-01	3.909773e-01	2.090838e-04
5.831262e-01	3.922902e-01	-1.078195e-04
5.030241e-01	2.397160e-01	1.065461e-02
6.093857e-01	2.335157e-01	-1.695365e-02
4.993568e-01	1.241069e-01	3.339307e-01
5.938616e-01	1.178125e-01	2.702165e-01
5.057329e-01	1.125571e-01	3.608020e-01
5.858760e-01	1.091306e-01	2.922685e-01
4.857896e-01	5.850642e-02	2.586985e-01
6.095122e-01	5.278841e-02	1.785891e-01
5.543504e-01	7.826006e-01	-2.718667e-01
5.484474e-01	8.016729e-01	-2.540637e-01
5.439491e-01	8.015321e-01	-2.540801e-01
5.402012e-01	8.015721e-01	-2.540105e-01
5.608552e-01	8.022128e-01	-2.548668e-01
5.651461e-01	8.023486e-01	-2.549102e-01
5.694633e-01	8.024613e-01	-2.547732e-01
5.359570e-01	7.958492e-01	-1.337910e-01
5.757957e-01	7.945737e-01	-1.363600e-01
5.469924e-01	7.599244e-01	-2.271779e-01
5.620387e-01	7.605953e-01	-2.280553e-01
5.084634e-01	6.877159e-01	-5.055936e-02
6.051598e-01	6.894889e-01	-4.708165e-02
4.693628e-01	5.812426e-01	-1.424869e-01
6.535143e-01	5.941853e-01	-1.460208e-01
4.665927e-01	5.865536e-01	-3.920738e-01
6.518653e-01	5.794005e-01	-4.003018e-01
4.614521e-01	5.759385e-01	-4.495149e-01
6.534626e-01	5.660950e-01	-4.617681e-01
4.676669e-01	5.899972e-01	-4.680203e-01
6.443424e-01	5.907201e-01	-4.729381e-01
4.717687e-01	5.909963e-01	-4.064557e-01
6.414753e-01	5.917544e-01	-4.130181e-01
5.231205e-01	4.055417e-01	-7.257988e-04
5.821422e-01	4.049943e-01	8.700686e-04
5.024858e-01	2.467439e-01	1.529671e-02
6.084149e-01	2.403558e-01	2.182066e-02
4.990651e-01	1.241060e-01	3.161225e-01
5.935590e-01	1.179345e-01	2.794099e-01
5.055633e-01	1.107163e-01	3.351436e-01
5.857719e-01	1.088927e-01	3.114161e-01
4.855742e-01	5.816354e-02	2.172969e-01
6.094193e-01	5.351647e-02	2.025954e-01
5.543348e-01	7.951005e-01	-2.808811e-01
5.484349e-01	8.136193e-01	-2.612687e-01
5.438949e-01	8.133567e-01	-2.613442e-01
5.401765e-01	8.132008e-01	-2.612967e-01
5.608585e-01	8.138352e-01	-2.610736e-01
5.651330e-01	8.137870e-01	-2.610942e-01
5.694666e-01	8.137209e-01	-2.609723e-01
5.356086e-01	8.067075e-01	-1.346519e-01
5.755969e-01	8.056337e-01	-1.341564e-01
5.469285e-01	7.716251e-01	-2.332311e-01
5.620380e-01	7.719091e-01	-2.323944e-01
5.074884e-01	6.951393e-01	-5.474188e-02
6.049901e-01	6.975366e-01	-4.573755e-02
4.739236e-01	5.878283e-01	-1.405521e-01
6.486381e-01	5.949492e-01	-1.042763e-01
4.605823e-01	5.594444e-01	-3.694032e-01
6.565168e-01	5.405844e-01	-3.298040e-01
4.522460e-01	5.371435e-01	-4.233479e-01
6.644983e-01	5.066912e-01	-3.860462e-01
4.551747e-01	5.464205e-01	-4.522749e-01
6.572633e-01	5.187222e-01	-4.076871e-01
4.620466e-01	5.533818e-01	-3.872576e-01
6.525759e-01	5.257472e-01	-3.468525e-01
5.225095e-01	4.162410e-01	-2.372919e-03
5.809171e-01	4.151160e-01	2.549389e-03
5.022756e-01	2.538616e-01	2.952797e-02
6.042787e-01	2.477876e-01	5.795719e-02
4.988212e-01	1.240911e-01	2.946172e-01
5.935040e-01	1.189516e-01	3.079578e-01
5.051664e-01	1.089602e-01	3.117143e-01
5.858048e-01	1.086059e-01	3.245735e-01
4.853780e-01	5.819350e-02	1.899233e-01
6.094642e-01	5.410312e-02	2.126897e-01
5.542223e-01	8.066940e-01	-2.950075e-01
5.483525e-01	8.250811e-01	-2.737466e-01
5.437686e-01	8.246202e-01	-2.738098e-01
5.401008e-01	8.242028e-01	-2.737551e-01
5.608451e-01	8.252217e-01	-2.746338e-01
5.650651e-01	8.250429e-01	-2.746439e-01
5.694541e-01	8.246994e-01	-2.745244e-01
5.353577e-01	8.162151e-01	-1.457706e-01
5.754892e-01	8.154594e-01	-1.486331e-01
5.468065e-01	7.823095e-01	-2.471754e-01
5.620349e-01	7.827587e-01	-2.476721e-01
5.063350e-01	6.989347e-01	-7.131507e-02
6.047720e-01	7.018705e-01	-5.671558e-02
4.745744e-01	5.918659e-01	-1.100298e-01
6.460332e-01	5.861093e-01	-7.731169e-02
4.530562e-01	5.234956e-01	-2.939472e-01
6.604190e-01	4.912753e-01	-2.320716e-01
4.427137e-01	4.929783e-01	-3.416194e-01
6.688312e-01	4.583013e-01	-2.800509e-01
4.453923e-01	4.944997e-01	-3.775523e-01
6.626924e-01	4.562801e-01	-3.096702e-01
4.518272e-01	5.042294e-01	-3.139636e-01
6.578385e-01	4.696539e-01	-2.503542e-01
5.223521e-01	4.204898e-01	-2.313995e-03
5.804745e-01	4.196486e-01	2.481778e-03
5.013226e-01	2.527025e-01	3.138801e-02
6.018325e-01	2.486043e-01	6.433429e-02
4.985144e-01	1.238457e-01	2.953345e-01
5.929603e-01	1.189036e-01	3.401309e-01
5.048449e-01	1.076715e-01	3.178894e-01
5.852622e-01	1.054320e-01	3.588018e-01
4.846877e-01	5.642350e-02	2.039995e-01
6.096293e-01	5.351586e-02	2.371786e-01
5.539814e-01	8.136169e-01	-2.953155e-01
5.481862e-01	8.316147e-01	-2.745721e-01
5.436076e-01	8.311989e-01	-2.746083e-01
5.400042e-01	8.308096e-01	-2.745370e-01
5.607938e-01	8.319238e-01	-2.761644e-01
5.649434e-01	8.316733e-01	-2.761798e-01
5.694047e-01	8.312681e-01	-2.760647e-01
5.352345e-01	8.228308e-01	-1.525806e-01
5.753064e-01	8.223209e-01	-1.587724e-01
5.465860e-01	7.894319e-01	-2.497150e-01
5.619698e-01	7.898668e-01	-2.511665e-01
5.060071e-01	7.039064e-01	-8.359825e-02
6.046095e-01	7.056353e-01	-7.092186e-02
4.753679e-01	5.936507e-01	-8.454914e-02
6.403365e-01	5.795403e-01	-6.271813e-02
4.505319e-01	5.009015e-01	-2.204521e-01
6.579027e-01	4.728227e-01	-1.789606e-01
4.391887e-01	4.664985e-01	-2.599087e-01
6.647774e-01	4.389976e-01	-2.202105e-01
4.419776e-01	4.645123e-01	-2.978967e-01
6.589237e-01	4.375219e-01	-2.548628e-01
4.487612e-01	4.763931e-01	-2.401462e-01
6.538090e-01	4.482688e-01	-1.979767e-01
5.217705e-01	4.266503e-01	-2.263902e-03
5.791773e-01	4.247467e-01	2.414826e-03
5.007170e-01	2.557901e-01	3.360104e-02
5.996895e-01	2.522050e-01	6.655147e-02
4.979924e-01	1.228890e-01	2.795957e-01
5.918282e-01	1.184342e-01	3.321927e-01
5.041962e-01	1.062066e-01	2.966732e-01
5.842789e-01	1.025005e-01	3.504135e-01
4.839248e-01	5.520419e-02	1.792447e-01
6.096409e-01	5.275552e-02	2.232140e-01
5.540098e-01	8.238178e-01	-3.053954e-01
5.482374e-01	8.417408e-01	-2.849418e-01
5.436239e-01	8.412334e-01	-2.849668e-01
5.400197e-01	8.406470e-01	-2.848830e-01
5.608299e-01	8.413202e-01	-2.863380e-01
5.649487e-01	8.408318e-01	-2.863632e-01
5.694340e-01	8.400391e-01	-2.862494e-01
5.351908e-01	8.315141e-01	-1.649255e-01
5.752469e-01	8.298851e-01	-1.698055e-01
5.465842e-01	7.990277e-01	-2.605409e-01
5.620033e-01	7.989347e-01	-2.616347e-01
5.048827e-01	7.109311e-01	-9.719826e-02
6.045357e-01	7.087451e-01	-8.680370e-02
4.772712e-01	5.941445e-01	-9.833394e-02
6.343901e-01	5.798415e-01	-6.920872e-02
4.527167e-01	4.901387e-01	-2.328227e-01
6.576319e-01	4.695200e-01	-1.787719e-01
4.424776e-01	4.549296e-01	-2.715901e-01
6.625507e-01	4.307278e-01	-2.181149e-01
4.445296e-01	4.519128e-01	-3.091581e-01
6.553990e-01	4.310959e-01	-2.543314e-01
4.507098e-01	4.642454e-01	-2.522534e-01
6.508502e-01	4.462460e-01	-1.981165e-01
5.204910e-01	4.327824e-01	-2.202909e-03
5.781502e-01	4.305627e-01	2.342367e-03
5.003088e-01	2.569917e-01	2.934134e-02
5.984846e-01	2.564009e-01	6.035618e-02
4.976525e-01	1.220075e-01	2.642353e-01
5.906714e-01	1.180942e-01	3.098962e-01
5.037781e-01	1.047954e-01	2.795825e-01
5.831906e-01	1.008724e-01	3.235111e-01
4.824603e-01	5.426686e-02	1.604851e-01
6.096673e-01	5.127458e-02	2.003455e-01
5.540785e-01	8.316526e-01	-3.185020e-01
5.483094e-01	8.496204e-01	-2.979557e-01
5.436496e-01	8.492215e-01	-2.979756e-01
5.400351e-01	8.486011e-01	-2.978909e-01
5.608763e-01	8.487349e-01	-2.993618e-01
5.649668e-01	8.480846e-01	-2.994023e-01
5.694742e-01	8.470901e-01	-2.992998e-01
5.350952e-01	8.385609e-01	-1.774527e-01
5.752113e-01	8.360606e-01	-1.822680e-01
5.465826e-01	8.068141e-01	-2.734867e-01
5.620442e-01	8.063095e-01	-2.745810e-01
5.036269e-01	7.134961e-01	-1.054790e-01
6.042308e-01	7.096835e-01	-1.015970e-01
4.791721e-01	5.919085e-01	-8.972870e-02
6.281722e-01	5.755744e-01	-7.877543e-02
4.541740e-01	4.786648e-01	-2.042430e-01
6.496983e-01	4.598303e-01	-1.878630e-01
4.440666e-01	4.402428e-01	-2.399385e-01
6.569773e-01	4.206884e-01	-2.262665e-01
4.460165e-01	4.360014e-01	-2.780841e-01
6.538533e-01	4.218511e-01	-2.637358e-01
4.522077e-01	4.495581e-01	-2.234916e-01
6.474477e-01	4.361248e-01	-2.074238e-01
5.198104e-01	4.341267e-01	-2.009521e-03
5.771275e-01	4.326160e-01	2.133940e-03
5.000196e-01	2.591431e-01	3.392838e-02
5.980069e-01	2.580270e-01	5.819976e-02
4.976202e-01	1.214993e-01	2.738024e-01
5.895337e-01	1.176380e-01	3.079012e-01
5.036960e-01	1.044082e-01	2.905879e-01
5.820736e-01	1.003010e-01	3.225944e-01
4.821824e-01	5.415613e-02	1.711487e-01
6.095633e-01	4.947111e-02	1.992195e-01
5.541211e-01	8.366874e-01	-3.463452e-01
5.483925e-01	8.548036e-01	-3.270079e-01
5.436728e-01	8.545183e-01	-3.270293e-01
5.400565e-01	8.538784e-01	-3.269506e-01
5.609222e-01	8.536829e-01	-3.276921e-01
5.649946e-01	8.530665e-01	-3.277386e-01
5.695339e-01	8.519720e-01	-3.276547e-01
5.350671e-01	8.436984e-01	-2.064925e-01
5.751809e-01	8.407279e-01	-2.076011e-01
5.465783e-01	8.120602e-01	-3.006510e-01
5.620707e-01	8.110539e-01	-3.007150e-01
5.024266e-01	7.166138e-01	-1.281263e-01
6.039830e-01	7.118920e-01	-1.225502e-01
4.815431e-01	5.872539e-01	-1.070130e-01
6.235158e-01	5.694959e-01	-8.960463e-02
4.559215e-01	4.703432e-01	-2.169323e-01
6.405268e-01	4.479297e-01	-1.872432e-01
4.473500e-01	4.300256e-01	-2.513695e-01
6.470250e-01	4.031913e-01	-2.214844e-01
4.506184e-01	4.277522e-01	-2.873833e-01
6.425896e-01	4.041493e-01	-2.598056e-01
4.564931e-01	4.436305e-01	-2.350243e-01
6.368347e-01	4.209092e-01	-2.061288e-01
5.198914e-01	4.382161e-01	-1.944936e-03
5.770566e-01	4.369954e-01	2.067674e-03
5.000449e-01	2.620770e-01	2.775181e-02
5.956791e-01	2.607385e-01	5.521300e-02
4.976099e-01	1.215205e-01	2.640981e-01
5.885890e-01	1.166778e-01	3.003869e-01
5.036600e-01	1.045403e-01	2.796607e-01
5.815128e-01	9.927750e-02	3.155462e-01
4.820229e-01	5.331599e-02	1.577223e-01
6.091806e-01	4.906804e-02	1.922481e-01
5.544772e-01	8.376545e-01	-3.352442e-01
5.487130e-01	8.555915e-01	-3.155451e-01
5.439910e-01	8.552798e-01	-3.155677e-01
5.402178e-01	8.548197e-01	-3.154933e-01
5.611801e-01	8.549456e-01	-3.159093e-01
5.654562e-01	8.543039e-01	-3.159521e-01
5.699257e-01	8.534814e-01	-3.158757e-01
5.352516e-01	8.453777e-01	-1.951642e-01
5.754710e-01	8.425041e-01	-1.947374e-01
5.467571e-01	8.133402e-01	-2.898011e-01
5.623448e-01	8.119372e-01	-2.894233e-01
5.024390e-01	7.196469e-01	-1.199736e-01
6.039191e-01	7.136565e-01	-1.140389e-01
4.834928e-01	5.846625e-01	-1.048651e-01
6.197277e-01	5.728713e-01	-8.321213e-02
4.586696e-01	4.652265e-01	-2.229344e-01
6.351596e-01	4.514110e-01	-1.843846e-01
4.495062e-01	4.241230e-01	-2.592931e-01
6.411964e-01	4.057023e-01	-2.207680e-01
4.514864e-01	4.203403e-01	-2.958976e-01
6.359427e-01	4.058261e-01	-2.582984e-01
4.577764e-01	4.365618e-01	-2.414555e-01
6.307174e-01	4.226522e-01	-2.031637e-01
5.203029e-01	4.367833e-01	-2.040010e-03
5.771903e-01	4.365267e-01	2.148647e-03
5.000986e-01	2.632283e-01	2.566604e-02
5.945803e-01	2.614112e-01	5.578367e-02
4.974739e-01	1.212813e-01	2.530038e-01
5.886785e-01	1.159901e-01	3.016115e-01
5.032524e-01	1.046237e-01	2.681542e-01
5.815914e-01	9.826136e-02	3.176365e-01
4.820435e-01	5.235604e-02	1.424062e-01
6.091905e-01	4.892964e-02	1.935470e-01
5.555297e-01	8.385823e-01	-3.564302e-01
5.493305e-01	8.564072e-01	-3.371378e-01
5.448323e-01	8.561295e-01	-3.371661e-01
5.406527e-01	8.558698e-01	-3.371054e-01
5.618576e-01	8.557294e-01	-3.376674e-01
5.666023e-01	8.549630e-01	-3.377204e-01
5.707055e-01	8.542587e-01	-3.376508e-01
5.357929e-01	8.471766e-01	-2.160589e-01
5.761589e-01	8.440019e-01	-2.160476e-01
5.473790e-01	8.149579e-01	-3.102586e-01
5.630658e-01	8.134292e-01	-3.100794e-01
5.025449e-01	7.202736e-01	-1.347946e-01
6.041946e-01	7.144703e-01	-1.339972e-01
4.842014e-01	5.764867e-01	-1.113096e-01
6.171947e-01	5.670398e-01	-9.944686e-02
4.634989e-01	4.584743e-01	-2.178175e-01
6.302965e-01	4.345849e-01	-1.957302e-01
4.551164e-01	4.171014e-01	-2.521937e-01
6.355162e-01	3.921503e-01	-2.303517e-01
4.563991e-01	4.140923e-01	-2.875846e-01
6.305484e-01	3.901351e-01	-2.683278e-01
4.632695e-01	4.277312e-01	-2.354353e-01
6.252611e-01	4.059116e-01	-2.142795e-01
5.216528e-01	4.369684e-01	-1.613128e-03
5.778146e-01	4.382013e-01	1.695268e-03
5.001389e-01	2.637954e-01	2.326966e-02
5.950423e-01	2.619135e-01	5.726460e-02
4.974605e-01	1.209710e-01	2.634231e-01
5.887157e-01	1.156485e-01	3.091331e-01
5.031613e-01	1.046906e-01	2.806270e-01
5.818585e-01	9.820826e-02	3.255147e-01
4.821635e-01	5.149910e-02	1.578519e-01
6.091926e-01	4.849984e-02	1.981206e-01
5.564092e-01	8.411181e-01	-3.512375e-01
5.498176e-01	8.588619e-01	-3.311118e-01
5.454633e-01	8.584601e-01	-3.311434e-01
5.409805e-01	8.580497e-01	-3.310861e-01
5.624381e-01	8.582389e-01	-3.315611e-01
5.674719e-01	8.573819e-01	-3.316155e-01
5.713250e-01	8.566191e-01	-3.315331e-01
5.361550e-01	8.487813e-01	-2.098989e-01
5.767426e-01	8.458680e-01	-2.097390e-01
5.479403e-01	8.171619e-01	-3.055105e-01
5.637330e-01	8.155981e-01	-3.052693e-01
5.026625e-01	7.198183e-01	-1.345132e-01
6.047066e-01	7.133867e-01	-1.299628e-01
4.857026e-01	5.711515e-01	-1.175073e-01
6.133297e-01	5.647243e-01	-9.718802e-02
4.716214e-01	4.530049e-01	-2.334698e-01
6.242791e-01	4.315917e-01	-1.949432e-01
4.650101e-01	4.099620e-01	-2.718656e-01
6.284469e-01	3.904946e-01	-2.319396e-01
4.686279e-01	4.090420e-01	-3.055706e-01
6.235904e-01	3.886940e-01	-2.695376e-01
4.752700e-01	4.232889e-01	-2.506626e-01
6.192034e-01	4.030535e-01	-2.135483e-01
5.219934e-01	4.369583e-01	-1.588500e-03
5.778582e-01	4.380162e-01	1.670245e-03
5.001661e-01	2.643493e-01	2.211387e-02
5.949685e-01	2.625827e-01	5.994506e-02
4.974501e-01	1.209312e-01	2.674797e-01
5.887426e-01	1.155203e-01	3.187168e-01
5.031632e-01	1.047544e-01	2.852136e-01
5.818735e-01	9.827586e-02	3.362561e-01
4.823644e-01	5.066524e-02	1.623903e-01
6.092254e-01	4.803060e-02	2.071668e-01
5.568709e-01	8.446383e-01	-3.503427e-01
5.500730e-01	8.614117e-01	-3.301821e-01
5.457614e-01	8.608229e-01	-3.302123e-01
5.411261e-01	8.601172e-01	-3.301494e-01
5.626875e-01	8.609946e-01	-3.300971e-01
5.678425e-01	8.600075e-01	-3.301707e-01
5.716289e-01	8.590879e-01	-3.301072e-01
5.362965e-01	8.500432e-01	-2.108157e-01
5.771220e-01	8.473473e-01	-2.083363e-01
5.482955e-01	8.200972e-01	-3.055507e-01
5.642037e-01	8.186613e-01	-3.046410e-01
5.025477e-01	7.202533e-01	-1.356992e-01
6.047436e-01	7.130400e-01	-1.300059e-01
4.860219e-01	5.723113e-01	-1.115480e-01
6.110170e-01	5.649453e-01	-9.536511e-02
4.777261e-01	4.491276e-01	-2.027398e-01
6.211318e-01	4.266194e-01	-1.890179e-01
4.727724e-01	4.069162e-01	-2.382859e-01
6.253428e-01	3.854565e-01	-2.249571e-01
4.788246e-01	4.068551e-01	-2.690543e-01
6.205590e-01	3.812901e-01	-2.607768e-01
4.851351e-01	4.205235e-01	-2.183503e-01
6.155887e-01	3.958352e-01	-2.066514e-01
5.218527e-01	4.392098e-01	-1.675886e-03
5.777866e-01	4.402922e-01	1.755468e-03
5.001893e-01	2.660096e-01	2.080339e-02
5.950620e-01	2.639184e-01	5.753740e-02
4.974431e-01	1.209043e-01	2.670174e-01
5.888110e-01	1.155241e-01	3.147326e-01
5.030713e-01	1.048245e-01	2.843657e-01
5.820452e-01	9.842908e-02	3.314295e-01
4.823975e-01	5.075363e-02	1.611992e-01
6.091794e-01	4.803938e-02	2.035365e-01
5.571640e-01	8.419204e-01	-3.505912e-01
5.501804e-01	8.588569e-01	-3.308047e-01
5.458679e-01	8.582504e-01	-3.308406e-01
5.412015e-01	8.577656e-01	-3.307756e-01
5.628509e-01	8.585731e-01	-3.300945e-01
5.679926e-01	8.578212e-01	-3.301709e-01
5.717687e-01	8.571259e-01	-3.301139e-01
5.363455e-01	8.476749e-01	-2.121801e-01
5.771423e-01	8.457516e-01	-2.070540e-01
5.484971e-01	8.179286e-01	-3.059528e-01
5.643955e-01	8.170208e-01	-3.042671e-01
5.025566e-01	7.190735e-01	-1.367945e-01
6.047122e-01	7.133894e-01	-1.282822e-01
4.871050e-01	5.710838e-01	-1.113239e-01
6.100396e-01	5.651934e-01	-9.231459e-02
4.829231e-01	4.441336e-01	-1.959796e-01
6.182063e-01	4.262151e-01	-1.837442e-01
4.788561e-01	4.015956e-01	-2.301207e-01
6.221114e-01	3.835719e-01	-2.184246e-01
4.864581e-01	4.010502e-01	-2.597228e-01
6.183817e-01	3.799122e-01	-2.538368e-01
4.918224e-01	4.148853e-01	-2.109743e-01
6.132140e-01	3.952478e-01	-2.011466e-01
5.218546e-01	4.404891e-01	-2.184718e-03
5.777493e-01	4.419374e-01	2.255486e-03
5.002106e-01	2.674970e-01	1.788079e-02
5.949656e-01	2.661358e-01	5.724304e-02
4.974422e-01	1.208488e-01	2.565693e-01
5.889548e-01	1.155397e-01	2.943586e-01
5.030547e-01	1.048802e-01	2.727436e-01
5.824536e-01	9.846609e-02	3.103011e-01
4.824838e-01	5.081880e-02	1.510645e-01
6.091864e-01	4.819060e-02	1.870005e-01
5.572658e-01	8.427505e-01	-3.629710e-01
5.502222e-01	8.592612e-01	-3.449324e-01
5.458859e-01	8.585907e-01	-3.449591e-01
5.412188e-01	8.582055e-01	-3.448953e-01
5.628852e-01	8.589814e-01	-3.436922e-01
5.680044e-01	8.581900e-01	-3.437728e-01
5.717949e-01	8.575534e-01	-3.437324e-01
5.363437e-01	8.478868e-01	-2.296353e-01
5.771326e-01	8.464509e-01	-2.229940e-01
5.485468e-01	8.184897e-01	-3.190002e-01
5.644234e-01	8.177335e-01	-3.168869e-01
5.022982e-01	7.176756e-01	-1.517033e-01
6.046041e-01	7.141855e-01	-1.417909e-01
4.894058e-01	5.610425e-01	-1.137042e-01
6.074137e-01	5.639082e-01	-9.866963e-02
4.894405e-01	4.178737e-01	-1.818628e-01
6.120174e-01	4.197731e-01	-1.866836e-01
4.847101e-01	3.802577e-01	-2.117508e-01
6.163971e-01	3.773826e-01	-2.192281e-01
4.926991e-01	3.764550e-01	-2.405897e-01
6.141230e-01	3.741862e-01	-2.530571e-01
4.983496e-01	3.909714e-01	-1.960613e-01
6.090289e-01	3.912536e-01	-2.032643e-01
5.218892e-01	4.387446e-01	-2.212911e-03
5.777888e-01	4.405462e-01	2.275193e-03
5.002497e-01	2.677861e-01	2.046718e-02
5.953948e-01	2.655056e-01	4.918819e-02
4.974578e-01	1.202819e-01	2.813339e-01
5.889689e-01	1.156180e-01	2.968212e-01
5.031968e-01	1.041766e-01	3.002388e-01
5.824723e-01	9.854914e-02	3.140584e-01
4.825031e-01	5.073180e-02	1.859065e-01
6.092350e-01	4.845097e-02	1.928577e-01
5.572487e-01	8.436413e-01	-3.746279e-01
5.502251e-01	8.596496e-01	-3.562473e-01
5.458778e-01	8.589050e-01	-3.562697e-01
5.412194e-01	8.584757e-01	-3.562022e-01
5.628844e-01	8.596290e-01	-3.560450e-01
5.679842e-01	8.588582e-01	-3.561313e-01
5.717955e-01	8.582376e-01	-3.560890e-01
5.363495e-01	8.478871e-01	-2.396221e-01
5.771307e-01	8.472175e-01	-2.379591e-01
5.485469e-01	8.190646e-01	-3.302187e-01
5.644220e-01	8.184479e-01	-3.295341e-01
5.023324e-01	7.168013e-01	-1.588634e-01
6.047297e-01	7.141920e-01	-1.585305e-01
4.906277e-01	5.576819e-01	-1.157389e-01
6.081624e-01	5.597281e-01	-1.178142e-01
4.897701e-01	4.143785e-01	-1.859415e-01
6.105520e-01	4.115002e-01	-2.023411e-01
4.849692e-01	3.770232e-01	-2.159702e-01
6.149306e-01	3.691566e-01	-2.362435e-01
4.922701e-01	3.724381e-01	-2.447799e-01
6.109971e-01	3.658515e-01	-2.690191e-01
4.974148e-01	3.876707e-01	-2.002579e-01
6.066214e-01	3.829857e-01	-2.185847e-01
5.218540e-01	4.376604e-01	-2.059201e-03
5.778914e-01	4.394565e-01	2.106427e-03
5.003462e-01	2.674130e-01	2.102906e-02
5.955421e-01	2.651987e-01	3.897384e-02
4.974732e-01	1.196406e-01	2.917307e-01
5.890170e-01	1.160746e-01	2.974840e-01
5.032531e-01	1.033622e-01	3.114458e-01
5.825084e-01	9.885258e-02	3.156054e-01
4.825309e-01	5.035222e-02	1.963147e-01
6.093007e-01	4.862318e-02	1.949221e-01
5.572325e-01	8.423871e-01	-3.750409e-01
5.502237e-01	8.588377e-01	-3.567748e-01
5.458710e-01	8.581728e-01	-3.567913e-01
5.412214e-01	8.577594e-01	-3.567260e-01
5.628886e-01	8.587570e-01	-3.572777e-01
5.679718e-01	8.580371e-01	-3.573661e-01
5.718080e-01	8.574008e-01	-3.573232e-01
5.363877e-01	8.471264e-01	-2.399438e-01
5.772411e-01	8.462759e-01	-2.414238e-01
5.485430e-01	8.182231e-01	-3.304169e-01
5.644178e-01	8.174598e-01	-3.306401e-01
5.023471e-01	7.162634e-01	-1.570181e-01
6.051538e-01	7.138152e-01	-1.642637e-01
4.904388e-01	5.572098e-01	-1.123449e-01
6.077819e-01	5.575954e-01	-1.261129e-01
4.886680e-01	4.150847e-01	-1.787355e-01
6.085020e-01	4.097826e-01	-2.073241e-01
4.842587e-01	3.765578e-01	-2.085958e-01
6.130903e-01	3.674965e-01	-2.414473e-01
4.911972e-01	3.720667e-01	-2.381072e-01
6.088942e-01	3.646153e-01	-2.742303e-01
4.966322e-01	3.877680e-01	-1.933154e-01
6.047841e-01	3.820019e-01	-2.234265e-01
5.216873e-01	4.373030e-01	-9.737452e-04
5.779057e-01	4.391341e-01	1.000373e-03
5.005017e-01	2.669695e-01	2.894338e-02
5.949833e-01	2.645689e-01	4.644968e-02
4.975085e-01	1.189205e-01	3.030582e-01
5.892584e-01	1.160780e-01	3.123125e-01
5.033024e-01	1.026410e-01	3.231018e-01
5.827382e-01	9.890795e-02	3.314855e-01
4.825479e-01	4.972638e-02	2.082541e-01
6.095635e-01	4.863801e-02	2.095817e-01
