5.445310e-01	8.381524e-01	-3.113839e-01
5.376964e-01	8.575383e-01	-2.917491e-01
5.337659e-01	8.573248e-01	-2.917502e-01
5.293259e-01	8.568599e-01	-2.916736e-01
5.501673e-01	8.578469e-01	-2.937501e-01
5.546401e-01	8.577852e-01	-2.938138e-01
5.583174e-01	8.575484e-01	-2.937229e-01
5.257947e-01	8.479009e-01	-1.745048e-01
5.650137e-01	8.502486e-01	-1.836331e-01
5.369527e-01	8.163267e-01	-2.674904e-01
5.527574e-01	8.173286e-01	-2.699359e-01
4.975932e-01	7.239671e-01	-1.011043e-01
5.969381e-01	7.266155e-01	-1.151319e-01
4.853182e-01	5.830574e-01	-8.002295e-02
6.073130e-01	5.808126e-01	-9.545477e-02
4.794839e-01	4.530849e-01	-1.856830e-01
6.095535e-01	4.484611e-01	-2.021475e-01
4.739051e-01	4.105124e-01	-2.236517e-01
6.123052e-01	4.048983e-01	-2.435814e-01
4.838664e-01	4.105152e-01	-2.594734e-01
6.049533e-01	4.040302e-01	-2.769981e-01
4.894795e-01	4.256147e-01	-2.034009e-01
6.001661e-01	4.201447e-01	-2.188332e-01
5.172616e-01	4.537821e-01	5.037738e-03
5.732965e-01	4.557141e-01	-4.921636e-03
4.983155e-01	2.787013e-01	3.118305e-02
5.871754e-01	2.780637e-01	3.128188e-02
4.974039e-01	1.309893e-01	2.476296e-01
5.901704e-01	1.206636e-01	2.371407e-01
5.040257e-01	1.108971e-01	2.616748e-01
5.842537e-01	1.015407e-01	2.491713e-01
4.817602e-01	6.036779e-02	1.472675e-01
6.110591e-01	5.822554e-02	1.226559e-01
5.446037e-01	8.386132e-01	-3.351086e-01
5.381781e-01	8.584517e-01	-3.152420e-01
5.340153e-01	8.582257e-01	-3.152569e-01
5.300834e-01	8.577744e-01	-3.151865e-01
5.506778e-01	8.584346e-01	-3.164004e-01
5.549411e-01	8.583035e-01	-3.164755e-01
5.590343e-01	8.578671e-01	-3.163931e-01
5.261448e-01	8.483668e-01	-1.954857e-01
5.652899e-01	8.498127e-01	-2.005630e-01
5.371241e-01	8.169312e-01	-2.901503e-01
5.528088e-01	8.173316e-01	-2.914454e-01
4.975380e-01	7.238343e-01	-1.204313e-01
5.971861e-01	7.255296e-01	-1.257576e-01
4.847885e-01	5.801058e-01	-9.938483e-02
6.077812e-01	5.787140e-01	-1.012752e-01
4.789421e-01	4.488440e-01	-2.040574e-01
6.104830e-01	4.439877e-01	-2.082059e-01
4.738714e-01	4.070589e-01	-2.426764e-01
6.138381e-01	4.028554e-01	-2.484569e-01
4.830649e-01	4.058304e-01	-2.768476e-01
6.062213e-01	4.016324e-01	-2.830792e-01
4.886855e-01	4.207618e-01	-2.211196e-01
6.014768e-01	4.161632e-01	-2.253626e-01
5.172364e-01	4.518049e-01	4.624707e-03
5.734209e-01	4.521352e-01	-4.509104e-03
4.984317e-01	2.773017e-01	3.156494e-02
5.873494e-01	2.771226e-01	4.622894e-02
4.974158e-01	1.282742e-01	2.542690e-01
5.903577e-01	1.209393e-01	2.744107e-01
5.035594e-01	1.077316e-01	2.690586e-01
5.844421e-01	1.015161e-01	2.890428e-01
4.819314e-01	6.016865e-02	1.521218e-01
6.109046e-01	5.835862e-02	1.644058e-01
5.446154e-01	8.390570e-01	-3.397880e-01
5.384100e-01	8.591542e-01	-3.200138e-01
5.341405e-01	8.589128e-01	-3.200306e-01
5.304473e-01	8.584834e-01	-3.199620e-01
5.509350e-01	8.589207e-01	-3.211423e-01
5.550795e-01	8.587096e-01	-3.212199e-01
5.593693e-01	8.581187e-01	-3.211436e-01
5.262831e-01	8.486272e-01	-2.005064e-01
5.654069e-01	8.493316e-01	-2.052203e-01
5.371587e-01	8.173717e-01	-2.948975e-01
5.528210e-01	8.173320e-01	-2.960818e-01
4.972094e-01	7.230834e-01	-1.252130e-01
5.972577e-01	7.245594e-01	-1.299614e-01
4.839201e-01	5.782481e-01	-1.029144e-01
6.084509e-01	5.776933e-01	-1.035710e-01
4.769955e-01	4.481519e-01	-2.057198e-01
6.118546e-01	4.405572e-01	-2.089257e-01
4.732310e-01	4.063673e-01	-2.435829e-01
6.157047e-01	4.006097e-01	-2.486338e-01
4.806103e-01	4.053129e-01	-2.781191e-01
6.084299e-01	3.988181e-01	-2.836480e-01
4.857990e-01	4.205326e-01	-2.229073e-01
6.040159e-01	4.129282e-01	-2.263553e-01
5.168404e-01	4.495763e-01	4.320805e-03
5.735036e-01	4.491792e-01	-4.205978e-03
4.984103e-01	2.757186e-01	3.218858e-02
5.874830e-01	2.759183e-01	4.904792e-02
4.974106e-01	1.263182e-01	2.549272e-01
5.904486e-01	1.209348e-01	2.764037e-01
5.032288e-01	1.054455e-01	2.695442e-01
5.845478e-01	1.011803e-01	2.907834e-01
4.819577e-01	5.985046e-02	1.520161e-01
6.107642e-01	5.838243e-02	1.660968e-01
5.446443e-01	8.390055e-01	-3.577701e-01
5.385889e-01	8.591559e-01	-3.382761e-01
5.342338e-01	8.589124e-01	-3.382981e-01
5.307078e-01	8.584825e-01	-3.382369e-01
5.511338e-01	8.589166e-01	-3.393258e-01
5.551766e-01	8.586930e-01	-3.394033e-01
5.596117e-01	8.580343e-01	-3.393289e-01
5.263734e-01	8.486080e-01	-2.179219e-01
5.655130e-01	8.482581e-01	-2.220324e-01
5.371983e-01	8.173652e-01	-3.123407e-01
5.528430e-01	8.169831e-01	-3.133454e-01
4.968598e-01	7.223191e-01	-1.419745e-01
5.974537e-01	7.228864e-01	-1.412015e-01
4.819831e-01	5.733329e-01	-1.177919e-01
6.089677e-01	5.736309e-01	-1.119014e-01
4.724474e-01	4.420213e-01	-2.171165e-01
6.141852e-01	4.381357e-01	-2.163184e-01
4.690829e-01	4.012497e-01	-2.543735e-01
6.190975e-01	3.976112e-01	-2.550376e-01
4.754549e-01	3.990500e-01	-2.901894e-01
6.132978e-01	3.949693e-01	-2.920344e-01
4.807118e-01	4.131386e-01	-2.349046e-01
6.079800e-01	4.098014e-01	-2.347890e-01
5.166288e-01	4.462882e-01	2.621866e-03
5.735525e-01	4.461694e-01	-2.513045e-03
4.984137e-01	2.739294e-01	3.344771e-02
5.878590e-01	2.738765e-01	5.489274e-02
4.973754e-01	1.250042e-01	2.623470e-01
5.904844e-01	1.204295e-01	2.864415e-01
5.027171e-01	1.040104e-01	2.772944e-01
5.845582e-01	9.967543e-02	3.009123e-01
4.820262e-01	5.896919e-02	1.569632e-01
6.107652e-01	5.838520e-02	1.746364e-01
5.448536e-01	8.360786e-01	-3.627689e-01
5.389313e-01	8.558660e-01	-3.431854e-01
5.344251e-01	8.557647e-01	-3.432070e-01
5.310842e-01	8.556021e-01	-3.431445e-01
5.514424e-01	8.556834e-01	-3.446575e-01
5.554202e-01	8.553135e-01	-3.447254e-01
5.600241e-01	8.546193e-01	-3.446584e-01
5.266072e-01	8.466646e-01	-2.206098e-01
5.657388e-01	8.452761e-01	-2.263747e-01
5.374513e-01	8.149123e-01	-3.162608e-01
5.530003e-01	8.139305e-01	-3.177448e-01
4.968430e-01	7.216359e-01	-1.400490e-01
5.975994e-01	7.210100e-01	-1.427543e-01
4.805508e-01	5.730668e-01	-1.141734e-01
6.098260e-01	5.718750e-01	-1.137893e-01
4.660471e-01	4.425369e-01	-2.181849e-01
6.175148e-01	4.380271e-01	-2.207686e-01
4.619935e-01	4.016327e-01	-2.543086e-01
6.227662e-01	3.971890e-01	-2.589392e-01
4.654926e-01	3.998424e-01	-2.922537e-01
6.172904e-01	3.943531e-01	-2.972247e-01
4.709592e-01	4.140604e-01	-2.371470e-01
6.122921e-01	4.090331e-01	-2.399017e-01
5.166085e-01	4.453385e-01	1.449080e-03
5.735537e-01	4.447654e-01	-1.352489e-03
4.984798e-01	2.727764e-01	2.711718e-02
5.888441e-01	2.722211e-01	5.165340e-02
4.973496e-01	1.234612e-01	2.583912e-01
5.904948e-01	1.201325e-01	2.768392e-01
5.025159e-01	1.024219e-01	2.730988e-01
5.845358e-01	9.898981e-02	2.908288e-01
4.822542e-01	5.822786e-02	1.478735e-01
6.107902e-01	5.830055e-02	1.642169e-01
5.448999e-01	8.300058e-01	-3.685482e-01
5.389586e-01	8.498682e-01	-3.489314e-01
5.344528e-01	8.498207e-01	-3.489619e-01
5.311593e-01	8.497762e-01	-3.489062e-01
5.514938e-01	8.499790e-01	-3.503952e-01
5.554591e-01	8.497509e-01	-3.504528e-01
5.601031e-01	8.493499e-01	-3.503806e-01
5.266408e-01	8.417728e-01	-2.233668e-01
5.658095e-01	8.413560e-01	-2.288931e-01
5.375077e-01	8.087772e-01	-3.206422e-01
5.530537e-01	8.083838e-01	-3.220540e-01
4.967469e-01	7.193544e-01	-1.396925e-01
5.977524e-01	7.198710e-01	-1.428709e-01
4.794334e-01	5.734589e-01	-1.179021e-01
6.117675e-01	5.710706e-01	-1.146698e-01
4.607700e-01	4.489347e-01	-2.318512e-01
6.227565e-01	4.389736e-01	-2.242227e-01
4.565812e-01	4.053794e-01	-2.685785e-01
6.285843e-01	3.989352e-01	-2.622594e-01
4.594579e-01	4.026702e-01	-3.074483e-01
6.241160e-01	3.956859e-01	-3.023596e-01
4.643747e-01	4.158553e-01	-2.513417e-01
6.189138e-01	4.097659e-01	-2.442343e-01
5.181459e-01	4.449416e-01	1.182675e-03
5.751519e-01	4.448907e-01	-1.090403e-03
4.997209e-01	2.706618e-01	2.443936e-02
5.911270e-01	2.708896e-01	5.130851e-02
4.974020e-01	1.230009e-01	2.513748e-01
5.905465e-01	1.197272e-01	2.721334e-01
5.025188e-01	1.022643e-01	2.654686e-01
5.845307e-01	9.835264e-02	2.858437e-01
4.826824e-01	5.789440e-02	1.383105e-01
6.108688e-01	5.819949e-02	1.585398e-01
5.451207e-01	8.268759e-01	-3.715548e-01
5.390699e-01	8.465142e-01	-3.524566e-01
5.345205e-01	8.463947e-01	-3.524911e-01
5.312382e-01	8.462412e-01	-3.524325e-01
5.516750e-01	8.465394e-01	-3.532165e-01
5.556804e-01	8.462669e-01	-3.532625e-01
5.603651e-01	8.458930e-01	-3.531796e-01
5.266579e-01	8.374264e-01	-2.279483e-01
5.660284e-01	8.378492e-01	-2.302144e-01
5.376090e-01	8.047053e-01	-3.240112e-01
5.531906e-01	8.045574e-01	-3.244846e-01
4.966582e-01	7.143565e-01	-1.461449e-01
5.979787e-01	7.174451e-01	-1.408618e-01
4.774753e-01	5.737241e-01	-1.334964e-01
6.150999e-01	5.702504e-01	-1.130219e-01
4.546384e-01	4.546348e-01	-2.565073e-01
6.308485e-01	4.442532e-01	-2.228760e-01
4.491490e-01	4.112192e-01	-2.943529e-01
6.364251e-01	4.030721e-01	-2.607675e-01
4.519302e-01	4.072620e-01	-3.332527e-01
6.331176e-01	4.003339e-01	-3.007676e-01
4.564255e-01	4.194918e-01	-2.761894e-01
6.275607e-01	4.139450e-01	-2.430020e-01
5.190093e-01	4.424210e-01	-8.247565e-04
5.758623e-01	4.421508e-01	9.138311e-04
5.005933e-01	2.688793e-01	2.498537e-02
5.931869e-01	2.670645e-01	5.251657e-02
4.974442e-01	1.218400e-01	2.513794e-01
5.906187e-01	1.195228e-01	2.834192e-01
5.025245e-01	1.011924e-01	2.654706e-01
5.845100e-01	9.794267e-02	2.974902e-01
4.831704e-01	5.771088e-02	1.394829e-01
6.110493e-01	5.820036e-02	1.700494e-01
5.452561e-01	8.199465e-01	-3.407732e-01
5.391303e-01	8.397367e-01	-3.204364e-01
5.345523e-01	8.396362e-01	-3.204652e-01
5.312790e-01	8.393912e-01	-3.203837e-01
5.517496e-01	8.393707e-01	-3.200215e-01
5.557302e-01	8.391390e-01	-3.200371e-01
5.604574e-01	8.386468e-01	-3.199210e-01
5.266514e-01	8.302562e-01	-1.947130e-01
5.660931e-01	8.308775e-01	-1.923361e-01
5.376967e-01	7.969928e-01	-2.934386e-01
5.532338e-01	7.975830e-01	-2.924022e-01
4.966455e-01	7.061843e-01	-1.201646e-01
5.980856e-01	7.154216e-01	-1.085680e-01
4.758185e-01	5.739905e-01	-1.252378e-01
6.194969e-01	5.702336e-01	-9.456535e-02
4.474205e-01	4.609648e-01	-2.716644e-01
6.368120e-01	4.486062e-01	-2.204622e-01
4.382399e-01	4.176951e-01	-3.138081e-01
6.432276e-01	4.063777e-01	-2.597313e-01
4.404286e-01	4.144556e-01	-3.528566e-01
6.377355e-01	4.042539e-01	-2.990649e-01
4.463296e-01	4.280348e-01	-2.921368e-01
6.319226e-01	4.179006e-01	-2.419986e-01
5.192865e-01	4.323766e-01	-1.105653e-03
5.766670e-01	4.344563e-01	1.217062e-03
5.010726e-01	2.637429e-01	2.543034e-02
5.951359e-01	2.641312e-01	5.607408e-02
4.975416e-01	1.206317e-01	2.599175e-01
5.909213e-01	1.186376e-01	2.892833e-01
5.025733e-01	1.003119e-01	2.753310e-01
5.846100e-01	9.683860e-02	3.033565e-01
4.837851e-01	5.753076e-02	1.556398e-01
6.111919e-01	5.794227e-02	1.781725e-01
5.452008e-01	8.071152e-01	-3.344983e-01
5.391148e-01	8.271750e-01	-3.143272e-01
5.345486e-01	8.271989e-01	-3.143569e-01
5.312790e-01	8.271749e-01	-3.142852e-01
5.516929e-01	8.272046e-01	-3.149167e-01
5.556459e-01	8.272036e-01	-3.149393e-01
5.603677e-01	8.270840e-01	-3.148198e-01
5.266326e-01	8.197907e-01	-1.876405e-01
5.660759e-01	8.210714e-01	-1.902995e-01
5.376981e-01	7.866364e-01	-2.865429e-01
5.531493e-01	7.877115e-01	-2.870086e-01
4.966635e-01	7.007648e-01	-1.078632e-01
5.985395e-01	7.117757e-01	-1.062815e-01
4.731323e-01	5.765800e-01	-9.595005e-02
6.220695e-01	5.706657e-01	-9.291895e-02
4.407929e-01	4.683907e-01	-2.328070e-01
6.421586e-01	4.591974e-01	-2.212328e-01
4.302767e-01	4.283262e-01	-2.721050e-01
6.489813e-01	4.191415e-01	-2.640808e-01
4.319382e-01	4.264556e-01	-3.197049e-01
6.448257e-01	4.187765e-01	-3.009432e-01
4.380436e-01	4.403479e-01	-2.565814e-01
6.388279e-01	4.325733e-01	-2.417398e-01
5.193987e-01	4.250792e-01	-9.331816e-04
5.773578e-01	4.272927e-01	1.046442e-03
5.018027e-01	2.593517e-01	4.460360e-02
5.954342e-01	2.603224e-01	6.585755e-02
4.976873e-01	1.196136e-01	2.859537e-01
5.913630e-01	1.175555e-01	3.055114e-01
5.026687e-01	9.969699e-02	3.025185e-01
5.848063e-01	9.589443e-02	3.199768e-01
4.843702e-01	5.751758e-02	1.863358e-01
6.112873e-01	5.764374e-02	1.940719e-01
5.451102e-01	8.009266e-01	-2.880536e-01
5.390633e-01	8.207304e-01	-2.669768e-01
5.345182e-01	8.205476e-01	-2.670099e-01
5.312524e-01	8.202820e-01	-2.669370e-01
5.515932e-01	8.209231e-01	-2.682086e-01
5.555083e-01	8.209608e-01	-2.682153e-01
5.601759e-01	8.208739e-01	-2.680613e-01
5.264615e-01	8.118508e-01	-1.423074e-01
5.660083e-01	8.143006e-01	-1.473407e-01
5.376775e-01	7.803434e-01	-2.417902e-01
5.530265e-01	7.815460e-01	-2.429739e-01
4.972576e-01	6.982522e-01	-7.711758e-02
5.987735e-01	7.069099e-01	-6.916168e-02
4.709573e-01	5.854728e-01	-9.600320e-02
6.234603e-01	5.714042e-01	-7.889156e-02
4.397756e-01	4.903758e-01	-2.553886e-01
6.459914e-01	4.695331e-01	-2.247328e-01
4.279875e-01	4.509906e-01	-2.986269e-01
6.543577e-01	4.320046e-01	-2.707025e-01
4.289469e-01	4.496734e-01	-3.382438e-01
6.503280e-01	4.339161e-01	-3.049250e-01
4.354452e-01	4.627822e-01	-2.763129e-01
6.445092e-01	4.472265e-01	-2.446436e-01
5.193627e-01	4.212409e-01	-8.295383e-04
5.773700e-01	4.217887e-01	9.391603e-04
5.020019e-01	2.570093e-01	4.140270e-02
5.963829e-01	2.582623e-01	6.073346e-02
4.980205e-01	1.174249e-01	2.757607e-01
5.915787e-01	1.162672e-01	2.935583e-01
5.030292e-01	9.734309e-02	2.914359e-01
5.848668e-01	9.575472e-02	3.076078e-01
4.847479e-01	5.721311e-02	1.753639e-01
6.113331e-01	5.644162e-02	1.820876e-01
5.450982e-01	7.923194e-01	-2.680340e-01
5.390573e-01	8.129017e-01	-2.473350e-01
5.345088e-01	8.123143e-01	-2.473785e-01
5.312499e-01	8.116698e-01	-2.473317e-01
5.515742e-01	8.137115e-01	-2.502815e-01
5.554837e-01	8.139761e-01	-2.502716e-01
5.601618e-01	8.139080e-01	-2.501247e-01
5.264388e-01	8.032584e-01	-1.236308e-01
5.660570e-01	8.066706e-01	-1.369893e-01
5.377501e-01	7.717977e-01	-2.217356e-01
5.530326e-01	7.734805e-01	-2.253452e-01
4.993052e-01	6.959817e-01	-4.397967e-02
5.991596e-01	7.019659e-01	-5.069185e-02
4.712666e-01	6.017541e-01	3.191320e-02
6.266690e-01	5.821653e-01	6.199966e-03
4.401723e-01	5.192017e-01	-3.149175e-02
6.507303e-01	4.936589e-01	-8.301222e-02
4.264246e-01	4.851248e-01	-5.621685e-02
6.600347e-01	4.529479e-01	-1.184586e-01
4.283357e-01	4.811998e-01	-1.010560e-01
6.550952e-01	4.585706e-01	-1.535423e-01
4.350522e-01	4.914215e-01	-5.166864e-02
6.491869e-01	4.721798e-01	-1.013396e-01
5.201737e-01	4.167201e-01	1.104977e-03
5.780385e-01	4.148107e-01	-9.620612e-04
5.031017e-01	2.569802e-01	3.281530e-02
5.974187e-01	2.542986e-01	5.490399e-02
4.987528e-01	1.163160e-01	2.724130e-01
5.920258e-01	1.135344e-01	2.919836e-01
5.036782e-01	9.670858e-02	2.870787e-01
5.855865e-01	9.517319e-02	3.069876e-01
4.856380e-01	5.711227e-02	1.701423e-01
6.115573e-01	5.517673e-02	1.835261e-01
5.456741e-01	7.766151e-01	-2.932457e-01
5.394038e-01	7.970690e-01	-2.739762e-01
5.348022e-01	7.970123e-01	-2.740073e-01
5.314687e-01	7.969252e-01	-2.739437e-01
5.519162e-01	7.978078e-01	-2.761279e-01
5.559742e-01	7.985519e-01	-2.761426e-01
5.606403e-01	7.994777e-01	-2.760136e-01
5.265876e-01	7.922148e-01	-1.505351e-01
5.665935e-01	7.950159e-01	-1.594961e-01
5.384414e-01	7.563450e-01	-2.464176e-01
5.535942e-01	7.576131e-01	-2.492746e-01
5.000556e-01	6.929290e-01	-4.692570e-02
5.995329e-01	6.981053e-01	-6.146508e-02
4.711848e-01	6.098505e-01	1.472801e-01
6.298117e-01	6.003786e-01	1.090079e-01
4.418135e-01	5.505576e-01	2.452174e-01
6.522785e-01	5.223811e-01	1.809705e-01
4.283330e-01	5.214680e-01	2.593912e-01
6.630129e-01	4.859722e-01	1.784931e-01
4.294463e-01	5.174262e-01	2.058679e-01
6.576509e-01	4.871005e-01	1.481350e-01
4.363143e-01	5.258200e-01	2.272733e-01
6.516552e-01	5.009968e-01	1.701880e-01
5.205561e-01	4.088448e-01	2.852521e-03
5.785978e-01	4.075563e-01	-2.747107e-03
5.034604e-01	2.526837e-01	3.258371e-02
5.997410e-01	2.471223e-01	5.179634e-02
4.989814e-01	1.120302e-01	2.970333e-01
5.931332e-01	1.118229e-01	3.240140e-01
5.036834e-01	9.422420e-02	3.176099e-01
5.861143e-01	9.516408e-02	3.438302e-01
4.860636e-01	5.600454e-02	2.023897e-01
6.119990e-01	5.292371e-02	2.203504e-01
5.459870e-01	7.667552e-01	-2.684932e-01
5.397022e-01	7.866222e-01	-2.478707e-01
5.349952e-01	7.865164e-01	-2.479221e-01
5.316445e-01	7.860677e-01	-2.478614e-01
5.521834e-01	7.876635e-01	-2.490329e-01
5.562977e-01	7.886396e-01	-2.490644e-01
5.609018e-01	7.892644e-01	-2.489178e-01
5.268938e-01	7.806569e-01	-1.169462e-01
5.670267e-01	7.838988e-01	-1.226838e-01
5.389854e-01	7.447857e-01	-2.194937e-01
5.539628e-01	7.461174e-01	-2.208979e-01
5.002030e-01	6.791879e-01	-4.984102e-02
6.004914e-01	6.861216e-01	-5.198811e-02
4.568370e-01	6.041597e-01	-1.712518e-01
6.339259e-01	6.018122e-01	-1.534463e-01
4.419532e-01	5.826061e-01	-4.471838e-01
6.488911e-01	5.488427e-01	-4.157663e-01
4.419706e-01	5.807480e-01	-5.102733e-01
6.592278e-01	5.204958e-01	-4.797235e-01
4.529688e-01	5.964803e-01	-5.210536e-01
6.532577e-01	5.282660e-01	-4.904833e-01
4.552783e-01	5.948488e-01	-4.592415e-01
6.465559e-01	5.383593e-01	-4.293332e-01
5.205616e-01	3.938208e-01	2.782130e-03
5.792322e-01	3.919590e-01	-2.644702e-03
5.035325e-01	2.435389e-01	1.731230e-02
6.022135e-01	2.325815e-01	2.505080e-02
4.994678e-01	1.105544e-01	3.041543e-01
5.937884e-01	1.090429e-01	3.095757e-01
5.042038e-01	9.443010e-02	3.268127e-01
5.864869e-01	9.463431e-02	3.286459e-01
4.868860e-01	5.386490e-02	2.122931e-01
6.127564e-01	5.031334e-02	2.060860e-01
5.459897e-01	7.567703e-01	-2.767164e-01
5.397355e-01	7.759154e-01	-2.561797e-01
5.349976e-01	7.755317e-01	-2.562196e-01
5.316507e-01	7.751017e-01	-2.561443e-01
5.522524e-01	7.773183e-01	-2.581338e-01
5.563725e-01	7.782767e-01	-2.581941e-01
5.609648e-01	7.788815e-01	-2.580542e-01
5.269107e-01	7.695783e-01	-1.258992e-01
5.672890e-01	7.728798e-01	-1.359306e-01
5.390435e-01	7.343786e-01	-2.276141e-01
5.540063e-01	7.355285e-01	-2.302300e-01
5.001456e-01	6.688149e-01	-5.729297e-02
6.010004e-01	6.751255e-01	-6.824388e-02
4.392747e-01	5.848829e-01	-2.052443e-01
6.391540e-01	5.980137e-01	-2.133757e-01
4.501372e-01	6.000121e-01	-4.619319e-01
6.474620e-01	5.700605e-01	-4.687267e-01
4.573292e-01	6.060712e-01	-5.205771e-01
6.556305e-01	5.469002e-01	-5.309123e-01
4.683148e-01	6.190818e-01	-5.182692e-01
6.501691e-01	5.621321e-01	-5.333284e-01
4.687963e-01	6.134904e-01	-4.683848e-01
6.435031e-01	5.692325e-01	-4.784625e-01
5.205418e-01	3.790763e-01	2.760071e-03
5.796155e-01	3.784103e-01	-2.625220e-03
5.038857e-01	2.332260e-01	1.442461e-02
6.045226e-01	2.241140e-01	1.556900e-02
5.001570e-01	1.089117e-01	3.197033e-01
5.945715e-01	1.040808e-01	3.180808e-01
5.048599e-01	9.404767e-02	3.447893e-01
5.869783e-01	9.195338e-02	3.406765e-01
4.871633e-01	5.093770e-02	2.401920e-01
6.145896e-01	4.629055e-02	2.256850e-01
5.459363e-01	7.443591e-01	-2.789083e-01
5.397341e-01	7.638885e-01	-2.575549e-01
5.349849e-01	7.635938e-01	-2.575530e-01
5.316462e-01	7.633258e-01	-2.575249e-01
5.522679e-01	7.648480e-01	-2.605553e-01
5.563750e-01	7.654985e-01	-2.604840e-01
5.609666e-01	7.660358e-01	-2.603825e-01
5.269015e-01	7.573212e-01	-1.362740e-01
5.673025e-01	7.591442e-01	-1.454551e-01
5.390285e-01	7.220256e-01	-2.347624e-01
5.539533e-01	7.227275e-01	-2.370974e-01
5.001145e-01	6.593030e-01	-7.071318e-02
6.008908e-01	6.665618e-01	-8.712159e-02
4.267539e-01	5.701624e-01	-2.479564e-01
6.479201e-01	5.895330e-01	-2.539883e-01
4.607739e-01	6.145597e-01	-4.915029e-01
6.463215e-01	5.961598e-01	-5.034562e-01
4.707797e-01	6.211440e-01	-5.460988e-01
6.494386e-01	5.821660e-01	-5.610982e-01
4.809303e-01	6.280866e-01	-5.312384e-01
6.388777e-01	5.954015e-01	-5.522913e-01
4.816495e-01	6.226498e-01	-4.918934e-01
6.345949e-01	5.984911e-01	-5.075151e-01
5.205232e-01	3.688842e-01	1.081241e-03
5.798687e-01	3.683458e-01	-9.720547e-04
5.038422e-01	2.151344e-01	-2.785590e-02
6.047558e-01	2.100961e-01	-3.955141e-02
5.001369e-01	1.067427e-01	3.043100e-01
5.945443e-01	1.010438e-01	2.673177e-01
5.047967e-01	9.322400e-02	3.299368e-01
5.869663e-01	8.960439e-02	2.920681e-01
4.872271e-01	4.948584e-02	2.316606e-01
6.155489e-01	4.400133e-02	1.907377e-01
5.458966e-01	7.287449e-01	-2.670700e-01
5.396932e-01	7.471788e-01	-2.480811e-01
5.349479e-01	7.466748e-01	-2.481084e-01
5.316061e-01	7.462906e-01	-2.480369e-01
5.522224e-01	7.483566e-01	-2.486074e-01
5.562707e-01	7.487449e-01	-2.486378e-01
5.607151e-01	7.490812e-01	-2.485112e-01
5.269232e-01	7.389068e-01	-1.236488e-01
5.671061e-01	7.422447e-01	-1.262128e-01
5.390238e-01	7.066283e-01	-2.198326e-01
5.538357e-01	7.083305e-01	-2.203079e-01
5.007774e-01	6.536624e-01	-6.699479e-02
5.988955e-01	6.591784e-01	-7.238416e-02
4.287482e-01	5.917592e-01	-2.399205e-01
6.427993e-01	5.985743e-01	-2.339876e-01
4.653930e-01	6.203371e-01	-4.766063e-01
6.455332e-01	6.014802e-01	-4.860490e-01
4.752606e-01	6.168353e-01	-5.326768e-01
6.478913e-01	5.905495e-01	-5.450025e-01
4.856115e-01	6.205842e-01	-5.216364e-01
6.365875e-01	5.976559e-01	-5.405895e-01
4.858137e-01	6.194926e-01	-4.786353e-01
6.322347e-01	5.995563e-01	-4.925205e-01
5.206295e-01	3.569232e-01	2.252847e-04
5.801731e-01	3.577407e-01	-1.288733e-04
5.038167e-01	1.975907e-01	-2.368773e-02
6.070276e-01	2.018994e-01	-3.621604e-02
5.001222e-01	1.035982e-01	3.344474e-01
5.945553e-01	1.019110e-01	2.747300e-01
5.047902e-01	9.133305e-02	3.668682e-01
5.869070e-01	8.975746e-02	2.947649e-01
4.872859e-01	4.894996e-02	2.837594e-01
6.155322e-01	4.456414e-02	2.025322e-01
5.459337e-01	7.106760e-01	-2.629876e-01
5.396903e-01	7.315899e-01	-2.456704e-01
5.349415e-01	7.308877e-01	-2.456891e-01
5.315968e-01	7.301865e-01	-2.456169e-01
5.522221e-01	7.332043e-01	-2.460140e-01
5.562688e-01	7.337669e-01	-2.460526e-01
5.606970e-01	7.340621e-01	-2.459375e-01
5.269927e-01	7.244627e-01	-1.243585e-01
5.671166e-01	7.275503e-01	-1.264050e-01
5.390719e-01	6.908891e-01	-2.161224e-01
5.538625e-01	6.925051e-01	-2.163566e-01
5.013485e-01	6.486025e-01	-6.950623e-02
5.968750e-01	6.485419e-01	-8.056555e-02
4.381629e-01	6.188191e-01	-2.722364e-01
6.400516e-01	6.089707e-01	-2.853684e-01
4.705819e-01	6.223718e-01	-5.128391e-01
6.424272e-01	6.110622e-01	-5.454785e-01
4.783108e-01	6.129205e-01	-5.715073e-01
6.461533e-01	6.034661e-01	-6.082247e-01
4.894792e-01	6.133906e-01	-5.629798e-01
6.350069e-01	6.064284e-01	-6.033310e-01
4.894968e-01	6.142927e-01	-5.171722e-01
6.303611e-01	6.058553e-01	-5.532624e-01
5.207650e-01	3.470248e-01	2.878344e-03
5.803486e-01	3.471438e-01	-2.835647e-03
5.038295e-01	1.946733e-01	-2.890715e-02
6.072629e-01	1.915282e-01	-1.239551e-02
5.000843e-01	1.045477e-01	3.234738e-01
5.945297e-01	1.019065e-01	3.295790e-01
5.048774e-01	9.147707e-02	3.546927e-01
5.863100e-01	8.991139e-02	3.592275e-01
4.873292e-01	4.913184e-02	2.719029e-01
6.154550e-01	4.466361e-02	2.660006e-01
5.460578e-01	6.942726e-01	-2.432058e-01
5.398159e-01	7.138298e-01	-2.263203e-01
5.350946e-01	7.131361e-01	-2.263172e-01
5.316753e-01	7.128009e-01	-2.262332e-01
5.523547e-01	7.163956e-01	-2.272242e-01
5.564061e-01	7.171143e-01	-2.272650e-01
5.608331e-01	7.174229e-01	-2.271719e-01
5.277772e-01	7.093368e-01	-1.083861e-01
5.678138e-01	7.103242e-01	-1.130547e-01
5.392548e-01	6.767409e-01	-1.970957e-01
5.540150e-01	6.776693e-01	-1.981052e-01
5.028391e-01	6.402038e-01	-6.678678e-02
5.967920e-01	6.322264e-01	-8.422308e-02
4.419161e-01	6.292919e-01	-2.684232e-01
6.401461e-01	6.128139e-01	-3.075782e-01
4.744712e-01	6.243945e-01	-4.986157e-01
6.388965e-01	6.164981e-01	-5.548810e-01
4.803713e-01	6.117197e-01	-5.511829e-01
6.431591e-01	6.097539e-01	-6.121587e-01
4.920546e-01	6.080787e-01	-5.402622e-01
6.322790e-01	6.089736e-01	-6.030124e-01
4.933600e-01	6.092744e-01	-5.019830e-01
6.275356e-01	6.072814e-01	-5.604193e-01
5.207493e-01	3.376766e-01	3.976573e-03
5.803280e-01	3.372610e-01	-3.976819e-03
5.036470e-01	1.840442e-01	-6.389390e-02
6.076258e-01	1.791223e-01	-5.408674e-02
4.999544e-01	1.046977e-01	3.065275e-01
5.945133e-01	1.022179e-01	3.154253e-01
5.048555e-01	9.501982e-02	3.471099e-01
5.862292e-01	9.135231e-02	3.439052e-01
4.876174e-01	4.911093e-02	2.566682e-01
6.149660e-01	4.313659e-02	2.649974e-01
5.470569e-01	6.750349e-01	-1.513876e-01
5.405881e-01	6.940702e-01	-1.378094e-01
5.359566e-01	6.938108e-01	-1.378105e-01
5.321919e-01	6.935577e-01	-1.377603e-01
5.531980e-01	6.957693e-01	-1.359395e-01
5.573636e-01	6.963548e-01	-1.359560e-01
5.616499e-01	6.966641e-01	-1.357945e-01
5.284959e-01	6.933552e-01	-3.786367e-02
5.686177e-01	6.927607e-01	-3.047312e-02
5.397889e-01	6.588120e-01	-1.115265e-01
5.548524e-01	6.592495e-01	-1.090664e-01
5.039010e-01	6.303898e-01	-1.279528e-02
5.957629e-01	6.209847e-01	-2.596053e-03
4.596194e-01	6.279673e-01	-1.728790e-01
6.400416e-01	6.156840e-01	-1.712170e-01
4.757024e-01	6.215172e-01	-2.914211e-01
6.363528e-01	6.162551e-01	-3.565877e-01
4.804342e-01	6.081973e-01	-3.230582e-01
6.398527e-01	6.096717e-01	-3.929153e-01
4.917035e-01	6.053321e-01	-3.113241e-01
6.308805e-01	6.085148e-01	-3.829320e-01
4.921283e-01	6.053146e-01	-2.916839e-01
6.268427e-01	6.073645e-01	-3.601650e-01
5.207338e-01	3.282858e-01	5.703455e-05
5.803142e-01	3.291450e-01	-3.764882e-05
5.035705e-01	1.782603e-01	-7.232700e-02
6.070688e-01	1.705907e-01	-5.922980e-02
4.999456e-01	1.084364e-01	2.618257e-01
5.943407e-01	1.025186e-01	2.606446e-01
5.048519e-01	1.038290e-01	2.949114e-01
5.856910e-01	9.338948e-02	2.918862e-01
4.887830e-01	4.980548e-02	2.495908e-01
6.146523e-01	4.334442e-02	2.407397e-01
5.486166e-01	6.653036e-01	-2.013297e-01
5.418197e-01	6.839046e-01	-1.874154e-01
5.373234e-01	6.834791e-01	-1.874324e-01
5.331922e-01	6.831094e-01	-1.873853e-01
5.544819e-01	6.856895e-01	-1.838566e-01
5.587217e-01	6.862760e-01	-1.838708e-01
5.627471e-01	6.866004e-01	-1.837747e-01
5.292505e-01	6.830370e-01	-8.259521e-02
5.693589e-01	6.832359e-01	-6.837486e-02
5.407591e-01	6.496251e-01	-1.609902e-01
5.559822e-01	6.501110e-01	-1.562907e-01
5.042256e-01	6.216539e-01	-3.789268e-02
5.955746e-01	6.157125e-01	-4.564486e-03
4.524437e-01	6.224077e-01	-1.806300e-01
6.412168e-01	6.265553e-01	-4.137383e-02
4.777037e-01	6.179965e-01	-3.239045e-01
6.342577e-01	6.161277e-01	-9.649764e-02
4.856492e-01	6.024901e-01	-3.657452e-01
6.357439e-01	6.055968e-01	-1.220782e-01
4.960464e-01	5.989273e-01	-3.610262e-01
6.280206e-01	6.044242e-01	-1.167313e-01
4.953991e-01	5.999851e-01	-3.301518e-01
6.247253e-01	6.044273e-01	-9.975624e-02
5.206579e-01	3.265424e-01	-4.378593e-03
5.800207e-01	3.259382e-01	4.477499e-03
5.034865e-01	1.816628e-01	-9.656823e-02
6.048099e-01	1.627316e-01	-6.430785e-02
4.998458e-01	1.123092e-01	2.673004e-01
5.938772e-01	1.026609e-01	2.726672e-01
5.047092e-01	1.085583e-01	3.014819e-01
5.856718e-01	9.827897e-02	2.958319e-01
4.893765e-01	5.072675e-02	2.419277e-01
6.136771e-01	4.292505e-02	2.456121e-01
5.502135e-01	6.558868e-01	-1.284418e-01
5.429963e-01	6.748675e-01	-1.153458e-01
5.385534e-01	6.746210e-01	-1.153401e-01
5.341430e-01	6.744074e-01	-1.152645e-01
5.558938e-01	6.763038e-01	-1.123095e-01
5.602626e-01	6.768941e-01	-1.122935e-01
5.641748e-01	6.771870e-01	-1.121766e-01
5.295900e-01	6.746286e-01	-2.231805e-02
5.702004e-01	6.744133e-01	-9.617703e-03
5.416191e-01	6.395464e-01	-9.238565e-02
5.572212e-01	6.404012e-01	-8.847653e-02
5.043128e-01	6.116862e-01	1.706698e-02
5.950990e-01	6.081142e-01	6.290147e-02
4.547525e-01	6.192893e-01	-2.459730e-02
6.386765e-01	6.283070e-01	1.740154e-01
4.825957e-01	6.120511e-01	-7.444295e-02
6.300247e-01	6.153363e-01	2.888933e-01
4.929779e-01	5.993187e-01	-9.637670e-02
6.329049e-01	6.093250e-01	2.870125e-01
5.011392e-01	5.954813e-01	-9.235794e-02
6.258151e-01	6.061532e-01	2.820976e-01
5.000647e-01	5.960393e-01	-7.662057e-02
6.230444e-01	6.049645e-01	2.854553e-01
5.206498e-01	3.206829e-01	-6.904832e-03
5.798897e-01	3.197962e-01	7.132133e-03
5.034732e-01	1.797322e-01	-8.264165e-02
6.028162e-01	1.425290e-01	-7.046721e-02
4.999186e-01	1.147825e-01	2.955511e-01
5.938474e-01	1.039156e-01	3.064658e-01
5.048482e-01	1.098430e-01	3.346639e-01
5.857239e-01	1.035792e-01	3.432911e-01
4.893269e-01	5.151112e-02	2.786107e-01
6.130138e-01	4.412403e-02	2.866391e-01
5.514832e-01	6.451709e-01	-9.331768e-02
5.445474e-01	6.638916e-01	-7.956184e-02
5.401370e-01	6.640190e-01	-7.955726e-02
5.356160e-01	6.641941e-01	-7.949512e-02
5.572765e-01	6.649240e-01	-7.829899e-02
5.615402e-01	6.656314e-01	-7.828207e-02
5.654432e-01	6.661590e-01	-7.810644e-02
5.308033e-01	6.657708e-01	1.060916e-02
5.715275e-01	6.652938e-01	1.558959e-02
5.428849e-01	6.298451e-01	-5.793955e-02
5.583869e-01	6.304478e-01	-5.634113e-02
5.052532e-01	6.053347e-01	4.398285e-02
5.951436e-01	5.996614e-01	6.843029e-02
4.598686e-01	6.184648e-01	-2.133114e-03
6.300777e-01	6.239964e-01	1.808958e-01
4.839732e-01	6.138480e-01	-4.098552e-02
6.266254e-01	6.152030e-01	3.025915e-01
4.916942e-01	6.028426e-01	-6.125230e-02
6.322579e-01	6.115719e-01	3.025513e-01
5.007297e-01	5.967694e-01	-5.818369e-02
6.246963e-01	6.066052e-01	2.942790e-01
5.000209e-01	5.954140e-01	-4.368954e-02
6.218413e-01	6.040680e-01	2.985743e-01
5.205570e-01	3.149859e-01	-7.180686e-03
5.797417e-01	3.145795e-01	7.410331e-03
5.034200e-01	1.688175e-01	-6.645742e-02
6.017839e-01	1.354796e-01	-5.662561e-02
4.997925e-01	1.158704e-01	3.124230e-01
5.942825e-01	1.040086e-01	3.224340e-01
5.044652e-01	1.118357e-01	3.504429e-01
5.872783e-01	1.041609e-01	3.598977e-01
4.894332e-01	5.321611e-02	3.045571e-01
6.126462e-01	4.568319e-02	3.092789e-01
5.524004e-01	6.438483e-01	-8.925575e-02
5.456897e-01	6.638418e-01	-7.276111e-02
5.411409e-01	6.638479e-01	-7.279681e-02
5.364951e-01	6.636792e-01	-7.276627e-02
5.585202e-01	6.645395e-01	-6.929916e-02
5.626729e-01	6.649054e-01	-6.929777e-02
5.665599e-01	6.649856e-01	-6.911705e-02
5.315900e-01	6.635423e-01	2.860620e-02
5.728735e-01	6.621999e-01	4.258973e-02
5.436069e-01	6.279126e-01	-5.037225e-02
5.592470e-01	6.282912e-01	-4.604945e-02
5.055859e-01	5.998387e-01	4.826691e-02
5.951936e-01	5.955584e-01	8.594449e-02
4.598112e-01	6.104054e-01	-7.678558e-02
6.303642e-01	6.238825e-01	6.799646e-02
4.863734e-01	6.124111e-01	-1.707438e-01
6.248236e-01	6.139408e-01	3.712726e-02
4.952369e-01	6.036943e-01	-1.997089e-01
6.297792e-01	6.101978e-01	2.020977e-02
5.044249e-01	5.965184e-01	-1.823714e-01
6.207953e-01	6.044582e-01	2.430288e-02
5.035223e-01	5.951576e-01	-1.681112e-01
6.177989e-01	6.010047e-01	3.461704e-02
5.205429e-01	3.082668e-01	-7.684055e-03
5.797369e-01	3.112308e-01	7.871230e-03
5.027961e-01	1.454920e-01	-5.953120e-02
6.015101e-01	1.284820e-01	-5.136997e-02
4.998178e-01	1.198271e-01	3.577245e-01
5.945127e-01	1.097606e-01	3.611909e-01
5.044679e-01	1.177429e-01	4.013712e-01
5.882877e-01	1.106580e-01	4.048144e-01
4.903432e-01	5.941522e-02	3.722760e-01
6.108943e-01	5.549923e-02	3.760255e-01
5.533907e-01	6.390448e-01	-5.601928e-02
5.468837e-01	6.595153e-01	-3.937814e-02
5.422451e-01	6.596799e-01	-3.940075e-02
5.375973e-01	6.596344e-01	-3.934299e-02
5.597135e-01	6.598828e-01	-3.610196e-02
5.637724e-01	6.601705e-01	-3.606937e-02
5.677435e-01	6.601794e-01	-3.589106e-02
5.321403e-01	6.593123e-01	5.612103e-02
5.735931e-01	6.579549e-01	6.959460e-02
5.444967e-01	6.239192e-01	-1.989591e-02
5.601352e-01	6.236871e-01	-1.573098e-02
5.055743e-01	5.958059e-01	8.046009e-02
5.951915e-01	5.909630e-01	1.195163e-01
4.593922e-01	6.071392e-01	5.284552e-03
6.305584e-01	6.237424e-01	2.283645e-01
4.855743e-01	6.101886e-01	-3.675055e-02
6.241841e-01	6.102732e-01	3.570964e-01
4.928730e-01	6.011299e-01	-6.036523e-02
6.285633e-01	6.062366e-01	3.573591e-01
5.020870e-01	5.947859e-01	-4.865788e-02
6.210397e-01	6.009527e-01	3.530901e-01
5.014719e-01	5.939270e-01	-3.617718e-02
6.174304e-01	5.986491e-01	3.544087e-01
5.204548e-01	3.039620e-01	-8.579623e-03
5.797292e-01	3.076056e-01	8.836364e-03
5.027200e-01	1.495764e-01	-6.294247e-02
6.014758e-01	1.229745e-01	-5.498185e-02
5.000948e-01	1.240736e-01	3.652504e-01
5.945148e-01	1.153969e-01	3.799087e-01
5.047966e-01	1.226856e-01	4.097455e-01
5.882308e-01	1.177854e-01	4.245063e-01
4.910811e-01	6.596819e-02	3.809136e-01
6.090581e-01	6.164522e-02	3.941011e-01
5.548936e-01	6.357071e-01	-4.399410e-02
5.487472e-01	6.562293e-01	-2.652850e-02
5.439054e-01	6.564379e-01	-2.655748e-02
5.392513e-01	6.563333e-01	-2.651848e-02
5.613705e-01	6.558349e-01	-2.316107e-02
5.652309e-01	6.558158e-01	-2.314153e-02
5.692929e-01	6.555250e-01	-2.295900e-02
5.328422e-01	6.541464e-01	6.814188e-02
5.744370e-01	6.518294e-01	8.185488e-02
5.456632e-01	6.201208e-01	-8.585148e-03
5.611936e-01	6.195119e-01	-4.411472e-03
5.055048e-01	5.886011e-01	8.463597e-02
5.952381e-01	5.817364e-01	1.235779e-01
4.606767e-01	6.039571e-01	-1.149274e-02
6.277071e-01	6.199870e-01	2.161066e-01
4.881183e-01	6.086875e-01	-7.597987e-02
6.238581e-01	6.073148e-01	3.201917e-01
4.951087e-01	6.042119e-01	-1.000317e-01
6.280754e-01	6.037199e-01	3.200021e-01
5.043212e-01	5.972931e-01	-8.695555e-02
6.217252e-01	5.996339e-01	3.157277e-01
5.030531e-01	5.934381e-01	-7.510205e-02
6.183276e-01	5.964466e-01	3.171262e-01
5.203080e-01	2.974741e-01	-1.025626e-02
5.797148e-01	3.015558e-01	1.050182e-02
5.013382e-01	1.206701e-01	-6.993787e-02
6.016650e-01	1.107252e-01	-7.662184e-02
5.013910e-01	1.269794e-01	3.520540e-01
5.945060e-01	1.198035e-01	3.512501e-01
5.061454e-01	1.281061e-01	3.963460e-01
5.881819e-01	1.226738e-01	3.931535e-01
4.916405e-01	7.138994e-02	3.807306e-01
6.069937e-01	6.417187e-02	3.740348e-01
5.562775e-01	6.290720e-01	-1.030690e-01
5.500985e-01	6.508122e-01	-9.760006e-02
5.450472e-01	6.513053e-01	-9.765869e-02
5.403240e-01	6.513862e-01	-9.778275e-02
5.628621e-01	6.498836e-01	-8.371769e-02
5.667778e-01	6.499347e-01	-8.374823e-02
5.709807e-01	6.497070e-01	-8.371206e-02
5.332136e-01	6.490349e-01	-2.091934e-02
5.755400e-01	6.465520e-01	2.415716e-02
5.465947e-01	6.138303e-01	-7.678481e-02
5.623536e-01	6.130877e-01	-6.002920e-02
5.052876e-01	5.826628e-01	-1.243094e-03
5.952664e-01	5.783884e-01	9.544771e-02
4.536949e-01	5.791208e-01	-1.426963e-01
6.263088e-01	6.135057e-01	1.108204e-01
4.874790e-01	6.084428e-01	-2.612928e-01
6.234967e-01	6.058070e-01	1.653758e-01
4.953357e-01	6.050850e-01	-2.890121e-01
6.285741e-01	6.030824e-01	1.610764e-01
5.049976e-01	5.984512e-01	-2.676271e-01
6.223296e-01	5.982865e-01	1.607519e-01
5.040049e-01	5.951027e-01	-2.570686e-01
6.188942e-01	5.949001e-01	1.625712e-01
5.199543e-01	2.935451e-01	-1.061981e-02
5.797040e-01	2.984961e-01	1.083012e-02
5.012661e-01	1.219185e-01	-6.516403e-02
6.025106e-01	1.163506e-01	-7.280312e-02
5.022966e-01	1.289097e-01	3.546671e-01
5.942913e-01	1.238909e-01	3.421727e-01
5.077028e-01	1.347009e-01	4.001937e-01
5.873398e-01	1.284463e-01	3.841429e-01
4.922372e-01	7.601254e-02	3.965993e-01
6.060393e-01	6.654540e-02	3.771351e-01
5.560531e-01	6.299064e-01	-1.977150e-01
5.498678e-01	6.514880e-01	-1.842898e-01
5.449098e-01	6.520414e-01	-1.843554e-01
5.402981e-01	6.523821e-01	-1.844032e-01
5.626394e-01	6.508713e-01	-1.778811e-01
5.666093e-01	6.510703e-01	-1.779435e-01
5.708731e-01	6.509619e-01	-1.778620e-01
5.334890e-01	6.496089e-01	-8.879271e-02
5.759177e-01	6.461396e-01	-6.304264e-02
5.466405e-01	6.130217e-01	-1.608522e-01
5.624408e-01	6.123028e-01	-1.530693e-01
5.054489e-01	5.793884e-01	-7.325889e-02
5.952936e-01	5.759386e-01	-2.448634e-02
4.550204e-01	5.828574e-01	-2.650087e-01
6.267927e-01	6.070792e-01	-1.422100e-01
4.884098e-01	6.085646e-01	-4.166850e-01
6.222845e-01	6.052164e-01	-2.794093e-01
4.966283e-01	6.055648e-01	-4.514682e-01
6.276389e-01	6.013156e-01	-3.092897e-01
5.060618e-01	5.983932e-01	-4.275865e-01
6.210922e-01	5.968541e-01	-2.973994e-01
5.049800e-01	5.947880e-01	-4.116592e-01
6.177245e-01	5.941951e-01	-2.824364e-01
5.197171e-01	2.926152e-01	-9.729355e-03
5.794100e-01	2.969492e-01	9.783277e-03
5.014241e-01	1.334511e-01	-6.970509e-02
6.025616e-01	1.253800e-01	-7.388054e-02
5.023956e-01	1.337787e-01	3.412550e-01
5.942465e-01	1.254927e-01	3.105532e-01
5.078269e-01	1.379843e-01	3.971334e-01
5.873244e-01	1.288311e-01	3.520451e-01
4.925738e-01	7.694195e-02	3.608278e-01
6.063311e-01	6.943039e-02	3.479855e-01
5.564968e-01	6.355620e-01	-2.156549e-01
5.501288e-01	6.558399e-01	-2.011292e-01
5.451547e-01	6.563622e-01	-2.011870e-01
5.406579e-01	6.566464e-01	-2.012020e-01
5.627955e-01	6.547691e-01	-1.958209e-01
5.666575e-01	6.547857e-01	-1.958676e-01
5.709709e-01	6.546485e-01	-1.957565e-01
5.336470e-01	6.525419e-01	-1.026542e-01
5.759014e-01	6.482655e-01	-8.027600e-02
5.471130e-01	6.170927e-01	-1.774954e-01
5.630131e-01	6.165603e-01	-1.708355e-01
5.055379e-01	5.796443e-01	-9.254868e-02
5.944714e-01	5.786629e-01	-5.784700e-02
4.553128e-01	5.835169e-01	-3.054502e-01
6.266690e-01	6.029413e-01	-2.486998e-01
4.893391e-01	6.053368e-01	-4.743148e-01
6.215903e-01	6.033549e-01	-4.639571e-01
4.958753e-01	6.051824e-01	-5.177656e-01
6.267421e-01	6.003812e-01	-5.087221e-01
5.056010e-01	5.967894e-01	-4.953392e-01
6.197437e-01	5.966973e-01	-4.983838e-01
5.051783e-01	5.917939e-01	-4.709004e-01
6.163873e-01	5.912132e-01	-4.696902e-01
5.183245e-01	2.910964e-01	-7.903938e-03
5.779165e-01	2.959248e-01	7.820641e-03
5.013360e-01	1.356346e-01	-6.713527e-02
6.026071e-01	1.242024e-01	-6.877710e-02
5.015592e-01	1.354076e-01	3.375851e-01
5.933691e-01	1.265119e-01	3.118091e-01
5.065738e-01	1.389730e-01	3.843774e-01
5.867816e-01	1.293977e-01	3.525249e-01
4.924425e-01	7.897969e-02	3.636147e-01
6.057721e-01	6.973123e-02	3.431193e-01
5.568641e-01	6.392475e-01	-1.942814e-01
5.504897e-01	6.590877e-01	-1.806683e-01
5.454709e-01	6.595253e-01	-1.807152e-01
5.410067e-01	6.597409e-01	-1.807306e-01
5.629742e-01	6.581483e-01	-1.748831e-01
5.667309e-01	6.580408e-01	-1.749219e-01
5.710073e-01	6.576541e-01	-1.747966e-01
5.337786e-01	6.546432e-01	-8.716048e-02
5.757671e-01	6.502504e-01	-6.175306e-02
5.472180e-01	6.203273e-01	-1.575821e-01
5.631768e-01	6.200508e-01	-1.502947e-01
5.055165e-01	5.822847e-01	-7.955056e-02
5.935149e-01	5.793545e-01	-3.040495e-02
4.561066e-01	5.847544e-01	-2.844465e-01
6.219361e-01	5.994040e-01	-1.850903e-01
4.895189e-01	6.052333e-01	-4.523824e-01
6.209429e-01	6.005794e-01	-3.856562e-01
4.955530e-01	6.037877e-01	-4.928633e-01
6.251845e-01	5.995616e-01	-4.264768e-01
5.055227e-01	5.962176e-01	-4.737359e-01
6.189771e-01	5.959495e-01	-4.183219e-01
5.053844e-01	5.916710e-01	-4.495298e-01
6.158253e-01	5.903638e-01	-3.917000e-01
5.155317e-01	2.920376e-01	-8.684324e-03
5.762655e-01	2.982391e-01	8.612281e-03
5.010401e-01	1.346597e-01	-6.555077e-02
6.017020e-01	1.260676e-01	-6.669693e-02
4.993514e-01	1.352099e-01	3.091345e-01
5.929707e-01	1.255480e-01	2.808125e-01
5.032378e-01	1.372965e-01	3.480851e-01
5.865987e-01	1.273812e-01	3.167524e-01
4.909337e-01	7.988947e-02	3.300945e-01
6.056513e-01	6.861560e-02	2.993374e-01
5.559784e-01	6.401682e-01	-2.066646e-01
5.497068e-01	6.599365e-01	-1.953422e-01
5.449560e-01	6.603389e-01	-1.953834e-01
5.404037e-01	6.604828e-01	-1.954209e-01
5.622255e-01	6.595600e-01	-1.892043e-01
5.662437e-01	6.597065e-01	-1.892426e-01
5.703331e-01	6.595781e-01	-1.891031e-01
5.334610e-01	6.562080e-01	-1.048615e-01
5.753638e-01	6.530933e-01	-7.918117e-02
5.464484e-01	6.208735e-01	-1.702983e-01
5.623332e-01	6.211824e-01	-1.627930e-01
5.044684e-01	5.854202e-01	-9.162431e-02
5.928783e-01	5.824392e-01	-4.228084e-02
4.572214e-01	5.782678e-01	-2.968661e-01
6.204668e-01	5.968924e-01	-2.022797e-01
4.878898e-01	6.030110e-01	-4.884326e-01
6.211876e-01	5.993797e-01	-4.260865e-01
4.915870e-01	6.031289e-01	-5.332810e-01
6.256604e-01	5.992385e-01	-4.721448e-01
5.036507e-01	5.965081e-01	-5.184444e-01
6.193047e-01	5.952374e-01	-4.676311e-01
5.050432e-01	5.917351e-01	-4.879562e-01
6.158165e-01	5.900297e-01	-4.343282e-01
5.129460e-01	2.956242e-01	-9.025769e-03
5.750127e-01	3.005730e-01	9.013528e-03
5.010423e-01	1.453311e-01	-8.924355e-02
5.978099e-01	1.498321e-01	-1.223833e-01
4.977690e-01	1.296113e-01	2.635945e-01
5.920689e-01	1.253506e-01	1.942558e-01
5.009421e-01	1.232782e-01	2.982506e-01
5.861990e-01	1.233732e-01	2.246577e-01
4.888689e-01	7.914101e-02	2.543328e-01
6.055048e-01	6.789760e-02	1.755603e-01
5.544738e-01	6.418855e-01	-1.937047e-01
5.482746e-01	6.617479e-01	-1.804910e-01
5.439242e-01	6.621103e-01	-1.805305e-01
5.393307e-01	6.622406e-01	-1.805409e-01
5.605757e-01	6.614796e-01	-1.755224e-01
5.649730e-01	6.616655e-01	-1.755538e-01
5.688711e-01	6.615644e-01	-1.754144e-01
5.329043e-01	6.582084e-01	-8.589185e-02
5.744528e-01	6.554412e-01	-6.957987e-02
5.453882e-01	6.229560e-01	-1.564044e-01
5.609003e-01	6.232937e-01	-1.501509e-01
5.044051e-01	5.856447e-01	-7.685174e-02
5.920771e-01	5.837054e-01	-5.422762e-02
4.659939e-01	5.872294e-01	-3.054461e-01
6.202622e-01	5.973809e-01	-2.782182e-01
4.876662e-01	6.029907e-01	-5.072228e-01
6.213642e-01	5.993636e-01	-5.297677e-01
4.895290e-01	6.026032e-01	-5.544173e-01
6.258358e-01	5.993669e-01	-5.810406e-01
5.029144e-01	5.961664e-01	-5.382322e-01
6.190690e-01	5.959673e-01	-5.765035e-01
5.049843e-01	5.916850e-01	-5.075598e-01
6.152446e-01	5.906184e-01	-5.392746e-01
5.118602e-01	2.986212e-01	-8.452226e-03
5.743192e-01	3.042802e-01	8.426202e-03
5.007025e-01	1.595093e-01	-6.855663e-02
5.952028e-01	1.705778e-01	-1.115222e-01
4.962350e-01	1.264315e-01	2.555612e-01
5.910569e-01	1.241423e-01	2.263896e-01
4.996230e-01	1.150867e-01	2.849024e-01
5.855013e-01	1.181759e-01	2.552867e-01
4.866303e-01	7.679337e-02	2.347996e-01
6.054974e-01	6.777769e-02	2.065170e-01
5.544517e-01	6.514816e-01	-2.196627e-01
5.482591e-01	6.695656e-01	-2.078540e-01
5.438730e-01	6.693191e-01	-2.078815e-01
5.392913e-01	6.687769e-01	-2.078764e-01
5.604318e-01	6.693225e-01	-2.040513e-01
5.648025e-01	6.688386e-01	-2.040780e-01
5.686497e-01	6.681009e-01	-2.039280e-01
5.328887e-01	6.609932e-01	-1.164706e-01
5.741446e-01	6.598521e-01	-1.008377e-01
5.454005e-01	6.310990e-01	-1.834399e-01
5.608959e-01	6.319060e-01	-1.783755e-01
5.044585e-01	5.935562e-01	-1.131299e-01
5.917122e-01	5.865682e-01	-9.073911e-02
4.704214e-01	5.985277e-01	-3.761053e-01
6.151484e-01	5.979398e-01	-3.394089e-01
4.872913e-01	6.060661e-01	-6.057255e-01
6.191226e-01	6.000031e-01	-6.174672e-01
4.883693e-01	6.041412e-01	-6.622101e-01
6.246396e-01	6.021340e-01	-6.778916e-01
5.014461e-01	5.996961e-01	-6.467355e-01
6.182057e-01	6.003245e-01	-6.731622e-01
5.049067e-01	5.960329e-01	-6.077242e-01
6.142749e-01	5.947481e-01	-6.281803e-01
5.114072e-01	3.068776e-01	-8.417762e-03
5.736619e-01	3.130623e-01	8.381575e-03
5.007106e-01	1.806786e-01	-4.676257e-02
5.944127e-01	1.846357e-01	-9.200172e-02
4.954308e-01	1.254908e-01	2.696579e-01
5.902179e-01	1.237927e-01	2.119826e-01
4.992476e-01	1.121665e-01	2.983833e-01
5.846136e-01	1.154866e-01	2.365541e-01
4.852634e-01	7.417811e-02	2.395509e-01
6.053269e-01	6.735017e-02	1.714185e-01
5.544400e-01	6.572300e-01	-2.176249e-01
5.482234e-01	6.757144e-01	-2.064510e-01
5.438501e-01	6.755982e-01	-2.064784e-01
5.392596e-01	6.751469e-01	-2.064756e-01
5.603932e-01	6.754329e-01	-2.024645e-01
5.647557e-01	6.749761e-01	-2.024754e-01
5.685462e-01	6.741168e-01	-2.023119e-01
5.328091e-01	6.680941e-01	-1.154144e-01
5.732902e-01	6.662675e-01	-9.739862e-02
5.454143e-01	6.374933e-01	-1.813547e-01
5.608869e-01	6.380816e-01	-1.757173e-01
5.045420e-01	6.055475e-01	-1.128461e-01
5.905212e-01	5.957222e-01	-8.778842e-02
4.787144e-01	6.115378e-01	-3.839036e-01
6.157267e-01	5.993106e-01	-3.330286e-01
4.859560e-01	6.130121e-01	-6.319605e-01
6.193314e-01	6.072769e-01	-6.083782e-01
4.836778e-01	6.093741e-01	-6.926515e-01
6.245680e-01	6.086145e-01	-6.696018e-01
4.970931e-01	6.066960e-01	-6.826917e-01
6.178219e-01	6.061870e-01	-6.665448e-01
5.013506e-01	6.037349e-01	-6.371966e-01
6.139573e-01	6.011516e-01	-6.199685e-01
5.116775e-01	3.191778e-01	-7.865722e-03
5.733117e-01	3.228385e-01	7.840829e-03
5.009445e-01	1.948995e-01	-3.671553e-02
5.939760e-01	1.956021e-01	3.685821e-03
4.948289e-01	1.253553e-01	2.471887e-01
5.894480e-01	1.235125e-01	2.490534e-01
4.987110e-01	1.118435e-01	2.712064e-01
5.836481e-01	1.135916e-01	2.548099e-01
4.846241e-01	7.183585e-02	1.970397e-01
6.053566e-01	6.631446e-02	2.189153e-01
5.538827e-01	6.663991e-01	-2.127697e-01
5.472876e-01	6.837713e-01	-2.012241e-01
5.429298e-01	6.835371e-01	-2.012457e-01
5.382179e-01	6.831340e-01	-2.012397e-01
5.598539e-01	6.838008e-01	-1.978606e-01
5.643326e-01	6.834812e-01	-1.978699e-01
5.680934e-01	6.827015e-01	-1.976996e-01
5.322218e-01	6.773711e-01	-1.084440e-01
5.728408e-01	6.746714e-01	-9.337802e-02
5.447872e-01	6.465844e-01	-1.758640e-01
5.604218e-01	6.468078e-01	-1.710072e-01
5.045131e-01	6.146140e-01	-1.092815e-01
5.901449e-01	6.036226e-01	-8.771891e-02
4.812500e-01	6.206521e-01	-3.903976e-01
6.164383e-01	6.099300e-01	-3.501971e-01
4.855326e-01	6.204107e-01	-6.444408e-01
6.196016e-01	6.128972e-01	-6.327119e-01
4.810044e-01	6.147249e-01	-7.057927e-01
6.246276e-01	6.120347e-01	-6.942230e-01
4.950618e-01	6.109183e-01	-6.951944e-01
6.174776e-01	6.102492e-01	-6.930107e-01
4.993810e-01	6.083580e-01	-6.495757e-01
6.136827e-01	6.060539e-01	-6.453434e-01
5.117573e-01	3.285966e-01	-7.832986e-03
5.732056e-01	3.304335e-01	7.804154e-03
5.006176e-01	1.967510e-01	-2.531067e-02
5.940735e-01	1.984759e-01	-1.651559e-02
4.939784e-01	1.239822e-01	2.610361e-01
5.889561e-01	1.228445e-01	2.336317e-01
4.978103e-01	1.094886e-01	2.862597e-01
5.828433e-01	1.106332e-01	2.530431e-01
4.839383e-01	6.802739e-02	2.159657e-01
6.053874e-01	6.334887e-02	1.842397e-01
5.538772e-01	6.856034e-01	-2.214022e-01
5.472829e-01	6.997105e-01	-2.089481e-01
5.429159e-01	6.992700e-01	-2.089740e-01
5.382143e-01	6.985064e-01	-2.089571e-01
5.598006e-01	6.991253e-01	-2.055354e-01
5.642081e-01	6.982313e-01	-2.055439e-01
5.678967e-01	6.969481e-01	-2.053718e-01
5.322180e-01	6.907726e-01	-1.151058e-01
5.722909e-01	6.869258e-01	-9.925312e-02
5.446553e-01	6.651138e-01	-1.847139e-01
5.604114e-01	6.643378e-01	-1.796458e-01
5.045455e-01	6.230662e-01	-1.145964e-01
5.896389e-01	6.103691e-01	-9.324290e-02
4.776364e-01	6.358390e-01	-3.856855e-01
6.170787e-01	6.211818e-01	-3.471882e-01
4.836611e-01	6.289019e-01	-6.297573e-01
6.197178e-01	6.189991e-01	-6.192134e-01
4.802362e-01	6.195620e-01	-6.907064e-01
6.239338e-01	6.156318e-01	-6.807649e-01
4.923165e-01	6.169780e-01	-6.810756e-01
6.165698e-01	6.160163e-01	-6.782565e-01
4.960966e-01	6.159266e-01	-6.349941e-01
6.134025e-01	6.125561e-01	-6.310104e-01
5.119022e-01	3.360304e-01	-6.317330e-03
5.731856e-01	3.371455e-01	6.306677e-03
4.993285e-01	1.993777e-01	7.308000e-03
5.936939e-01	1.999844e-01	2.838806e-02
4.936849e-01	1.198193e-01	2.836044e-01
5.889887e-01	1.172213e-01	2.513216e-01
4.977899e-01	1.031534e-01	2.974699e-01
5.830035e-01	1.038498e-01	2.689171e-01
4.836953e-01	6.558815e-02	2.341432e-01
6.054931e-01	6.015604e-02	1.974707e-01
5.537621e-01	6.919101e-01	-2.284156e-01
5.472053e-01	7.066634e-01	-2.161441e-01
5.428318e-01	7.063385e-01	-2.161765e-01
5.381492e-01	7.057270e-01	-2.161620e-01
5.596511e-01	7.060777e-01	-2.121226e-01
5.639564e-01	7.053022e-01	-2.121150e-01
5.675217e-01	7.041810e-01	-2.119263e-01
5.322005e-01	6.991007e-01	-1.206657e-01
5.712757e-01	6.958058e-01	-1.015054e-01
5.443796e-01	6.725204e-01	-1.908533e-01
5.600988e-01	6.714733e-01	-1.848090e-01
5.044686e-01	6.336050e-01	-1.180346e-01
5.883777e-01	6.190376e-01	-8.862002e-02
4.757345e-01	6.420997e-01	-3.905783e-01
6.170215e-01	6.303231e-01	-3.355315e-01
4.816775e-01	6.367147e-01	-6.355063e-01
6.203258e-01	6.274793e-01	-6.130936e-01
4.782801e-01	6.240815e-01	-6.974906e-01
6.245118e-01	6.213207e-01	-6.757623e-01
4.915349e-01	6.215147e-01	-6.884930e-01
6.167696e-01	6.207410e-01	-6.740531e-01
4.953492e-01	6.212307e-01	-6.406744e-01
6.135477e-01	6.183323e-01	-6.253822e-01
5.119598e-01	3.429815e-01	-5.461868e-03
5.730928e-01	3.445486e-01	5.451242e-03
4.978910e-01	2.015352e-01	8.065795e-04
5.932119e-01	2.010152e-01	3.607669e-02
4.933639e-01	1.195216e-01	2.985077e-01
5.891441e-01	1.147615e-01	2.971945e-01
4.979315e-01	1.041435e-01	3.189148e-01
5.832392e-01	1.026167e-01	3.176179e-01
4.837899e-01	6.026699e-02	2.432536e-01
6.067473e-01	5.555940e-02	2.194045e-01
5.520405e-01	7.016808e-01	-2.265463e-01
5.458414e-01	7.177654e-01	-2.138940e-01
5.414580e-01	7.174051e-01	-2.139286e-01
5.370290e-01	7.170924e-01	-2.139069e-01
5.583231e-01	7.178307e-01	-2.128619e-01
5.627558e-01	7.173156e-01	-2.128564e-01
5.663999e-01	7.164856e-01	-2.126767e-01
5.319953e-01	7.105985e-01	-1.148253e-01
5.705326e-01	7.070291e-01	-1.091201e-01
5.431309e-01	6.829508e-01	-1.871966e-01
5.586994e-01	6.822739e-01	-1.849640e-01
5.044894e-01	6.439390e-01	-1.076043e-01
5.883225e-01	6.291829e-01	-9.529003e-02
4.757152e-01	6.495812e-01	-3.741732e-01
6.160533e-01	6.339486e-01	-3.363075e-01
4.805292e-01	6.414776e-01	-6.402938e-01
6.205301e-01	6.285849e-01	-6.036044e-01
4.764514e-01	6.313961e-01	-7.017791e-01
6.259085e-01	6.251554e-01	-6.638321e-01
4.899359e-01	6.291409e-01	-6.963634e-01
6.191050e-01	6.245269e-01	-6.631395e-01
4.936463e-01	6.283196e-01	-6.476395e-01
6.144698e-01	6.219213e-01	-6.158997e-01
5.120116e-01	3.546490e-01	-3.641261e-04
5.726073e-01	3.545305e-01	3.952689e-04
4.973645e-01	2.101080e-01	1.745568e-02
5.927616e-01	2.106644e-01	4.231939e-02
4.932788e-01	1.184301e-01	3.045745e-01
5.891752e-01	1.117626e-01	2.941156e-01
4.980115e-01	1.034914e-01	3.260718e-01
5.832813e-01	9.936940e-02	3.143314e-01
4.831243e-01	5.806066e-02	2.374483e-01
6.070088e-01	4.956277e-02	2.132315e-01
5.498201e-01	7.113137e-01	-2.476189e-01
5.439215e-01	7.279472e-01	-2.335562e-01
5.396140e-01	7.276530e-01	-2.335728e-01
5.357253e-01	7.274721e-01	-2.334979e-01
5.561114e-01	7.285136e-01	-2.347961e-01
5.603614e-01	7.282859e-01	-2.348022e-01
5.643376e-01	7.276670e-01	-2.346339e-01
5.317518e-01	7.220182e-01	-1.259635e-01
5.695337e-01	7.189161e-01	-1.302122e-01
5.418855e-01	6.937027e-01	-2.051631e-01
5.567759e-01	6.935346e-01	-2.059094e-01
5.044923e-01	6.545808e-01	-1.027975e-01
5.884438e-01	6.428286e-01	-1.222887e-01
4.751940e-01	6.517206e-01	-3.603865e-01
6.191276e-01	6.375532e-01	-3.950039e-01
4.793374e-01	6.458803e-01	-6.234577e-01
6.236181e-01	6.330608e-01	-6.947417e-01
4.742337e-01	6.381143e-01	-6.870176e-01
6.291431e-01	6.294273e-01	-7.665110e-01
4.888120e-01	6.375394e-01	-6.814471e-01
6.211942e-01	6.284772e-01	-7.623751e-01
4.928847e-01	6.360347e-01	-6.311668e-01
6.162962e-01	6.264457e-01	-7.064692e-01
5.120410e-01	3.681425e-01	4.253106e-03
5.721440e-01	3.671876e-01	-4.256195e-03
4.974665e-01	2.264809e-01	3.611188e-02
5.927797e-01	2.213861e-01	6.982646e-02
4.932452e-01	1.149726e-01	2.983711e-01
5.895339e-01	1.085882e-01	3.213829e-01
4.977318e-01	9.980749e-02	3.121764e-01
5.841926e-01	9.626070e-02	3.393825e-01
4.828107e-01	5.591498e-02	2.027940e-01
6.078844e-01	4.778179e-02	2.138917e-01
5.496587e-01	7.261662e-01	-2.451315e-01
5.435703e-01	7.431816e-01	-2.311509e-01
5.392434e-01	7.428264e-01	-2.311820e-01
5.353727e-01	7.424595e-01	-2.311236e-01
5.556828e-01	7.438640e-01	-2.332419e-01
5.599250e-01	7.436338e-01	-2.332436e-01
5.639545e-01	7.429115e-01	-2.330758e-01
5.315031e-01	7.365972e-01	-1.234185e-01
5.690867e-01	7.338741e-01	-1.321860e-01
5.417574e-01	7.085390e-01	-2.024879e-01
5.565852e-01	7.083433e-01	-2.046048e-01
5.042580e-01	6.626624e-01	-1.004480e-01
5.885309e-01	6.555160e-01	-1.241897e-01
4.747438e-01	6.555465e-01	-3.507654e-01
6.177855e-01	6.421859e-01	-3.989559e-01
4.762894e-01	6.496259e-01	-6.155190e-01
6.271163e-01	6.335483e-01	-7.175103e-01
4.717203e-01	6.440281e-01	-6.794579e-01
6.371657e-01	6.313756e-01	-7.920289e-01
4.862801e-01	6.446559e-01	-6.753978e-01
6.292919e-01	6.304306e-01	-7.924013e-01
4.907938e-01	6.430271e-01	-6.238809e-01
6.218637e-01	6.287191e-01	-7.318775e-01
5.122765e-01	3.760094e-01	7.958189e-03
5.721864e-01	3.750464e-01	-7.956563e-03
4.975389e-01	2.316560e-01	1.750574e-02
5.938285e-01	2.201525e-01	5.010920e-02
4.932961e-01	1.151026e-01	2.969752e-01
5.897413e-01	1.085471e-01	3.209703e-01
4.978739e-01	1.008607e-01	3.131219e-01
5.847030e-01	9.746014e-02	3.415048e-01
4.828947e-01	5.404639e-02	2.068228e-01
6.076713e-01	4.711723e-02	2.162986e-01
5.494106e-01	7.500175e-01	-2.452093e-01
5.432923e-01	7.659172e-01	-2.308046e-01
5.390337e-01	7.653220e-01	-2.308412e-01
5.352082e-01	7.646175e-01	-2.307849e-01
5.550135e-01	7.656174e-01	-2.313318e-01
5.589649e-01	7.648634e-01	-2.313604e-01
5.628961e-01	7.639068e-01	-2.312084e-01
5.314444e-01	7.553727e-01	-1.220702e-01
5.678023e-01	7.535307e-01	-1.240611e-01
5.417594e-01	7.288350e-01	-2.024780e-01
5.560173e-01	7.281978e-01	-2.028025e-01
5.024697e-01	6.666875e-01	-7.774934e-02
5.897686e-01	6.641299e-01	-1.151250e-01
4.639847e-01	6.492713e-01	-2.593308e-01
6.291066e-01	6.406220e-01	-2.943691e-01
4.715223e-01	6.470305e-01	-4.976446e-01
6.311259e-01	6.358895e-01	-5.941172e-01
4.711455e-01	6.459768e-01	-5.528879e-01
6.364024e-01	6.326947e-01	-6.813155e-01
4.835955e-01	6.495233e-01	-5.528885e-01
6.291372e-01	6.348747e-01	-6.650433e-01
4.873373e-01	6.467631e-01	-5.052916e-01
6.243152e-01	6.330300e-01	-5.997092e-01
5.132324e-01	3.846693e-01	6.319021e-03
5.723870e-01	3.836663e-01	-6.289287e-03
4.977154e-01	2.400796e-01	4.614629e-02
5.938706e-01	2.312546e-01	7.828315e-02
4.933617e-01	1.148001e-01	2.929477e-01
5.899659e-01	1.085089e-01	3.313573e-01
4.979455e-01	1.008018e-01	3.071613e-01
5.849999e-01	9.672104e-02	3.494051e-01
4.829149e-01	5.340539e-02	1.924750e-01
6.080847e-01	4.779996e-02	2.254141e-01
5.492159e-01	7.615762e-01	-2.510590e-01
5.431088e-01	7.779564e-01	-2.355803e-01
5.388473e-01	7.771763e-01	-2.356406e-01
5.350196e-01	7.762319e-01	-2.356125e-01
5.547978e-01	7.785287e-01	-2.344092e-01
5.587137e-01	7.781366e-01	-2.344486e-01
5.626965e-01	7.775596e-01	-2.343302e-01
5.312726e-01	7.671857e-01	-1.241213e-01
5.675082e-01	7.672202e-01	-1.193194e-01
5.416998e-01	7.392883e-01	-2.080017e-01
5.558161e-01	7.396953e-01	-2.060578e-01
5.024980e-01	6.725389e-01	-7.467644e-02
5.919024e-01	6.726530e-01	-6.053106e-02
4.502479e-01	6.458933e-01	-2.282517e-01
6.388636e-01	6.396837e-01	-1.722761e-01
4.636458e-01	6.463217e-01	-4.532114e-01
6.413824e-01	6.341490e-01	-3.960428e-01
4.664495e-01	6.441255e-01	-5.068474e-01
6.450824e-01	6.307792e-01	-4.518552e-01
4.782878e-01	6.495001e-01	-5.084265e-01
6.354177e-01	6.337594e-01	-4.501255e-01
4.806566e-01	6.471009e-01	-4.604946e-01
6.326902e-01	6.327494e-01	-4.045142e-01
5.146913e-01	3.917717e-01	3.309748e-03
5.731088e-01	3.895087e-01	-3.189325e-03
4.979274e-01	2.409081e-01	3.754009e-02
5.947820e-01	2.338322e-01	8.152010e-02
4.939243e-01	1.152218e-01	3.087041e-01
5.899703e-01	1.086777e-01	3.585418e-01
4.988751e-01	1.012838e-01	3.278891e-01
5.849120e-01	9.713790e-02	3.785418e-01
4.834375e-01	5.379546e-02	2.079113e-01
6.081333e-01	4.792245e-02	2.539314e-01
5.489777e-01	7.755402e-01	-2.512479e-01
5.428088e-01	7.914630e-01	-2.355269e-01
5.384977e-01	7.904952e-01	-2.355973e-01
5.347208e-01	7.895202e-01	-2.355751e-01
5.544806e-01	7.926372e-01	-2.337406e-01
5.582820e-01	7.925046e-01	-2.337838e-01
5.623225e-01	7.923197e-01	-2.336529e-01
5.309058e-01	7.808605e-01	-1.239796e-01
5.668934e-01	7.832783e-01	-1.168095e-01
5.416180e-01	7.523225e-01	-2.085572e-01
5.555685e-01	7.534009e-01	-2.059404e-01
5.024740e-01	6.826112e-01	-7.681846e-02
5.927304e-01	6.856211e-01	-4.762102e-02
4.489912e-01	6.436042e-01	-2.359933e-01
6.367680e-01	6.413553e-01	-1.749332e-01
4.615012e-01	6.462164e-01	-4.683682e-01
6.434587e-01	6.337444e-01	-4.277060e-01
4.626607e-01	6.453249e-01	-5.241380e-01
6.494259e-01	6.303679e-01	-4.876296e-01
4.755359e-01	6.525384e-01	-5.256097e-01
6.429018e-01	6.316448e-01	-4.890854e-01
4.788621e-01	6.495214e-01	-4.753996e-01
6.367998e-01	6.308500e-01	-4.387036e-01
5.160258e-01	4.014650e-01	-1.384071e-03
5.735996e-01	3.996702e-01	1.548648e-03
4.979627e-01	2.457206e-01	3.183492e-02
5.970761e-01	2.375122e-01	5.896993e-02
4.943692e-01	1.160031e-01	3.103433e-01
5.900223e-01	1.097512e-01	3.327979e-01
4.992525e-01	1.016104e-01	3.310937e-01
5.849094e-01	9.738551e-02	3.554806e-01
4.836805e-01	5.401477e-02	2.111875e-01
6.083345e-01	4.908411e-02	2.257621e-01
5.484484e-01	7.853536e-01	-2.994767e-01
5.422056e-01	8.025787e-01	-2.814905e-01
5.377799e-01	8.017281e-01	-2.815521e-01
5.341467e-01	8.009074e-01	-2.815127e-01
5.541159e-01	8.041442e-01	-2.819948e-01
5.578932e-01	8.043537e-01	-2.820596e-01
5.620185e-01	8.045090e-01	-2.819181e-01
5.302955e-01	7.937458e-01	-1.601945e-01
5.667375e-01	7.973639e-01	-1.635060e-01
5.413122e-01	7.632441e-01	-2.533435e-01
5.552917e-01	7.645561e-01	-2.540901e-01
5.017866e-01	6.926634e-01	-9.438058e-02
5.964214e-01	6.933106e-01	-8.034157e-02
4.371045e-01	6.222948e-01	-2.467760e-01
6.528061e-01	6.231536e-01	-2.249623e-01
4.600235e-01	6.452152e-01	-4.775167e-01
6.414055e-01	6.390257e-01	-4.762281e-01
4.611573e-01	6.442820e-01	-5.312752e-01
6.452490e-01	6.394370e-01	-5.355617e-01
4.740749e-01	6.526169e-01	-5.259940e-01
6.362857e-01	6.519648e-01	-5.285847e-01
4.779471e-01	6.496596e-01	-4.811901e-01
6.345996e-01	6.466917e-01	-4.831162e-01
5.170100e-01	4.073523e-01	-2.419769e-03
5.748450e-01	4.076898e-01	2.577884e-03
4.982749e-01	2.446092e-01	3.585083e-02
5.979334e-01	2.403899e-01	5.051921e-02
4.950016e-01	1.162604e-01	3.214182e-01
5.907657e-01	1.098690e-01	3.273652e-01
4.995616e-01	1.019009e-01	3.433520e-01
5.854092e-01	9.615795e-02	3.517233e-01
4.837228e-01	5.424662e-02	2.239747e-01
6.092593e-01	4.916674e-02	2.131654e-01
5.483370e-01	7.960932e-01	-3.192240e-01
5.420330e-01	8.137128e-01	-3.008764e-01
5.375769e-01	8.130232e-01	-3.009571e-01
5.339326e-01	8.122960e-01	-3.009256e-01
5.539659e-01	8.149974e-01	-2.984449e-01
5.577015e-01	8.151708e-01	-2.985024e-01
5.618142e-01	8.151831e-01	-2.983610e-01
5.300055e-01	8.052776e-01	-1.753738e-01
5.664543e-01	8.074459e-01	-1.660994e-01
5.413142e-01	7.745721e-01	-2.712991e-01
5.552346e-01	7.749909e-01	-2.683277e-01
5.007230e-01	6.987972e-01	-1.094639e-01
5.973772e-01	7.021819e-01	-7.585479e-02
4.344385e-01	6.007397e-01	-2.518742e-01
6.487705e-01	6.236039e-01	-1.163717e-01
4.586078e-01	6.384435e-01	-4.933333e-01
6.601547e-01	5.916181e-01	-2.944173e-01
4.614805e-01	6.432475e-01	-5.498741e-01
6.741306e-01	5.548647e-01	-3.416294e-01
4.739465e-01	6.545195e-01	-5.459098e-01
6.681099e-01	5.590352e-01	-3.574597e-01
4.769435e-01	6.495200e-01	-4.982886e-01
6.600637e-01	5.719836e-01	-3.083924e-01
5.174205e-01	4.127733e-01	-6.190431e-03
5.751811e-01	4.144468e-01	6.397336e-03
4.990610e-01	2.435232e-01	4.019733e-02
5.984432e-01	2.435953e-01	5.938619e-02
4.959326e-01	1.167541e-01	3.313319e-01
5.914294e-01	1.101876e-01	3.303812e-01
5.003339e-01	1.021259e-01	3.545373e-01
5.857209e-01	9.544774e-02	3.503847e-01
4.838517e-01	5.435016e-02	2.370437e-01
6.098330e-01	4.945962e-02	2.139109e-01
5.480736e-01	8.067992e-01	-3.078050e-01
5.418326e-01	8.245049e-01	-2.878562e-01
5.374119e-01	8.238192e-01	-2.879298e-01
5.337659e-01	8.230229e-01	-2.878864e-01
5.536704e-01	8.255005e-01	-2.865606e-01
5.573326e-01	8.254989e-01	-2.866162e-01
5.613772e-01	8.252662e-01	-2.864924e-01
5.299816e-01	8.150527e-01	-1.587657e-01
5.662552e-01	8.165376e-01	-1.533961e-01
5.412633e-01	7.855164e-01	-2.585414e-01
5.550334e-01	7.849284e-01	-2.569031e-01
5.006862e-01	7.063729e-01	-1.001967e-01
5.977683e-01	7.088259e-01	-6.536435e-02
4.404747e-01	6.050944e-01	-2.125796e-01
6.473741e-01	6.230208e-01	-1.345455e-01
4.565470e-01	6.293252e-01	-4.632460e-01
6.638752e-01	5.792225e-01	-3.557537e-01
4.617439e-01	6.411186e-01	-5.223338e-01
6.762872e-01	5.372199e-01	-4.113050e-01
4.715593e-01	6.520991e-01	-5.277553e-01
6.694039e-01	5.483630e-01	-4.260735e-01
4.729418e-01	6.473317e-01	-4.718266e-01
6.631477e-01	5.582304e-01	-3.703451e-01
5.180426e-01	4.205721e-01	-5.869912e-03
5.755432e-01	4.215684e-01	6.062719e-03
4.996685e-01	2.460153e-01	4.115325e-02
5.989068e-01	2.473485e-01	5.335195e-02
4.968312e-01	1.170694e-01	3.307997e-01
5.921747e-01	1.106985e-01	3.288596e-01
5.012351e-01	1.022864e-01	3.535243e-01
5.863278e-01	9.518616e-02	3.435257e-01
4.839945e-01	5.436023e-02	2.358992e-01
6.104244e-01	4.956903e-02	2.058256e-01
5.480935e-01	8.146417e-01	-2.591228e-01
5.418460e-01	8.331329e-01	-2.397958e-01
5.374197e-01	8.325564e-01	-2.398781e-01
5.337332e-01	8.317178e-01	-2.398108e-01
5.537096e-01	8.340301e-01	-2.385887e-01
5.573939e-01	8.340498e-01	-2.386025e-01
5.614356e-01	8.337509e-01	-2.384863e-01
5.299832e-01	8.237388e-01	-1.177543e-01
5.663059e-01	8.246322e-01	-1.114604e-01
5.412695e-01	7.935867e-01	-2.132226e-01
5.550618e-01	7.930202e-01	-2.109838e-01
5.010936e-01	7.162211e-01	-5.968038e-02
5.980676e-01	7.159401e-01	-2.150643e-02
4.575282e-01	6.199617e-01	-1.457735e-01
6.452888e-01	6.224979e-01	-5.922725e-02
4.524573e-01	6.033564e-01	-3.751088e-01
6.655937e-01	5.568139e-01	-2.493230e-01
4.492908e-01	5.941078e-01	-4.270638e-01
6.783469e-01	5.168686e-01	-2.993131e-01
4.531990e-01	6.047020e-01	-4.506620e-01
6.731314e-01	5.161567e-01	-3.203072e-01
4.592117e-01	6.078431e-01	-3.905927e-01
6.649569e-01	5.332946e-01	-2.654582e-01
5.185777e-01	4.268802e-01	-7.507984e-03
5.755331e-01	4.273611e-01	7.721783e-03
5.004467e-01	2.500874e-01	3.733739e-02
5.977746e-01	2.538530e-01	7.096146e-02
4.982377e-01	1.171387e-01	2.704393e-01
5.923098e-01	1.106603e-01	3.071285e-01
5.025125e-01	1.010488e-01	2.863950e-01
5.864018e-01	9.243520e-02	3.196059e-01
4.840724e-01	5.445125e-02	1.697449e-01
6.116461e-01	4.971707e-02	1.970808e-01
5.484844e-01	8.214106e-01	-2.533652e-01
5.420493e-01	8.403162e-01	-2.348485e-01
5.377018e-01	8.398343e-01	-2.349254e-01
5.338401e-01	8.388954e-01	-2.348617e-01
5.538934e-01	8.412030e-01	-2.333941e-01
5.576766e-01	8.412465e-01	-2.333955e-01
5.617291e-01	8.408387e-01	-2.332793e-01
5.300339e-01	8.300622e-01	-1.177354e-01
5.663563e-01	8.313760e-01	-1.103214e-01
5.416282e-01	8.004911e-01	-2.094670e-01
5.554034e-01	8.000541e-01	-2.068526e-01
5.011304e-01	7.194536e-01	-6.110457e-02
5.982987e-01	7.219151e-01	-2.608716e-02
4.670332e-01	6.235532e-01	-1.226830e-01
6.438420e-01	6.218258e-01	-2.548587e-02
4.507288e-01	5.774853e-01	-3.315639e-01
6.647834e-01	5.390443e-01	-1.651085e-01
4.385938e-01	5.477144e-01	-3.804937e-01
6.763744e-01	5.041185e-01	-2.082607e-01
4.393193e-01	5.500035e-01	-4.123621e-01
6.713216e-01	5.028869e-01	-2.357621e-01
4.470428e-01	5.599051e-01	-3.501241e-01
6.642402e-01	5.152443e-01	-1.825600e-01
5.187708e-01	4.345056e-01	-7.569669e-03
5.755254e-01	4.346986e-01	7.774177e-03
5.011786e-01	2.548831e-01	3.691390e-02
5.940584e-01	2.602403e-01	6.660114e-02
4.992945e-01	1.172093e-01	2.474937e-01
5.924524e-01	1.101956e-01	2.773913e-01
5.031954e-01	1.006963e-01	2.613077e-01
5.868812e-01	9.044708e-02	2.892233e-01
4.840851e-01	5.452763e-02	1.426864e-01
6.125499e-01	4.972243e-02	1.683589e-01
5.486815e-01	8.249650e-01	-2.817175e-01
5.421801e-01	8.452482e-01	-2.613557e-01
5.378534e-01	8.449647e-01	-2.614228e-01
5.338974e-01	8.442403e-01	-2.613567e-01
5.540570e-01	8.459178e-01	-2.630644e-01
5.579681e-01	8.459353e-01	-2.630667e-01
5.620642e-01	8.453265e-01	-2.629501e-01
5.300724e-01	8.355638e-01	-1.355461e-01
5.667123e-01	8.354748e-01	-1.428320e-01
5.417489e-01	8.039516e-01	-2.345950e-01
5.556512e-01	8.035159e-01	-2.361881e-01
5.011035e-01	7.221432e-01	-6.452222e-02
5.987491e-01	7.239974e-01	-5.284938e-02
4.692468e-01	6.221243e-01	-6.386559e-02
6.426499e-01	6.152980e-01	-5.593583e-02
4.478461e-01	5.455922e-01	-2.160991e-01
6.616013e-01	5.277611e-01	-1.923756e-01
4.366182e-01	5.118836e-01	-2.565443e-01
6.726645e-01	4.924283e-01	-2.361886e-01
4.371599e-01	5.118595e-01	-2.942744e-01
6.681994e-01	4.905134e-01	-2.675497e-01
4.440108e-01	5.245380e-01	-2.362089e-01
6.617516e-01	5.034354e-01	-2.108463e-01
5.188968e-01	4.416575e-01	-3.679649e-03
5.755202e-01	4.391599e-01	3.850649e-03
5.012656e-01	2.595998e-01	3.747192e-02
5.927360e-01	2.608374e-01	6.406274e-02
4.999643e-01	1.178649e-01	2.588905e-01
5.925735e-01	1.102573e-01	2.875034e-01
5.038196e-01	1.007537e-01	2.740040e-01
5.873788e-01	9.075955e-02	3.032673e-01
4.840927e-01	5.460073e-02	1.544320e-01
6.126411e-01	4.950723e-02	1.841134e-01
5.491371e-01	8.264064e-01	-3.074404e-01
5.423954e-01	8.478315e-01	-2.870454e-01
5.381047e-01	8.476535e-01	-2.870983e-01
5.340225e-01	8.471031e-01	-2.870283e-01
5.543910e-01	8.482632e-01	-2.897963e-01
5.585812e-01	8.481585e-01	-2.898218e-01
5.626639e-01	8.474784e-01	-2.897206e-01
5.301963e-01	8.391247e-01	-1.610398e-01
5.674366e-01	8.380697e-01	-1.728446e-01
5.419726e-01	8.055642e-01	-2.599025e-01
5.560781e-01	8.050478e-01	-2.629519e-01
5.011242e-01	7.251830e-01	-7.564180e-02
5.995815e-01	7.247391e-01	-8.698519e-02
4.724373e-01	6.190459e-01	-5.695352e-02
6.390370e-01	6.033527e-01	-6.932096e-02
4.482664e-01	5.221188e-01	-1.761701e-01
6.593887e-01	4.975031e-01	-1.914040e-01
4.378739e-01	4.842388e-01	-2.120416e-01
6.695570e-01	4.597619e-01	-2.326783e-01
4.394913e-01	4.820971e-01	-2.497285e-01
6.649237e-01	4.590110e-01	-2.680750e-01
4.455180e-01	4.963095e-01	-1.955699e-01
6.592668e-01	4.716004e-01	-2.107253e-01
5.188798e-01	4.448560e-01	-1.291863e-03
5.753412e-01	4.416043e-01	1.428752e-03
5.014294e-01	2.643540e-01	4.169048e-02
5.917493e-01	2.619001e-01	6.138493e-02
4.998990e-01	1.198945e-01	2.689048e-01
5.925797e-01	1.099918e-01	2.911948e-01
5.038096e-01	1.029474e-01	2.852091e-01
5.874362e-01	9.091976e-02	3.067521e-01
4.841093e-01	5.555958e-02	1.670432e-01
6.126029e-01	4.954709e-02	1.831457e-01
5.499448e-01	8.280583e-01	-3.212233e-01
5.429019e-01	8.496847e-01	-3.009249e-01
5.386872e-01	8.496058e-01	-3.009844e-01
5.343776e-01	8.492234e-01	-3.009319e-01
5.550951e-01	8.498402e-01	-3.031783e-01
5.596663e-01	8.495562e-01	-3.032096e-01
5.635362e-01	8.488756e-01	-3.031050e-01
5.304042e-01	8.413464e-01	-1.763650e-01
5.683637e-01	8.392308e-01	-1.857709e-01
5.423344e-01	8.070396e-01	-2.741979e-01
5.567557e-01	8.062614e-01	-2.766615e-01
5.011333e-01	7.263553e-01	-9.502478e-02
5.995731e-01	7.240123e-01	-1.007387e-01
4.746242e-01	6.137652e-01	-6.058936e-02
6.322430e-01	5.979265e-01	-7.652561e-02
4.491135e-01	5.047586e-01	-1.590575e-01
6.547783e-01	4.901918e-01	-1.932594e-01
4.396099e-01	4.662861e-01	-1.917318e-01
6.635484e-01	4.537490e-01	-2.320394e-01
4.424222e-01	4.636446e-01	-2.304932e-01
6.623638e-01	4.560593e-01	-2.692188e-01
4.484102e-01	4.776202e-01	-1.781200e-01
6.561194e-01	4.704191e-01	-2.132216e-01
5.188628e-01	4.495106e-01	-5.844283e-04
5.749503e-01	4.466218e-01	7.021347e-04
5.014217e-01	2.692181e-01	3.270090e-02
5.909355e-01	2.643682e-01	4.607801e-02
4.998463e-01	1.212059e-01	2.505117e-01
5.924241e-01	1.101529e-01	2.671408e-01
5.037349e-01	1.044932e-01	2.649327e-01
5.874177e-01	9.125879e-02	2.807453e-01
4.841618e-01	5.617130e-02	1.427978e-01
6.122232e-01	4.977064e-02	1.539370e-01
5.505782e-01	8.297724e-01	-3.412446e-01
5.433584e-01	8.513421e-01	-3.217166e-01
5.392069e-01	8.512166e-01	-3.217697e-01
5.347293e-01	8.507869e-01	-3.217270e-01
5.557247e-01	8.514982e-01	-3.235605e-01
5.605789e-01	8.511123e-01	-3.235987e-01
5.642735e-01	8.503737e-01	-3.235103e-01
5.306381e-01	8.425163e-01	-1.979887e-01
5.691488e-01	8.401619e-01	-2.053186e-01
5.425580e-01	8.080804e-01	-2.941157e-01
5.573352e-01	8.072825e-01	-2.960150e-01
5.007537e-01	7.243530e-01	-1.155738e-01
5.994605e-01	7.220362e-01	-1.186261e-01
4.767424e-01	6.028955e-01	-7.862549e-02
6.236757e-01	5.908175e-01	-8.574076e-02
4.502060e-01	4.919774e-01	-1.744204e-01
6.446975e-01	4.827194e-01	-1.921614e-01
4.418572e-01	4.509420e-01	-2.056239e-01
6.512253e-01	4.450158e-01	-2.276438e-01
4.451399e-01	4.484940e-01	-2.444099e-01
6.503748e-01	4.467885e-01	-2.672356e-01
4.510203e-01	4.638115e-01	-1.933230e-01
6.438021e-01	4.601691e-01	-2.125419e-01
5.188475e-01	4.524521e-01	-2.503220e-04
5.747303e-01	4.511687e-01	3.389634e-04
5.014185e-01	2.714897e-01	2.732525e-02
5.904662e-01	2.687430e-01	3.933611e-02
4.998134e-01	1.223069e-01	2.422908e-01
5.922075e-01	1.117912e-01	2.560174e-01
5.036415e-01	1.056253e-01	2.562080e-01
5.872127e-01	9.358075e-02	2.692551e-01
4.843037e-01	5.627976e-02	1.328280e-01
6.117637e-01	5.062214e-02	1.424691e-01
5.513953e-01	8.307313e-01	-3.753847e-01
5.441121e-01	8.521037e-01	-3.567926e-01
5.400183e-01	8.521504e-01	-3.568547e-01
5.353239e-01	8.519273e-01	-3.568405e-01
5.566509e-01	8.516037e-01	-3.578715e-01
5.615805e-01	8.510049e-01	-3.579184e-01
5.650046e-01	8.501838e-01	-3.578687e-01
5.308577e-01	8.436999e-01	-2.314357e-01
5.697762e-01	8.404588e-01	-2.350423e-01
5.428385e-01	8.091819e-01	-3.269094e-01
5.579123e-01	8.081850e-01	-3.277618e-01
4.992746e-01	7.214570e-01	-1.412051e-01
5.993886e-01	7.211235e-01	-1.423494e-01
4.783383e-01	5.894643e-01	-9.620004e-02
6.183442e-01	5.842880e-01	-9.567764e-02
4.539033e-01	4.785399e-01	-1.858890e-01
6.383472e-01	4.719941e-01	-1.935414e-01
4.456312e-01	4.386796e-01	-2.156712e-01
6.433581e-01	4.355882e-01	-2.257138e-01
4.455442e-01	4.367785e-01	-2.529949e-01
6.422586e-01	4.362968e-01	-2.658792e-01
4.523601e-01	4.527650e-01	-2.040240e-01
6.360027e-01	4.494658e-01	-2.135408e-01
5.188208e-01	4.505555e-01	3.210787e-04
5.746441e-01	4.507191e-01	-2.746398e-04
5.013920e-01	2.700482e-01	3.084068e-02
5.896896e-01	2.699369e-01	4.119856e-02
4.996958e-01	1.222091e-01	2.541987e-01
5.919363e-01	1.128387e-01	2.685867e-01
5.035551e-01	1.055599e-01	2.701369e-01
5.868720e-01	9.453665e-02	2.831716e-01
4.843605e-01	5.626706e-02	1.487540e-01
6.113905e-01	5.158387e-02	1.568152e-01
5.519551e-01	8.315350e-01	-3.912714e-01
5.446268e-01	8.527502e-01	-3.729878e-01
5.405703e-01	8.527262e-01	-3.730397e-01
5.357646e-01	8.523644e-01	-3.730156e-01
5.572627e-01	8.522567e-01	-3.730169e-01
5.622036e-01	8.515899e-01	-3.730652e-01
5.654734e-01	8.507639e-01	-3.730155e-01
5.311164e-01	8.435828e-01	-2.475044e-01
5.702745e-01	8.408347e-01	-2.460567e-01
5.431342e-01	8.099104e-01	-3.427714e-01
5.585307e-01	8.089465e-01	-3.421527e-01
4.989037e-01	7.199261e-01	-1.564351e-01
5.993161e-01	7.200693e-01	-1.483667e-01
4.796728e-01	5.830048e-01	-1.092399e-01
6.155547e-01	5.803630e-01	-9.827564e-02
4.588187e-01	4.685153e-01	-2.039166e-01
6.326120e-01	4.638088e-01	-1.958916e-01
4.512873e-01	4.278238e-01	-2.364641e-01
6.383477e-01	4.263145e-01	-2.291868e-01
4.504642e-01	4.259021e-01	-2.741956e-01
6.345333e-01	4.261466e-01	-2.706698e-01
4.571902e-01	4.402378e-01	-2.222742e-01
6.285855e-01	4.362890e-01	-2.162848e-01
5.188224e-01	4.489184e-01	-2.025676e-04
5.746423e-01	4.497456e-01	2.262698e-04
5.014491e-01	2.689070e-01	2.398388e-02
5.897025e-01	2.690119e-01	4.152595e-02
4.994133e-01	1.216050e-01	2.562733e-01
5.917953e-01	1.141333e-01	2.761270e-01
5.031861e-01	1.044049e-01	2.717242e-01
5.864320e-01	9.591698e-02	2.904902e-01
4.843669e-01	5.591990e-02	1.397906e-01
6.113826e-01	5.212788e-02	1.647979e-01
5.523108e-01	8.330160e-01	-4.009781e-01
5.449100e-01	8.542489e-01	-3.827084e-01
5.408629e-01	8.541422e-01	-3.827562e-01
5.359830e-01	8.535727e-01	-3.827317e-01
5.576831e-01	8.538754e-01	-3.834225e-01
5.626426e-01	8.531410e-01	-3.834918e-01
5.658358e-01	8.523164e-01	-3.834550e-01
5.312585e-01	8.435819e-01	-2.583933e-01
5.707676e-01	8.414416e-01	-2.602089e-01
5.433569e-01	8.108302e-01	-3.529914e-01
5.590931e-01	8.099225e-01	-3.533282e-01
4.989115e-01	7.186792e-01	-1.669548e-01
5.995086e-01	7.187466e-01	-1.647673e-01
4.816980e-01	5.772417e-01	-1.152884e-01
6.126750e-01	5.745245e-01	-1.061210e-01
4.670264e-01	4.573352e-01	-1.996222e-01
6.253138e-01	4.452532e-01	-1.983927e-01
4.626323e-01	4.171483e-01	-2.307695e-01
6.298766e-01	4.059491e-01	-2.302738e-01
4.637130e-01	4.163191e-01	-2.647764e-01
6.240219e-01	4.039592e-01	-2.696393e-01
4.698459e-01	4.280928e-01	-2.162575e-01
6.194800e-01	4.151566e-01	-2.172835e-01
5.189536e-01	4.471777e-01	-2.461581e-04
5.746983e-01	4.477005e-01	2.820384e-04
5.015587e-01	2.683652e-01	2.858617e-02
5.895425e-01	2.680658e-01	5.079812e-02
4.990659e-01	1.211016e-01	2.688526e-01
5.917459e-01	1.150756e-01	2.964933e-01
5.028656e-01	1.033925e-01	2.842138e-01
5.863015e-01	9.663786e-02	3.125013e-01
4.843802e-01	5.541732e-02	1.485045e-01
6.113032e-01	5.242869e-02	1.762509e-01
5.524222e-01	8.321682e-01	-4.064129e-01
5.449819e-01	8.530821e-01	-3.890955e-01
5.409322e-01	8.528983e-01	-3.891335e-01
5.360459e-01	8.523230e-01	-3.891044e-01
5.577539e-01	8.527666e-01	-3.896824e-01
5.627359e-01	8.520527e-01	-3.897589e-01
5.659403e-01	8.512345e-01	-3.897151e-01
5.312878e-01	8.424408e-01	-2.675753e-01
5.709175e-01	8.407284e-01	-2.690688e-01
5.434130e-01	8.099883e-01	-3.592099e-01
5.592257e-01	8.090417e-01	-3.594692e-01
4.985198e-01	7.181060e-01	-1.771904e-01
5.995706e-01	7.178738e-01	-1.745922e-01
4.828612e-01	5.674843e-01	-1.201633e-01
6.095940e-01	5.680097e-01	-1.183148e-01
4.729469e-01	4.409546e-01	-2.025855e-01
6.197270e-01	4.298581e-01	-2.033537e-01
4.690712e-01	3.990176e-01	-2.334286e-01
6.224058e-01	3.919411e-01	-2.353006e-01
4.734724e-01	3.978786e-01	-2.654665e-01
6.187925e-01	3.885302e-01	-2.730812e-01
4.785920e-01	4.118209e-01	-2.180961e-01
6.134714e-01	4.018847e-01	-2.214900e-01
5.189422e-01	4.453735e-01	-5.670516e-04
5.748517e-01	4.456265e-01	5.802549e-04
5.019945e-01	2.675360e-01	4.398539e-02
5.891346e-01	2.668891e-01	6.855379e-02
4.986697e-01	1.207494e-01	2.914840e-01
5.916840e-01	1.151860e-01	3.198408e-01
5.022550e-01	1.028534e-01	3.081973e-01
5.861701e-01	9.662921e-02	3.369377e-01
4.843886e-01	5.521368e-02	1.774303e-01
6.112887e-01	5.264954e-02	2.040676e-01
5.524153e-01	8.321094e-01	-4.032949e-01
5.449677e-01	8.527794e-01	-3.865029e-01
5.408773e-01	8.525286e-01	-3.865355e-01
5.360123e-01	8.518953e-01	-3.865016e-01
5.577486e-01	8.524275e-01	-3.876539e-01
5.627043e-01	8.516423e-01	-3.877407e-01
5.659364e-01	8.507510e-01	-3.876945e-01
5.312027e-01	8.418198e-01	-2.668431e-01
5.709156e-01	8.402238e-01	-2.712990e-01
5.433689e-01	8.097931e-01	-3.566353e-01
5.592186e-01	8.086408e-01	-3.577045e-01
4.982435e-01	7.179344e-01	-1.761649e-01
5.995372e-01	7.172743e-01	-1.791188e-01
4.842514e-01	5.665103e-01	-1.214157e-01
6.049359e-01	5.644497e-01	-1.240841e-01
4.781750e-01	4.380813e-01	-1.901173e-01
6.106997e-01	4.253604e-01	-2.001684e-01
4.750614e-01	3.954877e-01	-2.194034e-01
6.119272e-01	3.888865e-01	-2.312486e-01
4.804495e-01	3.936108e-01	-2.497953e-01
6.090147e-01	3.856835e-01	-2.671855e-01
4.855146e-01	4.067045e-01	-2.047235e-01
6.047341e-01	3.977725e-01	-2.172198e-01
5.181238e-01	4.450202e-01	-7.187402e-04
5.748476e-01	4.448792e-01	7.092847e-04
5.020829e-01	2.672512e-01	6.261782e-02
5.884551e-01	2.661218e-01	8.303343e-02
4.982802e-01	1.205737e-01	3.139244e-01
5.913795e-01	1.152138e-01	3.370733e-01
5.018124e-01	1.026217e-01	3.315467e-01
5.858709e-01	9.662578e-02	3.548911e-01
4.843260e-01	5.503120e-02	2.070673e-01
6.110713e-01	5.278965e-02	2.258593e-01
5.518848e-01	8.315400e-01	-3.894259e-01
5.447002e-01	8.519587e-01	-3.717468e-01
5.403743e-01	8.517338e-01	-3.717740e-01
5.357793e-01	8.512621e-01	-3.717234e-01
5.573595e-01	8.516362e-01	-3.724641e-01
5.621999e-01	8.508956e-01	-3.725386e-01
5.657285e-01	8.500425e-01	-3.724786e-01
5.308102e-01	8.416951e-01	-2.520874e-01
5.706507e-01	8.400337e-01	-2.544134e-01
5.429872e-01	8.096037e-01	-3.432423e-01
5.587265e-01	8.084205e-01	-3.437188e-01
4.981493e-01	7.170840e-01	-1.664115e-01
5.995122e-01	7.169200e-01	-1.660445e-01
4.859161e-01	5.625832e-01	-1.216811e-01
6.036872e-01	5.649810e-01	-1.218657e-01
4.826966e-01	4.259913e-01	-1.960553e-01
6.077615e-01	4.259550e-01	-2.008565e-01
4.788593e-01	3.852414e-01	-2.278412e-01
6.107136e-01	3.869714e-01	-2.332601e-01
4.860546e-01	3.836049e-01	-2.586141e-01
6.064219e-01	3.836330e-01	-2.696230e-01
4.908377e-01	3.985730e-01	-2.111245e-01
6.016318e-01	3.968636e-01	-2.181731e-01
5.179584e-01	4.439724e-01	-7.588506e-04
5.748146e-01	4.438415e-01	7.539311e-04
5.020834e-01	2.681397e-01	5.277911e-02
5.885446e-01	2.659168e-01	7.404709e-02
4.980281e-01	1.204778e-01	2.971445e-01
5.910837e-01	1.154676e-01	3.216658e-01
5.016745e-01	1.020838e-01	3.130946e-01
5.855916e-01	9.675527e-02	3.385406e-01
4.842734e-01	5.479628e-02	1.869278e-01
6.105444e-01	5.284533e-02	2.109254e-01
5.513228e-01	8.311466e-01	-3.974166e-01
5.443609e-01	8.514982e-01	-3.807139e-01
5.397949e-01	8.513089e-01	-3.807272e-01
5.355066e-01	8.509478e-01	-3.806689e-01
5.569897e-01	8.511574e-01	-3.806871e-01
5.617237e-01	8.504372e-01	-3.807616e-01
5.655278e-01	8.496034e-01	-3.807022e-01
5.304428e-01	8.416200e-01	-2.640607e-01
5.704400e-01	8.399749e-01	-2.634016e-01
5.425588e-01	8.094480e-01	-3.521731e-01
5.582638e-01	8.082059e-01	-3.518125e-01
4.981641e-01	7.152442e-01	-1.803306e-01
5.994911e-01	7.166360e-01	-1.732497e-01
4.885810e-01	5.495299e-01	-1.339719e-01
6.005632e-01	5.588315e-01	-1.257946e-01
4.885819e-01	4.049510e-01	-2.048189e-01
6.021554e-01	4.197005e-01	-2.055788e-01
4.824937e-01	3.686522e-01	-2.367301e-01
6.069345e-01	3.804200e-01	-2.380785e-01
4.907687e-01	3.645248e-01	-2.671615e-01
6.011998e-01	3.770386e-01	-2.739846e-01
4.968464e-01	3.800150e-01	-2.197980e-01
5.968055e-01	3.913677e-01	-2.227216e-01
5.176546e-01	4.433419e-01	-1.008759e-03
5.740371e-01	4.435391e-01	1.000704e-03
5.019516e-01	2.701576e-01	5.027892e-02
5.886070e-01	2.658271e-01	7.391921e-02
4.976555e-01	1.204721e-01	2.917923e-01
5.910178e-01	1.156304e-01	3.224288e-01
5.014846e-01	1.019479e-01	3.080585e-01
5.855609e-01	9.691022e-02	3.395012e-01
4.841359e-01	5.469024e-02	1.839802e-01
6.100720e-01	5.285195e-02	2.148516e-01
5.506951e-01	8.306463e-01	-4.106788e-01
5.439727e-01	8.509961e-01	-3.941843e-01
5.392047e-01	8.508357e-01	-3.941945e-01
5.352246e-01	8.505582e-01	-3.941376e-01
5.566378e-01	8.506528e-01	-3.938425e-01
5.612642e-01	8.499534e-01	-3.939203e-01
5.653272e-01	8.491459e-01	-3.938591e-01
5.300761e-01	8.414020e-01	-2.759629e-01
5.702883e-01	8.397664e-01	-2.740425e-01
5.420830e-01	8.090662e-01	-3.646978e-01
5.578066e-01	8.078091e-01	-3.639443e-01
4.981062e-01	7.142131e-01	-1.904736e-01
5.994456e-01	7.164485e-01	-1.792585e-01
4.890527e-01	5.465204e-01	-1.437885e-01
5.980871e-01	5.538437e-01	-1.280026e-01
4.888590e-01	3.995262e-01	-2.113201e-01
6.000890e-01	4.121408e-01	-2.074997e-01
4.823148e-01	3.646712e-01	-2.436362e-01
6.059583e-01	3.734324e-01	-2.398372e-01
4.906532e-01	3.591894e-01	-2.742534e-01
6.016401e-01	3.708149e-01	-2.765621e-01
4.967498e-01	3.749027e-01	-2.264462e-01
5.963702e-01	3.846939e-01	-2.249685e-01
5.164214e-01	4.415482e-01	-1.857151e-03
5.726094e-01	4.406822e-01	1.845824e-03
5.018274e-01	2.697466e-01	4.777140e-02
5.886303e-01	2.657103e-01	8.138119e-02
4.971468e-01	1.204664e-01	3.009809e-01
5.909353e-01	1.157005e-01	3.402923e-01
5.010155e-01	1.019407e-01	3.188812e-01
5.854705e-01	9.713113e-02	3.585481e-01
4.840893e-01	5.451833e-02	1.976013e-01
6.096786e-01	5.289557e-02	2.342364e-01
5.495780e-01	8.329548e-01	-4.086717e-01
5.432538e-01	8.532825e-01	-3.920293e-01
5.383413e-01	8.530238e-01	-3.920473e-01
5.347092e-01	8.525778e-01	-3.920004e-01
5.561146e-01	8.526328e-01	-3.917909e-01
5.604628e-01	8.519973e-01	-3.918759e-01
5.648739e-01	8.508445e-01	-3.918290e-01
5.293724e-01	8.425397e-01	-2.743579e-01
5.696909e-01	8.401650e-01	-2.729702e-01
5.411505e-01	8.108653e-01	-3.629802e-01
5.569963e-01	8.093173e-01	-3.623630e-01
4.966790e-01	7.140137e-01	-1.886182e-01
5.987478e-01	7.164075e-01	-1.793548e-01
4.878190e-01	5.467407e-01	-1.417551e-01
5.948058e-01	5.503604e-01	-1.271162e-01
4.865849e-01	4.009429e-01	-2.046990e-01
5.982416e-01	4.057687e-01	-2.016764e-01
4.806803e-01	3.672445e-01	-2.347114e-01
6.049039e-01	3.679318e-01	-2.322559e-01
4.884245e-01	3.620918e-01	-2.650657e-01
6.016045e-01	3.657338e-01	-2.690641e-01
4.943744e-01	3.769443e-01	-2.194812e-01
5.960124e-01	3.795477e-01	-2.190264e-01
5.142010e-01	4.408483e-01	-2.036947e-03
5.698682e-01	4.401058e-01	2.019671e-03
5.010014e-01	2.693634e-01	5.018516e-02
5.875354e-01	2.654904e-01	8.033341e-02
4.965354e-01	1.206441e-01	3.118363e-01
5.905801e-01	1.157252e-01	3.357162e-01
5.005876e-01	1.020835e-01	3.309489e-01
5.851901e-01	9.720384e-02	3.537224e-01
4.838491e-01	5.452864e-02	2.148446e-01
6.090488e-01	5.291079e-02	2.300016e-01
