4.333347e-01	7.885303e-01	-1.556586e-01
4.289227e-01	8.054334e-01	-1.357789e-01
4.240127e-01	8.056436e-01	-1.358673e-01
4.205426e-01	8.060336e-01	-1.358515e-01
4.415206e-01	8.041764e-01	-1.386371e-01
4.459467e-01	8.034967e-01	-1.386536e-01
4.508674e-01	8.029470e-01	-1.385788e-01
4.157611e-01	7.970300e-01	-1.193415e-02
4.590179e-01	7.922068e-01	-2.325762e-02
4.256609e-01	7.669634e-01	-1.090272e-01
4.416166e-01	7.654083e-01	-1.119102e-01
3.929634e-01	6.997377e-01	-8.758456e-03
4.837402e-01	6.971674e-01	-3.096213e-02
3.740743e-01	6.687624e-01	-3.055600e-01
4.809565e-01	6.683447e-01	-3.499585e-01
3.539198e-01	6.672986e-01	-6.381710e-01
4.809619e-01	6.686506e-01	-6.851646e-01
3.412998e-01	6.695933e-01	-7.106068e-01
4.855432e-01	6.711928e-01	-7.605484e-01
3.504267e-01	6.692257e-01	-7.164123e-01
4.786976e-01	6.707928e-01	-7.581758e-01
3.568348e-01	6.646879e-01	-6.516378e-01
4.751852e-01	6.669132e-01	-6.976156e-01
4.112622e-01	3.993395e-01	2.367144e-04
4.721878e-01	4.066352e-01	-1.685465e-04
4.134112e-01	1.770943e-01	-4.222455e-02
4.799010e-01	1.843274e-01	-2.620685e-02
4.207777e-01	4.177868e-03	1.426512e-01
4.859200e-01	1.809427e-02	1.219793e-01
4.268628e-01	-5.777687e-03	1.522994e-01
4.873701e-01	7.062882e-03	1.286997e-01
4.163700e-01	-5.736262e-02	1.675650e-02
4.819280e-01	-3.917027e-02	-1.663165e-02
4.334102e-01	7.888499e-01	-1.382970e-01
4.289339e-01	8.058375e-01	-1.171864e-01
4.240306e-01	8.060041e-01	-1.172920e-01
4.205488e-01	8.063577e-01	-1.172798e-01
4.415714e-01	8.046598e-01	-1.189992e-01
4.459901e-01	8.040572e-01	-1.190104e-01
4.508940e-01	8.033491e-01	-1.189363e-01
4.156889e-01	7.970781e-01	7.571068e-03
4.589817e-01	7.923926e-01	1.048372e-03
4.256779e-01	7.672235e-01	-9.178042e-02
4.416819e-01	7.657926e-01	-9.331935e-02
3.918682e-01	6.988077e-01	6.390478e-03
4.837397e-01	6.970724e-01	-1.031055e-02
3.739041e-01	6.669319e-01	-2.830082e-01
4.828002e-01	6.645745e-01	-3.237692e-01
3.544640e-01	6.643094e-01	-6.014385e-01
4.805486e-01	6.665401e-01	-6.593543e-01
3.414058e-01	6.695912e-01	-6.713645e-01
4.857144e-01	6.705211e-01	-7.350807e-01
3.510599e-01	6.692927e-01	-6.782826e-01
4.786728e-01	6.706210e-01	-7.309779e-01
3.580216e-01	6.646619e-01	-6.148977e-01
4.747509e-01	6.664722e-01	-6.711313e-01
4.111928e-01	3.974961e-01	-1.494503e-04
4.732448e-01	4.052259e-01	1.973587e-04
4.129423e-01	1.741835e-01	-5.040319e-02
4.799002e-01	1.798170e-01	-2.836334e-02
4.203355e-01	1.461862e-03	1.374392e-01
4.864233e-01	1.022749e-02	1.238063e-01
4.267988e-01	-9.350881e-03	1.474785e-01
4.866459e-01	-2.195431e-03	1.310919e-01
4.136547e-01	-7.301403e-02	7.580283e-03
4.828188e-01	-4.170959e-02	-1.645205e-02
4.334201e-01	7.892021e-01	-1.360017e-01
4.289278e-01	8.062395e-01	-1.150125e-01
4.240259e-01	8.063905e-01	-1.151163e-01
4.205420e-01	8.067289e-01	-1.151054e-01
4.415761e-01	8.051041e-01	-1.169102e-01
4.459928e-01	8.045524e-01	-1.169224e-01
4.508944e-01	8.037419e-01	-1.168524e-01
4.155621e-01	7.971869e-01	9.280740e-03
4.589332e-01	7.926556e-01	2.189965e-03
4.256771e-01	7.674530e-01	-8.960365e-02
4.417003e-01	7.661063e-01	-9.127173e-02
3.911766e-01	6.982899e-01	8.505957e-03
4.837411e-01	6.970538e-01	-1.013973e-02
3.738559e-01	6.654062e-01	-2.812353e-01
4.837792e-01	6.628934e-01	-3.239878e-01
3.557549e-01	6.624107e-01	-6.012214e-01
4.801226e-01	6.655976e-01	-6.582925e-01
3.418190e-01	6.695204e-01	-6.711729e-01
4.857838e-01	6.702532e-01	-7.337409e-01
3.517471e-01	6.693231e-01	-6.783251e-01
4.786280e-01	6.705215e-01	-7.296212e-01
3.591674e-01	6.646412e-01	-6.148896e-01
4.744179e-01	6.662072e-01	-6.700182e-01
4.111320e-01	3.965840e-01	-1.479523e-04
4.737930e-01	4.047059e-01	1.948249e-04
4.124722e-01	1.723659e-01	-5.218528e-02
4.798564e-01	1.768093e-01	-3.007803e-02
4.203732e-01	8.655032e-04	1.357790e-01
4.866624e-01	6.844147e-03	1.239123e-01
4.273094e-01	-1.036941e-02	1.458700e-01
4.858170e-01	-6.063431e-03	1.312792e-01
4.135487e-01	-7.721619e-02	6.258131e-03
4.835281e-01	-4.395011e-02	-1.649956e-02
4.334172e-01	7.893009e-01	-1.343454e-01
4.288906e-01	8.063951e-01	-1.131011e-01
4.239955e-01	8.065378e-01	-1.132102e-01
4.205152e-01	8.068568e-01	-1.132097e-01
4.415684e-01	8.052821e-01	-1.153189e-01
4.459848e-01	8.047577e-01	-1.153326e-01
4.508789e-01	8.038738e-01	-1.152748e-01
4.154255e-01	7.972061e-01	1.232598e-02
4.587975e-01	7.927634e-01	3.573927e-03
4.256532e-01	7.675327e-01	-8.755252e-02
4.417009e-01	7.662712e-01	-8.968140e-02
3.909388e-01	6.979818e-01	1.381256e-02
4.838455e-01	6.967713e-01	-6.328949e-03
3.745477e-01	6.627368e-01	-2.708483e-01
4.845627e-01	6.578555e-01	-3.145074e-01
3.571193e-01	6.612280e-01	-5.941125e-01
4.799567e-01	6.641669e-01	-6.501705e-01
3.419984e-01	6.689586e-01	-6.639042e-01
4.855623e-01	6.684760e-01	-7.250484e-01
3.518980e-01	6.693234e-01	-6.728329e-01
4.786277e-01	6.700718e-01	-7.218639e-01
3.596887e-01	6.645350e-01	-6.084659e-01
4.743837e-01	6.655490e-01	-6.620735e-01
4.113508e-01	3.957074e-01	7.497908e-05
4.750175e-01	4.038518e-01	-3.534861e-05
4.117721e-01	1.700723e-01	-5.768321e-02
4.798137e-01	1.735790e-01	-3.575539e-02
4.203638e-01	-1.684041e-05	1.319990e-01
4.867374e-01	5.499050e-03	1.259288e-01
4.275296e-01	-1.115659e-02	1.423941e-01
4.853874e-01	-6.878749e-03	1.343470e-01
4.133639e-01	-8.148086e-02	2.498756e-03
4.841824e-01	-4.525688e-02	-1.389931e-02
4.333331e-01	7.883937e-01	-1.314152e-01
4.286835e-01	8.062309e-01	-1.107536e-01
4.238465e-01	8.063107e-01	-1.108607e-01
4.204097e-01	8.065007e-01	-1.108580e-01
4.414642e-01	8.051720e-01	-1.130915e-01
4.459059e-01	8.046568e-01	-1.130947e-01
4.508147e-01	8.037320e-01	-1.130188e-01
4.151281e-01	7.965218e-01	1.388403e-02
4.586756e-01	7.924991e-01	4.677960e-03
4.255644e-01	7.669985e-01	-8.461293e-02
4.416700e-01	7.657598e-01	-8.687754e-02
3.908926e-01	6.973477e-01	1.692405e-02
4.838453e-01	6.967298e-01	-5.868411e-03
3.752117e-01	6.608199e-01	-2.662979e-01
4.845132e-01	6.564454e-01	-3.146304e-01
3.576330e-01	6.601424e-01	-5.852388e-01
4.798440e-01	6.625214e-01	-6.466219e-01
3.419999e-01	6.680620e-01	-6.534307e-01
4.857465e-01	6.673206e-01	-7.207798e-01
3.518934e-01	6.682937e-01	-6.625476e-01
4.787965e-01	6.681616e-01	-7.171531e-01
3.598718e-01	6.632087e-01	-5.995208e-01
4.743899e-01	6.634818e-01	-6.582785e-01
4.119225e-01	3.949380e-01	1.240307e-03
4.756889e-01	4.029883e-01	-1.225780e-03
4.111648e-01	1.691982e-01	-5.798001e-02
4.798129e-01	1.717135e-01	-3.885872e-02
4.199429e-01	-5.808084e-04	1.264825e-01
4.868809e-01	5.557479e-03	1.292556e-01
4.275224e-01	-1.219141e-02	1.365055e-01
4.853662e-01	-6.533982e-03	1.387963e-01
4.103548e-01	-8.313648e-02	-2.789857e-04
4.860295e-01	-4.568762e-02	-3.208721e-03
4.332179e-01	7.856120e-01	-1.323557e-01
4.284778e-01	8.051234e-01	-1.112311e-01
4.236967e-01	8.050254e-01	-1.113182e-01
4.203275e-01	8.048591e-01	-1.112967e-01
4.412914e-01	8.042939e-01	-1.134725e-01
4.456822e-01	8.037864e-01	-1.135029e-01
4.505942e-01	8.028912e-01	-1.134455e-01
4.148646e-01	7.942383e-01	1.267235e-02
4.584576e-01	7.916892e-01	4.436706e-03
4.254769e-01	7.649578e-01	-8.622832e-02
4.416212e-01	7.638403e-01	-8.831652e-02
3.905733e-01	6.959796e-01	1.339776e-02
4.837868e-01	6.966618e-01	-8.329104e-03
3.744738e-01	6.589937e-01	-2.734908e-01
4.845907e-01	6.559168e-01	-3.198944e-01
3.575843e-01	6.559417e-01	-5.960624e-01
4.798234e-01	6.604725e-01	-6.523622e-01
3.420009e-01	6.649809e-01	-6.655846e-01
4.856915e-01	6.625829e-01	-7.266306e-01
3.515777e-01	6.651073e-01	-6.738020e-01
4.785916e-01	6.655266e-01	-7.235373e-01
3.599651e-01	6.593342e-01	-6.100586e-01
4.739071e-01	6.615937e-01	-6.642075e-01
4.122082e-01	3.913659e-01	2.078142e-03
4.762693e-01	3.994102e-01	-2.075167e-03
4.105109e-01	1.657584e-01	-5.908492e-02
4.798428e-01	1.693407e-01	-3.795877e-02
4.194125e-01	-1.201828e-03	1.281689e-01
4.873248e-01	6.023002e-03	1.353477e-01
4.275063e-01	-1.296054e-02	1.383556e-01
4.855416e-01	-5.949700e-03	1.453249e-01
4.073674e-01	-8.260088e-02	1.160120e-03
4.870967e-01	-4.647532e-02	3.569630e-03
4.330045e-01	7.803211e-01	-1.080795e-01
4.283806e-01	8.008999e-01	-8.679707e-02
4.236186e-01	8.008471e-01	-8.690079e-02
4.202929e-01	8.006704e-01	-8.689795e-02
4.411430e-01	7.998269e-01	-8.900030e-02
4.454728e-01	7.991281e-01	-8.900728e-02
4.503419e-01	7.982208e-01	-8.891117e-02
4.147616e-01	7.895175e-01	3.764222e-02
4.581728e-01	7.872573e-01	2.928315e-02
4.252262e-01	7.602715e-01	-6.149052e-02
4.413494e-01	7.588539e-01	-6.357244e-02
3.904667e-01	6.918155e-01	3.653473e-02
4.837758e-01	6.931614e-01	2.186024e-02
3.735715e-01	6.552753e-01	-2.369474e-01
4.848997e-01	6.505460e-01	-2.766267e-01
3.536305e-01	6.494638e-01	-5.456986e-01
4.800312e-01	6.560886e-01	-6.085604e-01
3.386571e-01	6.599338e-01	-6.124920e-01
4.857671e-01	6.585355e-01	-6.814236e-01
3.488373e-01	6.587915e-01	-6.220502e-01
4.787322e-01	6.626658e-01	-6.789570e-01
3.583323e-01	6.529095e-01	-5.594999e-01
4.739100e-01	6.591846e-01	-6.204275e-01
4.124877e-01	3.888555e-01	1.167962e-03
4.763387e-01	3.967951e-01	-1.168773e-03
4.099139e-01	1.624079e-01	-6.006957e-02
4.798042e-01	1.673373e-01	-3.725412e-02
4.172565e-01	-1.890634e-03	1.202989e-01
4.873233e-01	6.120125e-03	1.226312e-01
4.239346e-01	-1.321380e-02	1.300589e-01
4.855532e-01	-5.733732e-03	1.307356e-01
4.038793e-01	-8.353172e-02	-4.861599e-03
4.892510e-01	-4.636700e-02	-1.092767e-02
4.327619e-01	7.742288e-01	-1.111577e-01
4.282174e-01	7.949693e-01	-9.029041e-02
4.235331e-01	7.950680e-01	-9.037819e-02
4.202107e-01	7.952239e-01	-9.035499e-02
4.409221e-01	7.937372e-01	-9.286091e-02
4.451886e-01	7.932907e-01	-9.285995e-02
4.498894e-01	7.926469e-01	-9.275211e-02
4.144621e-01	7.844045e-01	3.398273e-02
4.577277e-01	7.822478e-01	2.356145e-02
4.249547e-01	7.542061e-01	-6.447828e-02
4.410130e-01	7.527401e-01	-6.709965e-02
3.904460e-01	6.876717e-01	3.508738e-02
4.837755e-01	6.930203e-01	1.545117e-02
3.736734e-01	6.517655e-01	-2.398357e-01
4.857085e-01	6.514328e-01	-2.825259e-01
3.502825e-01	6.426502e-01	-5.530037e-01
4.808496e-01	6.518015e-01	-6.082384e-01
3.346762e-01	6.537836e-01	-6.208926e-01
4.864672e-01	6.524387e-01	-6.805471e-01
3.448820e-01	6.516296e-01	-6.307620e-01
4.785938e-01	6.546779e-01	-6.786832e-01
3.559000e-01	6.457181e-01	-5.673496e-01
4.736658e-01	6.511289e-01	-6.202167e-01
4.125421e-01	3.859282e-01	9.960020e-04
4.762918e-01	3.930484e-01	-9.917063e-04
4.095842e-01	1.599278e-01	-5.924397e-02
4.799806e-01	1.645997e-01	-3.719058e-02
4.161930e-01	-2.040855e-03	1.209266e-01
4.874564e-01	6.943878e-03	1.239362e-01
4.220755e-01	-1.318520e-02	1.306424e-01
4.855546e-01	-4.401032e-03	1.327220e-01
4.037303e-01	-8.229651e-02	-2.680748e-03
4.911354e-01	-4.543134e-02	-3.412873e-03
4.326374e-01	7.712017e-01	-1.171655e-01
4.281394e-01	7.921007e-01	-9.622692e-02
4.234875e-01	7.922648e-01	-9.631894e-02
4.201687e-01	7.925754e-01	-9.629934e-02
4.408318e-01	7.907280e-01	-9.872434e-02
4.450702e-01	7.903137e-01	-9.872104e-02
4.497250e-01	7.897124e-01	-9.861536e-02
4.143050e-01	7.817690e-01	2.843780e-02
4.575445e-01	7.792075e-01	1.845975e-02
4.247831e-01	7.511097e-01	-7.038719e-02
4.408469e-01	7.495006e-01	-7.288228e-02
3.904003e-01	6.851450e-01	3.000720e-02
4.837835e-01	6.915634e-01	1.164232e-02
3.737983e-01	6.494578e-01	-2.474244e-01
4.863015e-01	6.504146e-01	-2.879077e-01
3.485365e-01	6.399060e-01	-5.622920e-01
4.815646e-01	6.493198e-01	-6.185764e-01
3.328960e-01	6.514454e-01	-6.304983e-01
4.867064e-01	6.496753e-01	-6.920816e-01
3.431387e-01	6.491069e-01	-6.405466e-01
4.785931e-01	6.513417e-01	-6.892456e-01
3.545033e-01	6.429721e-01	-5.767378e-01
4.735350e-01	6.475692e-01	-6.303155e-01
4.127088e-01	3.834500e-01	6.327307e-04
4.763131e-01	3.904330e-01	-6.272098e-04
4.093979e-01	1.580829e-01	-6.302098e-02
4.801072e-01	1.627690e-01	-3.701087e-02
4.154772e-01	-2.667716e-03	1.196373e-01
4.874781e-01	9.892805e-03	1.437923e-01
4.208978e-01	-1.382164e-02	1.296477e-01
4.855608e-01	5.455123e-04	1.550891e-01
4.038602e-01	-8.215556e-02	-3.087896e-03
4.918612e-01	-4.441117e-02	2.282524e-02
4.325314e-01	7.661135e-01	-1.458545e-01
4.280291e-01	7.869465e-01	-1.254221e-01
4.233937e-01	7.871118e-01	-1.255144e-01
4.200488e-01	7.873357e-01	-1.254921e-01
4.408029e-01	7.856166e-01	-1.278945e-01
4.450251e-01	7.851049e-01	-1.278780e-01
4.496880e-01	7.844361e-01	-1.277847e-01
4.140680e-01	7.775530e-01	-1.914881e-04
4.574586e-01	7.741346e-01	-9.706483e-03
4.245113e-01	7.453815e-01	-9.858832e-02
4.407529e-01	7.435086e-01	-1.008665e-01
3.903799e-01	6.809514e-01	5.349052e-03
4.836877e-01	6.864247e-01	-1.260068e-02
3.740711e-01	6.464401e-01	-2.875236e-01
4.864946e-01	6.486689e-01	-3.187107e-01
3.524740e-01	6.380212e-01	-6.082138e-01
4.816127e-01	6.462172e-01	-6.481966e-01
3.362212e-01	6.462402e-01	-6.781341e-01
4.867019e-01	6.454187e-01	-7.226294e-01
3.477144e-01	6.427403e-01	-6.862023e-01
4.779442e-01	6.472878e-01	-7.178849e-01
3.577082e-01	6.380189e-01	-6.221451e-01
4.731364e-01	6.437492e-01	-6.591452e-01
4.128947e-01	3.789842e-01	6.124664e-04
4.763537e-01	3.861079e-01	-6.085498e-04
4.082701e-01	1.567184e-01	-7.093354e-02
4.801308e-01	1.608164e-01	-3.131595e-02
4.150029e-01	-2.922329e-03	1.156969e-01
4.866319e-01	1.123253e-02	1.857026e-01
4.199318e-01	-1.403917e-02	1.257993e-01
4.848132e-01	2.812608e-03	1.997037e-01
4.032792e-01	-8.204281e-02	-7.253631e-03
4.936012e-01	-3.579935e-02	7.065601e-02
4.325323e-01	7.596493e-01	-1.646163e-01
4.279985e-01	7.786094e-01	-1.456420e-01
4.232647e-01	7.785968e-01	-1.457271e-01
4.199163e-01	7.784886e-01	-1.457184e-01
4.408074e-01	7.769814e-01	-1.476002e-01
4.450182e-01	7.761730e-01	-1.475912e-01
4.496825e-01	7.755144e-01	-1.474860e-01
4.137898e-01	7.687372e-01	-2.338314e-02
4.571277e-01	7.664131e-01	-3.086882e-02
4.244266e-01	7.379025e-01	-1.179717e-01
4.407524e-01	7.360426e-01	-1.197331e-01
3.903819e-01	6.728299e-01	-1.528403e-02
4.832547e-01	6.752750e-01	-3.064073e-02
3.732649e-01	6.401537e-01	-3.061079e-01
4.865001e-01	6.429799e-01	-3.308429e-01
3.548851e-01	6.327687e-01	-6.234629e-01
4.815628e-01	6.420262e-01	-6.583737e-01
3.384450e-01	6.390406e-01	-6.946648e-01
4.870084e-01	6.393347e-01	-7.325875e-01
3.505684e-01	6.365859e-01	-7.015458e-01
4.778744e-01	6.411750e-01	-7.298143e-01
3.594641e-01	6.320758e-01	-6.370965e-01
4.730207e-01	6.378787e-01	-6.702876e-01
4.127945e-01	3.711776e-01	1.007792e-03
4.763874e-01	3.808605e-01	-9.915959e-04
4.055819e-01	1.508225e-01	-6.842563e-02
4.801274e-01	1.587576e-01	-3.252625e-02
4.151119e-01	-2.972644e-03	1.341485e-01
4.862558e-01	1.116274e-02	1.713624e-01
4.202086e-01	-1.358561e-02	1.465071e-01
4.843462e-01	2.758294e-03	1.838425e-01
4.028533e-01	-8.242065e-02	2.017124e-02
4.939221e-01	-3.778861e-02	5.214999e-02
4.325240e-01	7.485886e-01	-1.784086e-01
4.279299e-01	7.656997e-01	-1.601497e-01
4.231280e-01	7.658858e-01	-1.602395e-01
4.197532e-01	7.660733e-01	-1.602589e-01
4.408065e-01	7.646370e-01	-1.609648e-01
4.450165e-01	7.641518e-01	-1.609509e-01
4.496549e-01	7.635040e-01	-1.608376e-01
4.137185e-01	7.567358e-01	-4.087862e-02
4.565803e-01	7.530406e-01	-4.311070e-02
4.242109e-01	7.270995e-01	-1.328487e-01
4.406558e-01	7.250723e-01	-1.331862e-01
3.903810e-01	6.613519e-01	-3.243091e-02
4.810134e-01	6.557401e-01	-4.176202e-02
3.741191e-01	6.328678e-01	-3.229630e-01
4.848347e-01	6.304080e-01	-3.402951e-01
3.553669e-01	6.283984e-01	-6.375681e-01
4.809382e-01	6.357326e-01	-6.742262e-01
3.383633e-01	6.342265e-01	-7.081407e-01
4.869515e-01	6.365445e-01	-7.492412e-01
3.494384e-01	6.314691e-01	-7.154065e-01
4.778283e-01	6.366872e-01	-7.456847e-01
3.591664e-01	6.256664e-01	-6.511765e-01
4.730170e-01	6.302114e-01	-6.861719e-01
4.127816e-01	3.595142e-01	2.262218e-03
4.763859e-01	3.698957e-01	-2.231553e-03
4.035704e-01	1.418317e-01	-7.620461e-02
4.801370e-01	1.490922e-01	-3.434440e-02
4.160562e-01	-2.979513e-03	1.542027e-01
4.862450e-01	1.378203e-02	2.139415e-01
4.229330e-01	-1.271640e-02	1.707783e-01
4.843117e-01	5.991316e-03	2.330713e-01
4.031576e-01	-8.824096e-02	5.684616e-02
4.937522e-01	-3.878605e-02	1.184631e-01
4.325271e-01	7.360864e-01	-1.805458e-01
4.279084e-01	7.537925e-01	-1.624132e-01
4.230777e-01	7.538580e-01	-1.625208e-01
4.196723e-01	7.540747e-01	-1.625774e-01
4.408160e-01	7.528172e-01	-1.630950e-01
4.450299e-01	7.524798e-01	-1.630841e-01
4.496849e-01	7.514335e-01	-1.629563e-01
4.137143e-01	7.451186e-01	-4.245672e-02
4.564425e-01	7.381871e-01	-4.470922e-02
4.240837e-01	7.154758e-01	-1.347624e-01
4.406197e-01	7.132649e-01	-1.351282e-01
3.903509e-01	6.500911e-01	-3.039731e-02
4.792791e-01	6.380192e-01	-3.844475e-02
3.732875e-01	6.193097e-01	-3.148893e-01
4.842004e-01	6.094980e-01	-3.349769e-01
3.482040e-01	6.177289e-01	-6.312388e-01
4.805054e-01	6.201599e-01	-6.776373e-01
3.344964e-01	6.263791e-01	-7.027687e-01
4.866486e-01	6.282499e-01	-7.539949e-01
3.441986e-01	6.239237e-01	-7.119220e-01
4.781811e-01	6.266688e-01	-7.527776e-01
3.510583e-01	6.176210e-01	-6.455491e-01
4.730982e-01	6.190255e-01	-6.910039e-01
4.128428e-01	3.532749e-01	5.434326e-03
4.764099e-01	3.619708e-01	-5.356964e-03
4.013706e-01	1.385855e-01	-7.313277e-02
4.801365e-01	1.424822e-01	-4.367630e-02
4.176889e-01	-3.029837e-03	1.563861e-01
4.856938e-01	1.340075e-02	1.857679e-01
4.266161e-01	-1.269440e-02	1.723825e-01
4.837800e-01	5.869155e-03	1.999402e-01
3.984913e-01	-8.748492e-02	6.385040e-02
4.931715e-01	-4.162675e-02	7.548432e-02
4.324399e-01	7.332945e-01	-1.899024e-01
4.277578e-01	7.509695e-01	-1.719564e-01
4.227801e-01	7.510015e-01	-1.720702e-01
4.194089e-01	7.510464e-01	-1.721462e-01
4.407855e-01	7.498158e-01	-1.726434e-01
4.450055e-01	7.490606e-01	-1.726370e-01
4.496834e-01	7.484195e-01	-1.725202e-01
4.134901e-01	7.422963e-01	-5.195827e-02
4.564269e-01	7.385433e-01	-5.415285e-02
4.238639e-01	7.116358e-01	-1.439655e-01
4.405625e-01	7.094402e-01	-1.443475e-01
3.903834e-01	6.490507e-01	-3.909008e-02
4.787059e-01	6.359132e-01	-4.277107e-02
3.729820e-01	6.161548e-01	-3.191143e-01
4.838683e-01	6.036683e-01	-3.328930e-01
3.459466e-01	6.158023e-01	-6.328405e-01
4.804401e-01	6.124313e-01	-6.810607e-01
3.331913e-01	6.295193e-01	-7.047008e-01
4.866467e-01	6.222486e-01	-7.583107e-01
3.427725e-01	6.275297e-01	-7.147937e-01
4.786009e-01	6.209840e-01	-7.588808e-01
3.511695e-01	6.194451e-01	-6.473904e-01
4.739605e-01	6.140223e-01	-6.953663e-01
4.127842e-01	3.486482e-01	5.950065e-03
4.764070e-01	3.577668e-01	-5.849074e-03
4.003128e-01	1.352015e-01	-7.182682e-02
4.801393e-01	1.399577e-01	-4.287821e-02
4.195009e-01	-3.166112e-03	1.584510e-01
4.855391e-01	1.375453e-02	2.013630e-01
4.293593e-01	-1.277136e-02	1.743339e-01
4.830267e-01	5.720338e-03	2.183197e-01
3.993817e-01	-8.749510e-02	6.455856e-02
4.930085e-01	-4.073208e-02	1.014065e-01
4.321994e-01	7.233606e-01	-1.956913e-01
4.275448e-01	7.407560e-01	-1.760764e-01
4.225909e-01	7.408690e-01	-1.761979e-01
4.192140e-01	7.411334e-01	-1.762675e-01
4.405757e-01	7.400280e-01	-1.772865e-01
4.447660e-01	7.395379e-01	-1.772712e-01
4.494263e-01	7.388853e-01	-1.771566e-01
4.134898e-01	7.328351e-01	-5.225473e-02
4.561537e-01	7.273383e-01	-5.591562e-02
4.235939e-01	7.023797e-01	-1.488003e-01
4.401746e-01	7.001398e-01	-1.496063e-01
3.903844e-01	6.383170e-01	-4.071804e-02
4.775186e-01	6.180936e-01	-4.482238e-02
3.729874e-01	6.087593e-01	-3.293266e-01
4.779283e-01	5.847259e-01	-3.394610e-01
3.467093e-01	6.102487e-01	-6.525323e-01
4.791709e-01	6.036109e-01	-6.971856e-01
3.331099e-01	6.242632e-01	-7.257822e-01
4.856412e-01	6.129625e-01	-7.773120e-01
3.421526e-01	6.212890e-01	-7.355670e-01
4.785690e-01	6.138850e-01	-7.752441e-01
3.512824e-01	6.127618e-01	-6.674573e-01
4.737713e-01	6.071707e-01	-7.107128e-01
4.126767e-01	3.426172e-01	5.728122e-03
4.761717e-01	3.508753e-01	-5.631491e-03
3.999619e-01	1.295321e-01	-8.829395e-02
4.795744e-01	1.333427e-01	-4.245710e-02
4.201700e-01	-5.864811e-03	1.564577e-01
4.847083e-01	1.332124e-02	2.466222e-01
4.299421e-01	-1.464522e-02	1.734277e-01
4.818255e-01	5.911226e-03	2.688485e-01
4.011592e-01	-9.409777e-02	5.875758e-02
4.914030e-01	-4.140336e-02	1.568496e-01
4.314177e-01	7.086712e-01	-1.842058e-01
4.266425e-01	7.273729e-01	-1.647297e-01
4.220328e-01	7.272795e-01	-1.648391e-01
4.187362e-01	7.273746e-01	-1.648861e-01
4.397468e-01	7.268709e-01	-1.662913e-01
4.439101e-01	7.265434e-01	-1.662786e-01
4.485372e-01	7.259742e-01	-1.661591e-01
4.133852e-01	7.184364e-01	-4.176495e-02
4.556118e-01	7.132502e-01	-4.780249e-02
4.231264e-01	6.889924e-01	-1.375490e-01
4.393792e-01	6.870300e-01	-1.388285e-01
3.903844e-01	6.275133e-01	-3.211915e-02
4.772584e-01	6.115530e-01	-4.274350e-02
3.725711e-01	5.985855e-01	-3.200746e-01
4.780418e-01	5.785435e-01	-3.409135e-01
3.451718e-01	6.001312e-01	-6.401755e-01
4.778140e-01	5.968455e-01	-6.880462e-01
3.317010e-01	6.127866e-01	-7.119628e-01
4.845348e-01	6.054772e-01	-7.659112e-01
3.411268e-01	6.083866e-01	-7.209161e-01
4.780552e-01	6.063066e-01	-7.629851e-01
3.506911e-01	6.003596e-01	-6.545219e-01
4.726421e-01	5.980288e-01	-7.008006e-01
4.126023e-01	3.353307e-01	5.800629e-03
4.760510e-01	3.443840e-01	-5.703222e-03
3.995731e-01	1.217558e-01	-8.412664e-02
4.792073e-01	1.277784e-01	-4.183500e-02
4.222596e-01	-8.930801e-03	1.568646e-01
4.842532e-01	9.955993e-03	2.307840e-01
4.321129e-01	-1.626165e-02	1.740552e-01
4.804875e-01	4.608145e-03	2.519565e-01
4.065732e-01	-1.000793e-01	6.605860e-02
4.891023e-01	-4.934628e-02	1.466336e-01
4.313163e-01	6.899585e-01	-1.799902e-01
4.264043e-01	7.092709e-01	-1.610090e-01
4.218644e-01	7.095234e-01	-1.611025e-01
4.186053e-01	7.098512e-01	-1.611384e-01
4.394097e-01	7.084454e-01	-1.630594e-01
4.434631e-01	7.080200e-01	-1.630440e-01
4.479833e-01	7.072813e-01	-1.629076e-01
4.133342e-01	7.014371e-01	-3.918229e-02
4.550218e-01	6.969479e-01	-4.788505e-02
4.230655e-01	6.724917e-01	-1.333802e-01
4.391773e-01	6.705779e-01	-1.352225e-01
3.903238e-01	6.139324e-01	-2.837746e-02
4.771764e-01	6.028524e-01	-4.958816e-02
3.723030e-01	5.841728e-01	-3.162175e-01
4.777868e-01	5.745250e-01	-3.555876e-01
3.454096e-01	5.850618e-01	-6.351115e-01
4.759347e-01	5.866781e-01	-6.909109e-01
3.318017e-01	5.949392e-01	-7.079442e-01
4.838546e-01	5.944626e-01	-7.665326e-01
3.425598e-01	5.903341e-01	-7.184819e-01
4.756591e-01	5.961516e-01	-7.616364e-01
3.528312e-01	5.835596e-01	-6.497085e-01
4.705531e-01	5.880805e-01	-7.023195e-01
4.125880e-01	3.227166e-01	8.109173e-03
4.756911e-01	3.329946e-01	-8.034389e-03
3.993225e-01	1.128441e-01	-8.184711e-02
4.791086e-01	1.209601e-01	-4.248775e-02
4.231550e-01	-1.374664e-02	1.559682e-01
4.842402e-01	9.306097e-03	2.411537e-01
4.339027e-01	-2.025910e-02	1.734163e-01
4.805866e-01	3.897996e-03	2.648121e-01
4.075128e-01	-1.083664e-01	7.299969e-02
4.878978e-01	-5.332360e-02	1.702380e-01
4.313181e-01	6.743169e-01	-1.619415e-01
4.263489e-01	6.929468e-01	-1.447421e-01
4.218121e-01	6.932435e-01	-1.447732e-01
4.185652e-01	6.936623e-01	-1.447606e-01
4.391982e-01	6.925297e-01	-1.469858e-01
4.431861e-01	6.922500e-01	-1.469804e-01
4.476014e-01	6.916268e-01	-1.468198e-01
4.133013e-01	6.861189e-01	-2.845338e-02
4.545930e-01	6.829204e-01	-3.890324e-02
4.230667e-01	6.570102e-01	-1.165027e-01
4.391632e-01	6.562527e-01	-1.189316e-01
3.899885e-01	5.987521e-01	-1.398940e-02
4.771446e-01	5.998203e-01	-4.562714e-02
3.713066e-01	5.716553e-01	-2.994531e-01
4.780058e-01	5.788236e-01	-3.486665e-01
3.467643e-01	5.697218e-01	-6.112224e-01
4.759329e-01	5.742857e-01	-6.621865e-01
3.321554e-01	5.766469e-01	-6.792544e-01
4.836087e-01	5.785841e-01	-7.327708e-01
3.449562e-01	5.714582e-01	-6.832892e-01
4.741941e-01	5.762242e-01	-7.270013e-01
3.560731e-01	5.664349e-01	-6.234058e-01
4.691041e-01	5.693668e-01	-6.720924e-01
4.114099e-01	3.109549e-01	9.172836e-03
4.744571e-01	3.218935e-01	-9.084986e-03
3.981867e-01	1.021907e-01	-7.543899e-02
4.790706e-01	1.094150e-01	-4.299711e-02
4.233729e-01	-1.441456e-02	1.683579e-01
4.836152e-01	6.518705e-03	2.270512e-01
4.339736e-01	-2.166385e-02	1.868323e-01
4.787686e-01	1.347959e-03	2.487342e-01
4.081856e-01	-1.106244e-01	9.657495e-02
4.900437e-01	-7.732521e-02	1.537954e-01
4.314256e-01	6.611688e-01	-1.447233e-01
4.263600e-01	6.789030e-01	-1.279456e-01
4.218167e-01	6.791217e-01	-1.279686e-01
4.185691e-01	6.796468e-01	-1.279451e-01
4.391719e-01	6.784011e-01	-1.297942e-01
4.431489e-01	6.781399e-01	-1.297931e-01
4.475659e-01	6.776927e-01	-1.296171e-01
4.132926e-01	6.720767e-01	-1.452655e-02
4.544277e-01	6.697595e-01	-2.372457e-02
4.231058e-01	6.436975e-01	-1.003928e-01
4.392282e-01	6.433004e-01	-1.026657e-01
3.894611e-01	5.841376e-01	-7.133589e-04
4.768032e-01	5.926132e-01	-4.541908e-02
3.707356e-01	5.557935e-01	-2.788629e-01
4.779351e-01	5.749166e-01	-3.392192e-01
3.471132e-01	5.526752e-01	-5.890310e-01
4.758278e-01	5.623271e-01	-6.364583e-01
3.311263e-01	5.567008e-01	-6.550870e-01
4.832054e-01	5.625026e-01	-7.049347e-01
3.448972e-01	5.537936e-01	-6.595861e-01
4.720506e-01	5.590835e-01	-6.998831e-01
3.552856e-01	5.493374e-01	-6.011344e-01
4.673142e-01	5.540834e-01	-6.462569e-01
4.112160e-01	2.997622e-01	1.086273e-02
4.742817e-01	3.110934e-01	-1.075170e-02
3.972166e-01	9.371496e-02	-7.402658e-02
4.789426e-01	9.896976e-02	-5.043371e-02
4.232868e-01	-1.446796e-02	1.692741e-01
4.831353e-01	6.378712e-03	2.265416e-01
4.335558e-01	-2.246724e-02	1.886506e-01
4.789615e-01	1.038448e-03	2.507881e-01
4.075658e-01	-1.166872e-01	1.112685e-01
4.913193e-01	-8.244208e-02	1.724778e-01
4.316481e-01	6.618421e-01	-1.454335e-01
4.263978e-01	6.790333e-01	-1.286804e-01
4.218324e-01	6.792935e-01	-1.287273e-01
4.185677e-01	6.798958e-01	-1.287332e-01
4.392002e-01	6.783466e-01	-1.296565e-01
4.431946e-01	6.782519e-01	-1.296486e-01
4.475868e-01	6.779220e-01	-1.294762e-01
4.132848e-01	6.717471e-01	-1.608487e-02
4.543834e-01	6.690244e-01	-2.182817e-02
4.232680e-01	6.423273e-01	-1.019678e-01
4.393383e-01	6.411456e-01	-1.031557e-01
3.891122e-01	5.810162e-01	-4.022062e-03
4.762929e-01	5.844299e-01	-4.247964e-02
3.705966e-01	5.538815e-01	-2.857549e-01
4.776681e-01	5.677227e-01	-3.308860e-01
3.474670e-01	5.493860e-01	-5.972073e-01
4.758355e-01	5.573452e-01	-6.419806e-01
3.312603e-01	5.523641e-01	-6.642643e-01
4.831526e-01	5.613278e-01	-7.124785e-01
3.450045e-01	5.497913e-01	-6.702402e-01
4.720961e-01	5.581781e-01	-7.087260e-01
3.552806e-01	5.453390e-01	-6.098472e-01
4.673510e-01	5.530789e-01	-6.530147e-01
4.112221e-01	2.955871e-01	1.069561e-02
4.741507e-01	3.062894e-01	-1.057911e-02
3.966462e-01	9.023862e-02	-7.164341e-02
4.787342e-01	9.956840e-02	-5.132290e-02
4.231803e-01	-1.417069e-02	1.741274e-01
4.831565e-01	6.791607e-03	2.363136e-01
4.332754e-01	-2.228547e-02	1.943085e-01
4.790897e-01	5.152639e-03	2.626029e-01
4.058048e-01	-1.132542e-01	1.214354e-01
4.925625e-01	-7.593902e-02	1.921751e-01
4.316589e-01	6.508906e-01	-1.432101e-01
4.264001e-01	6.691486e-01	-1.267053e-01
4.218384e-01	6.693332e-01	-1.267571e-01
4.185664e-01	6.696600e-01	-1.267656e-01
4.391496e-01	6.685215e-01	-1.277878e-01
4.431320e-01	6.685269e-01	-1.277804e-01
4.474845e-01	6.681001e-01	-1.276133e-01
4.133550e-01	6.617857e-01	-1.501468e-02
4.541376e-01	6.584952e-01	-2.054230e-02
4.232920e-01	6.319904e-01	-9.997098e-02
4.393224e-01	6.309059e-01	-1.012586e-01
3.891051e-01	5.727810e-01	-4.008369e-03
4.755745e-01	5.771896e-01	-4.233094e-02
3.699059e-01	5.435115e-01	-2.806500e-01
4.763577e-01	5.633645e-01	-3.267628e-01
3.476226e-01	5.328009e-01	-5.852009e-01
4.744290e-01	5.466073e-01	-6.340775e-01
3.319625e-01	5.371497e-01	-6.511163e-01
4.819095e-01	5.471546e-01	-7.040412e-01
3.454339e-01	5.349349e-01	-6.562158e-01
4.709943e-01	5.434939e-01	-7.002319e-01
3.562348e-01	5.306554e-01	-5.972326e-01
4.650306e-01	5.389996e-01	-6.449305e-01
4.112149e-01	2.905765e-01	1.101025e-02
4.739281e-01	3.007680e-01	-1.089026e-02
3.963700e-01	8.484495e-02	-7.083252e-02
4.781428e-01	9.271581e-02	-5.238587e-02
4.231304e-01	-1.533927e-02	1.769782e-01
4.831884e-01	8.593757e-03	2.398042e-01
4.331931e-01	-2.182282e-02	1.977406e-01
4.813452e-01	5.999739e-03	2.667262e-01
4.055014e-01	-1.112946e-01	1.253707e-01
4.915906e-01	-6.229249e-02	1.979174e-01
4.315087e-01	6.354842e-01	-1.469168e-01
4.263496e-01	6.553218e-01	-1.298525e-01
4.217974e-01	6.559132e-01	-1.299109e-01
4.185528e-01	6.562399e-01	-1.299226e-01
4.389687e-01	6.537164e-01	-1.311537e-01
4.429169e-01	6.531234e-01	-1.311459e-01
4.472933e-01	6.523515e-01	-1.309879e-01
4.134958e-01	6.485187e-01	-1.569697e-02
4.539730e-01	6.425250e-01	-2.188128e-02
4.231997e-01	6.183881e-01	-1.029555e-01
4.390708e-01	6.166343e-01	-1.043365e-01
3.890911e-01	5.626454e-01	-5.431714e-03
4.753261e-01	5.612618e-01	-4.468928e-02
3.698536e-01	5.320297e-01	-2.832194e-01
4.761042e-01	5.455542e-01	-3.302326e-01
3.523105e-01	5.194619e-01	-5.884963e-01
4.742644e-01	5.343690e-01	-6.398858e-01
3.356784e-01	5.227966e-01	-6.539791e-01
4.815356e-01	5.292988e-01	-7.101215e-01
3.480043e-01	5.218394e-01	-6.585667e-01
4.700121e-01	5.265012e-01	-7.051572e-01
3.589221e-01	5.187417e-01	-6.003413e-01
4.638010e-01	5.243030e-01	-6.502719e-01
4.111715e-01	2.805854e-01	1.128748e-02
4.736886e-01	2.900615e-01	-1.116989e-02
3.959171e-01	7.771068e-02	-7.156803e-02
4.778278e-01	8.425288e-02	-5.404432e-02
4.230691e-01	-1.437120e-02	1.871250e-01
4.829599e-01	1.081404e-02	2.720975e-01
4.330063e-01	-1.639176e-02	2.103247e-01
4.803551e-01	1.082147e-02	3.039438e-01
4.057210e-01	-1.060857e-01	1.482629e-01
4.902478e-01	-4.594365e-02	2.497412e-01
4.315394e-01	6.233323e-01	-1.372522e-01
4.263904e-01	6.425585e-01	-1.209630e-01
4.218282e-01	6.432046e-01	-1.210245e-01
4.185724e-01	6.434345e-01	-1.210495e-01
4.389604e-01	6.412885e-01	-1.218246e-01
4.428905e-01	6.408807e-01	-1.218360e-01
4.472623e-01	6.405058e-01	-1.217020e-01
4.136890e-01	6.355769e-01	-1.100346e-02
4.539024e-01	6.323035e-01	-1.545061e-02
4.232305e-01	6.065210e-01	-9.476167e-02
4.390709e-01	6.052517e-01	-9.571679e-02
3.891620e-01	5.503087e-01	-2.173667e-03
4.751375e-01	5.523541e-01	-3.236659e-02
3.698387e-01	5.185935e-01	-2.688977e-01
4.750522e-01	5.384414e-01	-3.027237e-01
3.544363e-01	5.049834e-01	-5.623289e-01
4.740333e-01	5.189465e-01	-6.026978e-01
3.420042e-01	5.052305e-01	-6.263765e-01
4.809702e-01	5.098808e-01	-6.696243e-01
3.528169e-01	5.038532e-01	-6.294410e-01
4.695064e-01	5.079945e-01	-6.675361e-01
3.608665e-01	5.011104e-01	-5.732278e-01
4.634139e-01	5.045867e-01	-6.138698e-01
4.111041e-01	2.682849e-01	1.125911e-02
4.734951e-01	2.784750e-01	-1.114437e-02
3.957478e-01	7.036669e-02	-6.975608e-02
4.777578e-01	7.732131e-02	-5.513198e-02
4.230170e-01	-1.436423e-02	1.870158e-01
4.826623e-01	1.086760e-02	2.552224e-01
4.329087e-01	-1.622330e-02	2.094747e-01
4.805230e-01	1.097540e-02	2.840731e-01
4.059928e-01	-1.050416e-01	1.452868e-01
4.960206e-01	-4.852059e-02	2.248824e-01
4.318116e-01	6.116627e-01	-1.307741e-01
4.265598e-01	6.311378e-01	-1.144090e-01
4.219984e-01	6.317984e-01	-1.144773e-01
4.186552e-01	6.319032e-01	-1.145124e-01
4.390075e-01	6.295654e-01	-1.151422e-01
4.429366e-01	6.290110e-01	-1.151610e-01
4.473042e-01	6.284675e-01	-1.150204e-01
4.139138e-01	6.240112e-01	-4.890406e-03
4.538822e-01	6.202765e-01	-8.779047e-03
4.235181e-01	5.951634e-01	-8.843870e-02
4.391813e-01	5.937020e-01	-8.931543e-02
3.893676e-01	5.383754e-01	5.516589e-03
4.750774e-01	5.429060e-01	-1.859380e-02
3.698723e-01	5.057252e-01	-2.475564e-01
4.747426e-01	5.266635e-01	-2.775455e-01
3.533581e-01	4.922340e-01	-5.393052e-01
4.740623e-01	5.085332e-01	-5.780183e-01
3.412099e-01	4.927060e-01	-6.037334e-01
4.799872e-01	4.961591e-01	-6.448091e-01
3.508507e-01	4.928250e-01	-6.093479e-01
4.680160e-01	4.937614e-01	-6.444061e-01
3.596618e-01	4.902955e-01	-5.511616e-01
4.630899e-01	4.935269e-01	-5.898172e-01
4.110555e-01	2.616382e-01	1.118263e-02
4.733017e-01	2.715660e-01	-1.109013e-02
3.956767e-01	6.905039e-02	-6.562066e-02
4.773835e-01	7.362992e-02	-5.620790e-02
4.225299e-01	-1.702397e-02	1.871074e-01
4.825850e-01	7.028037e-03	2.325326e-01
4.323145e-01	-1.768292e-02	2.087018e-01
4.809530e-01	9.990851e-04	2.596155e-01
4.060095e-01	-1.063559e-01	1.388739e-01
4.971680e-01	-6.537673e-02	2.205064e-01
4.318090e-01	6.025326e-01	-1.134272e-01
4.265616e-01	6.217493e-01	-9.629409e-02
4.220058e-01	6.220962e-01	-9.636010e-02
4.186680e-01	6.220054e-01	-9.638210e-02
4.389682e-01	6.205099e-01	-9.726344e-02
4.428717e-01	6.199020e-01	-9.729888e-02
4.472689e-01	6.189528e-01	-9.714586e-02
4.140267e-01	6.141688e-01	1.354787e-02
4.538274e-01	6.097736e-01	7.961018e-03
4.235465e-01	5.854663e-01	-7.123737e-02
4.391801e-01	5.836622e-01	-7.258438e-02
3.895905e-01	5.270978e-01	2.103963e-02
4.755911e-01	5.337384e-01	-4.674404e-03
3.699413e-01	4.977629e-01	-2.317321e-01
4.748894e-01	5.171502e-01	-2.590815e-01
3.527631e-01	4.831002e-01	-5.202193e-01
4.743938e-01	4.974478e-01	-5.459526e-01
3.410380e-01	4.835194e-01	-5.829491e-01
4.789621e-01	4.816866e-01	-6.075390e-01
3.503181e-01	4.825884e-01	-5.850926e-01
4.675674e-01	4.794195e-01	-6.073050e-01
3.594753e-01	4.796511e-01	-5.304221e-01
4.631310e-01	4.808594e-01	-5.567446e-01
4.110123e-01	2.542960e-01	1.104811e-02
4.732807e-01	2.648284e-01	-1.095860e-02
3.957709e-01	6.063515e-02	-6.207975e-02
4.763124e-01	6.819627e-02	-6.991500e-02
4.198197e-01	-3.604898e-02	2.081754e-01
4.819775e-01	5.089778e-03	2.178113e-01
4.322537e-01	-1.761227e-02	2.332087e-01
4.809285e-01	1.183766e-03	2.465339e-01
4.064997e-01	-1.050183e-01	1.811059e-01
4.894737e-01	-5.802096e-02	1.983614e-01
4.317420e-01	6.028849e-01	-1.207760e-01
4.265520e-01	6.207551e-01	-1.032121e-01
4.219773e-01	6.213013e-01	-1.032652e-01
4.186573e-01	6.215872e-01	-1.032880e-01
4.389522e-01	6.193725e-01	-1.049923e-01
4.428726e-01	6.189023e-01	-1.050231e-01
4.472759e-01	6.187070e-01	-1.048702e-01
4.139627e-01	6.143977e-01	7.890879e-03
4.538388e-01	6.123068e-01	-8.564960e-04
4.235311e-01	5.839013e-01	-7.815731e-02
4.391767e-01	5.813971e-01	-8.060853e-02
3.895849e-01	5.241006e-01	1.537598e-02
4.762086e-01	5.323703e-01	-9.285554e-03
3.700428e-01	4.963834e-01	-2.396954e-01
4.755667e-01	5.174456e-01	-2.816711e-01
3.516210e-01	4.818861e-01	-5.304832e-01
4.744388e-01	5.006005e-01	-5.798531e-01
3.349542e-01	4.843177e-01	-5.934786e-01
4.788774e-01	4.874387e-01	-6.439995e-01
3.437868e-01	4.816360e-01	-5.969691e-01
4.674774e-01	4.834360e-01	-6.426208e-01
3.554604e-01	4.784462e-01	-5.414747e-01
4.631380e-01	4.843499e-01	-5.906528e-01
4.106506e-01	2.524808e-01	1.113058e-02
4.731504e-01	2.624851e-01	-1.101924e-02
3.956473e-01	5.824858e-02	-5.901862e-02
4.753355e-01	6.584533e-02	-7.236622e-02
4.182865e-01	-3.748590e-02	2.244919e-01
4.811912e-01	2.831974e-03	2.195162e-01
4.319444e-01	-1.235075e-02	2.512099e-01
4.807774e-01	7.592752e-04	2.476488e-01
4.076160e-01	-1.028004e-01	2.081520e-01
4.928641e-01	-6.295519e-02	1.999598e-01
4.318256e-01	5.967264e-01	-9.284659e-02
4.266048e-01	6.135308e-01	-7.457571e-02
4.220417e-01	6.139616e-01	-7.462540e-02
4.186757e-01	6.144664e-01	-7.464609e-02
4.389871e-01	6.121033e-01	-7.586322e-02
4.429537e-01	6.115401e-01	-7.589143e-02
4.473418e-01	6.112651e-01	-7.568391e-02
4.139410e-01	6.070307e-01	3.305945e-02
4.538225e-01	6.044579e-01	2.608577e-02
4.236358e-01	5.775480e-01	-5.185892e-02
4.392422e-01	5.751125e-01	-5.366572e-02
3.895105e-01	5.167533e-01	3.405446e-02
4.763108e-01	5.251417e-01	-4.555627e-04
3.701174e-01	4.906981e-01	-2.089775e-01
4.756409e-01	5.101677e-01	-2.545901e-01
3.513853e-01	4.741792e-01	-4.830777e-01
4.741675e-01	4.912738e-01	-5.249322e-01
3.337395e-01	4.751318e-01	-5.426039e-01
4.773527e-01	4.733010e-01	-5.827676e-01
3.426773e-01	4.715455e-01	-5.450017e-01
4.652822e-01	4.694980e-01	-5.812809e-01
3.540857e-01	4.690461e-01	-4.934264e-01
4.620367e-01	4.719101e-01	-5.346066e-01
4.100933e-01	2.478189e-01	1.115116e-02
4.729546e-01	2.585723e-01	-1.103007e-02
3.955057e-01	5.278168e-02	-6.028864e-02
4.741782e-01	5.925575e-02	-7.287414e-02
4.178594e-01	-1.812389e-02	2.652284e-01
4.792798e-01	2.467701e-02	2.546817e-01
4.312069e-01	1.167683e-02	2.989682e-01
4.867644e-01	1.585922e-02	2.917790e-01
4.114221e-01	-7.067608e-02	2.856734e-01
4.845976e-01	-1.968815e-02	2.801659e-01
4.318322e-01	5.879402e-01	-9.613831e-02
4.265995e-01	6.047961e-01	-7.806318e-02
4.220253e-01	6.051079e-01	-7.810654e-02
4.186629e-01	6.057377e-01	-7.811682e-02
4.389876e-01	6.038737e-01	-7.916207e-02
4.429723e-01	6.035364e-01	-7.919272e-02
4.473627e-01	6.032718e-01	-7.899275e-02
4.137825e-01	5.984609e-01	2.937641e-02
4.538105e-01	5.958966e-01	2.335001e-02
4.236421e-01	5.689226e-01	-5.521824e-02
4.392527e-01	5.670337e-01	-5.674116e-02
3.893709e-01	5.083774e-01	2.947177e-02
4.763466e-01	5.188436e-01	-2.891222e-03
3.704190e-01	4.837145e-01	-2.204526e-01
4.773555e-01	5.060452e-01	-2.567567e-01
3.511788e-01	4.668797e-01	-4.998830e-01
4.742456e-01	4.830777e-01	-5.234271e-01
3.331007e-01	4.649021e-01	-5.610263e-01
4.773187e-01	4.628188e-01	-5.806805e-01
3.428489e-01	4.628880e-01	-5.614408e-01
4.645613e-01	4.580640e-01	-5.788527e-01
3.534946e-01	4.611799e-01	-5.095137e-01
4.616243e-01	4.605708e-01	-5.326805e-01
4.097998e-01	2.434071e-01	1.108552e-02
4.728305e-01	2.555613e-01	-1.096377e-02
3.953916e-01	5.011545e-02	-6.244807e-02
4.738061e-01	5.841141e-02	-7.467523e-02
4.169559e-01	-1.471702e-02	2.670328e-01
4.786977e-01	2.208735e-02	2.465056e-01
4.309863e-01	1.350402e-02	3.009756e-01
4.835072e-01	1.861014e-02	2.796594e-01
4.125416e-01	-7.012842e-02	2.831324e-01
4.816718e-01	-2.427698e-02	2.529064e-01
4.317434e-01	5.812187e-01	-7.492898e-02
4.263875e-01	5.978883e-01	-5.680627e-02
4.217939e-01	5.981666e-01	-5.685816e-02
4.185346e-01	5.986058e-01	-5.688166e-02
4.388581e-01	5.975053e-01	-5.809768e-02
4.429047e-01	5.972850e-01	-5.811917e-02
4.473213e-01	5.971518e-01	-5.788711e-02
4.135286e-01	5.913254e-01	4.763523e-02
4.537417e-01	5.902033e-01	4.081833e-02
4.236151e-01	5.615492e-01	-3.528718e-02
4.392269e-01	5.605649e-01	-3.705444e-02
3.893477e-01	5.020990e-01	4.197363e-02
4.765118e-01	5.160887e-01	9.053289e-03
3.706669e-01	4.769312e-01	-2.057869e-01
4.773397e-01	4.995246e-01	-2.401109e-01
3.506562e-01	4.585345e-01	-4.828125e-01
4.742653e-01	4.734553e-01	-5.054842e-01
3.325107e-01	4.556789e-01	-5.416269e-01
4.774297e-01	4.515762e-01	-5.596722e-01
3.414720e-01	4.525969e-01	-5.407507e-01
4.647863e-01	4.485970e-01	-5.589395e-01
3.524354e-01	4.518421e-01	-4.915064e-01
4.617128e-01	4.516429e-01	-5.148190e-01
4.095966e-01	2.380926e-01	1.126605e-02
4.728076e-01	2.508396e-01	-1.114977e-02
3.950814e-01	4.671272e-02	-6.794392e-02
4.735820e-01	4.884297e-02	-7.281754e-02
4.170907e-01	2.490597e-02	2.778299e-01
4.748365e-01	4.354503e-02	2.627662e-01
4.295993e-01	4.440614e-02	3.153560e-01
4.767100e-01	4.789261e-02	3.016683e-01
4.166609e-01	-4.280650e-02	3.218893e-01
4.819139e-01	-1.917061e-02	3.081385e-01
4.317690e-01	5.763261e-01	-7.648639e-02
4.263775e-01	5.935591e-01	-5.880694e-02
4.217515e-01	5.938399e-01	-5.884231e-02
4.185080e-01	5.943105e-01	-5.883952e-02
4.388586e-01	5.929953e-01	-5.969347e-02
4.429231e-01	5.926797e-01	-5.971528e-02
4.473378e-01	5.927023e-01	-5.948213e-02
4.132221e-01	5.871885e-01	4.507352e-02
4.536877e-01	5.860962e-01	3.994846e-02
4.236569e-01	5.561745e-01	-3.691584e-02
4.392517e-01	5.553591e-01	-3.819731e-02
3.892100e-01	4.976002e-01	4.201498e-02
4.765434e-01	5.143494e-01	8.075066e-03
3.707508e-01	4.725529e-01	-2.075902e-01
4.784104e-01	4.975927e-01	-2.393789e-01
3.505320e-01	4.502944e-01	-4.839879e-01
4.746109e-01	4.685225e-01	-4.935800e-01
3.327653e-01	4.480442e-01	-5.431088e-01
4.776167e-01	4.435201e-01	-5.470742e-01
3.417958e-01	4.456185e-01	-5.405356e-01
4.648272e-01	4.394728e-01	-5.449506e-01
3.525686e-01	4.443196e-01	-4.920349e-01
4.616113e-01	4.431209e-01	-5.018604e-01
4.093511e-01	2.335243e-01	1.122624e-02
4.727123e-01	2.459619e-01	-1.110899e-02
3.950631e-01	4.331727e-02	-7.110849e-02
4.725879e-01	4.344609e-02	-7.200182e-02
4.170112e-01	2.602131e-02	2.781271e-01
4.729223e-01	3.627691e-02	2.610475e-01
4.282521e-01	3.570852e-02	3.152318e-01
4.777932e-01	4.210579e-02	2.987278e-01
4.164130e-01	-5.155473e-02	3.180950e-01
4.822963e-01	-2.055950e-02	2.966193e-01
4.317537e-01	5.737775e-01	-6.149603e-02
4.262831e-01	5.912375e-01	-4.360828e-02
4.215991e-01	5.914693e-01	-4.364660e-02
4.184225e-01	5.917901e-01	-4.364001e-02
4.388135e-01	5.906609e-01	-4.463388e-02
4.429031e-01	5.903270e-01	-4.465280e-02
4.473343e-01	5.904283e-01	-4.440518e-02
4.129457e-01	5.848869e-01	5.960566e-02
4.536072e-01	5.842679e-01	5.380336e-02
4.236559e-01	5.532069e-01	-2.235959e-02
4.392540e-01	5.525333e-01	-2.386135e-02
3.891426e-01	4.942453e-01	5.727695e-02
4.766318e-01	5.124297e-01	1.740234e-02
3.700169e-01	4.660074e-01	-1.834888e-01
4.796576e-01	4.960115e-01	-2.308652e-01
3.501664e-01	4.419535e-01	-4.503961e-01
4.746317e-01	4.643455e-01	-4.850561e-01
3.327839e-01	4.399851e-01	-5.059217e-01
4.776476e-01	4.387589e-01	-5.368892e-01
3.419195e-01	4.385945e-01	-5.028280e-01
4.643676e-01	4.338053e-01	-5.338556e-01
3.526135e-01	4.371531e-01	-4.577161e-01
4.609483e-01	4.374835e-01	-4.925709e-01
4.092712e-01	2.310417e-01	1.205702e-02
4.726565e-01	2.431761e-01	-1.195200e-02
3.947053e-01	3.858047e-02	-7.538673e-02
4.722358e-01	3.924972e-02	-7.543578e-02
4.168424e-01	2.470008e-02	2.733310e-01
4.717795e-01	3.756481e-02	2.658489e-01
4.273841e-01	3.947827e-02	3.110057e-01
4.779183e-01	4.107640e-02	3.057776e-01
4.170533e-01	-4.653178e-02	3.248348e-01
4.805559e-01	-2.163971e-02	3.216538e-01
4.317358e-01	5.733875e-01	-7.228522e-02
4.262459e-01	5.915900e-01	-5.454966e-02
4.215252e-01	5.918753e-01	-5.458655e-02
4.183649e-01	5.920358e-01	-5.459244e-02
4.387895e-01	5.909456e-01	-5.591396e-02
4.428969e-01	5.908872e-01	-5.592559e-02
4.473353e-01	5.909166e-01	-5.567763e-02
4.126097e-01	5.852185e-01	4.932663e-02
4.535945e-01	5.842862e-01	4.192753e-02
4.236453e-01	5.531711e-01	-3.266954e-02
4.392525e-01	5.518366e-01	-3.466580e-02
3.892002e-01	4.946275e-01	4.930815e-02
4.766898e-01	5.130449e-01	9.898725e-03
3.703120e-01	4.658506e-01	-1.894700e-01
4.801008e-01	4.945264e-01	-2.349972e-01
3.488537e-01	4.411294e-01	-4.590446e-01
4.746470e-01	4.634733e-01	-4.847594e-01
3.298613e-01	4.388847e-01	-5.162135e-01
4.776748e-01	4.370784e-01	-5.377764e-01
3.385401e-01	4.356102e-01	-5.156363e-01
4.639087e-01	4.331366e-01	-5.361755e-01
3.507376e-01	4.349903e-01	-4.676951e-01
4.602529e-01	4.371387e-01	-4.931317e-01
4.092317e-01	2.304311e-01	1.242861e-02
4.726558e-01	2.429278e-01	-1.231503e-02
3.945504e-01	3.908857e-02	-7.138309e-02
4.722553e-01	3.861966e-02	-7.473016e-02
4.145433e-01	2.218911e-02	2.717704e-01
4.686561e-01	3.516051e-02	2.723885e-01
4.270985e-01	3.211184e-02	3.075371e-01
4.767046e-01	3.725598e-02	3.116457e-01
4.150138e-01	-5.093716e-02	3.116245e-01
4.782595e-01	-2.417751e-02	3.190394e-01
4.317507e-01	5.722335e-01	-7.486154e-02
4.262526e-01	5.903651e-01	-5.718098e-02
4.215249e-01	5.906875e-01	-5.721655e-02
4.183625e-01	5.907267e-01	-5.722112e-02
4.387895e-01	5.899631e-01	-5.847584e-02
4.429089e-01	5.900957e-01	-5.849144e-02
4.473414e-01	5.901211e-01	-5.824937e-02
4.125644e-01	5.839528e-01	4.646788e-02
4.535874e-01	5.832369e-01	3.937599e-02
4.236939e-01	5.519375e-01	-3.533637e-02
4.392690e-01	5.508040e-01	-3.719929e-02
3.892880e-01	4.932439e-01	4.666785e-02
4.767467e-01	5.119032e-01	7.649253e-03
3.707127e-01	4.647831e-01	-1.929838e-01
4.807771e-01	4.936786e-01	-2.344341e-01
3.486991e-01	4.383684e-01	-4.645008e-01
4.746366e-01	4.617950e-01	-4.802862e-01
3.297921e-01	4.363324e-01	-5.221340e-01
4.777230e-01	4.361542e-01	-5.329711e-01
3.386283e-01	4.344685e-01	-5.218295e-01
4.634817e-01	4.321790e-01	-5.313803e-01
3.509135e-01	4.335347e-01	-4.733396e-01
4.595602e-01	4.360614e-01	-4.885723e-01
4.092420e-01	2.299470e-01	1.251120e-02
4.726571e-01	2.422104e-01	-1.239693e-02
3.940471e-01	4.058245e-02	-6.949972e-02
4.723078e-01	3.752025e-02	-7.427230e-02
4.133406e-01	2.149572e-02	2.638330e-01
4.678637e-01	3.379034e-02	2.676496e-01
4.231195e-01	1.665496e-02	2.981754e-01
4.712389e-01	4.296388e-02	3.056990e-01
4.142928e-01	-5.299132e-02	2.972093e-01
4.776859e-01	-2.472153e-02	3.087378e-01
4.317545e-01	5.712261e-01	-6.417863e-02
4.262580e-01	5.896878e-01	-4.691205e-02
4.215278e-01	5.900980e-01	-4.694658e-02
4.183609e-01	5.901052e-01	-4.696544e-02
4.387934e-01	5.893171e-01	-4.844855e-02
4.429560e-01	5.894721e-01	-4.846229e-02
4.473718e-01	5.893450e-01	-4.820853e-02
4.125486e-01	5.837767e-01	5.408370e-02
4.536529e-01	5.825218e-01	4.583280e-02
4.237579e-01	5.512515e-01	-2.549547e-02
4.392933e-01	5.498969e-01	-2.773421e-02
3.895041e-01	4.938862e-01	5.332232e-02
4.772399e-01	5.129317e-01	1.330703e-02
3.712581e-01	4.647056e-01	-1.745991e-01
4.812648e-01	4.916514e-01	-2.180156e-01
3.486355e-01	4.371042e-01	-4.364694e-01
4.746627e-01	4.606165e-01	-4.583812e-01
3.296395e-01	4.353687e-01	-4.914349e-01
4.779353e-01	4.356012e-01	-5.088952e-01
3.388965e-01	4.336745e-01	-4.920486e-01
4.635946e-01	4.312608e-01	-5.086145e-01
3.509780e-01	4.331092e-01	-4.453489e-01
4.596496e-01	4.352456e-01	-4.669954e-01
4.092773e-01	2.294913e-01	1.267341e-02
4.727821e-01	2.420575e-01	-1.255620e-02
3.940364e-01	4.109545e-02	-6.702298e-02
4.723550e-01	3.695983e-02	-7.346129e-02
4.129182e-01	1.717770e-02	2.621819e-01
4.675727e-01	3.910426e-02	2.648230e-01
4.217653e-01	1.665341e-02	2.967525e-01
4.723583e-01	4.236165e-02	3.025706e-01
4.142463e-01	-4.549166e-02	3.035713e-01
4.772623e-01	-2.046344e-02	3.034664e-01
4.318549e-01	5.711415e-01	-5.650719e-02
4.263354e-01	5.899379e-01	-3.918245e-02
4.216139e-01	5.904424e-01	-3.922004e-02
4.183868e-01	5.904183e-01	-3.924685e-02
4.388538e-01	5.893095e-01	-4.092627e-02
4.431247e-01	5.894267e-01	-4.093846e-02
4.474687e-01	5.890960e-01	-4.068153e-02
4.125493e-01	5.840856e-01	6.177040e-02
4.538170e-01	5.825456e-01	5.252958e-02
4.239265e-01	5.512316e-01	-1.776190e-02
4.393803e-01	5.495389e-01	-2.028233e-02
3.897703e-01	4.945742e-01	6.061972e-02
4.776296e-01	5.141948e-01	2.049030e-02
3.715432e-01	4.645351e-01	-1.605064e-01
4.818070e-01	4.903605e-01	-2.077051e-01
3.486212e-01	4.371636e-01	-4.178389e-01
4.748230e-01	4.590339e-01	-4.503933e-01
3.296228e-01	4.357559e-01	-4.714701e-01
4.783011e-01	4.357161e-01	-5.002411e-01
3.390177e-01	4.333667e-01	-4.725643e-01
4.638564e-01	4.320885e-01	-5.008907e-01
3.510596e-01	4.327398e-01	-4.266794e-01
4.598871e-01	4.356085e-01	-4.593772e-01
4.093633e-01	2.290597e-01	1.267152e-02
4.729121e-01	2.423150e-01	-1.255381e-02
3.940325e-01	4.135742e-02	-6.513394e-02
4.725201e-01	3.657003e-02	-7.583708e-02
4.129832e-01	1.710990e-02	2.607869e-01
4.682782e-01	4.078189e-02	2.541906e-01
4.216709e-01	1.854511e-02	2.953663e-01
4.729243e-01	4.663181e-02	2.939303e-01
4.140968e-01	-3.915337e-02	3.045528e-01
4.778298e-01	-1.393213e-02	3.006556e-01
4.318787e-01	5.721190e-01	-6.053479e-02
4.263801e-01	5.910264e-01	-4.304332e-02
4.217017e-01	5.914250e-01	-4.309117e-02
4.184256e-01	5.914890e-01	-4.313974e-02
4.388586e-01	5.903590e-01	-4.491253e-02
4.431434e-01	5.905519e-01	-4.492483e-02
4.474781e-01	5.902055e-01	-4.467212e-02
4.126469e-01	5.851583e-01	5.831902e-02
4.539706e-01	5.839743e-01	4.858492e-02
4.240115e-01	5.526876e-01	-2.170432e-02
4.394001e-01	5.510265e-01	-2.440117e-02
3.901559e-01	4.956802e-01	5.418817e-02
4.779459e-01	5.141547e-01	1.993208e-02
3.725689e-01	4.647520e-01	-1.778272e-01
4.810785e-01	4.842891e-01	-2.107671e-01
3.490420e-01	4.405588e-01	-4.440092e-01
4.749039e-01	4.566436e-01	-4.631997e-01
3.297074e-01	4.389210e-01	-5.000638e-01
4.789093e-01	4.388506e-01	-5.141012e-01
3.392726e-01	4.360418e-01	-5.010459e-01
4.663385e-01	4.358896e-01	-5.162331e-01
3.511263e-01	4.352629e-01	-4.530864e-01
4.617797e-01	4.383455e-01	-4.733462e-01
4.094603e-01	2.301958e-01	1.237859e-02
4.730485e-01	2.433633e-01	-1.225552e-02
3.940422e-01	4.229560e-02	-6.666795e-02
4.726047e-01	3.859481e-02	-8.018827e-02
4.130957e-01	1.536367e-02	2.579265e-01
4.686604e-01	4.021687e-02	2.402627e-01
4.220425e-01	1.844151e-02	2.937552e-01
4.712968e-01	4.458456e-02	2.783128e-01
4.141088e-01	-4.117057e-02	2.947383e-01
4.781790e-01	-1.668750e-02	2.951239e-01
4.319389e-01	5.736338e-01	-6.628952e-02
4.264210e-01	5.928996e-01	-4.878329e-02
4.217739e-01	5.932546e-01	-4.882966e-02
4.184459e-01	5.934544e-01	-4.886645e-02
4.389034e-01	5.921403e-01	-5.047057e-02
4.432262e-01	5.922296e-01	-5.048401e-02
4.475364e-01	5.919394e-01	-5.024175e-02
4.127932e-01	5.869907e-01	5.399262e-02
4.541785e-01	5.855744e-01	4.521955e-02
4.240867e-01	5.544483e-01	-2.696380e-02
4.394599e-01	5.530256e-01	-2.938873e-02
3.901976e-01	4.975297e-01	5.264341e-02
4.780299e-01	5.150458e-01	1.678330e-02
3.725625e-01	4.671938e-01	-1.843716e-01
4.810392e-01	4.875211e-01	-2.203716e-01
3.488676e-01	4.430528e-01	-4.528792e-01
4.749475e-01	4.602104e-01	-4.739450e-01
3.297445e-01	4.415908e-01	-5.095291e-01
4.794258e-01	4.390959e-01	-5.276762e-01
3.392608e-01	4.382230e-01	-5.105709e-01
4.670098e-01	4.373633e-01	-5.261870e-01
3.510882e-01	4.372196e-01	-4.620704e-01
4.620883e-01	4.385822e-01	-4.822176e-01
4.098247e-01	2.315728e-01	1.236461e-02
4.736203e-01	2.445435e-01	-1.224086e-02
3.940190e-01	4.297726e-02	-6.667854e-02
4.726171e-01	3.996382e-02	-7.959953e-02
4.132544e-01	1.418113e-02	2.575034e-01
4.688110e-01	3.500538e-02	2.418933e-01
4.221422e-01	1.378698e-02	2.924242e-01
4.717952e-01	4.316548e-02	2.792858e-01
4.140732e-01	-4.369927e-02	2.927585e-01
4.783671e-01	-1.997525e-02	2.915791e-01
4.320067e-01	5.744105e-01	-6.774337e-02
4.264681e-01	5.939264e-01	-5.031487e-02
4.218516e-01	5.942464e-01	-5.036336e-02
4.184707e-01	5.945393e-01	-5.040827e-02
4.389533e-01	5.931094e-01	-5.199530e-02
4.433103e-01	5.931448e-01	-5.200798e-02
4.475966e-01	5.928905e-01	-5.176578e-02
4.129151e-01	5.880113e-01	5.243267e-02
4.543482e-01	5.864874e-01	4.364907e-02
4.241657e-01	5.553736e-01	-2.831406e-02
4.395222e-01	5.541093e-01	-3.074363e-02
3.902454e-01	4.986123e-01	5.039646e-02
4.781311e-01	5.156018e-01	1.515654e-02
3.725564e-01	4.686888e-01	-1.859933e-01
4.810273e-01	4.895034e-01	-2.246885e-01
3.487244e-01	4.442338e-01	-4.516575e-01
4.749867e-01	4.625267e-01	-4.813309e-01
3.297595e-01	4.428544e-01	-5.078626e-01
4.797738e-01	4.397202e-01	-5.353919e-01
3.392258e-01	4.391856e-01	-5.091701e-01
4.674187e-01	4.383239e-01	-5.343288e-01
3.510295e-01	4.380647e-01	-4.609124e-01
4.623062e-01	4.387311e-01	-4.900044e-01
4.100372e-01	2.324452e-01	1.235243e-02
4.739456e-01	2.453085e-01	-1.222862e-02
3.939953e-01	4.341718e-02	-6.670649e-02
4.726356e-01	4.084590e-02	-7.959165e-02
4.135279e-01	1.277435e-02	2.568741e-01
4.689227e-01	3.229607e-02	2.425160e-01
4.222944e-01	1.087887e-02	2.913484e-01
4.721053e-01	4.209761e-02	2.796535e-01
4.141068e-01	-4.515870e-02	2.909098e-01
4.785609e-01	-2.169913e-02	2.895954e-01
4.323651e-01	5.751938e-01	-9.157968e-02
4.266824e-01	5.947519e-01	-7.572301e-02
4.222602e-01	5.952948e-01	-7.576359e-02
4.186064e-01	5.955687e-01	-7.581435e-02
4.391668e-01	5.934702e-01	-7.729150e-02
4.436471e-01	5.934141e-01	-7.729258e-02
4.478245e-01	5.932086e-01	-7.707213e-02
4.133525e-01	5.885593e-01	2.558875e-02
4.545753e-01	5.865554e-01	1.665853e-02
4.245138e-01	5.555183e-01	-5.208553e-02
4.396240e-01	5.545602e-01	-5.453173e-02
3.903956e-01	5.006009e-01	2.721104e-02
4.781408e-01	5.167859e-01	-8.470741e-03
3.727745e-01	4.741273e-01	-2.092485e-01
4.819914e-01	4.952424e-01	-2.566674e-01
3.487855e-01	4.451628e-01	-4.784660e-01
4.750377e-01	4.749769e-01	-5.192935e-01
3.297457e-01	4.432384e-01	-5.364339e-01
4.802415e-01	4.532956e-01	-5.765362e-01
3.385246e-01	4.399899e-01	-5.397258e-01
4.675849e-01	4.528713e-01	-5.765972e-01
3.507391e-01	4.388285e-01	-4.888692e-01
4.625715e-01	4.549435e-01	-5.297872e-01
4.103268e-01	2.336174e-01	1.218092e-02
4.741475e-01	2.457373e-01	-1.204156e-02
3.939732e-01	4.827071e-02	-6.773183e-02
4.726656e-01	4.191421e-02	-8.269080e-02
4.139794e-01	-1.068796e-02	2.213834e-01
4.690113e-01	2.766273e-02	2.402348e-01
4.232804e-01	-2.005708e-02	2.492055e-01
4.711497e-01	3.298021e-02	2.755809e-01
4.134993e-01	-7.322177e-02	2.198525e-01
4.787664e-01	-3.955603e-02	2.598642e-01
4.324613e-01	5.802815e-01	-9.665747e-02
4.267519e-01	6.012523e-01	-8.046422e-02
4.224123e-01	6.015487e-01	-8.049952e-02
4.186553e-01	6.012883e-01	-8.054409e-02
4.392492e-01	6.008661e-01	-8.231841e-02
4.438358e-01	6.006453e-01	-8.232126e-02
4.479703e-01	6.000170e-01	-8.211902e-02
4.136790e-01	5.940962e-01	2.223186e-02
4.547215e-01	5.914080e-01	1.228748e-02
4.246783e-01	5.616533e-01	-5.653948e-02
4.396400e-01	5.613812e-01	-5.929356e-02
3.903911e-01	5.079490e-01	2.520620e-02
4.781429e-01	5.211340e-01	-1.332126e-02
3.728250e-01	4.815692e-01	-2.104986e-01
4.822450e-01	5.006977e-01	-2.658950e-01
3.495266e-01	4.538132e-01	-4.828446e-01
4.750894e-01	4.846652e-01	-5.299191e-01
3.299914e-01	4.511752e-01	-5.417444e-01
4.804581e-01	4.641138e-01	-5.887080e-01
3.386366e-01	4.458412e-01	-5.453736e-01
4.675895e-01	4.635892e-01	-5.880271e-01
3.508027e-01	4.450747e-01	-4.936028e-01
4.626872e-01	4.661517e-01	-5.402874e-01
4.103507e-01	2.396485e-01	1.185727e-02
4.743755e-01	2.509871e-01	-1.169628e-02
3.939479e-01	5.413491e-02	-8.160390e-02
4.726827e-01	4.722624e-02	-8.855499e-02
4.160436e-01	-9.044591e-03	2.048601e-01
4.693954e-01	1.695037e-02	2.293013e-01
4.264888e-01	-1.280538e-02	2.319279e-01
4.707681e-01	1.784738e-02	2.621803e-01
4.134839e-01	-8.979757e-02	1.912670e-01
4.789252e-01	-5.780096e-02	2.270622e-01
4.325384e-01	5.921277e-01	-1.207825e-01
4.268716e-01	6.115773e-01	-1.063215e-01
4.227530e-01	6.117709e-01	-1.063572e-01
4.188048e-01	6.119781e-01	-1.063934e-01
4.392544e-01	6.111882e-01	-1.088109e-01
4.438484e-01	6.112438e-01	-1.088168e-01
4.479804e-01	6.111613e-01	-1.086716e-01
4.143356e-01	6.070336e-01	-3.969885e-03
4.547482e-01	6.049877e-01	-1.643805e-02
4.249400e-01	5.732933e-01	-8.011114e-02
4.396439e-01	5.736070e-01	-8.357357e-02
3.904552e-01	5.215246e-01	1.327433e-02
4.779336e-01	5.337236e-01	-3.527199e-02
3.726911e-01	4.894708e-01	-2.086338e-01
4.822009e-01	5.158663e-01	-2.846620e-01
3.477529e-01	4.615748e-01	-4.796821e-01
4.751040e-01	4.925048e-01	-5.578689e-01
3.299622e-01	4.603372e-01	-5.380471e-01
4.809892e-01	4.765912e-01	-6.195376e-01
3.385836e-01	4.557623e-01	-5.428683e-01
4.681439e-01	4.751120e-01	-6.209207e-01
3.502919e-01	4.548320e-01	-4.905172e-01
4.633212e-01	4.767184e-01	-5.692843e-01
4.109538e-01	2.509944e-01	1.254945e-02
4.743765e-01	2.597786e-01	-1.239245e-02
3.940996e-01	6.030948e-02	-7.745919e-02
4.728213e-01	5.492268e-02	-8.659989e-02
4.172188e-01	-1.541042e-02	1.998883e-01
4.711388e-01	1.297879e-02	2.237853e-01
4.283897e-01	-1.793736e-02	2.243486e-01
4.710013e-01	1.200190e-02	2.542331e-01
4.134467e-01	-1.021592e-01	1.711508e-01
4.799666e-01	-6.555928e-02	2.062848e-01
4.325276e-01	6.085066e-01	-1.424337e-01
4.268740e-01	6.267518e-01	-1.277007e-01
4.227684e-01	6.269463e-01	-1.277359e-01
4.188137e-01	6.269120e-01	-1.277563e-01
4.391394e-01	6.266993e-01	-1.296796e-01
4.436486e-01	6.267871e-01	-1.296792e-01
4.477914e-01	6.262409e-01	-1.295442e-01
4.145027e-01	6.213471e-01	-2.292480e-02
4.546819e-01	6.191562e-01	-3.254135e-02
4.249530e-01	5.900360e-01	-1.011106e-01
4.396161e-01	5.904491e-01	-1.037040e-01
3.904944e-01	5.342345e-01	-2.887364e-03
4.770611e-01	5.461914e-01	-4.748939e-02
3.722608e-01	5.004458e-01	-2.308975e-01
4.814705e-01	5.268179e-01	-2.995938e-01
3.472615e-01	4.749812e-01	-5.186892e-01
4.751161e-01	5.043243e-01	-5.731398e-01
3.298714e-01	4.729219e-01	-5.813850e-01
4.811032e-01	4.851945e-01	-6.373528e-01
3.387308e-01	4.689285e-01	-5.902069e-01
4.681108e-01	4.831015e-01	-6.380875e-01
3.503199e-01	4.677247e-01	-5.316355e-01
4.630814e-01	4.857294e-01	-5.843425e-01
4.110347e-01	2.623948e-01	1.263772e-02
4.740683e-01	2.691215e-01	-1.247557e-02
3.941066e-01	6.945856e-02	-8.147418e-02
4.728421e-01	7.294156e-02	-6.743597e-02
4.189911e-01	-1.967579e-02	1.726850e-01
4.725603e-01	3.463836e-03	2.090719e-01
4.302023e-01	-1.952748e-02	1.939673e-01
4.711571e-01	-3.090537e-03	2.334034e-01
4.134288e-01	-1.105576e-01	1.204243e-01
4.810495e-01	-8.374529e-02	1.596054e-01
4.326226e-01	6.288728e-01	-1.656911e-01
4.269655e-01	6.486998e-01	-1.505837e-01
4.229801e-01	6.491255e-01	-1.506366e-01
4.189090e-01	6.490355e-01	-1.506524e-01
4.391790e-01	6.475348e-01	-1.513462e-01
4.437405e-01	6.468585e-01	-1.513558e-01
4.478270e-01	6.458167e-01	-1.512652e-01
4.146972e-01	6.407357e-01	-4.348065e-02
4.547110e-01	6.368095e-01	-4.691528e-02
4.250061e-01	6.107698e-01	-1.239439e-01
4.396783e-01	6.100623e-01	-1.246929e-01
3.904870e-01	5.510358e-01	-2.222826e-02
4.769063e-01	5.588306e-01	-5.909107e-02
3.707620e-01	5.182646e-01	-2.633261e-01
4.802125e-01	5.435361e-01	-3.162734e-01
3.475664e-01	4.937470e-01	-5.508107e-01
4.751216e-01	5.189766e-01	-5.971669e-01
3.328430e-01	4.892807e-01	-6.147152e-01
4.810881e-01	4.990039e-01	-6.627215e-01
3.445647e-01	4.876529e-01	-6.212806e-01
4.678727e-01	4.973034e-01	-6.628956e-01
3.546582e-01	4.870694e-01	-5.626334e-01
4.627697e-01	5.000053e-01	-6.081653e-01
4.111637e-01	2.751112e-01	1.261614e-02
4.739659e-01	2.827391e-01	-1.245953e-02
3.943875e-01	7.736858e-02	-8.061199e-02
4.728511e-01	8.470444e-02	-6.656405e-02
4.208829e-01	-2.082438e-02	1.853336e-01
4.753382e-01	-2.676537e-03	1.884347e-01
4.315659e-01	-1.979173e-02	2.077394e-01
4.734895e-01	-1.425048e-02	2.099152e-01
4.136406e-01	-1.118268e-01	1.289949e-01
4.853303e-01	-9.531564e-02	1.195204e-01
4.326050e-01	6.326972e-01	-1.703425e-01
4.269683e-01	6.512161e-01	-1.562124e-01
4.229802e-01	6.513075e-01	-1.562656e-01
4.189075e-01	6.511343e-01	-1.563082e-01
4.391244e-01	6.509839e-01	-1.574361e-01
4.436556e-01	6.507752e-01	-1.574415e-01
4.477732e-01	6.500262e-01	-1.573256e-01
4.147443e-01	6.443906e-01	-5.134769e-02
4.547075e-01	6.422297e-01	-5.674921e-02
4.250107e-01	6.136976e-01	-1.288712e-01
4.396680e-01	6.136491e-01	-1.302817e-01
3.904482e-01	5.544959e-01	-2.976082e-02
4.763826e-01	5.626525e-01	-6.735285e-02
3.704250e-01	5.193704e-01	-2.705507e-01
4.781410e-01	5.384976e-01	-3.265779e-01
3.472781e-01	4.966608e-01	-5.607101e-01
4.739771e-01	5.223516e-01	-6.119139e-01
3.327664e-01	4.913865e-01	-6.244692e-01
4.804592e-01	5.033166e-01	-6.782143e-01
3.446747e-01	4.900742e-01	-6.324545e-01
4.670756e-01	5.025240e-01	-6.787429e-01
3.544720e-01	4.892391e-01	-5.732024e-01
4.619460e-01	5.050321e-01	-6.235462e-01
4.112171e-01	2.782109e-01	1.260616e-02
4.738611e-01	2.865604e-01	-1.244996e-02
3.947056e-01	7.790944e-02	-7.991688e-02
4.728931e-01	8.978269e-02	-6.045638e-02
4.220702e-01	-1.901588e-02	1.818319e-01
4.774195e-01	-3.222430e-03	1.823387e-01
4.324416e-01	-1.744086e-02	2.033867e-01
4.754217e-01	-1.443761e-02	2.027011e-01
4.140101e-01	-1.081662e-01	1.273462e-01
4.880756e-01	-9.344148e-02	1.156354e-01
4.326399e-01	6.490201e-01	-1.732762e-01
4.269706e-01	6.686239e-01	-1.586384e-01
4.229926e-01	6.689696e-01	-1.586864e-01
4.189001e-01	6.688420e-01	-1.586929e-01
4.391251e-01	6.677486e-01	-1.596567e-01
4.436633e-01	6.672569e-01	-1.596761e-01
4.477731e-01	6.663954e-01	-1.595980e-01
4.147383e-01	6.597532e-01	-5.268724e-02
4.546790e-01	6.565074e-01	-5.718998e-02
4.250124e-01	6.301997e-01	-1.318235e-01
4.396760e-01	6.294776e-01	-1.329243e-01
3.902349e-01	5.683082e-01	-2.744467e-02
4.762730e-01	5.776484e-01	-6.871625e-02
3.669388e-01	5.315216e-01	-2.611876e-01
4.782113e-01	5.632817e-01	-3.236596e-01
3.478785e-01	5.139231e-01	-5.415216e-01
4.742972e-01	5.394164e-01	-5.985843e-01
3.359527e-01	5.074903e-01	-6.035765e-01
4.804981e-01	5.167609e-01	-6.630443e-01
3.474685e-01	5.071539e-01	-6.097620e-01
4.670455e-01	5.158246e-01	-6.627146e-01
3.563378e-01	5.068991e-01	-5.528963e-01
4.619469e-01	5.191787e-01	-6.089746e-01
4.114505e-01	2.897916e-01	1.270117e-02
4.738639e-01	2.980797e-01	-1.255760e-02
3.952625e-01	9.072874e-02	-7.917739e-02
4.730466e-01	1.019803e-01	-5.825533e-02
4.239170e-01	-1.891987e-02	1.598735e-01
4.802084e-01	-3.646323e-03	1.631467e-01
4.350995e-01	-2.128731e-02	1.783655e-01
4.780121e-01	-1.505463e-02	1.806118e-01
4.142746e-01	-1.068794e-01	9.152896e-02
4.902907e-01	-9.259494e-02	8.284593e-02
4.328283e-01	6.677761e-01	-1.784868e-01
4.270141e-01	6.881128e-01	-1.633322e-01
4.230310e-01	6.885352e-01	-1.633942e-01
4.189022e-01	6.886212e-01	-1.633883e-01
4.392471e-01	6.873255e-01	-1.636808e-01
4.438012e-01	6.867414e-01	-1.637155e-01
4.478575e-01	6.857654e-01	-1.636779e-01
4.147263e-01	6.803687e-01	-5.497021e-02
4.546826e-01	6.753433e-01	-5.582954e-02
4.250335e-01	6.487170e-01	-1.363568e-01
4.398747e-01	6.474328e-01	-1.363148e-01
3.895836e-01	5.879639e-01	-2.758717e-02
4.762236e-01	5.958688e-01	-6.268576e-02
3.574871e-01	5.491134e-01	-2.634654e-01
4.796230e-01	5.811107e-01	-3.153580e-01
3.481349e-01	5.372441e-01	-5.421167e-01
4.750708e-01	5.568190e-01	-5.933102e-01
3.371863e-01	5.305872e-01	-6.051876e-01
4.805043e-01	5.327199e-01	-6.577739e-01
3.487873e-01	5.312014e-01	-6.100318e-01
4.667528e-01	5.331129e-01	-6.571951e-01
3.573017e-01	5.308248e-01	-5.528280e-01
4.618603e-01	5.364316e-01	-6.033271e-01
4.114520e-01	3.064262e-01	1.241200e-02
4.738714e-01	3.137399e-01	-1.229462e-02
3.957632e-01	1.036427e-01	-7.955631e-02
4.732406e-01	1.151584e-01	-5.895835e-02
4.238421e-01	-2.040390e-02	1.487963e-01
4.807115e-01	-8.474277e-03	1.353164e-01
4.346971e-01	-2.319421e-02	1.658549e-01
4.786577e-01	-2.011761e-02	1.489358e-01
4.135600e-01	-1.058586e-01	6.803068e-02
4.897393e-01	-9.709976e-02	3.385323e-02
4.329429e-01	6.890439e-01	-1.775912e-01
4.270178e-01	7.082833e-01	-1.619997e-01
4.230338e-01	7.084921e-01	-1.620644e-01
4.188839e-01	7.084792e-01	-1.620615e-01
4.392880e-01	7.076735e-01	-1.628489e-01
4.438484e-01	7.072546e-01	-1.628776e-01
4.478868e-01	7.064940e-01	-1.628165e-01
4.145943e-01	7.001305e-01	-5.301055e-02
4.546696e-01	6.958637e-01	-5.581430e-02
4.250481e-01	6.692154e-01	-1.353474e-01
4.400348e-01	6.681365e-01	-1.358820e-01
3.894178e-01	6.103326e-01	-3.112811e-02
4.762309e-01	6.147172e-01	-6.419976e-02
3.591247e-01	5.737939e-01	-2.806598e-01
4.796895e-01	5.907757e-01	-3.314148e-01
3.479633e-01	5.580434e-01	-5.675505e-01
4.759203e-01	5.728608e-01	-6.236975e-01
3.368240e-01	5.527630e-01	-6.329810e-01
4.805355e-01	5.504056e-01	-6.911335e-01
3.486452e-01	5.528719e-01	-6.381478e-01
4.667910e-01	5.519257e-01	-6.911859e-01
3.576254e-01	5.522730e-01	-5.788757e-01
4.618959e-01	5.550130e-01	-6.348614e-01
4.113357e-01	3.250444e-01	1.240219e-02
4.738114e-01	3.324488e-01	-1.229044e-02
3.962304e-01	1.193378e-01	-6.734978e-02
4.735461e-01	1.340826e-01	-5.031823e-02
4.236635e-01	-1.982477e-02	1.508032e-01
4.814191e-01	-5.672685e-03	1.300780e-01
4.343458e-01	-2.177713e-02	1.660664e-01
4.789232e-01	-1.609232e-02	1.418271e-01
4.132738e-01	-1.054346e-01	6.512796e-02
4.888402e-01	-9.131695e-02	2.313024e-02
4.329580e-01	7.129655e-01	-1.884318e-01
4.270203e-01	7.319109e-01	-1.728236e-01
4.230344e-01	7.322509e-01	-1.728899e-01
4.188244e-01	7.324595e-01	-1.728787e-01
4.393932e-01	7.305645e-01	-1.738005e-01
4.439977e-01	7.301495e-01	-1.738352e-01
4.480096e-01	7.293947e-01	-1.738153e-01
4.144764e-01	7.253641e-01	-5.982725e-02
4.546967e-01	7.192494e-01	-6.242723e-02
4.250231e-01	6.929460e-01	-1.443222e-01
4.400818e-01	6.910582e-01	-1.447830e-01
3.891386e-01	6.314119e-01	-2.715690e-02
4.762471e-01	6.387471e-01	-6.729055e-02
3.587164e-01	5.910251e-01	-2.688731e-01
4.796990e-01	6.144366e-01	-3.302067e-01
3.492755e-01	5.782669e-01	-5.553045e-01
4.761059e-01	5.945130e-01	-6.232119e-01
3.423620e-01	5.731623e-01	-6.194011e-01
4.799873e-01	5.694915e-01	-6.913648e-01
3.527707e-01	5.743436e-01	-6.245459e-01
4.667904e-01	5.718129e-01	-6.911989e-01
3.578669e-01	5.734107e-01	-5.665796e-01
4.619705e-01	5.755321e-01	-6.340405e-01
4.113267e-01	3.438738e-01	1.262472e-02
4.738001e-01	3.501836e-01	-1.253445e-02
3.980931e-01	1.344984e-01	-6.754668e-02
4.739068e-01	1.485267e-01	-4.518934e-02
4.234597e-01	-1.419476e-02	1.568575e-01
4.811350e-01	-4.900915e-03	1.520948e-01
4.341983e-01	-2.065530e-02	1.726276e-01
4.788468e-01	-1.314024e-02	1.661274e-01
4.114443e-01	-9.699493e-02	6.139291e-02
4.859146e-01	-9.078550e-02	3.958002e-02
4.328634e-01	7.344457e-01	-1.779598e-01
4.269480e-01	7.529902e-01	-1.623745e-01
4.229423e-01	7.531339e-01	-1.624393e-01
4.186427e-01	7.531333e-01	-1.624195e-01
4.393743e-01	7.523364e-01	-1.636644e-01
4.439858e-01	7.520392e-01	-1.636870e-01
4.480047e-01	7.512015e-01	-1.636425e-01
4.143558e-01	7.446671e-01	-4.971746e-02
4.547115e-01	7.396045e-01	-5.437179e-02
4.248797e-01	7.139419e-01	-1.340478e-01
4.400662e-01	7.126938e-01	-1.350793e-01
3.891421e-01	6.491687e-01	-2.438060e-02
4.765001e-01	6.608767e-01	-6.275396e-02
3.603170e-01	6.132517e-01	-2.868780e-01
4.796944e-01	6.436076e-01	-3.425892e-01
3.499439e-01	5.961936e-01	-5.903916e-01
4.761271e-01	6.163157e-01	-6.440094e-01
3.422092e-01	5.952345e-01	-6.576853e-01
4.799967e-01	5.913204e-01	-7.130463e-01
3.529998e-01	5.937243e-01	-6.638147e-01
4.666990e-01	5.932503e-01	-7.136357e-01
3.580630e-01	5.912801e-01	-6.026298e-01
4.618021e-01	5.964969e-01	-6.556855e-01
4.115219e-01	3.555421e-01	1.254763e-02
4.738007e-01	3.640739e-01	-1.247220e-02
4.011153e-01	1.433737e-01	-6.713121e-02
4.746892e-01	1.611359e-01	-3.708768e-02
4.240895e-01	-1.390716e-02	1.249656e-01
4.821475e-01	2.446874e-03	1.475432e-01
4.342700e-01	-2.057821e-02	1.363121e-01
4.798889e-01	-8.942130e-03	1.588072e-01
4.117044e-01	-9.163526e-02	1.850471e-02
4.860128e-01	-5.846387e-02	3.111077e-02
4.321539e-01	7.328442e-01	-1.702119e-01
4.267361e-01	7.516222e-01	-1.545268e-01
4.226641e-01	7.520267e-01	-1.545896e-01
4.184046e-01	7.520564e-01	-1.545771e-01
4.390774e-01	7.512306e-01	-1.563228e-01
4.437158e-01	7.511725e-01	-1.563468e-01
4.479492e-01	7.506907e-01	-1.562916e-01
4.143521e-01	7.453578e-01	-4.743959e-02
4.548587e-01	7.426883e-01	-4.898585e-02
4.247220e-01	7.125754e-01	-1.270299e-01
4.397382e-01	7.125892e-01	-1.281174e-01
3.892803e-01	6.533370e-01	-1.522106e-02
4.771821e-01	6.626426e-01	-6.025776e-02
3.609203e-01	6.147445e-01	-2.750441e-01
4.822327e-01	6.497363e-01	-3.473628e-01
3.484826e-01	5.998643e-01	-5.783076e-01
4.767947e-01	6.200420e-01	-6.588088e-01
3.406674e-01	6.018357e-01	-6.443381e-01
4.809131e-01	5.976093e-01	-7.282581e-01
3.516708e-01	5.995763e-01	-6.516324e-01
4.679229e-01	5.985139e-01	-7.274634e-01
3.577163e-01	5.972863e-01	-5.911294e-01
4.635026e-01	6.022055e-01	-6.702433e-01
4.115376e-01	3.597881e-01	1.242180e-02
4.737618e-01	3.674580e-01	-1.235843e-02
4.035925e-01	1.463084e-01	-6.774206e-02
4.748366e-01	1.627026e-01	-3.841432e-02
4.246930e-01	-1.618444e-02	8.182742e-02
4.830032e-01	2.676212e-03	1.221095e-01
4.345877e-01	-2.596402e-02	8.854301e-02
4.817491e-01	-8.628499e-03	1.299077e-01
4.126161e-01	-9.172142e-02	-3.682359e-02
4.862511e-01	-5.625055e-02	-3.393343e-03
4.321677e-01	7.480922e-01	-1.835501e-01
4.267753e-01	7.673368e-01	-1.669262e-01
4.226980e-01	7.675613e-01	-1.669923e-01
4.184086e-01	7.675122e-01	-1.669482e-01
4.390875e-01	7.669562e-01	-1.685265e-01
4.437239e-01	7.667947e-01	-1.685490e-01
4.479619e-01	7.660238e-01	-1.685061e-01
4.143580e-01	7.600831e-01	-5.078470e-02
4.549111e-01	7.575318e-01	-5.531541e-02
4.247716e-01	7.279363e-01	-1.382886e-01
4.397395e-01	7.284791e-01	-1.393572e-01
3.892587e-01	6.657681e-01	-2.966537e-02
4.777262e-01	6.718453e-01	-6.197799e-02
3.619628e-01	6.307276e-01	-3.065445e-01
4.861767e-01	6.499614e-01	-3.589778e-01
3.514197e-01	6.171811e-01	-6.134292e-01
4.774806e-01	6.336226e-01	-6.687299e-01
3.427182e-01	6.157349e-01	-6.823463e-01
4.817216e-01	6.119069e-01	-7.387874e-01
3.545610e-01	6.115736e-01	-6.872057e-01
4.679672e-01	6.126453e-01	-7.362697e-01
3.617479e-01	6.097845e-01	-6.253583e-01
4.635081e-01	6.156953e-01	-6.793991e-01
4.113480e-01	3.721364e-01	1.028529e-02
4.730864e-01	3.795658e-01	-1.026522e-02
4.046158e-01	1.597283e-01	-6.809823e-02
4.751899e-01	1.767334e-01	-3.999764e-02
4.242759e-01	-8.957193e-03	1.136300e-01
4.833748e-01	1.211571e-02	1.288560e-01
4.323865e-01	-2.174903e-02	1.246729e-01
4.816566e-01	-1.802620e-03	1.382274e-01
4.132561e-01	-8.188824e-02	2.499035e-03
4.865636e-01	-4.243745e-02	4.281586e-03
4.321398e-01	7.611089e-01	-1.761818e-01
4.267620e-01	7.811795e-01	-1.597772e-01
4.226385e-01	7.816741e-01	-1.598404e-01
4.183001e-01	7.820702e-01	-1.598138e-01
4.390866e-01	7.797514e-01	-1.613949e-01
4.437222e-01	7.792214e-01	-1.614174e-01
4.479640e-01	7.781860e-01	-1.613599e-01
4.142357e-01	7.748407e-01	-4.683067e-02
4.549370e-01	7.696182e-01	-5.474336e-02
4.245826e-01	7.412984e-01	-1.317789e-01
4.396276e-01	7.409405e-01	-1.330579e-01
3.890607e-01	6.798483e-01	-2.945491e-02
4.777149e-01	6.844909e-01	-6.059982e-02
3.626494e-01	6.443261e-01	-3.000877e-01
4.870968e-01	6.669255e-01	-3.596200e-01
3.513273e-01	6.298565e-01	-6.151930e-01
4.780719e-01	6.551602e-01	-6.752783e-01
3.420857e-01	6.321802e-01	-6.839036e-01
4.819500e-01	6.314756e-01	-7.463331e-01
3.538015e-01	6.294913e-01	-6.887686e-01
4.679870e-01	6.325235e-01	-7.420824e-01
3.614271e-01	6.252493e-01	-6.275039e-01
4.637650e-01	6.359136e-01	-6.854557e-01
4.113401e-01	3.813303e-01	9.046846e-03
4.727687e-01	3.906065e-01	-9.050967e-03
4.068467e-01	1.642080e-01	-6.344985e-02
4.759347e-01	1.792565e-01	-4.153492e-02
4.240340e-01	-8.451227e-03	1.101495e-01
4.837489e-01	1.183815e-02	1.129804e-01
4.316165e-01	-2.167932e-02	1.188804e-01
4.819239e-01	-1.812630e-03	1.201925e-01
4.136681e-01	-8.009553e-02	-1.114151e-02
4.865497e-01	-4.193332e-02	-2.166450e-02
4.320589e-01	7.735158e-01	-1.615941e-01
4.267266e-01	7.934211e-01	-1.427661e-01
4.225578e-01	7.939257e-01	-1.428494e-01
4.182015e-01	7.943779e-01	-1.428131e-01
4.390604e-01	7.920390e-01	-1.448331e-01
4.436950e-01	7.916356e-01	-1.448550e-01
4.479552e-01	7.906525e-01	-1.448041e-01
4.141577e-01	7.876454e-01	-2.163610e-02
4.549310e-01	7.825286e-01	-2.922594e-02
4.244777e-01	7.535973e-01	-1.152030e-01
4.395221e-01	7.534145e-01	-1.167147e-01
3.887507e-01	6.906754e-01	-1.137314e-02
4.777162e-01	6.929321e-01	-3.613622e-02
3.653393e-01	6.550253e-01	-2.900878e-01
4.866623e-01	6.644692e-01	-3.586229e-01
3.487385e-01	6.399639e-01	-6.078976e-01
4.781595e-01	6.639436e-01	-6.533484e-01
3.363566e-01	6.475080e-01	-6.775162e-01
4.819389e-01	6.431853e-01	-7.239810e-01
3.465415e-01	6.442540e-01	-6.853312e-01
4.679971e-01	6.442469e-01	-7.203790e-01
3.574005e-01	6.381904e-01	-6.217455e-01
4.637933e-01	6.466413e-01	-6.639145e-01
4.112206e-01	3.905953e-01	4.917296e-03
4.725905e-01	3.980853e-01	-4.900718e-03
4.093272e-01	1.725094e-01	-5.869459e-02
4.775606e-01	1.816959e-01	-3.796902e-02
4.219219e-01	-2.163460e-03	1.187304e-01
4.838637e-01	1.209908e-02	1.096216e-01
4.277689e-01	-1.619664e-02	1.282341e-01
4.817655e-01	-1.718909e-03	1.158320e-01
4.193576e-01	-5.599863e-02	-3.831056e-03
4.865547e-01	-3.381777e-02	-3.016285e-02
4.320628e-01	7.803233e-01	-1.591787e-01
4.266736e-01	7.995797e-01	-1.392752e-01
4.224595e-01	8.001225e-01	-1.393698e-01
4.180856e-01	8.002701e-01	-1.393357e-01
4.390491e-01	7.991889e-01	-1.414301e-01
4.436973e-01	7.991271e-01	-1.414520e-01
4.479749e-01	7.984132e-01	-1.414095e-01
4.139160e-01	7.925115e-01	-1.487078e-02
4.549515e-01	7.902601e-01	-2.279885e-02
4.245116e-01	7.594507e-01	-1.121430e-01
4.395732e-01	7.605691e-01	-1.138010e-01
3.886523e-01	6.960340e-01	-8.190731e-03
4.778549e-01	7.009972e-01	-2.941485e-02
3.670983e-01	6.608778e-01	-2.946357e-01
4.865645e-01	6.612298e-01	-3.524965e-01
3.504973e-01	6.486654e-01	-6.190323e-01
4.787768e-01	6.704658e-01	-6.531654e-01
3.380397e-01	6.536949e-01	-6.905385e-01
4.821600e-01	6.518203e-01	-7.254976e-01
3.482367e-01	6.494682e-01	-6.980206e-01
4.687051e-01	6.518838e-01	-7.222753e-01
3.574587e-01	6.449780e-01	-6.329767e-01
4.648561e-01	6.541402e-01	-6.643766e-01
4.110081e-01	4.003481e-01	2.690178e-03
4.723226e-01	4.065283e-01	-2.667347e-03
4.110332e-01	1.852417e-01	-5.481313e-02
4.788517e-01	1.875530e-01	-3.842488e-02
4.208550e-01	2.175412e-03	1.167891e-01
4.858499e-01	1.457370e-02	1.031753e-01
4.263995e-01	-1.417914e-02	1.248999e-01
4.845722e-01	4.769798e-04	1.084560e-01
4.211170e-01	-4.579524e-02	-1.492022e-02
4.865932e-01	-2.790835e-02	-4.186514e-02
4.311147e-01	7.865744e-01	-1.484399e-01
4.262677e-01	8.046578e-01	-1.277790e-01
4.218963e-01	8.054143e-01	-1.278707e-01
4.177600e-01	8.056856e-01	-1.278466e-01
4.386871e-01	8.032983e-01	-1.309636e-01
4.433067e-01	8.026258e-01	-1.309857e-01
4.478423e-01	8.018857e-01	-1.309277e-01
4.138442e-01	7.982519e-01	-1.599153e-03
4.549519e-01	7.935525e-01	-1.423625e-02
4.238577e-01	7.658332e-01	-1.007526e-01
4.390813e-01	7.659703e-01	-1.039288e-01
3.886520e-01	7.018523e-01	8.236851e-03
4.778895e-01	7.020106e-01	-2.295244e-02
3.685025e-01	6.654845e-01	-2.765794e-01
4.865374e-01	6.622958e-01	-3.358683e-01
3.478646e-01	6.521849e-01	-6.038643e-01
4.787578e-01	6.702914e-01	-6.472411e-01
3.347476e-01	6.589421e-01	-6.717290e-01
4.824807e-01	6.575593e-01	-7.194051e-01
3.444225e-01	6.576391e-01	-6.781239e-01
4.694551e-01	6.577330e-01	-7.161742e-01
3.555257e-01	6.541444e-01	-6.161149e-01
4.654304e-01	6.587940e-01	-6.583481e-01
4.108906e-01	4.013956e-01	2.987978e-03
4.719782e-01	4.077603e-01	-2.947171e-03
4.108532e-01	1.841027e-01	-4.813011e-02
4.795504e-01	1.867128e-01	-3.987729e-02
4.192000e-01	3.768299e-03	1.205934e-01
4.864007e-01	1.429441e-02	9.236656e-02
4.241826e-01	-1.299432e-02	1.288258e-01
4.855719e-01	3.887588e-04	9.702434e-02
4.233250e-01	-4.575771e-02	-9.944317e-03
4.845626e-01	-3.218544e-02	-5.327331e-02
4.310119e-01	7.840439e-01	-1.504815e-01
4.261991e-01	8.029168e-01	-1.306396e-01
4.218490e-01	8.030781e-01	-1.307341e-01
4.177102e-01	8.035191e-01	-1.307219e-01
4.386435e-01	8.020799e-01	-1.334205e-01
4.432673e-01	8.017765e-01	-1.334402e-01
4.478373e-01	8.012651e-01	-1.333813e-01
4.138414e-01	7.966276e-01	-4.322475e-03
4.549833e-01	7.926449e-01	-1.484999e-02
4.237760e-01	7.628427e-01	-1.032032e-01
4.390059e-01	7.634594e-01	-1.058932e-01
3.886546e-01	7.049680e-01	8.837545e-03
4.784977e-01	7.011970e-01	-1.300286e-02
3.690915e-01	6.669871e-01	-2.665319e-01
4.889801e-01	6.533163e-01	-2.966181e-01
3.478937e-01	6.546649e-01	-6.024897e-01
4.799268e-01	6.595033e-01	-6.226918e-01
3.333988e-01	6.577362e-01	-6.653081e-01
4.834381e-01	6.511369e-01	-6.963022e-01
3.425392e-01	6.565988e-01	-6.710349e-01
4.719311e-01	6.546661e-01	-6.968153e-01
3.540974e-01	6.532598e-01	-6.112671e-01
4.681875e-01	6.545783e-01	-6.354843e-01
4.110029e-01	4.015850e-01	2.101346e-03
4.720388e-01	4.093774e-01	-2.038218e-03
4.107233e-01	1.836587e-01	-5.164542e-02
4.802290e-01	1.876200e-01	-4.082774e-02
4.185188e-01	7.244870e-03	1.235907e-01
4.870375e-01	1.456066e-02	9.859459e-02
4.232520e-01	-9.337182e-03	1.331015e-01
4.868273e-01	6.420278e-04	1.045620e-01
4.244193e-01	-4.220305e-02	-9.248954e-03
4.838176e-01	-3.318756e-02	-4.948789e-02
4.306623e-01	7.854311e-01	-1.346858e-01
4.260583e-01	8.043923e-01	-1.139580e-01
4.217072e-01	8.044839e-01	-1.140620e-01
4.176105e-01	8.048967e-01	-1.140570e-01
4.385079e-01	8.035166e-01	-1.166849e-01
4.431142e-01	8.032216e-01	-1.166982e-01
4.477471e-01	8.024124e-01	-1.166186e-01
4.138393e-01	7.969421e-01	1.144148e-02
4.549883e-01	7.917742e-01	1.188909e-03
4.233439e-01	7.639024e-01	-8.768655e-02
4.387334e-01	7.637908e-01	-9.023097e-02
3.888194e-01	7.054465e-01	1.631028e-02
4.786207e-01	6.979479e-01	-2.079716e-03
3.701623e-01	6.710778e-01	-2.640684e-01
4.882773e-01	6.549274e-01	-2.976794e-01
3.502403e-01	6.593850e-01	-5.936963e-01
4.798921e-01	6.628466e-01	-6.244532e-01
3.360420e-01	6.643724e-01	-6.607085e-01
4.835998e-01	6.610880e-01	-6.968274e-01
3.450865e-01	6.625718e-01	-6.690175e-01
4.744850e-01	6.644270e-01	-6.970834e-01
3.544613e-01	6.585585e-01	-6.059436e-01
4.693843e-01	6.619222e-01	-6.368173e-01
4.107482e-01	4.036386e-01	1.072755e-03
4.715210e-01	4.095944e-01	-1.015402e-03
4.109477e-01	1.869054e-01	-4.701889e-02
4.803389e-01	1.902504e-01	-3.721208e-02
4.184729e-01	6.358669e-03	1.171422e-01
4.870088e-01	1.591512e-02	9.633491e-02
4.233976e-01	-9.534325e-03	1.240509e-01
4.864079e-01	1.458272e-03	1.009182e-01
4.255450e-01	-4.075781e-02	-2.047785e-02
4.836814e-01	-3.026799e-02	-4.871249e-02
4.305862e-01	7.842674e-01	-1.228170e-01
4.259177e-01	8.038886e-01	-1.027027e-01
4.215364e-01	8.039649e-01	-1.027947e-01
4.175132e-01	8.038260e-01	-1.027730e-01
4.383830e-01	8.032199e-01	-1.047409e-01
4.429923e-01	8.028793e-01	-1.047533e-01
4.476737e-01	8.019269e-01	-1.046675e-01
4.137772e-01	7.948796e-01	1.836072e-02
4.549895e-01	7.914000e-01	1.080657e-02
4.232734e-01	7.631642e-01	-7.747078e-02
4.387263e-01	7.627068e-01	-7.922897e-02
3.888128e-01	7.007188e-01	1.855705e-02
4.786673e-01	6.992850e-01	3.126953e-03
3.724314e-01	6.665448e-01	-2.595238e-01
4.866403e-01	6.593629e-01	-2.917119e-01
3.526202e-01	6.589271e-01	-5.676223e-01
4.794870e-01	6.634310e-01	-6.114817e-01
3.372872e-01	6.662859e-01	-6.344455e-01
4.836904e-01	6.658563e-01	-6.832647e-01
3.469347e-01	6.643842e-01	-6.433029e-01
4.747974e-01	6.661919e-01	-6.815436e-01
3.557860e-01	6.590619e-01	-5.813735e-01
4.697877e-01	6.621576e-01	-6.236269e-01
4.106347e-01	4.017831e-01	-3.223460e-04
4.715110e-01	4.074787e-01	3.614145e-04
4.116547e-01	1.880778e-01	-3.580967e-02
4.810763e-01	1.890494e-01	-2.640267e-02
4.183974e-01	6.280462e-03	1.074463e-01
4.869715e-01	1.482175e-02	9.337910e-02
4.233720e-01	-1.098262e-02	1.120198e-01
4.862131e-01	-3.305562e-04	9.652234e-02
4.140059e-01	-4.994771e-02	-3.064309e-02
4.839508e-01	-3.212002e-02	-4.972574e-02
4.305449e-01	7.834194e-01	-1.228938e-01
4.258705e-01	8.033190e-01	-1.029980e-01
4.214781e-01	8.035027e-01	-1.030760e-01
4.174729e-01	8.031781e-01	-1.030378e-01
4.383323e-01	8.024730e-01	-1.048048e-01
4.429301e-01	8.019458e-01	-1.048174e-01
4.476382e-01	8.008853e-01	-1.047335e-01
4.137325e-01	7.932397e-01	1.705160e-02
4.550126e-01	7.899433e-01	1.026581e-02
4.231427e-01	7.622308e-01	-7.793872e-02
4.387005e-01	7.613080e-01	-7.946081e-02
3.888114e-01	6.960099e-01	1.604982e-02
4.789373e-01	7.002929e-01	-1.877962e-03
3.744248e-01	6.631383e-01	-2.616345e-01
4.866087e-01	6.620641e-01	-2.992469e-01
3.564896e-01	6.573322e-01	-5.669373e-01
4.794612e-01	6.659056e-01	-6.156973e-01
3.398935e-01	6.635625e-01	-6.341477e-01
4.836366e-01	6.658350e-01	-6.870819e-01
3.508175e-01	6.624736e-01	-6.426777e-01
4.746104e-01	6.663371e-01	-6.844807e-01
3.596478e-01	6.574790e-01	-5.807918e-01
4.698108e-01	6.630437e-01	-6.273574e-01
4.106390e-01	4.006830e-01	-6.641243e-04
4.716529e-01	4.061375e-01	6.935550e-04
4.122675e-01	1.893167e-01	-3.432824e-02
4.817303e-01	1.878545e-01	-2.441283e-02
4.184254e-01	5.659995e-03	1.114816e-01
4.869925e-01	1.411312e-02	9.838682e-02
4.234737e-01	-1.129095e-02	1.173580e-01
4.860795e-01	-1.054622e-03	1.026318e-01
4.116768e-01	-5.554117e-02	-2.252270e-02
4.845270e-01	-3.333797e-02	-4.244080e-02
4.304219e-01	7.826353e-01	-1.288163e-01
4.257914e-01	8.027806e-01	-1.088591e-01
4.214059e-01	8.030546e-01	-1.089423e-01
4.174424e-01	8.027034e-01	-1.089157e-01
4.381948e-01	8.018487e-01	-1.112770e-01
4.427392e-01	8.012798e-01	-1.112931e-01
4.475173e-01	8.002442e-01	-1.112186e-01
4.137287e-01	7.927808e-01	1.232746e-02
4.550025e-01	7.895886e-01	2.711332e-03
4.230577e-01	7.616757e-01	-8.339759e-02
4.386365e-01	7.608598e-01	-8.564313e-02
3.889602e-01	6.935310e-01	1.419923e-02
4.792677e-01	6.995201e-01	-7.546800e-03
3.751393e-01	6.590692e-01	-2.597329e-01
4.857925e-01	6.608752e-01	-3.002412e-01
3.577726e-01	6.533762e-01	-5.636593e-01
4.793543e-01	6.627386e-01	-6.178635e-01
3.426307e-01	6.590288e-01	-6.307271e-01
4.836248e-01	6.601385e-01	-6.889881e-01
3.519164e-01	6.596053e-01	-6.395923e-01
4.759335e-01	6.629566e-01	-6.866207e-01
3.600544e-01	6.547698e-01	-5.777920e-01
4.713255e-01	6.604207e-01	-6.294571e-01
4.107513e-01	3.999713e-01	-5.764916e-04
4.718548e-01	4.049684e-01	6.223086e-04
4.122687e-01	1.893051e-01	-3.331537e-02
4.821672e-01	1.875976e-01	-2.707245e-02
4.184181e-01	5.402079e-03	1.164736e-01
4.870307e-01	1.402491e-02	1.019832e-01
4.236104e-01	-1.119510e-02	1.202431e-01
4.859287e-01	-1.068040e-03	1.072907e-01
4.190406e-01	-5.231086e-02	-1.384270e-02
4.845397e-01	-3.414493e-02	-3.735142e-02
4.304075e-01	7.822489e-01	-1.279221e-01
4.257692e-01	8.024266e-01	-1.071410e-01
4.213869e-01	8.026834e-01	-1.072179e-01
4.174329e-01	8.022453e-01	-1.071872e-01
4.381637e-01	8.015754e-01	-1.100617e-01
4.426941e-01	8.010322e-01	-1.100810e-01
4.474899e-01	8.000059e-01	-1.100039e-01
4.137208e-01	7.921903e-01	1.552928e-02
4.549874e-01	7.895168e-01	3.285873e-03
4.230118e-01	7.614298e-01	-8.218409e-02
4.385902e-01	7.608871e-01	-8.521226e-02
3.889081e-01	6.919463e-01	1.874133e-02
4.798883e-01	6.999646e-01	-9.590271e-03
3.750530e-01	6.570410e-01	-2.473310e-01
4.857596e-01	6.608214e-01	-3.030335e-01
3.520706e-01	6.493067e-01	-5.486990e-01
4.794058e-01	6.595869e-01	-6.181228e-01
3.360376e-01	6.549202e-01	-6.153268e-01
4.837545e-01	6.549543e-01	-6.894764e-01
3.450137e-01	6.548830e-01	-6.256360e-01
4.756705e-01	6.571065e-01	-6.873001e-01
3.535101e-01	6.500436e-01	-5.634865e-01
4.711922e-01	6.554245e-01	-6.298156e-01
4.108147e-01	3.981773e-01	-2.137690e-04
4.723620e-01	4.032294e-01	2.583024e-04
4.121112e-01	1.866042e-01	-3.315325e-02
4.827717e-01	1.862752e-01	-2.709286e-02
4.183752e-01	5.055432e-03	1.169003e-01
4.872124e-01	1.122054e-02	1.030406e-01
4.236527e-01	-1.121275e-02	1.222731e-01
4.857619e-01	-3.291146e-03	1.081758e-01
4.125678e-01	-6.169232e-02	-1.083746e-02
4.853524e-01	-3.553368e-02	-3.736954e-02
