4.324104e-01	7.876986e-01	-1.581894e-01
4.267733e-01	8.065678e-01	-1.363563e-01
4.216736e-01	8.064528e-01	-1.364600e-01
4.178577e-01	8.058175e-01	-1.364667e-01
4.399227e-01	8.056266e-01	-1.373168e-01
4.442073e-01	8.045948e-01	-1.373750e-01
4.490319e-01	8.036957e-01	-1.373090e-01
4.123272e-01	7.940321e-01	-1.076847e-02
4.553347e-01	7.916892e-01	-1.204717e-02
4.236464e-01	7.662430e-01	-1.115582e-01
4.406039e-01	7.655997e-01	-1.116081e-01
3.879853e-01	6.898971e-01	-2.055973e-02
4.813659e-01	6.831606e-01	-1.290412e-02
3.791328e-01	6.558477e-01	-3.301539e-01
4.902228e-01	6.242836e-01	-3.227474e-01
3.585069e-01	6.727582e-01	-6.618583e-01
4.813851e-01	6.627455e-01	-6.698543e-01
3.439722e-01	6.816642e-01	-7.363863e-01
4.838606e-01	6.744303e-01	-7.489257e-01
3.540623e-01	6.845343e-01	-7.419358e-01
4.785170e-01	6.764735e-01	-7.415328e-01
3.651191e-01	6.792545e-01	-6.754624e-01
4.749979e-01	6.696537e-01	-6.811860e-01
4.083435e-01	3.840095e-01	-8.443695e-03
4.703090e-01	3.909875e-01	8.509183e-03
4.121030e-01	1.641731e-01	-6.472851e-02
4.791166e-01	1.692699e-01	-2.097434e-02
4.209563e-01	8.731306e-03	1.646408e-01
4.818632e-01	5.489916e-03	1.519462e-01
4.255870e-01	1.217782e-03	1.798394e-01
4.806679e-01	-3.759652e-03	1.614134e-01
4.302437e-01	-4.833004e-02	5.317350e-02
4.822248e-01	-4.565367e-02	1.829227e-02
4.324781e-01	7.879255e-01	-1.415105e-01
4.267198e-01	8.065434e-01	-1.201723e-01
4.217048e-01	8.064405e-01	-1.202672e-01
4.178008e-01	8.058572e-01	-1.202643e-01
4.398980e-01	8.054854e-01	-1.221155e-01
4.442418e-01	8.045170e-01	-1.221522e-01
4.490386e-01	8.036547e-01	-1.220926e-01
4.123560e-01	7.947538e-01	3.412306e-03
4.553533e-01	7.919753e-01	-2.552166e-03
4.239451e-01	7.662448e-01	-9.537362e-02
4.406248e-01	7.656007e-01	-9.680603e-02
3.879907e-01	6.925374e-01	3.575575e-03
4.812768e-01	6.853400e-01	-7.261897e-03
3.743411e-01	6.588859e-01	-2.782401e-01
4.905892e-01	6.260434e-01	-2.999789e-01
3.541680e-01	6.727435e-01	-5.871734e-01
4.815780e-01	6.613978e-01	-6.189770e-01
3.419909e-01	6.816256e-01	-6.541587e-01
4.860352e-01	6.727223e-01	-6.909460e-01
3.516079e-01	6.844356e-01	-6.597685e-01
4.792140e-01	6.763481e-01	-6.850981e-01
3.614996e-01	6.791582e-01	-5.999283e-01
4.753848e-01	6.695103e-01	-6.291134e-01
4.083486e-01	3.900131e-01	-6.205921e-03
4.705795e-01	3.950947e-01	6.235840e-03
4.117772e-01	1.710019e-01	-5.358475e-02
4.790064e-01	1.710329e-01	-2.561918e-02
4.197052e-01	9.701231e-03	1.528010e-01
4.817492e-01	5.515816e-03	1.252567e-01
4.253965e-01	1.139850e-03	1.650661e-01
4.801992e-01	-4.071233e-03	1.325004e-01
4.260873e-01	-4.334360e-02	3.885204e-02
4.822004e-01	-4.410518e-02	-1.092137e-02
4.325517e-01	7.880772e-01	-1.313878e-01
4.266962e-01	8.065185e-01	-1.094170e-01
4.217526e-01	8.064252e-01	-1.095095e-01
4.177805e-01	8.058814e-01	-1.094996e-01
4.398885e-01	8.053852e-01	-1.116422e-01
4.442832e-01	8.044673e-01	-1.116733e-01
4.490507e-01	8.036318e-01	-1.116089e-01
4.123945e-01	7.952119e-01	1.561162e-02
4.553793e-01	7.922175e-01	8.395122e-03
4.241931e-01	7.662462e-01	-8.479331e-02
4.406361e-01	7.656019e-01	-8.657323e-02
3.879973e-01	6.938654e-01	1.964530e-02
4.812237e-01	6.859543e-01	3.696478e-03
3.719200e-01	6.605258e-01	-2.522553e-01
4.916511e-01	6.261056e-01	-2.790097e-01
3.512946e-01	6.726684e-01	-5.587993e-01
4.818571e-01	6.598333e-01	-5.916290e-01
3.399539e-01	6.809530e-01	-6.249845e-01
4.863580e-01	6.719029e-01	-6.627122e-01
3.496832e-01	6.844096e-01	-6.308059e-01
4.796343e-01	6.762984e-01	-6.559249e-01
3.569513e-01	6.790755e-01	-5.714102e-01
4.755562e-01	6.693879e-01	-6.007191e-01
4.084392e-01	3.928537e-01	-5.017563e-03
4.707479e-01	3.967999e-01	5.041248e-03
4.114167e-01	1.735774e-01	-5.306646e-02
4.790006e-01	1.713627e-01	-2.906076e-02
4.190695e-01	9.756238e-03	1.480165e-01
4.817668e-01	5.095536e-03	1.192192e-01
4.253269e-01	-7.377147e-05	1.601239e-01
4.801706e-01	-5.148452e-03	1.265323e-01
4.246508e-01	-4.339713e-02	3.314463e-02
4.822347e-01	-4.379899e-02	-1.758314e-02
4.325855e-01	7.881328e-01	-1.298296e-01
4.266762e-01	8.064664e-01	-1.073428e-01
4.217906e-01	8.063828e-01	-1.074379e-01
4.177695e-01	8.058843e-01	-1.074259e-01
4.398770e-01	8.052558e-01	-1.096381e-01
4.443011e-01	8.043824e-01	-1.096635e-01
4.490560e-01	8.035788e-01	-1.095978e-01
4.124453e-01	7.954347e-01	1.944594e-02
4.554404e-01	7.922640e-01	1.228840e-02
4.243526e-01	7.662374e-01	-8.265521e-02
4.406409e-01	7.655970e-01	-8.442156e-02
3.880242e-01	6.945689e-01	2.441288e-02
4.812859e-01	6.859310e-01	8.323780e-03
3.702958e-01	6.625949e-01	-2.502163e-01
4.923081e-01	6.231946e-01	-2.763963e-01
3.497744e-01	6.726621e-01	-5.594953e-01
4.822860e-01	6.588112e-01	-5.921325e-01
3.387029e-01	6.804878e-01	-6.262831e-01
4.865388e-01	6.713811e-01	-6.645346e-01
3.487220e-01	6.842468e-01	-6.318174e-01
4.800143e-01	6.762062e-01	-6.569976e-01
3.550578e-01	6.788335e-01	-5.721202e-01
4.758275e-01	6.690944e-01	-6.010093e-01
4.090003e-01	3.937919e-01	-4.741388e-03
4.716591e-01	3.975775e-01	4.761184e-03
4.109262e-01	1.730447e-01	-5.330227e-02
4.794879e-01	1.703317e-01	-3.027285e-02
4.189748e-01	7.099220e-03	1.441374e-01
4.819720e-01	3.330925e-03	1.248748e-01
4.253241e-01	-3.527014e-03	1.563286e-01
4.801086e-01	-7.234709e-03	1.328101e-01
4.244120e-01	-4.591558e-02	2.436435e-02
4.833437e-01	-4.673665e-02	-1.308196e-02
4.326380e-01	7.882010e-01	-1.306547e-01
4.266644e-01	8.064263e-01	-1.085362e-01
4.218286e-01	8.063369e-01	-1.086271e-01
4.177651e-01	8.058833e-01	-1.086129e-01
4.398715e-01	8.051894e-01	-1.107878e-01
4.443201e-01	8.043482e-01	-1.108142e-01
4.490634e-01	8.035641e-01	-1.107498e-01
4.124967e-01	7.955282e-01	1.708970e-02
4.555084e-01	7.923429e-01	1.021494e-02
4.245093e-01	7.662265e-01	-8.379454e-02
4.406656e-01	7.655984e-01	-8.552179e-02
3.880798e-01	6.950580e-01	2.096884e-02
4.813914e-01	6.870760e-01	5.476441e-03
3.698224e-01	6.642269e-01	-2.563368e-01
4.922899e-01	6.268796e-01	-2.828277e-01
3.489790e-01	6.727042e-01	-5.644673e-01
4.824499e-01	6.584710e-01	-5.986713e-01
3.379339e-01	6.802559e-01	-6.310282e-01
4.865900e-01	6.708910e-01	-6.712381e-01
3.480883e-01	6.841744e-01	-6.365821e-01
4.802329e-01	6.760808e-01	-6.638044e-01
3.542241e-01	6.787295e-01	-5.771716e-01
4.760301e-01	6.671301e-01	-6.077548e-01
4.094087e-01	3.941908e-01	-4.539547e-03
4.723813e-01	3.980631e-01	4.554131e-03
4.107183e-01	1.726698e-01	-5.447391e-02
4.800995e-01	1.695761e-01	-2.971842e-02
4.185427e-01	6.565385e-03	1.448600e-01
4.822203e-01	3.089791e-03	1.266833e-01
4.248790e-01	-3.955451e-03	1.571424e-01
4.800624e-01	-7.413252e-03	1.346082e-01
4.235217e-01	-4.624685e-02	2.618323e-02
4.845014e-01	-4.757284e-02	-1.087246e-02
4.326414e-01	7.882032e-01	-1.326364e-01
4.266495e-01	8.062695e-01	-1.104992e-01
4.218573e-01	8.061451e-01	-1.105953e-01
4.177645e-01	8.057843e-01	-1.105860e-01
4.398471e-01	8.050700e-01	-1.127957e-01
4.443217e-01	8.042719e-01	-1.128225e-01
4.490643e-01	8.035144e-01	-1.127608e-01
4.126037e-01	7.955143e-01	1.494200e-02
4.556220e-01	7.923285e-01	7.936561e-03
4.245819e-01	7.660593e-01	-8.589314e-02
4.406664e-01	7.654877e-01	-8.768738e-02
3.881249e-01	6.950240e-01	1.633488e-02
4.816917e-01	6.872216e-01	3.544438e-03
3.696491e-01	6.642656e-01	-2.643721e-01
4.919745e-01	6.284978e-01	-2.881923e-01
3.490915e-01	6.724542e-01	-5.736709e-01
4.826823e-01	6.573160e-01	-6.099561e-01
3.373721e-01	6.800875e-01	-6.407267e-01
4.866112e-01	6.695961e-01	-6.835663e-01
3.478397e-01	6.841604e-01	-6.466405e-01
4.807225e-01	6.754214e-01	-6.766411e-01
3.544019e-01	6.785884e-01	-5.864630e-01
4.766370e-01	6.653461e-01	-6.196578e-01
4.096527e-01	3.938658e-01	-4.312256e-03
4.727549e-01	3.979995e-01	4.317927e-03
4.104418e-01	1.725145e-01	-5.776354e-02
4.803285e-01	1.692453e-01	-2.936275e-02
4.183956e-01	6.302362e-03	1.415035e-01
4.828543e-01	4.012702e-03	1.346905e-01
4.247379e-01	-3.911780e-03	1.539232e-01
4.806606e-01	-5.326591e-03	1.438078e-01
4.225334e-01	-4.973886e-02	2.304496e-02
4.864328e-01	-4.555625e-02	3.386895e-04
4.327018e-01	7.881343e-01	-1.343610e-01
4.266536e-01	8.059708e-01	-1.123905e-01
4.219532e-01	8.058054e-01	-1.124907e-01
4.177882e-01	8.055235e-01	-1.124857e-01
4.398541e-01	8.048120e-01	-1.143905e-01
4.443769e-01	8.040625e-01	-1.144165e-01
4.491038e-01	8.033220e-01	-1.143543e-01
4.127235e-01	7.953672e-01	1.282335e-02
4.556713e-01	7.920564e-01	6.684748e-03
4.246873e-01	7.657122e-01	-8.785641e-02
4.406980e-01	7.650946e-01	-8.928304e-02
3.882170e-01	6.947928e-01	1.294680e-02
4.812910e-01	6.850328e-01	2.748274e-03
3.699801e-01	6.626224e-01	-2.679361e-01
4.884220e-01	6.251326e-01	-2.878498e-01
3.491382e-01	6.723847e-01	-5.717691e-01
4.826289e-01	6.561118e-01	-6.099971e-01
3.370008e-01	6.799763e-01	-6.381695e-01
4.866470e-01	6.690723e-01	-6.837415e-01
3.473278e-01	6.841524e-01	-6.440156e-01
4.809097e-01	6.746686e-01	-6.771148e-01
3.539407e-01	6.785117e-01	-5.844533e-01
4.768073e-01	6.635493e-01	-6.199752e-01
4.104846e-01	3.936273e-01	-4.363838e-03
4.735093e-01	3.979124e-01	4.370001e-03
4.104446e-01	1.722709e-01	-6.123771e-02
4.803460e-01	1.680003e-01	-2.902581e-02
4.184823e-01	5.428911e-03	1.345500e-01
4.829420e-01	3.910619e-03	1.400312e-01
4.249570e-01	-4.188752e-03	1.463145e-01
4.808204e-01	-5.324190e-03	1.496882e-01
4.229913e-01	-5.380014e-02	1.204177e-02
4.862975e-01	-4.800629e-02	6.460587e-03
4.327138e-01	7.876828e-01	-1.313935e-01
4.266526e-01	8.053223e-01	-1.097696e-01
4.219965e-01	8.050975e-01	-1.098775e-01
4.178011e-01	8.048214e-01	-1.098814e-01
4.398512e-01	8.042524e-01	-1.114362e-01
4.443811e-01	8.035223e-01	-1.114554e-01
4.491055e-01	8.027050e-01	-1.113943e-01
4.127756e-01	7.944661e-01	1.337126e-02
4.556723e-01	7.910108e-01	8.865932e-03
4.247065e-01	7.650616e-01	-8.565457e-02
4.407034e-01	7.644259e-01	-8.661097e-02
3.882551e-01	6.947092e-01	1.200469e-02
4.806517e-01	6.814122e-01	6.037165e-03
3.733425e-01	6.594321e-01	-2.684021e-01
4.854182e-01	6.214485e-01	-2.823072e-01
3.501895e-01	6.705899e-01	-5.722579e-01
4.820010e-01	6.552977e-01	-6.067593e-01
3.371397e-01	6.787000e-01	-6.386617e-01
4.867099e-01	6.691592e-01	-6.804026e-01
3.474755e-01	6.822958e-01	-6.451254e-01
4.811773e-01	6.735183e-01	-6.743646e-01
3.546356e-01	6.758465e-01	-5.852462e-01
4.768701e-01	6.622452e-01	-6.172345e-01
4.104742e-01	3.930127e-01	-4.501102e-03
4.736219e-01	3.978225e-01	4.500072e-03
4.104235e-01	1.718250e-01	-6.866659e-02
4.804834e-01	1.665190e-01	-2.935635e-02
4.185634e-01	5.264016e-03	1.299845e-01
4.832713e-01	4.329775e-03	1.502144e-01
4.251022e-01	-4.144174e-03	1.420717e-01
4.811433e-01	-4.280613e-03	1.612289e-01
4.237486e-01	-5.603463e-02	8.632972e-03
4.865704e-01	-4.858451e-02	2.217147e-02
4.328280e-01	7.836438e-01	-1.329459e-01
4.266891e-01	8.028761e-01	-1.132943e-01
4.221287e-01	8.029019e-01	-1.134002e-01
4.178700e-01	8.025836e-01	-1.134145e-01
4.398675e-01	8.018903e-01	-1.139436e-01
4.444526e-01	8.010508e-01	-1.139397e-01
4.491304e-01	7.998748e-01	-1.138534e-01
4.128432e-01	7.914463e-01	4.812466e-03
4.556782e-01	7.878450e-01	4.611406e-03
4.247528e-01	7.615494e-01	-8.881973e-02
4.407031e-01	7.608923e-01	-8.847587e-02
3.882393e-01	6.921224e-01	1.629942e-03
4.795938e-01	6.790599e-01	3.374317e-03
3.743110e-01	6.570840e-01	-2.837792e-01
4.833407e-01	6.209325e-01	-2.834068e-01
3.554991e-01	6.634811e-01	-5.812501e-01
4.806785e-01	6.539627e-01	-6.096099e-01
3.413229e-01	6.762859e-01	-6.469746e-01
4.865937e-01	6.687915e-01	-6.836895e-01
3.499909e-01	6.789331e-01	-6.533730e-01
4.810325e-01	6.716930e-01	-6.757723e-01
3.587174e-01	6.704658e-01	-5.942369e-01
4.764426e-01	6.610695e-01	-6.188106e-01
4.104303e-01	3.912288e-01	-4.548085e-03
4.736016e-01	3.972742e-01	4.546007e-03
4.099485e-01	1.697145e-01	-6.738225e-02
4.804774e-01	1.652703e-01	-2.566392e-02
4.185832e-01	5.129859e-03	1.301366e-01
4.836273e-01	5.368471e-03	1.548829e-01
4.251616e-01	-4.096828e-03	1.415501e-01
4.813469e-01	-3.002981e-03	1.653625e-01
4.239191e-01	-5.856299e-02	1.054425e-02
4.886721e-01	-4.583148e-02	2.999499e-02
4.326906e-01	7.790897e-01	-1.333308e-01
4.266639e-01	7.993333e-01	-1.125486e-01
4.221326e-01	7.995437e-01	-1.126590e-01
4.178611e-01	7.990114e-01	-1.126743e-01
4.398023e-01	7.982212e-01	-1.136135e-01
4.444369e-01	7.972519e-01	-1.136132e-01
4.490820e-01	7.959654e-01	-1.135258e-01
4.128671e-01	7.869530e-01	9.341973e-03
4.556836e-01	7.835459e-01	7.125366e-03
4.246356e-01	7.577817e-01	-8.806699e-02
4.405042e-01	7.563978e-01	-8.830221e-02
3.882801e-01	6.869000e-01	6.194893e-03
4.795427e-01	6.754256e-01	9.036407e-03
3.745119e-01	6.505842e-01	-2.735963e-01
4.831088e-01	6.098899e-01	-2.792826e-01
3.561288e-01	6.581519e-01	-5.756830e-01
4.805337e-01	6.492577e-01	-6.118640e-01
3.415656e-01	6.719466e-01	-6.428211e-01
4.861687e-01	6.646742e-01	-6.865866e-01
3.500123e-01	6.757954e-01	-6.498934e-01
4.810007e-01	6.677269e-01	-6.795223e-01
3.588650e-01	6.674766e-01	-5.887433e-01
4.764309e-01	6.585386e-01	-6.218626e-01
4.104425e-01	3.866427e-01	-4.561223e-03
4.736052e-01	3.931657e-01	4.560889e-03
4.090053e-01	1.629547e-01	-7.202809e-02
4.805204e-01	1.604177e-01	-2.676161e-02
4.185828e-01	2.956167e-03	1.327732e-01
4.847435e-01	5.889803e-03	1.682927e-01
4.251485e-01	-5.229292e-03	1.450424e-01
4.822826e-01	-2.071023e-03	1.808804e-01
4.139710e-01	-7.858919e-02	1.456374e-02
4.903878e-01	-4.630077e-02	4.720638e-02
4.326673e-01	7.764381e-01	-1.381861e-01
4.266584e-01	7.973685e-01	-1.170841e-01
4.221419e-01	7.977156e-01	-1.171981e-01
4.178608e-01	7.971882e-01	-1.172197e-01
4.397972e-01	7.960883e-01	-1.183261e-01
4.444506e-01	7.950321e-01	-1.183190e-01
4.490825e-01	7.936361e-01	-1.182295e-01
4.128985e-01	7.851546e-01	6.319308e-03
4.557238e-01	7.812309e-01	3.500863e-03
4.245910e-01	7.555955e-01	-9.217791e-02
4.404517e-01	7.538289e-01	-9.265286e-02
3.883421e-01	6.841276e-01	4.487763e-03
4.793687e-01	6.731309e-01	7.861095e-03
3.750003e-01	6.469181e-01	-2.739106e-01
4.826697e-01	6.067497e-01	-2.826288e-01
3.566285e-01	6.558687e-01	-5.798784e-01
4.803473e-01	6.476986e-01	-6.246024e-01
3.417042e-01	6.695396e-01	-6.477569e-01
4.859469e-01	6.633987e-01	-7.009993e-01
3.500245e-01	6.736762e-01	-6.539716e-01
4.809546e-01	6.660194e-01	-6.945947e-01
3.590073e-01	6.656256e-01	-5.927912e-01
4.763885e-01	6.572516e-01	-6.353606e-01
4.105020e-01	3.835939e-01	-4.530560e-03
4.736460e-01	3.904733e-01	4.532370e-03
4.083685e-01	1.595637e-01	-7.621671e-02
4.805200e-01	1.584106e-01	-2.728646e-02
4.185906e-01	1.590728e-03	1.306889e-01
4.852958e-01	7.630758e-03	1.841365e-01
4.251489e-01	-6.216016e-03	1.435048e-01
4.827012e-01	2.418721e-04	1.984116e-01
4.115659e-01	-8.467407e-02	1.358719e-02
4.907784e-01	-4.629862e-02	6.815725e-02
4.326684e-01	7.682517e-01	-1.353740e-01
4.266621e-01	7.899724e-01	-1.142658e-01
4.221688e-01	7.905566e-01	-1.143849e-01
4.178609e-01	7.906603e-01	-1.144226e-01
4.398078e-01	7.879346e-01	-1.151019e-01
4.444644e-01	7.871429e-01	-1.150981e-01
4.490823e-01	7.862259e-01	-1.149883e-01
4.128860e-01	7.796118e-01	9.288605e-03
4.557249e-01	7.745091e-01	8.295220e-03
4.245135e-01	7.484691e-01	-8.921501e-02
4.403352e-01	7.459341e-01	-8.923972e-02
3.883452e-01	6.804632e-01	9.727494e-03
4.786941e-01	6.627913e-01	1.475821e-02
3.759629e-01	6.390277e-01	-2.627624e-01
4.826166e-01	5.983049e-01	-2.667412e-01
3.570541e-01	6.515309e-01	-5.677295e-01
4.803062e-01	6.381416e-01	-6.099603e-01
3.417363e-01	6.654382e-01	-6.358660e-01
4.859141e-01	6.516230e-01	-6.862470e-01
3.497700e-01	6.703264e-01	-6.449267e-01
4.809755e-01	6.558374e-01	-6.827192e-01
3.589603e-01	6.619357e-01	-5.815200e-01
4.764681e-01	6.483635e-01	-6.219311e-01
4.105123e-01	3.783201e-01	-4.270952e-03
4.735802e-01	3.855384e-01	4.291172e-03
4.063184e-01	1.552068e-01	-7.540382e-02
4.804784e-01	1.562061e-01	-3.082029e-02
4.186102e-01	1.665501e-03	1.324278e-01
4.850952e-01	9.202457e-03	1.747497e-01
4.252686e-01	-6.145464e-03	1.452190e-01
4.827022e-01	1.892267e-03	1.878267e-01
4.080633e-01	-8.398046e-02	1.766284e-02
4.905520e-01	-4.627963e-02	5.688989e-02
4.327145e-01	7.603784e-01	-1.245082e-01
4.267624e-01	7.812446e-01	-1.039371e-01
4.223276e-01	7.820583e-01	-1.040427e-01
4.179787e-01	7.824580e-01	-1.040723e-01
4.398376e-01	7.788816e-01	-1.046268e-01
4.445316e-01	7.779782e-01	-1.046209e-01
4.490832e-01	7.766429e-01	-1.044973e-01
4.129207e-01	7.727053e-01	1.642685e-02
4.557145e-01	7.655219e-01	1.603994e-02
4.245110e-01	7.407150e-01	-7.937048e-02
4.402785e-01	7.373916e-01	-7.920496e-02
3.885561e-01	6.747650e-01	1.503452e-02
4.779977e-01	6.580862e-01	1.728701e-02
3.765198e-01	6.347801e-01	-2.604707e-01
4.816186e-01	5.994914e-01	-2.642522e-01
3.586326e-01	6.454740e-01	-5.610884e-01
4.800260e-01	6.342422e-01	-5.954751e-01
3.448131e-01	6.563799e-01	-6.281649e-01
4.858909e-01	6.487373e-01	-6.688954e-01
3.534062e-01	6.602209e-01	-6.355938e-01
4.808869e-01	6.511255e-01	-6.656187e-01
3.608032e-01	6.532661e-01	-5.739774e-01
4.763764e-01	6.424079e-01	-6.070808e-01
4.105071e-01	3.736885e-01	-3.397289e-03
4.732675e-01	3.811803e-01	3.419723e-03
4.039317e-01	1.517013e-01	-7.456011e-02
4.799530e-01	1.550813e-01	-3.073288e-02
4.185858e-01	2.694434e-03	1.249342e-01
4.849223e-01	1.147514e-02	1.703519e-01
4.252672e-01	-5.947794e-03	1.376360e-01
4.827595e-01	3.384429e-03	1.829210e-01
4.043897e-01	-8.077233e-02	1.781167e-02
4.928419e-01	-3.801505e-02	5.725293e-02
4.326372e-01	7.511359e-01	-1.401286e-01
4.267522e-01	7.698501e-01	-1.195335e-01
4.223307e-01	7.706430e-01	-1.196294e-01
4.179761e-01	7.708792e-01	-1.196456e-01
4.398025e-01	7.674460e-01	-1.215940e-01
4.445235e-01	7.664897e-01	-1.215839e-01
4.490550e-01	7.656419e-01	-1.214545e-01
4.129238e-01	7.620045e-01	5.226720e-03
4.557243e-01	7.568740e-01	-1.596799e-03
4.244502e-01	7.308457e-01	-9.283681e-02
4.401410e-01	7.269153e-01	-9.452130e-02
3.890349e-01	6.666657e-01	1.032876e-02
4.780149e-01	6.541306e-01	-6.737726e-03
3.756472e-01	6.287944e-01	-2.746252e-01
4.806638e-01	6.014119e-01	-3.093259e-01
3.585064e-01	6.312046e-01	-5.850419e-01
4.789999e-01	6.290143e-01	-6.399465e-01
3.445693e-01	6.448079e-01	-6.526747e-01
4.848257e-01	6.411285e-01	-7.139010e-01
3.532699e-01	6.461732e-01	-6.583909e-01
4.802255e-01	6.433338e-01	-7.075443e-01
3.613376e-01	6.377988e-01	-5.972689e-01
4.750951e-01	6.351868e-01	-6.501629e-01
4.102747e-01	3.674313e-01	9.739870e-05
4.728945e-01	3.747643e-01	-8.843747e-05
4.010042e-01	1.451549e-01	-8.065771e-02
4.797373e-01	1.503024e-01	-3.505469e-02
4.184467e-01	2.735566e-03	1.282770e-01
4.858078e-01	1.372004e-02	1.897571e-01
4.253371e-01	-5.847249e-03	1.447086e-01
4.839399e-01	4.862417e-03	2.065892e-01
4.002936e-01	-8.378181e-02	3.516142e-02
4.947839e-01	-3.838945e-02	8.770028e-02
4.327207e-01	7.399806e-01	-1.330889e-01
4.267965e-01	7.575726e-01	-1.125383e-01
4.223863e-01	7.579717e-01	-1.126451e-01
4.180004e-01	7.583045e-01	-1.126918e-01
4.400166e-01	7.558848e-01	-1.138647e-01
4.448207e-01	7.553580e-01	-1.138570e-01
4.492077e-01	7.546174e-01	-1.136956e-01
4.129535e-01	7.505746e-01	1.051463e-02
4.557438e-01	7.448118e-01	6.383623e-03
4.244481e-01	7.191734e-01	-8.656564e-02
4.401661e-01	7.157686e-01	-8.753131e-02
3.892436e-01	6.544049e-01	1.674936e-02
4.767085e-01	6.367298e-01	9.342517e-03
3.733394e-01	6.100092e-01	-2.560201e-01
4.805173e-01	5.708255e-01	-2.655289e-01
3.566872e-01	6.167219e-01	-5.625257e-01
4.783138e-01	6.101635e-01	-5.960873e-01
3.443725e-01	6.322248e-01	-6.301910e-01
4.847178e-01	6.264182e-01	-6.689800e-01
3.531900e-01	6.342087e-01	-6.356642e-01
4.800822e-01	6.310348e-01	-6.654016e-01
3.613207e-01	6.256646e-01	-5.741759e-01
4.750887e-01	6.220765e-01	-6.071526e-01
4.099056e-01	3.536696e-01	2.388287e-04
4.726400e-01	3.627282e-01	-2.091760e-04
3.998925e-01	1.382993e-01	-7.967935e-02
4.794870e-01	1.421479e-01	-3.949123e-02
4.181663e-01	3.547602e-03	1.399195e-01
4.852061e-01	1.345458e-02	1.843224e-01
4.253052e-01	-5.125958e-03	1.578672e-01
4.838031e-01	2.596303e-03	2.045363e-01
3.977000e-01	-8.542674e-02	5.704468e-02
4.943126e-01	-4.118851e-02	6.922831e-02
4.329994e-01	7.278603e-01	-1.680555e-01
4.268440e-01	7.452087e-01	-1.486512e-01
4.224383e-01	7.452401e-01	-1.487628e-01
4.180216e-01	7.451315e-01	-1.488125e-01
4.400873e-01	7.444105e-01	-1.491919e-01
4.448792e-01	7.440134e-01	-1.491865e-01
4.492214e-01	7.432398e-01	-1.490465e-01
4.129641e-01	7.358802e-01	-2.799132e-02
4.555470e-01	7.325324e-01	-2.862908e-02
4.245296e-01	7.070332e-01	-1.223618e-01
4.403136e-01	7.049710e-01	-1.222770e-01
3.893148e-01	6.414846e-01	-2.231596e-02
4.757306e-01	6.247581e-01	-2.566183e-02
3.703239e-01	6.060315e-01	-3.148544e-01
4.764078e-01	5.775347e-01	-3.189501e-01
3.549874e-01	6.112460e-01	-6.199700e-01
4.764491e-01	6.032677e-01	-6.576987e-01
3.443159e-01	6.250669e-01	-6.903608e-01
4.842383e-01	6.177959e-01	-7.330933e-01
3.538513e-01	6.249338e-01	-6.922162e-01
4.795186e-01	6.213979e-01	-7.307341e-01
3.613048e-01	6.174307e-01	-6.303684e-01
4.747895e-01	6.126530e-01	-6.702630e-01
4.098407e-01	3.436374e-01	1.630088e-03
4.726372e-01	3.522812e-01	-1.611693e-03
3.987645e-01	1.330910e-01	-7.912331e-02
4.791521e-01	1.346863e-01	-4.275171e-02
4.180998e-01	3.159635e-03	1.618766e-01
4.844778e-01	1.160750e-02	1.799690e-01
4.254309e-01	-5.562351e-03	1.802732e-01
4.826548e-01	8.465501e-04	1.958525e-01
3.971904e-01	-8.698184e-02	7.820442e-02
4.914936e-01	-4.984181e-02	6.390060e-02
4.329937e-01	7.261939e-01	-1.753421e-01
4.268430e-01	7.441537e-01	-1.559970e-01
4.224430e-01	7.446187e-01	-1.560931e-01
4.180175e-01	7.445125e-01	-1.561248e-01
4.400756e-01	7.424455e-01	-1.570468e-01
4.448856e-01	7.416007e-01	-1.570429e-01
4.492130e-01	7.405277e-01	-1.569217e-01
4.129326e-01	7.350283e-01	-3.670414e-02
4.555474e-01	7.305669e-01	-3.913875e-02
4.244851e-01	7.055607e-01	-1.301005e-01
4.402719e-01	7.025532e-01	-1.305278e-01
3.894209e-01	6.392032e-01	-3.300177e-02
4.756804e-01	6.227109e-01	-4.277677e-02
3.698201e-01	6.076902e-01	-3.310748e-01
4.771021e-01	5.825853e-01	-3.432788e-01
3.582780e-01	6.111658e-01	-6.383331e-01
4.742296e-01	6.005547e-01	-6.706439e-01
3.476063e-01	6.191427e-01	-7.082349e-01
4.829058e-01	6.122271e-01	-7.457529e-01
3.583279e-01	6.177275e-01	-7.092544e-01
4.777960e-01	6.158987e-01	-7.402980e-01
3.666687e-01	6.116925e-01	-6.487749e-01
4.729567e-01	6.084026e-01	-6.816736e-01
4.098421e-01	3.430380e-01	2.781845e-03
4.726015e-01	3.516612e-01	-2.769424e-03
3.981884e-01	1.290993e-01	-8.108179e-02
4.788944e-01	1.311189e-01	-4.202997e-02
4.181342e-01	2.990941e-03	1.637592e-01
4.825015e-01	1.146364e-02	2.015128e-01
4.257224e-01	-4.908578e-03	1.822340e-01
4.788920e-01	8.318710e-04	2.202414e-01
3.996276e-01	-9.086581e-02	7.873142e-02
4.885947e-01	-5.139637e-02	1.073581e-01
4.329371e-01	7.135064e-01	-1.916857e-01
4.268060e-01	7.316266e-01	-1.722409e-01
4.224191e-01	7.321042e-01	-1.723445e-01
4.179798e-01	7.325599e-01	-1.723846e-01
4.400531e-01	7.298307e-01	-1.735022e-01
4.448577e-01	7.292690e-01	-1.734891e-01
4.491805e-01	7.287040e-01	-1.733524e-01
4.129016e-01	7.247497e-01	-4.924036e-02
4.555033e-01	7.201998e-01	-5.277207e-02
4.243933e-01	6.931117e-01	-1.448736e-01
4.401618e-01	6.902488e-01	-1.456430e-01
3.894659e-01	6.294349e-01	-3.682646e-02
4.756378e-01	6.164504e-01	-4.701629e-02
3.654910e-01	5.956059e-01	-3.251035e-01
4.772679e-01	5.734403e-01	-3.425803e-01
3.569364e-01	5.966991e-01	-6.337469e-01
4.745108e-01	5.920470e-01	-6.829513e-01
3.472931e-01	6.080301e-01	-7.033854e-01
4.832957e-01	6.050450e-01	-7.600395e-01
3.580985e-01	6.076689e-01	-7.052619e-01
4.776415e-01	6.063982e-01	-7.550103e-01
3.660699e-01	6.008294e-01	-6.440104e-01
4.729454e-01	5.974820e-01	-6.941809e-01
4.104570e-01	3.333270e-01	3.768569e-03
4.727210e-01	3.418506e-01	-3.746639e-03
3.981404e-01	1.238855e-01	-8.401760e-02
4.787627e-01	1.269159e-01	-4.142303e-02
4.191318e-01	-5.100943e-04	1.586038e-01
4.822172e-01	1.098694e-02	2.338369e-01
4.277412e-01	-8.708174e-03	1.761511e-01
4.788893e-01	1.290774e-03	2.554918e-01
4.007739e-01	-9.806267e-02	7.152493e-02
4.878492e-01	-5.117680e-02	1.513413e-01
4.329875e-01	6.984432e-01	-1.763904e-01
4.268037e-01	7.179602e-01	-1.567256e-01
4.224195e-01	7.183276e-01	-1.568259e-01
4.179782e-01	7.185538e-01	-1.568587e-01
4.400483e-01	7.168039e-01	-1.579040e-01
4.448499e-01	7.162819e-01	-1.578989e-01
4.491651e-01	7.152987e-01	-1.577705e-01
4.129040e-01	7.106358e-01	-3.681109e-02
4.554819e-01	7.047160e-01	-3.974526e-02
4.244181e-01	6.784493e-01	-1.301728e-01
4.402026e-01	6.763836e-01	-1.308101e-01
3.896039e-01	6.189398e-01	-2.896151e-02
4.756730e-01	6.068562e-01	-3.853587e-02
3.661767e-01	5.881721e-01	-3.177950e-01
4.776618e-01	5.694485e-01	-3.304882e-01
3.574019e-01	5.852031e-01	-6.230500e-01
4.747297e-01	5.844995e-01	-6.652983e-01
3.472306e-01	5.937228e-01	-6.921843e-01
4.830024e-01	5.950661e-01	-7.460469e-01
3.589960e-01	5.926510e-01	-6.943676e-01
4.769782e-01	5.955862e-01	-7.378415e-01
3.665790e-01	5.874564e-01	-6.336733e-01
4.724835e-01	5.875404e-01	-6.760784e-01
4.110748e-01	3.254455e-01	4.157310e-03
4.730000e-01	3.339442e-01	-4.127385e-03
3.978065e-01	1.175353e-01	-7.493880e-02
4.788257e-01	1.207535e-01	-4.261068e-02
4.194621e-01	-4.499442e-03	1.588818e-01
4.822395e-01	1.802893e-03	1.730353e-01
4.284845e-01	-1.005319e-02	1.756699e-01
4.789329e-01	-9.645321e-03	1.875973e-01
4.015822e-01	-9.935534e-02	7.391036e-02
4.876639e-01	-6.591316e-02	7.659204e-02
4.331331e-01	6.830307e-01	-1.808466e-01
4.268299e-01	7.026044e-01	-1.642445e-01
4.224698e-01	7.030115e-01	-1.643109e-01
4.180066e-01	7.027801e-01	-1.643235e-01
4.400195e-01	7.014990e-01	-1.644892e-01
4.447660e-01	7.008555e-01	-1.644876e-01
4.490344e-01	6.997918e-01	-1.643398e-01
4.129371e-01	6.924979e-01	-5.377904e-02
4.553457e-01	6.891210e-01	-5.395605e-02
4.245698e-01	6.638649e-01	-1.379295e-01
4.402607e-01	6.626068e-01	-1.377840e-01
3.894171e-01	6.021059e-01	-4.635002e-02
4.756636e-01	5.998648e-01	-5.995753e-02
3.621962e-01	5.794489e-01	-3.344311e-01
4.779414e-01	5.730466e-01	-3.541488e-01
3.573532e-01	5.761705e-01	-6.242373e-01
4.748732e-01	5.782616e-01	-6.630931e-01
3.469925e-01	5.804563e-01	-6.914949e-01
4.827527e-01	5.858393e-01	-7.357782e-01
3.604417e-01	5.789092e-01	-6.910168e-01
4.744352e-01	5.846233e-01	-7.297200e-01
3.673424e-01	5.739863e-01	-6.333278e-01
4.698184e-01	5.769063e-01	-6.735402e-01
4.110727e-01	3.124656e-01	5.712136e-03
4.729974e-01	3.236327e-01	-5.653121e-03
3.975678e-01	1.123439e-01	-5.795900e-02
4.786951e-01	1.173372e-01	-4.248752e-02
4.196154e-01	-5.911716e-03	1.590711e-01
4.826275e-01	2.047547e-03	1.630148e-01
4.285835e-01	-1.082923e-02	1.749239e-01
4.792095e-01	-9.704155e-03	1.768584e-01
4.003927e-01	-9.729184e-02	8.160618e-02
4.912705e-01	-7.907987e-02	7.449726e-02
4.331253e-01	6.681545e-01	-1.761263e-01
4.267556e-01	6.877583e-01	-1.591239e-01
4.223810e-01	6.882721e-01	-1.591811e-01
4.179727e-01	6.881356e-01	-1.591880e-01
4.397336e-01	6.866207e-01	-1.599576e-01
4.443547e-01	6.860797e-01	-1.599565e-01
4.486412e-01	6.850554e-01	-1.598163e-01
4.129478e-01	6.783838e-01	-4.737100e-02
4.551570e-01	6.749418e-01	-5.119754e-02
4.245721e-01	6.497593e-01	-1.328461e-01
4.402446e-01	6.482907e-01	-1.335386e-01
3.894743e-01	5.880824e-01	-3.791852e-02
4.756005e-01	5.935166e-01	-6.529506e-02
3.617617e-01	5.663780e-01	-3.243590e-01
4.773900e-01	5.754572e-01	-3.614267e-01
3.583135e-01	5.624043e-01	-6.232399e-01
4.725895e-01	5.690986e-01	-6.584083e-01
3.475381e-01	5.633730e-01	-6.861661e-01
4.798008e-01	5.722488e-01	-7.315701e-01
3.621244e-01	5.634308e-01	-6.807107e-01
4.701499e-01	5.699651e-01	-7.270849e-01
3.686072e-01	5.594684e-01	-6.296589e-01
4.638737e-01	5.638676e-01	-6.686359e-01
4.112685e-01	3.026058e-01	7.982358e-03
4.730247e-01	3.156544e-01	-7.902515e-03
3.974574e-01	1.018736e-01	-6.043305e-02
4.786810e-01	1.092932e-01	-4.525036e-02
4.202617e-01	-6.873242e-03	1.623324e-01
4.829565e-01	2.220910e-03	1.704359e-01
4.291249e-01	-1.112001e-02	1.791410e-01
4.796457e-01	-9.618805e-03	1.885419e-01
4.005491e-01	-9.861560e-02	9.634473e-02
4.913877e-01	-7.772949e-02	9.985984e-02
4.331251e-01	6.667383e-01	-1.779537e-01
4.267561e-01	6.862035e-01	-1.620516e-01
4.223886e-01	6.869260e-01	-1.620962e-01
4.179754e-01	6.869829e-01	-1.621158e-01
4.396993e-01	6.849255e-01	-1.639541e-01
4.443319e-01	6.848581e-01	-1.639519e-01
4.485641e-01	6.846022e-01	-1.638265e-01
4.129458e-01	6.785727e-01	-5.324243e-02
4.551423e-01	6.773856e-01	-6.228344e-02
4.246356e-01	6.467332e-01	-1.354526e-01
4.402432e-01	6.446913e-01	-1.376709e-01
3.899520e-01	5.890561e-01	-3.740319e-02
4.758152e-01	5.973330e-01	-8.069977e-02
3.627848e-01	5.609193e-01	-3.132646e-01
4.761085e-01	5.754649e-01	-3.640018e-01
3.582202e-01	5.554978e-01	-5.981844e-01
4.691878e-01	5.602973e-01	-6.540589e-01
3.464051e-01	5.579612e-01	-6.605389e-01
4.753099e-01	5.624781e-01	-7.205011e-01
3.602119e-01	5.578642e-01	-6.624259e-01
4.665805e-01	5.624398e-01	-7.170697e-01
3.674453e-01	5.539215e-01	-6.081145e-01
4.617115e-01	5.577732e-01	-6.635798e-01
4.120380e-01	3.027488e-01	1.097572e-02
4.731643e-01	3.141032e-01	-1.086610e-02
3.970890e-01	1.016252e-01	-5.712752e-02
4.785957e-01	1.098575e-01	-3.915370e-02
4.206463e-01	-6.610037e-03	1.612662e-01
4.829654e-01	4.913197e-03	2.008661e-01
4.292592e-01	-1.039935e-02	1.777407e-01
4.797264e-01	-3.775473e-03	2.204603e-01
4.007871e-01	-9.776238e-02	9.477805e-02
4.913674e-01	-6.605029e-02	1.345596e-01
4.331333e-01	6.539649e-01	-1.535036e-01
4.267517e-01	6.721849e-01	-1.385820e-01
4.223904e-01	6.723832e-01	-1.386221e-01
4.179817e-01	6.726170e-01	-1.386489e-01
4.396451e-01	6.718351e-01	-1.403182e-01
4.441839e-01	6.719347e-01	-1.403197e-01
4.484133e-01	6.720111e-01	-1.401861e-01
4.130175e-01	6.652828e-01	-3.635153e-02
4.550148e-01	6.658696e-01	-4.837464e-02
4.247584e-01	6.343086e-01	-1.128248e-01
4.402557e-01	6.334602e-01	-1.151750e-01
3.905398e-01	5.760260e-01	-2.595204e-02
4.758269e-01	5.890595e-01	-6.372676e-02
3.650271e-01	5.492275e-01	-2.942282e-01
4.747228e-01	5.722356e-01	-3.628399e-01
3.581577e-01	5.428647e-01	-5.793430e-01
4.668810e-01	5.496607e-01	-6.248981e-01
3.433288e-01	5.456027e-01	-6.433663e-01
4.747941e-01	5.490173e-01	-6.903330e-01
3.571991e-01	5.455977e-01	-6.471574e-01
4.640819e-01	5.478515e-01	-6.882133e-01
3.663171e-01	5.415933e-01	-5.904275e-01
4.597185e-01	5.445267e-01	-6.355744e-01
4.128206e-01	2.952741e-01	1.106334e-02
4.734452e-01	3.070359e-01	-1.095556e-02
3.971221e-01	9.595563e-02	-5.280657e-02
4.781963e-01	1.054340e-01	-3.988601e-02
4.210845e-01	-8.881846e-03	1.599859e-01
4.833393e-01	2.546467e-03	1.827961e-01
4.300835e-01	-1.444327e-02	1.756586e-01
4.815162e-01	-8.135224e-03	2.008655e-01
4.009341e-01	-9.971330e-02	9.053463e-02
4.974057e-01	-7.890244e-02	1.137272e-01
4.331351e-01	6.399987e-01	-1.517502e-01
4.267367e-01	6.591212e-01	-1.359530e-01
4.223846e-01	6.594313e-01	-1.359946e-01
4.179835e-01	6.593919e-01	-1.360112e-01
4.394682e-01	6.591203e-01	-1.379857e-01
4.439313e-01	6.592805e-01	-1.379930e-01
4.481642e-01	6.590956e-01	-1.378604e-01
4.130894e-01	6.516437e-01	-3.156118e-02
4.549115e-01	6.514296e-01	-4.804029e-02
4.248958e-01	6.213366e-01	-1.103949e-01
4.402722e-01	6.209490e-01	-1.130796e-01
3.908028e-01	5.613862e-01	-2.091315e-02
4.760134e-01	5.749347e-01	-6.050279e-02
3.652996e-01	5.348808e-01	-2.895513e-01
4.741874e-01	5.618558e-01	-3.517706e-01
3.581638e-01	5.287310e-01	-5.743504e-01
4.658941e-01	5.409967e-01	-6.251007e-01
3.433608e-01	5.298225e-01	-6.377074e-01
4.731001e-01	5.390360e-01	-6.899413e-01
3.572974e-01	5.304444e-01	-6.388642e-01
4.621898e-01	5.370819e-01	-6.859716e-01
3.662152e-01	5.269703e-01	-5.842396e-01
4.580038e-01	5.341360e-01	-6.348672e-01
4.137321e-01	2.873549e-01	1.123312e-02
4.737009e-01	2.991496e-01	-1.113011e-02
3.971600e-01	8.884819e-02	-5.403730e-02
4.773901e-01	9.908994e-02	-4.594621e-02
4.215727e-01	-1.058000e-02	1.595270e-01
4.837853e-01	1.142254e-03	1.752182e-01
4.304952e-01	-1.645076e-02	1.755705e-01
4.838213e-01	-1.080102e-02	1.936807e-01
4.011786e-01	-1.025222e-01	9.773590e-02
5.006656e-01	-8.577254e-02	1.062076e-01
4.328664e-01	6.265109e-01	-1.302300e-01
4.266866e-01	6.456773e-01	-1.138360e-01
4.223538e-01	6.460124e-01	-1.138851e-01
4.179851e-01	6.457759e-01	-1.139068e-01
4.390231e-01	6.453568e-01	-1.166708e-01
4.432852e-01	6.453056e-01	-1.166847e-01
4.475064e-01	6.448746e-01	-1.165569e-01
4.133779e-01	6.378791e-01	-7.681486e-03
4.545508e-01	6.366161e-01	-2.339916e-02
4.248149e-01	6.088570e-01	-8.896562e-02
4.399830e-01	6.081280e-01	-9.267528e-02
3.909302e-01	5.499289e-01	-1.417553e-03
4.760253e-01	5.605950e-01	-5.162743e-02
3.700331e-01	5.178062e-01	-2.693648e-01
4.684474e-01	5.452374e-01	-3.377679e-01
3.596286e-01	5.167137e-01	-5.596661e-01
4.613516e-01	5.266720e-01	-6.068577e-01
3.436665e-01	5.180002e-01	-6.225449e-01
4.668624e-01	5.259569e-01	-6.696562e-01
3.572229e-01	5.183997e-01	-6.248287e-01
4.571824e-01	5.255693e-01	-6.652135e-01
3.661754e-01	5.152688e-01	-5.703611e-01
4.537750e-01	5.224378e-01	-6.160761e-01
4.138104e-01	2.775627e-01	1.210879e-02
4.737170e-01	2.893455e-01	-1.199486e-02
3.969231e-01	8.220076e-02	-5.575416e-02
4.767488e-01	8.916762e-02	-5.591549e-02
4.218225e-01	-1.375452e-02	1.599929e-01
4.840169e-01	3.823358e-04	1.755534e-01
4.308159e-01	-1.953672e-02	1.769418e-01
4.846035e-01	-1.164814e-02	1.964561e-01
4.013720e-01	-1.066490e-01	1.048090e-01
5.043520e-01	-8.682211e-02	1.200140e-01
4.328645e-01	6.137291e-01	-1.200574e-01
4.266970e-01	6.326467e-01	-1.036274e-01
4.223904e-01	6.331319e-01	-1.036798e-01
4.180551e-01	6.329383e-01	-1.036922e-01
4.389943e-01	6.320083e-01	-1.051979e-01
4.432463e-01	6.318251e-01	-1.052053e-01
4.474326e-01	6.313015e-01	-1.050564e-01
4.136111e-01	6.253959e-01	2.274427e-03
4.544695e-01	6.232257e-01	-5.999853e-03
4.248271e-01	5.968946e-01	-7.927842e-02
4.399807e-01	5.956132e-01	-8.126544e-02
3.909352e-01	5.400057e-01	2.481439e-03
4.758894e-01	5.480115e-01	-2.541146e-02
3.702600e-01	5.101249e-01	-2.708057e-01
4.695933e-01	5.342913e-01	-3.048040e-01
3.595268e-01	5.016615e-01	-5.591776e-01
4.617894e-01	5.122572e-01	-5.878732e-01
3.441515e-01	5.019284e-01	-6.233075e-01
4.683293e-01	5.072609e-01	-6.515775e-01
3.572739e-01	5.026994e-01	-6.235351e-01
4.593323e-01	5.061750e-01	-6.489738e-01
3.661465e-01	5.005373e-01	-5.691060e-01
4.556717e-01	5.044085e-01	-5.984092e-01
4.137431e-01	2.711644e-01	1.111895e-02
4.736817e-01	2.846770e-01	-1.098808e-02
3.969742e-01	7.494995e-02	-5.669116e-02
4.762298e-01	8.721146e-02	-5.381293e-02
4.228488e-01	-1.694668e-02	1.628167e-01
4.841252e-01	-4.881788e-03	1.635089e-01
4.319039e-01	-2.319146e-02	1.802480e-01
4.846118e-01	-1.467114e-02	1.815575e-01
4.051029e-01	-1.092275e-01	1.033650e-01
5.028933e-01	-9.241362e-02	1.003772e-01
4.329271e-01	6.034731e-01	-1.254516e-01
4.267381e-01	6.225550e-01	-1.100074e-01
4.224645e-01	6.230004e-01	-1.100517e-01
4.181612e-01	6.229381e-01	-1.100619e-01
4.389948e-01	6.220756e-01	-1.111956e-01
4.432486e-01	6.219288e-01	-1.112076e-01
4.474285e-01	6.214492e-01	-1.110621e-01
4.138153e-01	6.152195e-01	-5.428581e-03
4.544553e-01	6.131864e-01	-1.226839e-02
4.249766e-01	5.864200e-01	-8.532269e-02
4.400311e-01	5.853267e-01	-8.686175e-02
3.910529e-01	5.304719e-01	-2.519743e-03
4.758764e-01	5.395460e-01	-2.742790e-02
3.712143e-01	5.017340e-01	-2.699405e-01
4.706372e-01	5.267578e-01	-2.948161e-01
3.593789e-01	4.900828e-01	-5.508910e-01
4.655515e-01	5.040798e-01	-5.712177e-01
3.431977e-01	4.881509e-01	-6.137270e-01
4.715329e-01	4.958811e-01	-6.331841e-01
3.572643e-01	4.895764e-01	-6.143592e-01
4.600390e-01	4.913694e-01	-6.316989e-01
3.660670e-01	4.880759e-01	-5.606909e-01
4.558164e-01	4.904321e-01	-5.819807e-01
4.137055e-01	2.627409e-01	1.024578e-02
4.736806e-01	2.760602e-01	-1.009595e-02
3.970107e-01	7.152195e-02	-5.005062e-02
4.755783e-01	8.340309e-02	-5.263516e-02
4.226951e-01	-1.824635e-02	1.706058e-01
4.841269e-01	-1.012499e-02	1.514895e-01
4.317430e-01	-2.239328e-02	1.881110e-01
4.845587e-01	-1.870242e-02	1.669436e-01
4.050977e-01	-1.079002e-01	1.141787e-01
5.019282e-01	-9.592723e-02	7.996859e-02
4.333470e-01	6.007452e-01	-1.300363e-01
4.270316e-01	6.193075e-01	-1.110425e-01
4.229510e-01	6.199965e-01	-1.110408e-01
4.185215e-01	6.205117e-01	-1.110575e-01
4.392128e-01	6.181046e-01	-1.131529e-01
4.435049e-01	6.183578e-01	-1.131354e-01
4.475268e-01	6.184824e-01	-1.130096e-01
4.139218e-01	6.140582e-01	-1.747929e-02
4.544564e-01	6.127037e-01	-2.035112e-02
4.253586e-01	5.825270e-01	-8.627068e-02
4.403292e-01	5.809655e-01	-8.854023e-02
3.908610e-01	5.271807e-01	-1.309231e-02
4.758819e-01	5.375808e-01	-2.760055e-02
3.711731e-01	4.962667e-01	-2.753304e-01
4.732426e-01	5.233344e-01	-3.002325e-01
3.593493e-01	4.854274e-01	-5.549885e-01
4.707460e-01	5.017638e-01	-5.784582e-01
3.438958e-01	4.860111e-01	-6.176521e-01
4.753586e-01	4.966420e-01	-6.406007e-01
3.579548e-01	4.879774e-01	-6.169249e-01
4.616838e-01	4.922001e-01	-6.398664e-01
3.670688e-01	4.861181e-01	-5.637978e-01
4.576376e-01	4.897465e-01	-5.895218e-01
4.136477e-01	2.611244e-01	9.318708e-03
4.736804e-01	2.739404e-01	-9.166672e-03
3.970270e-01	7.056312e-02	-4.628377e-02
4.752102e-01	8.326782e-02	-5.179786e-02
4.225822e-01	-1.952797e-02	1.774999e-01
4.841286e-01	-1.332029e-02	1.460216e-01
4.316981e-01	-2.290610e-02	1.954988e-01
4.845306e-01	-2.280745e-02	1.609430e-01
4.056910e-01	-1.073405e-01	1.258754e-01
5.017832e-01	-9.704312e-02	7.380690e-02
4.337165e-01	5.928449e-01	-1.331379e-01
4.272984e-01	6.116846e-01	-1.148326e-01
4.232728e-01	6.122882e-01	-1.148512e-01
4.187908e-01	6.129324e-01	-1.148577e-01
4.394905e-01	6.107503e-01	-1.161414e-01
4.438013e-01	6.108238e-01	-1.161568e-01
4.477325e-01	6.109563e-01	-1.160527e-01
4.140509e-01	6.072527e-01	-1.751612e-02
4.545192e-01	6.058840e-01	-2.092637e-02
4.256999e-01	5.751829e-01	-8.886609e-02
4.406694e-01	5.736167e-01	-9.055126e-02
3.908617e-01	5.200803e-01	-1.125051e-02
4.758862e-01	5.299796e-01	-3.059215e-02
3.710867e-01	4.896799e-01	-2.734815e-01
4.761010e-01	5.131577e-01	-3.045737e-01
3.573835e-01	4.785907e-01	-5.565232e-01
4.739657e-01	4.940383e-01	-5.903345e-01
3.429779e-01	4.767920e-01	-6.195319e-01
4.776291e-01	4.873058e-01	-6.542844e-01
3.578910e-01	4.790150e-01	-6.199431e-01
4.642016e-01	4.845842e-01	-6.520598e-01
3.662034e-01	4.778615e-01	-5.657233e-01
4.608238e-01	4.828537e-01	-6.011268e-01
4.136180e-01	2.570250e-01	9.217800e-03
4.737146e-01	2.684231e-01	-9.070768e-03
3.970592e-01	6.709710e-02	-5.924939e-02
4.749578e-01	7.504919e-02	-5.722202e-02
4.225492e-01	-2.201002e-02	1.741583e-01
4.852046e-01	-1.361007e-02	1.688243e-01
4.317297e-01	-2.546861e-02	1.928866e-01
4.861307e-01	-2.365003e-02	1.895019e-01
4.079217e-01	-1.165095e-01	1.204627e-01
5.039696e-01	-1.007076e-01	1.093657e-01
4.338135e-01	5.883170e-01	-1.361758e-01
4.273857e-01	6.066901e-01	-1.186985e-01
4.234264e-01	6.072397e-01	-1.187329e-01
4.189399e-01	6.078861e-01	-1.187455e-01
4.396349e-01	6.056104e-01	-1.200040e-01
4.440261e-01	6.057216e-01	-1.200161e-01
4.479005e-01	6.057622e-01	-1.198989e-01
4.141429e-01	6.020053e-01	-1.590055e-02
4.545946e-01	6.004874e-01	-2.088959e-02
4.258563e-01	5.704970e-01	-9.289612e-02
4.407812e-01	5.686996e-01	-9.449389e-02
3.908978e-01	5.134779e-01	-6.762825e-03
4.759844e-01	5.237113e-01	-3.070441e-02
3.710310e-01	4.830225e-01	-2.656001e-01
4.779823e-01	5.032238e-01	-2.997376e-01
3.571363e-01	4.703965e-01	-5.487021e-01
4.755239e-01	4.804753e-01	-5.912867e-01
3.430059e-01	4.676042e-01	-6.107789e-01
4.792502e-01	4.701427e-01	-6.561977e-01
3.575944e-01	4.688883e-01	-6.118752e-01
4.662326e-01	4.673179e-01	-6.535784e-01
3.658171e-01	4.683709e-01	-5.579439e-01
4.627063e-01	4.665073e-01	-6.015478e-01
4.135941e-01	2.503082e-01	9.185424e-03
4.737422e-01	2.612140e-01	-9.039212e-03
3.970321e-01	6.232787e-02	-6.647120e-02
4.749390e-01	6.944935e-02	-5.493917e-02
4.213458e-01	-5.790498e-02	1.642257e-01
4.854414e-01	-1.264577e-02	2.124005e-01
4.286063e-01	-7.585143e-02	1.842539e-01
4.856834e-01	-2.203714e-02	2.372267e-01
4.109721e-01	-1.227358e-01	1.143776e-01
5.052427e-01	-9.738214e-02	1.705171e-01
4.339299e-01	5.855500e-01	-1.202990e-01
4.274282e-01	6.042078e-01	-1.033344e-01
4.234887e-01	6.050414e-01	-1.033814e-01
4.189870e-01	6.056464e-01	-1.033756e-01
4.398193e-01	6.026433e-01	-1.041506e-01
4.443115e-01	6.028911e-01	-1.041776e-01
4.481015e-01	6.027593e-01	-1.040235e-01
4.141413e-01	5.995931e-01	4.586856e-03
4.546321e-01	5.976877e-01	-1.312721e-04
4.259261e-01	5.671973e-01	-7.824361e-02
4.409462e-01	5.653269e-01	-7.945805e-02
3.908820e-01	5.109850e-01	1.346443e-02
4.759729e-01	5.216761e-01	-1.451552e-02
3.711445e-01	4.802595e-01	-2.400465e-01
4.787143e-01	5.064853e-01	-2.771966e-01
3.565740e-01	4.641830e-01	-5.176658e-01
4.757780e-01	4.806636e-01	-5.641999e-01
3.410618e-01	4.606893e-01	-5.782593e-01
4.802787e-01	4.651176e-01	-6.259718e-01
3.543887e-01	4.605252e-01	-5.781053e-01
4.672095e-01	4.602630e-01	-6.242400e-01
3.646749e-01	4.610096e-01	-5.263020e-01
4.634284e-01	4.611668e-01	-5.741283e-01
4.134648e-01	2.463623e-01	9.293178e-03
4.736868e-01	2.571740e-01	-9.157083e-03
3.968854e-01	5.681346e-02	-7.003595e-02
4.742495e-01	6.164721e-02	-6.750692e-02
4.199286e-01	-5.204016e-02	1.949697e-01
4.834090e-01	-1.085578e-02	2.095584e-01
4.285402e-01	-4.380953e-02	2.204650e-01
4.841318e-01	-2.094070e-02	2.366457e-01
4.108949e-01	-1.210483e-01	1.729454e-01
5.050694e-01	-9.592400e-02	1.814424e-01
4.339485e-01	5.826384e-01	-1.172143e-01
4.274339e-01	6.019129e-01	-1.008867e-01
4.234965e-01	6.028963e-01	-1.009198e-01
4.189928e-01	6.034940e-01	-1.009050e-01
4.398801e-01	6.005316e-01	-1.013682e-01
4.444339e-01	6.009116e-01	-1.014008e-01
4.481741e-01	6.008251e-01	-1.012319e-01
4.140773e-01	5.972439e-01	4.919944e-03
4.546499e-01	5.953948e-01	9.818684e-04
4.259261e-01	5.636571e-01	-7.637303e-02
4.409888e-01	5.621312e-01	-7.731885e-02
3.906995e-01	5.074533e-01	1.053323e-02
4.759566e-01	5.216449e-01	-1.798035e-02
3.715132e-01	4.795811e-01	-2.462103e-01
4.800700e-01	5.126053e-01	-2.814279e-01
3.561678e-01	4.622421e-01	-5.212616e-01
4.757443e-01	4.834016e-01	-5.549643e-01
3.392193e-01	4.579017e-01	-5.820217e-01
4.811717e-01	4.623467e-01	-6.140264e-01
3.524474e-01	4.565922e-01	-5.803770e-01
4.672202e-01	4.574910e-01	-6.115530e-01
3.641770e-01	4.570692e-01	-5.294208e-01
4.633377e-01	4.599236e-01	-5.640866e-01
4.130940e-01	2.426284e-01	9.597784e-03
4.736318e-01	2.541263e-01	-9.458533e-03
3.966142e-01	5.392274e-02	-6.870614e-02
4.736384e-01	6.028902e-02	-7.387220e-02
4.191418e-01	-1.933713e-02	2.161949e-01
4.819822e-01	-1.045442e-02	2.059991e-01
4.276217e-01	-2.148101e-02	2.437338e-01
4.829289e-01	-1.711214e-02	2.341373e-01
4.119701e-01	-1.126432e-01	2.079053e-01
5.014410e-01	-8.886344e-02	1.883170e-01
4.340053e-01	5.827397e-01	-1.190623e-01
4.274905e-01	6.022673e-01	-1.021451e-01
4.235611e-01	6.033033e-01	-1.021802e-01
4.190803e-01	6.039780e-01	-1.021663e-01
4.399078e-01	6.005066e-01	-1.032487e-01
4.444724e-01	6.005826e-01	-1.032683e-01
4.481812e-01	6.003813e-01	-1.031047e-01
4.140795e-01	5.975748e-01	5.550104e-03
4.546503e-01	5.948956e-01	-9.587016e-04
4.259517e-01	5.641508e-01	-7.775097e-02
4.409960e-01	5.622302e-01	-7.936925e-02
3.905608e-01	5.073526e-01	1.238582e-02
4.763103e-01	5.235587e-01	-2.119222e-02
3.727597e-01	4.794472e-01	-2.461848e-01
4.808075e-01	5.103980e-01	-2.842129e-01
3.573779e-01	4.628484e-01	-5.303869e-01
4.759064e-01	4.812615e-01	-5.529895e-01
3.394292e-01	4.582860e-01	-5.922443e-01
4.818871e-01	4.599667e-01	-6.131536e-01
3.526687e-01	4.576986e-01	-5.918376e-01
4.672245e-01	4.570197e-01	-6.100239e-01
3.645205e-01	4.572567e-01	-5.393659e-01
4.632568e-01	4.595706e-01	-5.617687e-01
4.129571e-01	2.435428e-01	1.036554e-02
4.735799e-01	2.536269e-01	-1.023090e-02
3.962418e-01	5.472049e-02	-6.815462e-02
4.736589e-01	5.629469e-02	-6.957638e-02
4.191852e-01	-1.376816e-02	2.108864e-01
4.804732e-01	2.769979e-03	2.534572e-01
4.276715e-01	-9.062242e-03	2.373359e-01
4.821013e-01	3.894865e-03	2.869886e-01
4.133489e-01	-1.040896e-01	1.955599e-01
5.001755e-01	-6.100304e-02	2.499756e-01
4.340467e-01	5.822969e-01	-1.213404e-01
4.275345e-01	6.021107e-01	-1.044263e-01
4.236007e-01	6.030997e-01	-1.044646e-01
4.191222e-01	6.037148e-01	-1.044572e-01
4.399274e-01	6.003446e-01	-1.056477e-01
4.445043e-01	6.002831e-01	-1.056678e-01
4.481890e-01	6.000122e-01	-1.055086e-01
4.140686e-01	5.972618e-01	3.646459e-03
4.546702e-01	5.944108e-01	-3.290989e-03
4.259644e-01	5.633531e-01	-7.985331e-02
4.409993e-01	5.614511e-01	-8.161174e-02
3.905178e-01	5.079663e-01	9.323731e-03
4.768673e-01	5.246955e-01	-2.291023e-02
3.732426e-01	4.798726e-01	-2.513941e-01
4.812786e-01	5.091403e-01	-2.879066e-01
3.583345e-01	4.633144e-01	-5.355002e-01
4.762908e-01	4.804087e-01	-5.607187e-01
3.403625e-01	4.590679e-01	-5.979663e-01
4.825394e-01	4.610679e-01	-6.216998e-01
3.535157e-01	4.586310e-01	-5.971950e-01
4.674118e-01	4.575530e-01	-6.189506e-01
3.651032e-01	4.576583e-01	-5.444151e-01
4.632796e-01	4.598987e-01	-5.699779e-01
4.127523e-01	2.439885e-01	1.058511e-02
4.735731e-01	2.534020e-01	-1.045614e-02
3.958076e-01	5.442490e-02	-7.126345e-02
4.736389e-01	5.542731e-02	-7.586052e-02
4.183968e-01	-1.279728e-02	2.228969e-01
4.803153e-01	2.581614e-03	2.282729e-01
4.270248e-01	-7.199303e-03	2.513183e-01
4.818435e-01	1.239648e-03	2.578327e-01
4.130308e-01	-1.024206e-01	2.112091e-01
4.990380e-01	-6.528696e-02	2.085934e-01
4.342025e-01	5.828336e-01	-1.207055e-01
4.276481e-01	6.027858e-01	-1.041092e-01
4.236962e-01	6.036347e-01	-1.041495e-01
4.192247e-01	6.041765e-01	-1.041497e-01
4.400214e-01	6.013052e-01	-1.049368e-01
4.445860e-01	6.011380e-01	-1.049529e-01
4.482462e-01	6.009036e-01	-1.047815e-01
4.140680e-01	5.976880e-01	2.910353e-03
4.547142e-01	5.951964e-01	-2.396001e-03
4.260453e-01	5.637804e-01	-7.959667e-02
4.411022e-01	5.623972e-01	-8.086109e-02
3.905337e-01	5.085474e-01	7.290387e-03
4.770845e-01	5.256534e-01	-2.213467e-02
3.740742e-01	4.805409e-01	-2.544305e-01
4.815915e-01	5.090959e-01	-2.858017e-01
3.584712e-01	4.631512e-01	-5.384086e-01
4.766443e-01	4.814340e-01	-5.615278e-01
3.398971e-01	4.593084e-01	-6.008557e-01
4.835172e-01	4.646344e-01	-6.220654e-01
3.530615e-01	4.584860e-01	-6.005709e-01
4.681068e-01	4.602099e-01	-6.204772e-01
3.650987e-01	4.576629e-01	-5.474709e-01
4.635161e-01	4.616244e-01	-5.714769e-01
4.125589e-01	2.437895e-01	1.058079e-02
4.735896e-01	2.532973e-01	-1.045594e-02
3.956854e-01	5.342744e-02	-7.024270e-02
4.736370e-01	5.408450e-02	-7.356183e-02
4.174925e-01	-6.824098e-03	2.334027e-01
4.798172e-01	3.624662e-03	2.331778e-01
4.264078e-01	-6.627279e-03	2.627424e-01
4.813428e-01	3.326881e-03	2.647448e-01
4.127082e-01	-9.660369e-02	2.270549e-01
4.983586e-01	-6.533185e-02	2.250878e-01
4.342643e-01	5.841836e-01	-1.178146e-01
4.276879e-01	6.039289e-01	-1.009294e-01
4.237318e-01	6.046423e-01	-1.009749e-01
4.192732e-01	6.050321e-01	-1.009859e-01
4.400304e-01	6.028305e-01	-1.017450e-01
4.445923e-01	6.026870e-01	-1.017563e-01
4.482510e-01	6.025363e-01	-1.015711e-01
4.140596e-01	5.982032e-01	6.201928e-03
4.547500e-01	5.965909e-01	1.088227e-03
4.260762e-01	5.648929e-01	-7.669943e-02
4.411266e-01	5.641172e-01	-7.794198e-02
3.905199e-01	5.088571e-01	8.848487e-03
4.774795e-01	5.256432e-01	-1.817453e-02
3.742133e-01	4.818424e-01	-2.516065e-01
4.818459e-01	5.073919e-01	-2.765499e-01
3.576044e-01	4.618815e-01	-5.376912e-01
4.772063e-01	4.814181e-01	-5.539355e-01
3.388090e-01	4.597519e-01	-6.008757e-01
4.845784e-01	4.659020e-01	-6.150785e-01
3.516151e-01	4.585016e-01	-6.007739e-01
4.693311e-01	4.616356e-01	-6.142628e-01
3.639688e-01	4.571925e-01	-5.470224e-01
4.641209e-01	4.626434e-01	-5.643960e-01
4.125549e-01	2.441682e-01	1.060998e-02
4.738672e-01	2.534527e-01	-1.048528e-02
3.954554e-01	5.261842e-02	-6.970098e-02
4.736201e-01	5.321407e-02	-7.215497e-02
4.166343e-01	-4.800700e-03	2.399358e-01
4.793011e-01	4.018759e-03	2.424055e-01
4.254326e-01	-2.674097e-04	2.698844e-01
4.806984e-01	4.719648e-03	2.748879e-01
4.115726e-01	-9.331593e-02	2.338705e-01
4.952017e-01	-6.514124e-02	2.349543e-01
4.342660e-01	5.852921e-01	-1.198647e-01
4.277133e-01	6.053256e-01	-1.029241e-01
4.237618e-01	6.061352e-01	-1.029713e-01
4.193003e-01	6.066443e-01	-1.029779e-01
4.400385e-01	6.042507e-01	-1.038356e-01
4.445927e-01	6.041362e-01	-1.038518e-01
4.482524e-01	6.040778e-01	-1.036774e-01
4.140616e-01	6.001478e-01	5.716483e-03
4.547511e-01	5.980772e-01	7.891987e-04
4.260682e-01	5.664936e-01	-7.841811e-02
4.410645e-01	5.658465e-01	-7.974420e-02
3.903716e-01	5.105364e-01	8.228125e-03
4.774772e-01	5.267942e-01	-2.001051e-02
3.741385e-01	4.835575e-01	-2.518879e-01
4.822335e-01	5.086845e-01	-2.805952e-01
3.566292e-01	4.619329e-01	-5.371852e-01
4.774437e-01	4.839989e-01	-5.551077e-01
3.375941e-01	4.613490e-01	-6.000050e-01
4.854636e-01	4.683069e-01	-6.164159e-01
3.510079e-01	4.602031e-01	-6.007645e-01
4.698089e-01	4.645538e-01	-6.152368e-01
3.636817e-01	4.591260e-01	-5.469046e-01
4.641775e-01	4.656359e-01	-5.653738e-01
4.125504e-01	2.456464e-01	1.081003e-02
4.739803e-01	2.552743e-01	-1.068193e-02
3.952139e-01	5.421384e-02	-7.077575e-02
4.736303e-01	5.421357e-02	-7.129003e-02
4.161772e-01	-5.630228e-03	2.381980e-01
4.771111e-01	4.337928e-03	2.367853e-01
4.249528e-01	-2.711827e-03	2.647474e-01
4.777482e-01	5.436109e-03	2.677024e-01
4.110395e-01	-9.399749e-02	2.083822e-01
4.916133e-01	-6.368908e-02	2.240658e-01
4.342925e-01	5.867702e-01	-1.201647e-01
4.277202e-01	6.054585e-01	-1.036797e-01
4.237877e-01	6.064027e-01	-1.037255e-01
4.193152e-01	6.070870e-01	-1.037388e-01
4.400558e-01	6.044054e-01	-1.045816e-01
4.446062e-01	6.044523e-01	-1.045940e-01
4.482627e-01	6.041956e-01	-1.044186e-01
4.140627e-01	6.015323e-01	3.991364e-03
4.547576e-01	5.992669e-01	-1.227044e-03
4.260692e-01	5.678951e-01	-7.916020e-02
4.410543e-01	5.665121e-01	-8.049409e-02
3.901435e-01	5.121354e-01	7.327893e-03
4.774746e-01	5.276138e-01	-2.088506e-02
3.741375e-01	4.840319e-01	-2.502545e-01
4.822712e-01	5.098176e-01	-2.809147e-01
3.554749e-01	4.644017e-01	-5.354854e-01
4.773676e-01	4.852078e-01	-5.558358e-01
3.359644e-01	4.636076e-01	-5.980988e-01
4.853802e-01	4.702972e-01	-6.171094e-01
3.485444e-01	4.622512e-01	-5.999709e-01
4.698643e-01	4.667585e-01	-6.165913e-01
3.604094e-01	4.610340e-01	-5.456618e-01
4.641566e-01	4.675710e-01	-5.664995e-01
4.124291e-01	2.467211e-01	1.078499e-02
4.741238e-01	2.565040e-01	-1.065716e-02
3.951872e-01	5.506853e-02	-7.059436e-02
4.735518e-01	5.552125e-02	-7.040458e-02
4.162537e-01	-6.190989e-03	2.282939e-01
4.755324e-01	4.638417e-03	2.315608e-01
4.249070e-01	-4.104109e-03	2.529076e-01
4.759434e-01	5.294533e-03	2.613124e-01
4.109934e-01	-9.436811e-02	1.970911e-01
4.876577e-01	-6.492654e-02	2.140557e-01
4.343809e-01	5.928641e-01	-1.203588e-01
4.278203e-01	6.124533e-01	-1.042861e-01
4.238548e-01	6.124339e-01	-1.043291e-01
4.194230e-01	6.122941e-01	-1.043446e-01
4.400794e-01	6.128058e-01	-1.049639e-01
4.446110e-01	6.126270e-01	-1.049712e-01
4.482832e-01	6.124441e-01	-1.047953e-01
4.141665e-01	6.048209e-01	2.333238e-03
4.547319e-01	6.049890e-01	-2.298132e-03
4.262363e-01	5.735365e-01	-7.985002e-02
4.410818e-01	5.744677e-01	-8.096452e-02
3.901576e-01	5.145595e-01	2.569738e-03
4.774616e-01	5.323764e-01	-2.093718e-02
3.745608e-01	4.914719e-01	-2.516010e-01
4.823925e-01	5.189114e-01	-2.805248e-01
3.558862e-01	4.665834e-01	-5.325167e-01
4.773427e-01	4.907126e-01	-5.478364e-01
3.362414e-01	4.651856e-01	-5.947285e-01
4.852150e-01	4.708318e-01	-6.073152e-01
3.489392e-01	4.630975e-01	-5.967806e-01
4.697983e-01	4.671763e-01	-6.074789e-01
3.609055e-01	4.618091e-01	-5.425515e-01
4.640454e-01	4.700852e-01	-5.586371e-01
4.126294e-01	2.473135e-01	1.077128e-02
4.745058e-01	2.573605e-01	-1.064548e-02
3.951807e-01	5.534540e-02	-7.564679e-02
4.734569e-01	5.582718e-02	-7.051935e-02
4.161673e-01	-6.485987e-03	2.205211e-01
4.744431e-01	2.701217e-03	2.117074e-01
4.247468e-01	-5.188741e-03	2.461742e-01
4.726683e-01	1.905731e-03	2.388509e-01
4.108667e-01	-9.448021e-02	1.947751e-01
4.837968e-01	-7.505691e-02	1.830913e-01
4.344081e-01	5.965294e-01	-1.189843e-01
4.278593e-01	6.163649e-01	-1.033506e-01
4.238809e-01	6.159815e-01	-1.033904e-01
4.194653e-01	6.154538e-01	-1.034105e-01
4.400814e-01	6.171345e-01	-1.037142e-01
4.446114e-01	6.168524e-01	-1.037149e-01
4.482854e-01	6.166540e-01	-1.035356e-01
4.142119e-01	6.069379e-01	1.707938e-03
4.547114e-01	6.081038e-01	-2.693049e-03
4.263067e-01	5.769117e-01	-7.920391e-02
4.410873e-01	5.786276e-01	-7.994693e-02
3.901643e-01	5.163327e-01	1.523849e-03
4.774591e-01	5.350266e-01	-2.128457e-02
3.747737e-01	4.948084e-01	-2.512002e-01
4.824037e-01	5.219617e-01	-2.755679e-01
3.563828e-01	4.679825e-01	-5.288527e-01
4.772853e-01	4.928342e-01	-5.402613e-01
3.364460e-01	4.662339e-01	-5.909367e-01
4.850851e-01	4.717339e-01	-5.994594e-01
3.490726e-01	4.637104e-01	-5.929798e-01
4.697824e-01	4.676469e-01	-5.999234e-01
3.615113e-01	4.623677e-01	-5.387940e-01
4.640422e-01	4.711933e-01	-5.511385e-01
4.127840e-01	2.482518e-01	1.068943e-02
4.748111e-01	2.583655e-01	-1.055717e-02
3.951855e-01	5.598846e-02	-7.889038e-02
4.732827e-01	5.723327e-02	-7.166076e-02
4.161398e-01	-6.886247e-03	2.177263e-01
4.743187e-01	1.224013e-03	2.052428e-01
4.246845e-01	-5.870720e-03	2.427854e-01
4.732121e-01	-5.890118e-04	2.320670e-01
4.108214e-01	-9.479018e-02	1.920208e-01
4.827809e-01	-7.903382e-02	1.754773e-01
4.343958e-01	6.055907e-01	-1.320050e-01
4.278628e-01	6.241543e-01	-1.180612e-01
4.239078e-01	6.240072e-01	-1.180903e-01
4.195245e-01	6.236503e-01	-1.181254e-01
4.400352e-01	6.243761e-01	-1.187992e-01
4.445749e-01	6.243924e-01	-1.187909e-01
4.482607e-01	6.239657e-01	-1.186099e-01
4.144306e-01	6.166581e-01	-1.840797e-02
4.546281e-01	6.165123e-01	-2.311155e-02
4.263555e-01	5.853310e-01	-9.284161e-02
4.410329e-01	5.865698e-01	-9.404626e-02
3.901156e-01	5.279822e-01	-6.378905e-03
4.764258e-01	5.425344e-01	-3.587174e-02
3.741617e-01	5.026076e-01	-2.428404e-01
4.823696e-01	5.283120e-01	-2.777489e-01
3.534126e-01	4.765286e-01	-5.147409e-01
4.772524e-01	5.021641e-01	-5.384828e-01
3.364134e-01	4.737783e-01	-5.760933e-01
4.849733e-01	4.774283e-01	-5.983639e-01
3.492476e-01	4.708539e-01	-5.802971e-01
4.692427e-01	4.754655e-01	-5.989333e-01
3.608831e-01	4.697494e-01	-5.254363e-01
4.637540e-01	4.802406e-01	-5.492467e-01
4.130916e-01	2.569384e-01	1.095782e-02
4.747948e-01	2.654236e-01	-1.079728e-02
3.952768e-01	6.531067e-02	-8.259901e-02
4.726402e-01	7.391968e-02	-5.726740e-02
4.169612e-01	-7.005133e-03	1.759784e-01
4.742020e-01	-1.890442e-03	1.804331e-01
4.256805e-01	-6.115697e-03	1.972954e-01
4.722646e-01	-8.087790e-03	2.002715e-01
4.117430e-01	-9.494610e-02	1.297457e-01
4.802976e-01	-8.377505e-02	1.221184e-01
4.343051e-01	6.206849e-01	-1.683779e-01
4.278157e-01	6.385642e-01	-1.540898e-01
4.238710e-01	6.384096e-01	-1.541424e-01
4.194964e-01	6.379278e-01	-1.541820e-01
4.398225e-01	6.389740e-01	-1.544375e-01
4.442947e-01	6.389990e-01	-1.544421e-01
4.480385e-01	6.386967e-01	-1.543275e-01
4.144578e-01	6.306064e-01	-5.094597e-02
4.543667e-01	6.318001e-01	-5.308229e-02
4.263557e-01	6.009675e-01	-1.280406e-01
4.409689e-01	6.028764e-01	-1.285137e-01
3.901741e-01	5.412920e-01	-3.255617e-02
4.763747e-01	5.525329e-01	-5.632588e-02
3.735850e-01	5.099050e-01	-2.631250e-01
4.823908e-01	5.339350e-01	-2.937049e-01
3.530484e-01	4.908862e-01	-5.420731e-01
4.772130e-01	5.114818e-01	-5.647659e-01
3.366157e-01	4.856914e-01	-6.061409e-01
4.847736e-01	4.863579e-01	-6.281412e-01
3.494136e-01	4.834541e-01	-6.131702e-01
4.692254e-01	4.862905e-01	-6.300696e-01
3.607724e-01	4.830067e-01	-5.538163e-01
4.637800e-01	4.918368e-01	-5.762331e-01
4.132937e-01	2.688269e-01	1.094349e-02
4.747928e-01	2.764923e-01	-1.078390e-02
3.955362e-01	7.429731e-02	-8.690056e-02
4.722389e-01	8.655397e-02	-5.729586e-02
4.178534e-01	-7.291771e-03	1.804695e-01
4.743864e-01	-1.908627e-03	1.765783e-01
4.266755e-01	-6.286991e-03	2.030962e-01
4.725586e-01	-1.035205e-02	1.959819e-01
4.117418e-01	-9.509767e-02	1.283633e-01
4.813126e-01	-8.789002e-02	1.047792e-01
4.337632e-01	6.362433e-01	-1.762767e-01
4.274012e-01	6.560745e-01	-1.618134e-01
4.235477e-01	6.561956e-01	-1.618609e-01
4.191590e-01	6.558775e-01	-1.618822e-01
4.394689e-01	6.557925e-01	-1.625926e-01
4.440713e-01	6.553695e-01	-1.626123e-01
4.478831e-01	6.545699e-01	-1.625273e-01
4.143695e-01	6.473877e-01	-5.754974e-02
4.542800e-01	6.459710e-01	-6.168629e-02
4.259267e-01	6.171156e-01	-1.354746e-01
4.406949e-01	6.177607e-01	-1.365173e-01
3.901858e-01	5.563244e-01	-3.877149e-02
4.764171e-01	5.666789e-01	-7.148517e-02
3.714009e-01	5.248750e-01	-2.830094e-01
4.823779e-01	5.575128e-01	-3.293806e-01
3.532049e-01	5.097690e-01	-5.659373e-01
4.771933e-01	5.309914e-01	-6.044085e-01
3.377815e-01	5.049282e-01	-6.301230e-01
4.840505e-01	5.004469e-01	-6.686942e-01
3.506053e-01	5.022427e-01	-6.344714e-01
4.683751e-01	5.019957e-01	-6.675218e-01
3.611506e-01	5.021686e-01	-5.767816e-01
4.631553e-01	5.078959e-01	-6.146306e-01
4.135024e-01	2.821508e-01	1.115624e-02
4.749197e-01	2.899369e-01	-1.101477e-02
3.959064e-01	8.437371e-02	-7.862745e-02
4.721921e-01	9.840210e-02	-5.685188e-02
4.190341e-01	-7.497469e-03	1.809784e-01
4.790702e-01	-3.147385e-03	1.484242e-01
4.280709e-01	-6.581708e-03	2.077967e-01
4.776081e-01	-1.618001e-02	1.643383e-01
4.113889e-01	-9.488218e-02	1.420622e-01
4.861860e-01	-9.289156e-02	6.268264e-02
4.330962e-01	6.539379e-01	-1.883971e-01
4.269065e-01	6.722624e-01	-1.733925e-01
4.230792e-01	6.722810e-01	-1.734422e-01
4.187461e-01	6.718295e-01	-1.734388e-01
4.388503e-01	6.724063e-01	-1.742269e-01
4.434081e-01	6.721519e-01	-1.742504e-01
4.473373e-01	6.713611e-01	-1.741794e-01
4.141185e-01	6.619523e-01	-6.807728e-02
4.538930e-01	6.601046e-01	-7.160160e-02
4.254147e-01	6.341608e-01	-1.475503e-01
4.401079e-01	6.348414e-01	-1.483767e-01
3.901735e-01	5.721592e-01	-4.602718e-02
4.763760e-01	5.818250e-01	-7.640677e-02
3.668540e-01	5.418360e-01	-2.840004e-01
4.824618e-01	5.625846e-01	-3.289588e-01
3.531576e-01	5.288009e-01	-5.657666e-01
4.772961e-01	5.418708e-01	-6.058217e-01
3.379411e-01	5.243129e-01	-6.305662e-01
4.840279e-01	5.114691e-01	-6.713031e-01
3.506351e-01	5.227843e-01	-6.357521e-01
4.685649e-01	5.154020e-01	-6.705891e-01
3.609714e-01	5.218058e-01	-5.770158e-01
4.634271e-01	5.214212e-01	-6.161543e-01
4.137410e-01	2.987019e-01	1.129494e-02
4.748121e-01	3.067484e-01	-1.116737e-02
3.966437e-01	1.005331e-01	-7.113312e-02
4.726580e-01	1.190496e-01	-4.435327e-02
4.217741e-01	-7.622687e-03	1.750970e-01
4.809087e-01	-2.926164e-03	1.401581e-01
4.311196e-01	-6.944426e-03	1.945230e-01
4.786862e-01	-1.691997e-02	1.525756e-01
4.114295e-01	-9.279547e-02	1.029637e-01
4.870103e-01	-9.122997e-02	3.696431e-02
4.328520e-01	6.700493e-01	-1.901876e-01
4.266595e-01	6.886305e-01	-1.745783e-01
4.227814e-01	6.886164e-01	-1.746386e-01
4.184027e-01	6.883917e-01	-1.746301e-01
4.387142e-01	6.884312e-01	-1.751560e-01
4.432461e-01	6.882338e-01	-1.751825e-01
4.472052e-01	6.877499e-01	-1.751201e-01
4.138473e-01	6.793811e-01	-6.695980e-02
4.537009e-01	6.767060e-01	-6.872505e-02
4.251637e-01	6.498546e-01	-1.486704e-01
4.399323e-01	6.498100e-01	-1.489320e-01
3.899318e-01	5.886415e-01	-4.354427e-02
4.760846e-01	5.957912e-01	-7.311843e-02
3.624885e-01	5.592569e-01	-2.840282e-01
4.824555e-01	5.759950e-01	-3.313480e-01
3.498827e-01	5.474427e-01	-5.621992e-01
4.775260e-01	5.588365e-01	-6.166413e-01
3.376797e-01	5.422602e-01	-6.264790e-01
4.839233e-01	5.310515e-01	-6.832688e-01
3.500408e-01	5.432199e-01	-6.309785e-01
4.685684e-01	5.354526e-01	-6.824254e-01
3.595884e-01	5.433050e-01	-5.731438e-01
4.635870e-01	5.408412e-01	-6.271425e-01
4.138269e-01	3.139649e-01	1.126807e-02
4.745393e-01	3.228997e-01	-1.114851e-02
3.971334e-01	1.113299e-01	-6.351363e-02
4.740160e-01	1.325941e-01	-4.253498e-02
4.219845e-01	-7.771563e-03	1.716202e-01
4.824597e-01	-1.509257e-03	1.378049e-01
4.315442e-01	-9.201835e-03	1.886360e-01
4.798309e-01	-1.656542e-02	1.494101e-01
4.111827e-01	-8.825754e-02	9.073172e-02
4.884445e-01	-8.643779e-02	2.900333e-02
4.315931e-01	6.735944e-01	-1.979955e-01
4.259317e-01	6.920567e-01	-1.824042e-01
4.219595e-01	6.919515e-01	-1.824704e-01
4.177475e-01	6.919056e-01	-1.824709e-01
4.377046e-01	6.918880e-01	-1.830328e-01
4.420509e-01	6.916425e-01	-1.830554e-01
4.462228e-01	6.913385e-01	-1.829853e-01
4.136471e-01	6.831774e-01	-7.383111e-02
4.531595e-01	6.813240e-01	-7.594703e-02
4.243670e-01	6.543928e-01	-1.561312e-01
4.388975e-01	6.548436e-01	-1.564732e-01
3.898932e-01	5.914333e-01	-5.424342e-02
4.757588e-01	6.000122e-01	-8.058783e-02
3.630909e-01	5.612008e-01	-3.119934e-01
4.803712e-01	5.895061e-01	-3.583429e-01
3.501258e-01	5.513386e-01	-5.941913e-01
4.769885e-01	5.679914e-01	-6.561826e-01
3.427922e-01	5.449440e-01	-6.591522e-01
4.834123e-01	5.401538e-01	-7.240220e-01
3.542672e-01	5.448957e-01	-6.612069e-01
4.684908e-01	5.440705e-01	-7.216827e-01
3.604317e-01	5.442994e-01	-6.038072e-01
4.633545e-01	5.497637e-01	-6.666731e-01
4.140155e-01	3.154119e-01	1.078708e-02
4.744037e-01	3.236247e-01	-1.070793e-02
3.982364e-01	1.131620e-01	-5.709442e-02
4.742498e-01	1.348831e-01	-3.812780e-02
4.218999e-01	-6.979322e-03	1.752452e-01
4.834779e-01	-7.437968e-04	1.386117e-01
4.307040e-01	-8.933881e-03	1.924401e-01
4.822563e-01	-1.588314e-02	1.498073e-01
4.109051e-01	-8.252485e-02	9.691641e-02
4.903079e-01	-8.166114e-02	2.952754e-02
4.314064e-01	6.898903e-01	-1.996301e-01
4.258092e-01	7.093609e-01	-1.836590e-01
4.218584e-01	7.095762e-01	-1.837290e-01
4.176149e-01	7.093747e-01	-1.837144e-01
4.376411e-01	7.088784e-01	-1.845483e-01
4.420390e-01	7.083253e-01	-1.845758e-01
4.461819e-01	7.072166e-01	-1.845348e-01
4.134645e-01	7.000471e-01	-7.183275e-02
4.530728e-01	6.954101e-01	-7.462622e-02
4.239851e-01	6.705159e-01	-1.564296e-01
4.386013e-01	6.697176e-01	-1.569289e-01
3.896445e-01	6.076943e-01	-4.543192e-02
4.754393e-01	6.147974e-01	-7.794351e-02
3.564102e-01	5.773593e-01	-2.965243e-01
4.810010e-01	6.050305e-01	-3.461164e-01
3.503457e-01	5.680700e-01	-5.773775e-01
4.774236e-01	5.836775e-01	-6.351694e-01
3.464684e-01	5.634874e-01	-6.415482e-01
4.830353e-01	5.572114e-01	-7.012221e-01
3.565735e-01	5.661938e-01	-6.447974e-01
4.684868e-01	5.605327e-01	-6.990705e-01
3.619354e-01	5.655832e-01	-5.874342e-01
4.637144e-01	5.660197e-01	-6.450424e-01
4.140156e-01	3.298714e-01	1.103393e-02
4.743203e-01	3.376054e-01	-1.098368e-02
3.995132e-01	1.260911e-01	-5.991650e-02
4.746348e-01	1.444514e-01	-4.226734e-02
4.218580e-01	-6.153503e-03	1.655646e-01
4.831809e-01	1.207904e-04	1.503176e-01
4.302651e-01	-9.020606e-03	1.815511e-01
4.820871e-01	-1.455147e-02	1.643645e-01
4.107680e-01	-7.993545e-02	7.386987e-02
4.892440e-01	-6.448078e-02	4.326586e-02
4.313322e-01	7.084489e-01	-1.876356e-01
4.258073e-01	7.273465e-01	-1.728669e-01
4.218578e-01	7.274758e-01	-1.729003e-01
4.175917e-01	7.273560e-01	-1.728878e-01
4.376603e-01	7.265874e-01	-1.731004e-01
4.420584e-01	7.261677e-01	-1.731238e-01
4.461958e-01	7.254014e-01	-1.730328e-01
4.134423e-01	7.192014e-01	-5.835795e-02
4.531415e-01	7.139331e-01	-6.765440e-02
4.238022e-01	6.884388e-01	-1.478372e-01
4.385361e-01	6.872567e-01	-1.476397e-01
3.896518e-01	6.276900e-01	-3.650242e-02
4.757440e-01	6.277367e-01	-6.214749e-02
3.582262e-01	5.959066e-01	-2.945681e-01
4.852092e-01	6.075594e-01	-3.386039e-01
3.500782e-01	5.857860e-01	-5.955821e-01
4.805794e-01	5.910266e-01	-6.527530e-01
3.444277e-01	5.839297e-01	-6.644554e-01
4.839841e-01	5.703403e-01	-7.240323e-01
3.536381e-01	5.850372e-01	-6.712123e-01
4.718954e-01	5.768915e-01	-7.256125e-01
3.601522e-01	5.834735e-01	-6.081897e-01
4.671351e-01	5.812584e-01	-6.657277e-01
4.139958e-01	3.486686e-01	1.049932e-02
4.743282e-01	3.558237e-01	-1.044929e-02
4.014670e-01	1.393607e-01	-6.120614e-02
4.749039e-01	1.532634e-01	-4.402501e-02
4.217634e-01	-5.885788e-03	1.459115e-01
4.831405e-01	1.002020e-04	1.142194e-01
4.301639e-01	-9.876634e-03	1.586969e-01
4.808713e-01	-1.445013e-02	1.227132e-01
4.110579e-01	-7.825240e-02	4.249305e-02
4.886506e-01	-6.016580e-02	-1.314945e-02
4.313590e-01	7.274034e-01	-1.883184e-01
4.258163e-01	7.462665e-01	-1.713906e-01
4.218690e-01	7.464905e-01	-1.714662e-01
4.175977e-01	7.464622e-01	-1.714564e-01
4.377367e-01	7.455531e-01	-1.725905e-01
4.421417e-01	7.452291e-01	-1.726069e-01
4.462596e-01	7.446041e-01	-1.725484e-01
4.134318e-01	7.382600e-01	-5.537518e-02
4.532741e-01	7.331585e-01	-6.216588e-02
4.237617e-01	7.071035e-01	-1.442499e-01
4.385502e-01	7.059867e-01	-1.449846e-01
3.896520e-01	6.450633e-01	-3.067786e-02
4.759104e-01	6.464742e-01	-5.757760e-02
3.590887e-01	6.132941e-01	-2.911393e-01
4.852417e-01	6.335025e-01	-3.372360e-01
3.514776e-01	6.040194e-01	-5.946436e-01
4.804370e-01	6.146724e-01	-6.623026e-01
3.469180e-01	6.008050e-01	-6.633984e-01
4.834825e-01	5.939046e-01	-7.365955e-01
3.555027e-01	6.017124e-01	-6.685297e-01
4.719094e-01	5.966198e-01	-7.371493e-01
3.614055e-01	6.002734e-01	-6.064771e-01
4.674725e-01	6.018181e-01	-6.750352e-01
4.140390e-01	3.638487e-01	9.523185e-03
4.742254e-01	3.718507e-01	-9.475598e-03
4.038685e-01	1.491460e-01	-6.356076e-02
4.756413e-01	1.623731e-01	-3.850108e-02
4.216326e-01	-3.040148e-03	1.415259e-01
4.830872e-01	6.712794e-03	1.325983e-01
4.294428e-01	-8.518690e-03	1.540877e-01
4.808309e-01	-6.249175e-03	1.285497e-01
4.111863e-01	-7.276093e-02	2.538216e-02
4.887424e-01	-4.922629e-02	2.565482e-02
4.313598e-01	7.436816e-01	-1.863296e-01
4.258251e-01	7.625808e-01	-1.689440e-01
4.218705e-01	7.625945e-01	-1.690142e-01
4.175821e-01	7.622241e-01	-1.689815e-01
4.377473e-01	7.623377e-01	-1.702795e-01
4.421544e-01	7.617509e-01	-1.702945e-01
4.462658e-01	7.607607e-01	-1.702378e-01
4.134215e-01	7.520899e-01	-5.512784e-02
4.533093e-01	7.486032e-01	-6.031752e-02
4.236818e-01	7.235384e-01	-1.415042e-01
4.385587e-01	7.226840e-01	-1.424895e-01
3.896550e-01	6.581975e-01	-2.377995e-02
4.761171e-01	6.635074e-01	-5.346462e-02
3.590370e-01	6.258298e-01	-2.881647e-01
4.877449e-01	6.503462e-01	-3.369351e-01
3.523086e-01	6.157648e-01	-5.854550e-01
4.810237e-01	6.343933e-01	-6.554677e-01
3.483271e-01	6.148726e-01	-6.521821e-01
4.834598e-01	6.176993e-01	-7.278103e-01
3.590965e-01	6.176382e-01	-6.568261e-01
4.718022e-01	6.186209e-01	-7.235740e-01
3.625551e-01	6.156970e-01	-5.968807e-01
4.675926e-01	6.212280e-01	-6.653064e-01
4.139710e-01	3.721670e-01	8.189702e-03
4.738391e-01	3.807206e-01	-8.163610e-03
4.063727e-01	1.566852e-01	-6.174377e-02
4.762321e-01	1.723576e-01	-3.604157e-02
4.215567e-01	-1.217463e-03	1.355044e-01
4.834845e-01	1.089244e-02	1.421784e-01
4.290118e-01	-8.595264e-03	1.466655e-01
4.824103e-01	-1.195620e-03	1.496416e-01
4.124822e-01	-6.999468e-02	1.713542e-02
4.887054e-01	-3.727915e-02	2.038128e-02
4.312762e-01	7.592223e-01	-1.837920e-01
4.257529e-01	7.783957e-01	-1.676120e-01
4.217646e-01	7.784792e-01	-1.676780e-01
4.174203e-01	7.780255e-01	-1.676974e-01
4.377476e-01	7.779360e-01	-1.682082e-01
4.421753e-01	7.771919e-01	-1.682233e-01
4.462774e-01	7.759438e-01	-1.681466e-01
4.133789e-01	7.666031e-01	-4.564830e-02
4.533738e-01	7.632123e-01	-5.606993e-02
4.235329e-01	7.387111e-01	-1.410788e-01
4.385656e-01	7.379582e-01	-1.409300e-01
3.900437e-01	6.691427e-01	-1.655937e-02
4.762354e-01	6.791506e-01	-5.318642e-02
3.594271e-01	6.339273e-01	-2.803020e-01
4.877110e-01	6.643094e-01	-3.474222e-01
3.523627e-01	6.278443e-01	-5.833054e-01
4.812087e-01	6.472635e-01	-6.692986e-01
3.481012e-01	6.305978e-01	-6.487336e-01
4.834537e-01	6.299168e-01	-7.433413e-01
3.585728e-01	6.306750e-01	-6.533055e-01
4.716971e-01	6.313285e-01	-7.374700e-01
3.626529e-01	6.283743e-01	-5.944521e-01
4.676866e-01	6.341891e-01	-6.786147e-01
4.140405e-01	3.834734e-01	7.900989e-03
4.737641e-01	3.905511e-01	-7.889548e-03
4.087966e-01	1.666757e-01	-6.191619e-02
4.769719e-01	1.766810e-01	-3.829888e-02
4.214968e-01	1.085300e-03	1.261433e-01
4.842837e-01	1.650420e-02	1.407903e-01
4.286188e-01	-8.639384e-03	1.363264e-01
4.845283e-01	4.517764e-03	1.500752e-01
4.131773e-01	-6.830937e-02	5.133751e-03
4.882920e-01	-2.906729e-02	1.085562e-02
4.312776e-01	7.619436e-01	-1.636437e-01
4.257822e-01	7.803441e-01	-1.447821e-01
4.217813e-01	7.805808e-01	-1.448577e-01
4.174233e-01	7.805240e-01	-1.448009e-01
4.377581e-01	7.794101e-01	-1.458581e-01
4.421743e-01	7.788244e-01	-1.458518e-01
4.462693e-01	7.779005e-01	-1.457807e-01
4.133784e-01	7.718529e-01	-2.124080e-02
4.533697e-01	7.681887e-01	-2.556496e-02
4.234981e-01	7.421902e-01	-1.174982e-01
4.384882e-01	7.418129e-01	-1.177885e-01
3.902119e-01	6.768357e-01	1.454810e-04
4.762337e-01	6.815249e-01	-2.178030e-02
3.627858e-01	6.425095e-01	-2.731338e-01
4.900742e-01	6.535358e-01	-3.183531e-01
3.527159e-01	6.326489e-01	-5.834767e-01
4.814604e-01	6.514888e-01	-6.663810e-01
3.476668e-01	6.316288e-01	-6.510383e-01
4.834445e-01	6.343914e-01	-7.265875e-01
3.582478e-01	6.322172e-01	-6.553160e-01
4.713961e-01	6.388036e-01	-7.311932e-01
3.630241e-01	6.296422e-01	-5.948682e-01
4.676371e-01	6.408473e-01	-6.691557e-01
4.140319e-01	3.851086e-01	3.008117e-03
4.737210e-01	3.919747e-01	-2.999617e-03
4.095527e-01	1.667688e-01	-6.494250e-02
4.777292e-01	1.738453e-01	-3.078520e-02
4.214335e-01	6.862632e-04	1.192634e-01
4.842741e-01	1.515158e-02	1.442782e-01
4.277366e-01	-9.362098e-03	1.290250e-01
4.841698e-01	3.938302e-03	1.551838e-01
4.134343e-01	-6.992107e-02	-9.620112e-03
4.880078e-01	-3.385878e-02	1.420506e-02
4.311660e-01	7.719773e-01	-1.410841e-01
4.257772e-01	7.899125e-01	-1.197117e-01
4.217785e-01	7.900764e-01	-1.197884e-01
4.174151e-01	7.900721e-01	-1.197195e-01
4.376789e-01	7.893524e-01	-1.222054e-01
4.420334e-01	7.891805e-01	-1.222049e-01
4.461496e-01	7.887672e-01	-1.221201e-01
4.134839e-01	7.825884e-01	8.751854e-03
4.533725e-01	7.808077e-01	-1.017746e-03
4.234661e-01	7.521719e-01	-9.294417e-02
4.384672e-01	7.528952e-01	-9.532153e-02
3.906848e-01	6.875922e-01	3.053271e-02
4.787837e-01	6.947808e-01	-1.331510e-03
3.619049e-01	6.493914e-01	-2.244780e-01
4.964286e-01	6.533333e-01	-2.901904e-01
3.543774e-01	6.423734e-01	-5.281476e-01
4.826695e-01	6.615390e-01	-6.063958e-01
3.508098e-01	6.404932e-01	-5.942544e-01
4.834879e-01	6.504318e-01	-6.766045e-01
3.616611e-01	6.401786e-01	-5.974735e-01
4.713581e-01	6.538543e-01	-6.665071e-01
3.651176e-01	6.377507e-01	-5.385832e-01
4.675660e-01	6.542479e-01	-6.109576e-01
4.148399e-01	3.978046e-01	3.409423e-03
4.740923e-01	4.038036e-01	-3.393782e-03
4.112187e-01	1.766413e-01	-6.478961e-02
4.784463e-01	1.824065e-01	-3.244702e-02
4.213972e-01	-2.654491e-05	1.011878e-01
4.855106e-01	1.436943e-02	1.194533e-01
4.277267e-01	-1.242764e-02	1.086203e-01
4.862986e-01	3.327034e-03	1.271050e-01
4.147469e-01	-7.056094e-02	-3.479219e-02
4.876069e-01	-3.419804e-02	-2.043922e-02
4.311712e-01	7.791258e-01	-1.343791e-01
4.257811e-01	7.974958e-01	-1.143904e-01
4.217819e-01	7.978499e-01	-1.144578e-01
4.174164e-01	7.979364e-01	-1.143786e-01
4.376845e-01	7.967457e-01	-1.163877e-01
4.420381e-01	7.965215e-01	-1.163949e-01
4.461705e-01	7.958444e-01	-1.163248e-01
4.135159e-01	7.900437e-01	8.940095e-03
4.534281e-01	7.878721e-01	1.366021e-03
4.235584e-01	7.585690e-01	-8.788522e-02
4.384864e-01	7.594748e-01	-8.967919e-02
3.909488e-01	6.946702e-01	2.308268e-02
4.787185e-01	7.024671e-01	-6.394777e-03
3.648292e-01	6.548969e-01	-2.438356e-01
4.950565e-01	6.780409e-01	-3.015077e-01
3.550183e-01	6.474500e-01	-5.442102e-01
4.825245e-01	6.748922e-01	-6.107094e-01
3.508328e-01	6.511831e-01	-6.101876e-01
4.834766e-01	6.611328e-01	-6.808508e-01
3.623961e-01	6.511708e-01	-6.131243e-01
4.709642e-01	6.617965e-01	-6.713637e-01
3.664656e-01	6.477537e-01	-5.547764e-01
4.673349e-01	6.623132e-01	-6.172608e-01
4.151524e-01	4.019727e-01	2.613107e-03
4.742609e-01	4.072482e-01	-2.612980e-03
4.119260e-01	1.816886e-01	-6.131433e-02
4.791569e-01	1.843022e-01	-3.433598e-02
4.210140e-01	7.570676e-04	1.028253e-01
4.862141e-01	1.374459e-02	1.050406e-01
4.259621e-01	-1.229794e-02	1.103074e-01
4.863025e-01	2.745211e-03	1.113933e-01
4.147307e-01	-6.977355e-02	-2.953888e-02
4.873584e-01	-3.349753e-02	-3.500608e-02
4.314748e-01	7.831637e-01	-1.407715e-01
4.258598e-01	8.012505e-01	-1.209342e-01
4.219555e-01	8.014066e-01	-1.210221e-01
4.175363e-01	8.014631e-01	-1.209816e-01
4.378752e-01	8.003161e-01	-1.230154e-01
4.424211e-01	8.001420e-01	-1.230247e-01
4.466150e-01	7.996886e-01	-1.229630e-01
4.135722e-01	7.939561e-01	2.903641e-03
4.539034e-01	7.920471e-01	-5.185938e-03
4.239181e-01	7.614162e-01	-9.421818e-02
4.389025e-01	7.618298e-01	-9.610509e-02
3.909973e-01	6.980187e-01	1.386680e-02
4.791563e-01	7.038144e-01	-9.035659e-03
3.667187e-01	6.599630e-01	-2.480412e-01
4.945703e-01	6.644356e-01	-3.030321e-01
3.552364e-01	6.513208e-01	-5.690864e-01
4.833774e-01	6.606699e-01	-6.119743e-01
3.505124e-01	6.512971e-01	-6.382489e-01
4.848291e-01	6.555483e-01	-6.840701e-01
3.621756e-01	6.539447e-01	-6.438323e-01
4.750507e-01	6.581887e-01	-6.783577e-01
3.666923e-01	6.515495e-01	-5.815651e-01
4.715940e-01	6.572106e-01	-6.194929e-01
4.151924e-01	4.018371e-01	2.003974e-03
4.752408e-01	4.092385e-01	-2.001547e-03
4.118415e-01	1.822460e-01	-5.911357e-02
4.802885e-01	1.874661e-01	-3.729605e-02
4.203596e-01	6.000276e-04	1.052075e-01
4.872820e-01	1.335997e-02	9.443898e-02
4.247275e-01	-1.269459e-02	1.126745e-01
4.877843e-01	2.399612e-03	9.959232e-02
4.134257e-01	-6.894687e-02	-2.773390e-02
4.873651e-01	-3.440898e-02	-5.002548e-02
4.314922e-01	7.845926e-01	-1.297832e-01
4.258673e-01	8.026497e-01	-1.099783e-01
4.219742e-01	8.024982e-01	-1.100681e-01
4.175602e-01	8.024560e-01	-1.100386e-01
4.379136e-01	8.024192e-01	-1.125820e-01
4.424535e-01	8.023822e-01	-1.125868e-01
4.467010e-01	8.022453e-01	-1.125088e-01
4.136509e-01	7.950479e-01	1.228360e-02
4.542268e-01	7.939162e-01	2.155825e-03
4.240422e-01	7.624164e-01	-8.366810e-02
4.390454e-01	7.633412e-01	-8.619031e-02
3.911418e-01	7.004730e-01	1.969248e-02
4.799411e-01	7.056577e-01	-5.970764e-03
3.731504e-01	6.627920e-01	-2.488155e-01
4.944449e-01	6.601198e-01	-2.973713e-01
3.564610e-01	6.549656e-01	-5.596145e-01
4.833202e-01	6.609772e-01	-6.062535e-01
3.483294e-01	6.583598e-01	-6.274638e-01
4.855348e-01	6.551143e-01	-6.775504e-01
3.617379e-01	6.602169e-01	-6.353110e-01
4.765215e-01	6.600589e-01	-6.733031e-01
3.673614e-01	6.572624e-01	-5.731502e-01
4.714779e-01	6.595200e-01	-6.160947e-01
4.153467e-01	4.032778e-01	2.253186e-03
4.759177e-01	4.115440e-01	-2.246093e-03
4.117500e-01	1.852303e-01	-5.225357e-02
4.817732e-01	1.893101e-01	-3.742943e-02
4.203263e-01	4.685092e-04	9.518071e-02
4.889438e-01	1.387562e-02	9.204386e-02
4.247872e-01	-1.346097e-02	1.005287e-01
4.887357e-01	2.214138e-03	9.664093e-02
4.131525e-01	-6.900112e-02	-3.978664e-02
4.872714e-01	-3.224543e-02	-4.786020e-02
4.316423e-01	7.825366e-01	-1.346959e-01
4.258922e-01	8.022250e-01	-1.148799e-01
4.219950e-01	8.021905e-01	-1.149539e-01
4.175715e-01	8.017438e-01	-1.149073e-01
4.380234e-01	8.024167e-01	-1.179696e-01
4.426185e-01	8.022707e-01	-1.179759e-01
4.469105e-01	8.017859e-01	-1.178879e-01
4.136553e-01	7.918643e-01	7.832713e-03
4.546837e-01	7.923666e-01	-4.710758e-03
4.241766e-01	7.609365e-01	-8.837672e-02
4.393157e-01	7.623947e-01	-9.158396e-02
3.916215e-01	6.981818e-01	1.475402e-02
4.821671e-01	7.056932e-01	-1.269417e-02
3.766758e-01	6.669412e-01	-2.540187e-01
4.943454e-01	6.591316e-01	-3.006267e-01
3.601737e-01	6.576729e-01	-5.701653e-01
4.840118e-01	6.653771e-01	-6.101977e-01
3.487187e-01	6.621324e-01	-6.389619e-01
4.865355e-01	6.587550e-01	-6.811250e-01
3.621249e-01	6.622253e-01	-6.449174e-01
4.770925e-01	6.636292e-01	-6.765437e-01
3.686130e-01	6.584125e-01	-5.835317e-01
4.717214e-01	6.627626e-01	-6.199038e-01
4.143462e-01	4.028046e-01	2.144557e-03
4.750508e-01	4.081804e-01	-2.132375e-03
4.117045e-01	1.887668e-01	-3.920560e-02
4.817771e-01	1.860775e-01	-2.913420e-02
4.203077e-01	4.386735e-04	1.035124e-01
4.886993e-01	1.363727e-02	1.010974e-01
4.248543e-01	-1.378325e-02	1.092756e-01
4.885093e-01	1.493372e-03	1.061844e-01
4.131520e-01	-6.870504e-02	-3.000640e-02
4.842082e-01	-3.391899e-02	-3.671058e-02
4.315974e-01	7.828050e-01	-1.344704e-01
4.258967e-01	8.026971e-01	-1.143182e-01
4.219978e-01	8.027908e-01	-1.143935e-01
4.175761e-01	8.022752e-01	-1.143424e-01
4.380282e-01	8.026221e-01	-1.176597e-01
4.426266e-01	8.023914e-01	-1.176682e-01
4.469778e-01	8.016090e-01	-1.175870e-01
4.137140e-01	7.919998e-01	9.171216e-03
4.549042e-01	7.912139e-01	-4.873375e-03
4.241731e-01	7.616795e-01	-8.805903e-02
4.393178e-01	7.618555e-01	-9.161858e-02
3.919001e-01	6.958076e-01	1.301531e-02
4.825897e-01	7.055072e-01	-1.516379e-02
3.782947e-01	6.638123e-01	-2.600531e-01
4.941197e-01	6.668597e-01	-3.088468e-01
3.621051e-01	6.574828e-01	-5.743619e-01
4.838966e-01	6.648977e-01	-6.129614e-01
3.490786e-01	6.633767e-01	-6.430793e-01
4.866277e-01	6.619582e-01	-6.830113e-01
3.621704e-01	6.625596e-01	-6.492597e-01
4.768680e-01	6.635478e-01	-6.796562e-01
3.691349e-01	6.583281e-01	-5.878062e-01
4.719756e-01	6.617571e-01	-6.237881e-01
4.140134e-01	4.011103e-01	2.305905e-03
4.747074e-01	4.058532e-01	-2.291882e-03
4.115821e-01	1.893313e-01	-3.788448e-02
4.819135e-01	1.842176e-01	-3.067824e-02
4.202594e-01	6.385909e-04	1.057944e-01
4.885122e-01	1.255257e-02	9.789469e-02
4.248830e-01	-1.383580e-02	1.115189e-01
4.882554e-01	-1.129695e-03	1.024936e-01
4.223055e-01	-5.687969e-02	-2.776014e-02
4.840166e-01	-3.498346e-02	-4.168734e-02
4.316435e-01	7.823406e-01	-1.371385e-01
4.259699e-01	8.026651e-01	-1.179370e-01
4.220425e-01	8.028351e-01	-1.180111e-01
4.176327e-01	8.023028e-01	-1.179674e-01
4.381989e-01	8.025434e-01	-1.205556e-01
4.428547e-01	8.022423e-01	-1.205657e-01
4.472806e-01	8.013775e-01	-1.204837e-01
4.138609e-01	7.916896e-01	4.795015e-03
4.553513e-01	7.905589e-01	-7.871835e-03
4.242905e-01	7.611761e-01	-9.161491e-02
4.394714e-01	7.614591e-01	-9.431776e-02
3.919837e-01	6.931068e-01	1.285946e-02
4.833344e-01	7.041569e-01	-1.785765e-02
3.778921e-01	6.625037e-01	-2.740943e-01
4.938191e-01	6.693088e-01	-3.275105e-01
3.639287e-01	6.584073e-01	-5.884237e-01
4.845919e-01	6.663714e-01	-6.363504e-01
3.507048e-01	6.644539e-01	-6.582673e-01
4.879332e-01	6.599748e-01	-7.080274e-01
3.634728e-01	6.629429e-01	-6.641052e-01
4.781585e-01	6.630835e-01	-7.051821e-01
3.717760e-01	6.588510e-01	-6.017196e-01
4.738950e-01	6.620672e-01	-6.477147e-01
4.138111e-01	4.010653e-01	2.507353e-03
4.746785e-01	4.063036e-01	-2.507772e-03
4.117604e-01	1.891982e-01	-3.944312e-02
4.820752e-01	1.834887e-01	-3.198235e-02
4.202513e-01	4.000909e-04	1.089907e-01
4.883468e-01	1.159836e-02	1.027263e-01
4.252519e-01	-1.450110e-02	1.155519e-01
4.879714e-01	-2.823946e-03	1.082781e-01
4.169018e-01	-5.860612e-02	-2.426235e-02
4.837205e-01	-3.567543e-02	-3.683296e-02
4.319306e-01	7.824384e-01	-1.357585e-01
4.262072e-01	8.026956e-01	-1.153187e-01
4.222697e-01	8.028860e-01	-1.154045e-01
4.178629e-01	8.023720e-01	-1.153738e-01
4.385588e-01	8.025354e-01	-1.180506e-01
4.432967e-01	8.021620e-01	-1.180610e-01
4.477614e-01	8.012121e-01	-1.179912e-01
4.141172e-01	7.918745e-01	8.901582e-03
4.558573e-01	7.902356e-01	-3.074228e-03
4.246112e-01	7.616152e-01	-8.961419e-02
4.399297e-01	7.613096e-01	-9.245549e-02
3.921024e-01	6.919953e-01	1.197763e-02
4.844070e-01	7.030722e-01	-1.200762e-02
3.795584e-01	6.595900e-01	-2.697548e-01
4.944965e-01	6.652434e-01	-3.164284e-01
3.664604e-01	6.572019e-01	-5.783995e-01
4.849939e-01	6.628390e-01	-6.339986e-01
3.522946e-01	6.649881e-01	-6.484414e-01
4.887274e-01	6.565855e-01	-7.044459e-01
3.641286e-01	6.636891e-01	-6.599811e-01
4.804250e-01	6.617792e-01	-7.007071e-01
3.722659e-01	6.588953e-01	-5.938200e-01
4.765339e-01	6.605327e-01	-6.441116e-01
4.138110e-01	3.990168e-01	2.545567e-03
4.750448e-01	4.046114e-01	-2.543414e-03
4.116987e-01	1.871930e-01	-4.140627e-02
4.823752e-01	1.823411e-01	-3.241641e-02
4.203554e-01	-7.565484e-04	1.068475e-01
4.882242e-01	1.079914e-02	1.050671e-01
4.256526e-01	-1.605723e-02	1.132213e-01
4.879276e-01	-3.710780e-03	1.118312e-01
4.147229e-01	-6.231262e-02	-2.962052e-02
4.838271e-01	-3.602460e-02	-3.138579e-02
4.323613e-01	7.826492e-01	-1.304739e-01
4.265490e-01	8.025593e-01	-1.088140e-01
4.226287e-01	8.027151e-01	-1.089062e-01
4.182156e-01	8.021933e-01	-1.088881e-01
4.389417e-01	8.024200e-01	-1.116925e-01
4.437173e-01	8.020321e-01	-1.117091e-01
4.481964e-01	8.010855e-01	-1.116536e-01
4.144407e-01	7.918103e-01	1.723992e-02
4.563290e-01	7.904099e-01	5.276207e-03
4.250605e-01	7.617115e-01	-8.380380e-02
4.404427e-01	7.614396e-01	-8.677223e-02
3.922172e-01	6.918604e-01	1.837410e-02
4.856855e-01	7.024619e-01	-1.163005e-03
3.793754e-01	6.567727e-01	-2.545350e-01
4.958796e-01	6.534808e-01	-2.916529e-01
3.666495e-01	6.556860e-01	-5.629547e-01
4.853664e-01	6.612751e-01	-6.126751e-01
3.523373e-01	6.649486e-01	-6.328827e-01
4.892384e-01	6.540307e-01	-6.855344e-01
3.640776e-01	6.630716e-01	-6.450085e-01
4.824227e-01	6.597793e-01	-6.840975e-01
3.722236e-01	6.577689e-01	-5.784941e-01
4.785760e-01	6.579615e-01	-6.247922e-01
4.135543e-01	3.986573e-01	1.840817e-03
4.751295e-01	4.045837e-01	-1.820560e-03
4.116018e-01	1.861364e-01	-4.281601e-02
4.828144e-01	1.820152e-01	-3.272322e-02
4.202287e-01	-1.042878e-03	1.050086e-01
4.882019e-01	1.062775e-02	1.051060e-01
4.256261e-01	-1.650087e-02	1.112607e-01
4.878896e-01	-3.993289e-03	1.108805e-01
4.132822e-01	-6.311896e-02	-3.405629e-02
4.853033e-01	-3.629266e-02	-3.775013e-02
