5.083280e-01	8.619268e-01	-2.238656e-01
5.026239e-01	8.776253e-01	-2.053739e-01
4.990966e-01	8.776600e-01	-2.054085e-01
4.954739e-01	8.774962e-01	-2.053417e-01
5.143484e-01	8.769243e-01	-2.050536e-01
5.184973e-01	8.762328e-01	-2.050919e-01
5.216714e-01	8.756393e-01	-2.049754e-01
4.899198e-01	8.679910e-01	-9.904695e-02
5.270515e-01	8.654954e-01	-9.903816e-02
5.001512e-01	8.405472e-01	-1.846856e-01
5.151269e-01	8.400034e-01	-1.844700e-01
4.622779e-01	7.608525e-01	-4.088907e-02
5.509994e-01	7.541047e-01	-4.179509e-02
4.505473e-01	6.293179e-01	-1.399955e-02
5.623642e-01	6.236650e-01	-1.227219e-02
4.473678e-01	5.020838e-01	-8.132558e-02
5.625722e-01	5.124772e-01	-9.299101e-02
4.426419e-01	4.622000e-01	-1.081386e-01
5.660519e-01	4.707051e-01	-1.215809e-01
4.504220e-01	4.637251e-01	-1.392016e-01
5.593486e-01	4.704701e-01	-1.536342e-01
4.550809e-01	4.771426e-01	-9.548205e-02
5.559841e-01	4.847433e-01	-1.083314e-01
4.773761e-01	5.054038e-01	4.487792e-03
5.294209e-01	5.056018e-01	-4.400028e-03
4.672529e-01	3.145686e-01	-2.210944e-02
5.354846e-01	3.126341e-01	-3.137477e-02
4.599124e-01	1.178377e-01	6.190632e-02
5.420310e-01	1.180827e-01	6.002793e-02
4.681391e-01	8.876011e-02	6.245480e-02
5.371062e-01	9.336793e-02	6.147864e-02
4.369897e-01	6.794235e-02	-5.843824e-02
5.564529e-01	5.739871e-02	-6.274572e-02
5.084339e-01	8.620945e-01	-2.593741e-01
5.027064e-01	8.777568e-01	-2.421748e-01
4.991053e-01	8.777691e-01	-2.422113e-01
4.954292e-01	8.776486e-01	-2.421554e-01
5.143467e-01	8.769503e-01	-2.412763e-01
5.184571e-01	8.762549e-01	-2.413085e-01
5.217115e-01	8.756654e-01	-2.411848e-01
4.899220e-01	8.681012e-01	-1.332345e-01
5.269603e-01	8.660104e-01	-1.312700e-01
5.003321e-01	8.407470e-01	-2.184550e-01
5.151150e-01	8.402396e-01	-2.176750e-01
4.621012e-01	7.607060e-01	-7.000868e-02
5.508710e-01	7.541138e-01	-5.869392e-02
4.486048e-01	6.293157e-01	-3.415590e-02
5.628558e-01	6.242833e-01	-2.616158e-02
4.461038e-01	5.030124e-01	-1.015240e-01
5.625459e-01	5.105441e-01	-1.128372e-01
4.408869e-01	4.628917e-01	-1.297968e-01
5.660175e-01	4.705275e-01	-1.418682e-01
4.496091e-01	4.647146e-01	-1.635899e-01
5.589100e-01	4.703891e-01	-1.748336e-01
4.542239e-01	4.782345e-01	-1.163085e-01
5.547569e-01	4.839348e-01	-1.280270e-01
4.757268e-01	5.042436e-01	2.580831e-03
5.282798e-01	5.018810e-01	-2.504803e-03
4.669455e-01	3.125666e-01	-7.002116e-04
5.350057e-01	3.131640e-01	-5.918025e-03
4.599089e-01	1.182403e-01	1.101290e-01
5.419900e-01	1.205926e-01	1.057019e-01
4.681391e-01	8.877853e-02	1.143963e-01
5.366001e-01	9.412751e-02	1.091785e-01
4.352250e-01	7.045235e-02	6.007441e-03
5.576819e-01	6.405737e-02	-1.010717e-02
5.085906e-01	8.628526e-01	-2.723424e-01
5.028456e-01	8.785552e-01	-2.546574e-01
4.991746e-01	8.786206e-01	-2.546986e-01
4.954286e-01	8.784555e-01	-2.546503e-01
5.143599e-01	8.774638e-01	-2.539589e-01
5.184649e-01	8.766842e-01	-2.539903e-01
5.218424e-01	8.759642e-01	-2.538651e-01
4.900545e-01	8.685668e-01	-1.426210e-01
5.269876e-01	8.665339e-01	-1.415811e-01
5.005118e-01	8.414478e-01	-2.301914e-01
5.151199e-01	8.408349e-01	-2.296785e-01
4.620336e-01	7.605189e-01	-7.577155e-02
5.508687e-01	7.544463e-01	-6.690107e-02
4.473605e-01	6.293175e-01	-3.755463e-02
5.636666e-01	6.256612e-01	-3.434268e-02
4.455416e-01	5.040013e-01	-1.057176e-01
5.625200e-01	5.102929e-01	-1.229139e-01
4.401859e-01	4.633987e-01	-1.345047e-01
5.659581e-01	4.705867e-01	-1.523825e-01
4.491392e-01	4.655410e-01	-1.688577e-01
5.584401e-01	4.705116e-01	-1.854786e-01
4.537276e-01	4.791843e-01	-1.206961e-01
5.539079e-01	4.839039e-01	-1.380441e-01
4.745516e-01	5.040930e-01	2.447145e-03
5.277352e-01	5.014244e-01	-2.373026e-03
4.665884e-01	3.118304e-01	2.932275e-03
5.343123e-01	3.132803e-01	-3.710604e-03
4.599159e-01	1.181577e-01	1.153072e-01
5.419675e-01	1.224174e-01	1.110166e-01
4.683580e-01	8.831512e-02	1.195062e-01
5.359793e-01	9.461574e-02	1.146273e-01
4.336352e-01	7.050143e-02	9.074905e-03
5.586091e-01	6.660648e-02	-6.364600e-03
5.087552e-01	8.629231e-01	-2.582260e-01
5.029820e-01	8.786949e-01	-2.404079e-01
4.992628e-01	8.788065e-01	-2.404451e-01
4.954312e-01	8.786675e-01	-2.403878e-01
5.143807e-01	8.774798e-01	-2.396373e-01
5.184818e-01	8.766878e-01	-2.396688e-01
5.219464e-01	8.759623e-01	-2.395445e-01
4.901307e-01	8.687429e-01	-1.306933e-01
5.269970e-01	8.666396e-01	-1.293264e-01
5.006596e-01	8.415359e-01	-2.172075e-01
5.151244e-01	8.408874e-01	-2.165729e-01
4.619672e-01	7.602039e-01	-6.780789e-02
5.508777e-01	7.546688e-01	-6.212420e-02
4.469964e-01	6.293195e-01	-3.340947e-02
5.641156e-01	6.270352e-01	-2.971912e-02
4.453804e-01	5.044616e-01	-1.008357e-01
5.625218e-01	5.104055e-01	-1.156288e-01
4.399145e-01	4.636015e-01	-1.291705e-01
5.659228e-01	4.709508e-01	-1.447598e-01
4.488171e-01	4.660460e-01	-1.628116e-01
5.582061e-01	4.710979e-01	-1.775189e-01
4.534109e-01	4.797909e-01	-1.156357e-01
5.535585e-01	4.843004e-01	-1.308281e-01
4.737560e-01	5.039356e-01	1.664393e-03
5.273131e-01	5.009428e-01	-1.584897e-03
4.664638e-01	3.112240e-01	-1.923022e-03
5.338503e-01	3.132948e-01	-6.807261e-03
4.599038e-01	1.181277e-01	1.059745e-01
5.418702e-01	1.230416e-01	1.036883e-01
4.683749e-01	8.814384e-02	1.097348e-01
5.356005e-01	9.469449e-02	1.067352e-01
4.330395e-01	7.064791e-02	5.855002e-04
5.592968e-01	6.752470e-02	-1.335647e-02
5.088714e-01	8.629407e-01	-2.524922e-01
5.030870e-01	8.787814e-01	-2.344573e-01
4.993314e-01	8.789254e-01	-2.344938e-01
4.954359e-01	8.788043e-01	-2.344339e-01
5.143996e-01	8.774924e-01	-2.338417e-01
5.184992e-01	8.766919e-01	-2.338750e-01
5.220256e-01	8.759604e-01	-2.337527e-01
4.902010e-01	8.687966e-01	-1.255535e-01
5.269997e-01	8.666698e-01	-1.247003e-01
5.007919e-01	8.415723e-01	-2.119407e-01
5.151381e-01	8.408890e-01	-2.115186e-01
4.619238e-01	7.600599e-01	-6.436944e-02
5.508908e-01	7.547535e-01	-5.774436e-02
4.469704e-01	6.294925e-01	-3.214374e-02
5.644965e-01	6.270421e-01	-2.681570e-02
4.453448e-01	5.051869e-01	-9.946270e-02
5.624423e-01	5.101610e-01	-1.150736e-01
4.397074e-01	4.639680e-01	-1.275835e-01
5.656773e-01	4.708263e-01	-1.430318e-01
4.483562e-01	4.665272e-01	-1.610374e-01
5.576388e-01	4.709651e-01	-1.753268e-01
4.529602e-01	4.804070e-01	-1.141774e-01
5.528249e-01	4.841688e-01	-1.295635e-01
4.729810e-01	5.035535e-01	5.549868e-04
5.268177e-01	5.004933e-01	-4.745840e-04
4.663894e-01	3.105116e-01	-4.415892e-03
5.338079e-01	3.136376e-01	-7.894462e-03
4.598414e-01	1.180887e-01	1.008182e-01
5.418664e-01	1.231880e-01	9.943990e-02
4.683596e-01	8.799123e-02	1.044332e-01
5.355614e-01	9.469058e-02	1.021714e-01
4.329490e-01	7.093589e-02	-3.825429e-03
5.597094e-01	6.777909e-02	-1.741013e-02
5.090899e-01	8.629427e-01	-2.557878e-01
5.032680e-01	8.788700e-01	-2.383762e-01
4.995161e-01	8.790364e-01	-2.384183e-01
4.954957e-01	8.789358e-01	-2.383624e-01
5.145088e-01	8.775137e-01	-2.374603e-01
5.186730e-01	8.766969e-01	-2.374939e-01
5.222543e-01	8.759580e-01	-2.373747e-01
4.903256e-01	8.688291e-01	-1.297293e-01
5.270844e-01	8.666799e-01	-1.274410e-01
5.010253e-01	8.415862e-01	-2.149915e-01
5.152529e-01	8.408499e-01	-2.141434e-01
4.618267e-01	7.598865e-01	-6.813111e-02
5.509376e-01	7.547854e-01	-5.726795e-02
4.469642e-01	6.294851e-01	-3.649322e-02
5.645081e-01	6.270206e-01	-2.663696e-02
4.453181e-01	5.056758e-01	-1.038266e-01
5.624284e-01	5.085056e-01	-1.134943e-01
4.397113e-01	4.641943e-01	-1.318149e-01
5.656983e-01	4.694594e-01	-1.415893e-01
4.480608e-01	4.667718e-01	-1.651437e-01
5.575434e-01	4.690302e-01	-1.740652e-01
4.526233e-01	4.807838e-01	-1.185140e-01
5.526006e-01	4.823543e-01	-1.283122e-01
4.728459e-01	5.034897e-01	-7.020852e-05
5.266562e-01	5.005091e-01	1.517447e-04
4.663343e-01	3.101976e-01	-5.593661e-03
5.338122e-01	3.140105e-01	-8.601462e-03
4.598137e-01	1.180143e-01	9.652202e-02
5.419005e-01	1.235487e-01	9.730415e-02
4.683635e-01	8.782151e-02	9.973094e-02
5.357212e-01	9.494606e-02	9.990148e-02
4.326898e-01	7.107941e-02	-9.474933e-03
5.596544e-01	6.828481e-02	-1.926671e-02
5.092310e-01	8.629416e-01	-2.541620e-01
5.034050e-01	8.789082e-01	-2.370010e-01
4.996578e-01	8.790885e-01	-2.370419e-01
4.955491e-01	8.790016e-01	-2.369873e-01
5.145957e-01	8.775164e-01	-2.360719e-01
5.188034e-01	8.766934e-01	-2.361050e-01
5.224141e-01	8.759314e-01	-2.359864e-01
4.904383e-01	8.688366e-01	-1.291777e-01
5.271416e-01	8.666689e-01	-1.267242e-01
5.011645e-01	8.415915e-01	-2.135732e-01
5.153272e-01	8.407859e-01	-2.126861e-01
4.617688e-01	7.598100e-01	-6.741564e-02
5.509384e-01	7.548332e-01	-5.662819e-02
4.466637e-01	6.297849e-01	-3.524194e-02
5.644709e-01	6.274095e-01	-2.583495e-02
4.453135e-01	5.059698e-01	-1.023944e-01
5.625042e-01	5.081704e-01	-1.118197e-01
4.397315e-01	4.644843e-01	-1.300243e-01
5.658715e-01	4.688393e-01	-1.400329e-01
4.478725e-01	4.670063e-01	-1.634493e-01
5.577095e-01	4.683318e-01	-1.726425e-01
4.523760e-01	4.810643e-01	-1.170953e-01
5.526916e-01	4.816066e-01	-1.268170e-01
4.727533e-01	5.033739e-01	2.680157e-06
5.265816e-01	5.004240e-01	7.740514e-05
4.662791e-01	3.100776e-01	-6.105894e-03
5.338140e-01	3.141033e-01	-9.251420e-03
4.598112e-01	1.179796e-01	9.709062e-02
5.419032e-01	1.240205e-01	9.754930e-02
4.683775e-01	8.769425e-02	1.004460e-01
5.357570e-01	9.536003e-02	1.002709e-01
4.326323e-01	7.134611e-02	-8.552904e-03
5.596346e-01	6.908754e-02	-1.899514e-02
5.093299e-01	8.629056e-01	-2.528916e-01
5.035005e-01	8.789095e-01	-2.356351e-01
4.997640e-01	8.790903e-01	-2.356780e-01
4.955931e-01	8.790047e-01	-2.356254e-01
5.146576e-01	8.775048e-01	-2.347643e-01
5.188981e-01	8.766583e-01	-2.347970e-01
5.225294e-01	8.758587e-01	-2.346784e-01
4.905382e-01	8.688357e-01	-1.274632e-01
5.272060e-01	8.666386e-01	-1.252333e-01
5.012592e-01	8.415807e-01	-2.121934e-01
5.153877e-01	8.406707e-01	-2.113557e-01
4.617429e-01	7.598323e-01	-6.584709e-02
5.509587e-01	7.548800e-01	-5.634689e-02
4.458745e-01	6.319984e-01	-3.441309e-02
5.644117e-01	6.277063e-01	-2.474426e-02
4.451472e-01	5.112501e-01	-1.047755e-01
5.630128e-01	5.073906e-01	-1.110339e-01
4.396420e-01	4.691720e-01	-1.326549e-01
5.667061e-01	4.680158e-01	-1.394653e-01
4.477472e-01	4.714596e-01	-1.663130e-01
5.587235e-01	4.673011e-01	-1.717292e-01
4.522794e-01	4.852532e-01	-1.195656e-01
5.537965e-01	4.804894e-01	-1.259679e-01
4.726620e-01	5.033828e-01	7.508703e-05
5.265939e-01	5.003912e-01	4.307738e-06
4.662786e-01	3.100968e-01	-6.719260e-03
5.338060e-01	3.141283e-01	-1.028341e-02
4.598114e-01	1.179760e-01	9.545875e-02
5.419096e-01	1.242740e-01	9.574269e-02
4.683943e-01	8.762056e-02	9.861217e-02
5.357744e-01	9.549284e-02	9.838171e-02
4.326576e-01	7.154324e-02	-1.166874e-02
5.595945e-01	6.933150e-02	-2.156191e-02
5.094910e-01	8.627873e-01	-2.385262e-01
5.035990e-01	8.788887e-01	-2.214848e-01
4.998679e-01	8.790693e-01	-2.215323e-01
4.956394e-01	8.789886e-01	-2.214900e-01
5.147353e-01	8.774301e-01	-2.202146e-01
5.190024e-01	8.765388e-01	-2.202404e-01
5.226361e-01	8.757009e-01	-2.201212e-01
4.906119e-01	8.688282e-01	-1.155543e-01
5.272469e-01	8.665796e-01	-1.111872e-01
5.013870e-01	8.415220e-01	-1.986990e-01
5.154927e-01	8.404798e-01	-1.972487e-01
4.616626e-01	7.599100e-01	-5.828054e-02
5.509549e-01	7.550614e-01	-4.205450e-02
4.445881e-01	6.344673e-01	-3.184367e-02
5.641635e-01	6.298838e-01	-8.988868e-03
4.448354e-01	5.166191e-01	-1.032802e-01
5.639203e-01	5.098277e-01	-9.460670e-02
4.393001e-01	4.750568e-01	-1.310743e-01
5.673598e-01	4.694026e-01	-1.225570e-01
4.474894e-01	4.770509e-01	-1.644975e-01
5.607556e-01	4.688183e-01	-1.562632e-01
4.520882e-01	4.907972e-01	-1.180108e-01
5.564008e-01	4.825004e-01	-1.103481e-01
4.726878e-01	5.035083e-01	-9.950844e-05
5.266073e-01	5.004146e-01	1.754379e-04
4.662794e-01	3.104790e-01	-9.040073e-03
5.338093e-01	3.140514e-01	-1.061192e-02
4.598490e-01	1.180055e-01	9.290098e-02
5.419389e-01	1.244582e-01	9.546657e-02
4.683950e-01	8.762109e-02	9.610585e-02
5.358149e-01	9.572411e-02	9.828419e-02
4.326967e-01	7.203976e-02	-1.424753e-02
5.595631e-01	6.942760e-02	-2.181073e-02
5.095775e-01	8.627214e-01	-2.062933e-01
5.036577e-01	8.788617e-01	-1.883553e-01
4.999275e-01	8.790426e-01	-1.884076e-01
4.956659e-01	8.789644e-01	-1.883693e-01
5.147752e-01	8.773555e-01	-1.873499e-01
5.190536e-01	8.764297e-01	-1.873751e-01
5.226985e-01	8.755585e-01	-1.872533e-01
4.906734e-01	8.688198e-01	-8.384503e-02
5.272903e-01	8.665093e-01	-8.055057e-02
5.014674e-01	8.414939e-01	-1.674883e-01
5.155520e-01	8.403826e-01	-1.663477e-01
4.615968e-01	7.600414e-01	-3.340153e-02
5.509561e-01	7.552846e-01	-1.797076e-02
4.438080e-01	6.380805e-01	-1.406214e-02
5.641800e-01	6.314999e-01	1.120950e-02
4.444460e-01	5.262861e-01	-9.274380e-02
5.649834e-01	5.134187e-01	-7.449955e-02
4.386846e-01	4.859882e-01	-1.213744e-01
5.681478e-01	4.727250e-01	-1.029537e-01
4.469720e-01	4.886735e-01	-1.546673e-01
5.622056e-01	4.722249e-01	-1.355395e-01
4.516834e-01	5.023168e-01	-1.075753e-01
5.582715e-01	4.866735e-01	-8.998160e-02
4.726246e-01	5.036961e-01	-7.199555e-05
5.266131e-01	5.005453e-01	1.467730e-04
4.662754e-01	3.110859e-01	-1.550790e-02
5.338334e-01	3.140501e-01	-2.083954e-02
4.598697e-01	1.180440e-01	8.071328e-02
5.419823e-01	1.244777e-01	7.824869e-02
4.683874e-01	8.761647e-02	8.321077e-02
5.359916e-01	9.579074e-02	7.995322e-02
4.327246e-01	7.232174e-02	-2.941304e-02
5.595397e-01	6.938115e-02	-4.192780e-02
5.096395e-01	8.625621e-01	-1.618937e-01
5.036873e-01	8.787088e-01	-1.436605e-01
4.999530e-01	8.788862e-01	-1.437105e-01
4.956719e-01	8.788135e-01	-1.436728e-01
5.147943e-01	8.771198e-01	-1.427837e-01
5.190746e-01	8.761604e-01	-1.428064e-01
5.227280e-01	8.752636e-01	-1.426739e-01
4.907017e-01	8.687289e-01	-4.438461e-02
5.272995e-01	8.663661e-01	-4.157554e-02
5.015194e-01	8.413715e-01	-1.255724e-01
5.155782e-01	8.401811e-01	-1.245806e-01
4.615141e-01	7.601470e-01	-3.819230e-03
5.509281e-01	7.557045e-01	1.066534e-02
4.431570e-01	6.410363e-01	1.098152e-02
5.642174e-01	6.342262e-01	3.572134e-02
4.438150e-01	5.318468e-01	-6.348899e-02
5.657343e-01	5.209410e-01	-4.612882e-02
4.379314e-01	4.915586e-01	-9.137307e-02
5.692598e-01	4.802775e-01	-7.440014e-02
4.464000e-01	4.957051e-01	-1.233120e-01
5.631781e-01	4.792669e-01	-1.052570e-01
4.512256e-01	5.097189e-01	-7.777112e-02
5.591885e-01	4.938253e-01	-6.106035e-02
4.722019e-01	5.041205e-01	1.049794e-04
5.266188e-01	5.011011e-01	-2.433101e-05
4.660766e-01	3.116244e-01	-2.441972e-02
5.338236e-01	3.140524e-01	-3.218796e-02
4.598777e-01	1.180834e-01	6.450620e-02
5.420017e-01	1.244898e-01	5.823149e-02
4.683418e-01	8.761726e-02	6.636363e-02
5.361693e-01	9.586374e-02	5.913923e-02
4.327438e-01	7.269870e-02	-4.614667e-02
5.595030e-01	6.942385e-02	-6.243665e-02
5.096754e-01	8.623511e-01	-1.463162e-01
5.037071e-01	8.785403e-01	-1.278944e-01
4.999654e-01	8.787264e-01	-1.279475e-01
4.956740e-01	8.786721e-01	-1.279146e-01
5.148079e-01	8.768671e-01	-1.267012e-01
5.190862e-01	8.758882e-01	-1.267209e-01
5.227455e-01	8.749791e-01	-1.265903e-01
4.907177e-01	8.686578e-01	-2.952955e-02
5.273108e-01	8.662329e-01	-2.515154e-02
5.015506e-01	8.411835e-01	-1.105174e-01
5.155903e-01	8.399612e-01	-1.090712e-01
4.613696e-01	7.602587e-01	7.983455e-03
5.509511e-01	7.562746e-01	2.638270e-02
4.425749e-01	6.435451e-01	2.005911e-02
5.643473e-01	6.370525e-01	5.269011e-02
4.435750e-01	5.401000e-01	-5.570663e-02
5.665892e-01	5.273958e-01	-2.867135e-02
4.379689e-01	5.013880e-01	-8.416553e-02
5.702838e-01	4.876404e-01	-5.674559e-02
4.461142e-01	5.060064e-01	-1.150813e-01
5.643565e-01	4.865919e-01	-8.708678e-02
4.508758e-01	5.192642e-01	-6.959040e-02
5.605322e-01	5.014814e-01	-4.341616e-02
4.720604e-01	5.047743e-01	1.401237e-04
5.266244e-01	5.019997e-01	-6.000618e-05
4.657552e-01	3.124256e-01	-3.214305e-02
5.338256e-01	3.141208e-01	-3.837473e-02
4.599603e-01	1.181566e-01	5.356814e-02
5.420046e-01	1.244878e-01	4.840485e-02
4.683466e-01	8.762458e-02	5.511533e-02
5.361866e-01	9.588286e-02	4.893693e-02
4.327620e-01	7.317942e-02	-5.810364e-02
5.595320e-01	6.942891e-02	-7.286808e-02
5.097490e-01	8.621436e-01	-1.390361e-01
5.037457e-01	8.783369e-01	-1.195354e-01
5.000013e-01	8.785177e-01	-1.195911e-01
4.956845e-01	8.784701e-01	-1.195565e-01
5.148395e-01	8.765994e-01	-1.184814e-01
5.191233e-01	8.756021e-01	-1.184935e-01
5.227830e-01	8.746806e-01	-1.183510e-01
4.907375e-01	8.685070e-01	-1.827276e-02
5.273567e-01	8.660558e-01	-1.455574e-02
5.015996e-01	8.409267e-01	-1.024977e-01
5.156167e-01	8.397285e-01	-1.012449e-01
4.613287e-01	7.604555e-01	1.767268e-02
5.510356e-01	7.566097e-01	3.824458e-02
4.424199e-01	6.482608e-01	2.698702e-02
5.653350e-01	6.395467e-01	6.384645e-02
4.431381e-01	5.505319e-01	-5.281094e-02
5.681404e-01	5.371584e-01	-2.077932e-02
4.378514e-01	5.117185e-01	-8.296825e-02
5.727569e-01	5.010070e-01	-4.955243e-02
4.457909e-01	5.170724e-01	-1.131235e-01
5.656394e-01	4.999859e-01	-7.952441e-02
4.505579e-01	5.300644e-01	-6.658844e-02
5.617923e-01	5.130727e-01	-3.539120e-02
4.720774e-01	5.063651e-01	1.226570e-04
5.266643e-01	5.032248e-01	-3.538241e-05
4.655522e-01	3.137295e-01	-3.936193e-02
5.339824e-01	3.144032e-01	-4.361861e-02
4.600377e-01	1.181580e-01	4.293026e-02
5.420975e-01	1.244396e-01	3.981460e-02
4.683444e-01	8.755253e-02	4.394827e-02
5.362127e-01	9.537368e-02	3.984506e-02
4.328507e-01	7.370710e-02	-7.088481e-02
5.596307e-01	6.939285e-02	-8.319999e-02
5.097672e-01	8.615462e-01	-1.232502e-01
5.037498e-01	8.776001e-01	-1.032871e-01
5.000052e-01	8.777271e-01	-1.033404e-01
4.956809e-01	8.776909e-01	-1.032989e-01
5.148402e-01	8.758836e-01	-1.026372e-01
5.191068e-01	8.749483e-01	-1.026337e-01
5.227796e-01	8.740870e-01	-1.024775e-01
4.907402e-01	8.679809e-01	-7.482353e-05
5.273303e-01	8.657060e-01	1.598476e-03
5.016169e-01	8.402624e-01	-8.603585e-02
5.156186e-01	8.392320e-01	-8.535179e-02
4.613451e-01	7.610759e-01	3.468334e-02
5.510620e-01	7.570377e-01	5.608254e-02
4.421429e-01	6.569762e-01	3.839145e-02
5.662783e-01	6.449813e-01	8.406201e-02
4.427313e-01	5.657766e-01	-5.187930e-02
5.692793e-01	5.477635e-01	6.849262e-04
4.376323e-01	5.264258e-01	-8.367360e-02
5.753282e-01	5.145478e-01	-2.777550e-02
4.456132e-01	5.309072e-01	-1.131060e-01
5.669484e-01	5.138184e-01	-5.766620e-02
4.504344e-01	5.438722e-01	-6.557350e-02
5.629497e-01	5.258978e-01	-1.365550e-02
4.721071e-01	5.084530e-01	1.406071e-04
5.266687e-01	5.061789e-01	-5.509314e-05
4.653320e-01	3.148009e-01	-4.478496e-02
5.339844e-01	3.163502e-01	-5.200413e-02
4.601108e-01	1.179779e-01	3.269695e-02
5.421227e-01	1.242647e-01	2.498054e-02
4.683368e-01	8.710426e-02	3.314470e-02
5.362189e-01	9.447627e-02	2.432099e-02
4.329642e-01	7.394456e-02	-8.247166e-02
5.597005e-01	6.872614e-02	-9.999096e-02
5.096914e-01	8.601812e-01	-1.114305e-01
5.037073e-01	8.763005e-01	-9.150395e-02
4.999260e-01	8.763838e-01	-9.156279e-02
4.956150e-01	8.764905e-01	-9.151880e-02
5.147719e-01	8.745818e-01	-9.164622e-02
5.189295e-01	8.737606e-01	-9.162882e-02
5.226833e-01	8.730559e-01	-9.145933e-02
4.907216e-01	8.673298e-01	1.332577e-02
5.271696e-01	8.651342e-01	1.083886e-02
5.015776e-01	8.390888e-01	-7.337045e-02
5.155042e-01	8.381896e-01	-7.386207e-02
4.614621e-01	7.614093e-01	4.585164e-02
5.511197e-01	7.574490e-01	6.939735e-02
4.420818e-01	6.658265e-01	4.968587e-02
5.672744e-01	6.491796e-01	8.583062e-02
4.417040e-01	5.810438e-01	-4.153561e-02
5.697023e-01	5.637633e-01	-9.279707e-03
4.368119e-01	5.445867e-01	-7.392233e-02
5.758470e-01	5.327689e-01	-3.887311e-02
4.455059e-01	5.480756e-01	-1.029770e-01
5.668032e-01	5.343606e-01	-6.673802e-02
4.503683e-01	5.592887e-01	-5.510308e-02
5.627334e-01	5.440732e-01	-2.306616e-02
4.719309e-01	5.087382e-01	-2.849099e-05
5.267103e-01	5.068247e-01	1.336541e-04
4.645077e-01	3.154109e-01	-4.678050e-02
5.340177e-01	3.174671e-01	-5.195224e-02
4.603251e-01	1.173238e-01	3.409150e-02
5.421219e-01	1.239259e-01	3.029110e-02
4.685054e-01	8.607106e-02	3.482735e-02
5.362145e-01	9.366480e-02	2.995214e-02
4.329779e-01	7.410841e-02	-7.968526e-02
5.597176e-01	6.761848e-02	-9.384523e-02
5.094466e-01	8.570262e-01	-1.142444e-01
5.036136e-01	8.737885e-01	-9.527823e-02
4.997766e-01	8.738463e-01	-9.534837e-02
4.955270e-01	8.740556e-01	-9.531088e-02
5.146525e-01	8.723619e-01	-9.596287e-02
5.186676e-01	8.716704e-01	-9.594677e-02
5.225402e-01	8.709790e-01	-9.578629e-02
4.906352e-01	8.656350e-01	1.030169e-02
5.269524e-01	8.629012e-01	5.470154e-03
5.014098e-01	8.368078e-01	-7.525734e-02
5.152269e-01	8.360171e-01	-7.643805e-02
4.614406e-01	7.614083e-01	5.300110e-02
5.510693e-01	7.575116e-01	6.831913e-02
4.410605e-01	6.736461e-01	8.412008e-02
5.679800e-01	6.558046e-01	9.754074e-02
4.407306e-01	5.936015e-01	2.005796e-02
5.696123e-01	5.810536e-01	1.555748e-02
4.361856e-01	5.603483e-01	-7.125287e-03
5.757111e-01	5.505828e-01	-1.029569e-02
4.453641e-01	5.648997e-01	-3.706446e-02
5.665705e-01	5.522196e-01	-3.900987e-02
4.502241e-01	5.760264e-01	6.899634e-03
5.626000e-01	5.622975e-01	1.892542e-03
4.718981e-01	5.090078e-01	-1.276060e-05
5.271017e-01	5.075633e-01	1.213051e-04
4.630664e-01	3.164077e-01	-4.844291e-02
5.347042e-01	3.187895e-01	-5.607243e-02
4.604619e-01	1.170967e-01	3.204169e-02
5.420070e-01	1.235373e-01	2.572497e-02
4.685253e-01	8.577511e-02	3.237035e-02
5.360817e-01	9.289770e-02	2.517063e-02
4.329859e-01	7.410750e-02	-8.621012e-02
5.598123e-01	6.624130e-02	-1.023620e-01
5.093113e-01	8.530864e-01	-1.086158e-01
5.035705e-01	8.707668e-01	-8.932935e-02
4.997007e-01	8.710743e-01	-8.939946e-02
4.954804e-01	8.711094e-01	-8.935491e-02
5.145777e-01	8.693053e-01	-8.909989e-02
5.185322e-01	8.685030e-01	-8.908929e-02
5.224334e-01	8.672866e-01	-8.894297e-02
4.904751e-01	8.621893e-01	1.981309e-02
5.266257e-01	8.584270e-01	1.919361e-02
5.011739e-01	8.338348e-01	-6.838334e-02
5.149434e-01	8.326601e-01	-6.826191e-02
4.613050e-01	7.609318e-01	5.716444e-02
5.509030e-01	7.575166e-01	8.084800e-02
4.397881e-01	6.815399e-01	6.419736e-02
5.688065e-01	6.640961e-01	7.862739e-02
4.400600e-01	6.113898e-01	-1.782017e-02
5.695834e-01	5.964392e-01	-2.367938e-02
4.349084e-01	5.815657e-01	-4.731650e-02
5.762199e-01	5.685681e-01	-5.733196e-02
4.453440e-01	5.851467e-01	-7.647079e-02
5.663851e-01	5.711640e-01	-7.778721e-02
4.502292e-01	5.947149e-01	-3.094127e-02
5.625426e-01	5.798572e-01	-3.662120e-02
4.718368e-01	5.089846e-01	-1.998842e-03
5.274824e-01	5.075759e-01	2.130408e-03
4.608424e-01	3.166888e-01	-5.873073e-02
5.373503e-01	3.191037e-01	-6.510745e-02
4.604787e-01	1.168852e-01	1.860232e-02
5.418302e-01	1.233124e-01	1.608655e-02
4.685276e-01	8.559265e-02	1.842636e-02
5.354672e-01	9.223884e-02	1.521298e-02
4.330099e-01	7.407594e-02	-1.036810e-01
5.603228e-01	6.558853e-02	-1.127763e-01
5.090871e-01	8.474680e-01	-1.186431e-01
5.033799e-01	8.665073e-01	-9.751277e-02
4.993408e-01	8.668916e-01	-9.758304e-02
4.952327e-01	8.665661e-01	-9.752189e-02
5.144078e-01	8.647670e-01	-9.842503e-02
5.183252e-01	8.638828e-01	-9.841368e-02
5.222886e-01	8.626720e-01	-9.826660e-02
4.898785e-01	8.567905e-01	2.347829e-02
5.263140e-01	8.537726e-01	1.720742e-02
5.009432e-01	8.286577e-01	-7.437970e-02
5.147635e-01	8.271613e-01	-7.563765e-02
4.611203e-01	7.589752e-01	6.159650e-02
5.508890e-01	7.565520e-01	6.769998e-02
4.391145e-01	6.864776e-01	1.040045e-02
5.711609e-01	6.711531e-01	-1.942503e-02
4.395023e-01	6.310838e-01	-1.438314e-01
5.696502e-01	6.159288e-01	-2.141847e-01
4.342142e-01	5.989882e-01	-1.824910e-01
5.764786e-01	5.850658e-01	-2.579359e-01
4.453308e-01	6.041324e-01	-2.037101e-01
5.662364e-01	5.866315e-01	-2.763160e-01
4.502264e-01	6.133938e-01	-1.556349e-01
5.616826e-01	5.950060e-01	-2.273693e-01
4.718153e-01	5.069125e-01	-1.952858e-03
5.278243e-01	5.049881e-01	2.081917e-03
4.585826e-01	3.166009e-01	-5.565959e-02
5.405197e-01	3.172772e-01	-6.747166e-02
4.602078e-01	1.165161e-01	2.033900e-02
5.418060e-01	1.226374e-01	1.213782e-02
4.682853e-01	8.506390e-02	2.011545e-02
5.350181e-01	9.114443e-02	1.122632e-02
4.328952e-01	7.404359e-02	-9.992991e-02
5.610431e-01	6.533001e-02	-1.142984e-01
5.089096e-01	8.385327e-01	-1.303660e-01
5.032504e-01	8.579946e-01	-1.103478e-01
4.990733e-01	8.581117e-01	-1.104104e-01
4.950585e-01	8.582226e-01	-1.103598e-01
5.143603e-01	8.563858e-01	-1.106359e-01
5.182585e-01	8.557681e-01	-1.106330e-01
5.222510e-01	8.551064e-01	-1.104857e-01
4.891604e-01	8.497397e-01	6.276309e-03
5.261811e-01	8.462741e-01	4.333620e-03
5.006803e-01	8.202890e-01	-8.834410e-02
5.146500e-01	8.179426e-01	-8.860715e-02
4.607514e-01	7.535387e-01	4.619122e-02
5.504451e-01	7.532100e-01	5.946224e-02
4.387872e-01	6.935162e-01	-1.343224e-01
5.717996e-01	6.769944e-01	-1.245196e-01
4.377925e-01	6.532419e-01	-3.835902e-01
5.695826e-01	6.414337e-01	-3.726086e-01
4.327006e-01	6.244542e-01	-4.416063e-01
5.763679e-01	6.115516e-01	-4.300652e-01
4.452813e-01	6.282233e-01	-4.559864e-01
5.656276e-01	6.123794e-01	-4.424384e-01
4.501384e-01	6.359313e-01	-3.957579e-01
5.597886e-01	6.192173e-01	-3.859803e-01
4.720573e-01	4.982665e-01	-2.192099e-03
5.291414e-01	4.977204e-01	2.339863e-03
4.567436e-01	3.119457e-01	-5.807532e-02
5.425186e-01	3.111332e-01	-6.319012e-02
4.600471e-01	1.153073e-01	2.439258e-02
5.417855e-01	1.220091e-01	2.160365e-02
4.682204e-01	8.411537e-02	2.240964e-02
5.347909e-01	9.081364e-02	2.103504e-02
4.325874e-01	7.392673e-02	-8.924147e-02
5.613538e-01	6.506633e-02	-1.029514e-01
5.083427e-01	8.330817e-01	-1.193578e-01
5.029325e-01	8.516884e-01	-1.011021e-01
4.986354e-01	8.519622e-01	-1.011735e-01
4.947971e-01	8.520542e-01	-1.011126e-01
5.140645e-01	8.500251e-01	-9.927297e-02
5.179141e-01	8.494490e-01	-9.925970e-02
5.219582e-01	8.484037e-01	-9.913756e-02
4.884735e-01	8.434185e-01	1.213934e-02
5.257746e-01	8.382575e-01	2.023352e-02
5.000041e-01	8.149621e-01	-7.752697e-02
5.142067e-01	8.118618e-01	-7.460934e-02
4.606434e-01	7.492846e-01	4.128856e-02
5.494083e-01	7.475811e-01	6.159031e-02
4.389371e-01	7.019389e-01	-1.541709e-01
5.708998e-01	6.924908e-01	-7.361414e-02
4.374403e-01	6.708613e-01	-3.898700e-01
5.695375e-01	6.636108e-01	-2.708681e-01
4.327834e-01	6.495699e-01	-4.398588e-01
5.763097e-01	6.388433e-01	-3.155015e-01
4.452741e-01	6.517805e-01	-4.535738e-01
5.647528e-01	6.360701e-01	-3.269009e-01
4.500910e-01	6.564064e-01	-4.013250e-01
5.588750e-01	6.426641e-01	-2.831948e-01
4.721184e-01	4.918720e-01	-4.937095e-03
5.299210e-01	4.910552e-01	5.097700e-03
4.555649e-01	3.050611e-01	-5.593983e-02
5.439776e-01	3.047704e-01	-5.218630e-02
4.596573e-01	1.141496e-01	2.977351e-02
5.417646e-01	1.216961e-01	3.917772e-02
4.679953e-01	8.339091e-02	2.822948e-02
5.344046e-01	9.056833e-02	3.873588e-02
4.323871e-01	7.352086e-02	-8.753438e-02
5.614475e-01	6.504604e-02	-9.123015e-02
5.083479e-01	8.256585e-01	-1.470185e-01
5.028592e-01	8.430804e-01	-1.298030e-01
4.985468e-01	8.436469e-01	-1.298651e-01
4.946248e-01	8.435014e-01	-1.297773e-01
5.140505e-01	8.411661e-01	-1.287479e-01
5.179216e-01	8.402287e-01	-1.287189e-01
5.219532e-01	8.390678e-01	-1.286087e-01
4.881448e-01	8.343737e-01	-1.169425e-02
5.255483e-01	8.293148e-01	-5.803114e-03
4.999920e-01	8.066432e-01	-1.028828e-01
5.142103e-01	8.031676e-01	-1.004456e-01
4.606439e-01	7.430061e-01	-5.546649e-03
5.479264e-01	7.413243e-01	2.296025e-04
4.390474e-01	7.023549e-01	-2.735177e-01
5.707573e-01	6.970302e-01	-2.602143e-01
4.370704e-01	6.818572e-01	-5.733851e-01
5.694597e-01	6.789405e-01	-5.626528e-01
4.321650e-01	6.692250e-01	-6.426469e-01
5.762880e-01	6.561679e-01	-6.294723e-01
4.441027e-01	6.736984e-01	-6.501091e-01
5.614067e-01	6.535251e-01	-6.326804e-01
4.489984e-01	6.744184e-01	-5.860822e-01
5.552152e-01	6.597053e-01	-5.753904e-01
4.722148e-01	4.821681e-01	-3.342868e-03
5.303780e-01	4.823977e-01	3.499471e-03
4.546850e-01	2.998019e-01	-5.498296e-02
5.457059e-01	3.006659e-01	-4.441072e-02
4.593314e-01	1.133705e-01	6.995554e-02
5.415244e-01	1.213425e-01	8.209438e-02
4.679211e-01	8.319317e-02	7.252027e-02
5.336180e-01	9.013741e-02	8.436335e-02
4.322857e-01	7.245380e-02	-5.817039e-02
5.621852e-01	6.505068e-02	-5.171626e-02
5.082076e-01	8.171985e-01	-1.881763e-01
5.026010e-01	8.345668e-01	-1.707783e-01
4.981765e-01	8.354346e-01	-1.708608e-01
4.942273e-01	8.356554e-01	-1.707944e-01
5.139521e-01	8.313112e-01	-1.695540e-01
5.178887e-01	8.299969e-01	-1.695338e-01
5.218811e-01	8.288791e-01	-1.694358e-01
4.876495e-01	8.268554e-01	-5.333432e-02
5.251759e-01	8.201190e-01	-4.740752e-02
4.997906e-01	7.979618e-01	-1.443165e-01
5.140537e-01	7.942042e-01	-1.418409e-01
4.603823e-01	7.336261e-01	-4.723613e-02
5.461310e-01	7.328334e-01	-3.891132e-02
4.412684e-01	7.009283e-01	-3.340958e-01
5.693162e-01	6.996406e-01	-3.161637e-01
4.371951e-01	6.860056e-01	-6.400303e-01
5.685166e-01	6.850114e-01	-6.292219e-01
4.324140e-01	6.810330e-01	-7.116086e-01
5.759150e-01	6.711271e-01	-6.976365e-01
4.441725e-01	6.851722e-01	-7.183042e-01
5.603462e-01	6.721986e-01	-7.005621e-01
4.490130e-01	6.832850e-01	-6.532531e-01
5.544715e-01	6.748630e-01	-6.428431e-01
4.725557e-01	4.731382e-01	-2.731659e-04
5.306931e-01	4.740045e-01	3.892456e-04
4.541678e-01	2.960787e-01	-4.291607e-02
5.468296e-01	2.988976e-01	-3.656591e-02
4.591207e-01	1.133888e-01	8.930495e-02
5.413660e-01	1.204756e-01	9.742277e-02
4.677959e-01	8.322529e-02	9.276696e-02
5.333697e-01	9.008957e-02	1.005937e-01
4.320015e-01	7.264020e-02	-3.692942e-02
5.622540e-01	6.504497e-02	-3.355007e-02
5.078532e-01	8.099045e-01	-2.085239e-01
5.021943e-01	8.270340e-01	-1.923410e-01
4.976373e-01	8.279403e-01	-1.924159e-01
4.937233e-01	8.280947e-01	-1.923531e-01
5.136539e-01	8.241915e-01	-1.908721e-01
5.176511e-01	8.231141e-01	-1.908614e-01
5.216133e-01	8.221937e-01	-1.907615e-01
4.871358e-01	8.196136e-01	-8.108005e-02
5.248233e-01	8.136594e-01	-7.384130e-02
4.995016e-01	7.908450e-01	-1.668447e-01
5.137200e-01	7.874011e-01	-1.640359e-01
4.600585e-01	7.281675e-01	-7.326639e-02
5.460340e-01	7.245052e-01	-6.369346e-02
4.426433e-01	7.020452e-01	-3.610984e-01
5.696293e-01	6.949573e-01	-3.406978e-01
4.372848e-01	6.872612e-01	-6.640484e-01
5.673373e-01	6.884776e-01	-6.508858e-01
4.325226e-01	6.876349e-01	-7.354246e-01
5.756564e-01	6.803820e-01	-7.191497e-01
4.443364e-01	6.914886e-01	-7.403566e-01
5.586872e-01	6.795009e-01	-7.194499e-01
4.490678e-01	6.882274e-01	-6.763551e-01
5.527540e-01	6.795058e-01	-6.632307e-01
4.723459e-01	4.664307e-01	1.943338e-03
5.306072e-01	4.675189e-01	-1.876627e-03
4.527537e-01	2.929505e-01	-3.669341e-02
5.470818e-01	2.962806e-01	-2.747539e-02
4.589610e-01	1.132379e-01	9.741089e-02
5.406129e-01	1.200411e-01	1.117246e-01
4.677693e-01	8.331549e-02	1.014809e-01
5.326756e-01	9.048906e-02	1.158281e-01
4.319634e-01	7.251643e-02	-2.690014e-02
5.622352e-01	6.511148e-02	-1.567671e-02
5.072346e-01	8.025169e-01	-2.022059e-01
5.015697e-01	8.194528e-01	-1.860331e-01
4.967726e-01	8.203635e-01	-1.861124e-01
4.930744e-01	8.204978e-01	-1.860576e-01
5.131804e-01	8.165877e-01	-1.842032e-01
5.171469e-01	8.155034e-01	-1.841928e-01
5.211619e-01	8.146620e-01	-1.840885e-01
4.864287e-01	8.121669e-01	-7.703398e-02
5.241037e-01	8.066255e-01	-6.799804e-02
4.989425e-01	7.831194e-01	-1.615016e-01
5.132480e-01	7.801018e-01	-1.582131e-01
4.600639e-01	7.214354e-01	-7.451691e-02
5.444651e-01	7.193626e-01	-5.980245e-02
4.450957e-01	6.989257e-01	-3.706326e-01
5.672483e-01	6.924403e-01	-3.422836e-01
4.387113e-01	6.859980e-01	-6.679040e-01
5.647853e-01	6.911693e-01	-6.565051e-01
4.364526e-01	6.887950e-01	-7.385021e-01
5.733759e-01	6.868432e-01	-7.251512e-01
4.472089e-01	6.930708e-01	-7.424377e-01
5.574600e-01	6.856141e-01	-7.254068e-01
4.509061e-01	6.890255e-01	-6.798586e-01
5.518595e-01	6.838890e-01	-6.694501e-01
4.723474e-01	4.608775e-01	2.680423e-03
5.305814e-01	4.621315e-01	-2.634196e-03
4.516279e-01	2.886508e-01	-3.047242e-02
5.474868e-01	2.926851e-01	-2.525522e-02
4.587196e-01	1.132473e-01	1.031331e-01
5.399981e-01	1.183594e-01	1.114208e-01
4.676334e-01	8.408747e-02	1.071893e-01
5.321907e-01	9.031373e-02	1.153831e-01
4.316834e-01	7.237858e-02	-1.822557e-02
5.622202e-01	6.504305e-02	-1.342093e-02
5.068961e-01	7.951508e-01	-2.022677e-01
5.011210e-01	8.116620e-01	-1.862823e-01
4.962560e-01	8.124962e-01	-1.863782e-01
4.925998e-01	8.127316e-01	-1.863400e-01
5.127675e-01	8.091345e-01	-1.840852e-01
5.167036e-01	8.082990e-01	-1.840774e-01
5.207189e-01	8.077958e-01	-1.839711e-01
4.860238e-01	8.048240e-01	-7.862464e-02
5.233966e-01	8.002468e-01	-6.810449e-02
4.986812e-01	7.763051e-01	-1.620807e-01
5.128008e-01	7.735170e-01	-1.583558e-01
4.601161e-01	7.138042e-01	-7.807785e-02
5.418732e-01	7.130079e-01	-6.095742e-02
4.473876e-01	6.959308e-01	-3.725279e-01
5.579916e-01	6.900958e-01	-3.471890e-01
4.392773e-01	6.828864e-01	-6.623271e-01
5.600582e-01	6.859874e-01	-6.675204e-01
4.378498e-01	6.870161e-01	-7.303708e-01
5.680808e-01	6.890132e-01	-7.351382e-01
4.478326e-01	6.932211e-01	-7.339186e-01
5.565926e-01	6.896265e-01	-7.365754e-01
4.512544e-01	6.896269e-01	-6.739360e-01
5.512623e-01	6.862529e-01	-6.815301e-01
4.723038e-01	4.575574e-01	3.134510e-03
5.300000e-01	4.586124e-01	-3.119070e-03
4.507284e-01	2.864036e-01	-2.896883e-02
5.481924e-01	2.914029e-01	-2.817684e-02
4.586259e-01	1.133065e-01	9.772677e-02
5.386558e-01	1.184122e-01	1.054146e-01
4.673067e-01	8.538217e-02	1.013513e-01
5.304692e-01	9.177387e-02	1.096643e-01
4.316219e-01	7.241373e-02	-2.131882e-02
5.617427e-01	6.520497e-02	-1.345138e-02
5.067164e-01	7.887606e-01	-2.076719e-01
5.007311e-01	8.053958e-01	-1.923812e-01
4.958561e-01	8.061158e-01	-1.924642e-01
4.921890e-01	8.061134e-01	-1.924109e-01
5.123892e-01	8.034676e-01	-1.895123e-01
5.163443e-01	8.029491e-01	-1.895117e-01
5.202813e-01	8.025209e-01	-1.894100e-01
4.854278e-01	7.979397e-01	-8.724143e-02
5.227123e-01	7.943059e-01	-7.357028e-02
4.984566e-01	7.698159e-01	-1.683050e-01
5.124909e-01	7.674868e-01	-1.636994e-01
4.601374e-01	7.084742e-01	-8.474749e-02
5.394081e-01	7.089799e-01	-7.112522e-02
4.482820e-01	6.934276e-01	-3.806767e-01
5.562869e-01	6.889369e-01	-3.625564e-01
4.398945e-01	6.859415e-01	-6.637834e-01
5.569791e-01	6.836664e-01	-6.787546e-01
4.403025e-01	6.881226e-01	-7.297693e-01
5.637243e-01	6.878327e-01	-7.457423e-01
4.494994e-01	6.950799e-01	-7.312009e-01
5.545517e-01	6.889419e-01	-7.452486e-01
4.522385e-01	6.918439e-01	-6.742588e-01
5.489267e-01	6.847423e-01	-6.917335e-01
4.724849e-01	4.520200e-01	3.428147e-03
5.297518e-01	4.534898e-01	-3.435500e-03
4.501186e-01	2.810625e-01	-2.350668e-02
5.484420e-01	2.895225e-01	-3.018393e-02
4.586182e-01	1.133103e-01	1.039129e-01
5.377754e-01	1.183572e-01	1.015427e-01
4.673146e-01	8.586595e-02	1.078609e-01
5.294985e-01	9.192420e-02	1.061429e-01
4.316578e-01	7.240720e-02	-1.248630e-02
5.615252e-01	6.523042e-02	-1.529549e-02
5.064172e-01	7.821356e-01	-2.051668e-01
5.004951e-01	7.995399e-01	-1.893409e-01
4.957569e-01	8.005531e-01	-1.894313e-01
4.920011e-01	8.008710e-01	-1.893755e-01
5.118977e-01	7.975999e-01	-1.875994e-01
5.158032e-01	7.972164e-01	-1.875946e-01
5.195796e-01	7.966014e-01	-1.874984e-01
4.851532e-01	7.934767e-01	-7.911183e-02
5.219299e-01	7.883158e-01	-7.106724e-02
4.981641e-01	7.637833e-01	-1.636200e-01
5.118277e-01	7.610681e-01	-1.606067e-01
4.601224e-01	7.088063e-01	-6.980269e-02
5.380239e-01	7.063496e-01	-6.595157e-02
4.517036e-01	6.930864e-01	-3.565302e-01
5.520858e-01	6.886021e-01	-3.628986e-01
4.426219e-01	6.866232e-01	-6.465362e-01
5.550491e-01	6.827251e-01	-6.929537e-01
4.413608e-01	6.918971e-01	-7.117312e-01
5.618362e-01	6.876447e-01	-7.608383e-01
4.496152e-01	7.009289e-01	-7.148960e-01
5.541952e-01	6.892201e-01	-7.621042e-01
4.525363e-01	6.961106e-01	-6.581818e-01
5.484968e-01	6.849412e-01	-7.068637e-01
4.726631e-01	4.508124e-01	5.427412e-03
5.296584e-01	4.521818e-01	-5.450229e-03
4.494251e-01	2.792105e-01	-2.628213e-02
5.486399e-01	2.882558e-01	-4.029028e-02
4.583580e-01	1.123376e-01	9.488560e-02
5.375018e-01	1.177022e-01	9.495363e-02
4.667943e-01	8.586050e-02	9.827541e-02
5.292900e-01	9.187670e-02	1.026657e-01
4.314884e-01	7.224029e-02	-2.370229e-02
5.615621e-01	6.523155e-02	-2.377588e-02
5.062491e-01	7.776999e-01	-2.077776e-01
5.003573e-01	7.952344e-01	-1.919310e-01
4.957511e-01	7.960354e-01	-1.920271e-01
4.919001e-01	7.964213e-01	-1.919763e-01
5.115768e-01	7.936365e-01	-1.900240e-01
5.155063e-01	7.931757e-01	-1.900228e-01
5.190831e-01	7.924491e-01	-1.899391e-01
4.850143e-01	7.889272e-01	-8.157882e-02
5.214513e-01	7.840534e-01	-7.279699e-02
4.979855e-01	7.592680e-01	-1.661261e-01
5.114146e-01	7.564371e-01	-1.629182e-01
4.600068e-01	7.055165e-01	-7.167095e-02
5.372401e-01	7.012982e-01	-6.515620e-02
4.517786e-01	6.915733e-01	-3.564807e-01
5.484263e-01	6.879794e-01	-3.581259e-01
4.441558e-01	6.913410e-01	-6.414252e-01
5.549101e-01	6.822384e-01	-6.919233e-01
4.433094e-01	6.976999e-01	-7.058123e-01
5.615898e-01	6.903274e-01	-7.600181e-01
4.509788e-01	7.053668e-01	-7.084707e-01
5.544896e-01	6.926089e-01	-7.618164e-01
4.535114e-01	7.002684e-01	-6.527422e-01
5.489308e-01	6.875150e-01	-7.061876e-01
4.726728e-01	4.491636e-01	5.606959e-03
5.294778e-01	4.502116e-01	-5.635784e-03
4.494697e-01	2.793021e-01	-2.377328e-02
5.486482e-01	2.870066e-01	-3.926949e-02
4.581730e-01	1.118547e-01	9.625869e-02
5.375620e-01	1.177315e-01	9.583496e-02
4.658399e-01	8.587257e-02	9.956842e-02
5.294144e-01	9.210735e-02	1.015670e-01
4.312639e-01	7.223132e-02	-2.291873e-02
5.614653e-01	6.534351e-02	-2.109901e-02
5.053648e-01	7.751951e-01	-2.013890e-01
4.996424e-01	7.926664e-01	-1.852628e-01
4.952161e-01	7.931134e-01	-1.853535e-01
4.913040e-01	7.933838e-01	-1.853029e-01
5.106892e-01	7.913307e-01	-1.837261e-01
5.145775e-01	7.908154e-01	-1.837226e-01
5.181242e-01	7.900264e-01	-1.836299e-01
4.845000e-01	7.855541e-01	-7.644279e-02
5.208070e-01	7.804407e-01	-7.077597e-02
4.971950e-01	7.563812e-01	-1.601540e-01
5.104790e-01	7.541631e-01	-1.575117e-01
4.600028e-01	7.033137e-01	-6.981841e-02
5.369569e-01	6.976202e-01	-6.523938e-02
4.511819e-01	6.914188e-01	-3.522070e-01
5.491661e-01	6.877677e-01	-3.564096e-01
4.444851e-01	6.980756e-01	-6.338905e-01
5.541263e-01	6.823790e-01	-6.795477e-01
4.444253e-01	7.060674e-01	-6.985925e-01
5.599286e-01	6.899638e-01	-7.467309e-01
4.527978e-01	7.130840e-01	-7.005246e-01
5.539671e-01	6.931350e-01	-7.482885e-01
4.551081e-01	7.074968e-01	-6.447250e-01
5.489140e-01	6.886780e-01	-6.933771e-01
4.726737e-01	4.467006e-01	6.321036e-03
5.294494e-01	4.475521e-01	-6.348527e-03
4.491712e-01	2.775462e-01	-2.488852e-02
5.487114e-01	2.848054e-01	-3.929387e-02
4.581159e-01	1.121209e-01	9.741244e-02
5.376019e-01	1.177517e-01	9.481057e-02
4.654555e-01	8.699512e-02	1.012299e-01
5.295085e-01	9.228641e-02	1.000789e-01
4.309984e-01	7.216773e-02	-2.023753e-02
5.613436e-01	6.534551e-02	-2.122287e-02
5.045128e-01	7.723633e-01	-1.985254e-01
4.990507e-01	7.899082e-01	-1.823629e-01
4.947322e-01	7.902501e-01	-1.824526e-01
4.907396e-01	7.906107e-01	-1.824034e-01
5.101048e-01	7.883257e-01	-1.807939e-01
5.140262e-01	7.875844e-01	-1.807898e-01
5.175536e-01	7.866897e-01	-1.806940e-01
4.839339e-01	7.825717e-01	-7.525422e-02
5.204846e-01	7.762640e-01	-6.806664e-02
4.962641e-01	7.536912e-01	-1.576302e-01
5.098211e-01	7.510211e-01	-1.549096e-01
4.596603e-01	7.003447e-01	-7.233727e-02
5.361713e-01	6.940507e-01	-6.288583e-02
4.508008e-01	6.911152e-01	-3.611601e-01
5.475597e-01	6.876338e-01	-3.533158e-01
4.460522e-01	7.056037e-01	-6.434301e-01
5.538068e-01	6.851954e-01	-6.757223e-01
4.474215e-01	7.151860e-01	-7.084695e-01
5.592395e-01	6.929652e-01	-7.419803e-01
4.551584e-01	7.201376e-01	-7.088953e-01
5.537488e-01	6.960689e-01	-7.437431e-01
4.574133e-01	7.138459e-01	-6.537268e-01
5.489787e-01	6.912965e-01	-6.896313e-01
4.726111e-01	4.436705e-01	6.554108e-03
5.292878e-01	4.454233e-01	-6.580313e-03
4.490643e-01	2.764905e-01	-3.398157e-02
5.491676e-01	2.841287e-01	-4.676626e-02
4.580139e-01	1.122036e-01	9.239946e-02
5.377933e-01	1.178022e-01	9.116878e-02
4.649213e-01	8.724999e-02	9.698904e-02
5.296818e-01	9.267738e-02	9.810831e-02
4.303132e-01	7.185020e-02	-2.476221e-02
5.613248e-01	6.535535e-02	-2.444898e-02
5.040995e-01	7.698981e-01	-1.973265e-01
4.987264e-01	7.874786e-01	-1.808391e-01
4.945451e-01	7.880504e-01	-1.809270e-01
4.903674e-01	7.885485e-01	-1.808761e-01
5.098147e-01	7.856142e-01	-1.793540e-01
5.137861e-01	7.848736e-01	-1.793484e-01
5.172173e-01	7.840554e-01	-1.792479e-01
4.835801e-01	7.806940e-01	-7.425077e-02
5.202888e-01	7.738526e-01	-6.636188e-02
4.957110e-01	7.516078e-01	-1.561855e-01
5.094482e-01	7.488209e-01	-1.535057e-01
4.589826e-01	6.985685e-01	-7.266340e-02
5.359138e-01	6.917899e-01	-6.268632e-02
4.505692e-01	6.886534e-01	-3.650124e-01
5.464105e-01	6.872754e-01	-3.580959e-01
4.464410e-01	7.051231e-01	-6.483207e-01
5.536988e-01	6.877981e-01	-6.808705e-01
4.473091e-01	7.170871e-01	-7.130792e-01
5.588132e-01	6.980461e-01	-7.467748e-01
4.549831e-01	7.228658e-01	-7.127845e-01
5.536330e-01	6.990144e-01	-7.477173e-01
4.574649e-01	7.155926e-01	-6.585732e-01
5.490244e-01	6.936031e-01	-6.945977e-01
4.725574e-01	4.420960e-01	6.675006e-03
5.290407e-01	4.441213e-01	-6.697134e-03
4.486280e-01	2.753337e-01	-3.722807e-02
5.494841e-01	2.835336e-01	-5.020182e-02
4.578440e-01	1.121522e-01	8.490539e-02
5.378524e-01	1.177219e-01	8.460638e-02
4.644189e-01	8.715187e-02	8.870316e-02
5.297217e-01	9.267326e-02	9.104872e-02
4.296347e-01	7.152219e-02	-3.444254e-02
5.613815e-01	6.533859e-02	-2.785382e-02
5.037272e-01	7.671545e-01	-1.927642e-01
4.983401e-01	7.849870e-01	-1.774900e-01
4.942993e-01	7.855628e-01	-1.775785e-01
4.899622e-01	7.859772e-01	-1.775447e-01
5.095235e-01	7.832979e-01	-1.757261e-01
5.135647e-01	7.828542e-01	-1.757316e-01
5.169035e-01	7.822015e-01	-1.756484e-01
4.833946e-01	7.783148e-01	-7.293422e-02
5.201922e-01	7.724485e-01	-6.538941e-02
4.953358e-01	7.490256e-01	-1.541430e-01
5.092064e-01	7.467142e-01	-1.510486e-01
4.588973e-01	6.973143e-01	-7.304942e-02
5.356340e-01	6.898386e-01	-6.293557e-02
4.504019e-01	6.861465e-01	-3.676735e-01
5.453653e-01	6.815562e-01	-3.605624e-01
4.463969e-01	7.078658e-01	-6.458576e-01
5.537764e-01	6.882046e-01	-6.820850e-01
4.471806e-01	7.204415e-01	-7.100598e-01
5.589982e-01	7.004282e-01	-7.481087e-01
4.548865e-01	7.274911e-01	-7.091125e-01
5.535830e-01	7.012804e-01	-7.485514e-01
4.574040e-01	7.197263e-01	-6.559046e-01
5.491011e-01	6.951936e-01	-6.958020e-01
4.725332e-01	4.410985e-01	6.595553e-03
5.287832e-01	4.430009e-01	-6.613747e-03
4.478638e-01	2.745744e-01	-3.753458e-02
5.498173e-01	2.825594e-01	-4.954734e-02
4.576814e-01	1.121250e-01	8.258484e-02
5.380257e-01	1.175177e-01	8.255557e-02
4.642081e-01	8.714175e-02	8.598561e-02
5.298078e-01	9.256677e-02	8.841001e-02
4.293543e-01	7.071653e-02	-3.609143e-02
5.614984e-01	6.525330e-02	-2.794742e-02
5.034198e-01	7.645203e-01	-1.858513e-01
4.980366e-01	7.825416e-01	-1.713048e-01
4.940984e-01	7.832038e-01	-1.713921e-01
4.896662e-01	7.836129e-01	-1.713564e-01
5.092947e-01	7.808529e-01	-1.690377e-01
5.133863e-01	7.805873e-01	-1.690431e-01
5.166609e-01	7.799930e-01	-1.689658e-01
4.831325e-01	7.761425e-01	-7.194085e-02
5.201029e-01	7.705903e-01	-6.141872e-02
4.949907e-01	7.467668e-01	-1.486979e-01
5.090021e-01	7.446105e-01	-1.449117e-01
4.588232e-01	6.947306e-01	-7.229216e-02
5.352494e-01	6.887571e-01	-6.051331e-02
4.503318e-01	6.826485e-01	-3.690787e-01
5.445288e-01	6.757931e-01	-3.546798e-01
4.465196e-01	7.095875e-01	-6.471518e-01
5.536427e-01	6.874338e-01	-6.747755e-01
4.471180e-01	7.219951e-01	-7.116832e-01
5.589714e-01	7.018163e-01	-7.408122e-01
4.549844e-01	7.285836e-01	-7.103663e-01
5.535213e-01	7.037934e-01	-7.411451e-01
4.577161e-01	7.207862e-01	-6.569923e-01
5.491024e-01	6.967310e-01	-6.883856e-01
4.723362e-01	4.390642e-01	6.513090e-03
5.284312e-01	4.417427e-01	-6.528410e-03
4.472794e-01	2.725171e-01	-5.041005e-02
5.502651e-01	2.815270e-01	-5.824686e-02
4.575891e-01	1.121332e-01	8.144929e-02
5.381118e-01	1.174946e-01	8.173079e-02
4.641206e-01	8.716487e-02	8.565087e-02
5.298610e-01	9.256583e-02	8.796372e-02
4.292475e-01	7.018987e-02	-3.605860e-02
5.615784e-01	6.478061e-02	-2.877324e-02
5.029215e-01	7.621972e-01	-1.837757e-01
4.975885e-01	7.803712e-01	-1.690014e-01
4.937132e-01	7.810478e-01	-1.690828e-01
4.892367e-01	7.814751e-01	-1.690402e-01
5.089196e-01	7.785735e-01	-1.669447e-01
5.130798e-01	7.783314e-01	-1.669500e-01
5.163348e-01	7.777141e-01	-1.668684e-01
4.829241e-01	7.742077e-01	-6.922640e-02
5.199155e-01	7.685698e-01	-5.955044e-02
4.945085e-01	7.446478e-01	-1.461504e-01
5.086136e-01	7.424684e-01	-1.427441e-01
4.587931e-01	6.918694e-01	-7.045187e-02
5.349916e-01	6.878476e-01	-5.944719e-02
4.501875e-01	6.810654e-01	-3.641708e-01
5.449758e-01	6.760692e-01	-3.593085e-01
4.464452e-01	7.093912e-01	-6.432394e-01
5.529743e-01	6.900917e-01	-6.840038e-01
4.468175e-01	7.211187e-01	-7.076660e-01
5.586566e-01	7.037379e-01	-7.504994e-01
4.549353e-01	7.284855e-01	-7.071368e-01
5.533043e-01	7.055029e-01	-7.505915e-01
4.576008e-01	7.209610e-01	-6.534429e-01
5.489123e-01	6.986558e-01	-6.976032e-01
4.722401e-01	4.380808e-01	6.451757e-03
5.281016e-01	4.410119e-01	-6.464738e-03
4.472503e-01	2.720479e-01	-5.307047e-02
5.506420e-01	2.806761e-01	-6.723759e-02
4.575244e-01	1.121380e-01	7.480942e-02
5.381383e-01	1.164171e-01	6.953327e-02
4.640542e-01	8.715894e-02	7.891295e-02
5.299127e-01	9.177008e-02	7.535388e-02
4.292372e-01	7.017110e-02	-4.348999e-02
5.616158e-01	6.417492e-02	-4.324457e-02
5.028334e-01	7.609052e-01	-1.803000e-01
4.974859e-01	7.790909e-01	-1.654769e-01
4.936550e-01	7.797720e-01	-1.655579e-01
4.891638e-01	7.799968e-01	-1.655168e-01
5.088092e-01	7.773333e-01	-1.630827e-01
5.129564e-01	7.770990e-01	-1.630868e-01
5.161573e-01	7.763659e-01	-1.630030e-01
4.828962e-01	7.723979e-01	-6.653637e-02
5.198048e-01	7.671846e-01	-5.529821e-02
4.944101e-01	7.434979e-01	-1.430735e-01
5.084548e-01	7.413641e-01	-1.392702e-01
4.588125e-01	6.898122e-01	-7.058601e-02
5.348780e-01	6.865262e-01	-5.845768e-02
4.501155e-01	6.780440e-01	-3.705537e-01
5.451754e-01	6.761317e-01	-3.521567e-01
4.465378e-01	7.090224e-01	-6.504860e-01
5.527257e-01	6.899540e-01	-6.751768e-01
4.466596e-01	7.209284e-01	-7.160036e-01
5.582803e-01	7.043599e-01	-7.419699e-01
4.547507e-01	7.289969e-01	-7.157215e-01
5.533295e-01	7.068784e-01	-7.421963e-01
4.574155e-01	7.208407e-01	-6.609117e-01
5.488893e-01	6.996272e-01	-6.889340e-01
4.720501e-01	4.372385e-01	6.093415e-03
5.278007e-01	4.399257e-01	-6.100533e-03
4.473043e-01	2.708044e-01	-5.013743e-02
5.507957e-01	2.795064e-01	-6.440050e-02
4.575008e-01	1.121555e-01	7.512604e-02
5.381629e-01	1.154355e-01	7.225237e-02
4.640514e-01	8.718173e-02	7.936569e-02
5.299469e-01	9.087643e-02	7.777238e-02
4.292471e-01	7.017116e-02	-4.187418e-02
5.616063e-01	6.360900e-02	-4.151266e-02
5.028170e-01	7.602953e-01	-1.785832e-01
4.974634e-01	7.784358e-01	-1.640635e-01
4.936351e-01	7.790467e-01	-1.641394e-01
4.891415e-01	7.790768e-01	-1.640950e-01
5.087895e-01	7.766685e-01	-1.615389e-01
5.128977e-01	7.763023e-01	-1.615434e-01
5.160708e-01	7.754027e-01	-1.614577e-01
4.828740e-01	7.709736e-01	-6.631564e-02
5.197468e-01	7.659189e-01	-5.468846e-02
4.943254e-01	7.426009e-01	-1.419106e-01
5.083225e-01	7.405686e-01	-1.379558e-01
4.588366e-01	6.887453e-01	-7.237987e-02
5.347478e-01	6.852544e-01	-5.794541e-02
4.500891e-01	6.755351e-01	-3.710059e-01
5.455331e-01	6.762060e-01	-3.511812e-01
4.465649e-01	7.083760e-01	-6.474255e-01
5.528079e-01	6.922058e-01	-6.689131e-01
4.466320e-01	7.204571e-01	-7.126175e-01
5.581156e-01	7.063732e-01	-7.351087e-01
4.546739e-01	7.289880e-01	-7.125722e-01
5.532781e-01	7.087559e-01	-7.352288e-01
4.573539e-01	7.206469e-01	-6.578349e-01
5.488023e-01	7.010149e-01	-6.824885e-01
4.718219e-01	4.360529e-01	5.817349e-03
5.273455e-01	4.384195e-01	-5.820061e-03
4.472669e-01	2.696217e-01	-5.349265e-02
5.508544e-01	2.786689e-01	-6.566216e-02
4.574777e-01	1.124232e-01	7.608062e-02
5.381719e-01	1.148180e-01	7.346590e-02
4.640596e-01	8.732852e-02	7.953481e-02
5.299528e-01	9.030619e-02	7.902400e-02
4.292547e-01	7.017215e-02	-4.010781e-02
5.616115e-01	6.329180e-02	-4.068998e-02
5.028292e-01	7.597981e-01	-1.789720e-01
4.974574e-01	7.778838e-01	-1.645308e-01
4.936162e-01	7.784010e-01	-1.646041e-01
4.891152e-01	7.782872e-01	-1.645582e-01
5.087957e-01	7.760704e-01	-1.620544e-01
5.128715e-01	7.755534e-01	-1.620565e-01
5.160410e-01	7.745187e-01	-1.619655e-01
4.828340e-01	7.696961e-01	-6.661029e-02
5.197065e-01	7.648313e-01	-5.493348e-02
4.942651e-01	7.416952e-01	-1.422328e-01
5.082620e-01	7.396915e-01	-1.383517e-01
4.588412e-01	6.876605e-01	-7.383803e-02
5.346681e-01	6.837350e-01	-5.907523e-02
4.500504e-01	6.745343e-01	-3.710511e-01
5.458548e-01	6.763241e-01	-3.515418e-01
4.465891e-01	7.076209e-01	-6.472532e-01
5.529299e-01	6.934943e-01	-6.650263e-01
4.464447e-01	7.190209e-01	-7.124801e-01
5.581331e-01	7.071457e-01	-7.307605e-01
4.545301e-01	7.276750e-01	-7.123843e-01
5.532490e-01	7.090179e-01	-7.310833e-01
4.571986e-01	7.195469e-01	-6.576881e-01
5.487670e-01	7.015126e-01	-6.785941e-01
4.717109e-01	4.346075e-01	5.752200e-03
5.271949e-01	4.367892e-01	-5.751007e-03
4.472801e-01	2.685039e-01	-5.179349e-02
5.508147e-01	2.779503e-01	-6.286554e-02
4.574904e-01	1.125846e-01	7.644318e-02
5.381854e-01	1.147611e-01	7.426694e-02
4.641575e-01	8.739447e-02	8.044477e-02
5.299744e-01	9.013230e-02	7.958056e-02
4.294095e-01	7.011823e-02	-3.698116e-02
5.616044e-01	6.314227e-02	-3.821697e-02
5.028242e-01	7.595924e-01	-1.800587e-01
4.974238e-01	7.776802e-01	-1.658056e-01
4.935750e-01	7.781007e-01	-1.658717e-01
4.890645e-01	7.779076e-01	-1.658248e-01
5.087795e-01	7.758024e-01	-1.632568e-01
5.128226e-01	7.751120e-01	-1.632615e-01
5.159813e-01	7.739789e-01	-1.631702e-01
4.827806e-01	7.689247e-01	-6.802709e-02
5.196458e-01	7.640862e-01	-5.662154e-02
4.941846e-01	7.411262e-01	-1.435284e-01
5.081658e-01	7.390153e-01	-1.395964e-01
4.587783e-01	6.866808e-01	-7.462998e-02
5.346284e-01	6.824738e-01	-6.095467e-02
4.499871e-01	6.745680e-01	-3.719934e-01
5.460303e-01	6.764051e-01	-3.560164e-01
4.466949e-01	7.070681e-01	-6.498268e-01
5.530216e-01	6.934876e-01	-6.708487e-01
4.462987e-01	7.176072e-01	-7.144613e-01
5.580794e-01	7.066696e-01	-7.362949e-01
4.544555e-01	7.262110e-01	-7.138919e-01
5.532426e-01	7.086623e-01	-7.363652e-01
4.571474e-01	7.184052e-01	-6.600232e-01
5.487737e-01	7.013999e-01	-6.843172e-01
4.715810e-01	4.335046e-01	5.729094e-03
5.270489e-01	4.359237e-01	-5.727076e-03
4.469906e-01	2.677108e-01	-5.132716e-02
5.508212e-01	2.781415e-01	-6.752868e-02
4.575473e-01	1.126234e-01	7.697172e-02
5.381950e-01	1.147777e-01	7.130498e-02
4.642534e-01	8.740206e-02	8.076122e-02
5.299901e-01	9.013740e-02	7.716082e-02
4.294234e-01	7.009242e-02	-3.691947e-02
5.615933e-01	6.314550e-02	-4.033890e-02
5.027903e-01	7.588401e-01	-1.867225e-01
4.973662e-01	7.770817e-01	-1.722752e-01
4.935125e-01	7.774860e-01	-1.723482e-01
4.889867e-01	7.772691e-01	-1.723033e-01
5.087416e-01	7.750958e-01	-1.695214e-01
5.127559e-01	7.743284e-01	-1.695271e-01
5.159100e-01	7.731317e-01	-1.694387e-01
4.826973e-01	7.680310e-01	-7.331826e-02
5.196157e-01	7.631115e-01	-6.097513e-02
4.940902e-01	7.403151e-01	-1.496657e-01
5.080773e-01	7.380533e-01	-1.453950e-01
4.587323e-01	6.858977e-01	-8.028191e-02
5.346329e-01	6.812125e-01	-6.316642e-02
4.499376e-01	6.740549e-01	-3.840908e-01
5.461705e-01	6.760363e-01	-3.583442e-01
4.470797e-01	7.064804e-01	-6.648186e-01
5.530728e-01	6.936803e-01	-6.745192e-01
4.461347e-01	7.166254e-01	-7.298883e-01
5.580565e-01	7.067408e-01	-7.398566e-01
4.543341e-01	7.250531e-01	-7.286667e-01
5.532426e-01	7.089918e-01	-7.400150e-01
4.571644e-01	7.174718e-01	-6.747911e-01
5.487834e-01	7.018390e-01	-6.880782e-01
4.715679e-01	4.317259e-01	5.516304e-03
5.270175e-01	4.345555e-01	-5.520622e-03
4.469506e-01	2.662878e-01	-5.055647e-02
5.508178e-01	2.779369e-01	-6.722591e-02
4.575165e-01	1.126276e-01	7.946190e-02
5.382015e-01	1.147642e-01	7.235343e-02
4.642550e-01	8.733907e-02	8.372065e-02
5.299979e-01	9.002884e-02	7.792322e-02
4.290742e-01	6.973042e-02	-3.500888e-02
5.615925e-01	6.314760e-02	-3.988176e-02
5.026821e-01	7.583615e-01	-1.895103e-01
4.972712e-01	7.766698e-01	-1.749739e-01
4.934294e-01	7.770189e-01	-1.750505e-01
4.889015e-01	7.767784e-01	-1.750065e-01
5.086266e-01	7.747252e-01	-1.722885e-01
5.126288e-01	7.738845e-01	-1.722949e-01
5.157768e-01	7.726685e-01	-1.722098e-01
4.826465e-01	7.673085e-01	-7.588955e-02
5.195839e-01	7.624850e-01	-6.352811e-02
4.940013e-01	7.398691e-01	-1.523591e-01
5.079694e-01	7.374966e-01	-1.480909e-01
4.587147e-01	6.854498e-01	-8.267914e-02
5.346299e-01	6.802330e-01	-6.521534e-02
4.499024e-01	6.728618e-01	-3.883527e-01
5.461909e-01	6.733890e-01	-3.589123e-01
4.472327e-01	7.062636e-01	-6.709934e-01
5.531629e-01	6.933373e-01	-6.745936e-01
4.460551e-01	7.163116e-01	-7.362584e-01
5.580944e-01	7.066171e-01	-7.399958e-01
4.542438e-01	7.243298e-01	-7.351879e-01
5.532416e-01	7.092651e-01	-7.401083e-01
4.571187e-01	7.169296e-01	-6.810728e-01
5.487888e-01	7.021839e-01	-6.881540e-01
4.714858e-01	4.304365e-01	5.359450e-03
5.269448e-01	4.335829e-01	-5.370772e-03
4.468966e-01	2.649814e-01	-5.411871e-02
5.508019e-01	2.772138e-01	-6.958119e-02
4.574921e-01	1.126261e-01	8.052618e-02
5.381957e-01	1.147758e-01	7.283646e-02
4.642611e-01	8.725945e-02	8.561967e-02
5.299777e-01	8.991407e-02	7.958680e-02
4.289263e-01	6.964233e-02	-3.327123e-02
5.616395e-01	6.340842e-02	-3.709273e-02
5.025437e-01	7.583212e-01	-1.908428e-01
4.971735e-01	7.765098e-01	-1.762590e-01
4.933525e-01	7.767785e-01	-1.763392e-01
4.888394e-01	7.765020e-01	-1.762960e-01
5.084535e-01	7.746562e-01	-1.736573e-01
5.124447e-01	7.737313e-01	-1.736654e-01
5.155777e-01	7.724963e-01	-1.735851e-01
4.826287e-01	7.668003e-01	-7.707576e-02
5.195231e-01	7.621518e-01	-6.494677e-02
4.939143e-01	7.398188e-01	-1.536242e-01
5.078245e-01	7.374064e-01	-1.494291e-01
4.586478e-01	6.851768e-01	-8.408695e-02
5.346404e-01	6.793642e-01	-6.572757e-02
4.498758e-01	6.725922e-01	-3.898434e-01
5.461715e-01	6.719946e-01	-3.599789e-01
4.473053e-01	7.056202e-01	-6.717428e-01
5.532185e-01	6.930129e-01	-6.772081e-01
4.460277e-01	7.154429e-01	-7.362539e-01
5.581128e-01	7.065057e-01	-7.422633e-01
4.541647e-01	7.242267e-01	-7.348195e-01
5.532489e-01	7.093260e-01	-7.419916e-01
4.570782e-01	7.167127e-01	-6.815085e-01
5.488244e-01	7.022768e-01	-6.905807e-01
4.712781e-01	4.298707e-01	5.089571e-03
5.268353e-01	4.329185e-01	-5.109273e-03
4.467746e-01	2.651329e-01	-6.658380e-02
5.507888e-01	2.771620e-01	-8.457365e-02
4.574796e-01	1.126497e-01	7.574958e-02
5.382003e-01	1.147856e-01	6.472686e-02
4.642651e-01	8.714318e-02	8.150592e-02
5.299574e-01	8.955248e-02	7.203397e-02
4.287860e-01	6.964824e-02	-3.908609e-02
5.617956e-01	6.347276e-02	-4.575384e-02
5.025001e-01	7.581807e-01	-1.904342e-01
4.971289e-01	7.762908e-01	-1.757810e-01
4.933108e-01	7.764820e-01	-1.758613e-01
4.888075e-01	7.761678e-01	-1.758178e-01
5.083779e-01	7.745519e-01	-1.732471e-01
5.123520e-01	7.735815e-01	-1.732540e-01
5.154809e-01	7.723508e-01	-1.731716e-01
4.826196e-01	7.664357e-01	-7.636189e-02
5.194858e-01	7.619962e-01	-6.443290e-02
4.938785e-01	7.396852e-01	-1.530739e-01
5.077649e-01	7.373718e-01	-1.489879e-01
4.585579e-01	6.850698e-01	-8.395150e-02
5.346539e-01	6.792627e-01	-6.495656e-02
4.498677e-01	6.727086e-01	-3.902643e-01
5.461712e-01	6.721134e-01	-3.587653e-01
4.473140e-01	7.047829e-01	-6.721761e-01
5.532395e-01	6.930785e-01	-6.762284e-01
4.459576e-01	7.139971e-01	-7.365817e-01
5.581396e-01	7.068809e-01	-7.408776e-01
4.541038e-01	7.232815e-01	-7.348059e-01
5.532574e-01	7.093479e-01	-7.404221e-01
4.570421e-01	7.156702e-01	-6.817519e-01
5.488774e-01	7.022148e-01	-6.894476e-01
4.711192e-01	4.299366e-01	4.572278e-03
5.267467e-01	4.327172e-01	-4.597615e-03
4.466600e-01	2.654693e-01	-7.914086e-02
5.507809e-01	2.771233e-01	-9.241122e-02
4.574593e-01	1.126604e-01	6.480163e-02
5.382127e-01	1.145569e-01	5.786994e-02
4.642572e-01	8.704840e-02	7.081703e-02
5.299674e-01	8.868073e-02	6.528851e-02
4.287402e-01	6.966578e-02	-5.106161e-02
5.621009e-01	6.350581e-02	-5.295336e-02
5.025001e-01	7.581319e-01	-1.914898e-01
4.971270e-01	7.761642e-01	-1.772588e-01
4.933039e-01	7.762800e-01	-1.773411e-01
4.888061e-01	7.759327e-01	-1.772964e-01
5.083545e-01	7.745002e-01	-1.744157e-01
5.123047e-01	7.734931e-01	-1.744241e-01
5.154276e-01	7.722792e-01	-1.743472e-01
4.826140e-01	7.661175e-01	-7.974149e-02
5.194448e-01	7.619323e-01	-6.607629e-02
4.938756e-01	7.396632e-01	-1.547306e-01
5.077503e-01	7.374542e-01	-1.501826e-01
4.585007e-01	6.844387e-01	-8.830247e-02
5.346577e-01	6.792260e-01	-6.681267e-02
4.498516e-01	6.724104e-01	-3.979856e-01
5.462003e-01	6.718738e-01	-3.621834e-01
4.473046e-01	7.036355e-01	-6.814063e-01
5.532521e-01	6.930282e-01	-6.793699e-01
4.459396e-01	7.127027e-01	-7.462958e-01
5.581570e-01	7.073888e-01	-7.440793e-01
4.540549e-01	7.223600e-01	-7.443161e-01
5.532945e-01	7.094443e-01	-7.433270e-01
4.570150e-01	7.145781e-01	-6.909199e-01
5.489290e-01	7.021132e-01	-6.925219e-01
4.711164e-01	4.299006e-01	4.316920e-03
5.267439e-01	4.324693e-01	-4.349588e-03
4.466581e-01	2.656186e-01	-7.391125e-02
5.507007e-01	2.770713e-01	-8.643211e-02
4.574572e-01	1.126989e-01	6.798874e-02
5.382283e-01	1.142178e-01	6.165157e-02
4.642597e-01	8.693450e-02	7.364503e-02
5.299774e-01	8.777586e-02	6.861997e-02
4.287380e-01	6.973436e-02	-4.791268e-02
5.626174e-01	6.360956e-02	-4.979486e-02
5.025300e-01	7.580102e-01	-1.912282e-01
4.971372e-01	7.760700e-01	-1.768611e-01
4.933036e-01	7.761450e-01	-1.769432e-01
4.888071e-01	7.758131e-01	-1.768984e-01
5.083597e-01	7.744671e-01	-1.740836e-01
5.123034e-01	7.734453e-01	-1.740912e-01
5.154293e-01	7.722657e-01	-1.740126e-01
4.826016e-01	7.660498e-01	-7.983346e-02
5.194303e-01	7.619813e-01	-6.568824e-02
4.938827e-01	7.395487e-01	-1.542658e-01
5.077587e-01	7.374651e-01	-1.498440e-01
4.584643e-01	6.843299e-01	-8.818366e-02
5.346682e-01	6.795259e-01	-6.630263e-02
4.498387e-01	6.722614e-01	-3.947028e-01
5.462238e-01	6.720048e-01	-3.607040e-01
4.472963e-01	7.010669e-01	-6.758599e-01
5.532764e-01	6.935410e-01	-6.768497e-01
4.458098e-01	7.109249e-01	-7.404237e-01
5.581770e-01	7.081803e-01	-7.416352e-01
4.540041e-01	7.208518e-01	-7.388874e-01
5.533043e-01	7.098984e-01	-7.412925e-01
4.569932e-01	7.129593e-01	-6.854887e-01
5.489381e-01	7.023111e-01	-6.900587e-01
4.711165e-01	4.300492e-01	3.977304e-03
5.267448e-01	4.325559e-01	-4.011213e-03
4.466613e-01	2.657536e-01	-7.164922e-02
5.506653e-01	2.770863e-01	-8.346037e-02
4.574574e-01	1.127429e-01	6.975712e-02
5.382313e-01	1.140803e-01	6.326769e-02
4.642737e-01	8.684038e-02	7.507006e-02
5.299823e-01	8.727954e-02	6.960116e-02
4.287456e-01	6.977510e-02	-4.654395e-02
5.629731e-01	6.371894e-02	-4.956130e-02
5.025322e-01	7.581562e-01	-1.908278e-01
4.971320e-01	7.761560e-01	-1.767043e-01
4.932805e-01	7.762198e-01	-1.767856e-01
4.887920e-01	7.759054e-01	-1.767398e-01
5.083500e-01	7.746237e-01	-1.739049e-01
5.122864e-01	7.736064e-01	-1.739138e-01
5.154210e-01	7.724566e-01	-1.738368e-01
4.825936e-01	7.662235e-01	-7.925185e-02
5.194170e-01	7.622023e-01	-6.545037e-02
4.938847e-01	7.397038e-01	-1.539493e-01
5.077602e-01	7.376721e-01	-1.494968e-01
4.584453e-01	6.845726e-01	-8.681827e-02
5.347389e-01	6.797932e-01	-6.588091e-02
4.498312e-01	6.723256e-01	-3.908353e-01
5.463329e-01	6.723630e-01	-3.605752e-01
4.472958e-01	6.982636e-01	-6.712058e-01
5.534728e-01	6.951844e-01	-6.755136e-01
4.454919e-01	7.093655e-01	-7.358392e-01
5.582384e-01	7.095844e-01	-7.403368e-01
4.538541e-01	7.186590e-01	-7.347214e-01
5.533553e-01	7.108632e-01	-7.403367e-01
4.569833e-01	7.109232e-01	-6.809995e-01
5.490034e-01	7.029811e-01	-6.887374e-01
4.711137e-01	4.302450e-01	3.867411e-03
5.267429e-01	4.327004e-01	-3.899138e-03
4.466136e-01	2.658660e-01	-6.931494e-02
5.506494e-01	2.771019e-01	-8.137916e-02
4.574590e-01	1.127502e-01	7.132669e-02
5.382360e-01	1.140350e-01	6.663242e-02
4.642977e-01	8.671547e-02	7.743102e-02
5.299795e-01	8.702700e-02	7.391801e-02
4.287554e-01	6.980648e-02	-4.325863e-02
5.631821e-01	6.377070e-02	-4.382730e-02
5.025333e-01	7.582307e-01	-1.901914e-01
4.971321e-01	7.763112e-01	-1.762498e-01
4.932700e-01	7.763978e-01	-1.763310e-01
4.887918e-01	7.760949e-01	-1.762812e-01
5.083187e-01	7.747191e-01	-1.733085e-01
5.122440e-01	7.737370e-01	-1.733174e-01
5.153890e-01	7.725888e-01	-1.732422e-01
4.825965e-01	7.664395e-01	-7.892738e-02
5.193765e-01	7.623985e-01	-6.439812e-02
4.938850e-01	7.397543e-01	-1.532386e-01
5.077316e-01	7.378849e-01	-1.485598e-01
4.584263e-01	6.847998e-01	-8.636681e-02
5.347482e-01	6.799886e-01	-6.451598e-02
4.498341e-01	6.723848e-01	-3.886697e-01
5.466784e-01	6.724673e-01	-3.602896e-01
4.474412e-01	6.975058e-01	-6.694096e-01
5.540663e-01	6.969402e-01	-6.751093e-01
4.453739e-01	7.087706e-01	-7.339677e-01
5.582899e-01	7.105181e-01	-7.393408e-01
4.538288e-01	7.178497e-01	-7.330288e-01
5.533932e-01	7.118964e-01	-7.385026e-01
4.569611e-01	7.101929e-01	-6.792954e-01
5.491377e-01	7.039514e-01	-6.879629e-01
4.711124e-01	4.304744e-01	3.546597e-03
5.267404e-01	4.329223e-01	-3.577146e-03
4.466117e-01	2.658910e-01	-6.816172e-02
5.505942e-01	2.771183e-01	-7.800977e-02
4.574722e-01	1.127527e-01	7.526580e-02
5.382355e-01	1.140107e-01	7.248461e-02
4.643219e-01	8.651263e-02	8.138205e-02
5.299523e-01	8.686984e-02	7.982965e-02
4.287698e-01	6.985301e-02	-3.938201e-02
5.632682e-01	6.380860e-02	-3.774273e-02
5.025615e-01	7.591441e-01	-1.900894e-01
4.971573e-01	7.765665e-01	-1.761087e-01
4.932705e-01	7.766424e-01	-1.761902e-01
4.888078e-01	7.763705e-01	-1.761405e-01
5.083177e-01	7.751274e-01	-1.731546e-01
5.122372e-01	7.740880e-01	-1.731630e-01
5.153856e-01	7.729061e-01	-1.730867e-01
4.825965e-01	7.668084e-01	-7.842460e-02
5.193285e-01	7.624505e-01	-6.413500e-02
4.938895e-01	7.404054e-01	-1.530802e-01
5.077282e-01	7.386641e-01	-1.484371e-01
4.583083e-01	6.853989e-01	-8.560546e-02
5.347086e-01	6.800337e-01	-6.348642e-02
4.498081e-01	6.724281e-01	-3.887275e-01
5.472361e-01	6.733472e-01	-3.600352e-01
4.474529e-01	6.968323e-01	-6.704389e-01
5.546640e-01	6.982684e-01	-6.744102e-01
4.452620e-01	7.082288e-01	-7.347579e-01
5.584554e-01	7.108974e-01	-7.387825e-01
4.538147e-01	7.173043e-01	-7.337657e-01
5.534621e-01	7.121871e-01	-7.382156e-01
4.569462e-01	7.097576e-01	-6.802105e-01
5.492890e-01	7.043200e-01	-6.873492e-01
4.711113e-01	4.310286e-01	3.284910e-03
5.267397e-01	4.334312e-01	-3.314015e-03
4.466783e-01	2.663538e-01	-7.117122e-02
5.505829e-01	2.773013e-01	-8.243596e-02
4.574791e-01	1.127600e-01	7.023381e-02
5.382390e-01	1.140109e-01	6.617273e-02
4.643437e-01	8.639241e-02	7.603194e-02
5.299532e-01	8.678838e-02	7.340686e-02
4.288000e-01	6.988968e-02	-4.611420e-02
5.633236e-01	6.389152e-02	-4.495596e-02
5.025643e-01	7.610593e-01	-1.901629e-01
4.971617e-01	7.773796e-01	-1.761832e-01
4.932693e-01	7.775136e-01	-1.762673e-01
4.888203e-01	7.773030e-01	-1.762176e-01
5.082863e-01	7.761708e-01	-1.730982e-01
5.122050e-01	7.752708e-01	-1.731058e-01
5.153618e-01	7.741502e-01	-1.730286e-01
4.826049e-01	7.681251e-01	-7.809944e-02
5.192708e-01	7.634357e-01	-6.329389e-02
4.939045e-01	7.419041e-01	-1.530173e-01
5.077007e-01	7.404595e-01	-1.483461e-01
4.582586e-01	6.869625e-01	-8.510517e-02
5.345491e-01	6.804945e-01	-5.987510e-02
4.497878e-01	6.741379e-01	-3.894414e-01
5.471207e-01	6.737750e-01	-3.547814e-01
4.474553e-01	6.968449e-01	-6.728568e-01
5.547866e-01	6.996069e-01	-6.737928e-01
4.451874e-01	7.080254e-01	-7.371748e-01
5.585138e-01	7.119257e-01	-7.378536e-01
4.537938e-01	7.172903e-01	-7.361061e-01
5.535627e-01	7.136191e-01	-7.373500e-01
4.568834e-01	7.097561e-01	-6.824881e-01
5.494472e-01	7.061622e-01	-6.867517e-01
4.711130e-01	4.322363e-01	2.857682e-03
5.267491e-01	4.349602e-01	-2.889195e-03
4.467977e-01	2.676016e-01	-7.135594e-02
5.504781e-01	2.779810e-01	-8.430745e-02
4.574825e-01	1.127537e-01	6.594814e-02
5.382441e-01	1.140695e-01	6.051160e-02
4.643504e-01	8.622998e-02	7.127896e-02
5.299649e-01	8.678190e-02	6.740325e-02
4.288228e-01	6.993405e-02	-5.131615e-02
5.633219e-01	6.405850e-02	-5.111348e-02
5.026071e-01	7.644106e-01	-1.910657e-01
4.972500e-01	7.794344e-01	-1.771923e-01
4.933148e-01	7.797810e-01	-1.772829e-01
4.889594e-01	7.796402e-01	-1.772343e-01
5.082943e-01	7.780136e-01	-1.736445e-01
5.122054e-01	7.772253e-01	-1.736503e-01
5.153658e-01	7.760789e-01	-1.735736e-01
4.826404e-01	7.706248e-01	-7.858084e-02
5.192527e-01	7.654403e-01	-6.274693e-02
4.939968e-01	7.448623e-01	-1.537275e-01
5.076946e-01	7.434391e-01	-1.484699e-01
4.582242e-01	6.887736e-01	-8.534832e-02
5.343879e-01	6.818923e-01	-5.775145e-02
4.498841e-01	6.754076e-01	-3.958856e-01
5.466940e-01	6.738061e-01	-3.514434e-01
4.474530e-01	6.967325e-01	-6.854959e-01
5.548130e-01	7.001280e-01	-6.736643e-01
4.448321e-01	7.073132e-01	-7.509506e-01
5.587556e-01	7.127461e-01	-7.376324e-01
4.535793e-01	7.171932e-01	-7.500148e-01
5.538209e-01	7.146956e-01	-7.370969e-01
4.566684e-01	7.097116e-01	-6.954018e-01
5.496482e-01	7.073365e-01	-6.865402e-01
4.712022e-01	4.346872e-01	2.370058e-03
5.268978e-01	4.375520e-01	-2.404060e-03
4.469148e-01	2.686304e-01	-6.940103e-02
5.503165e-01	2.795965e-01	-7.978985e-02
4.574871e-01	1.127425e-01	6.736542e-02
5.382534e-01	1.140692e-01	6.143252e-02
4.643678e-01	8.609600e-02	7.272441e-02
5.299742e-01	8.674356e-02	6.782772e-02
4.288269e-01	6.993411e-02	-4.958169e-02
5.633250e-01	6.412645e-02	-5.024879e-02
5.026515e-01	7.692040e-01	-1.963818e-01
4.973209e-01	7.839813e-01	-1.821192e-01
4.933579e-01	7.841203e-01	-1.822172e-01
4.890912e-01	7.838571e-01	-1.821737e-01
5.083268e-01	7.822039e-01	-1.780868e-01
5.122113e-01	7.812034e-01	-1.780922e-01
5.154039e-01	7.797743e-01	-1.780134e-01
4.827096e-01	7.741120e-01	-8.053137e-02
5.192534e-01	7.693187e-01	-6.293783e-02
4.942223e-01	7.492287e-01	-1.579470e-01
5.077577e-01	7.477090e-01	-1.519188e-01
4.581150e-01	6.916832e-01	-8.572713e-02
5.343829e-01	6.850489e-01	-5.665205e-02
4.503542e-01	6.773973e-01	-3.975112e-01
5.461420e-01	6.754477e-01	-3.519378e-01
4.475185e-01	6.967565e-01	-6.890856e-01
5.548190e-01	6.999605e-01	-6.854613e-01
4.447921e-01	7.069030e-01	-7.547705e-01
5.589104e-01	7.126583e-01	-7.515569e-01
4.533389e-01	7.171173e-01	-7.540151e-01
5.541004e-01	7.146105e-01	-7.517831e-01
4.563006e-01	7.096891e-01	-6.990773e-01
5.498720e-01	7.072322e-01	-6.992363e-01
4.712092e-01	4.392795e-01	2.128092e-03
5.271407e-01	4.424403e-01	-2.161185e-03
4.475127e-01	2.727332e-01	-6.886287e-02
5.499998e-01	2.826990e-01	-7.650789e-02
4.574683e-01	1.127489e-01	6.265910e-02
5.382982e-01	1.140523e-01	6.138140e-02
4.643641e-01	8.597359e-02	6.681728e-02
5.300514e-01	8.663397e-02	6.710480e-02
4.288319e-01	6.993463e-02	-5.889977e-02
5.633231e-01	6.425254e-02	-5.439644e-02
5.027114e-01	7.740521e-01	-2.000039e-01
4.974166e-01	7.892296e-01	-1.849834e-01
4.934306e-01	7.891480e-01	-1.850869e-01
4.892647e-01	7.889254e-01	-1.850471e-01
5.083870e-01	7.874237e-01	-1.807991e-01
5.122267e-01	7.861335e-01	-1.808033e-01
5.154973e-01	7.846394e-01	-1.807232e-01
4.828965e-01	7.790778e-01	-8.063494e-02
5.192813e-01	7.744397e-01	-6.285718e-02
4.945406e-01	7.543465e-01	-1.606283e-01
5.079815e-01	7.531584e-01	-1.543368e-01
4.581247e-01	6.951907e-01	-8.591558e-02
5.344307e-01	6.887162e-01	-5.303571e-02
4.517913e-01	6.859783e-01	-4.015615e-01
5.458661e-01	6.871430e-01	-3.540371e-01
4.479426e-01	6.967396e-01	-6.934832e-01
5.548078e-01	7.003312e-01	-6.992961e-01
4.448732e-01	7.051233e-01	-7.590381e-01
5.593383e-01	7.125013e-01	-7.665502e-01
4.532464e-01	7.137551e-01	-7.573565e-01
5.544996e-01	7.144785e-01	-7.674263e-01
4.562619e-01	7.076681e-01	-7.030221e-01
5.501260e-01	7.070987e-01	-7.136515e-01
4.712172e-01	4.424572e-01	1.546935e-03
5.272943e-01	4.455138e-01	-1.571432e-03
4.478761e-01	2.750725e-01	-6.195613e-02
5.498514e-01	2.849697e-01	-7.766611e-02
4.574389e-01	1.123180e-01	5.890318e-02
5.383821e-01	1.137717e-01	5.074601e-02
4.642777e-01	8.538341e-02	6.130754e-02
5.302450e-01	8.639095e-02	5.501257e-02
4.288271e-01	6.990142e-02	-6.577772e-02
5.633498e-01	6.428150e-02	-6.785379e-02
5.027977e-01	7.795163e-01	-1.986634e-01
4.975566e-01	7.948009e-01	-1.844506e-01
4.935412e-01	7.948640e-01	-1.845425e-01
4.895323e-01	7.946699e-01	-1.844982e-01
5.085068e-01	7.935535e-01	-1.805684e-01
5.123023e-01	7.924842e-01	-1.805800e-01
5.157283e-01	7.911511e-01	-1.805050e-01
4.832880e-01	7.859020e-01	-7.425718e-02
5.193576e-01	7.812091e-01	-5.677824e-02
4.948788e-01	7.603977e-01	-1.597017e-01
5.083804e-01	7.595441e-01	-1.532085e-01
4.584165e-01	7.006398e-01	-7.751862e-02
5.349732e-01	6.951802e-01	-4.277774e-02
4.524276e-01	6.923189e-01	-3.924740e-01
5.461560e-01	6.970969e-01	-3.469181e-01
4.481685e-01	6.968848e-01	-6.880551e-01
5.547608e-01	7.002021e-01	-6.916280e-01
4.451284e-01	7.040244e-01	-7.532977e-01
5.599000e-01	7.113374e-01	-7.579545e-01
4.532478e-01	7.104794e-01	-7.520406e-01
5.547439e-01	7.126160e-01	-7.589692e-01
4.562960e-01	7.056060e-01	-6.976807e-01
5.501814e-01	7.062306e-01	-7.056268e-01
4.713821e-01	4.477039e-01	1.116469e-03
5.273581e-01	4.496314e-01	-1.127866e-03
4.494438e-01	2.787747e-01	-4.264933e-02
5.495217e-01	2.869143e-01	-5.567662e-02
4.574278e-01	1.121025e-01	7.374336e-02
5.385031e-01	1.137696e-01	7.734605e-02
4.641677e-01	8.503969e-02	7.519417e-02
5.305587e-01	8.644120e-02	8.130197e-02
4.288439e-01	6.984159e-02	-6.376521e-02
5.633487e-01	6.429910e-02	-4.862624e-02
5.028245e-01	7.847443e-01	-1.924224e-01
4.976165e-01	8.001040e-01	-1.764026e-01
4.935709e-01	8.004211e-01	-1.765046e-01
4.896346e-01	8.002767e-01	-1.764649e-01
5.086197e-01	7.990037e-01	-1.723847e-01
5.123795e-01	7.981888e-01	-1.723813e-01
5.159505e-01	7.969449e-01	-1.722971e-01
4.834773e-01	7.921165e-01	-6.524067e-02
5.194293e-01	7.874625e-01	-4.742096e-02
4.949803e-01	7.660171e-01	-1.517913e-01
5.085341e-01	7.650759e-01	-1.454697e-01
4.584531e-01	7.034072e-01	-7.145526e-02
5.356545e-01	7.000981e-01	-3.615124e-02
4.534934e-01	6.949282e-01	-3.906232e-01
5.474131e-01	6.995480e-01	-3.471553e-01
4.483772e-01	6.968323e-01	-6.871784e-01
5.557357e-01	7.002662e-01	-6.922143e-01
4.474972e-01	7.030701e-01	-7.534429e-01
5.633951e-01	7.112933e-01	-7.598727e-01
4.543152e-01	7.086879e-01	-7.523606e-01
5.551533e-01	7.112808e-01	-7.598273e-01
4.567403e-01	7.042810e-01	-6.970834e-01
5.509700e-01	7.054544e-01	-7.061861e-01
4.715703e-01	4.528043e-01	6.706180e-04
5.277327e-01	4.551711e-01	-6.727268e-04
4.506158e-01	2.829044e-01	-4.126752e-02
5.491080e-01	2.894724e-01	-5.181834e-02
4.573824e-01	1.116034e-01	7.589613e-02
5.385593e-01	1.138865e-01	8.452573e-02
4.640625e-01	8.459304e-02	7.747771e-02
5.306596e-01	8.680855e-02	8.871730e-02
4.287843e-01	6.952363e-02	-5.999380e-02
5.632426e-01	6.443161e-02	-4.118500e-02
5.029501e-01	7.905424e-01	-1.760849e-01
4.977919e-01	8.064852e-01	-1.598842e-01
4.936602e-01	8.067768e-01	-1.599881e-01
4.898318e-01	8.064991e-01	-1.599467e-01
5.088330e-01	8.049102e-01	-1.555056e-01
5.125018e-01	8.040348e-01	-1.554880e-01
5.162820e-01	8.028099e-01	-1.553985e-01
4.837090e-01	7.977680e-01	-4.985042e-02
5.196234e-01	7.942187e-01	-2.991753e-02
4.953162e-01	7.716797e-01	-1.352879e-01
5.089333e-01	7.708122e-01	-1.286204e-01
4.587735e-01	7.075549e-01	-5.813222e-02
5.369703e-01	7.058827e-01	-1.305001e-02
4.534548e-01	6.983498e-01	-3.766856e-01
5.499212e-01	6.988326e-01	-3.113007e-01
4.483783e-01	6.969336e-01	-6.844253e-01
5.569572e-01	7.002292e-01	-6.524726e-01
4.482976e-01	7.006790e-01	-7.526082e-01
5.658303e-01	7.110548e-01	-7.197611e-01
4.552871e-01	7.045158e-01	-7.516545e-01
5.558016e-01	7.091731e-01	-7.203635e-01
4.572651e-01	7.009407e-01	-6.947705e-01
5.518413e-01	7.039415e-01	-6.666385e-01
4.715835e-01	4.594648e-01	-1.159907e-03
5.278467e-01	4.608541e-01	1.180085e-03
4.524101e-01	2.882034e-01	-4.113732e-02
5.485595e-01	2.913543e-01	-4.023999e-02
4.571811e-01	1.115412e-01	7.724304e-02
5.385633e-01	1.144196e-01	9.234001e-02
4.635937e-01	8.453833e-02	7.913260e-02
5.306996e-01	8.795939e-02	9.575491e-02
4.287331e-01	6.904872e-02	-5.777363e-02
5.628438e-01	6.443502e-02	-3.608244e-02
5.033741e-01	7.987400e-01	-1.755230e-01
4.981013e-01	8.152082e-01	-1.603487e-01
4.938288e-01	8.151605e-01	-1.604505e-01
4.901269e-01	8.146370e-01	-1.604063e-01
5.092527e-01	8.134475e-01	-1.555634e-01
5.128000e-01	8.124343e-01	-1.555478e-01
5.168898e-01	8.109089e-01	-1.554580e-01
4.840142e-01	8.043026e-01	-5.486963e-02
5.198884e-01	8.020594e-01	-3.301922e-02
4.959583e-01	7.802054e-01	-1.363893e-01
5.097233e-01	7.791623e-01	-1.291692e-01
4.590952e-01	7.138067e-01	-6.408633e-02
5.376912e-01	7.136588e-01	-1.892738e-02
4.520029e-01	7.001521e-01	-3.896820e-01
5.522815e-01	6.999041e-01	-3.157664e-01
4.472921e-01	6.982087e-01	-7.009274e-01
5.574670e-01	7.001567e-01	-6.546856e-01
4.488168e-01	7.007867e-01	-7.704532e-01
5.666526e-01	7.109386e-01	-7.228190e-01
4.568604e-01	7.052386e-01	-7.698749e-01
5.560324e-01	7.076331e-01	-7.231381e-01
4.584695e-01	7.012516e-01	-7.108428e-01
5.520268e-01	7.023405e-01	-6.687881e-01
4.715722e-01	4.650413e-01	-2.481825e-03
5.279170e-01	4.666173e-01	2.505373e-03
4.531938e-01	2.920823e-01	-4.418673e-02
5.484262e-01	2.939344e-01	-4.407460e-02
4.570405e-01	1.115524e-01	7.347634e-02
5.385576e-01	1.146790e-01	8.769752e-02
4.634072e-01	8.455257e-02	7.510342e-02
5.307217e-01	8.848843e-02	9.125169e-02
4.287191e-01	6.904135e-02	-6.389870e-02
5.627484e-01	6.445721e-02	-3.662691e-02
5.038680e-01	8.056037e-01	-1.580409e-01
4.985131e-01	8.220861e-01	-1.435960e-01
4.941395e-01	8.219881e-01	-1.436884e-01
4.905326e-01	8.215058e-01	-1.436338e-01
5.096523e-01	8.202561e-01	-1.387165e-01
5.131372e-01	8.191682e-01	-1.386935e-01
5.174030e-01	8.175263e-01	-1.385898e-01
4.843050e-01	8.107527e-01	-4.188577e-02
5.201275e-01	8.083840e-01	-1.965170e-02
4.964809e-01	7.872202e-01	-1.202549e-01
5.103103e-01	7.862278e-01	-1.130203e-01
4.594062e-01	7.193306e-01	-5.666193e-02
5.380635e-01	7.229891e-01	-9.829066e-03
4.516452e-01	7.026299e-01	-3.800890e-01
5.552564e-01	7.057991e-01	-3.055898e-01
4.464865e-01	6.987693e-01	-6.915310e-01
5.579920e-01	7.030860e-01	-6.353501e-01
4.486863e-01	7.009181e-01	-7.636051e-01
5.678833e-01	7.117988e-01	-7.019192e-01
4.572637e-01	7.055346e-01	-7.639368e-01
5.560558e-01	7.070501e-01	-7.013727e-01
4.588677e-01	7.014163e-01	-7.010430e-01
5.520158e-01	7.020348e-01	-6.486632e-01
4.716896e-01	4.701091e-01	-3.085249e-03
5.279640e-01	4.708319e-01	3.111241e-03
4.540247e-01	2.942737e-01	-4.514569e-02
5.480682e-01	2.958889e-01	-4.080748e-02
4.569289e-01	1.112571e-01	6.322278e-02
5.386879e-01	1.156428e-01	8.479570e-02
4.630618e-01	8.415794e-02	6.486939e-02
5.308890e-01	8.998775e-02	8.872956e-02
4.285266e-01	6.902586e-02	-7.066436e-02
5.627463e-01	6.463250e-02	-3.873432e-02
5.048205e-01	8.118981e-01	-1.493263e-01
4.994506e-01	8.283239e-01	-1.349652e-01
4.950406e-01	8.282953e-01	-1.350487e-01
4.913878e-01	8.277475e-01	-1.349781e-01
5.103340e-01	8.264459e-01	-1.302623e-01
5.137328e-01	8.253955e-01	-1.302367e-01
5.180550e-01	8.238435e-01	-1.301174e-01
4.849194e-01	8.165882e-01	-3.344140e-02
5.204158e-01	8.144683e-01	-1.188800e-02
4.974732e-01	7.939071e-01	-1.114053e-01
5.110814e-01	7.929171e-01	-1.044295e-01
4.594704e-01	7.274778e-01	-4.669585e-02
5.382931e-01	7.305609e-01	-5.834943e-03
4.512152e-01	7.097436e-01	-3.584492e-01
5.602422e-01	7.128034e-01	-3.015262e-01
4.466650e-01	6.984987e-01	-6.506754e-01
5.598127e-01	7.081268e-01	-6.238427e-01
4.489929e-01	6.999881e-01	-7.175320e-01
5.689794e-01	7.116356e-01	-6.892108e-01
4.580555e-01	7.030705e-01	-7.174143e-01
5.560187e-01	7.055321e-01	-6.878865e-01
4.597831e-01	6.992543e-01	-6.597698e-01
5.519922e-01	7.017601e-01	-6.362985e-01
4.717980e-01	4.753660e-01	-3.274116e-03
5.279731e-01	4.755352e-01	3.295286e-03
4.556157e-01	2.984251e-01	-4.673500e-02
5.474054e-01	3.006462e-01	-4.086951e-02
4.569131e-01	1.112589e-01	5.430752e-02
5.386217e-01	1.159450e-01	7.492402e-02
4.629336e-01	8.404930e-02	5.542666e-02
5.308754e-01	9.082802e-02	7.622194e-02
4.285362e-01	6.911817e-02	-7.815822e-02
5.618027e-01	6.465288e-02	-5.401352e-02
5.050541e-01	8.175637e-01	-1.504718e-01
4.997573e-01	8.338838e-01	-1.359996e-01
4.952646e-01	8.337926e-01	-1.360742e-01
4.916533e-01	8.332384e-01	-1.360030e-01
5.106050e-01	8.319769e-01	-1.317257e-01
5.139259e-01	8.308069e-01	-1.317046e-01
5.182666e-01	8.293574e-01	-1.315848e-01
4.852435e-01	8.225496e-01	-3.486148e-02
5.206667e-01	8.196514e-01	-1.551149e-02
4.977169e-01	7.988812e-01	-1.126584e-01
5.113794e-01	7.983188e-01	-1.063964e-01
4.594778e-01	7.300738e-01	-4.378221e-02
5.393773e-01	7.350045e-01	-1.012755e-02
4.516931e-01	7.113184e-01	-3.372759e-01
5.624684e-01	7.133897e-01	-2.986546e-01
4.469915e-01	6.983189e-01	-6.194904e-01
5.612983e-01	7.094887e-01	-6.148980e-01
4.489684e-01	6.982005e-01	-6.836749e-01
5.711521e-01	7.084832e-01	-6.794358e-01
4.580678e-01	7.017971e-01	-6.859577e-01
5.560227e-01	7.029644e-01	-6.775495e-01
4.603264e-01	6.981711e-01	-6.290994e-01
5.519838e-01	7.012594e-01	-6.265460e-01
4.727304e-01	4.784068e-01	-3.203911e-03
5.281498e-01	4.786254e-01	3.222720e-03
4.578955e-01	3.006457e-01	-4.313958e-02
5.469602e-01	3.040414e-01	-4.018833e-02
4.570075e-01	1.116323e-01	5.777368e-02
5.380326e-01	1.163802e-01	6.868885e-02
4.629655e-01	8.428069e-02	5.956777e-02
5.307038e-01	9.213842e-02	6.979109e-02
4.285568e-01	6.935525e-02	-7.610423e-02
5.608411e-01	6.465755e-02	-5.812059e-02
5.051925e-01	8.232600e-01	-1.513095e-01
4.999432e-01	8.398530e-01	-1.383077e-01
4.954003e-01	8.397534e-01	-1.383995e-01
4.918292e-01	8.392149e-01	-1.383516e-01
5.108144e-01	8.381332e-01	-1.342613e-01
5.140808e-01	8.370713e-01	-1.342336e-01
5.184449e-01	8.357574e-01	-1.341018e-01
4.855960e-01	8.284125e-01	-4.056738e-02
5.210228e-01	8.260635e-01	-2.386192e-02
4.979236e-01	8.038626e-01	-1.147960e-01
5.116497e-01	8.032624e-01	-1.106502e-01
4.595700e-01	7.333077e-01	-4.900502e-02
5.409257e-01	7.369657e-01	-1.891456e-02
4.495179e-01	7.126119e-01	-3.355796e-01
5.648090e-01	7.109047e-01	-3.080721e-01
4.447279e-01	6.973581e-01	-6.184883e-01
5.624999e-01	7.097983e-01	-6.289236e-01
4.457728e-01	6.956839e-01	-6.836854e-01
5.727946e-01	7.051972e-01	-6.950141e-01
4.572540e-01	6.995936e-01	-6.868731e-01
5.573660e-01	6.986650e-01	-6.943079e-01
4.596719e-01	6.967564e-01	-6.287597e-01
5.529481e-01	6.987833e-01	-6.412758e-01
4.733326e-01	4.810742e-01	-2.919138e-03
5.284971e-01	4.816008e-01	2.937525e-03
4.593681e-01	3.046427e-01	-3.710499e-02
5.465329e-01	3.064165e-01	-3.307796e-02
4.571718e-01	1.120412e-01	7.221371e-02
5.379101e-01	1.169077e-01	7.809062e-02
4.631012e-01	8.465045e-02	7.452314e-02
5.307083e-01	9.308735e-02	7.929137e-02
4.289754e-01	6.961310e-02	-5.247286e-02
5.599333e-01	6.463385e-02	-5.119161e-02
5.055062e-01	8.287926e-01	-1.652604e-01
5.002035e-01	8.455947e-01	-1.478491e-01
4.956009e-01	8.453717e-01	-1.479193e-01
4.920529e-01	8.447574e-01	-1.478198e-01
5.111955e-01	8.441587e-01	-1.461900e-01
5.144368e-01	8.431766e-01	-1.461761e-01
5.189068e-01	8.420187e-01	-1.460723e-01
4.859818e-01	8.336109e-01	-4.271029e-02
5.216842e-01	8.326225e-01	-3.104347e-02
4.983114e-01	8.087295e-01	-1.252878e-01
5.121897e-01	8.083450e-01	-1.230207e-01
4.594613e-01	7.342033e-01	-4.693306e-02
5.428384e-01	7.390759e-01	-1.969701e-02
4.465516e-01	7.125723e-01	-3.131804e-01
5.698031e-01	7.051555e-01	-2.970690e-01
4.444205e-01	6.931519e-01	-5.961565e-01
5.642768e-01	7.089876e-01	-6.097369e-01
4.447063e-01	6.868570e-01	-6.614228e-01
5.743304e-01	6.966500e-01	-6.777326e-01
4.571863e-01	6.901460e-01	-6.659311e-01
5.586416e-01	6.929379e-01	-6.753079e-01
4.596269e-01	6.886417e-01	-6.067159e-01
5.537767e-01	6.949174e-01	-6.203536e-01
4.733172e-01	4.824640e-01	-3.051906e-03
5.285230e-01	4.832710e-01	3.070405e-03
4.605793e-01	3.042684e-01	-3.084161e-02
5.456785e-01	3.068739e-01	-2.382662e-02
4.573872e-01	1.124522e-01	9.007479e-02
5.379100e-01	1.176489e-01	9.986226e-02
4.632365e-01	8.523470e-02	9.313718e-02
5.308300e-01	9.384286e-02	1.025859e-01
4.304324e-01	6.965032e-02	-3.696454e-02
5.593522e-01	6.467237e-02	-3.087169e-02
5.061350e-01	8.345066e-01	-1.653707e-01
5.007826e-01	8.514796e-01	-1.482679e-01
4.961156e-01	8.511880e-01	-1.483452e-01
4.925340e-01	8.504914e-01	-1.482628e-01
5.118136e-01	8.500433e-01	-1.460887e-01
5.150355e-01	8.491083e-01	-1.460776e-01
5.195835e-01	8.479072e-01	-1.459832e-01
4.865364e-01	8.390281e-01	-4.167888e-02
5.223726e-01	8.380862e-01	-2.998063e-02
4.989612e-01	8.144989e-01	-1.257403e-01
5.128428e-01	8.138174e-01	-1.224854e-01
4.594595e-01	7.355220e-01	-4.038132e-02
5.442875e-01	7.413495e-01	-1.352838e-02
4.451694e-01	7.116522e-01	-3.007248e-01
5.692137e-01	7.043225e-01	-2.624680e-01
4.442151e-01	6.857542e-01	-5.912398e-01
5.663239e-01	7.007675e-01	-5.659775e-01
4.423801e-01	6.754798e-01	-6.580766e-01
5.753099e-01	6.843981e-01	-6.328294e-01
4.557552e-01	6.776848e-01	-6.647539e-01
5.610051e-01	6.814311e-01	-6.338003e-01
4.589600e-01	6.792303e-01	-6.028349e-01
5.559936e-01	6.842062e-01	-5.776718e-01
4.733270e-01	4.853883e-01	-3.733260e-03
5.285718e-01	4.855512e-01	3.769262e-03
4.615249e-01	3.064858e-01	-2.968899e-02
5.448171e-01	3.081892e-01	-2.063728e-02
4.575480e-01	1.128555e-01	9.164130e-02
5.379138e-01	1.186299e-01	1.023666e-01
4.634300e-01	8.567493e-02	9.461515e-02
5.310968e-01	9.453030e-02	1.049490e-01
4.313227e-01	6.991559e-02	-3.724018e-02
5.585490e-01	6.536646e-02	-2.937373e-02
5.070572e-01	8.395998e-01	-1.460029e-01
5.015334e-01	8.568780e-01	-1.295796e-01
4.968172e-01	8.566777e-01	-1.296586e-01
4.931187e-01	8.559831e-01	-1.295856e-01
5.125916e-01	8.552371e-01	-1.259262e-01
5.158744e-01	8.543057e-01	-1.259000e-01
5.204357e-01	8.529865e-01	-1.257927e-01
4.869768e-01	8.443202e-01	-2.454316e-02
5.229689e-01	8.430163e-01	-7.296107e-03
4.996795e-01	8.197493e-01	-1.075393e-01
5.135459e-01	8.184658e-01	-1.020049e-01
4.594580e-01	7.412680e-01	-2.986569e-02
5.450882e-01	7.445686e-01	1.240162e-02
4.444962e-01	7.117290e-01	-2.990241e-01
5.673016e-01	7.055687e-01	-2.257846e-01
4.441690e-01	6.777617e-01	-6.005914e-01
5.669495e-01	6.868045e-01	-5.267131e-01
4.410962e-01	6.637136e-01	-6.693202e-01
5.764465e-01	6.622909e-01	-5.924388e-01
4.548865e-01	6.661027e-01	-6.771621e-01
5.617214e-01	6.583113e-01	-5.977534e-01
4.587809e-01	6.679578e-01	-6.126920e-01
5.564387e-01	6.629660e-01	-5.405013e-01
4.733177e-01	4.879284e-01	-5.315673e-03
5.288002e-01	4.875267e-01	5.395640e-03
4.617309e-01	3.078689e-01	-3.336592e-02
5.439047e-01	3.084193e-01	-2.387560e-02
4.575883e-01	1.131762e-01	8.134123e-02
5.379949e-01	1.187794e-01	9.618030e-02
4.635072e-01	8.616765e-02	8.343703e-02
5.313333e-01	9.444194e-02	9.958643e-02
4.324649e-01	7.046276e-02	-5.437415e-02
5.585850e-01	6.550813e-02	-3.478752e-02
5.074533e-01	8.453515e-01	-1.299002e-01
5.018870e-01	8.625356e-01	-1.115381e-01
4.971488e-01	8.622812e-01	-1.116279e-01
4.934368e-01	8.614839e-01	-1.115784e-01
5.130341e-01	8.610077e-01	-1.095204e-01
5.163328e-01	8.601602e-01	-1.095035e-01
5.209121e-01	8.587719e-01	-1.093882e-01
4.872646e-01	8.494564e-01	-1.039030e-03
5.234738e-01	8.480296e-01	7.837130e-03
4.999683e-01	8.250325e-01	-8.955359e-02
5.139824e-01	8.236972e-01	-8.641262e-02
4.596837e-01	7.458551e-01	8.006427e-03
5.459205e-01	7.453595e-01	4.071900e-02
4.429786e-01	7.110882e-01	-1.692746e-01
5.661992e-01	7.053835e-01	-1.450724e-01
4.441931e-01	6.591517e-01	-3.918127e-01
5.673602e-01	6.684464e-01	-4.128200e-01
4.411634e-01	6.348917e-01	-4.426136e-01
5.763043e-01	6.385586e-01	-4.706938e-01
4.553335e-01	6.348481e-01	-4.578574e-01
5.627127e-01	6.350072e-01	-4.790658e-01
4.593291e-01	6.405677e-01	-4.033345e-01
5.576576e-01	6.417007e-01	-4.263658e-01
4.724984e-01	4.916621e-01	-5.504408e-03
5.287203e-01	4.891828e-01	5.599645e-03
4.617085e-01	3.086201e-01	-3.734339e-02
5.431424e-01	3.106520e-01	-2.779383e-02
4.575886e-01	1.135343e-01	5.643506e-02
5.380302e-01	1.191819e-01	6.821553e-02
4.635118e-01	8.665551e-02	5.757601e-02
5.314659e-01	9.452599e-02	6.758989e-02
4.335843e-01	7.102519e-02	-7.578555e-02
5.585212e-01	6.576284e-02	-6.603666e-02
5.079435e-01	8.502123e-01	-1.424828e-01
5.023832e-01	8.675232e-01	-1.253383e-01
4.976286e-01	8.673072e-01	-1.254250e-01
4.939102e-01	8.666580e-01	-1.253752e-01
5.136257e-01	8.660861e-01	-1.220202e-01
5.169103e-01	8.652723e-01	-1.220068e-01
5.214175e-01	8.639070e-01	-1.218982e-01
4.876668e-01	8.546829e-01	-1.794002e-02
5.240438e-01	8.525892e-01	-2.320437e-03
5.003223e-01	8.299409e-01	-1.029525e-01
5.145090e-01	8.281046e-01	-9.833530e-02
4.596901e-01	7.481683e-01	3.518290e-03
5.466753e-01	7.474554e-01	6.527810e-02
4.422483e-01	7.059231e-01	-4.289959e-02
5.660089e-01	6.934018e-01	6.014191e-02
4.443233e-01	6.384687e-01	-1.536350e-01
5.695719e-01	6.408560e-01	-5.586032e-02
4.414427e-01	6.077085e-01	-1.839046e-01
5.786179e-01	6.140614e-01	-8.429323e-02
4.553344e-01	6.091225e-01	-2.096514e-01
5.663759e-01	6.096412e-01	-1.066767e-01
4.596249e-01	6.161278e-01	-1.651499e-01
5.613425e-01	6.152846e-01	-6.944565e-02
4.716499e-01	4.932516e-01	-9.300141e-03
5.286747e-01	4.905813e-01	9.438097e-03
4.614388e-01	3.088843e-01	-3.764321e-02
5.416098e-01	3.108658e-01	-2.094905e-02
4.576009e-01	1.146141e-01	5.834006e-02
5.380346e-01	1.198047e-01	7.135440e-02
4.636326e-01	8.756427e-02	6.003762e-02
5.315583e-01	9.480111e-02	7.144556e-02
4.342944e-01	7.142623e-02	-7.018146e-02
5.583470e-01	6.582417e-02	-5.973683e-02
5.082921e-01	8.537616e-01	-1.315433e-01
5.028256e-01	8.711444e-01	-1.148707e-01
4.980738e-01	8.709259e-01	-1.149442e-01
4.943907e-01	8.703609e-01	-1.149081e-01
5.140668e-01	8.699566e-01	-1.115362e-01
5.173448e-01	8.692095e-01	-1.115192e-01
5.217314e-01	8.679998e-01	-1.114103e-01
4.881988e-01	8.587267e-01	-1.459928e-02
5.244085e-01	8.564541e-01	2.721103e-04
5.006796e-01	8.333750e-01	-9.473471e-02
5.148859e-01	8.316836e-01	-9.016539e-02
4.599684e-01	7.528305e-01	1.912530e-02
5.473884e-01	7.501781e-01	6.838302e-02
4.406438e-01	6.971241e-01	1.412362e-02
5.663825e-01	6.807265e-01	8.153605e-02
4.443734e-01	6.210309e-01	-7.252314e-02
5.701350e-01	6.214072e-01	-2.083309e-02
4.417152e-01	5.865337e-01	-1.017936e-01
5.788780e-01	5.926687e-01	-4.893420e-02
4.553197e-01	5.898952e-01	-1.286626e-01
5.678536e-01	5.909506e-01	-7.595430e-02
4.596084e-01	5.976418e-01	-8.439568e-02
5.627159e-01	5.983140e-01	-3.550889e-02
4.716677e-01	4.968855e-01	-8.818278e-03
5.286851e-01	4.941139e-01	8.938989e-03
4.620587e-01	3.105891e-01	-3.846915e-02
5.394975e-01	3.125373e-01	-2.166373e-02
4.577599e-01	1.149585e-01	5.237112e-02
5.381157e-01	1.203441e-01	6.022371e-02
4.640241e-01	8.808802e-02	5.366904e-02
5.320677e-01	9.508256e-02	5.971625e-02
4.342299e-01	7.216303e-02	-7.383268e-02
5.579284e-01	6.600188e-02	-7.154964e-02
5.086366e-01	8.563030e-01	-1.017437e-01
5.032910e-01	8.739004e-01	-8.464969e-02
4.985343e-01	8.737040e-01	-8.470836e-02
4.948797e-01	8.731485e-01	-8.465917e-02
5.145078e-01	8.726897e-01	-8.334356e-02
5.177751e-01	8.719538e-01	-8.333538e-02
5.220810e-01	8.708199e-01	-8.321039e-02
4.887885e-01	8.617473e-01	1.244489e-02
5.248380e-01	8.593568e-01	1.751590e-02
5.011013e-01	8.356765e-01	-6.611157e-02
5.152713e-01	8.343015e-01	-6.441625e-02
4.606268e-01	7.574404e-01	4.478560e-02
5.482762e-01	7.544441e-01	7.106549e-02
4.400574e-01	6.907740e-01	4.694660e-02
5.679604e-01	6.762344e-01	5.369728e-02
4.444025e-01	6.070316e-01	-2.735537e-02
5.705276e-01	6.058925e-01	-7.170127e-02
4.417859e-01	5.727407e-01	-5.712242e-02
5.798867e-01	5.781367e-01	-1.069823e-01
4.549070e-01	5.763158e-01	-8.493125e-02
5.697597e-01	5.778514e-01	-1.315360e-01
4.594545e-01	5.858915e-01	-4.008305e-02
5.643476e-01	5.863197e-01	-8.616439e-02
4.719139e-01	5.012854e-01	-7.112316e-03
5.288057e-01	4.990702e-01	7.274479e-03
4.628474e-01	3.105006e-01	-4.090987e-02
5.368854e-01	3.146940e-01	-3.532992e-02
4.581234e-01	1.152290e-01	4.837741e-02
5.381011e-01	1.206196e-01	5.256888e-02
4.647998e-01	8.820015e-02	4.951589e-02
5.321231e-01	9.522047e-02	5.215976e-02
4.342134e-01	7.239988e-02	-7.562789e-02
5.574182e-01	6.660943e-02	-7.962368e-02
5.088605e-01	8.578501e-01	-1.018658e-01
5.037576e-01	8.755679e-01	-8.512574e-02
4.990757e-01	8.755040e-01	-8.517842e-02
4.955014e-01	8.749960e-01	-8.513214e-02
5.148299e-01	8.738960e-01	-8.346124e-02
5.181212e-01	8.730134e-01	-8.345054e-02
5.223296e-01	8.717621e-01	-8.330555e-02
4.896074e-01	8.642245e-01	8.275683e-03
5.253872e-01	8.611183e-01	1.464261e-02
5.015050e-01	8.376238e-01	-6.779972e-02
5.155658e-01	8.359265e-01	-6.576496e-02
4.616895e-01	7.595497e-01	3.737955e-02
5.493914e-01	7.570464e-01	6.909758e-02
4.400590e-01	6.820733e-01	4.235516e-02
5.700023e-01	6.665114e-01	7.824220e-02
4.443222e-01	5.896209e-01	-3.283915e-02
5.723988e-01	5.850376e-01	-1.983254e-02
4.407043e-01	5.533350e-01	-6.260356e-02
5.818474e-01	5.570179e-01	-5.105929e-02
4.540125e-01	5.585488e-01	-9.081130e-02
5.710618e-01	5.566843e-01	-7.604297e-02
4.590844e-01	5.701178e-01	-4.537064e-02
5.655879e-01	5.659452e-01	-3.320580e-02
4.720532e-01	5.062706e-01	-5.694101e-03
5.288086e-01	5.040208e-01	5.873451e-03
4.635631e-01	3.133839e-01	-4.118736e-02
5.346305e-01	3.158872e-01	-4.132497e-02
4.581897e-01	1.154003e-01	4.423275e-02
5.381104e-01	1.210675e-01	4.533222e-02
4.649324e-01	8.828360e-02	4.534984e-02
5.323986e-01	9.539335e-02	4.521625e-02
4.343328e-01	7.295381e-02	-7.625304e-02
5.568877e-01	6.747171e-02	-8.280099e-02
5.091721e-01	8.601914e-01	-1.053546e-01
5.040629e-01	8.779000e-01	-8.825798e-02
4.994868e-01	8.779564e-01	-8.831070e-02
4.958869e-01	8.774972e-01	-8.827048e-02
5.152837e-01	8.759687e-01	-8.625156e-02
5.187084e-01	8.749952e-01	-8.623872e-02
5.227877e-01	8.736960e-01	-8.608691e-02
4.901958e-01	8.671079e-01	5.033291e-03
5.263640e-01	8.634622e-01	1.262040e-02
5.016905e-01	8.400363e-01	-7.142983e-02
5.159799e-01	8.382075e-01	-6.900128e-02
4.626478e-01	7.627090e-01	2.902361e-02
5.507505e-01	7.588678e-01	7.024577e-02
4.403880e-01	6.755516e-01	2.659606e-02
5.706723e-01	6.601155e-01	9.035654e-02
4.444598e-01	5.760179e-01	-5.214904e-02
5.730075e-01	5.719305e-01	6.873978e-03
4.407976e-01	5.369877e-01	-8.297046e-02
5.812577e-01	5.390731e-01	-2.062948e-02
4.528687e-01	5.393977e-01	-1.109797e-01
5.708796e-01	5.395909e-01	-4.741443e-02
4.582163e-01	5.521217e-01	-6.478484e-02
5.659539e-01	5.510330e-01	-6.695790e-03
4.720975e-01	5.115302e-01	-5.769701e-03
5.287653e-01	5.073634e-01	5.943212e-03
4.637790e-01	3.141250e-01	-4.357640e-02
5.328994e-01	3.166731e-01	-4.066695e-02
4.583983e-01	1.155897e-01	3.822462e-02
5.385218e-01	1.211855e-01	4.764049e-02
4.652922e-01	8.815946e-02	3.934904e-02
5.332301e-01	9.534989e-02	4.772039e-02
4.346493e-01	7.303163e-02	-7.811613e-02
5.569077e-01	6.773017e-02	-7.748057e-02
5.092694e-01	8.608404e-01	-1.152377e-01
5.040804e-01	8.781880e-01	-9.804641e-02
4.997317e-01	8.783670e-01	-9.810217e-02
4.960107e-01	8.779793e-01	-9.805860e-02
5.152901e-01	8.766347e-01	-9.591775e-02
5.189461e-01	8.758897e-01	-9.590800e-02
5.228424e-01	8.747518e-01	-9.577188e-02
4.905941e-01	8.685859e-01	-1.890401e-03
5.270076e-01	8.649166e-01	9.595795e-03
5.016893e-01	8.402867e-01	-8.013871e-02
5.160493e-01	8.387580e-01	-7.701190e-02
4.626505e-01	7.637039e-01	2.189456e-02
5.514707e-01	7.586828e-01	5.959835e-02
4.406144e-01	6.687794e-01	1.727959e-02
5.703835e-01	6.521696e-01	8.582045e-02
4.444386e-01	5.638312e-01	-7.059231e-02
5.731493e-01	5.549213e-01	9.871149e-03
4.408522e-01	5.234395e-01	-1.020479e-01
5.808347e-01	5.207917e-01	-1.680358e-02
4.514661e-01	5.249664e-01	-1.302275e-01
5.712487e-01	5.211521e-01	-4.674830e-02
4.567006e-01	5.382933e-01	-8.361365e-02
5.665854e-01	5.333858e-01	-4.575145e-03
4.723533e-01	5.116666e-01	-5.611275e-03
5.287660e-01	5.076386e-01	5.780743e-03
4.639607e-01	3.156841e-01	-4.385505e-02
5.327988e-01	3.166911e-01	-4.033761e-02
4.586464e-01	1.159888e-01	3.816017e-02
5.392171e-01	1.218565e-01	4.870487e-02
4.657859e-01	8.815142e-02	3.903670e-02
5.342972e-01	9.550473e-02	4.889110e-02
4.346495e-01	7.279539e-02	-8.055473e-02
5.569381e-01	6.773870e-02	-7.674322e-02
5.093898e-01	8.618547e-01	-1.187646e-01
5.041140e-01	8.788747e-01	-1.024440e-01
4.999472e-01	8.790073e-01	-1.025061e-01
4.961363e-01	8.785641e-01	-1.024602e-01
5.153022e-01	8.777491e-01	-9.977376e-02
5.191337e-01	8.771200e-01	-9.975712e-02
5.229236e-01	8.760722e-01	-9.962852e-02
4.909652e-01	8.690573e-01	-4.970935e-03
5.276313e-01	8.660225e-01	4.475892e-03
5.017553e-01	8.410571e-01	-8.263103e-02
5.162246e-01	8.399935e-01	-7.821232e-02
4.631330e-01	7.634680e-01	2.173564e-02
5.525595e-01	7.580438e-01	5.394635e-02
4.411060e-01	6.596181e-01	2.200050e-02
5.700114e-01	6.449327e-01	7.480240e-02
4.448648e-01	5.525785e-01	-6.475009e-02
5.730601e-01	5.429246e-01	-6.832079e-03
4.409890e-01	5.117416e-01	-9.626386e-02
5.805586e-01	5.056031e-01	-3.533953e-02
4.513896e-01	5.132868e-01	-1.253575e-01
5.715941e-01	5.043422e-01	-6.647167e-02
4.565195e-01	5.271291e-01	-7.839867e-02
5.670902e-01	5.176172e-01	-2.193662e-02
4.738302e-01	5.113271e-01	-4.749542e-03
5.291360e-01	5.072635e-01	4.904973e-03
4.643362e-01	3.161431e-01	-4.380053e-02
5.330178e-01	3.162698e-01	-4.043141e-02
4.585956e-01	1.159919e-01	4.154676e-02
5.398753e-01	1.228506e-01	5.087505e-02
4.657105e-01	8.778805e-02	4.254963e-02
5.351356e-01	9.601608e-02	5.126487e-02
4.346278e-01	7.246237e-02	-7.891161e-02
5.577049e-01	6.789656e-02	-7.585038e-02
5.094668e-01	8.623798e-01	-1.382060e-01
5.041154e-01	8.795822e-01	-1.200843e-01
5.000567e-01	8.796526e-01	-1.201383e-01
4.961744e-01	8.792663e-01	-1.201111e-01
5.153140e-01	8.785543e-01	-1.186324e-01
5.193009e-01	8.778982e-01	-1.186457e-01
5.230274e-01	8.768708e-01	-1.185244e-01
4.912054e-01	8.694592e-01	-2.239866e-02
5.281054e-01	8.665931e-01	-1.700035e-02
5.017726e-01	8.415092e-01	-1.024755e-01
5.163205e-01	8.405655e-01	-1.004462e-01
4.632570e-01	7.630723e-01	1.816563e-02
5.528123e-01	7.578374e-01	4.068009e-02
4.411654e-01	6.513620e-01	1.900942e-02
5.697267e-01	6.419059e-01	6.078924e-02
4.455500e-01	5.403002e-01	-5.003905e-02
5.728094e-01	5.332776e-01	-2.064444e-02
4.410588e-01	5.015535e-01	-7.824508e-02
5.802367e-01	4.936465e-01	-4.809751e-02
4.514403e-01	5.036803e-01	-1.079420e-01
5.712481e-01	4.923074e-01	-7.925748e-02
4.565257e-01	5.161023e-01	-6.349061e-02
5.669326e-01	5.062196e-01	-3.584468e-02
4.752615e-01	5.096686e-01	-4.641397e-03
5.300719e-01	5.062535e-01	4.792870e-03
4.645081e-01	3.157010e-01	-4.270493e-02
5.333068e-01	3.161161e-01	-3.774070e-02
4.586017e-01	1.159866e-01	4.240134e-02
5.400566e-01	1.235751e-01	5.299987e-02
4.657928e-01	8.730774e-02	4.326866e-02
5.351797e-01	9.618806e-02	5.365463e-02
4.346103e-01	7.243867e-02	-7.211542e-02
5.583089e-01	6.813630e-02	-7.030414e-02
5.094846e-01	8.626124e-01	-1.780560e-01
5.041137e-01	8.799013e-01	-1.603134e-01
5.001331e-01	8.799489e-01	-1.603674e-01
4.961980e-01	8.796140e-01	-1.603425e-01
5.153079e-01	8.789080e-01	-1.592064e-01
5.193785e-01	8.782253e-01	-1.592233e-01
5.230764e-01	8.772098e-01	-1.591220e-01
4.913805e-01	8.696396e-01	-5.897344e-02
5.284060e-01	8.668650e-01	-5.460998e-02
5.017682e-01	8.417397e-01	-1.404806e-01
5.163262e-01	8.408439e-01	-1.390412e-01
4.633936e-01	7.624326e-01	-9.628994e-03
5.532035e-01	7.576953e-01	7.133871e-03
4.412840e-01	6.439979e-01	7.413343e-03
5.695329e-01	6.384909e-01	3.640758e-02
4.455506e-01	5.280022e-01	-5.708743e-02
5.729746e-01	5.246205e-01	-4.688985e-02
4.407097e-01	4.899401e-01	-8.298344e-02
5.800736e-01	4.849006e-01	-7.385316e-02
4.499670e-01	4.910080e-01	-1.136146e-01
5.714177e-01	4.840437e-01	-1.061259e-01
4.552248e-01	5.041407e-01	-7.066880e-02
5.674266e-01	4.980954e-01	-6.235491e-02
4.766813e-01	5.085098e-01	-3.847945e-03
5.311701e-01	5.053703e-01	3.967283e-03
4.645196e-01	3.151957e-01	-3.888641e-02
5.336257e-01	3.159925e-01	-3.586432e-02
4.585680e-01	1.160437e-01	4.757490e-02
5.407149e-01	1.239995e-01	5.417274e-02
4.657938e-01	8.722953e-02	4.867557e-02
5.356680e-01	9.626878e-02	5.502668e-02
4.346000e-01	7.224414e-02	-6.627975e-02
5.585154e-01	6.818117e-02	-6.864195e-02
5.094770e-01	8.626892e-01	-2.123480e-01
5.041032e-01	8.800107e-01	-1.947851e-01
5.001586e-01	8.800243e-01	-1.948400e-01
4.961992e-01	8.797207e-01	-1.948173e-01
5.153023e-01	8.790628e-01	-1.941559e-01
5.193740e-01	8.783640e-01	-1.941788e-01
5.230700e-01	8.773525e-01	-1.940835e-01
4.915156e-01	8.694807e-01	-9.007077e-02
5.285531e-01	8.668742e-01	-8.824710e-02
5.017599e-01	8.417973e-01	-1.732412e-01
5.163113e-01	8.409892e-01	-1.725626e-01
4.634435e-01	7.615951e-01	-3.314547e-02
5.533202e-01	7.572049e-01	-2.412867e-02
4.413318e-01	6.383095e-01	-3.797153e-03
5.689825e-01	6.340268e-01	3.359606e-02
4.456552e-01	5.183133e-01	-6.771187e-02
5.728611e-01	5.183832e-01	-7.286336e-02
4.407701e-01	4.779226e-01	-9.306766e-02
5.797648e-01	4.791469e-01	-1.005183e-01
4.496144e-01	4.782329e-01	-1.245935e-01
5.712100e-01	4.781592e-01	-1.330661e-01
4.547898e-01	4.920799e-01	-8.148990e-02
5.671864e-01	4.925543e-01	-8.832539e-02
4.772003e-01	5.077343e-01	-1.129520e-03
5.315942e-01	5.047154e-01	1.199500e-03
4.646768e-01	3.139941e-01	-2.454454e-02
5.337883e-01	3.154892e-01	-2.995843e-02
4.585735e-01	1.161619e-01	7.115799e-02
5.413564e-01	1.242164e-01	6.711823e-02
4.658608e-01	8.722619e-02	7.337575e-02
5.366400e-01	9.671578e-02	6.890555e-02
4.345759e-01	7.191771e-02	-4.235774e-02
5.583475e-01	6.867293e-02	-5.590175e-02
5.094756e-01	8.628623e-01	-2.700672e-01
5.040947e-01	8.802198e-01	-2.532470e-01
5.001882e-01	8.802300e-01	-2.533046e-01
4.962064e-01	8.799489e-01	-2.532828e-01
5.152904e-01	8.792540e-01	-2.527141e-01
5.194026e-01	8.785371e-01	-2.527458e-01
5.230886e-01	8.775048e-01	-2.526633e-01
4.915947e-01	8.695554e-01	-1.441472e-01
5.287062e-01	8.670186e-01	-1.429302e-01
5.017526e-01	8.419547e-01	-2.287161e-01
5.163046e-01	8.411404e-01	-2.282053e-01
4.634300e-01	7.610359e-01	-7.381519e-02
5.533490e-01	7.568404e-01	-6.980637e-02
4.414125e-01	6.347086e-01	-6.367332e-03
5.680314e-01	6.287703e-01	-2.679311e-02
4.456561e-01	5.116116e-01	-9.478734e-02
5.726860e-01	5.102657e-01	-8.631651e-02
4.405933e-01	4.700634e-01	-1.204239e-01
5.776650e-01	4.699397e-01	-1.184970e-01
4.488214e-01	4.706587e-01	-1.521233e-01
5.703355e-01	4.684260e-01	-1.513707e-01
4.537919e-01	4.845030e-01	-1.085732e-01
5.667964e-01	4.828439e-01	-1.044108e-01
4.771529e-01	5.074177e-01	1.406067e-03
5.317780e-01	5.045260e-01	-1.374935e-03
4.650953e-01	3.135592e-01	-6.831954e-03
5.337024e-01	3.153178e-01	-1.679950e-02
4.586665e-01	1.165525e-01	9.517668e-02
5.414687e-01	1.243095e-01	8.840705e-02
4.661818e-01	8.722626e-02	9.810267e-02
5.369456e-01	9.682608e-02	9.113400e-02
4.345491e-01	7.186230e-02	-1.617092e-02
5.579568e-01	6.939918e-02	-3.227091e-02
