5.563722e-01	7.629275e-01	-3.243073e-01
5.505407e-01	7.797230e-01	-3.070951e-01
5.464117e-01	7.796484e-01	-3.071177e-01
5.422737e-01	7.791415e-01	-3.070785e-01
5.621987e-01	7.804435e-01	-3.078757e-01
5.665110e-01	7.806462e-01	-3.079010e-01
5.706323e-01	7.804874e-01	-3.078794e-01
5.387952e-01	7.723781e-01	-1.842358e-01
5.768062e-01	7.736861e-01	-1.857214e-01
5.497842e-01	7.421874e-01	-2.770367e-01
5.642158e-01	7.433482e-01	-2.766297e-01
5.108506e-01	6.656264e-01	-8.111466e-02
6.082814e-01	6.643124e-01	-8.092617e-02
5.046774e-01	5.649033e-01	1.985945e-02
6.211748e-01	5.459216e-01	2.142854e-02
5.167819e-01	4.643113e-01	3.380159e-04
6.218873e-01	4.439270e-01	-1.447405e-02
5.188575e-01	4.346569e-01	-1.635393e-02
6.265499e-01	4.041927e-01	-3.343580e-02
5.227513e-01	4.368251e-01	-4.937214e-02
6.221381e-01	4.055822e-01	-6.711467e-02
5.242702e-01	4.525259e-01	-1.404012e-02
6.165332e-01	4.206370e-01	-2.839282e-02
5.356123e-01	4.021657e-01	-3.637708e-03
5.883276e-01	4.033428e-01	3.560024e-03
5.259797e-01	2.380897e-01	8.317379e-04
5.985105e-01	2.357938e-01	1.498822e-02
5.291438e-01	9.734964e-02	2.409444e-01
5.885761e-01	9.377337e-02	2.710036e-01
5.394760e-01	7.647824e-02	2.567308e-01
5.803659e-01	7.545182e-02	2.882484e-01
5.086660e-01	3.030321e-02	1.314771e-01
6.141072e-01	3.423294e-02	1.659736e-01
5.564710e-01	7.626367e-01	-3.091947e-01
5.507650e-01	7.797374e-01	-2.955453e-01
5.466277e-01	7.796743e-01	-2.955476e-01
5.427918e-01	7.792473e-01	-2.955219e-01
5.624353e-01	7.804331e-01	-2.981693e-01
5.666481e-01	7.806267e-01	-2.981992e-01
5.708392e-01	7.804760e-01	-2.981735e-01
5.390542e-01	7.726629e-01	-1.838086e-01
5.771273e-01	7.736730e-01	-1.921852e-01
5.498894e-01	7.419907e-01	-2.658888e-01
5.643175e-01	7.429965e-01	-2.687159e-01
5.110327e-01	6.641569e-01	-8.430514e-02
6.088689e-01	6.648214e-01	-9.247229e-02
5.064153e-01	5.552648e-01	2.716788e-02
6.213056e-01	5.464066e-01	2.442414e-02
5.188885e-01	4.572192e-01	6.480901e-02
6.225091e-01	4.431874e-01	4.511861e-02
5.208167e-01	4.290420e-01	6.253669e-02
6.267738e-01	4.038888e-01	3.739272e-02
5.267059e-01	4.316816e-01	3.085298e-02
6.223993e-01	4.048663e-01	6.059823e-03
5.287845e-01	4.443424e-01	5.331672e-02
6.169335e-01	4.191488e-01	3.330633e-02
5.357828e-01	4.027166e-01	2.660345e-03
5.884507e-01	4.054929e-01	-2.768819e-03
5.259959e-01	2.397565e-01	3.139325e-02
6.002207e-01	2.384394e-01	2.920770e-02
5.286791e-01	9.943051e-02	2.414351e-01
5.887205e-01	9.645367e-02	2.584760e-01
5.371827e-01	8.027435e-02	2.567200e-01
5.804888e-01	7.918998e-02	2.725870e-01
5.086775e-01	3.479591e-02	1.427351e-01
6.140314e-01	3.597127e-02	1.575587e-01
5.564610e-01	7.566818e-01	-3.121244e-01
5.507425e-01	7.748436e-01	-2.958589e-01
5.466044e-01	7.748333e-01	-2.958716e-01
5.428001e-01	7.746454e-01	-2.958012e-01
5.624310e-01	7.754118e-01	-3.000901e-01
5.665749e-01	7.756844e-01	-3.001237e-01
5.707499e-01	7.758073e-01	-3.000878e-01
5.388656e-01	7.675946e-01	-1.969694e-01
5.770632e-01	7.694353e-01	-2.112159e-01
5.498642e-01	7.357838e-01	-2.672180e-01
5.642740e-01	7.370744e-01	-2.706072e-01
5.110233e-01	6.609282e-01	-9.379716e-02
6.089284e-01	6.635996e-01	-1.051900e-01
5.070120e-01	5.558150e-01	6.021924e-02
6.213017e-01	5.501049e-01	4.883059e-02
5.204033e-01	4.596192e-01	1.755929e-01
6.228094e-01	4.440204e-01	1.321443e-01
5.236636e-01	4.323161e-01	1.908283e-01
6.267231e-01	4.056695e-01	1.378846e-01
5.294467e-01	4.354374e-01	1.587110e-01
6.224344e-01	4.064243e-01	1.091464e-01
5.312176e-01	4.449918e-01	1.663980e-01
6.170887e-01	4.208377e-01	1.231515e-01
5.357631e-01	4.014917e-01	5.850574e-03
5.884684e-01	4.050373e-01	-6.007240e-03
5.259098e-01	2.397464e-01	4.307307e-02
6.006867e-01	2.386626e-01	3.942724e-02
5.282155e-01	1.003392e-01	2.568565e-01
5.886916e-01	9.645204e-02	2.628816e-01
5.360928e-01	8.182126e-02	2.720390e-01
5.803816e-01	7.939730e-02	2.751412e-01
5.085497e-01	3.691875e-02	1.661609e-01
6.138788e-01	3.605879e-02	1.662569e-01
5.558789e-01	7.416865e-01	-3.340159e-01
5.499927e-01	7.629516e-01	-3.264557e-01
5.461358e-01	7.630492e-01	-3.264559e-01
5.422515e-01	7.632130e-01	-3.264580e-01
5.619315e-01	7.630371e-01	-3.287460e-01
5.660866e-01	7.632761e-01	-3.287979e-01
5.701529e-01	7.635490e-01	-3.287947e-01
5.376971e-01	7.569488e-01	-2.320613e-01
5.765763e-01	7.587579e-01	-2.421333e-01
5.490787e-01	7.228925e-01	-2.941928e-01
5.636644e-01	7.235544e-01	-2.965602e-01
5.101026e-01	6.511093e-01	-1.258367e-01
6.088662e-01	6.554701e-01	-1.286521e-01
5.096041e-01	5.504157e-01	4.698870e-02
6.212770e-01	5.394620e-01	4.151499e-02
5.252268e-01	4.527900e-01	1.731030e-01
6.186505e-01	4.356409e-01	1.311310e-01
5.290022e-01	4.287605e-01	1.913457e-01
6.190529e-01	4.033061e-01	1.387304e-01
5.324160e-01	4.318868e-01	1.619337e-01
6.159168e-01	4.042759e-01	1.142930e-01
5.334188e-01	4.377627e-01	1.653403e-01
6.137511e-01	4.166572e-01	1.242524e-01
5.349239e-01	3.956203e-01	6.127415e-03
5.883321e-01	3.988381e-01	-6.302064e-03
5.251865e-01	2.396230e-01	5.531002e-02
6.008300e-01	2.372842e-01	5.854734e-02
5.269767e-01	1.013231e-01	2.955888e-01
5.880734e-01	9.751081e-02	3.079891e-01
5.340910e-01	8.311024e-02	3.139259e-01
5.796792e-01	8.138243e-02	3.253370e-01
5.076749e-01	3.755997e-02	2.103138e-01
6.126958e-01	3.640723e-02	2.148119e-01
5.550990e-01	7.274065e-01	-3.320071e-01
5.491840e-01	7.478839e-01	-3.232889e-01
5.454417e-01	7.482417e-01	-3.232844e-01
5.414302e-01	7.486582e-01	-3.232884e-01
5.613227e-01	7.478911e-01	-3.246574e-01
5.654725e-01	7.483855e-01	-3.247094e-01
5.693410e-01	7.489949e-01	-3.247093e-01
5.365092e-01	7.439328e-01	-2.249485e-01
5.751048e-01	7.456173e-01	-2.313536e-01
5.482292e-01	7.083750e-01	-2.914304e-01
5.627496e-01	7.087707e-01	-2.927909e-01
5.087653e-01	6.400518e-01	-1.231260e-01
6.063648e-01	6.422754e-01	-1.191333e-01
5.138434e-01	5.333447e-01	2.103375e-02
6.200987e-01	5.319287e-01	4.861077e-02
5.297461e-01	4.352169e-01	1.176465e-01
6.132670e-01	4.341828e-01	1.478308e-01
5.318872e-01	4.075135e-01	1.281265e-01
6.133801e-01	4.032997e-01	1.557929e-01
5.329963e-01	4.087574e-01	9.833989e-02
6.108658e-01	4.040867e-01	1.336644e-01
5.371562e-01	4.218592e-01	1.080910e-01
6.098875e-01	4.166733e-01	1.417883e-01
5.344831e-01	3.832912e-01	5.725411e-03
5.876812e-01	3.880984e-01	-5.904566e-03
5.251908e-01	2.340069e-01	6.351089e-02
6.002361e-01	2.303118e-01	6.875925e-02
5.265576e-01	1.008842e-01	3.028845e-01
5.872347e-01	9.745659e-02	3.202631e-01
5.333096e-01	8.294877e-02	3.214394e-01
5.789348e-01	8.142512e-02	3.380835e-01
5.064511e-01	3.768991e-02	2.227751e-01
6.115525e-01	3.655698e-02	2.292747e-01
5.536238e-01	7.135664e-01	-3.374143e-01
5.478698e-01	7.324575e-01	-3.277897e-01
5.443860e-01	7.327048e-01	-3.277920e-01
5.402730e-01	7.329287e-01	-3.278206e-01
5.600482e-01	7.328696e-01	-3.305229e-01
5.643175e-01	7.335775e-01	-3.305756e-01
5.679639e-01	7.343152e-01	-3.305813e-01
5.359004e-01	7.275391e-01	-2.246612e-01
5.737330e-01	7.308464e-01	-2.391573e-01
5.471681e-01	6.937327e-01	-2.956147e-01
5.613035e-01	6.945887e-01	-2.990308e-01
5.084308e-01	6.268655e-01	-1.224675e-01
6.055480e-01	6.218319e-01	-1.225332e-01
5.146906e-01	5.288246e-01	1.759391e-02
6.187393e-01	5.196645e-01	4.970459e-02
5.303091e-01	4.268133e-01	1.099580e-01
6.121497e-01	4.180123e-01	1.553109e-01
5.316471e-01	3.953416e-01	1.203397e-01
6.142944e-01	3.940337e-01	1.648501e-01
5.328022e-01	3.962042e-01	9.024723e-02
6.115466e-01	3.818264e-01	1.421981e-01
5.358855e-01	4.122580e-01	1.001090e-01
6.099638e-01	3.959451e-01	1.494793e-01
5.334870e-01	3.721355e-01	6.211764e-03
5.867243e-01	3.773412e-01	-6.413051e-03
5.251933e-01	2.282924e-01	5.983732e-02
6.002235e-01	2.239549e-01	5.889376e-02
5.264565e-01	9.838985e-02	3.109449e-01
5.868515e-01	9.727852e-02	3.203291e-01
5.334942e-01	8.090458e-02	3.306528e-01
5.786450e-01	8.132125e-02	3.392330e-01
5.052107e-01	3.751449e-02	2.312509e-01
6.110996e-01	3.655316e-02	2.281894e-01
5.531178e-01	6.919495e-01	-3.301346e-01
5.473160e-01	7.131082e-01	-3.232889e-01
5.439164e-01	7.133811e-01	-3.232901e-01
5.398780e-01	7.135827e-01	-3.233337e-01
5.594547e-01	7.138011e-01	-3.288936e-01
5.636965e-01	7.144635e-01	-3.289085e-01
5.672456e-01	7.151188e-01	-3.289036e-01
5.359198e-01	7.084842e-01	-2.179451e-01
5.734438e-01	7.114300e-01	-2.342038e-01
5.469397e-01	6.728374e-01	-2.892985e-01
5.609499e-01	6.746601e-01	-2.974314e-01
5.088119e-01	6.122183e-01	-1.138322e-01
6.053206e-01	6.116563e-01	-1.234115e-01
5.145952e-01	5.337319e-01	6.962515e-02
6.178551e-01	5.152907e-01	5.139626e-02
5.295435e-01	4.297662e-01	2.100949e-01
6.104463e-01	4.042764e-01	1.714695e-01
5.319125e-01	4.025833e-01	2.311901e-01
6.150105e-01	3.708825e-01	1.849006e-01
5.328686e-01	4.036156e-01	2.012604e-01
6.118039e-01	3.671528e-01	1.615895e-01
5.351911e-01	4.187450e-01	2.015399e-01
6.098413e-01	3.809571e-01	1.658951e-01
5.328556e-01	3.596802e-01	9.084336e-03
5.859957e-01	3.640921e-01	-9.299575e-03
5.252841e-01	2.211559e-01	6.337661e-02
5.998070e-01	2.181661e-01	5.376307e-02
5.264547e-01	9.744404e-02	3.067337e-01
5.862335e-01	9.608787e-02	3.084388e-01
5.335614e-01	8.041678e-02	3.258382e-01
5.781752e-01	8.086050e-02	3.265188e-01
5.049539e-01	3.739095e-02	2.319961e-01
6.105422e-01	3.646070e-02	2.170184e-01
5.521951e-01	6.743742e-01	-3.260445e-01
5.464619e-01	6.963737e-01	-3.154709e-01
5.430349e-01	6.967331e-01	-3.154827e-01
5.390422e-01	6.968362e-01	-3.154766e-01
5.583297e-01	6.969706e-01	-3.254122e-01
5.625302e-01	6.976000e-01	-3.254681e-01
5.660533e-01	6.980342e-01	-3.254408e-01
5.356820e-01	6.924797e-01	-1.969964e-01
5.725914e-01	6.952115e-01	-2.279736e-01
5.464439e-01	6.568099e-01	-2.793952e-01
5.601386e-01	6.584816e-01	-2.912844e-01
5.091170e-01	6.082850e-01	-7.937089e-02
6.038582e-01	6.078134e-01	-1.181633e-01
5.124433e-01	5.613766e-01	8.116154e-02
6.146759e-01	5.189050e-01	7.558833e-02
5.226835e-01	5.335519e-01	1.969798e-01
6.110512e-01	4.041331e-01	2.289522e-01
5.212435e-01	5.052117e-01	2.145797e-01
6.154169e-01	3.716041e-01	2.477245e-01
5.200745e-01	5.045837e-01	1.852354e-01
6.125055e-01	3.689873e-01	2.212771e-01
5.218188e-01	5.088446e-01	1.876319e-01
6.094818e-01	3.830975e-01	2.234735e-01
5.317680e-01	3.486226e-01	9.685863e-03
5.845352e-01	3.515988e-01	-9.866559e-03
5.250083e-01	2.152385e-01	7.436357e-02
5.995954e-01	2.116298e-01	5.328128e-02
5.261391e-01	9.595751e-02	3.172952e-01
5.849074e-01	9.490141e-02	3.096988e-01
5.333241e-01	7.948851e-02	3.369703e-01
5.763878e-01	8.043939e-02	3.289360e-01
5.037212e-01	3.734628e-02	2.493236e-01
6.091129e-01	3.658279e-02	2.267740e-01
5.504255e-01	6.570101e-01	-2.653649e-01
5.452174e-01	6.793570e-01	-2.523035e-01
5.416602e-01	6.801361e-01	-2.523174e-01
5.378277e-01	6.806353e-01	-2.522739e-01
5.567052e-01	6.789855e-01	-2.576866e-01
5.609532e-01	6.795475e-01	-2.577204e-01
5.646609e-01	6.798671e-01	-2.577081e-01
5.348195e-01	6.782987e-01	-1.399036e-01
5.718004e-01	6.785473e-01	-1.639197e-01
5.451803e-01	6.419758e-01	-2.208132e-01
5.584279e-01	6.422788e-01	-2.270558e-01
5.096103e-01	6.019515e-01	-5.941085e-02
6.003662e-01	5.979259e-01	-6.546357e-02
5.132824e-01	5.690963e-01	-6.169406e-02
6.082039e-01	5.285847e-01	1.459127e-01
5.195381e-01	5.593690e-01	-1.404885e-01
6.062840e-01	4.583391e-01	3.362874e-01
5.209740e-01	5.502773e-01	-1.556186e-01
6.125807e-01	4.016480e-01	3.585405e-01
5.214316e-01	5.516914e-01	-1.799716e-01
6.085059e-01	3.972915e-01	3.364891e-01
5.232809e-01	5.479327e-01	-1.536454e-01
6.051154e-01	4.289009e-01	3.334527e-01
5.304705e-01	3.371606e-01	6.450350e-03
5.830131e-01	3.399599e-01	-6.562923e-03
5.234874e-01	2.052790e-01	4.305653e-02
5.993327e-01	2.002183e-01	3.501188e-02
5.256218e-01	9.512457e-02	3.138400e-01
5.835168e-01	9.295695e-02	2.982156e-01
5.330904e-01	7.938085e-02	3.240492e-01
5.735809e-01	8.004857e-02	3.202382e-01
5.024744e-01	3.667893e-02	2.265824e-01
6.077121e-01	3.624807e-02	2.171927e-01
5.496287e-01	6.419696e-01	-2.234790e-01
5.446544e-01	6.628159e-01	-2.091380e-01
5.410259e-01	6.639358e-01	-2.091449e-01
5.372103e-01	6.649715e-01	-2.090838e-01
5.559748e-01	6.623047e-01	-2.164035e-01
5.601544e-01	6.630041e-01	-2.164331e-01
5.638527e-01	6.635851e-01	-2.164018e-01
5.339980e-01	6.642546e-01	-9.703570e-02
5.708899e-01	6.632971e-01	-1.301276e-01
5.442776e-01	6.276032e-01	-1.792339e-01
5.574022e-01	6.275827e-01	-1.877533e-01
5.104293e-01	5.929118e-01	-2.613301e-02
5.974740e-01	5.836883e-01	-4.859059e-02
5.145951e-01	5.671716e-01	-3.919966e-02
6.024036e-01	5.233883e-01	1.241459e-01
5.207716e-01	5.376312e-01	-1.163508e-01
6.028352e-01	4.538534e-01	2.865951e-01
5.211152e-01	5.260130e-01	-1.359107e-01
6.069089e-01	4.035150e-01	3.005323e-01
5.230356e-01	5.290315e-01	-1.571823e-01
6.053399e-01	4.007012e-01	2.777518e-01
5.244812e-01	5.309276e-01	-1.288787e-01
6.003991e-01	4.283126e-01	2.822649e-01
5.288684e-01	3.266582e-01	4.358194e-03
5.813895e-01	3.284097e-01	-4.385316e-03
5.223264e-01	1.942116e-01	2.752118e-02
5.994751e-01	1.912594e-01	3.575931e-03
5.252533e-01	9.467329e-02	3.023024e-01
5.825978e-01	9.115271e-02	2.721255e-01
5.330149e-01	7.914573e-02	3.170218e-01
5.721524e-01	7.821233e-02	2.939222e-01
5.017067e-01	3.521229e-02	2.266653e-01
6.062385e-01	3.427619e-02	1.978067e-01
5.498517e-01	6.290328e-01	-1.769253e-01
5.447297e-01	6.480299e-01	-1.641986e-01
5.411152e-01	6.487866e-01	-1.641925e-01
5.372684e-01	6.494973e-01	-1.641559e-01
5.561544e-01	6.480978e-01	-1.721032e-01
5.603349e-01	6.487969e-01	-1.721414e-01
5.640619e-01	6.493396e-01	-1.720927e-01
5.337526e-01	6.473646e-01	-6.673895e-02
5.710010e-01	6.479700e-01	-1.014611e-01
5.443367e-01	6.135637e-01	-1.373650e-01
5.576139e-01	6.141959e-01	-1.469111e-01
5.125363e-01	5.777045e-01	-2.409988e-02
5.957911e-01	5.757155e-01	-6.784490e-02
5.148969e-01	5.653388e-01	-1.577920e-01
6.020063e-01	5.400298e-01	-6.334165e-02
5.181457e-01	5.512271e-01	-3.340670e-01
5.965589e-01	5.139397e-01	-2.177142e-02
5.189677e-01	5.552413e-01	-3.712618e-01
6.009979e-01	5.120381e-01	-3.296006e-02
5.228608e-01	5.550624e-01	-3.772606e-01
5.955032e-01	5.159172e-01	-4.002931e-02
5.252291e-01	5.496606e-01	-3.439613e-01
5.922011e-01	5.114362e-01	-2.534388e-02
5.280924e-01	3.159841e-01	6.876213e-03
5.807830e-01	3.166968e-01	-6.748750e-03
5.215267e-01	1.851828e-01	3.024545e-02
5.980746e-01	1.796357e-01	1.235197e-02
5.250491e-01	9.357584e-02	3.014873e-01
5.820547e-01	9.010245e-02	2.890893e-01
5.330443e-01	7.881939e-02	3.222150e-01
5.716189e-01	7.686321e-02	3.125313e-01
5.017334e-01	3.329825e-02	2.407272e-01
6.060129e-01	3.147266e-02	2.214707e-01
5.495634e-01	6.162875e-01	-1.561457e-01
5.445952e-01	6.347970e-01	-1.435409e-01
5.410351e-01	6.354709e-01	-1.435411e-01
5.372196e-01	6.360292e-01	-1.435252e-01
5.558251e-01	6.343263e-01	-1.493704e-01
5.599424e-01	6.346937e-01	-1.494128e-01
5.636704e-01	6.350078e-01	-1.493455e-01
5.337762e-01	6.325923e-01	-5.033420e-02
5.708328e-01	6.331015e-01	-7.659219e-02
5.442236e-01	6.011191e-01	-1.187705e-01
5.572699e-01	6.014559e-01	-1.258210e-01
5.155541e-01	5.662661e-01	-2.876208e-02
5.940689e-01	5.671924e-01	-6.811208e-02
5.148617e-01	5.642601e-01	-2.009248e-01
5.976861e-01	5.449301e-01	-1.884807e-01
5.181577e-01	5.545382e-01	-3.747194e-01
5.914729e-01	5.359474e-01	-2.860056e-01
5.191076e-01	5.499415e-01	-4.146937e-01
5.982344e-01	5.359102e-01	-3.172351e-01
5.236460e-01	5.539208e-01	-4.136693e-01
5.928825e-01	5.392802e-01	-3.196544e-01
5.253049e-01	5.460520e-01	-3.815778e-01
5.898989e-01	5.351759e-01	-2.923941e-01
5.279600e-01	3.052913e-01	8.075600e-03
5.805750e-01	3.072805e-01	-7.960350e-03
5.211275e-01	1.787848e-01	2.468579e-02
5.975592e-01	1.747545e-01	1.912737e-02
5.245627e-01	9.078722e-02	2.726158e-01
5.816689e-01	8.851007e-02	2.695066e-01
5.329012e-01	7.578447e-02	2.928056e-01
5.711619e-01	7.531540e-02	2.903634e-01
5.013747e-01	3.087017e-02	2.191735e-01
6.058626e-01	3.023648e-02	2.060618e-01
5.475595e-01	6.013455e-01	-1.373909e-01
5.433172e-01	6.210507e-01	-1.251926e-01
5.397603e-01	6.220264e-01	-1.251641e-01
5.361659e-01	6.229551e-01	-1.251436e-01
5.539514e-01	6.207640e-01	-1.320089e-01
5.581184e-01	6.216003e-01	-1.320562e-01
5.620528e-01	6.223063e-01	-1.319570e-01
5.330942e-01	6.215198e-01	-3.343367e-02
5.701574e-01	6.218541e-01	-6.509025e-02
5.428126e-01	5.871267e-01	-1.002758e-01
5.552803e-01	5.879446e-01	-1.089776e-01
5.162609e-01	5.576479e-01	-7.753351e-03
5.927286e-01	5.574418e-01	-5.201650e-02
5.144871e-01	5.605188e-01	-1.433769e-01
5.956262e-01	5.439118e-01	-1.114745e-01
5.174873e-01	5.473157e-01	-2.882815e-01
5.892617e-01	5.329775e-01	-1.379131e-01
5.185921e-01	5.452220e-01	-3.202071e-01
5.938618e-01	5.313060e-01	-1.552114e-01
5.238934e-01	5.451002e-01	-3.197629e-01
5.908460e-01	5.336008e-01	-1.609796e-01
5.256371e-01	5.421475e-01	-2.942255e-01
5.883016e-01	5.298827e-01	-1.428486e-01
5.278810e-01	2.963772e-01	7.975684e-03
5.805215e-01	2.979719e-01	-7.869035e-03
5.211092e-01	1.674840e-01	2.192566e-02
5.975741e-01	1.667375e-01	-7.078748e-04
5.229524e-01	8.884919e-02	2.673150e-01
5.815628e-01	8.752444e-02	2.484524e-01
5.317422e-01	7.409535e-02	2.881607e-01
5.705265e-01	7.521509e-02	2.703731e-01
4.998771e-01	2.992195e-02	2.184389e-01
6.058448e-01	2.970543e-02	1.953038e-01
5.464907e-01	5.928165e-01	-1.287866e-01
5.425854e-01	6.130225e-01	-1.158721e-01
5.391005e-01	6.142583e-01	-1.158729e-01
5.356652e-01	6.154639e-01	-1.158660e-01
5.528616e-01	6.124874e-01	-1.210068e-01
5.570269e-01	6.134579e-01	-1.210656e-01
5.610748e-01	6.143848e-01	-1.209650e-01
5.329365e-01	6.153602e-01	-2.444282e-02
5.693704e-01	6.153701e-01	-4.881000e-02
5.420973e-01	5.787827e-01	-9.211676e-02
5.541040e-01	5.793517e-01	-9.862079e-02
5.168723e-01	5.525238e-01	-1.522663e-02
5.927594e-01	5.523152e-01	-5.081495e-02
5.144467e-01	5.549464e-01	-2.150056e-01
5.950972e-01	5.432627e-01	-2.071694e-01
5.174220e-01	5.449224e-01	-4.096910e-01
5.876993e-01	5.316634e-01	-3.357182e-01
5.180531e-01	5.459415e-01	-4.524609e-01
5.920736e-01	5.349204e-01	-3.689628e-01
5.240337e-01	5.439463e-01	-4.434621e-01
5.868970e-01	5.347014e-01	-3.691885e-01
5.258096e-01	5.372834e-01	-4.136595e-01
5.842010e-01	5.307006e-01	-3.418452e-01
5.280188e-01	2.888232e-01	7.431501e-03
5.806485e-01	2.906742e-01	-7.318071e-03
5.218130e-01	1.523918e-01	2.023098e-02
5.977066e-01	1.619245e-01	-2.236059e-02
5.223877e-01	8.872954e-02	2.714601e-01
5.816572e-01	8.650590e-02	2.306308e-01
5.314000e-01	7.409484e-02	2.887119e-01
5.703779e-01	7.492597e-02	2.541164e-01
4.997358e-01	2.960470e-02	2.376396e-01
6.051990e-01	2.979842e-02	1.898710e-01
5.464649e-01	5.844369e-01	-1.317255e-01
5.423972e-01	6.037166e-01	-1.194454e-01
5.388554e-01	6.050317e-01	-1.194453e-01
5.354140e-01	6.063403e-01	-1.194474e-01
5.527466e-01	6.031027e-01	-1.234989e-01
5.568646e-01	6.040656e-01	-1.235425e-01
5.608492e-01	6.049929e-01	-1.234229e-01
5.326375e-01	6.070020e-01	-2.896817e-02
5.688330e-01	6.067280e-01	-4.801099e-02
5.418280e-01	5.708465e-01	-9.521128e-02
5.539940e-01	5.709960e-01	-1.001762e-01
5.169287e-01	5.456262e-01	-2.263571e-02
5.925619e-01	5.461647e-01	-4.674792e-02
5.142893e-01	5.453976e-01	-2.400931e-01
5.954117e-01	5.397575e-01	-1.976628e-01
5.187827e-01	5.392163e-01	-4.511595e-01
5.877628e-01	5.250960e-01	-3.262884e-01
5.183457e-01	5.403944e-01	-4.984446e-01
5.921778e-01	5.260840e-01	-3.607100e-01
5.256151e-01	5.383194e-01	-4.889048e-01
5.882751e-01	5.247340e-01	-3.621433e-01
5.273878e-01	5.314612e-01	-4.554555e-01
5.834142e-01	5.198677e-01	-3.331777e-01
5.280966e-01	2.824549e-01	6.876553e-03
5.807812e-01	2.833974e-01	-6.746316e-03
5.229753e-01	1.401095e-01	1.790982e-02
5.976688e-01	1.509258e-01	-3.463863e-03
5.220824e-01	8.677762e-02	2.736298e-01
5.814774e-01	8.476952e-02	2.518103e-01
5.307958e-01	7.303067e-02	2.919840e-01
5.698224e-01	7.426296e-02	2.835712e-01
4.994749e-01	2.909802e-02	2.378430e-01
6.045687e-01	2.861983e-02	2.322786e-01
5.466838e-01	5.781342e-01	-1.272400e-01
5.424175e-01	5.985062e-01	-1.157171e-01
5.388047e-01	5.999342e-01	-1.157134e-01
5.352950e-01	6.013814e-01	-1.157091e-01
5.529545e-01	5.975376e-01	-1.177141e-01
5.570788e-01	5.982630e-01	-1.177569e-01
5.610489e-01	5.989508e-01	-1.176410e-01
5.322453e-01	6.018038e-01	-3.083249e-02
5.687774e-01	5.994794e-01	-4.028743e-02
5.418435e-01	5.640062e-01	-9.286471e-02
5.541936e-01	5.637478e-01	-9.510399e-02
5.167091e-01	5.418038e-01	-2.863543e-02
5.917762e-01	5.407887e-01	-4.426387e-02
5.141716e-01	5.389836e-01	-2.462442e-01
5.959874e-01	5.355117e-01	-2.343028e-01
5.212845e-01	5.358581e-01	-4.389215e-01
5.877537e-01	5.239710e-01	-4.064984e-01
5.209042e-01	5.373749e-01	-4.837023e-01
5.925258e-01	5.253661e-01	-4.463942e-01
5.298904e-01	5.351710e-01	-4.708392e-01
5.882794e-01	5.219051e-01	-4.454122e-01
5.317419e-01	5.298275e-01	-4.413583e-01
5.824235e-01	5.172266e-01	-4.140786e-01
5.279304e-01	2.801849e-01	5.579547e-03
5.807893e-01	2.797802e-01	-5.482789e-03
5.229555e-01	1.414068e-01	8.554405e-03
5.970854e-01	1.457023e-01	-3.798846e-04
5.220243e-01	8.642901e-02	2.647625e-01
5.806998e-01	8.404634e-02	2.512538e-01
5.305787e-01	7.284993e-02	2.864990e-01
5.690776e-01	7.377930e-02	2.762962e-01
4.994252e-01	2.884426e-02	2.330012e-01
6.044420e-01	2.720875e-02	2.220233e-01
5.463234e-01	5.780591e-01	-1.150752e-01
5.420603e-01	5.971408e-01	-1.033991e-01
5.382907e-01	5.987655e-01	-1.033921e-01
5.347122e-01	6.007974e-01	-1.033833e-01
5.527313e-01	5.959289e-01	-1.049998e-01
5.569177e-01	5.965445e-01	-1.050329e-01
5.609423e-01	5.974264e-01	-1.048920e-01
5.312351e-01	6.024015e-01	-1.961684e-02
5.685153e-01	5.986109e-01	-2.707344e-02
5.412775e-01	5.625780e-01	-8.121219e-02
5.538021e-01	5.617017e-01	-8.291963e-02
5.166494e-01	5.424423e-01	-2.448516e-02
5.903907e-01	5.404308e-01	-3.318694e-02
5.140818e-01	5.356095e-01	-2.397678e-01
5.967506e-01	5.317478e-01	-2.191143e-01
5.226508e-01	5.339534e-01	-4.312159e-01
5.882946e-01	5.208596e-01	-3.851564e-01
5.225472e-01	5.342137e-01	-4.769629e-01
5.927046e-01	5.198334e-01	-4.245505e-01
5.318298e-01	5.325015e-01	-4.644020e-01
5.881289e-01	5.168255e-01	-4.242226e-01
5.336107e-01	5.277922e-01	-4.338277e-01
5.820924e-01	5.130977e-01	-3.928668e-01
5.278047e-01	2.808606e-01	4.193943e-03
5.807887e-01	2.819327e-01	-4.101789e-03
5.230678e-01	1.405642e-01	8.344901e-03
5.943965e-01	1.451655e-01	1.612080e-03
5.218382e-01	8.531461e-02	2.557087e-01
5.802357e-01	8.374347e-02	2.518547e-01
5.298861e-01	7.254217e-02	2.771126e-01
5.689523e-01	7.328713e-02	2.746796e-01
4.993375e-01	2.860892e-02	2.263404e-01
6.044672e-01	2.653924e-02	2.187997e-01
5.457291e-01	5.772183e-01	-1.425405e-01
5.414647e-01	5.961027e-01	-1.309580e-01
5.375943e-01	5.977790e-01	-1.309600e-01
5.339706e-01	5.998484e-01	-1.309691e-01
5.522075e-01	5.948702e-01	-1.330405e-01
5.564115e-01	5.955601e-01	-1.330720e-01
5.604904e-01	5.966140e-01	-1.329453e-01
5.303389e-01	6.018757e-01	-4.276977e-02
5.679742e-01	5.986636e-01	-5.243590e-02
5.405809e-01	5.614510e-01	-1.068992e-01
5.531679e-01	5.606934e-01	-1.091643e-01
5.163171e-01	5.415955e-01	-4.257193e-02
5.900779e-01	5.384848e-01	-4.335213e-02
5.139552e-01	5.335600e-01	-2.770973e-01
5.968307e-01	5.273904e-01	-2.314349e-01
5.228432e-01	5.330120e-01	-4.931791e-01
5.888568e-01	5.179296e-01	-4.086753e-01
5.228202e-01	5.349511e-01	-5.447463e-01
5.930538e-01	5.160915e-01	-4.518188e-01
5.314652e-01	5.336064e-01	-5.346339e-01
5.888751e-01	5.141107e-01	-4.522764e-01
5.337635e-01	5.266303e-01	-4.974554e-01
5.839606e-01	5.109047e-01	-4.172778e-01
5.273914e-01	2.793590e-01	4.139476e-03
5.803941e-01	2.808334e-01	-4.046835e-03
5.232010e-01	1.357819e-01	1.180144e-02
5.923778e-01	1.424128e-01	3.658260e-02
5.217401e-01	8.418790e-02	2.616408e-01
5.797886e-01	8.337553e-02	2.967990e-01
5.293397e-01	7.231773e-02	2.829452e-01
5.689025e-01	7.272813e-02	3.204181e-01
4.993053e-01	2.804567e-02	2.261570e-01
6.043226e-01	2.589952e-02	2.593609e-01
5.453793e-01	5.783920e-01	-1.543631e-01
5.411306e-01	5.964644e-01	-1.424060e-01
5.372045e-01	5.981159e-01	-1.424046e-01
5.335354e-01	6.000639e-01	-1.423975e-01
5.519733e-01	5.953476e-01	-1.454920e-01
5.562119e-01	5.962257e-01	-1.455282e-01
5.603043e-01	5.974389e-01	-1.454205e-01
5.298471e-01	6.021320e-01	-5.004475e-02
5.675793e-01	5.999056e-01	-6.425277e-02
5.401204e-01	5.628411e-01	-1.173583e-01
5.527356e-01	5.621179e-01	-1.210515e-01
5.157875e-01	5.411680e-01	-5.878495e-02
5.900668e-01	5.369173e-01	-5.310474e-02
5.130995e-01	5.335354e-01	-3.004427e-01
5.966606e-01	5.235516e-01	-2.541899e-01
5.215603e-01	5.324040e-01	-5.333288e-01
5.890028e-01	5.149070e-01	-4.515772e-01
5.209973e-01	5.329673e-01	-5.884301e-01
5.938359e-01	5.129765e-01	-4.987780e-01
5.308443e-01	5.318140e-01	-5.791216e-01
5.895143e-01	5.117819e-01	-4.990697e-01
5.335685e-01	5.257583e-01	-5.383271e-01
5.850119e-01	5.090397e-01	-4.608639e-01
5.265840e-01	2.785411e-01	4.143526e-03
5.797713e-01	2.790425e-01	-4.053143e-03
5.232028e-01	1.344781e-01	1.312680e-02
5.913119e-01	1.390519e-01	3.995333e-02
5.214256e-01	8.279698e-02	2.737865e-01
5.794371e-01	8.233009e-02	3.058377e-01
5.288155e-01	7.175258e-02	2.965770e-01
5.688038e-01	7.164032e-02	3.295614e-01
4.986305e-01	2.731018e-02	2.362683e-01
6.042503e-01	2.490951e-02	2.640002e-01
5.448881e-01	5.796576e-01	-1.505496e-01
5.403087e-01	5.970972e-01	-1.384855e-01
5.363580e-01	5.984880e-01	-1.384943e-01
5.326707e-01	6.000970e-01	-1.385051e-01
5.512746e-01	5.964488e-01	-1.393122e-01
5.555664e-01	5.975453e-01	-1.393412e-01
5.597049e-01	5.988265e-01	-1.392060e-01
5.287613e-01	6.011640e-01	-4.972791e-02
5.665656e-01	6.011026e-01	-5.353006e-02
5.395585e-01	5.632167e-01	-1.149858e-01
5.520021e-01	5.630682e-01	-1.157008e-01
5.146062e-01	5.423100e-01	-5.745234e-02
5.890436e-01	5.390633e-01	-5.079209e-02
5.103234e-01	5.345535e-01	-3.007242e-01
5.966089e-01	5.230832e-01	-2.606863e-01
5.195748e-01	5.321985e-01	-5.278779e-01
5.884541e-01	5.141639e-01	-4.793656e-01
5.185141e-01	5.337893e-01	-5.822943e-01
5.927099e-01	5.124125e-01	-5.284618e-01
5.293957e-01	5.317692e-01	-5.708263e-01
5.880330e-01	5.113466e-01	-5.277501e-01
5.318537e-01	5.251855e-01	-5.315669e-01
5.821399e-01	5.085940e-01	-4.887636e-01
5.251995e-01	2.780240e-01	2.978491e-03
5.787179e-01	2.807472e-01	-2.915200e-03
5.230156e-01	1.337755e-01	5.960937e-03
5.905098e-01	1.396969e-01	3.378563e-02
5.202516e-01	8.205482e-02	2.726506e-01
5.786327e-01	8.184306e-02	2.954068e-01
5.270914e-01	7.140888e-02	2.961561e-01
5.680620e-01	7.120492e-02	3.190464e-01
4.979513e-01	2.682232e-02	2.359492e-01
6.037917e-01	2.477742e-02	2.577529e-01
5.446225e-01	5.807644e-01	-1.729104e-01
5.398058e-01	5.982670e-01	-1.619054e-01
5.358984e-01	5.995668e-01	-1.619201e-01
5.321666e-01	6.010423e-01	-1.619448e-01
5.507621e-01	5.979142e-01	-1.615240e-01
5.550892e-01	5.991102e-01	-1.615420e-01
5.592328e-01	6.003777e-01	-1.613948e-01
5.280820e-01	6.019500e-01	-7.362385e-02
5.660905e-01	6.023430e-01	-7.058369e-02
5.392741e-01	5.640783e-01	-1.371474e-01
5.516393e-01	5.641133e-01	-1.361416e-01
5.137688e-01	5.432879e-01	-7.867999e-02
5.885693e-01	5.395567e-01	-6.874064e-02
5.083677e-01	5.349203e-01	-3.299489e-01
5.967923e-01	5.233651e-01	-2.892730e-01
5.174761e-01	5.328373e-01	-5.640131e-01
5.880492e-01	5.145175e-01	-5.169625e-01
5.163575e-01	5.337946e-01	-6.218284e-01
5.910479e-01	5.115703e-01	-5.698816e-01
5.276654e-01	5.315163e-01	-6.116379e-01
5.859128e-01	5.107627e-01	-5.680754e-01
5.300751e-01	5.247911e-01	-5.686359e-01
5.798969e-01	5.084570e-01	-5.265794e-01
5.242058e-01	2.795879e-01	3.005616e-03
5.778317e-01	2.819362e-01	-2.945536e-03
5.222189e-01	1.375327e-01	1.469750e-02
5.894030e-01	1.440113e-01	5.017667e-02
5.196528e-01	8.141056e-02	2.804989e-01
5.779861e-01	8.083347e-02	3.058531e-01
5.265651e-01	7.051958e-02	3.031833e-01
5.677148e-01	6.985319e-02	3.278554e-01
4.968173e-01	2.644517e-02	2.376945e-01
6.034902e-01	2.416264e-02	2.573091e-01
5.443288e-01	5.821211e-01	-1.311025e-01
5.396041e-01	5.993848e-01	-1.193478e-01
5.356983e-01	6.006435e-01	-1.193198e-01
5.319381e-01	6.020377e-01	-1.192805e-01
5.504268e-01	5.991423e-01	-1.209229e-01
5.547746e-01	6.002922e-01	-1.209534e-01
5.589885e-01	6.014505e-01	-1.208078e-01
5.276271e-01	6.031003e-01	-3.106104e-02
5.659764e-01	6.035269e-01	-3.789244e-02
5.391246e-01	5.655587e-01	-9.526619e-02
5.513617e-01	5.657663e-01	-9.670157e-02
5.123481e-01	5.442852e-01	-2.780226e-02
5.888883e-01	5.420427e-01	-5.171088e-02
5.061327e-01	5.355980e-01	-3.040767e-01
5.976503e-01	5.240914e-01	-2.547963e-01
5.149540e-01	5.325979e-01	-5.211406e-01
5.777119e-01	5.147361e-01	-4.263408e-01
5.134121e-01	5.332574e-01	-5.440744e-01
5.757296e-01	5.108403e-01	-4.701633e-01
5.219792e-01	5.299812e-01	-5.982168e-01
5.665410e-01	5.094249e-01	-4.651285e-01
5.259609e-01	5.237049e-01	-5.507248e-01
5.652259e-01	5.073733e-01	-4.323133e-01
5.233818e-01	2.819143e-01	3.417039e-03
5.775186e-01	2.840534e-01	-3.353400e-03
5.208030e-01	1.413611e-01	1.539777e-02
5.896994e-01	1.461656e-01	4.371480e-02
5.193985e-01	8.071436e-02	2.749158e-01
5.773692e-01	7.997482e-02	2.981395e-01
5.267259e-01	6.892464e-02	2.965316e-01
5.669296e-01	6.875305e-02	3.203290e-01
4.956227e-01	2.489596e-02	2.312603e-01
6.031393e-01	2.352605e-02	2.494826e-01
5.444120e-01	5.847594e-01	-1.424283e-01
5.396561e-01	6.025175e-01	-1.310763e-01
5.357511e-01	6.037400e-01	-1.310646e-01
5.319335e-01	6.050797e-01	-1.310511e-01
5.505247e-01	6.021926e-01	-1.325373e-01
5.548629e-01	6.032586e-01	-1.325758e-01
5.590615e-01	6.043509e-01	-1.324428e-01
5.274275e-01	6.057251e-01	-4.208417e-02
5.660475e-01	6.060858e-01	-4.901753e-02
5.391922e-01	5.682458e-01	-1.062863e-01
5.514231e-01	5.685389e-01	-1.076820e-01
5.103415e-01	5.451209e-01	-3.053535e-02
5.890310e-01	5.432239e-01	-5.222826e-02
5.065240e-01	5.351079e-01	-2.743356e-01
5.980949e-01	5.276536e-01	-2.652974e-01
5.153490e-01	5.347838e-01	-4.783279e-01
5.800762e-01	5.196293e-01	-4.718700e-01
5.141305e-01	5.375229e-01	-5.251468e-01
5.805898e-01	5.178703e-01	-5.199574e-01
5.223796e-01	5.330044e-01	-5.211355e-01
5.734998e-01	5.197231e-01	-5.155987e-01
5.262035e-01	5.277320e-01	-4.846988e-01
5.701702e-01	5.158268e-01	-4.794253e-01
5.233409e-01	2.834091e-01	3.180879e-03
5.776359e-01	2.851938e-01	-3.124038e-03
5.207669e-01	1.394611e-01	1.805783e-02
5.899870e-01	1.474720e-01	4.189650e-02
5.194710e-01	8.019831e-02	2.753002e-01
5.773251e-01	7.912255e-02	2.962025e-01
5.267656e-01	6.781543e-02	2.970244e-01
5.668993e-01	6.786104e-02	3.181340e-01
4.958161e-01	2.334574e-02	2.329400e-01
6.029774e-01	2.268185e-02	2.465030e-01
5.435963e-01	5.877768e-01	-1.999491e-01
5.389490e-01	6.099965e-01	-1.898580e-01
5.350012e-01	6.106535e-01	-1.898568e-01
5.312664e-01	6.111403e-01	-1.898515e-01
5.499059e-01	6.098868e-01	-1.960820e-01
5.542850e-01	6.104871e-01	-1.960999e-01
5.586005e-01	6.107692e-01	-1.960389e-01
5.275418e-01	6.101531e-01	-9.204929e-02
5.660354e-01	6.097258e-01	-1.201023e-01
5.387704e-01	5.716926e-01	-1.590326e-01
5.513219e-01	5.727050e-01	-1.665494e-01
5.095587e-01	5.459729e-01	-3.540967e-02
5.918840e-01	5.443267e-01	-5.186088e-02
5.066588e-01	5.297353e-01	-9.596087e-02
5.984308e-01	5.150197e-01	8.303916e-02
5.156718e-01	5.147731e-01	-2.269057e-01
5.915195e-01	4.496879e-01	2.142106e-01
5.145587e-01	5.060098e-01	-2.550305e-01
5.989882e-01	4.233802e-01	2.206164e-01
5.202727e-01	5.166270e-01	-2.720367e-01
5.959547e-01	4.281221e-01	2.014435e-01
5.227519e-01	5.135458e-01	-2.391806e-01
5.936902e-01	4.319887e-01	2.091078e-01
5.234169e-01	2.859836e-01	3.845458e-04
5.777385e-01	2.870946e-01	-2.678234e-04
5.202861e-01	1.473367e-01	3.463870e-02
5.901628e-01	1.557487e-01	3.278027e-02
5.201377e-01	8.028306e-02	3.063479e-01
5.774006e-01	7.874411e-02	2.731697e-01
5.284571e-01	6.723500e-02	3.299956e-01
5.669718e-01	6.685796e-02	2.921978e-01
4.960236e-01	2.311644e-02	2.615526e-01
6.030630e-01	2.133074e-02	2.045928e-01
5.419304e-01	6.080199e-01	-2.457284e-01
5.379111e-01	6.290045e-01	-2.340599e-01
5.341552e-01	6.295339e-01	-2.340408e-01
5.306636e-01	6.298808e-01	-2.340179e-01
5.488526e-01	6.288050e-01	-2.429259e-01
5.533230e-01	6.292539e-01	-2.429386e-01
5.578104e-01	6.293885e-01	-2.428333e-01
5.276288e-01	6.273964e-01	-1.242097e-01
5.660018e-01	6.260133e-01	-1.656499e-01
5.372123e-01	5.907687e-01	-2.004202e-01
5.503405e-01	5.909869e-01	-2.115609e-01
5.086690e-01	5.584759e-01	-3.219215e-02
5.947948e-01	5.500252e-01	-7.276365e-02
5.068901e-01	5.208791e-01	3.508848e-02
5.983578e-01	4.949647e-01	1.075532e-01
5.120382e-01	5.110360e-01	2.599587e-02
6.017404e-01	3.955021e-01	2.700304e-01
5.113410e-01	5.004643e-01	2.160905e-02
6.106864e-01	3.727515e-01	2.845659e-01
5.157212e-01	5.018371e-01	-5.710644e-03
6.075789e-01	3.741406e-01	2.583345e-01
5.206026e-01	5.000542e-01	1.334704e-02
6.052026e-01	3.779568e-01	2.641495e-01
5.234921e-01	3.008175e-01	2.119283e-03
5.778167e-01	3.002092e-01	-2.015414e-03
5.197219e-01	1.563458e-01	4.605916e-02
5.906304e-01	1.643943e-01	3.341185e-02
5.214613e-01	8.069786e-02	3.198664e-01
5.775567e-01	7.837787e-02	2.886905e-01
5.307073e-01	6.743667e-02	3.432724e-01
5.673254e-01	6.644090e-02	3.083697e-01
4.966045e-01	2.261957e-02	2.766023e-01
6.035916e-01	1.981947e-02	2.138207e-01
5.424155e-01	6.246344e-01	-2.921854e-01
5.384070e-01	6.443532e-01	-2.848470e-01
5.347928e-01	6.450935e-01	-2.848515e-01
5.311936e-01	6.458306e-01	-2.848339e-01
5.495611e-01	6.442960e-01	-2.903110e-01
5.541150e-01	6.447760e-01	-2.903438e-01
5.583861e-01	6.450369e-01	-2.902619e-01
5.282973e-01	6.436189e-01	-1.860597e-01
5.664906e-01	6.417218e-01	-2.132924e-01
5.373952e-01	6.081969e-01	-2.505944e-01
5.512036e-01	6.080992e-01	-2.575645e-01
5.077917e-01	5.698115e-01	-6.622444e-02
5.965151e-01	5.606982e-01	-1.051519e-01
5.041280e-01	5.099668e-01	1.346896e-01
6.020840e-01	4.924411e-01	8.212345e-02
5.077306e-01	4.561638e-01	3.176398e-01
6.070439e-01	3.794039e-01	2.278871e-01
5.081740e-01	4.396714e-01	3.467096e-01
6.149683e-01	3.568103e-01	2.470217e-01
5.142124e-01	4.323617e-01	3.156192e-01
6.148587e-01	3.510574e-01	2.203715e-01
5.156799e-01	4.549610e-01	3.098056e-01
6.091747e-01	3.617561e-01	2.216868e-01
5.241718e-01	3.211545e-01	6.468893e-03
5.778467e-01	3.208610e-01	-6.542308e-03
5.197095e-01	1.705826e-01	5.979034e-02
5.907349e-01	1.790658e-01	4.434428e-02
5.228637e-01	8.080108e-02	3.093938e-01
5.788733e-01	7.819664e-02	2.883771e-01
5.327119e-01	6.749631e-02	3.307574e-01
5.690786e-01	6.612843e-02	3.078497e-01
4.970438e-01	2.264565e-02	2.618068e-01
6.042891e-01	1.930045e-02	2.137102e-01
5.424500e-01	6.451430e-01	-2.820746e-01
5.385917e-01	6.635470e-01	-2.748066e-01
5.350363e-01	6.641707e-01	-2.748097e-01
5.314435e-01	6.646709e-01	-2.748072e-01
5.496404e-01	6.636440e-01	-2.775357e-01
5.541469e-01	6.641483e-01	-2.775749e-01
5.584222e-01	6.642733e-01	-2.775542e-01
5.290143e-01	6.603860e-01	-1.838024e-01
5.665060e-01	6.587156e-01	-1.987421e-01
5.374318e-01	6.284820e-01	-2.444791e-01
5.512956e-01	6.283528e-01	-2.479861e-01
5.064190e-01	5.772668e-01	-8.814475e-02
5.966259e-01	5.709390e-01	-9.589973e-02
5.080705e-01	4.939303e-01	6.366839e-02
6.058310e-01	4.796334e-01	6.221497e-02
5.166801e-01	4.086370e-01	1.844288e-01
6.069396e-01	3.851997e-01	1.636695e-01
5.206247e-01	3.781742e-01	2.015792e-01
6.114992e-01	3.582312e-01	1.752025e-01
5.201815e-01	3.776770e-01	1.746324e-01
6.102684e-01	3.582087e-01	1.546684e-01
5.191578e-01	3.932484e-01	1.769239e-01
6.049373e-01	3.695475e-01	1.585539e-01
5.246241e-01	3.317136e-01	6.320124e-03
5.778992e-01	3.353658e-01	-6.404127e-03
5.196593e-01	1.742807e-01	3.615868e-02
5.914748e-01	1.899295e-01	2.907594e-02
5.230063e-01	8.292627e-02	3.058819e-01
5.790015e-01	7.825817e-02	2.782527e-01
5.330445e-01	6.870131e-02	3.286704e-01
5.694268e-01	6.614743e-02	2.972457e-01
4.976629e-01	2.276955e-02	2.433812e-01
6.045380e-01	1.995648e-02	2.000835e-01
5.444985e-01	6.646083e-01	-2.839870e-01
5.396995e-01	6.828758e-01	-2.741233e-01
5.361927e-01	6.833312e-01	-2.741378e-01
5.323374e-01	6.837271e-01	-2.741326e-01
5.512600e-01	6.826491e-01	-2.770809e-01
5.554599e-01	6.830032e-01	-2.771219e-01
5.592357e-01	6.833096e-01	-2.771006e-01
5.293469e-01	6.785175e-01	-1.756208e-01
5.665187e-01	6.782843e-01	-1.918802e-01
5.386308e-01	6.465632e-01	-2.442488e-01
5.526514e-01	6.467754e-01	-2.481280e-01
5.063872e-01	5.861996e-01	-7.720055e-02
5.967084e-01	5.841491e-01	-9.095635e-02
5.080843e-01	4.953830e-01	8.657903e-02
6.078910e-01	4.881506e-01	6.957634e-02
5.200124e-01	4.227026e-01	2.026993e-01
6.082192e-01	4.102835e-01	1.701309e-01
5.240525e-01	4.014485e-01	2.210019e-01
6.104320e-01	3.821039e-01	1.826194e-01
5.238618e-01	4.017626e-01	1.917670e-01
6.086297e-01	3.840535e-01	1.606181e-01
5.216431e-01	4.166304e-01	1.947187e-01
6.040149e-01	3.957754e-01	1.648649e-01
5.247058e-01	3.431178e-01	7.364053e-03
5.777072e-01	3.474419e-01	-7.514127e-03
5.191365e-01	1.865519e-01	2.034199e-02
5.926425e-01	1.986503e-01	-2.840866e-03
5.229956e-01	8.498548e-02	2.717384e-01
5.792688e-01	7.833205e-02	2.244734e-01
5.332090e-01	6.943663e-02	2.920485e-01
5.700773e-01	6.615724e-02	2.408888e-01
4.986957e-01	2.328300e-02	2.115884e-01
6.049392e-01	2.027816e-02	1.420286e-01
5.457648e-01	6.838167e-01	-3.058525e-01
5.403732e-01	7.016695e-01	-2.957296e-01
5.369044e-01	7.017129e-01	-2.957493e-01
5.329161e-01	7.016518e-01	-2.957511e-01
5.521019e-01	7.025089e-01	-2.990501e-01
5.562569e-01	7.032055e-01	-2.990885e-01
5.599032e-01	7.039433e-01	-2.990685e-01
5.297974e-01	6.960719e-01	-1.947933e-01
5.665967e-01	6.992331e-01	-2.125520e-01
5.399462e-01	6.638461e-01	-2.650251e-01
5.537894e-01	6.651291e-01	-2.693708e-01
5.065640e-01	6.012933e-01	-9.335548e-02
5.975422e-01	5.964339e-01	-1.060355e-01
5.083206e-01	5.004438e-01	5.130640e-02
6.084328e-01	4.922892e-01	4.370807e-02
5.193508e-01	4.308959e-01	1.405358e-01
6.103421e-01	4.141974e-01	1.244173e-01
5.233889e-01	4.019792e-01	1.534984e-01
6.124257e-01	3.842405e-01	1.331272e-01
5.224581e-01	4.039336e-01	1.236398e-01
6.098620e-01	3.864460e-01	1.091418e-01
5.219920e-01	4.176140e-01	1.313796e-01
6.070742e-01	3.992108e-01	1.177589e-01
5.247258e-01	3.618021e-01	7.303242e-03
5.777184e-01	3.630795e-01	-7.464728e-03
5.171952e-01	2.076429e-01	2.177042e-02
5.937377e-01	2.123176e-01	-5.356933e-03
5.226833e-01	8.549789e-02	2.551158e-01
5.797373e-01	7.883675e-02	2.197095e-01
5.331247e-01	6.932725e-02	2.728160e-01
5.703049e-01	6.615888e-02	2.353044e-01
4.985336e-01	2.352402e-02	1.841395e-01
6.057383e-01	2.092169e-02	1.328628e-01
5.460926e-01	7.024714e-01	-3.428886e-01
5.406002e-01	7.206765e-01	-3.311219e-01
5.370897e-01	7.208971e-01	-3.311459e-01
5.330359e-01	7.209997e-01	-3.311094e-01
5.523046e-01	7.213972e-01	-3.331849e-01
5.564404e-01	7.221381e-01	-3.332145e-01
5.600482e-01	7.228657e-01	-3.332108e-01
5.298722e-01	7.163972e-01	-2.188718e-01
5.666026e-01	7.191969e-01	-2.303199e-01
5.403416e-01	6.824455e-01	-2.977075e-01
5.541111e-01	6.838894e-01	-3.002052e-01
5.065024e-01	6.193374e-01	-1.052803e-01
5.975166e-01	6.193116e-01	-1.150161e-01
5.077756e-01	5.122073e-01	3.681481e-02
6.091340e-01	5.197719e-01	3.393927e-02
5.127596e-01	4.391215e-01	9.675156e-02
6.149576e-01	4.188488e-01	8.734991e-02
5.145339e-01	4.114999e-01	1.051719e-01
6.180057e-01	3.952240e-01	9.176418e-02
5.161070e-01	4.119590e-01	7.132132e-02
6.137506e-01	3.959605e-01	6.242360e-02
5.187219e-01	4.236780e-01	8.526789e-02
6.097754e-01	4.070742e-01	7.810447e-02
5.252936e-01	3.773177e-01	6.697482e-03
5.777372e-01	3.780323e-01	-6.940855e-03
5.168930e-01	2.154796e-01	2.203819e-02
5.960355e-01	2.195167e-01	-5.946237e-03
5.227722e-01	8.712806e-02	2.265135e-01
5.810890e-01	8.049095e-02	2.075864e-01
5.331823e-01	6.934036e-02	2.397146e-01
5.718042e-01	6.642636e-02	2.207746e-01
4.988522e-01	2.361438e-02	1.341738e-01
6.068481e-01	2.127342e-02	1.100187e-01
5.474263e-01	7.241030e-01	-3.291673e-01
5.416170e-01	7.427509e-01	-3.149332e-01
5.380415e-01	7.429081e-01	-3.149576e-01
5.339229e-01	7.430823e-01	-3.149112e-01
5.535196e-01	7.426710e-01	-3.159980e-01
5.575107e-01	7.428917e-01	-3.160333e-01
5.611405e-01	7.431879e-01	-3.160313e-01
5.300256e-01	7.361481e-01	-1.994241e-01
5.668293e-01	7.367277e-01	-2.059694e-01
5.410103e-01	7.031212e-01	-2.834316e-01
5.552110e-01	7.037562e-01	-2.844110e-01
5.061235e-01	6.358237e-01	-9.724341e-02
5.976070e-01	6.399266e-01	-1.031070e-01
5.049318e-01	5.387504e-01	5.420398e-03
6.106470e-01	5.375825e-01	2.587155e-02
5.098995e-01	4.462937e-01	4.693341e-02
6.198495e-01	4.252659e-01	5.511894e-02
5.103452e-01	4.187227e-01	9.115640e-02
6.246172e-01	4.005519e-01	8.124988e-02
5.139364e-01	4.192360e-01	-2.142698e-02
6.184735e-01	4.010228e-01	9.141408e-03
5.169172e-01	4.315296e-01	7.386887e-02
6.139086e-01	4.100589e-01	6.769017e-02
5.254575e-01	3.924656e-01	4.580315e-03
5.780351e-01	3.913956e-01	-4.766255e-03
5.170321e-01	2.243082e-01	1.111413e-02
5.959150e-01	2.234538e-01	-1.614459e-02
5.234538e-01	9.121895e-02	2.048632e-01
5.813111e-01	8.157790e-02	1.838055e-01
5.337682e-01	7.125657e-02	2.169813e-01
5.721129e-01	6.648814e-02	1.954526e-01
4.989403e-01	2.497426e-02	1.093128e-01
6.076120e-01	2.216738e-02	8.192937e-02
5.487730e-01	7.349871e-01	-3.300141e-01
5.427054e-01	7.549619e-01	-3.148897e-01
5.389724e-01	7.553892e-01	-3.148940e-01
5.349253e-01	7.557116e-01	-3.148247e-01
5.549222e-01	7.548141e-01	-3.149669e-01
5.587703e-01	7.553667e-01	-3.150093e-01
5.625883e-01	7.560074e-01	-3.150043e-01
5.302117e-01	7.495585e-01	-1.990303e-01
5.673845e-01	7.503968e-01	-1.999720e-01
5.419716e-01	7.145309e-01	-2.843156e-01
5.563469e-01	7.150465e-01	-2.838977e-01
5.056739e-01	6.456804e-01	-1.046884e-01
5.978783e-01	6.501229e-01	-1.039364e-01
5.039085e-01	5.367280e-01	-3.136266e-02
6.111135e-01	5.344898e-01	-3.592903e-02
5.065389e-01	4.270437e-01	-8.335336e-02
6.207651e-01	4.259589e-01	-1.165418e-01
5.051917e-01	3.937328e-01	-1.041111e-01
6.260461e-01	3.924958e-01	-1.421987e-01
5.088784e-01	3.931214e-01	-1.425852e-01
6.182573e-01	3.913332e-01	-1.804672e-01
5.132996e-01	4.058034e-01	-9.611038e-02
6.133443e-01	4.043533e-01	-1.323584e-01
5.253347e-01	3.986292e-01	2.053937e-03
5.780524e-01	3.973193e-01	-2.108629e-03
5.170938e-01	2.291362e-01	1.166892e-02
5.958332e-01	2.279568e-01	-5.985253e-03
5.236204e-01	9.188556e-02	2.109728e-01
5.815601e-01	8.346587e-02	1.982161e-01
5.338817e-01	7.141923e-02	2.231369e-01
5.722014e-01	6.685302e-02	2.099982e-01
4.994014e-01	2.681620e-02	1.140354e-01
6.077286e-01	2.556055e-02	9.547679e-02
5.487360e-01	7.485813e-01	-3.049969e-01
5.427880e-01	7.679781e-01	-2.910685e-01
5.390673e-01	7.682813e-01	-2.910716e-01
5.350245e-01	7.684706e-01	-2.910220e-01
5.549592e-01	7.678918e-01	-2.926080e-01
5.588318e-01	7.682825e-01	-2.926457e-01
5.626274e-01	7.686524e-01	-2.926168e-01
5.303292e-01	7.617531e-01	-1.828339e-01
5.674490e-01	7.622603e-01	-1.914760e-01
5.420474e-01	7.282542e-01	-2.618980e-01
5.562955e-01	7.285929e-01	-2.629130e-01
5.053667e-01	6.567571e-01	-9.881244e-02
5.981002e-01	6.576763e-01	-1.031669e-01
5.027510e-01	5.349548e-01	-5.723705e-02
6.110539e-01	5.314905e-01	-5.147470e-02
5.017770e-01	4.195830e-01	-1.342981e-01
6.208723e-01	4.211625e-01	-1.434494e-01
4.976190e-01	3.854062e-01	-1.627329e-01
6.274863e-01	3.835866e-01	-1.735421e-01
5.030634e-01	3.854931e-01	-1.962529e-01
6.192971e-01	3.829194e-01	-2.091565e-01
5.084387e-01	3.981143e-01	-1.500481e-01
6.140143e-01	3.957290e-01	-1.602196e-01
5.250314e-01	4.041952e-01	3.196030e-04
5.778213e-01	4.038333e-01	-2.842144e-04
5.173191e-01	2.334235e-01	1.392558e-02
5.945414e-01	2.332987e-01	8.746712e-03
5.236093e-01	9.216215e-02	1.969989e-01
5.816959e-01	8.505332e-02	1.948577e-01
5.338728e-01	7.160433e-02	2.072626e-01
5.723593e-01	6.702529e-02	2.041118e-01
4.996982e-01	2.729042e-02	1.026142e-01
6.078305e-01	2.704881e-02	9.013212e-02
5.486433e-01	7.544620e-01	-3.102028e-01
5.427691e-01	7.752861e-01	-2.944590e-01
5.390635e-01	7.756571e-01	-2.944463e-01
5.350415e-01	7.760399e-01	-2.943618e-01
5.548861e-01	7.751178e-01	-2.958408e-01
5.587828e-01	7.752471e-01	-2.958961e-01
5.625779e-01	7.752738e-01	-2.958614e-01
5.305060e-01	7.699658e-01	-1.832914e-01
5.674677e-01	7.680730e-01	-1.903299e-01
5.420135e-01	7.350382e-01	-2.667556e-01
5.562306e-01	7.351564e-01	-2.681212e-01
5.047176e-01	6.631517e-01	-1.025383e-01
5.981916e-01	6.597612e-01	-1.086210e-01
5.015168e-01	5.339168e-01	-6.393731e-02
6.117111e-01	5.294766e-01	-7.568716e-02
4.990340e-01	4.158829e-01	-1.393974e-01
6.213599e-01	4.119124e-01	-1.667517e-01
4.943887e-01	3.763920e-01	-1.675272e-01
6.281341e-01	3.704728e-01	-1.972940e-01
5.001431e-01	3.756241e-01	-2.003897e-01
6.187709e-01	3.705667e-01	-2.314987e-01
5.057733e-01	3.903231e-01	-1.551241e-01
6.136491e-01	3.837067e-01	-1.827441e-01
5.253364e-01	4.049568e-01	9.814288e-04
5.783261e-01	4.049745e-01	-8.743916e-04
5.174463e-01	2.381022e-01	1.870947e-02
5.922164e-01	2.383743e-01	1.751616e-02
5.232610e-01	9.229973e-02	2.029153e-01
5.816931e-01	8.536085e-02	1.978602e-01
5.337522e-01	7.156909e-02	2.134685e-01
5.725737e-01	6.695735e-02	2.071487e-01
4.998933e-01	2.761808e-02	1.118997e-01
6.078196e-01	2.759662e-02	9.248370e-02
5.489189e-01	7.609231e-01	-3.039588e-01
5.430442e-01	7.810430e-01	-2.880592e-01
5.393313e-01	7.811480e-01	-2.880501e-01
5.354208e-01	7.813283e-01	-2.879713e-01
5.551346e-01	7.810834e-01	-2.892680e-01
5.590041e-01	7.811136e-01	-2.893238e-01
5.628061e-01	7.810036e-01	-2.892804e-01
5.307862e-01	7.745811e-01	-1.787271e-01
5.675695e-01	7.730514e-01	-1.896512e-01
5.421231e-01	7.418436e-01	-2.616798e-01
5.564205e-01	7.414525e-01	-2.625558e-01
5.040362e-01	6.640922e-01	-1.052040e-01
5.983618e-01	6.626887e-01	-1.062811e-01
5.007812e-01	5.330912e-01	-8.429840e-02
6.117722e-01	5.280859e-01	-8.100791e-02
4.977478e-01	4.148728e-01	-1.741286e-01
6.207842e-01	4.043995e-01	-1.754661e-01
4.914665e-01	3.732272e-01	-2.065552e-01
6.271485e-01	3.632213e-01	-2.087427e-01
4.984216e-01	3.729992e-01	-2.397077e-01
6.177703e-01	3.628623e-01	-2.418935e-01
5.045080e-01	3.875015e-01	-1.903297e-01
6.127461e-01	3.755118e-01	-1.914632e-01
5.260607e-01	4.044510e-01	1.032843e-03
5.794291e-01	4.069046e-01	-9.181594e-04
5.184287e-01	2.398733e-01	1.996538e-02
5.897310e-01	2.414727e-01	2.137734e-02
5.230726e-01	9.218740e-02	2.067474e-01
5.816839e-01	8.573923e-02	2.022478e-01
5.335702e-01	7.109807e-02	2.179316e-01
5.725788e-01	6.696632e-02	2.120522e-01
5.000564e-01	2.759694e-02	1.159056e-01
6.077809e-01	2.752573e-02	9.824352e-02
5.520133e-01	7.591799e-01	-3.026806e-01
5.454108e-01	7.791424e-01	-2.869866e-01
5.409617e-01	7.796414e-01	-2.869773e-01
5.372925e-01	7.800438e-01	-2.868884e-01
5.576285e-01	7.784268e-01	-2.868521e-01
5.618223e-01	7.783704e-01	-2.869104e-01
5.657676e-01	7.783381e-01	-2.868609e-01
5.310189e-01	7.740721e-01	-1.794663e-01
5.684786e-01	7.721527e-01	-1.825643e-01
5.437591e-01	7.405381e-01	-2.613546e-01
5.585376e-01	7.390542e-01	-2.603280e-01
5.025419e-01	6.639628e-01	-1.112767e-01
5.983950e-01	6.633446e-01	-1.037783e-01
5.009259e-01	5.328120e-01	-1.039355e-01
6.115748e-01	5.272110e-01	-7.416700e-02
4.976738e-01	4.113472e-01	-2.001154e-01
6.201984e-01	3.953782e-01	-1.642154e-01
4.916356e-01	3.676527e-01	-2.337449e-01
6.261154e-01	3.561250e-01	-1.966434e-01
4.982596e-01	3.674664e-01	-2.651484e-01
6.170571e-01	3.556207e-01	-2.283900e-01
5.039045e-01	3.813824e-01	-2.157319e-01
6.121927e-01	3.691839e-01	-1.796130e-01
5.263397e-01	4.021273e-01	5.234481e-04
5.801731e-01	4.061583e-01	-4.078136e-04
5.207392e-01	2.388933e-01	3.056684e-02
5.881137e-01	2.423308e-01	3.590437e-02
5.230510e-01	9.250134e-02	2.149700e-01
5.817139e-01	8.579203e-02	2.077810e-01
5.335534e-01	7.098481e-02	2.270673e-01
5.729128e-01	6.679914e-02	2.200237e-01
5.001127e-01	2.758550e-02	1.280806e-01
6.077916e-01	2.740460e-02	1.105723e-01
5.530397e-01	7.600402e-01	-3.028575e-01
5.463113e-01	7.791910e-01	-2.871546e-01
5.416069e-01	7.796704e-01	-2.871473e-01
5.380591e-01	7.802029e-01	-2.870566e-01
5.585979e-01	7.781723e-01	-2.859730e-01
5.629382e-01	7.778692e-01	-2.860343e-01
5.669056e-01	7.777929e-01	-2.859755e-01
5.313010e-01	7.736503e-01	-1.813577e-01
5.692061e-01	7.710394e-01	-1.784960e-01
5.444518e-01	7.417950e-01	-2.624463e-01
5.592867e-01	7.396262e-01	-2.600516e-01
5.020935e-01	6.584612e-01	-1.167527e-01
5.983834e-01	6.619452e-01	-1.023105e-01
5.011148e-01	5.291844e-01	-1.110987e-01
6.113914e-01	5.267940e-01	-7.274716e-02
4.988445e-01	4.044882e-01	-2.006460e-01
6.194022e-01	3.930219e-01	-1.620347e-01
4.933270e-01	3.615928e-01	-2.342316e-01
6.251433e-01	3.542189e-01	-1.944372e-01
5.002176e-01	3.610713e-01	-2.649495e-01
6.165649e-01	3.529276e-01	-2.265798e-01
5.056025e-01	3.752605e-01	-2.157919e-01
6.118052e-01	3.667610e-01	-1.776994e-01
5.266319e-01	4.030428e-01	-7.645175e-04
5.816523e-01	4.072981e-01	8.819645e-04
5.223049e-01	2.381886e-01	3.136692e-02
5.868036e-01	2.425869e-01	3.982130e-02
5.232452e-01	9.240828e-02	2.124388e-01
5.817083e-01	8.577123e-02	2.110215e-01
5.335847e-01	7.047029e-02	2.237922e-01
5.730706e-01	6.667794e-02	2.228089e-01
5.005727e-01	2.725294e-02	1.247496e-01
6.078256e-01	2.708247e-02	1.139648e-01
5.536907e-01	7.580733e-01	-3.147909e-01
5.468481e-01	7.771419e-01	-2.989148e-01
5.421239e-01	7.774169e-01	-2.988999e-01
5.385166e-01	7.778782e-01	-2.988050e-01
5.590910e-01	7.763130e-01	-2.974621e-01
5.634395e-01	7.761182e-01	-2.975400e-01
5.673866e-01	7.759906e-01	-2.974733e-01
5.316791e-01	7.716124e-01	-1.918917e-01
5.699211e-01	7.696515e-01	-1.861639e-01
5.450591e-01	7.396663e-01	-2.738961e-01
5.597675e-01	7.381825e-01	-2.717277e-01
5.020989e-01	6.547213e-01	-1.243449e-01
5.989494e-01	6.582969e-01	-1.112974e-01
5.006813e-01	5.250800e-01	-1.093419e-01
6.112540e-01	5.225693e-01	-8.462402e-02
4.994060e-01	3.990529e-01	-1.913661e-01
6.189155e-01	3.894607e-01	-1.745836e-01
4.941093e-01	3.568636e-01	-2.240675e-01
6.246040e-01	3.517593e-01	-2.079602e-01
5.010206e-01	3.566624e-01	-2.552210e-01
6.165062e-01	3.508581e-01	-2.395268e-01
5.063493e-01	3.720126e-01	-2.065686e-01
6.116978e-01	3.647482e-01	-1.899970e-01
5.267109e-01	4.011841e-01	-6.378785e-04
5.816617e-01	4.054096e-01	7.440175e-04
5.236067e-01	2.364292e-01	4.324812e-02
5.860852e-01	2.415530e-01	4.672622e-02
5.233264e-01	9.233683e-02	2.350662e-01
5.818076e-01	8.574711e-02	2.287565e-01
5.335646e-01	7.033338e-02	2.476892e-01
5.736117e-01	6.661702e-02	2.396694e-01
5.008708e-01	2.693867e-02	1.493859e-01
6.079080e-01	2.683806e-02	1.285035e-01
5.539323e-01	7.578996e-01	-3.181232e-01
5.471159e-01	7.770137e-01	-3.020802e-01
5.423909e-01	7.772825e-01	-3.020706e-01
5.387765e-01	7.778382e-01	-3.019829e-01
5.593171e-01	7.759853e-01	-3.003334e-01
5.636801e-01	7.757130e-01	-3.004108e-01
5.676125e-01	7.755460e-01	-3.003468e-01
5.319742e-01	7.712168e-01	-1.945650e-01
5.703021e-01	7.689090e-01	-1.874103e-01
5.453454e-01	7.397721e-01	-2.771026e-01
5.599824e-01	7.379314e-01	-2.746564e-01
5.021589e-01	6.518034e-01	-1.288476e-01
5.994657e-01	6.568229e-01	-1.107156e-01
5.007673e-01	5.200177e-01	-1.140604e-01
6.110797e-01	5.212443e-01	-8.178169e-02
4.993650e-01	3.971664e-01	-1.969006e-01
6.186889e-01	3.898401e-01	-1.722018e-01
4.946095e-01	3.557399e-01	-2.302008e-01
6.235449e-01	3.526310e-01	-2.055451e-01
5.014379e-01	3.567025e-01	-2.616871e-01
6.145396e-01	3.527001e-01	-2.371496e-01
5.064089e-01	3.708602e-01	-2.122357e-01
6.101500e-01	3.662871e-01	-1.877576e-01
5.275807e-01	4.009486e-01	-1.864995e-03
5.819327e-01	4.045471e-01	1.973432e-03
5.245977e-01	2.347297e-01	4.020113e-02
5.864381e-01	2.401905e-01	4.086376e-02
5.233640e-01	9.228555e-02	2.369541e-01
5.819334e-01	8.572467e-02	2.283078e-01
5.335571e-01	7.022091e-02	2.500793e-01
5.736967e-01	6.657518e-02	2.394365e-01
5.011599e-01	2.666103e-02	1.506839e-01
6.080998e-01	2.656496e-02	1.285300e-01
5.544226e-01	7.578965e-01	-3.129582e-01
5.476098e-01	7.768638e-01	-2.981231e-01
5.430167e-01	7.772459e-01	-2.981114e-01
5.392035e-01	7.778685e-01	-2.980353e-01
5.598365e-01	7.755359e-01	-2.985685e-01
5.642844e-01	7.752395e-01	-2.986220e-01
5.680578e-01	7.749906e-01	-2.985679e-01
5.326613e-01	7.710519e-01	-1.909948e-01
5.710535e-01	7.683393e-01	-1.815928e-01
5.457200e-01	7.401612e-01	-2.715509e-01
5.603566e-01	7.379841e-01	-2.706866e-01
5.022343e-01	6.502281e-01	-1.218181e-01
5.997849e-01	6.564820e-01	-1.095457e-01
5.009395e-01	5.183089e-01	-1.050853e-01
6.102317e-01	5.212021e-01	-7.603614e-02
4.996278e-01	3.980190e-01	-1.849122e-01
6.183416e-01	3.918124e-01	-1.653450e-01
4.952346e-01	3.582281e-01	-2.171048e-01
6.225939e-01	3.546571e-01	-1.984074e-01
5.019048e-01	3.589635e-01	-2.482038e-01
6.128623e-01	3.549687e-01	-2.294718e-01
5.067970e-01	3.725213e-01	-1.999755e-01
6.084732e-01	3.682770e-01	-1.806425e-01
5.287913e-01	4.004549e-01	-1.900063e-03
5.822682e-01	4.041675e-01	2.004956e-03
5.247562e-01	2.334844e-01	3.798822e-02
5.887550e-01	2.403573e-01	3.712212e-02
5.233619e-01	9.194143e-02	2.341016e-01
5.823280e-01	8.570624e-02	2.149198e-01
5.334080e-01	6.976117e-02	2.467128e-01
5.738776e-01	6.657673e-02	2.253330e-01
5.015092e-01	2.663321e-02	1.464791e-01
6.081977e-01	2.649236e-02	1.145386e-01
5.544500e-01	7.584234e-01	-3.114365e-01
5.477620e-01	7.770510e-01	-2.971945e-01
5.432202e-01	7.773547e-01	-2.971900e-01
5.393712e-01	7.779360e-01	-2.971018e-01
5.599285e-01	7.757915e-01	-2.961966e-01
5.644385e-01	7.754939e-01	-2.962617e-01
5.681985e-01	7.753142e-01	-2.961934e-01
5.332266e-01	7.706130e-01	-1.885911e-01
5.717210e-01	7.682669e-01	-1.782006e-01
5.458669e-01	7.404873e-01	-2.696821e-01
5.605266e-01	7.383078e-01	-2.698680e-01
5.023538e-01	6.501188e-01	-1.189465e-01
6.001214e-01	6.564736e-01	-1.080582e-01
5.013858e-01	5.184773e-01	-9.778132e-02
6.093805e-01	5.226425e-01	-7.310569e-02
4.997477e-01	3.994700e-01	-1.742996e-01
6.165156e-01	3.934705e-01	-1.608934e-01
4.955446e-01	3.604994e-01	-2.053676e-01
6.203018e-01	3.562077e-01	-1.931687e-01
5.018957e-01	3.614551e-01	-2.367735e-01
6.111937e-01	3.562212e-01	-2.242250e-01
5.067896e-01	3.745623e-01	-1.894743e-01
6.064450e-01	3.690659e-01	-1.760475e-01
5.299078e-01	4.028765e-01	-1.948909e-03
5.822327e-01	4.070136e-01	2.050029e-03
5.248139e-01	2.333971e-01	3.444510e-02
5.887854e-01	2.416881e-01	3.277805e-02
5.233229e-01	9.096774e-02	2.110128e-01
5.824038e-01	8.568798e-02	2.035790e-01
5.329750e-01	6.875609e-02	2.216604e-01
5.739437e-01	6.655256e-02	2.131730e-01
5.017748e-01	2.662481e-02	1.178847e-01
6.083090e-01	2.645831e-02	1.018697e-01
5.546080e-01	7.598198e-01	-3.330472e-01
5.479716e-01	7.786128e-01	-3.175022e-01
5.435387e-01	7.789752e-01	-3.175039e-01
5.395775e-01	7.793945e-01	-3.174317e-01
5.601416e-01	7.773404e-01	-3.166734e-01
5.648268e-01	7.770998e-01	-3.167351e-01
5.684684e-01	7.768881e-01	-3.166814e-01
5.336980e-01	7.715450e-01	-2.082513e-01
5.724634e-01	7.695463e-01	-2.037131e-01
5.460762e-01	7.415326e-01	-2.909768e-01
5.608295e-01	7.392009e-01	-2.898866e-01
5.025296e-01	6.503660e-01	-1.314724e-01
6.008441e-01	6.560332e-01	-1.250124e-01
5.016176e-01	5.184304e-01	-9.931841e-02
6.088094e-01	5.236439e-01	-8.680885e-02
4.995799e-01	3.989879e-01	-1.696492e-01
6.154259e-01	3.966838e-01	-1.685771e-01
4.956005e-01	3.610457e-01	-1.986531e-01
6.190895e-01	3.572143e-01	-1.985256e-01
5.016876e-01	3.617055e-01	-2.300949e-01
6.107759e-01	3.579569e-01	-2.309304e-01
5.064892e-01	3.741385e-01	-1.847466e-01
6.059324e-01	3.707910e-01	-1.839767e-01
5.306443e-01	4.084721e-01	-1.881606e-03
5.821995e-01	4.116760e-01	1.972840e-03
5.247042e-01	2.347645e-01	3.060610e-02
5.884207e-01	2.450932e-01	3.234928e-02
5.231848e-01	9.035756e-02	2.047177e-01
5.826926e-01	8.567360e-02	2.026897e-01
5.323545e-01	6.831879e-02	2.149204e-01
5.745320e-01	6.649934e-02	2.120295e-01
5.020927e-01	2.650880e-02	1.079399e-01
6.086549e-01	2.670154e-02	9.794212e-02
5.547314e-01	7.610134e-01	-3.232318e-01
5.481192e-01	7.797550e-01	-3.077975e-01
5.437729e-01	7.801375e-01	-3.077965e-01
5.397391e-01	7.804254e-01	-3.077230e-01
5.603153e-01	7.785575e-01	-3.070981e-01
5.651284e-01	7.783388e-01	-3.071606e-01
5.686728e-01	7.780794e-01	-3.071067e-01
5.341238e-01	7.722605e-01	-1.995701e-01
5.729942e-01	7.704068e-01	-1.964299e-01
5.462536e-01	7.425013e-01	-2.815656e-01
5.610849e-01	7.402374e-01	-2.805413e-01
5.029608e-01	6.524100e-01	-1.256320e-01
6.014076e-01	6.555785e-01	-1.194420e-01
5.019546e-01	5.197706e-01	-9.659071e-02
6.080147e-01	5.240704e-01	-8.321580e-02
4.992066e-01	4.010172e-01	-1.690206e-01
6.142875e-01	3.972366e-01	-1.655242e-01
4.949431e-01	3.633458e-01	-1.984371e-01
6.182459e-01	3.579461e-01	-1.960896e-01
5.009175e-01	3.639207e-01	-2.308615e-01
6.107703e-01	3.588977e-01	-2.289483e-01
5.057329e-01	3.764603e-01	-1.845860e-01
6.058351e-01	3.717267e-01	-1.812056e-01
5.305297e-01	4.101608e-01	-1.826674e-03
5.814804e-01	4.127188e-01	1.914743e-03
5.246332e-01	2.363664e-01	3.096184e-02
5.878816e-01	2.474746e-01	3.175694e-02
5.229315e-01	9.032457e-02	1.965787e-01
5.827915e-01	8.570602e-02	1.953117e-01
5.316086e-01	6.831469e-02	2.053758e-01
5.747877e-01	6.649649e-02	2.033785e-01
5.022868e-01	2.663760e-02	9.619363e-02
6.086928e-01	2.704080e-02	8.762290e-02
