5.502205e-01	7.772599e-01	-3.648035e-01
5.427765e-01	7.939061e-01	-3.491573e-01
5.386934e-01	7.937918e-01	-3.491595e-01
5.342889e-01	7.936466e-01	-3.491089e-01
5.551003e-01	7.936887e-01	-3.446135e-01
5.596706e-01	7.937956e-01	-3.446595e-01
5.632123e-01	7.934902e-01	-3.445786e-01
5.288464e-01	7.853132e-01	-2.396573e-01
5.668868e-01	7.864027e-01	-2.162205e-01
5.421472e-01	7.556373e-01	-3.227808e-01
5.566573e-01	7.567250e-01	-3.157336e-01
4.997987e-01	6.679574e-01	-1.728584e-01
5.975627e-01	6.693718e-01	-1.271264e-01
4.982799e-01	5.292776e-01	-1.673639e-01
6.048205e-01	5.368547e-01	-8.534904e-02
5.004002e-01	4.084429e-01	-2.789352e-01
6.012254e-01	4.142378e-01	-1.805214e-01
4.987434e-01	3.732619e-01	-3.206940e-01
6.038193e-01	3.770449e-01	-2.159636e-01
5.055328e-01	3.741750e-01	-3.528182e-01
5.941092e-01	3.791167e-01	-2.485261e-01
5.091615e-01	3.902226e-01	-2.953239e-01
5.906003e-01	3.933651e-01	-1.968503e-01
5.242499e-01	4.153662e-01	-1.830774e-02
5.752168e-01	4.129003e-01	1.837459e-02
5.164801e-01	2.457471e-01	-1.159421e-02
5.839664e-01	2.461446e-01	6.014252e-02
5.130354e-01	9.998763e-02	2.204053e-01
5.708391e-01	1.016109e-01	3.110925e-01
5.218469e-01	7.681862e-02	2.362470e-01
5.604292e-01	8.010572e-02	3.292176e-01
4.952234e-01	3.141853e-02	1.143000e-01
5.988700e-01	3.811583e-02	2.194820e-01
5.501394e-01	7.770195e-01	-3.377901e-01
5.427987e-01	7.940045e-01	-3.202382e-01
5.386972e-01	7.940308e-01	-3.202396e-01
5.343066e-01	7.939631e-01	-3.201734e-01
5.551298e-01	7.937320e-01	-3.196922e-01
5.597312e-01	7.938067e-01	-3.197682e-01
5.633242e-01	7.934895e-01	-3.196980e-01
5.289337e-01	7.862577e-01	-2.070390e-01
5.673369e-01	7.863854e-01	-2.039716e-01
5.419599e-01	7.556686e-01	-2.947153e-01
5.565619e-01	7.564704e-01	-2.936037e-01
4.995791e-01	6.680655e-01	-1.395841e-01
5.973803e-01	6.694567e-01	-1.235157e-01
4.978692e-01	5.316688e-01	-1.244946e-01
6.039913e-01	5.371385e-01	-8.504780e-02
4.987634e-01	4.119266e-01	-2.141691e-01
6.011997e-01	4.143893e-01	-1.770346e-01
4.963609e-01	3.736806e-01	-2.509376e-01
6.038173e-01	3.771542e-01	-2.117050e-01
5.042173e-01	3.748471e-01	-2.806304e-01
5.948619e-01	3.791223e-01	-2.444957e-01
5.085142e-01	3.902224e-01	-2.289301e-01
5.911143e-01	3.929991e-01	-1.929413e-01
5.226995e-01	4.155551e-01	-8.976742e-03
5.739295e-01	4.142782e-01	9.055533e-03
5.159942e-01	2.463789e-01	2.746794e-02
5.814292e-01	2.493226e-01	6.013843e-02
5.127873e-01	1.001808e-01	2.274996e-01
5.723215e-01	1.014498e-01	2.710990e-01
5.205327e-01	7.833652e-02	2.407609e-01
5.640175e-01	8.040217e-02	2.843377e-01
4.950247e-01	3.343059e-02	1.274965e-01
5.981270e-01	3.818750e-02	1.696928e-01
5.500144e-01	7.769895e-01	-3.310675e-01
5.428048e-01	7.942126e-01	-3.137844e-01
5.386933e-01	7.943123e-01	-3.137791e-01
5.343114e-01	7.943307e-01	-3.137059e-01
5.551428e-01	7.938112e-01	-3.136881e-01
5.597509e-01	7.938334e-01	-3.137656e-01
5.633833e-01	7.934919e-01	-3.136920e-01
5.289475e-01	7.868600e-01	-2.017386e-01
5.675119e-01	7.863486e-01	-2.013897e-01
5.417082e-01	7.558115e-01	-2.884103e-01
5.564451e-01	7.563629e-01	-2.880448e-01
4.992557e-01	6.680622e-01	-1.345235e-01
5.973288e-01	6.693491e-01	-1.231416e-01
4.978397e-01	5.318811e-01	-1.155469e-01
6.035923e-01	5.371259e-01	-8.597426e-02
4.975706e-01	4.119133e-01	-2.003905e-01
6.012996e-01	4.135669e-01	-1.763017e-01
4.946577e-01	3.731592e-01	-2.359756e-01
6.039895e-01	3.763104e-01	-2.106235e-01
5.029902e-01	3.743401e-01	-2.662613e-01
5.957007e-01	3.776455e-01	-2.431430e-01
5.077598e-01	3.888879e-01	-2.151965e-01
5.916393e-01	3.905876e-01	-1.919580e-01
5.210749e-01	4.156580e-01	-5.043497e-03
5.729437e-01	4.147539e-01	5.118172e-03
5.157331e-01	2.464143e-01	4.320658e-02
5.794725e-01	2.509650e-01	6.254575e-02
5.125055e-01	1.002452e-01	2.357974e-01
5.730113e-01	1.011361e-01	2.679087e-01
5.196300e-01	7.889464e-02	2.481918e-01
5.658990e-01	8.046125e-02	2.808637e-01
4.947168e-01	3.411864e-02	1.404331e-01
5.974723e-01	3.832351e-02	1.680327e-01
5.492889e-01	7.770080e-01	-3.377609e-01
5.425760e-01	7.943989e-01	-3.209330e-01
5.382452e-01	7.944824e-01	-3.209273e-01
5.341505e-01	7.945433e-01	-3.208539e-01
5.549107e-01	7.939030e-01	-3.202080e-01
5.594553e-01	7.938658e-01	-3.202808e-01
5.632663e-01	7.934968e-01	-3.202037e-01
5.286115e-01	7.868990e-01	-2.088903e-01
5.674277e-01	7.860969e-01	-2.023701e-01
5.409438e-01	7.559469e-01	-2.949567e-01
5.559577e-01	7.562939e-01	-2.937038e-01
4.982043e-01	6.678903e-01	-1.375392e-01
5.965711e-01	6.693200e-01	-1.273559e-01
4.977316e-01	5.315033e-01	-1.132119e-01
6.031426e-01	5.371507e-01	-9.117942e-02
4.967379e-01	4.113549e-01	-1.949375e-01
6.014339e-01	4.133786e-01	-1.776200e-01
4.939357e-01	3.719253e-01	-2.294983e-01
6.045511e-01	3.757760e-01	-2.108888e-01
5.022245e-01	3.730734e-01	-2.600131e-01
5.965624e-01	3.767824e-01	-2.437293e-01
5.071170e-01	3.871296e-01	-2.097821e-01
5.921974e-01	3.895031e-01	-1.930515e-01
5.203291e-01	4.159035e-01	-2.250037e-03
5.726033e-01	4.164515e-01	2.314861e-03
5.148271e-01	2.467598e-01	4.776468e-02
5.779003e-01	2.524956e-01	6.318715e-02
5.118372e-01	1.002527e-01	2.381780e-01
5.732108e-01	1.009020e-01	2.670291e-01
5.187660e-01	7.893661e-02	2.503466e-01
5.665528e-01	8.049031e-02	2.800440e-01
4.937468e-01	3.462187e-02	1.437491e-01
5.967833e-01	3.840690e-02	1.677707e-01
5.491410e-01	7.770454e-01	-3.390631e-01
5.425316e-01	7.944931e-01	-3.222731e-01
5.381314e-01	7.945461e-01	-3.222709e-01
5.341141e-01	7.946161e-01	-3.221926e-01
5.548342e-01	7.939385e-01	-3.216363e-01
5.593427e-01	7.938697e-01	-3.217087e-01
5.632134e-01	7.934951e-01	-3.216286e-01
5.284295e-01	7.868932e-01	-2.103699e-01
5.672427e-01	7.857943e-01	-2.041059e-01
5.407299e-01	7.561184e-01	-2.963262e-01
5.558146e-01	7.562693e-01	-2.951578e-01
4.977745e-01	6.675938e-01	-1.373657e-01
5.956802e-01	6.693353e-01	-1.289217e-01
4.976165e-01	5.318139e-01	-1.171972e-01
6.027356e-01	5.370868e-01	-9.356590e-02
4.964038e-01	4.123067e-01	-2.072076e-01
6.018854e-01	4.125156e-01	-1.795989e-01
4.932961e-01	3.720182e-01	-2.428997e-01
6.057226e-01	3.744478e-01	-2.123258e-01
5.017641e-01	3.730884e-01	-2.729081e-01
5.979362e-01	3.749462e-01	-2.456296e-01
5.069507e-01	3.871578e-01	-2.220090e-01
5.931240e-01	3.878605e-01	-1.949636e-01
5.200581e-01	4.161800e-01	-9.608112e-04
5.726025e-01	4.182037e-01	1.016928e-03
5.146943e-01	2.467953e-01	4.307809e-02
5.769148e-01	2.534248e-01	6.041538e-02
5.115539e-01	9.984707e-02	2.276760e-01
5.732037e-01	1.008517e-01	2.542141e-01
5.184082e-01	7.861096e-02	2.372192e-01
5.666941e-01	8.055998e-02	2.664287e-01
4.933557e-01	3.460171e-02	1.331570e-01
5.961128e-01	3.840835e-02	1.542393e-01
5.489238e-01	7.769631e-01	-3.314080e-01
5.424237e-01	7.944784e-01	-3.144493e-01
5.379491e-01	7.945226e-01	-3.144481e-01
5.340336e-01	7.945990e-01	-3.143670e-01
5.547025e-01	7.939094e-01	-3.142565e-01
5.591754e-01	7.938072e-01	-3.143293e-01
5.631291e-01	7.934158e-01	-3.142488e-01
5.282557e-01	7.868506e-01	-2.034117e-01
5.671028e-01	7.855712e-01	-2.016854e-01
5.404896e-01	7.561160e-01	-2.890788e-01
5.556486e-01	7.560409e-01	-2.885725e-01
4.974240e-01	6.668463e-01	-1.335556e-01
5.954371e-01	6.693050e-01	-1.259529e-01
4.975742e-01	5.318422e-01	-1.182225e-01
6.026586e-01	5.367761e-01	-9.283709e-02
4.959159e-01	4.127947e-01	-2.104934e-01
6.040078e-01	4.106764e-01	-1.776210e-01
4.925154e-01	3.720625e-01	-2.464339e-01
6.079999e-01	3.728055e-01	-2.103289e-01
5.011597e-01	3.731086e-01	-2.760366e-01
5.994730e-01	3.731901e-01	-2.434725e-01
5.065857e-01	3.871870e-01	-2.252299e-01
5.945941e-01	3.863229e-01	-1.929869e-01
5.197936e-01	4.158701e-01	-1.526011e-03
5.726305e-01	4.180990e-01	1.585633e-03
5.141427e-01	2.469794e-01	4.360634e-02
5.769583e-01	2.534175e-01	6.203474e-02
5.114037e-01	9.985484e-02	2.276007e-01
5.732079e-01	1.007970e-01	2.616142e-01
5.183149e-01	7.863683e-02	2.374777e-01
5.666405e-01	8.058498e-02	2.744216e-01
4.932272e-01	3.459218e-02	1.322743e-01
5.957991e-01	3.838110e-02	1.639632e-01
5.487619e-01	7.750092e-01	-3.231167e-01
5.422568e-01	7.931417e-01	-3.060732e-01
5.376689e-01	7.932432e-01	-3.060714e-01
5.338820e-01	7.931306e-01	-3.059890e-01
5.545890e-01	7.926148e-01	-3.055374e-01
5.590668e-01	7.925330e-01	-3.056044e-01
5.630771e-01	7.919883e-01	-3.055171e-01
5.278637e-01	7.853451e-01	-1.962470e-01
5.670637e-01	7.841628e-01	-1.937505e-01
5.403267e-01	7.539390e-01	-2.813734e-01
5.555288e-01	7.536013e-01	-2.803974e-01
4.973536e-01	6.649555e-01	-1.312475e-01
5.952179e-01	6.691069e-01	-1.181403e-01
4.975449e-01	5.309563e-01	-1.237736e-01
6.028631e-01	5.363396e-01	-8.906786e-02
4.952737e-01	4.126442e-01	-2.194610e-01
6.059425e-01	4.100347e-01	-1.761368e-01
4.921575e-01	3.716025e-01	-2.565638e-01
6.107385e-01	3.723782e-01	-2.096202e-01
5.007860e-01	3.728183e-01	-2.867832e-01
6.017405e-01	3.724083e-01	-2.423869e-01
5.061478e-01	3.867384e-01	-2.345623e-01
5.965011e-01	3.856112e-01	-1.916144e-01
5.198489e-01	4.131679e-01	-2.350378e-03
5.729925e-01	4.161895e-01	2.418212e-03
5.131689e-01	2.469985e-01	3.951008e-02
5.770360e-01	2.533703e-01	6.452619e-02
5.110623e-01	1.000731e-01	2.290638e-01
5.732536e-01	1.007970e-01	2.681251e-01
5.181153e-01	7.906185e-02	2.396877e-01
5.665992e-01	8.070561e-02	2.816007e-01
4.932396e-01	3.489826e-02	1.358415e-01
5.957866e-01	3.841215e-02	1.715328e-01
5.485791e-01	7.696929e-01	-3.245552e-01
5.421041e-01	7.878789e-01	-3.078142e-01
5.373504e-01	7.882034e-01	-3.078120e-01
5.336900e-01	7.881120e-01	-3.077346e-01
5.543522e-01	7.871144e-01	-3.072408e-01
5.587382e-01	7.869731e-01	-3.073034e-01
5.628771e-01	7.865431e-01	-3.072104e-01
5.273491e-01	7.803686e-01	-1.980216e-01
5.667062e-01	7.793835e-01	-1.954106e-01
5.401455e-01	7.481697e-01	-2.826615e-01
5.552449e-01	7.479487e-01	-2.816740e-01
4.971297e-01	6.583998e-01	-1.309945e-01
5.949848e-01	6.679208e-01	-1.185581e-01
4.975921e-01	5.267836e-01	-1.179705e-01
6.024424e-01	5.342627e-01	-8.646943e-02
4.949313e-01	4.105911e-01	-2.060020e-01
6.061756e-01	4.080094e-01	-1.717223e-01
4.921928e-01	3.693331e-01	-2.412676e-01
6.111785e-01	3.712157e-01	-2.046579e-01
5.007697e-01	3.709667e-01	-2.710411e-01
6.042174e-01	3.701741e-01	-2.379304e-01
5.059888e-01	3.847899e-01	-2.208600e-01
5.987253e-01	3.838764e-01	-1.876133e-01
5.203052e-01	4.084903e-01	-2.237465e-03
5.734130e-01	4.121785e-01	2.295648e-03
5.131602e-01	2.444689e-01	4.429153e-02
5.771913e-01	2.513504e-01	7.016746e-02
5.109707e-01	1.000779e-01	2.349883e-01
5.732436e-01	1.003839e-01	2.738294e-01
5.180933e-01	7.910798e-02	2.466154e-01
5.665149e-01	8.070106e-02	2.867511e-01
4.931951e-01	3.503093e-02	1.429891e-01
5.957209e-01	3.839524e-02	1.805919e-01
5.472485e-01	7.558581e-01	-3.536492e-01
5.413472e-01	7.760082e-01	-3.371156e-01
5.366484e-01	7.763368e-01	-3.371078e-01
5.331284e-01	7.766063e-01	-3.370333e-01
5.535725e-01	7.753001e-01	-3.385068e-01
5.576881e-01	7.752424e-01	-3.385809e-01
5.619990e-01	7.749805e-01	-3.385514e-01
5.263724e-01	7.698675e-01	-2.176609e-01
5.659545e-01	7.688432e-01	-2.239038e-01
5.389957e-01	7.368891e-01	-3.068125e-01
5.540540e-01	7.366371e-01	-3.083162e-01
4.962519e-01	6.499099e-01	-1.315104e-01
5.948964e-01	6.620212e-01	-1.373609e-01
4.978031e-01	5.221183e-01	-8.479818e-02
6.024618e-01	5.273527e-01	-8.811338e-02
4.949598e-01	4.037271e-01	-1.526781e-01
6.071884e-01	4.039517e-01	-1.686693e-01
4.928252e-01	3.648585e-01	-1.806173e-01
6.120165e-01	3.674189e-01	-1.982809e-01
5.008110e-01	3.665545e-01	-2.113833e-01
6.061364e-01	3.648115e-01	-2.331218e-01
5.057009e-01	3.802394e-01	-1.678400e-01
6.008976e-01	3.790785e-01	-1.847382e-01
5.202206e-01	4.032943e-01	-1.206866e-03
5.734341e-01	4.062240e-01	1.237659e-03
5.131906e-01	2.374658e-01	4.042815e-02
5.800557e-01	2.446345e-01	6.914461e-02
5.109575e-01	9.968634e-02	2.487932e-01
5.732727e-01	1.000034e-01	2.913366e-01
5.181175e-01	7.880413e-02	2.622951e-01
5.665041e-01	8.070178e-02	3.063200e-01
4.930452e-01	3.497132e-02	1.510983e-01
5.957322e-01	3.851460e-02	1.905948e-01
5.464634e-01	7.397132e-01	-3.712630e-01
5.406658e-01	7.594600e-01	-3.563576e-01
5.359954e-01	7.598759e-01	-3.563478e-01
5.326151e-01	7.601762e-01	-3.562885e-01
5.529653e-01	7.594324e-01	-3.581219e-01
5.568959e-01	7.597817e-01	-3.581875e-01
5.613006e-01	7.603168e-01	-3.581730e-01
5.255983e-01	7.551228e-01	-2.344464e-01
5.650920e-01	7.562107e-01	-2.427302e-01
5.385218e-01	7.216200e-01	-3.224821e-01
5.535243e-01	7.219696e-01	-3.244492e-01
4.955817e-01	6.438501e-01	-1.301651e-01
5.945686e-01	6.545298e-01	-1.440658e-01
4.982840e-01	5.207250e-01	-4.532747e-02
6.024318e-01	5.239140e-01	-7.458709e-02
4.952974e-01	4.030535e-01	-7.917478e-02
6.080921e-01	4.020593e-01	-1.326861e-01
4.929972e-01	3.650866e-01	-9.774549e-02
6.134723e-01	3.664920e-01	-1.565262e-01
4.999465e-01	3.667960e-01	-1.310424e-01
6.083066e-01	3.636729e-01	-1.932689e-01
5.046956e-01	3.804338e-01	-9.417649e-02
6.032449e-01	3.772875e-01	-1.488066e-01
5.202318e-01	3.958793e-01	1.362402e-03
5.735946e-01	3.996194e-01	-1.377589e-03
5.132747e-01	2.359924e-01	4.475312e-02
5.823038e-01	2.405268e-01	6.943916e-02
5.111268e-01	9.934521e-02	2.669817e-01
5.732861e-01	9.946489e-02	3.106568e-01
5.185313e-01	7.833224e-02	2.818415e-01
5.664821e-01	8.069101e-02	3.270021e-01
4.929015e-01	3.484569e-02	1.685095e-01
5.957317e-01	3.851566e-02	2.079336e-01
5.452151e-01	7.247188e-01	-3.664248e-01
5.396036e-01	7.443272e-01	-3.523140e-01
5.351230e-01	7.445403e-01	-3.523058e-01
5.316558e-01	7.450061e-01	-3.522510e-01
5.520548e-01	7.444956e-01	-3.523678e-01
5.558221e-01	7.451251e-01	-3.524250e-01
5.601481e-01	7.458125e-01	-3.524258e-01
5.247304e-01	7.411252e-01	-2.332834e-01
5.639148e-01	7.424958e-01	-2.341468e-01
5.376126e-01	7.046306e-01	-3.187620e-01
5.527210e-01	7.053410e-01	-3.186282e-01
4.951004e-01	6.357670e-01	-1.294687e-01
5.932783e-01	6.470782e-01	-1.335377e-01
4.997925e-01	5.153116e-01	-4.633562e-02
6.023771e-01	5.248272e-01	-4.361925e-02
5.002353e-01	4.005907e-01	-7.713711e-02
6.081824e-01	4.123331e-01	-9.636422e-02
4.998736e-01	3.653638e-01	-9.539046e-02
6.135653e-01	3.737999e-01	-1.169566e-01
5.043631e-01	3.670307e-01	-1.274175e-01
6.075431e-01	3.717526e-01	-1.519022e-01
5.072573e-01	3.807158e-01	-9.141929e-02
6.024874e-01	3.849644e-01	-1.115084e-01
5.203491e-01	3.875942e-01	6.157245e-04
5.736228e-01	3.929365e-01	-6.353057e-04
5.131563e-01	2.319877e-01	4.251579e-02
5.854734e-01	2.360685e-01	6.696308e-02
5.114697e-01	9.845236e-02	2.638647e-01
5.732493e-01	9.906137e-02	3.074357e-01
5.190243e-01	7.774740e-02	2.793181e-01
5.660268e-01	8.073793e-02	3.238502e-01
4.928880e-01	3.483069e-02	1.699941e-01
5.957673e-01	3.840781e-02	2.090572e-01
5.448543e-01	7.105803e-01	-3.581918e-01
5.393096e-01	7.300753e-01	-3.510335e-01
5.347538e-01	7.303701e-01	-3.510335e-01
5.313920e-01	7.306412e-01	-3.508767e-01
5.517546e-01	7.302386e-01	-3.483857e-01
5.554846e-01	7.307520e-01	-3.484587e-01
5.598494e-01	7.314615e-01	-3.483639e-01
5.244380e-01	7.258123e-01	-2.299218e-01
5.635664e-01	7.267715e-01	-2.328946e-01
5.373987e-01	6.898627e-01	-3.129539e-01
5.523352e-01	6.904687e-01	-3.158188e-01
4.950989e-01	6.269104e-01	-1.225879e-01
5.924862e-01	6.290094e-01	-1.212027e-01
5.006227e-01	5.161611e-01	9.643534e-03
6.023663e-01	5.216581e-01	3.595166e-02
5.061161e-01	4.036492e-01	7.852450e-02
6.081523e-01	4.190560e-01	9.614195e-02
5.086737e-01	3.833558e-01	8.527716e-02
6.142005e-01	3.832600e-01	9.784456e-02
5.102423e-01	3.854510e-01	5.216771e-02
6.079917e-01	3.830364e-01	6.969783e-02
5.117649e-01	3.905931e-01	6.697332e-02
6.031754e-01	3.953223e-01	8.677593e-02
5.203238e-01	3.778063e-01	1.392043e-03
5.734569e-01	3.826356e-01	-1.544283e-03
5.139149e-01	2.324282e-01	5.610286e-02
5.880517e-01	2.310183e-01	5.265956e-02
5.123688e-01	9.790318e-02	2.832010e-01
5.732201e-01	9.814854e-02	3.032076e-01
5.196831e-01	7.756921e-02	2.996662e-01
5.658261e-01	8.068224e-02	3.217721e-01
4.929351e-01	3.488689e-02	1.959222e-01
5.959185e-01	3.840934e-02	2.052815e-01
5.444936e-01	6.878361e-01	-3.582613e-01
5.388138e-01	7.102352e-01	-3.506337e-01
5.344138e-01	7.104551e-01	-3.506287e-01
5.311374e-01	7.108651e-01	-3.505741e-01
5.513697e-01	7.105609e-01	-3.508750e-01
5.551019e-01	7.111337e-01	-3.509278e-01
5.594572e-01	7.114134e-01	-3.509154e-01
5.244036e-01	7.067775e-01	-2.443879e-01
5.634319e-01	7.066829e-01	-2.529918e-01
5.370625e-01	6.696734e-01	-3.147804e-01
5.520004e-01	6.698886e-01	-3.169180e-01
4.951290e-01	6.111085e-01	-1.259224e-01
5.922825e-01	6.161290e-01	-1.273516e-01
5.005549e-01	5.123850e-01	4.041040e-02
6.023845e-01	5.199559e-01	5.883031e-02
5.114588e-01	4.119263e-01	1.690283e-01
6.080626e-01	4.279112e-01	1.759226e-01
5.135761e-01	3.879067e-01	1.898466e-01
6.138931e-01	3.928673e-01	1.900766e-01
5.143403e-01	3.905674e-01	1.559890e-01
6.076626e-01	3.930471e-01	1.650089e-01
5.157045e-01	4.009995e-01	1.593149e-01
6.031253e-01	4.049935e-01	1.699871e-01
5.204419e-01	3.681103e-01	4.206383e-03
5.740983e-01	3.715736e-01	-4.512511e-03
5.147235e-01	2.318448e-01	6.772056e-02
5.902575e-01	2.233364e-01	5.488157e-02
5.130617e-01	9.764498e-02	3.041553e-01
5.731429e-01	9.713669e-02	3.110372e-01
5.201553e-01	7.755031e-02	3.221708e-01
5.653754e-01	8.068047e-02	3.292490e-01
4.929373e-01	3.587755e-02	2.206473e-01
5.958906e-01	3.866014e-02	2.184706e-01
5.445594e-01	6.716927e-01	-3.646192e-01
5.388550e-01	6.924605e-01	-3.580673e-01
5.344478e-01	6.925828e-01	-3.580712e-01
5.311550e-01	6.927217e-01	-3.580741e-01
5.513818e-01	6.936522e-01	-3.589882e-01
5.551431e-01	6.944024e-01	-3.590316e-01
5.594656e-01	6.948005e-01	-3.590476e-01
5.244189e-01	6.887348e-01	-2.561221e-01
5.633988e-01	6.908810e-01	-2.632574e-01
5.371941e-01	6.538351e-01	-3.218204e-01
5.520142e-01	6.550549e-01	-3.233688e-01
4.958789e-01	5.975607e-01	-1.384850e-01
5.922493e-01	6.031403e-01	-1.390122e-01
5.005070e-01	5.056936e-01	1.479501e-02
6.032468e-01	4.980597e-01	1.758839e-02
5.147241e-01	4.120377e-01	1.195717e-01
6.053640e-01	4.199567e-01	8.827438e-02
5.178829e-01	3.915751e-01	1.326362e-01
6.094917e-01	3.907892e-01	9.376176e-02
5.186652e-01	3.935771e-01	1.036963e-01
6.025615e-01	3.903978e-01	6.893812e-02
5.190040e-01	4.001974e-01	1.109546e-01
5.998447e-01	4.037388e-01	8.094899e-02
5.204359e-01	3.611498e-01	4.879023e-03
5.734430e-01	3.639712e-01	-5.188012e-03
5.149374e-01	2.269784e-01	5.836287e-02
5.895318e-01	2.139435e-01	4.236770e-02
5.133455e-01	9.739839e-02	2.984010e-01
5.730882e-01	9.687245e-02	3.013960e-01
5.204609e-01	7.761154e-02	3.175047e-01
5.648691e-01	8.075630e-02	3.228192e-01
4.929028e-01	3.662755e-02	2.196735e-01
5.958963e-01	3.887675e-02	2.124246e-01
5.447734e-01	6.532391e-01	-3.622682e-01
5.388663e-01	6.724499e-01	-3.533744e-01
5.344617e-01	6.726156e-01	-3.533790e-01
5.311677e-01	6.728984e-01	-3.533748e-01
5.514032e-01	6.737088e-01	-3.538188e-01
5.551847e-01	6.744823e-01	-3.538664e-01
5.594817e-01	6.752736e-01	-3.538755e-01
5.244444e-01	6.705064e-01	-2.466884e-01
5.631409e-01	6.735505e-01	-2.506643e-01
5.373518e-01	6.357432e-01	-3.187793e-01
5.520236e-01	6.368446e-01	-3.195765e-01
4.965629e-01	5.809017e-01	-1.380440e-01
5.920762e-01	5.876161e-01	-1.230915e-01
5.115710e-01	4.883903e-01	1.510251e-03
6.032418e-01	4.851120e-01	4.802401e-02
5.227833e-01	3.957004e-01	8.283684e-02
6.037381e-01	3.920887e-01	1.307997e-01
5.249744e-01	3.803093e-01	9.061207e-02
6.071925e-01	3.701328e-01	1.385807e-01
5.244460e-01	3.788577e-01	6.105394e-02
6.026088e-01	3.688770e-01	1.144081e-01
5.248677e-01	3.812878e-01	7.326443e-02
5.991861e-01	3.765153e-01	1.239725e-01
5.203100e-01	3.437555e-01	4.628943e-03
5.726123e-01	3.479264e-01	-5.042783e-03
5.155379e-01	2.161818e-01	5.103203e-02
5.895801e-01	2.045383e-01	3.128446e-02
5.136150e-01	9.747817e-02	3.237153e-01
5.729942e-01	9.681172e-02	3.098533e-01
5.207533e-01	7.862074e-02	3.477213e-01
5.643197e-01	8.106825e-02	3.323779e-01
4.923583e-01	3.716635e-02	2.587431e-01
5.959015e-01	3.887218e-02	2.315461e-01
5.447143e-01	6.403443e-01	-2.581011e-01
5.387729e-01	6.582967e-01	-2.442369e-01
5.344289e-01	6.585056e-01	-2.442680e-01
5.311550e-01	6.587646e-01	-2.442487e-01
5.510576e-01	6.599442e-01	-2.413917e-01
5.548028e-01	6.609221e-01	-2.414486e-01
5.590835e-01	6.618764e-01	-2.413928e-01
5.244593e-01	6.552237e-01	-1.403262e-01
5.630116e-01	6.595857e-01	-1.297080e-01
5.373750e-01	6.230875e-01	-2.173857e-01
5.519210e-01	6.241831e-01	-2.137984e-01
4.994966e-01	5.723106e-01	-1.008118e-01
5.910330e-01	5.795299e-01	-2.543931e-02
5.235398e-01	4.896167e-01	-1.715399e-01
6.011434e-01	4.931172e-01	1.148791e-01
5.682315e-01	5.432496e-01	-2.818428e-01
6.025478e-01	3.924213e-01	1.881689e-01
5.827003e-01	5.583505e-01	-3.122710e-01
6.074084e-01	3.697147e-01	1.938965e-01
5.817949e-01	5.672074e-01	-3.096665e-01
6.055096e-01	3.688677e-01	1.721180e-01
5.758483e-01	5.586515e-01	-2.836913e-01
6.003937e-01	3.756465e-01	1.810226e-01
5.202035e-01	3.333026e-01	-2.635131e-03
5.715450e-01	3.369823e-01	2.555813e-03
5.153685e-01	2.020137e-01	3.139818e-02
5.903868e-01	1.949475e-01	6.762840e-03
5.143272e-01	9.721339e-02	3.105187e-01
5.734138e-01	9.591397e-02	2.668181e-01
5.215573e-01	7.908037e-02	3.358448e-01
5.644025e-01	8.107482e-02	2.885750e-01
4.920915e-01	3.716275e-02	2.566823e-01
5.964544e-01	3.855491e-02	2.042772e-01
5.447608e-01	6.274385e-01	-2.989525e-01
5.387973e-01	6.456829e-01	-2.867462e-01
5.344483e-01	6.461651e-01	-2.867547e-01
5.311613e-01	6.466364e-01	-2.867178e-01
5.510526e-01	6.465162e-01	-2.878894e-01
5.548152e-01	6.473234e-01	-2.879381e-01
5.590551e-01	6.480627e-01	-2.879198e-01
5.245171e-01	6.449775e-01	-1.760497e-01
5.629781e-01	6.473700e-01	-1.824993e-01
5.374008e-01	6.122394e-01	-2.547134e-01
5.519074e-01	6.122334e-01	-2.561963e-01
5.012339e-01	5.728460e-01	-8.077653e-02
5.910808e-01	5.664715e-01	-7.170621e-02
5.222894e-01	5.023386e-01	5.765111e-02
5.989789e-01	4.858097e-01	1.101849e-01
5.425106e-01	4.797481e-01	1.709115e-01
6.008669e-01	3.837790e-01	2.424516e-01
5.487369e-01	4.684978e-01	1.860621e-01
6.075624e-01	3.557296e-01	2.588226e-01
5.528854e-01	4.714556e-01	1.582055e-01
6.058110e-01	3.478048e-01	2.346053e-01
5.505005e-01	4.745951e-01	1.625181e-01
6.014938e-01	3.595667e-01	2.373645e-01
5.192844e-01	3.219416e-01	-1.334169e-03
5.712474e-01	3.235425e-01	1.190237e-03
5.153062e-01	1.878539e-01	8.120568e-03
5.921268e-01	1.846659e-01	-9.680102e-03
5.150563e-01	9.719075e-02	3.165484e-01
5.734022e-01	9.478734e-02	2.906378e-01
5.229771e-01	8.062846e-02	3.439551e-01
5.639511e-01	8.118950e-02	3.196098e-01
4.920259e-01	3.671914e-02	2.646427e-01
5.968975e-01	3.773087e-02	2.326366e-01
5.447967e-01	6.102116e-01	-2.159119e-01
5.388149e-01	6.294742e-01	-2.017246e-01
5.344619e-01	6.306037e-01	-2.017217e-01
5.311660e-01	6.318062e-01	-2.016636e-01
5.510638e-01	6.294332e-01	-2.071714e-01
5.548383e-01	6.302642e-01	-2.071761e-01
5.590726e-01	6.312497e-01	-2.071235e-01
5.245861e-01	6.338291e-01	-8.991465e-02
5.629917e-01	6.337908e-01	-1.177542e-01
5.374213e-01	5.963712e-01	-1.721134e-01
5.518712e-01	5.957487e-01	-1.791278e-01
5.031219e-01	5.705569e-01	-1.959144e-02
5.910078e-01	5.601040e-01	-2.494832e-02
5.185955e-01	5.490764e-01	4.298056e-03
5.961601e-01	5.011034e-01	1.823584e-01
5.175112e-01	5.451050e-01	4.229320e-02
5.939624e-01	4.188740e-01	3.886099e-01
5.145317e-01	5.408456e-01	4.164093e-02
5.989517e-01	3.799103e-01	4.149198e-01
5.240898e-01	5.368867e-01	4.644704e-02
6.000298e-01	3.776586e-01	3.987853e-01
5.259623e-01	5.353951e-01	2.616274e-02
5.935466e-01	3.998300e-01	3.890584e-01
5.185653e-01	3.121035e-01	-1.218422e-03
5.712475e-01	3.116902e-01	1.059346e-03
5.144728e-01	1.787899e-01	-6.914860e-03
5.920091e-01	1.722558e-01	-3.596554e-03
5.151300e-01	9.717342e-02	3.150169e-01
5.733206e-01	9.455286e-02	3.285230e-01
5.234205e-01	8.116325e-02	3.439271e-01
5.629891e-01	8.141902e-02	3.583387e-01
4.919587e-01	3.668990e-02	2.636799e-01
5.968917e-01	3.671729e-02	2.690843e-01
5.444409e-01	6.005247e-01	-6.836458e-02
5.384373e-01	6.191490e-01	-5.358890e-02
5.343155e-01	6.205470e-01	-5.358080e-02
5.309888e-01	6.219288e-01	-5.353460e-02
5.504342e-01	6.185393e-01	-5.832273e-02
5.542476e-01	6.191967e-01	-5.835801e-02
5.582896e-01	6.199620e-01	-5.820420e-02
5.246633e-01	6.232152e-01	4.058531e-02
5.627010e-01	6.224092e-01	1.787484e-02
5.372699e-01	5.863088e-01	-3.119332e-02
5.511193e-01	5.858334e-01	-3.716489e-02
5.060429e-01	5.641820e-01	4.581916e-02
5.859423e-01	5.622795e-01	1.430477e-02
5.108731e-01	5.593439e-01	-1.134069e-01
5.885826e-01	5.461305e-01	-1.000877e-01
5.111222e-01	5.530139e-01	-2.576913e-01
5.803500e-01	5.311455e-01	-1.777242e-01
5.077581e-01	5.491171e-01	-2.917657e-01
5.871109e-01	5.310432e-01	-2.013203e-01
5.193402e-01	5.440078e-01	-2.820585e-01
5.799875e-01	5.293522e-01	-2.004809e-01
5.221900e-01	5.427701e-01	-2.605532e-01
5.771341e-01	5.287023e-01	-1.815312e-01
5.184216e-01	3.028217e-01	-3.112112e-04
5.712763e-01	3.033466e-01	2.559037e-04
5.144774e-01	1.693903e-01	-1.074806e-02
5.924889e-01	1.642121e-01	-4.450890e-02
5.150701e-01	9.567320e-02	2.641711e-01
5.727164e-01	9.378282e-02	2.330147e-01
5.233774e-01	8.058738e-02	2.900097e-01
5.614134e-01	8.204569e-02	2.599807e-01
4.917958e-01	3.614441e-02	2.583556e-01
5.967449e-01	3.618160e-02	2.020776e-01
5.442217e-01	5.922197e-01	-8.007050e-02
5.381968e-01	6.107680e-01	-6.604964e-02
5.341782e-01	6.125088e-01	-6.605591e-02
5.307930e-01	6.142732e-01	-6.602921e-02
5.501732e-01	6.097208e-01	-6.914642e-02
5.540587e-01	6.104821e-01	-6.918808e-02
5.580516e-01	6.113942e-01	-6.906150e-02
5.246868e-01	6.160742e-01	2.572430e-02
5.627074e-01	6.137971e-01	1.086948e-02
5.370719e-01	5.782343e-01	-4.370805e-02
5.508313e-01	5.776102e-01	-4.739950e-02
5.070215e-01	5.592043e-01	2.617264e-02
5.853966e-01	5.572419e-01	6.077071e-03
5.073471e-01	5.566126e-01	-1.632013e-01
5.884156e-01	5.462692e-01	-1.461864e-01
5.120212e-01	5.459296e-01	-3.274639e-01
5.824694e-01	5.406761e-01	-2.607735e-01
5.099599e-01	5.453816e-01	-3.656654e-01
5.862710e-01	5.413963e-01	-2.896031e-01
5.185709e-01	5.414721e-01	-3.544880e-01
5.816365e-01	5.382756e-01	-2.885092e-01
5.225664e-01	5.395783e-01	-3.299327e-01
5.765103e-01	5.341077e-01	-2.657191e-01
5.183161e-01	2.955194e-01	-4.647398e-04
5.713359e-01	2.983194e-01	4.380087e-04
5.148025e-01	1.449517e-01	-1.539184e-02
5.927416e-01	1.590609e-01	-4.909469e-02
5.140067e-01	9.461749e-02	2.638654e-01
5.723944e-01	9.379811e-02	2.327421e-01
5.215533e-01	8.050708e-02	2.900254e-01
5.604576e-01	8.383576e-02	2.603597e-01
4.915475e-01	3.575257e-02	2.422710e-01
5.966247e-01	3.619748e-02	2.053192e-01
5.441638e-01	5.861751e-01	-8.243603e-02
5.380914e-01	6.064383e-01	-6.904514e-02
5.340994e-01	6.083744e-01	-6.904207e-02
5.306308e-01	6.104006e-01	-6.901046e-02
5.500486e-01	6.049689e-01	-7.198353e-02
5.539149e-01	6.058618e-01	-7.202715e-02
5.578567e-01	6.068480e-01	-7.189366e-02
5.246826e-01	6.122803e-01	2.051681e-02
5.627164e-01	6.096035e-01	6.538970e-03
5.370646e-01	5.722752e-01	-4.666285e-02
5.506844e-01	5.712934e-01	-5.014905e-02
5.070798e-01	5.571139e-01	1.755299e-02
5.850002e-01	5.558714e-01	-2.480556e-04
5.059320e-01	5.526990e-01	-1.878182e-01
5.881581e-01	5.421968e-01	-1.647807e-01
5.125710e-01	5.440438e-01	-3.665011e-01
5.830286e-01	5.355546e-01	-2.928669e-01
5.111773e-01	5.458425e-01	-4.079351e-01
5.883712e-01	5.357968e-01	-3.243929e-01
5.192041e-01	5.429657e-01	-3.952654e-01
5.825590e-01	5.336762e-01	-3.237588e-01
5.228848e-01	5.410703e-01	-3.689554e-01
5.791080e-01	5.303681e-01	-2.986415e-01
5.180652e-01	2.964219e-01	-7.428995e-04
5.713651e-01	3.000212e-01	7.493741e-04
5.148453e-01	1.409666e-01	-1.482997e-02
5.929760e-01	1.586881e-01	-4.763481e-02
5.136462e-01	9.462830e-02	2.632999e-01
5.722109e-01	9.382993e-02	2.170125e-01
5.212212e-01	8.092631e-02	2.891897e-01
5.603023e-01	8.450536e-02	2.427430e-01
4.913773e-01	3.549268e-02	2.391193e-01
5.966758e-01	3.605182e-02	1.911190e-01
5.440578e-01	5.824485e-01	-6.833447e-02
5.380090e-01	6.029549e-01	-5.508637e-02
5.340502e-01	6.051028e-01	-5.508249e-02
5.305429e-01	6.073549e-01	-5.504709e-02
5.498731e-01	6.010458e-01	-5.773789e-02
5.537157e-01	6.019210e-01	-5.777082e-02
5.575932e-01	6.029655e-01	-5.761962e-02
5.246935e-01	6.106409e-01	3.373497e-02
5.627277e-01	6.070798e-01	2.124046e-02
5.370209e-01	5.696073e-01	-3.270659e-02
5.505093e-01	5.681926e-01	-3.575635e-02
5.071253e-01	5.579554e-01	2.856423e-02
5.849916e-01	5.561436e-01	1.451131e-02
5.056024e-01	5.515952e-01	-1.716736e-01
5.882558e-01	5.403977e-01	-1.393303e-01
5.127274e-01	5.496445e-01	-3.341104e-01
5.813184e-01	5.350111e-01	-2.532045e-01
5.118601e-01	5.521038e-01	-3.747073e-01
5.847136e-01	5.356909e-01	-2.833170e-01
5.208133e-01	5.451633e-01	-3.609042e-01
5.777194e-01	5.335287e-01	-2.825989e-01
5.239737e-01	5.423450e-01	-3.359103e-01
5.757823e-01	5.300794e-01	-2.585300e-01
5.179493e-01	2.959575e-01	-1.885709e-03
5.714187e-01	2.995835e-01	1.948386e-03
5.148245e-01	1.410424e-01	-2.792547e-02
5.931239e-01	1.549017e-01	-4.679025e-02
5.136309e-01	9.464010e-02	2.555298e-01
5.719429e-01	9.383821e-02	2.197361e-01
5.211973e-01	8.119432e-02	2.821113e-01
5.597531e-01	8.480196e-02	2.455597e-01
4.913773e-01	3.547557e-02	2.356325e-01
5.964829e-01	3.563479e-02	1.942423e-01
5.442013e-01	5.809126e-01	-8.772828e-02
5.381179e-01	6.008211e-01	-7.395916e-02
5.341393e-01	6.028779e-01	-7.395916e-02
5.306120e-01	6.051307e-01	-7.392674e-02
5.499345e-01	5.994260e-01	-7.630616e-02
5.537723e-01	6.004748e-01	-7.633851e-02
5.576278e-01	6.017373e-01	-7.619800e-02
5.247703e-01	6.087162e-01	1.884970e-02
5.629429e-01	6.061248e-01	8.281988e-03
5.371544e-01	5.680745e-01	-5.056900e-02
5.505860e-01	5.672914e-01	-5.301189e-02
5.072580e-01	5.565423e-01	1.519988e-02
5.853152e-01	5.540564e-01	2.561465e-03
5.051835e-01	5.497196e-01	-2.038153e-01
5.891120e-01	5.385039e-01	-1.781697e-01
5.128095e-01	5.494003e-01	-3.896971e-01
5.803493e-01	5.326828e-01	-3.255256e-01
5.123007e-01	5.519930e-01	-4.357807e-01
5.834491e-01	5.342330e-01	-3.626160e-01
5.218910e-01	5.482779e-01	-4.201458e-01
5.759003e-01	5.325170e-01	-3.607271e-01
5.246950e-01	5.419269e-01	-3.913955e-01
5.742556e-01	5.286856e-01	-3.316107e-01
5.177623e-01	2.942216e-01	-2.216545e-03
5.714328e-01	2.967502e-01	2.294022e-03
5.146128e-01	1.432170e-01	-2.890225e-02
5.930389e-01	1.539305e-01	-3.342708e-02
5.136334e-01	9.452116e-02	2.617924e-01
5.718979e-01	9.369712e-02	2.249624e-01
5.211988e-01	8.117691e-02	2.878333e-01
5.597754e-01	8.478759e-02	2.649367e-01
4.913549e-01	3.538265e-02	2.351522e-01
5.958406e-01	3.470283e-02	2.234786e-01
5.441656e-01	5.810655e-01	-7.702873e-02
5.380704e-01	6.014262e-01	-6.320675e-02
5.341092e-01	6.034110e-01	-6.320393e-02
5.305632e-01	6.055749e-01	-6.316997e-02
5.498896e-01	5.998106e-01	-6.493624e-02
5.537359e-01	6.007163e-01	-6.496485e-02
5.575944e-01	6.018146e-01	-6.480880e-02
5.247213e-01	6.085624e-01	2.754044e-02
5.629316e-01	6.056181e-01	1.949036e-02
5.370988e-01	5.680285e-01	-4.081036e-02
5.505788e-01	5.667073e-01	-4.257303e-02
5.070918e-01	5.550439e-01	1.807615e-02
5.853926e-01	5.518367e-01	1.065395e-02
5.043958e-01	5.481576e-01	-2.050623e-01
5.895497e-01	5.379763e-01	-1.830020e-01
5.127975e-01	5.472105e-01	-3.947619e-01
5.817225e-01	5.303875e-01	-3.511605e-01
5.124362e-01	5.507428e-01	-4.408035e-01
5.859752e-01	5.359665e-01	-3.895460e-01
5.218983e-01	5.472885e-01	-4.245886e-01
5.792607e-01	5.332212e-01	-3.884707e-01
5.246904e-01	5.402802e-01	-3.963003e-01
5.767512e-01	5.264973e-01	-3.582235e-01
5.169116e-01	2.931899e-01	-3.536024e-03
5.714346e-01	2.952279e-01	3.625890e-03
5.143921e-01	1.381389e-01	-3.226731e-02
5.929703e-01	1.523916e-01	-4.339156e-02
5.135407e-01	9.448782e-02	2.604175e-01
5.716575e-01	9.336162e-02	2.225687e-01
5.211396e-01	8.115661e-02	2.871866e-01
5.597090e-01	8.435408e-02	2.500040e-01
4.913495e-01	3.531506e-02	2.359176e-01
5.957208e-01	3.400961e-02	2.019854e-01
5.438663e-01	5.825322e-01	-6.151388e-02
5.379272e-01	6.033294e-01	-4.656845e-02
5.340382e-01	6.054018e-01	-4.656916e-02
5.304955e-01	6.076750e-01	-4.652889e-02
5.496110e-01	6.011708e-01	-4.764594e-02
5.534068e-01	6.017702e-01	-4.767282e-02
5.571650e-01	6.025651e-01	-4.751083e-02
5.246981e-01	6.098437e-01	4.509221e-02
5.624384e-01	6.056406e-01	3.997567e-02
5.367529e-01	5.686353e-01	-2.550877e-02
5.501770e-01	5.669551e-01	-2.641116e-02
5.071903e-01	5.556442e-01	3.088092e-02
5.849632e-01	5.511774e-01	2.777939e-02
5.044059e-01	5.504317e-01	-1.915855e-01
5.899903e-01	5.383815e-01	-1.746934e-01
5.129753e-01	5.487511e-01	-3.698714e-01
5.807053e-01	5.314754e-01	-3.494272e-01
5.126146e-01	5.528589e-01	-4.146254e-01
5.844723e-01	5.352620e-01	-3.883736e-01
5.220806e-01	5.490247e-01	-3.974574e-01
5.765828e-01	5.321978e-01	-3.857946e-01
5.247800e-01	5.445759e-01	-3.707098e-01
5.742345e-01	5.285926e-01	-3.559912e-01
5.162984e-01	2.923349e-01	-5.075628e-03
5.714003e-01	2.939449e-01	5.165276e-03
5.140310e-01	1.348281e-01	-4.458480e-02
5.928842e-01	1.522769e-01	-5.917157e-02
5.132078e-01	9.445324e-02	2.571146e-01
5.711910e-01	9.303214e-02	2.102951e-01
5.210472e-01	8.183626e-02	2.849048e-01
5.593684e-01	8.430855e-02	2.364525e-01
4.915033e-01	3.521345e-02	2.352023e-01
5.954688e-01	3.294280e-02	1.870624e-01
5.435081e-01	5.850012e-01	-5.219637e-02
5.375389e-01	6.048294e-01	-3.697974e-02
5.337546e-01	6.065676e-01	-3.698252e-02
5.301874e-01	6.085058e-01	-3.694638e-02
5.492989e-01	6.037384e-01	-3.771559e-02
5.531535e-01	6.046181e-01	-3.773037e-02
5.569655e-01	6.058679e-01	-3.755456e-02
5.245305e-01	6.110387e-01	5.417222e-02
5.623486e-01	6.090875e-01	5.081117e-02
5.365062e-01	5.696245e-01	-1.652504e-02
5.500128e-01	5.688583e-01	-1.697289e-02
5.070428e-01	5.565911e-01	3.695787e-02
5.847681e-01	5.503422e-01	3.952604e-02
5.040239e-01	5.524736e-01	-1.884280e-01
5.902463e-01	5.375358e-01	-1.589903e-01
5.122059e-01	5.491730e-01	-3.734161e-01
5.805352e-01	5.313733e-01	-3.332415e-01
5.094865e-01	5.525115e-01	-4.200025e-01
5.846254e-01	5.355142e-01	-3.725114e-01
5.204518e-01	5.487165e-01	-4.037591e-01
5.780022e-01	5.317395e-01	-3.705657e-01
5.231813e-01	5.448546e-01	-3.750995e-01
5.732989e-01	5.260171e-01	-3.402403e-01
5.158991e-01	2.926168e-01	-6.863271e-03
5.712632e-01	2.944494e-01	6.969134e-03
5.137185e-01	1.345344e-01	-5.009986e-02
5.928288e-01	1.538754e-01	-5.757875e-02
5.129239e-01	9.446663e-02	2.506450e-01
5.708343e-01	9.275542e-02	2.081537e-01
5.206755e-01	8.290645e-02	2.783649e-01
5.591954e-01	8.425979e-02	2.335071e-01
4.916063e-01	3.518906e-02	2.314057e-01
5.954267e-01	3.249341e-02	1.840864e-01
5.435184e-01	5.884104e-01	-7.540445e-02
5.374629e-01	6.079302e-01	-6.088407e-02
5.337048e-01	6.095173e-01	-6.088221e-02
5.301515e-01	6.112898e-01	-6.084632e-02
5.492595e-01	6.075494e-01	-6.330542e-02
5.531477e-01	6.088446e-01	-6.332766e-02
5.569793e-01	6.102816e-01	-6.317461e-02
5.244526e-01	6.143504e-01	3.485379e-02
5.623590e-01	6.135359e-01	2.334711e-02
5.365624e-01	5.724922e-01	-3.727937e-02
5.500319e-01	5.732312e-01	-4.004333e-02
5.066175e-01	5.581405e-01	3.484264e-02
5.857539e-01	5.527521e-01	2.268729e-02
4.991886e-01	5.567296e-01	-1.726264e-01
5.918872e-01	5.387470e-01	-1.408870e-01
5.066385e-01	5.550007e-01	-3.522166e-01
5.798614e-01	5.238964e-01	-2.724752e-01
5.041539e-01	5.554792e-01	-3.962017e-01
5.819885e-01	5.231310e-01	-3.047456e-01
5.141147e-01	5.511002e-01	-3.820437e-01
5.747172e-01	5.208419e-01	-3.047117e-01
5.182985e-01	5.475725e-01	-3.543498e-01
5.723090e-01	5.177191e-01	-2.783242e-01
5.156619e-01	2.957327e-01	-6.613920e-03
5.712489e-01	2.977344e-01	6.707153e-03
5.128570e-01	1.388142e-01	-3.847866e-02
5.927743e-01	1.556355e-01	-7.108597e-02
5.129356e-01	9.483441e-02	2.618042e-01
5.704552e-01	9.227479e-02	1.856418e-01
5.208859e-01	8.348633e-02	2.914622e-01
5.590136e-01	8.382952e-02	2.096057e-01
4.916041e-01	3.513237e-02	2.432570e-01
5.955316e-01	3.232884e-02	1.504756e-01
5.434529e-01	5.912937e-01	-1.697729e-01
5.372903e-01	6.101704e-01	-1.572344e-01
5.335943e-01	6.109267e-01	-1.572396e-01
5.300022e-01	6.115470e-01	-1.572116e-01
5.489715e-01	6.113451e-01	-1.580184e-01
5.528926e-01	6.129459e-01	-1.580296e-01
5.567949e-01	6.145471e-01	-1.579743e-01
5.241848e-01	6.153396e-01	-6.063144e-02
5.619846e-01	6.172721e-01	-6.376285e-02
5.365761e-01	5.742480e-01	-1.308578e-01
5.499911e-01	5.772319e-01	-1.312528e-01
5.055877e-01	5.585137e-01	-3.178047e-02
5.861154e-01	5.542901e-01	1.624288e-02
5.087613e-01	5.527340e-01	-1.704569e-01
5.915012e-01	4.966352e-01	8.647244e-02
5.317184e-01	5.543180e-01	-3.276578e-01
5.920652e-01	3.954391e-01	1.420964e-01
5.323073e-01	5.594659e-01	-3.665587e-01
6.029632e-01	3.620279e-01	1.407630e-01
5.420787e-01	5.630324e-01	-3.642790e-01
6.074256e-01	3.621407e-01	1.170606e-01
5.412586e-01	5.588726e-01	-3.330666e-01
5.982485e-01	3.660407e-01	1.332241e-01
5.150595e-01	2.963441e-01	-9.024041e-03
5.709821e-01	2.978474e-01	9.145157e-03
5.108771e-01	1.438180e-01	-3.389330e-02
5.926667e-01	1.592079e-01	-5.750893e-02
5.129911e-01	9.502371e-02	2.830078e-01
5.704601e-01	9.196853e-02	2.049765e-01
5.212045e-01	8.353332e-02	3.129078e-01
5.590406e-01	8.337852e-02	2.300181e-01
4.914981e-01	3.501192e-02	2.545072e-01
5.956378e-01	3.222257e-02	1.693911e-01
5.423677e-01	6.081161e-01	-2.042544e-01
5.362841e-01	6.279898e-01	-1.926780e-01
5.327985e-01	6.281180e-01	-1.926764e-01
5.289551e-01	6.278287e-01	-1.926361e-01
5.478716e-01	6.294122e-01	-1.961110e-01
5.520217e-01	6.305912e-01	-1.961077e-01
5.559231e-01	6.316090e-01	-1.960390e-01
5.236086e-01	6.278667e-01	-8.976355e-02
5.612302e-01	6.323404e-01	-1.062560e-01
5.357580e-01	5.905843e-01	-1.622940e-01
5.490588e-01	5.933130e-01	-1.663471e-01
5.038913e-01	5.659308e-01	-3.109990e-02
5.861393e-01	5.613842e-01	-1.474340e-02
5.085844e-01	5.286502e-01	-9.691908e-02
5.915645e-01	5.015639e-01	1.333006e-01
5.219835e-01	5.513685e-01	-2.307215e-01
5.943508e-01	4.259814e-01	2.670981e-01
5.155987e-01	5.574948e-01	-2.570783e-01
6.031807e-01	4.038886e-01	2.798981e-01
5.184464e-01	5.650502e-01	-2.710890e-01
6.024534e-01	4.046887e-01	2.599552e-01
5.264199e-01	5.600411e-01	-2.416636e-01
5.979079e-01	4.218482e-01	2.625977e-01
5.146171e-01	3.088943e-01	-7.888936e-03
5.699068e-01	3.097928e-01	8.022538e-03
5.087976e-01	1.657096e-01	-7.482973e-03
5.907344e-01	1.774609e-01	-8.704130e-03
5.130109e-01	9.503796e-02	2.839525e-01
5.704636e-01	9.166802e-02	2.473714e-01
5.214859e-01	8.323421e-02	3.106257e-01
5.593359e-01	8.214352e-02	2.678648e-01
4.911553e-01	3.500279e-02	2.488346e-01
5.959069e-01	3.222939e-02	1.768132e-01
5.405502e-01	6.312964e-01	-2.751291e-01
5.355128e-01	6.503187e-01	-2.648490e-01
5.322220e-01	6.507916e-01	-2.648618e-01
5.284979e-01	6.511199e-01	-2.648161e-01
5.465963e-01	6.509628e-01	-2.675463e-01
5.506545e-01	6.516811e-01	-2.675665e-01
5.544052e-01	6.521325e-01	-2.675391e-01
5.236161e-01	6.494420e-01	-1.591241e-01
5.602044e-01	6.505690e-01	-1.734570e-01
5.344739e-01	6.148812e-01	-2.319924e-01
5.472575e-01	6.158127e-01	-2.353121e-01
5.013828e-01	5.755394e-01	-6.232216e-02
5.861652e-01	5.724415e-01	-6.473736e-02
5.094917e-01	5.021847e-01	6.449080e-02
5.984920e-01	4.899340e-01	7.274119e-02
5.122449e-01	4.241402e-01	1.374041e-01
6.038558e-01	3.967085e-01	1.427523e-01
5.077004e-01	4.047331e-01	1.456778e-01
6.086047e-01	3.725392e-01	1.491462e-01
5.076930e-01	4.039886e-01	1.146573e-01
6.099046e-01	3.600934e-01	1.243505e-01
5.101193e-01	4.266380e-01	1.262398e-01
6.028479e-01	3.771828e-01	1.349755e-01
5.146217e-01	3.296396e-01	-2.882607e-03
5.690316e-01	3.296040e-01	2.827822e-03
5.087982e-01	1.880052e-01	1.633479e-03
5.886914e-01	1.974675e-01	-8.083143e-03
5.130132e-01	9.671208e-02	2.819174e-01
5.704697e-01	9.187508e-02	2.510298e-01
5.215338e-01	8.350856e-02	3.074520e-01
5.595560e-01	8.184106e-02	2.709535e-01
4.909837e-01	3.583466e-02	2.294470e-01
5.962690e-01	3.238927e-02	1.765967e-01
5.413872e-01	6.479771e-01	-2.970589e-01
5.358304e-01	6.681776e-01	-2.907241e-01
5.324000e-01	6.689659e-01	-2.907316e-01
5.287293e-01	6.696194e-01	-2.907010e-01
5.472537e-01	6.684580e-01	-2.914820e-01
5.510951e-01	6.693792e-01	-2.915016e-01
5.548316e-01	6.700869e-01	-2.914889e-01
5.237296e-01	6.682826e-01	-1.953287e-01
5.602190e-01	6.694385e-01	-2.016612e-01
5.348204e-01	6.332297e-01	-2.570912e-01
5.479095e-01	6.335125e-01	-2.580635e-01
5.008534e-01	5.925267e-01	-8.758608e-02
5.861920e-01	5.883811e-01	-8.520852e-02
5.102335e-01	5.082154e-01	8.085911e-02
5.992721e-01	4.960700e-01	9.189946e-02
5.123178e-01	4.343328e-01	2.171466e-01
6.058728e-01	4.272349e-01	2.159607e-01
5.103014e-01	4.162792e-01	2.402633e-01
6.089271e-01	3.819847e-01	2.352729e-01
5.100331e-01	4.154641e-01	2.100551e-01
6.080521e-01	4.036552e-01	2.137813e-01
5.122611e-01	4.190239e-01	2.088485e-01
6.045219e-01	4.057189e-01	2.115643e-01
5.153841e-01	3.519535e-01	1.408519e-03
5.686823e-01	3.536152e-01	-1.690515e-03
5.090436e-01	2.068031e-01	2.602732e-02
5.868162e-01	2.126752e-01	3.018101e-02
5.130067e-01	9.910841e-02	2.749606e-01
5.706857e-01	9.311691e-02	2.644043e-01
5.214921e-01	8.389102e-02	2.935809e-01
5.607656e-01	8.211406e-02	2.816108e-01
4.909770e-01	3.722441e-02	2.074509e-01
5.964504e-01	3.440489e-02	1.784176e-01
5.420076e-01	6.679254e-01	-3.186675e-01
5.360875e-01	6.897929e-01	-3.117730e-01
5.325274e-01	6.904399e-01	-3.117857e-01
5.288280e-01	6.909475e-01	-3.117696e-01
5.478079e-01	6.894878e-01	-3.126349e-01
5.515235e-01	6.901379e-01	-3.126627e-01
5.551804e-01	6.908182e-01	-3.126648e-01
5.237416e-01	6.879314e-01	-2.147439e-01
5.602361e-01	6.895744e-01	-2.211015e-01
5.351052e-01	6.515615e-01	-2.781637e-01
5.484471e-01	6.529067e-01	-2.791301e-01
5.004225e-01	6.031380e-01	-1.002121e-01
5.862126e-01	6.055917e-01	-1.036133e-01
5.097718e-01	5.076923e-01	7.450844e-02
5.992332e-01	5.138609e-01	7.651006e-02
5.101194e-01	4.321504e-01	2.141574e-01
6.076186e-01	4.397383e-01	1.871723e-01
5.112000e-01	4.002126e-01	2.379009e-01
6.109070e-01	4.096645e-01	2.033821e-01
5.101796e-01	4.002808e-01	2.055963e-01
6.079705e-01	4.171759e-01	1.794375e-01
5.139691e-01	4.148243e-01	2.054872e-01
6.034462e-01	4.231758e-01	1.815395e-01
5.154374e-01	3.624366e-01	3.271355e-03
5.683857e-01	3.638614e-01	-3.583033e-03
5.091946e-01	2.140674e-01	2.745864e-02
5.870695e-01	2.190820e-01	3.290094e-02
5.130261e-01	1.015951e-01	2.667439e-01
5.706875e-01	9.618436e-02	2.728805e-01
5.215539e-01	8.493117e-02	2.838346e-01
5.612371e-01	8.332627e-02	2.899904e-01
4.915114e-01	3.879544e-02	1.907946e-01
5.964437e-01	3.779792e-02	1.828457e-01
5.421153e-01	6.919039e-01	-3.538587e-01
5.361024e-01	7.121969e-01	-3.426811e-01
5.325333e-01	7.127370e-01	-3.426909e-01
5.288427e-01	7.130846e-01	-3.426440e-01
5.479795e-01	7.125670e-01	-3.432240e-01
5.516672e-01	7.135860e-01	-3.432546e-01
5.553603e-01	7.146890e-01	-3.432954e-01
5.236760e-01	7.108054e-01	-2.295967e-01
5.602504e-01	7.137079e-01	-2.340998e-01
5.351648e-01	6.740518e-01	-3.080415e-01
5.487596e-01	6.759143e-01	-3.085280e-01
4.995047e-01	6.251791e-01	-1.183024e-01
5.862510e-01	6.247900e-01	-1.125576e-01
5.050298e-01	5.137848e-01	2.618699e-03
5.995547e-01	5.284511e-01	4.512662e-02
5.069103e-01	4.320972e-01	2.958638e-02
6.084958e-01	4.434626e-01	1.013662e-01
5.088247e-01	4.026427e-01	3.132122e-02
6.131068e-01	4.103245e-01	1.064947e-01
5.090846e-01	4.029007e-01	3.752118e-04
6.095569e-01	4.116807e-01	7.972134e-02
5.135347e-01	4.165460e-01	1.777860e-02
6.043829e-01	4.222320e-01	9.311363e-02
5.157187e-01	3.830754e-01	2.875391e-03
5.683596e-01	3.855501e-01	-3.056326e-03
5.097173e-01	2.297840e-01	1.640590e-02
5.871619e-01	2.337546e-01	1.248164e-02
5.129166e-01	1.026450e-01	2.212862e-01
5.706896e-01	9.970785e-02	2.217244e-01
5.211361e-01	8.490242e-02	2.343481e-01
5.615811e-01	8.453656e-02	2.343781e-01
4.915070e-01	3.982214e-02	1.260444e-01
5.966159e-01	4.072958e-02	1.211806e-01
5.421444e-01	7.230663e-01	-3.100492e-01
5.361126e-01	7.419819e-01	-2.967798e-01
5.325124e-01	7.418972e-01	-2.967921e-01
5.287124e-01	7.417524e-01	-2.967348e-01
5.479982e-01	7.423387e-01	-2.956484e-01
5.516980e-01	7.428022e-01	-2.956921e-01
5.554026e-01	7.433536e-01	-2.957317e-01
5.231891e-01	7.362512e-01	-1.892808e-01
5.600652e-01	7.387641e-01	-1.842801e-01
5.351990e-01	7.027627e-01	-2.670764e-01
5.488200e-01	7.037743e-01	-2.649645e-01
4.969785e-01	6.396220e-01	-1.071930e-01
5.865844e-01	6.382791e-01	-8.926892e-02
4.999892e-01	5.289041e-01	-8.605114e-02
5.997254e-01	5.293824e-01	-1.452598e-02
5.076478e-01	4.325795e-01	-1.835317e-01
6.090600e-01	4.299783e-01	-7.628033e-02
5.089558e-01	4.027132e-01	-2.119190e-01
6.132008e-01	3.942266e-01	-9.729243e-02
5.103978e-01	4.051275e-01	-2.357474e-01
6.074027e-01	3.932875e-01	-1.286290e-01
5.140963e-01	4.192457e-01	-1.962927e-01
6.026504e-01	4.045403e-01	-9.008550e-02
5.165846e-01	3.901351e-01	-1.612332e-03
5.685577e-01	3.945715e-01	1.584537e-03
5.095428e-01	2.304303e-01	1.345610e-02
5.865227e-01	2.335577e-01	6.884017e-03
5.129189e-01	1.031984e-01	2.004024e-01
5.705594e-01	1.005728e-01	2.089844e-01
5.211985e-01	8.496451e-02	2.131857e-01
5.615330e-01	8.455857e-02	2.213140e-01
4.909239e-01	4.071642e-02	1.115874e-01
5.974331e-01	4.281982e-02	1.156323e-01
5.421692e-01	7.433558e-01	-3.283832e-01
5.361682e-01	7.622762e-01	-3.154458e-01
5.325165e-01	7.626170e-01	-3.154448e-01
5.287211e-01	7.629174e-01	-3.153676e-01
5.480596e-01	7.614604e-01	-3.133153e-01
5.517089e-01	7.616251e-01	-3.133807e-01
5.554280e-01	7.618713e-01	-3.134412e-01
5.227472e-01	7.569955e-01	-2.086798e-01
5.596281e-01	7.566451e-01	-1.983669e-01
5.352084e-01	7.236703e-01	-2.855753e-01
5.488430e-01	7.233676e-01	-2.822095e-01
4.944186e-01	6.531222e-01	-1.233580e-01
5.865241e-01	6.554006e-01	-1.034682e-01
4.955551e-01	5.369902e-01	-8.663929e-02
5.994837e-01	5.329769e-01	-4.819008e-02
5.024665e-01	4.272018e-01	-1.516531e-01
6.074265e-01	4.234947e-01	-1.230300e-01
5.044144e-01	3.948156e-01	-1.756286e-01
6.115492e-01	3.863723e-01	-1.464654e-01
5.066122e-01	3.987942e-01	-2.016545e-01
6.061996e-01	3.854519e-01	-1.786435e-01
5.107521e-01	4.125752e-01	-1.646005e-01
6.014344e-01	3.982979e-01	-1.377055e-01
5.165818e-01	4.016877e-01	-6.316660e-03
5.683607e-01	4.072553e-01	6.316981e-03
5.095083e-01	2.390204e-01	9.562322e-03
5.844109e-01	2.392898e-01	1.867958e-02
5.129005e-01	1.036080e-01	1.967768e-01
5.705376e-01	1.004425e-01	2.123225e-01
5.209947e-01	8.504787e-02	2.080280e-01
5.615695e-01	8.414385e-02	2.236106e-01
4.909201e-01	4.246323e-02	9.989037e-02
5.977761e-01	4.448154e-02	1.122157e-01
5.422412e-01	7.611696e-01	-3.237901e-01
5.363027e-01	7.798227e-01	-3.095513e-01
5.325512e-01	7.801383e-01	-3.095417e-01
5.287917e-01	7.803665e-01	-3.094474e-01
5.481259e-01	7.792215e-01	-3.069255e-01
5.517254e-01	7.794434e-01	-3.069891e-01
5.554522e-01	7.796555e-01	-3.069586e-01
5.227365e-01	7.736130e-01	-2.058267e-01
5.595182e-01	7.732502e-01	-1.939333e-01
5.352756e-01	7.407820e-01	-2.835299e-01
5.489349e-01	7.399116e-01	-2.797174e-01
4.936818e-01	6.635691e-01	-1.394532e-01
5.865203e-01	6.660663e-01	-1.063895e-01
4.909939e-01	5.369315e-01	-1.246747e-01
5.993239e-01	5.341270e-01	-7.003266e-02
4.952258e-01	4.160985e-01	-2.060024e-01
6.068937e-01	4.175571e-01	-1.591975e-01
4.937523e-01	3.823367e-01	-2.392416e-01
6.114756e-01	3.770557e-01	-1.893628e-01
5.006392e-01	3.831849e-01	-2.674281e-01
6.054983e-01	3.783362e-01	-2.222527e-01
5.048538e-01	3.961613e-01	-2.198383e-01
6.008450e-01	3.918029e-01	-1.746836e-01
5.166851e-01	4.116216e-01	-8.221427e-03
5.683652e-01	4.166368e-01	8.275629e-03
5.095091e-01	2.452295e-01	1.822269e-02
5.824143e-01	2.481601e-01	4.017453e-02
5.127874e-01	1.039102e-01	1.979384e-01
5.706650e-01	1.031726e-01	2.169175e-01
5.208305e-01	8.503769e-02	2.084129e-01
5.620165e-01	8.471005e-02	2.274223e-01
4.905966e-01	4.373004e-02	1.058195e-01
5.981077e-01	4.757166e-02	1.198254e-01
5.424145e-01	7.745028e-01	-3.302490e-01
5.365081e-01	7.933532e-01	-3.146311e-01
5.325965e-01	7.936885e-01	-3.146202e-01
5.288724e-01	7.938097e-01	-3.145237e-01
5.483149e-01	7.925045e-01	-3.128448e-01
5.519043e-01	7.926968e-01	-3.129148e-01
5.557469e-01	7.926724e-01	-3.128688e-01
5.227098e-01	7.862087e-01	-2.065780e-01
5.595477e-01	7.853755e-01	-1.985758e-01
5.353822e-01	7.530536e-01	-2.885637e-01
5.492044e-01	7.527379e-01	-2.859493e-01
4.934074e-01	6.707735e-01	-1.377032e-01
5.872126e-01	6.723942e-01	-1.140157e-01
4.910243e-01	5.368415e-01	-1.206488e-01
5.994499e-01	5.372759e-01	-8.320661e-02
4.924158e-01	4.151627e-01	-2.040422e-01
6.063795e-01	4.153503e-01	-1.762634e-01
4.891611e-01	3.768884e-01	-2.381357e-01
6.113373e-01	3.733863e-01	-2.084209e-01
4.972491e-01	3.782711e-01	-2.671181e-01
6.049997e-01	3.735703e-01	-2.407420e-01
5.022543e-01	3.920584e-01	-2.184167e-01
6.007382e-01	3.866373e-01	-1.915658e-01
5.166771e-01	4.179395e-01	-7.905830e-03
5.684011e-01	4.221211e-01	7.958370e-03
5.101001e-01	2.511063e-01	2.892488e-02
5.785503e-01	2.541564e-01	5.071868e-02
5.123426e-01	1.041194e-01	2.151643e-01
5.706878e-01	1.042885e-01	2.368842e-01
5.203668e-01	8.502324e-02	2.289267e-01
5.623144e-01	8.472344e-02	2.456277e-01
4.908331e-01	4.435676e-02	1.273763e-01
5.980209e-01	4.847395e-02	1.329161e-01
5.432996e-01	7.737668e-01	-3.440513e-01
5.370723e-01	7.941872e-01	-3.283038e-01
5.329339e-01	7.946460e-01	-3.282981e-01
5.292116e-01	7.950963e-01	-3.282077e-01
5.488968e-01	7.935913e-01	-3.265699e-01
5.525829e-01	7.938120e-01	-3.266360e-01
5.564475e-01	7.941425e-01	-3.265833e-01
5.227575e-01	7.894585e-01	-2.162617e-01
5.596062e-01	7.881573e-01	-2.081110e-01
5.358476e-01	7.543563e-01	-3.004546e-01
5.498122e-01	7.537208e-01	-2.978220e-01
4.930167e-01	6.760224e-01	-1.398617e-01
5.874764e-01	6.784762e-01	-1.207284e-01
4.915301e-01	5.374671e-01	-1.202742e-01
5.993955e-01	5.397494e-01	-8.669589e-02
4.920995e-01	4.174605e-01	-2.090157e-01
6.061393e-01	4.140312e-01	-1.822280e-01
4.889647e-01	3.769223e-01	-2.438919e-01
6.108629e-01	3.744478e-01	-2.146836e-01
4.972321e-01	3.779625e-01	-2.736139e-01
6.037294e-01	3.743287e-01	-2.483839e-01
5.025588e-01	3.912341e-01	-2.237770e-01
5.987968e-01	3.870381e-01	-1.979545e-01
5.166718e-01	4.223307e-01	-7.625594e-03
5.684637e-01	4.258303e-01	7.656110e-03
5.101682e-01	2.546116e-01	2.371081e-02
5.783971e-01	2.580363e-01	4.481632e-02
5.116378e-01	1.043744e-01	2.125179e-01
5.707675e-01	1.063205e-01	2.388354e-01
5.197896e-01	8.499541e-02	2.242454e-01
5.628477e-01	8.598179e-02	2.483090e-01
4.908131e-01	4.417482e-02	1.161463e-01
5.978335e-01	4.870578e-02	1.371471e-01
5.433086e-01	7.842710e-01	-3.555081e-01
5.371586e-01	8.027499e-01	-3.386069e-01
5.329383e-01	8.032053e-01	-3.386042e-01
5.292479e-01	8.036746e-01	-3.385215e-01
5.490275e-01	8.016859e-01	-3.381101e-01
5.527965e-01	8.012667e-01	-3.381930e-01
5.567943e-01	8.011928e-01	-3.381537e-01
5.227594e-01	7.959404e-01	-2.214844e-01
5.598528e-01	7.929373e-01	-2.188491e-01
5.358116e-01	7.634065e-01	-3.101314e-01
5.498908e-01	7.626718e-01	-3.091053e-01
4.920085e-01	6.793306e-01	-1.383952e-01
5.883042e-01	6.790824e-01	-1.340335e-01
4.911824e-01	5.381139e-01	-1.134487e-01
5.992729e-01	5.395058e-01	-1.006355e-01
4.915562e-01	4.160925e-01	-2.026413e-01
6.058978e-01	4.118664e-01	-1.978687e-01
4.888541e-01	3.758785e-01	-2.373448e-01
6.107623e-01	3.740341e-01	-2.315328e-01
4.962627e-01	3.769405e-01	-2.672263e-01
6.018926e-01	3.741158e-01	-2.661418e-01
5.016597e-01	3.901652e-01	-2.177509e-01
5.968671e-01	3.866960e-01	-2.139880e-01
5.164161e-01	4.251451e-01	-5.793320e-03
5.689211e-01	4.273393e-01	5.865501e-03
5.102847e-01	2.565430e-01	3.671624e-02
5.769426e-01	2.610847e-01	5.051138e-02
5.111063e-01	1.050596e-01	2.384015e-01
5.707691e-01	1.064820e-01	2.568429e-01
5.194818e-01	8.485974e-02	2.502327e-01
5.631515e-01	8.609008e-02	2.689245e-01
4.904797e-01	4.406922e-02	1.188708e-01
5.970338e-01	4.825470e-02	1.472483e-01
5.437728e-01	7.828324e-01	-3.573943e-01
5.374373e-01	8.021915e-01	-3.409150e-01
5.330597e-01	8.025515e-01	-3.409191e-01
5.293601e-01	8.026998e-01	-3.408427e-01
5.494413e-01	8.016512e-01	-3.395111e-01
5.535137e-01	8.015205e-01	-3.395932e-01
5.574703e-01	8.009173e-01	-3.395753e-01
5.227624e-01	7.955252e-01	-2.245421e-01
5.602626e-01	7.922438e-01	-2.176597e-01
5.358425e-01	7.633231e-01	-3.121788e-01
5.501996e-01	7.623152e-01	-3.098463e-01
4.905661e-01	6.780320e-01	-1.406095e-01
5.886014e-01	6.778588e-01	-1.293144e-01
4.910972e-01	5.398434e-01	-1.154754e-01
5.990354e-01	5.395321e-01	-8.842935e-02
4.925729e-01	4.163739e-01	-2.026223e-01
6.053138e-01	4.114009e-01	-1.813750e-01
4.897428e-01	3.773173e-01	-2.365824e-01
6.104296e-01	3.740269e-01	-2.130322e-01
4.963081e-01	3.776300e-01	-2.651258e-01
6.006356e-01	3.743303e-01	-2.474618e-01
5.012782e-01	3.916008e-01	-2.172703e-01
5.955337e-01	3.871254e-01	-1.973461e-01
5.161919e-01	4.228083e-01	-5.787009e-03
5.690674e-01	4.255289e-01	5.855585e-03
5.106006e-01	2.552222e-01	3.262340e-02
5.753033e-01	2.599529e-01	4.853655e-02
5.107254e-01	1.059962e-01	2.433215e-01
5.707728e-01	1.064838e-01	2.600954e-01
5.189750e-01	8.485600e-02	2.563966e-01
5.633597e-01	8.633945e-02	2.732053e-01
4.903881e-01	4.396043e-02	1.193019e-01
5.970352e-01	4.804069e-02	1.534748e-01
5.436281e-01	7.810673e-01	-3.466087e-01
5.373891e-01	7.999762e-01	-3.296915e-01
5.329375e-01	8.002754e-01	-3.296944e-01
5.293315e-01	8.004121e-01	-3.296204e-01
5.494323e-01	7.993701e-01	-3.282859e-01
5.535102e-01	7.991179e-01	-3.283621e-01
5.574955e-01	7.985007e-01	-3.283178e-01
5.227631e-01	7.927854e-01	-2.146256e-01
5.604351e-01	7.897545e-01	-2.083855e-01
5.356574e-01	7.619956e-01	-3.022842e-01
5.501864e-01	7.605743e-01	-3.001213e-01
4.908565e-01	6.745408e-01	-1.403552e-01
5.889579e-01	6.764405e-01	-1.205747e-01
4.911877e-01	5.395526e-01	-1.229116e-01
5.987335e-01	5.402449e-01	-8.182322e-02
4.913771e-01	4.139873e-01	-2.155997e-01
6.036832e-01	4.131514e-01	-1.793666e-01
4.883665e-01	3.730831e-01	-2.527435e-01
6.086408e-01	3.760776e-01	-2.127436e-01
4.952768e-01	3.749135e-01	-2.822974e-01
5.992230e-01	3.760786e-01	-2.474270e-01
5.000950e-01	3.894855e-01	-2.306602e-01
5.941123e-01	3.890943e-01	-1.957561e-01
5.161394e-01	4.197940e-01	-6.759129e-03
5.690547e-01	4.221597e-01	6.845498e-03
5.111226e-01	2.537982e-01	3.331378e-02
5.752958e-01	2.594346e-01	5.417870e-02
5.105926e-01	1.059609e-01	2.459099e-01
5.707743e-01	1.068541e-01	2.704795e-01
5.185009e-01	8.473532e-02	2.595319e-01
5.634437e-01	8.706871e-02	2.844527e-01
4.903820e-01	4.378872e-02	1.290015e-01
5.971023e-01	4.808683e-02	1.698065e-01
5.436972e-01	7.800319e-01	-3.347996e-01
5.374330e-01	7.985845e-01	-3.187391e-01
5.329404e-01	7.988645e-01	-3.187407e-01
5.293450e-01	7.989631e-01	-3.186685e-01
5.494992e-01	7.979058e-01	-3.178409e-01
5.537115e-01	7.975481e-01	-3.179056e-01
5.577160e-01	7.969744e-01	-3.178756e-01
5.227855e-01	7.910239e-01	-2.068500e-01
5.607203e-01	7.885057e-01	-2.031625e-01
5.356617e-01	7.608418e-01	-2.914562e-01
5.503042e-01	7.593641e-01	-2.892391e-01
4.911782e-01	6.707824e-01	-1.376483e-01
5.889851e-01	6.752361e-01	-1.175519e-01
4.915802e-01	5.372943e-01	-1.347702e-01
5.983567e-01	5.404161e-01	-7.444917e-02
4.906065e-01	4.112287e-01	-2.398602e-01
6.006569e-01	4.149682e-01	-1.738737e-01
4.874938e-01	3.700969e-01	-2.804059e-01
6.052977e-01	3.784660e-01	-2.086708e-01
4.944831e-01	3.727621e-01	-3.099388e-01
5.960894e-01	3.785010e-01	-2.424664e-01
4.988927e-01	3.876253e-01	-2.551957e-01
5.912598e-01	3.910812e-01	-1.902299e-01
5.159891e-01	4.175624e-01	-9.141365e-03
5.686223e-01	4.194862e-01	9.256886e-03
5.115381e-01	2.513060e-01	2.990508e-02
5.758268e-01	2.600817e-01	4.832372e-02
5.104923e-01	1.057416e-01	2.448769e-01
5.707906e-01	1.070658e-01	2.680227e-01
5.180435e-01	8.395798e-02	2.590440e-01
5.634912e-01	8.765551e-02	2.825610e-01
4.903858e-01	4.358329e-02	1.311084e-01
5.973091e-01	4.808182e-02	1.714281e-01
5.437238e-01	7.808961e-01	-3.290733e-01
5.374581e-01	7.996987e-01	-3.095976e-01
5.329432e-01	7.999321e-01	-3.096023e-01
5.293511e-01	7.998733e-01	-3.095242e-01
5.495244e-01	7.994674e-01	-3.073528e-01
5.537851e-01	7.993082e-01	-3.074261e-01
5.578049e-01	7.986235e-01	-3.073460e-01
5.228186e-01	7.923646e-01	-1.977409e-01
5.609266e-01	7.900169e-01	-1.885826e-01
5.356664e-01	7.619258e-01	-2.882003e-01
5.503628e-01	7.604851e-01	-2.841658e-01
4.913587e-01	6.711626e-01	-1.329765e-01
5.891796e-01	6.757778e-01	-1.066267e-01
4.915790e-01	5.377872e-01	-1.278574e-01
5.981705e-01	5.412146e-01	-7.049063e-02
4.904700e-01	4.140325e-01	-2.247495e-01
5.991856e-01	4.161245e-01	-1.655873e-01
4.875296e-01	3.729214e-01	-2.633387e-01
6.033396e-01	3.800646e-01	-1.994624e-01
4.947957e-01	3.755853e-01	-2.924096e-01
5.944464e-01	3.801093e-01	-2.327398e-01
4.991599e-01	3.901527e-01	-2.395514e-01
5.899144e-01	3.923874e-01	-1.816219e-01
5.159889e-01	4.182110e-01	-9.545775e-03
5.683843e-01	4.199611e-01	9.662977e-03
5.118548e-01	2.511213e-01	2.905001e-02
5.762050e-01	2.604952e-01	4.700915e-02
5.104567e-01	1.056206e-01	2.361622e-01
5.708019e-01	1.069452e-01	2.670737e-01
5.177599e-01	8.337504e-02	2.488395e-01
5.635768e-01	8.767445e-02	2.795558e-01
4.904343e-01	4.352733e-02	1.343061e-01
5.974346e-01	4.811053e-02	1.649366e-01
5.437292e-01	7.813278e-01	-3.295735e-01
5.374741e-01	8.006479e-01	-3.113483e-01
5.329466e-01	8.009043e-01	-3.113492e-01
5.293660e-01	8.008144e-01	-3.112710e-01
5.495316e-01	8.003808e-01	-3.098291e-01
5.538003e-01	8.003297e-01	-3.099010e-01
5.578278e-01	7.996268e-01	-3.098156e-01
5.229921e-01	7.935743e-01	-1.994547e-01
5.610119e-01	7.910755e-01	-1.933212e-01
5.356713e-01	7.625430e-01	-2.877702e-01
5.503867e-01	7.612582e-01	-2.853856e-01
4.914393e-01	6.717773e-01	-1.347482e-01
5.896754e-01	6.765026e-01	-1.115097e-01
4.915065e-01	5.377226e-01	-1.238254e-01
5.981425e-01	5.416602e-01	-7.914783e-02
4.898528e-01	4.157017e-01	-2.160596e-01
5.983216e-01	4.167350e-01	-1.765209e-01
4.856535e-01	3.749225e-01	-2.533577e-01
6.021582e-01	3.809844e-01	-2.105385e-01
4.931868e-01	3.770353e-01	-2.831647e-01
5.933937e-01	3.810091e-01	-2.438647e-01
4.977815e-01	3.914275e-01	-2.309959e-01
5.890194e-01	3.929960e-01	-1.924174e-01
5.159804e-01	4.210148e-01	-9.239110e-03
5.682611e-01	4.232709e-01	9.375609e-03
5.118843e-01	2.513119e-01	3.281381e-02
5.754597e-01	2.617708e-01	4.820592e-02
5.105411e-01	1.055513e-01	2.331335e-01
5.708147e-01	1.068422e-01	2.577506e-01
5.177823e-01	8.291486e-02	2.451772e-01
5.637673e-01	8.765755e-02	2.682701e-01
4.904466e-01	4.346501e-02	1.353387e-01
5.974804e-01	4.807142e-02	1.535874e-01
